72,1,-1,0.25,1,-0.5
15,1,-1,0.25,1,-1
24,1,-1,0.25,1,-1.5
20,1,-1,0.25,1,-2
42,1,-1,0.25,2,-0.5
36,1,-1,0.25,2,-1
33,1,-1,0.25,2,-1.5
20,1,-1,0.25,2,-2
47,1,-1,0.25,3,-0.5
50,1,-1,0.25,3,-1
37,1,-1,0.25,3,-1.5
51,1,-1,0.25,3,-2
110,1,-1,0.25,4,-0.5
58,1,-1,0.25,4,-1
37,1,-1,0.25,4,-1.5
46,1,-1,0.25,4,-2
71,1,-1,0.25,5,-0.5
51,1,-1,0.25,5,-1
47,1,-1,0.25,5,-1.5
47,1,-1,0.25,5,-2
61,1,-1,0.75,1,-0.5
45,1,-1,0.75,1,-1
45,1,-1,0.75,1,-1.5
53,1,-1,0.75,1,-2
37,1,-1,0.75,2,-0.5
41,1,-1,0.75,2,-1
44,1,-1,0.75,2,-1.5
59,1,-1,0.75,2,-2
55,1,-1,0.75,3,-0.5
53,1,-1,0.75,3,-1
53,1,-1,0.75,3,-1.5
47,1,-1,0.75,3,-2
47,1,-1,0.75,4,-0.5
52,1,-1,0.75,4,-1
60,1,-1,0.75,4,-1.5
49,1,-1,0.75,4,-2
69,1,-1,0.75,5,-0.5
41,1,-1,0.75,5,-1
68,1,-1,0.75,5,-1.5
67,1,-1,0.75,5,-2
122,1,-1,1.25,1,-0.5
92,1,-1,1.25,1,-1
60,1,-1,1.25,1,-1.5
84,1,-1,1.25,1,-2
105,1,-1,1.25,2,-0.5
83,1,-1,1.25,2,-1
72,1,-1,1.25,2,-1.5
71,1,-1,1.25,2,-2
130,1,-1,1.25,3,-0.5
74,1,-1,1.25,3,-1
100,1,-1,1.25,3,-1.5
78,1,-1,1.25,3,-2
112,1,-1,1.25,4,-0.5
62,1,-1,1.25,4,-1
92,1,-1,1.25,4,-1.5
86,1,-1,1.25,4,-2
128,1,-1,1.25,5,-0.5
97,1,-1,1.25,5,-1
99,1,-1,1.25,5,-1.5
106,1,-1,1.25,5,-2
150,1,-1,1.75,1,-0.5
134,1,-1,1.75,1,-1
134,1,-1,1.75,1,-1.5
114,1,-1,1.75,1,-2
148,1,-1,1.75,2,-0.5
135,1,-1,1.75,2,-1
108,1,-1,1.75,2,-1.5
117,1,-1,1.75,2,-2
160,1,-1,1.75,3,-0.5
125,1,-1,1.75,3,-1
105,1,-1,1.75,3,-1.5
100,1,-1,1.75,3,-2
137,1,-1,1.75,4,-0.5
87,1,-1,1.75,4,-1
125,1,-1,1.75,4,-1.5
115,1,-1,1.75,4,-2
162,1,-1,1.75,5,-0.5
115,1,-1,1.75,5,-1
148,1,-1,1.75,5,-1.5
99,1,-1,1.75,5,-2
66,1,-2,0.25,1,-0.5
28,1,-2,0.25,1,-1
20,1,-2,0.25,1,-1.5
30,1,-2,0.25,1,-2
36,1,-2,0.25,2,-0.5
28,1,-2,0.25,2,-1
63,1,-2,0.25,2,-1.5
64,1,-2,0.25,2,-2
77,1,-2,0.25,3,-0.5
93,1,-2,0.25,3,-1
30,1,-2,0.25,3,-1.5
42,1,-2,0.25,3,-2
33,1,-2,0.25,4,-0.5
54,1,-2,0.25,4,-1
55,1,-2,0.25,4,-1.5
24,1,-2,0.25,4,-2
249,1,-2,0.25,5,-0.5
93,1,-2,0.25,5,-1
123,1,-2,0.25,5,-1.5
54,1,-2,0.25,5,-2
28,1,-2,0.75,1,-0.5
78,1,-2,0.75,1,-1
40,1,-2,0.75,1,-1.5
20,1,-2,0.75,1,-2
14,1,-2,0.75,2,-0.5
31,1,-2,0.75,2,-1
23,1,-2,0.75,2,-1.5
20,1,-2,0.75,2,-2
31,1,-2,0.75,3,-0.5
21,1,-2,0.75,3,-1
31,1,-2,0.75,3,-1.5
24,1,-2,0.75,3,-2
43,1,-2,0.75,4,-0.5
29,1,-2,0.75,4,-1
29,1,-2,0.75,4,-1.5
34,1,-2,0.75,4,-2
35,1,-2,0.75,5,-0.5
38,1,-2,0.75,5,-1
56,1,-2,0.75,5,-1.5
53,1,-2,0.75,5,-2
65,1,-2,1.25,1,-0.5
48,1,-2,1.25,1,-1
39,1,-2,1.25,1,-1.5
47,1,-2,1.25,1,-2
51,1,-2,1.25,2,-0.5
46,1,-2,1.25,2,-1
59,1,-2,1.25,2,-1.5
53,1,-2,1.25,2,-2
48,1,-2,1.25,3,-0.5
63,1,-2,1.25,3,-1
35,1,-2,1.25,3,-1.5
25,1,-2,1.25,3,-2
57,1,-2,1.25,4,-0.5
48,1,-2,1.25,4,-1
48,1,-2,1.25,4,-1.5
39,1,-2,1.25,4,-2
50,1,-2,1.25,5,-0.5
59,1,-2,1.25,5,-1
55,1,-2,1.25,5,-1.5
60,1,-2,1.25,5,-2
104,1,-2,1.75,1,-0.5
67,1,-2,1.75,1,-1
68,1,-2,1.75,1,-1.5
66,1,-2,1.75,1,-2
80,1,-2,1.75,2,-0.5
97,1,-2,1.75,2,-1
94,1,-2,1.75,2,-1.5
76,1,-2,1.75,2,-2
103,1,-2,1.75,3,-0.5
72,1,-2,1.75,3,-1
60,1,-2,1.75,3,-1.5
87,1,-2,1.75,3,-2
96,1,-2,1.75,4,-0.5
69,1,-2,1.75,4,-1
63,1,-2,1.75,4,-1.5
67,1,-2,1.75,4,-2
89,1,-2,1.75,5,-0.5
88,1,-2,1.75,5,-1
87,1,-2,1.75,5,-1.5
72,1,-2,1.75,5,-2
357,1,-3,0.25,1,-0.5
167,1,-3,0.25,1,-1
62,1,-3,0.25,1,-1.5
30,1,-3,0.25,1,-2
357,1,-3,0.25,2,-0.5
110,1,-3,0.25,2,-1
101,1,-3,0.25,2,-1.5
58,1,-3,0.25,2,-2
378,1,-3,0.25,3,-0.5
88,1,-3,0.25,3,-1
128,1,-3,0.25,3,-1.5
60,1,-3,0.25,3,-2
378,1,-3,0.25,4,-0.5
22,1,-3,0.25,4,-1
538,1,-3,0.25,4,-1.5
73,1,-3,0.25,4,-2
348,1,-3,0.25,5,-0.5
288,1,-3,0.25,5,-1
538,1,-3,0.25,5,-1.5
60,1,-3,0.25,5,-2
20,1,-3,0.75,1,-0.5
32,1,-3,0.75,1,-1
20,1,-3,0.75,1,-1.5
18,1,-3,0.75,1,-2
26,1,-3,0.75,2,-0.5
17,1,-3,0.75,2,-1
17,1,-3,0.75,2,-1.5
23,1,-3,0.75,2,-2
41,1,-3,0.75,3,-0.5
30,1,-3,0.75,3,-1
18,1,-3,0.75,3,-1.5
57,1,-3,0.75,3,-2
19,1,-3,0.75,4,-0.5
29,1,-3,0.75,4,-1
32,1,-3,0.75,4,-1.5
33,1,-3,0.75,4,-2
32,1,-3,0.75,5,-0.5
17,1,-3,0.75,5,-1
20,1,-3,0.75,5,-1.5
25,1,-3,0.75,5,-2
33,1,-3,1.25,1,-0.5
39,1,-3,1.25,1,-1
26,1,-3,1.25,1,-1.5
38,1,-3,1.25,1,-2
19,1,-3,1.25,2,-0.5
34,1,-3,1.25,2,-1
36,1,-3,1.25,2,-1.5
24,1,-3,1.25,2,-2
39,1,-3,1.25,3,-0.5
36,1,-3,1.25,3,-1
18,1,-3,1.25,3,-1.5
21,1,-3,1.25,3,-2
53,1,-3,1.25,4,-0.5
37,1,-3,1.25,4,-1
35,1,-3,1.25,4,-1.5
39,1,-3,1.25,4,-2
26,1,-3,1.25,5,-0.5
52,1,-3,1.25,5,-1
104,1,-3,1.25,5,-1.5
37,1,-3,1.25,5,-2
101,1,-3,1.75,1,-0.5
82,1,-3,1.75,1,-1
54,1,-3,1.75,1,-1.5
55,1,-3,1.75,1,-2
70,1,-3,1.75,2,-0.5
30,1,-3,1.75,2,-1
43,1,-3,1.75,2,-1.5
33,1,-3,1.75,2,-2
96,1,-3,1.75,3,-0.5
78,1,-3,1.75,3,-1
60,1,-3,1.75,3,-1.5
46,1,-3,1.75,3,-2
63,1,-3,1.75,4,-0.5
67,1,-3,1.75,4,-1
45,1,-3,1.75,4,-1.5
44,1,-3,1.75,4,-2
71,1,-3,1.75,5,-0.5
73,1,-3,1.75,5,-1
40,1,-3,1.75,5,-1.5
51,1,-3,1.75,5,-2
46,1,-4,0.25,1,-0.5
143,1,-4,0.25,1,-1
119,1,-4,0.25,1,-1.5
205,1,-4,0.25,1,-2
334,1,-4,0.25,2,-0.5
62,1,-4,0.25,2,-1
59,1,-4,0.25,2,-1.5
290,1,-4,0.25,2,-2
97,1,-4,0.25,3,-0.5
67,1,-4,0.25,3,-1
47,1,-4,0.25,3,-1.5
491,1,-4,0.25,3,-2
23,1,-4,0.25,4,-0.5
242,1,-4,0.25,4,-1
43,1,-4,0.25,4,-1.5
18,1,-4,0.25,4,-2
30,1,-4,0.25,5,-0.5
113,1,-4,0.25,5,-1
526,1,-4,0.25,5,-1.5
535,1,-4,0.25,5,-2
128,1,-4,0.75,1,-0.5
97,1,-4,0.75,1,-1
48,1,-4,0.75,1,-1.5
41,1,-4,0.75,1,-2
33,1,-4,0.75,2,-0.5
35,1,-4,0.75,2,-1
46,1,-4,0.75,2,-1.5
65,1,-4,0.75,2,-2
49,1,-4,0.75,3,-0.5
57,1,-4,0.75,3,-1
23,1,-4,0.75,3,-1.5
77,1,-4,0.75,3,-2
18,1,-4,0.75,4,-0.5
26,1,-4,0.75,4,-1
19,1,-4,0.75,4,-1.5
20,1,-4,0.75,4,-2
44,1,-4,0.75,5,-0.5
26,1,-4,0.75,5,-1
48,1,-4,0.75,5,-1.5
21,1,-4,0.75,5,-2
27,1,-4,1.25,1,-0.5
54,1,-4,1.25,1,-1
62,1,-4,1.25,1,-1.5
17,1,-4,1.25,1,-2
25,1,-4,1.25,2,-0.5
76,1,-4,1.25,2,-1
23,1,-4,1.25,2,-1.5
22,1,-4,1.25,2,-2
30,1,-4,1.25,3,-0.5
26,1,-4,1.25,3,-1
35,1,-4,1.25,3,-1.5
45,1,-4,1.25,3,-2
24,1,-4,1.25,4,-0.5
28,1,-4,1.25,4,-1
26,1,-4,1.25,4,-1.5
24,1,-4,1.25,4,-2
52,1,-4,1.25,5,-0.5
40,1,-4,1.25,5,-1
63,1,-4,1.25,5,-1.5
54,1,-4,1.25,5,-2
45,1,-4,1.75,1,-0.5
50,1,-4,1.75,1,-1
52,1,-4,1.75,1,-1.5
29,1,-4,1.75,1,-2
53,1,-4,1.75,2,-0.5
31,1,-4,1.75,2,-1
65,1,-4,1.75,2,-1.5
41,1,-4,1.75,2,-2
39,1,-4,1.75,3,-0.5
50,1,-4,1.75,3,-1
28,1,-4,1.75,3,-1.5
32,1,-4,1.75,3,-2
28,1,-4,1.75,4,-0.5
34,1,-4,1.75,4,-1
31,1,-4,1.75,4,-1.5
44,1,-4,1.75,4,-2
33,1,-4,1.75,5,-0.5
31,1,-4,1.75,5,-1
48,1,-4,1.75,5,-1.5
37,1,-4,1.75,5,-2
93,1,-5,0.25,1,-0.5
495,1,-5,0.25,1,-1
203,1,-5,0.25,1,-1.5
480,1,-5,0.25,1,-2
84,1,-5,0.25,2,-0.5
237,1,-5,0.25,2,-1
57,1,-5,0.25,2,-1.5
21,1,-5,0.25,2,-2
192,1,-5,0.25,3,-0.5
151,1,-5,0.25,3,-1
345,1,-5,0.25,3,-1.5
131,1,-5,0.25,3,-2
103,1,-5,0.25,4,-0.5
292,1,-5,0.25,4,-1
171,1,-5,0.25,4,-1.5
39,1,-5,0.25,4,-2
74,1,-5,0.25,5,-0.5
251,1,-5,0.25,5,-1
68,1,-5,0.25,5,-1.5
26,1,-5,0.25,5,-2
49,1,-5,0.75,1,-0.5
86,1,-5,0.75,1,-1
49,1,-5,0.75,1,-1.5
44,1,-5,0.75,1,-2
64,1,-5,0.75,2,-0.5
34,1,-5,0.75,2,-1
20,1,-5,0.75,2,-1.5
38,1,-5,0.75,2,-2
81,1,-5,0.75,3,-0.5
34,1,-5,0.75,3,-1
75,1,-5,0.75,3,-1.5
29,1,-5,0.75,3,-2
51,1,-5,0.75,4,-0.5
62,1,-5,0.75,4,-1
75,1,-5,0.75,4,-1.5
34,1,-5,0.75,4,-2
81,1,-5,0.75,5,-0.5
87,1,-5,0.75,5,-1
32,1,-5,0.75,5,-1.5
117,1,-5,0.75,5,-2
33,1,-5,1.25,1,-0.5
49,1,-5,1.25,1,-1
65,1,-5,1.25,1,-1.5
18,1,-5,1.25,1,-2
67,1,-5,1.25,2,-0.5
36,1,-5,1.25,2,-1
56,1,-5,1.25,2,-1.5
20,1,-5,1.25,2,-2
36,1,-5,1.25,3,-0.5
64,1,-5,1.25,3,-1
58,1,-5,1.25,3,-1.5
96,1,-5,1.25,3,-2
24,1,-5,1.25,4,-0.5
75,1,-5,1.25,4,-1
59,1,-5,1.25,4,-1.5
22,1,-5,1.25,4,-2
52,1,-5,1.25,5,-0.5
51,1,-5,1.25,5,-1
53,1,-5,1.25,5,-1.5
22,1,-5,1.25,5,-2
70,1,-5,1.75,1,-0.5
41,1,-5,1.75,1,-1
33,1,-5,1.75,1,-1.5
22,1,-5,1.75,1,-2
41,1,-5,1.75,2,-0.5
28,1,-5,1.75,2,-1
172,1,-5,1.75,2,-1.5
22,1,-5,1.75,2,-2
48,1,-5,1.75,3,-0.5
39,1,-5,1.75,3,-1
182,1,-5,1.75,3,-1.5
31,1,-5,1.75,3,-2
64,1,-5,1.75,4,-0.5
24,1,-5,1.75,4,-1
191,1,-5,1.75,4,-1.5
49,1,-5,1.75,4,-2
41,1,-5,1.75,5,-0.5
32,1,-5,1.75,5,-1
20,1,-5,1.75,5,-1.5
27,1,-5,1.75,5,-2
72,2,-1,0.25,1,-0.5
69,2,-1,0.25,1,-1
40,2,-1,0.25,1,-1.5
61,2,-1,0.25,1,-2
184,2,-1,0.25,2,-0.5
60,2,-1,0.25,2,-1
66,2,-1,0.25,2,-1.5
26,2,-1,0.25,2,-2
63,2,-1,0.25,3,-0.5
82,2,-1,0.25,3,-1
44,2,-1,0.25,3,-1.5
55,2,-1,0.25,3,-2
35,2,-1,0.25,4,-0.5
33,2,-1,0.25,4,-1
32,2,-1,0.25,4,-1.5
22,2,-1,0.25,4,-2
68,2,-1,0.25,5,-0.5
111,2,-1,0.25,5,-1
40,2,-1,0.25,5,-1.5
47,2,-1,0.25,5,-2
42,2,-1,0.75,1,-0.5
26,2,-1,0.75,1,-1
34,2,-1,0.75,1,-1.5
48,2,-1,0.75,1,-2
39,2,-1,0.75,2,-0.5
58,2,-1,0.75,2,-1
55,2,-1,0.75,2,-1.5
14,2,-1,0.75,2,-2
48,2,-1,0.75,3,-0.5
35,2,-1,0.75,3,-1
31,2,-1,0.75,3,-1.5
37,2,-1,0.75,3,-2
75,2,-1,0.75,4,-0.5
20,2,-1,0.75,4,-1
50,2,-1,0.75,4,-1.5
38,2,-1,0.75,4,-2
49,2,-1,0.75,5,-0.5
27,2,-1,0.75,5,-1
27,2,-1,0.75,5,-1.5
27,2,-1,0.75,5,-2
96,2,-1,1.25,1,-0.5
90,2,-1,1.25,1,-1
78,2,-1,1.25,1,-1.5
82,2,-1,1.25,1,-2
60,2,-1,1.25,2,-0.5
71,2,-1,1.25,2,-1
61,2,-1,1.25,2,-1.5
60,2,-1,1.25,2,-2
82,2,-1,1.25,3,-0.5
49,2,-1,1.25,3,-1
61,2,-1,1.25,3,-1.5
70,2,-1,1.25,3,-2
67,2,-1,1.25,4,-0.5
55,2,-1,1.25,4,-1
47,2,-1,1.25,4,-1.5
49,2,-1,1.25,4,-2
78,2,-1,1.25,5,-0.5
68,2,-1,1.25,5,-1
63,2,-1,1.25,5,-1.5
52,2,-1,1.25,5,-2
134,2,-1,1.75,1,-0.5
108,2,-1,1.75,1,-1
98,2,-1,1.75,1,-1.5
109,2,-1,1.75,1,-2
126,2,-1,1.75,2,-0.5
104,2,-1,1.75,2,-1
67,2,-1,1.75,2,-1.5
109,2,-1,1.75,2,-2
129,2,-1,1.75,3,-0.5
89,2,-1,1.75,3,-1
95,2,-1,1.75,3,-1.5
91,2,-1,1.75,3,-2
123,2,-1,1.75,4,-0.5
90,2,-1,1.75,4,-1
89,2,-1,1.75,4,-1.5
96,2,-1,1.75,4,-2
111,2,-1,1.75,5,-0.5
92,2,-1,1.75,5,-1
85,2,-1,1.75,5,-1.5
95,2,-1,1.75,5,-2
96,2,-2,0.25,1,-0.5
21,2,-2,0.25,1,-1
488,2,-2,0.25,1,-1.5
68,2,-2,0.25,1,-2
208,2,-2,0.25,2,-0.5
85,2,-2,0.25,2,-1
488,2,-2,0.25,2,-1.5
158,2,-2,0.25,2,-2
42,2,-2,0.25,3,-0.5
16,2,-2,0.25,3,-1
75,2,-2,0.25,3,-1.5
54,2,-2,0.25,3,-2
102,2,-2,0.25,4,-0.5
48,2,-2,0.25,4,-1
39,2,-2,0.25,4,-1.5
48,2,-2,0.25,4,-2
36,2,-2,0.25,5,-0.5
44,2,-2,0.25,5,-1
42,2,-2,0.25,5,-1.5
24,2,-2,0.25,5,-2
41,2,-2,0.75,1,-0.5
31,2,-2,0.75,1,-1
25,2,-2,0.75,1,-1.5
18,2,-2,0.75,1,-2
43,2,-2,0.75,2,-0.5
23,2,-2,0.75,2,-1
21,2,-2,0.75,2,-1.5
50,2,-2,0.75,2,-2
21,2,-2,0.75,3,-0.5
56,2,-2,0.75,3,-1
27,2,-2,0.75,3,-1.5
17,2,-2,0.75,3,-2
36,2,-2,0.75,4,-0.5
37,2,-2,0.75,4,-1
32,2,-2,0.75,4,-1.5
26,2,-2,0.75,4,-2
32,2,-2,0.75,5,-0.5
26,2,-2,0.75,5,-1
32,2,-2,0.75,5,-1.5
34,2,-2,0.75,5,-2
91,2,-2,1.25,1,-0.5
36,2,-2,1.25,1,-1
45,2,-2,1.25,1,-1.5
17,2,-2,1.25,1,-2
39,2,-2,1.25,2,-0.5
46,2,-2,1.25,2,-1
33,2,-2,1.25,2,-1.5
24,2,-2,1.25,2,-2
78,2,-2,1.25,3,-0.5
38,2,-2,1.25,3,-1
47,2,-2,1.25,3,-1.5
25,2,-2,1.25,3,-2
49,2,-2,1.25,4,-0.5
35,2,-2,1.25,4,-1
41,2,-2,1.25,4,-1.5
15,2,-2,1.25,4,-2
51,2,-2,1.25,5,-0.5
44,2,-2,1.25,5,-1
42,2,-2,1.25,5,-1.5
14,2,-2,1.25,5,-2
96,2,-2,1.75,1,-0.5
82,2,-2,1.75,1,-1
63,2,-2,1.75,1,-1.5
24,2,-2,1.75,1,-2
94,2,-2,1.75,2,-0.5
61,2,-2,1.75,2,-1
66,2,-2,1.75,2,-1.5
36,2,-2,1.75,2,-2
84,2,-2,1.75,3,-0.5
69,2,-2,1.75,3,-1
30,2,-2,1.75,3,-1.5
41,2,-2,1.75,3,-2
87,2,-2,1.75,4,-0.5
66,2,-2,1.75,4,-1
47,2,-2,1.75,4,-1.5
19,2,-2,1.75,4,-2
88,2,-2,1.75,5,-0.5
47,2,-2,1.75,5,-1
56,2,-2,1.75,5,-1.5
37,2,-2,1.75,5,-2
189,2,-3,0.25,1,-0.5
149,2,-3,0.25,1,-1
128,2,-3,0.25,1,-1.5
87,2,-3,0.25,1,-2
44,2,-3,0.25,2,-0.5
103,2,-3,0.25,2,-1
155,2,-3,0.25,2,-1.5
43,2,-3,0.25,2,-2
47,2,-3,0.25,3,-0.5
154,2,-3,0.25,3,-1
83,2,-3,0.25,3,-1.5
92,2,-3,0.25,3,-2
244,2,-3,0.25,4,-0.5
58,2,-3,0.25,4,-1
48,2,-3,0.25,4,-1.5
57,2,-3,0.25,4,-2
378,2,-3,0.25,5,-0.5
23,2,-3,0.25,5,-1
196,2,-3,0.25,5,-1.5
173,2,-3,0.25,5,-2
200,2,-3,0.75,1,-0.5
39,2,-3,0.75,1,-1
29,2,-3,0.75,1,-1.5
66,2,-3,0.75,1,-2
14,2,-3,0.75,2,-0.5
56,2,-3,0.75,2,-1
16,2,-3,0.75,2,-1.5
20,2,-3,0.75,2,-2
40,2,-3,0.75,3,-0.5
30,2,-3,0.75,3,-1
42,2,-3,0.75,3,-1.5
30,2,-3,0.75,3,-2
21,2,-3,0.75,4,-0.5
17,2,-3,0.75,4,-1
68,2,-3,0.75,4,-1.5
17,2,-3,0.75,4,-2
34,2,-3,0.75,5,-0.5
19,2,-3,0.75,5,-1
49,2,-3,0.75,5,-1.5
20,2,-3,0.75,5,-2
22,2,-3,1.25,1,-0.5
26,2,-3,1.25,1,-1
20,2,-3,1.25,1,-1.5
34,2,-3,1.25,1,-2
36,2,-3,1.25,2,-0.5
14,2,-3,1.25,2,-1
16,2,-3,1.25,2,-1.5
14,2,-3,1.25,2,-2
22,2,-3,1.25,3,-0.5
30,2,-3,1.25,3,-1
23,2,-3,1.25,3,-1.5
17,2,-3,1.25,3,-2
38,2,-3,1.25,4,-0.5
40,2,-3,1.25,4,-1
39,2,-3,1.25,4,-1.5
21,2,-3,1.25,4,-2
57,2,-3,1.25,5,-0.5
44,2,-3,1.25,5,-1
36,2,-3,1.25,5,-1.5
40,2,-3,1.25,5,-2
47,2,-3,1.75,1,-0.5
62,2,-3,1.75,1,-1
38,2,-3,1.75,1,-1.5
49,2,-3,1.75,1,-2
62,2,-3,1.75,2,-0.5
37,2,-3,1.75,2,-1
26,2,-3,1.75,2,-1.5
23,2,-3,1.75,2,-2
64,2,-3,1.75,3,-0.5
41,2,-3,1.75,3,-1
37,2,-3,1.75,3,-1.5
46,2,-3,1.75,3,-2
46,2,-3,1.75,4,-0.5
63,2,-3,1.75,4,-1
62,2,-3,1.75,4,-1.5
54,2,-3,1.75,4,-2
51,2,-3,1.75,5,-0.5
31,2,-3,1.75,5,-1
48,2,-3,1.75,5,-1.5
47,2,-3,1.75,5,-2
113,2,-4,0.25,1,-0.5
68,2,-4,0.25,1,-1
145,2,-4,0.25,1,-1.5
99,2,-4,0.25,1,-2
315,2,-4,0.25,2,-0.5
239,2,-4,0.25,2,-1
34,2,-4,0.25,2,-1.5
129,2,-4,0.25,2,-2
199,2,-4,0.25,3,-0.5
295,2,-4,0.25,3,-1
346,2,-4,0.25,3,-1.5
427,2,-4,0.25,3,-2
104,2,-4,0.25,4,-0.5
109,2,-4,0.25,4,-1
366,2,-4,0.25,4,-1.5
427,2,-4,0.25,4,-2
249,2,-4,0.25,5,-0.5
49,2,-4,0.25,5,-1
53,2,-4,0.25,5,-1.5
50,2,-4,0.25,5,-2
74,2,-4,0.75,1,-0.5
20,2,-4,0.75,1,-1
20,2,-4,0.75,1,-1.5
18,2,-4,0.75,1,-2
70,2,-4,0.75,2,-0.5
56,2,-4,0.75,2,-1
17,2,-4,0.75,2,-1.5
39,2,-4,0.75,2,-2
39,2,-4,0.75,3,-0.5
57,2,-4,0.75,3,-1
41,2,-4,0.75,3,-1.5
29,2,-4,0.75,3,-2
24,2,-4,0.75,4,-0.5
33,2,-4,0.75,4,-1
24,2,-4,0.75,4,-1.5
20,2,-4,0.75,4,-2
23,2,-4,0.75,5,-0.5
101,2,-4,0.75,5,-1
74,2,-4,0.75,5,-1.5
38,2,-4,0.75,5,-2
39,2,-4,1.25,1,-0.5
24,2,-4,1.25,1,-1
22,2,-4,1.25,1,-1.5
15,2,-4,1.25,1,-2
22,2,-4,1.25,2,-0.5
33,2,-4,1.25,2,-1
61,2,-4,1.25,2,-1.5
49,2,-4,1.25,2,-2
21,2,-4,1.25,3,-0.5
22,2,-4,1.25,3,-1
39,2,-4,1.25,3,-1.5
40,2,-4,1.25,3,-2
22,2,-4,1.25,4,-0.5
42,2,-4,1.25,4,-1
17,2,-4,1.25,4,-1.5
22,2,-4,1.25,4,-2
61,2,-4,1.25,5,-0.5
18,2,-4,1.25,5,-1
20,2,-4,1.25,5,-1.5
20,2,-4,1.25,5,-2
74,2,-4,1.75,1,-0.5
27,2,-4,1.75,1,-1
29,2,-4,1.75,1,-1.5
35,2,-4,1.75,1,-2
52,2,-4,1.75,2,-0.5
51,2,-4,1.75,2,-1
21,2,-4,1.75,2,-1.5
55,2,-4,1.75,2,-2
28,2,-4,1.75,3,-0.5
31,2,-4,1.75,3,-1
36,2,-4,1.75,3,-1.5
23,2,-4,1.75,3,-2
42,2,-4,1.75,4,-0.5
32,2,-4,1.75,4,-1
23,2,-4,1.75,4,-1.5
36,2,-4,1.75,4,-2
27,2,-4,1.75,5,-0.5
37,2,-4,1.75,5,-1
16,2,-4,1.75,5,-1.5
53,2,-4,1.75,5,-2
103,2,-5,0.25,1,-0.5
108,2,-5,0.25,1,-1
140,2,-5,0.25,1,-1.5
498,2,-5,0.25,1,-2
125,2,-5,0.25,2,-0.5
301,2,-5,0.25,2,-1
69,2,-5,0.25,2,-1.5
305,2,-5,0.25,2,-2
207,2,-5,0.25,3,-0.5
122,2,-5,0.25,3,-1
269,2,-5,0.25,3,-1.5
91,2,-5,0.25,3,-2
257,2,-5,0.25,4,-0.5
107,2,-5,0.25,4,-1
203,2,-5,0.25,4,-1.5
218,2,-5,0.25,4,-2
160,2,-5,0.25,5,-0.5
144,2,-5,0.25,5,-1
320,2,-5,0.25,5,-1.5
46,2,-5,0.25,5,-2
34,2,-5,0.75,1,-0.5
39,2,-5,0.75,1,-1
66,2,-5,0.75,1,-1.5
139,2,-5,0.75,1,-2
58,2,-5,0.75,2,-0.5
39,2,-5,0.75,2,-1
50,2,-5,0.75,2,-1.5
28,2,-5,0.75,2,-2
31,2,-5,0.75,3,-0.5
53,2,-5,0.75,3,-1
88,2,-5,0.75,3,-1.5
32,2,-5,0.75,3,-2
83,2,-5,0.75,4,-0.5
382,2,-5,0.75,4,-1
29,2,-5,0.75,4,-1.5
115,2,-5,0.75,4,-2
51,2,-5,0.75,5,-0.5
46,2,-5,0.75,5,-1
20,2,-5,0.75,5,-1.5
24,2,-5,0.75,5,-2
38,2,-5,1.25,1,-0.5
15,2,-5,1.25,1,-1
17,2,-5,1.25,1,-1.5
76,2,-5,1.25,1,-2
21,2,-5,1.25,2,-0.5
22,2,-5,1.25,2,-1
32,2,-5,1.25,2,-1.5
51,2,-5,1.25,2,-2
38,2,-5,1.25,3,-0.5
55,2,-5,1.25,3,-1
35,2,-5,1.25,3,-1.5
51,2,-5,1.25,3,-2
18,2,-5,1.25,4,-0.5
46,2,-5,1.25,4,-1
27,2,-5,1.25,4,-1.5
23,2,-5,1.25,4,-2
57,2,-5,1.25,5,-0.5
48,2,-5,1.25,5,-1
20,2,-5,1.25,5,-1.5
54,2,-5,1.25,5,-2
34,2,-5,1.75,1,-0.5
57,2,-5,1.75,1,-1
24,2,-5,1.75,1,-1.5
22,2,-5,1.75,1,-2
34,2,-5,1.75,2,-0.5
32,2,-5,1.75,2,-1
37,2,-5,1.75,2,-1.5
37,2,-5,1.75,2,-2
32,2,-5,1.75,3,-0.5
30,2,-5,1.75,3,-1
51,2,-5,1.75,3,-1.5
42,2,-5,1.75,3,-2
29,2,-5,1.75,4,-0.5
32,2,-5,1.75,4,-1
41,2,-5,1.75,4,-1.5
59,2,-5,1.75,4,-2
34,2,-5,1.75,5,-0.5
36,2,-5,1.75,5,-1
34,2,-5,1.75,5,-1.5
66,2,-5,1.75,5,-2
192,3,-1,0.25,1,-0.5
119,3,-1,0.25,1,-1
27,3,-1,0.25,1,-1.5
32,3,-1,0.25,1,-2
337,3,-1,0.25,2,-0.5
122,3,-1,0.25,2,-1
45,3,-1,0.25,2,-1.5
38,3,-1,0.25,2,-2
97,3,-1,0.25,3,-0.5
514,3,-1,0.25,3,-1
34,3,-1,0.25,3,-1.5
24,3,-1,0.25,3,-2
83,3,-1,0.25,4,-0.5
96,3,-1,0.25,4,-1
67,3,-1,0.25,4,-1.5
52,3,-1,0.25,4,-2
148,3,-1,0.25,5,-0.5
151,3,-1,0.25,5,-1
63,3,-1,0.25,5,-1.5
39,3,-1,0.25,5,-2
79,3,-1,0.75,1,-0.5
60,3,-1,0.75,1,-1
26,3,-1,0.75,1,-1.5
49,3,-1,0.75,1,-2
93,3,-1,0.75,2,-0.5
20,3,-1,0.75,2,-1
34,3,-1,0.75,2,-1.5
26,3,-1,0.75,2,-2
45,3,-1,0.75,3,-0.5
50,3,-1,0.75,3,-1
36,3,-1,0.75,3,-1.5
47,3,-1,0.75,3,-2
64,3,-1,0.75,4,-0.5
47,3,-1,0.75,4,-1
52,3,-1,0.75,4,-1.5
56,3,-1,0.75,4,-2
119,3,-1,0.75,5,-0.5
62,3,-1,0.75,5,-1
55,3,-1,0.75,5,-1.5
36,3,-1,0.75,5,-2
115,3,-1,1.25,1,-0.5
66,3,-1,1.25,1,-1
58,3,-1,1.25,1,-1.5
34,3,-1,1.25,1,-2
51,3,-1,1.25,2,-0.5
69,3,-1,1.25,2,-1
50,3,-1,1.25,2,-1.5
37,3,-1,1.25,2,-2
62,3,-1,1.25,3,-0.5
67,3,-1,1.25,3,-1
34,3,-1,1.25,3,-1.5
45,3,-1,1.25,3,-2
81,3,-1,1.25,4,-0.5
46,3,-1,1.25,4,-1
52,3,-1,1.25,4,-1.5
28,3,-1,1.25,4,-2
77,3,-1,1.25,5,-0.5
44,3,-1,1.25,5,-1
47,3,-1,1.25,5,-1.5
31,3,-1,1.25,5,-2
144,3,-1,1.75,1,-0.5
81,3,-1,1.75,1,-1
77,3,-1,1.75,1,-1.5
64,3,-1,1.75,1,-2
139,3,-1,1.75,2,-0.5
73,3,-1,1.75,2,-1
72,3,-1,1.75,2,-1.5
66,3,-1,1.75,2,-2
85,3,-1,1.75,3,-0.5
83,3,-1,1.75,3,-1
93,3,-1,1.75,3,-1.5
54,3,-1,1.75,3,-2
138,3,-1,1.75,4,-0.5
85,3,-1,1.75,4,-1
55,3,-1,1.75,4,-1.5
60,3,-1,1.75,4,-2
119,3,-1,1.75,5,-0.5
121,3,-1,1.75,5,-1
65,3,-1,1.75,5,-1.5
60,3,-1,1.75,5,-2
234,3,-2,0.25,1,-0.5
114,3,-2,0.25,1,-1
88,3,-2,0.25,1,-1.5
150,3,-2,0.25,1,-2
298,3,-2,0.25,2,-0.5
110,3,-2,0.25,2,-1
60,3,-2,0.25,2,-1.5
200,3,-2,0.25,2,-2
216,3,-2,0.25,3,-0.5
154,3,-2,0.25,3,-1
133,3,-2,0.25,3,-1.5
18,3,-2,0.25,3,-2
233,3,-2,0.25,4,-0.5
138,3,-2,0.25,4,-1
59,3,-2,0.25,4,-1.5
32,3,-2,0.25,4,-2
191,3,-2,0.25,5,-0.5
63,3,-2,0.25,5,-1
29,3,-2,0.25,5,-1.5
57,3,-2,0.25,5,-2
49,3,-2,0.75,1,-0.5
34,3,-2,0.75,1,-1
31,3,-2,0.75,1,-1.5
35,3,-2,0.75,1,-2
35,3,-2,0.75,2,-0.5
34,3,-2,0.75,2,-1
73,3,-2,0.75,2,-1.5
24,3,-2,0.75,2,-2
54,3,-2,0.75,3,-0.5
41,3,-2,0.75,3,-1
20,3,-2,0.75,3,-1.5
43,3,-2,0.75,3,-2
59,3,-2,0.75,4,-0.5
27,3,-2,0.75,4,-1
44,3,-2,0.75,4,-1.5
33,3,-2,0.75,4,-2
79,3,-2,0.75,5,-0.5
52,3,-2,0.75,5,-1
63,3,-2,0.75,5,-1.5
26,3,-2,0.75,5,-2
58,3,-2,1.25,1,-0.5
56,3,-2,1.25,1,-1
36,3,-2,1.25,1,-1.5
29,3,-2,1.25,1,-2
53,3,-2,1.25,2,-0.5
26,3,-2,1.25,2,-1
41,3,-2,1.25,2,-1.5
28,3,-2,1.25,2,-2
60,3,-2,1.25,3,-0.5
42,3,-2,1.25,3,-1
18,3,-2,1.25,3,-1.5
15,3,-2,1.25,3,-2
46,3,-2,1.25,4,-0.5
39,3,-2,1.25,4,-1
25,3,-2,1.25,4,-1.5
35,3,-2,1.25,4,-2
39,3,-2,1.25,5,-0.5
26,3,-2,1.25,5,-1
31,3,-2,1.25,5,-1.5
22,3,-2,1.25,5,-2
89,3,-2,1.75,1,-0.5
76,3,-2,1.75,1,-1
59,3,-2,1.75,1,-1.5
79,3,-2,1.75,1,-2
85,3,-2,1.75,2,-0.5
58,3,-2,1.75,2,-1
41,3,-2,1.75,2,-1.5
39,3,-2,1.75,2,-2
64,3,-2,1.75,3,-0.5
54,3,-2,1.75,3,-1
53,3,-2,1.75,3,-1.5
44,3,-2,1.75,3,-2
61,3,-2,1.75,4,-0.5
60,3,-2,1.75,4,-1
76,3,-2,1.75,4,-1.5
43,3,-2,1.75,4,-2
53,3,-2,1.75,5,-0.5
54,3,-2,1.75,5,-1
64,3,-2,1.75,5,-1.5
29,3,-2,1.75,5,-2
131,3,-3,0.25,1,-0.5
115,3,-3,0.25,1,-1
119,3,-3,0.25,1,-1.5
64,3,-3,0.25,1,-2
123,3,-3,0.25,2,-0.5
71,3,-3,0.25,2,-1
58,3,-3,0.25,2,-1.5
192,3,-3,0.25,2,-2
119,3,-3,0.25,3,-0.5
502,3,-3,0.25,3,-1
91,3,-3,0.25,3,-1.5
53,3,-3,0.25,3,-2
155,3,-3,0.25,4,-0.5
343,3,-3,0.25,4,-1
35,3,-3,0.25,4,-1.5
86,3,-3,0.25,4,-2
364,3,-3,0.25,5,-0.5
78,3,-3,0.25,5,-1
41,3,-3,0.25,5,-1.5
62,3,-3,0.25,5,-2
91,3,-3,0.75,1,-0.5
31,3,-3,0.75,1,-1
37,3,-3,0.75,1,-1.5
85,3,-3,0.75,1,-2
49,3,-3,0.75,2,-0.5
41,3,-3,0.75,2,-1
39,3,-3,0.75,2,-1.5
24,3,-3,0.75,2,-2
26,3,-3,0.75,3,-0.5
66,3,-3,0.75,3,-1
72,3,-3,0.75,3,-1.5
58,3,-3,0.75,3,-2
22,3,-3,0.75,4,-0.5
35,3,-3,0.75,4,-1
36,3,-3,0.75,4,-1.5
53,3,-3,0.75,4,-2
46,3,-3,0.75,5,-0.5
55,3,-3,0.75,5,-1
90,3,-3,0.75,5,-1.5
63,3,-3,0.75,5,-2
42,3,-3,1.25,1,-0.5
37,3,-3,1.25,1,-1
25,3,-3,1.25,1,-1.5
22,3,-3,1.25,1,-2
25,3,-3,1.25,2,-0.5
21,3,-3,1.25,2,-1
26,3,-3,1.25,2,-1.5
28,3,-3,1.25,2,-2
33,3,-3,1.25,3,-0.5
23,3,-3,1.25,3,-1
24,3,-3,1.25,3,-1.5
39,3,-3,1.25,3,-2
124,3,-3,1.25,4,-0.5
79,3,-3,1.25,4,-1
20,3,-3,1.25,4,-1.5
18,3,-3,1.25,4,-2
124,3,-3,1.25,5,-0.5
16,3,-3,1.25,5,-1
25,3,-3,1.25,5,-1.5
16,3,-3,1.25,5,-2
65,3,-3,1.75,1,-0.5
27,3,-3,1.75,1,-1
38,3,-3,1.75,1,-1.5
32,3,-3,1.75,1,-2
26,3,-3,1.75,2,-0.5
35,3,-3,1.75,2,-1
37,3,-3,1.75,2,-1.5
32,3,-3,1.75,2,-2
43,3,-3,1.75,3,-0.5
42,3,-3,1.75,3,-1
37,3,-3,1.75,3,-1.5
27,3,-3,1.75,3,-2
52,3,-3,1.75,4,-0.5
41,3,-3,1.75,4,-1
32,3,-3,1.75,4,-1.5
25,3,-3,1.75,4,-2
45,3,-3,1.75,5,-0.5
39,3,-3,1.75,5,-1
21,3,-3,1.75,5,-1.5
19,3,-3,1.75,5,-2
177,3,-4,0.25,1,-0.5
225,3,-4,0.25,1,-1
159,3,-4,0.25,1,-1.5
102,3,-4,0.25,1,-2
493,3,-4,0.25,2,-0.5
217,3,-4,0.25,2,-1
262,3,-4,0.25,2,-1.5
479,3,-4,0.25,2,-2
105,3,-4,0.25,3,-0.5
295,3,-4,0.25,3,-1
175,3,-4,0.25,3,-1.5
122,3,-4,0.25,3,-2
175,3,-4,0.25,4,-0.5
146,3,-4,0.25,4,-1
199,3,-4,0.25,4,-1.5
83,3,-4,0.25,4,-2
207,3,-4,0.25,5,-0.5
419,3,-4,0.25,5,-1
143,3,-4,0.25,5,-1.5
61,3,-4,0.25,5,-2
98,3,-4,0.75,1,-0.5
83,3,-4,0.75,1,-1
65,3,-4,0.75,1,-1.5
36,3,-4,0.75,1,-2
19,3,-4,0.75,2,-0.5
79,3,-4,0.75,2,-1
41,3,-4,0.75,2,-1.5
31,3,-4,0.75,2,-2
520,3,-4,0.75,3,-0.5
107,3,-4,0.75,3,-1
75,3,-4,0.75,3,-1.5
40,3,-4,0.75,3,-2
42,3,-4,0.75,4,-0.5
47,3,-4,0.75,4,-1
78,3,-4,0.75,4,-1.5
204,3,-4,0.75,4,-2
35,3,-4,0.75,5,-0.5
29,3,-4,0.75,5,-1
18,3,-4,0.75,5,-1.5
50,3,-4,0.75,5,-2
49,3,-4,1.25,1,-0.5
30,3,-4,1.25,1,-1
49,3,-4,1.25,1,-1.5
46,3,-4,1.25,1,-2
30,3,-4,1.25,2,-0.5
24,3,-4,1.25,2,-1
83,3,-4,1.25,2,-1.5
43,3,-4,1.25,2,-2
39,3,-4,1.25,3,-0.5
19,3,-4,1.25,3,-1
27,3,-4,1.25,3,-1.5
28,3,-4,1.25,3,-2
22,3,-4,1.25,4,-0.5
17,3,-4,1.25,4,-1
24,3,-4,1.25,4,-1.5
36,3,-4,1.25,4,-2
20,3,-4,1.25,5,-0.5
21,3,-4,1.25,5,-1
27,3,-4,1.25,5,-1.5
28,3,-4,1.25,5,-2
53,3,-4,1.75,1,-0.5
38,3,-4,1.75,1,-1
16,3,-4,1.75,1,-1.5
44,3,-4,1.75,1,-2
59,3,-4,1.75,2,-0.5
29,3,-4,1.75,2,-1
29,3,-4,1.75,2,-1.5
39,3,-4,1.75,2,-2
51,3,-4,1.75,3,-0.5
46,3,-4,1.75,3,-1
27,3,-4,1.75,3,-1.5
21,3,-4,1.75,3,-2
72,3,-4,1.75,4,-0.5
22,3,-4,1.75,4,-1
18,3,-4,1.75,4,-1.5
21,3,-4,1.75,4,-2
49,3,-4,1.75,5,-0.5
27,3,-4,1.75,5,-1
35,3,-4,1.75,5,-1.5
31,3,-4,1.75,5,-2
641,3,-5,0.25,1,-0.5
170,3,-5,0.25,1,-1
133,3,-5,0.25,1,-1.5
92,3,-5,0.25,1,-2
111,3,-5,0.25,2,-0.5
141,3,-5,0.25,2,-1
141,3,-5,0.25,2,-1.5
95,3,-5,0.25,2,-2
152,3,-5,0.25,3,-0.5
357,3,-5,0.25,3,-1
90,3,-5,0.25,3,-1.5
76,3,-5,0.25,3,-2
237,3,-5,0.25,4,-0.5
207,3,-5,0.25,4,-1
124,3,-5,0.25,4,-1.5
132,3,-5,0.25,4,-2
66,3,-5,0.25,5,-0.5
64,3,-5,0.25,5,-1
121,3,-5,0.25,5,-1.5
90,3,-5,0.25,5,-2
350,3,-5,0.75,1,-0.5
74,3,-5,0.75,1,-1
28,3,-5,0.75,1,-1.5
81,3,-5,0.75,1,-2
176,3,-5,0.75,2,-0.5
244,3,-5,0.75,2,-1
56,3,-5,0.75,2,-1.5
75,3,-5,0.75,2,-2
129,3,-5,0.75,3,-0.5
215,3,-5,0.75,3,-1
35,3,-5,0.75,3,-1.5
95,3,-5,0.75,3,-2
54,3,-5,0.75,4,-0.5
215,3,-5,0.75,4,-1
73,3,-5,0.75,4,-1.5
41,3,-5,0.75,4,-2
327,3,-5,0.75,5,-0.5
249,3,-5,0.75,5,-1
70,3,-5,0.75,5,-1.5
35,3,-5,0.75,5,-2
139,3,-5,1.25,1,-0.5
77,3,-5,1.25,1,-1
50,3,-5,1.25,1,-1.5
40,3,-5,1.25,1,-2
358,3,-5,1.25,2,-0.5
494,3,-5,1.25,2,-1
41,3,-5,1.25,2,-1.5
76,3,-5,1.25,2,-2
36,3,-5,1.25,3,-0.5
24,3,-5,1.25,3,-1
114,3,-5,1.25,3,-1.5
43,3,-5,1.25,3,-2
67,3,-5,1.25,4,-0.5
30,3,-5,1.25,4,-1
21,3,-5,1.25,4,-1.5
48,3,-5,1.25,4,-2
33,3,-5,1.25,5,-0.5
28,3,-5,1.25,5,-1
39,3,-5,1.25,5,-1.5
18,3,-5,1.25,5,-2
72,3,-5,1.75,1,-0.5
29,3,-5,1.75,1,-1
19,3,-5,1.75,1,-1.5
26,3,-5,1.75,1,-2
60,3,-5,1.75,2,-0.5
38,3,-5,1.75,2,-1
20,3,-5,1.75,2,-1.5
20,3,-5,1.75,2,-2
37,3,-5,1.75,3,-0.5
38,3,-5,1.75,3,-1
23,3,-5,1.75,3,-1.5
39,3,-5,1.75,3,-2
30,3,-5,1.75,4,-0.5
56,3,-5,1.75,4,-1
22,3,-5,1.75,4,-1.5
268,3,-5,1.75,4,-2
23,3,-5,1.75,5,-0.5
40,3,-5,1.75,5,-1
25,3,-5,1.75,5,-1.5
63,3,-5,1.75,5,-2
135,4,-1,0.25,1,-0.5
108,4,-1,0.25,1,-1
86,4,-1,0.25,1,-1.5
87,4,-1,0.25,1,-2
131,4,-1,0.25,2,-0.5
164,4,-1,0.25,2,-1
35,4,-1,0.25,2,-1.5
83,4,-1,0.25,2,-2
148,4,-1,0.25,3,-0.5
84,4,-1,0.25,3,-1
55,4,-1,0.25,3,-1.5
57,4,-1,0.25,3,-2
122,4,-1,0.25,4,-0.5
377,4,-1,0.25,4,-1
78,4,-1,0.25,4,-1.5
54,4,-1,0.25,4,-2
88,4,-1,0.25,5,-0.5
162,4,-1,0.25,5,-1
86,4,-1,0.25,5,-1.5
70,4,-1,0.25,5,-2
127,4,-1,0.75,1,-0.5
125,4,-1,0.75,1,-1
85,4,-1,0.75,1,-1.5
37,4,-1,0.75,1,-2
96,4,-1,0.75,2,-0.5
72,4,-1,0.75,2,-1
47,4,-1,0.75,2,-1.5
35,4,-1,0.75,2,-2
130,4,-1,0.75,3,-0.5
44,4,-1,0.75,3,-1
59,4,-1,0.75,3,-1.5
48,4,-1,0.75,3,-2
53,4,-1,0.75,4,-0.5
70,4,-1,0.75,4,-1
43,4,-1,0.75,4,-1.5
51,4,-1,0.75,4,-2
101,4,-1,0.75,5,-0.5
62,4,-1,0.75,5,-1
45,4,-1,0.75,5,-1.5
64,4,-1,0.75,5,-2
96,4,-1,1.25,1,-0.5
90,4,-1,1.25,1,-1
51,4,-1,1.25,1,-1.5
65,4,-1,1.25,1,-2
91,4,-1,1.25,2,-0.5
52,4,-1,1.25,2,-1
70,4,-1,1.25,2,-1.5
51,4,-1,1.25,2,-2
110,4,-1,1.25,3,-0.5
54,4,-1,1.25,3,-1
44,4,-1,1.25,3,-1.5
26,4,-1,1.25,3,-2
66,4,-1,1.25,4,-0.5
81,4,-1,1.25,4,-1
48,4,-1,1.25,4,-1.5
52,4,-1,1.25,4,-2
87,4,-1,1.25,5,-0.5
72,4,-1,1.25,5,-1
65,4,-1,1.25,5,-1.5
38,4,-1,1.25,5,-2
125,4,-1,1.75,1,-0.5
84,4,-1,1.75,1,-1
100,4,-1,1.75,1,-1.5
70,4,-1,1.75,1,-2
99,4,-1,1.75,2,-0.5
113,4,-1,1.75,2,-1
54,4,-1,1.75,2,-1.5
57,4,-1,1.75,2,-2
114,4,-1,1.75,3,-0.5
63,4,-1,1.75,3,-1
71,4,-1,1.75,3,-1.5
86,4,-1,1.75,3,-2
102,4,-1,1.75,4,-0.5
86,4,-1,1.75,4,-1
60,4,-1,1.75,4,-1.5
63,4,-1,1.75,4,-2
79,4,-1,1.75,5,-0.5
75,4,-1,1.75,5,-1
63,4,-1,1.75,5,-1.5
43,4,-1,1.75,5,-2
191,4,-2,0.25,1,-0.5
214,4,-2,0.25,1,-1
87,4,-2,0.25,1,-1.5
85,4,-2,0.25,1,-2
297,4,-2,0.25,2,-0.5
185,4,-2,0.25,2,-1
110,4,-2,0.25,2,-1.5
454,4,-2,0.25,2,-2
119,4,-2,0.25,3,-0.5
92,4,-2,0.25,3,-1
148,4,-2,0.25,3,-1.5
366,4,-2,0.25,3,-2
175,4,-2,0.25,4,-0.5
77,4,-2,0.25,4,-1
106,4,-2,0.25,4,-1.5
74,4,-2,0.25,4,-2
297,4,-2,0.25,5,-0.5
93,4,-2,0.25,5,-1
85,4,-2,0.25,5,-1.5
38,4,-2,0.25,5,-2
81,4,-2,0.75,1,-0.5
88,4,-2,0.75,1,-1
187,4,-2,0.75,1,-1.5
36,4,-2,0.75,1,-2
85,4,-2,0.75,2,-0.5
46,4,-2,0.75,2,-1
70,4,-2,0.75,2,-1.5
51,4,-2,0.75,2,-2
61,4,-2,0.75,3,-0.5
74,4,-2,0.75,3,-1
50,4,-2,0.75,3,-1.5
29,4,-2,0.75,3,-2
79,4,-2,0.75,4,-0.5
75,4,-2,0.75,4,-1
60,4,-2,0.75,4,-1.5
36,4,-2,0.75,4,-2
56,4,-2,0.75,5,-0.5
72,4,-2,0.75,5,-1
71,4,-2,0.75,5,-1.5
31,4,-2,0.75,5,-2
51,4,-2,1.25,1,-0.5
81,4,-2,1.25,1,-1
40,4,-2,1.25,1,-1.5
41,4,-2,1.25,1,-2
50,4,-2,1.25,2,-0.5
65,4,-2,1.25,2,-1
48,4,-2,1.25,2,-1.5
26,4,-2,1.25,2,-2
70,4,-2,1.25,3,-0.5
45,4,-2,1.25,3,-1
42,4,-2,1.25,3,-1.5
14,4,-2,1.25,3,-2
36,4,-2,1.25,4,-0.5
37,4,-2,1.25,4,-1
38,4,-2,1.25,4,-1.5
36,4,-2,1.25,4,-2
49,4,-2,1.25,5,-0.5
55,4,-2,1.25,5,-1
16,4,-2,1.25,5,-1.5
19,4,-2,1.25,5,-2
94,4,-2,1.75,1,-0.5
113,4,-2,1.75,1,-1
51,4,-2,1.75,1,-1.5
58,4,-2,1.75,1,-2
74,4,-2,1.75,2,-0.5
54,4,-2,1.75,2,-1
42,4,-2,1.75,2,-1.5
26,4,-2,1.75,2,-2
82,4,-2,1.75,3,-0.5
33,4,-2,1.75,3,-1
19,4,-2,1.75,3,-1.5
26,4,-2,1.75,3,-2
91,4,-2,1.75,4,-0.5
70,4,-2,1.75,4,-1
40,4,-2,1.75,4,-1.5
42,4,-2,1.75,4,-2
39,4,-2,1.75,5,-0.5
66,4,-2,1.75,5,-1
44,4,-2,1.75,5,-1.5
30,4,-2,1.75,5,-2
250,4,-3,0.25,1,-0.5
121,4,-3,0.25,1,-1
93,4,-3,0.25,1,-1.5
131,4,-3,0.25,1,-2
193,4,-3,0.25,2,-0.5
231,4,-3,0.25,2,-1
185,4,-3,0.25,2,-1.5
67,4,-3,0.25,2,-2
226,4,-3,0.25,3,-0.5
58,4,-3,0.25,3,-1
138,4,-3,0.25,3,-1.5
50,4,-3,0.25,3,-2
185,4,-3,0.25,4,-0.5
159,4,-3,0.25,4,-1
104,4,-3,0.25,4,-1.5
17,4,-3,0.25,4,-2
251,4,-3,0.25,5,-0.5
167,4,-3,0.25,5,-1
369,4,-3,0.25,5,-1.5
21,4,-3,0.25,5,-2
103,4,-3,0.75,1,-0.5
97,4,-3,0.75,1,-1
60,4,-3,0.75,1,-1.5
31,4,-3,0.75,1,-2
221,4,-3,0.75,2,-0.5
48,4,-3,0.75,2,-1
73,4,-3,0.75,2,-1.5
58,4,-3,0.75,2,-2
159,4,-3,0.75,3,-0.5
61,4,-3,0.75,3,-1
55,4,-3,0.75,3,-1.5
20,4,-3,0.75,3,-2
168,4,-3,0.75,4,-0.5
70,4,-3,0.75,4,-1
81,4,-3,0.75,4,-1.5
51,4,-3,0.75,4,-2
190,4,-3,0.75,5,-0.5
46,4,-3,0.75,5,-1
64,4,-3,0.75,5,-1.5
55,4,-3,0.75,5,-2
64,4,-3,1.25,1,-0.5
40,4,-3,1.25,1,-1
34,4,-3,1.25,1,-1.5
18,4,-3,1.25,1,-2
42,4,-3,1.25,2,-0.5
37,4,-3,1.25,2,-1
26,4,-3,1.25,2,-1.5
49,4,-3,1.25,2,-2
43,4,-3,1.25,3,-0.5
29,4,-3,1.25,3,-1
23,4,-3,1.25,3,-1.5
21,4,-3,1.25,3,-2
30,4,-3,1.25,4,-0.5
47,4,-3,1.25,4,-1
23,4,-3,1.25,4,-1.5
40,4,-3,1.25,4,-2
44,4,-3,1.25,5,-0.5
31,4,-3,1.25,5,-1
19,4,-3,1.25,5,-1.5
16,4,-3,1.25,5,-2
70,4,-3,1.75,1,-0.5
27,4,-3,1.75,1,-1
39,4,-3,1.75,1,-1.5
37,4,-3,1.75,1,-2
47,4,-3,1.75,2,-0.5
41,4,-3,1.75,2,-1
39,4,-3,1.75,2,-1.5
23,4,-3,1.75,2,-2
50,4,-3,1.75,3,-0.5
60,4,-3,1.75,3,-1
26,4,-3,1.75,3,-1.5
27,4,-3,1.75,3,-2
45,4,-3,1.75,4,-0.5
47,4,-3,1.75,4,-1
40,4,-3,1.75,4,-1.5
38,4,-3,1.75,4,-2
75,4,-3,1.75,5,-0.5
42,4,-3,1.75,5,-1
20,4,-3,1.75,5,-1.5
36,4,-3,1.75,5,-2
508,4,-4,0.25,1,-0.5
146,4,-4,0.25,1,-1
154,4,-4,0.25,1,-1.5
143,4,-4,0.25,1,-2
379,4,-4,0.25,2,-0.5
291,4,-4,0.25,2,-1
237,4,-4,0.25,2,-1.5
155,4,-4,0.25,2,-2
258,4,-4,0.25,3,-0.5
179,4,-4,0.25,3,-1
74,4,-4,0.25,3,-1.5
44,4,-4,0.25,3,-2
95,4,-4,0.25,4,-0.5
127,4,-4,0.25,4,-1
63,4,-4,0.25,4,-1.5
120,4,-4,0.25,4,-2
198,4,-4,0.25,5,-0.5
271,4,-4,0.25,5,-1
123,4,-4,0.25,5,-1.5
337,4,-4,0.25,5,-2
112,4,-4,0.75,1,-0.5
156,4,-4,0.75,1,-1
473,4,-4,0.75,1,-1.5
37,4,-4,0.75,1,-2
81,4,-4,0.75,2,-0.5
231,4,-4,0.75,2,-1
32,4,-4,0.75,2,-1.5
66,4,-4,0.75,2,-2
227,4,-4,0.75,3,-0.5
68,4,-4,0.75,3,-1
53,4,-4,0.75,3,-1.5
60,4,-4,0.75,3,-2
117,4,-4,0.75,4,-0.5
75,4,-4,0.75,4,-1
19,4,-4,0.75,4,-1.5
52,4,-4,0.75,4,-2
553,4,-4,0.75,5,-0.5
51,4,-4,0.75,5,-1
29,4,-4,0.75,5,-1.5
63,4,-4,0.75,5,-2
90,4,-4,1.25,1,-0.5
38,4,-4,1.25,1,-1
31,4,-4,1.25,1,-1.5
33,4,-4,1.25,1,-2
102,4,-4,1.25,2,-0.5
36,4,-4,1.25,2,-1
52,4,-4,1.25,2,-1.5
49,4,-4,1.25,2,-2
24,4,-4,1.25,3,-0.5
195,4,-4,1.25,3,-1
103,4,-4,1.25,3,-1.5
64,4,-4,1.25,3,-2
27,4,-4,1.25,4,-0.5
50,4,-4,1.25,4,-1
91,4,-4,1.25,4,-1.5
32,4,-4,1.25,4,-2
22,4,-4,1.25,5,-0.5
47,4,-4,1.25,5,-1
224,4,-4,1.25,5,-1.5
55,4,-4,1.25,5,-2
59,4,-4,1.75,1,-0.5
42,4,-4,1.75,1,-1
28,4,-4,1.75,1,-1.5
19,4,-4,1.75,1,-2
27,4,-4,1.75,2,-0.5
39,4,-4,1.75,2,-1
14,4,-4,1.75,2,-1.5
35,4,-4,1.75,2,-2
44,4,-4,1.75,3,-0.5
28,4,-4,1.75,3,-1
37,4,-4,1.75,3,-1.5
38,4,-4,1.75,3,-2
39,4,-4,1.75,4,-0.5
59,4,-4,1.75,4,-1
38,4,-4,1.75,4,-1.5
24,4,-4,1.75,4,-2
54,4,-4,1.75,5,-0.5
23,4,-4,1.75,5,-1
27,4,-4,1.75,5,-1.5
35,4,-4,1.75,5,-2
483,4,-5,0.25,1,-0.5
176,4,-5,0.25,1,-1
190,4,-5,0.25,1,-1.5
429,4,-5,0.25,1,-2
469,4,-5,0.25,2,-0.5
214,4,-5,0.25,2,-1
237,4,-5,0.25,2,-1.5
100,4,-5,0.25,2,-2
297,4,-5,0.25,3,-0.5
332,4,-5,0.25,3,-1
78,4,-5,0.25,3,-1.5
84,4,-5,0.25,3,-2
261,4,-5,0.25,4,-0.5
233,4,-5,0.25,4,-1
166,4,-5,0.25,4,-1.5
52,4,-5,0.25,4,-2
173,4,-5,0.25,5,-0.5
124,4,-5,0.25,5,-1
182,4,-5,0.25,5,-1.5
105,4,-5,0.25,5,-2
44,4,-5,0.75,1,-0.5
504,4,-5,0.75,1,-1
109,4,-5,0.75,1,-1.5
112,4,-5,0.75,1,-2
82,4,-5,0.75,2,-0.5
52,4,-5,0.75,2,-1
60,4,-5,0.75,2,-1.5
65,4,-5,0.75,2,-2
220,4,-5,0.75,3,-0.5
286,4,-5,0.75,3,-1
68,4,-5,0.75,3,-1.5
29,4,-5,0.75,3,-2
71,4,-5,0.75,4,-0.5
343,4,-5,0.75,4,-1
22,4,-5,0.75,4,-1.5
388,4,-5,0.75,4,-2
83,4,-5,0.75,5,-0.5
280,4,-5,0.75,5,-1
42,4,-5,0.75,5,-1.5
52,4,-5,0.75,5,-2
75,4,-5,1.25,1,-0.5
72,4,-5,1.25,1,-1
103,4,-5,1.25,1,-1.5
71,4,-5,1.25,1,-2
90,4,-5,1.25,2,-0.5
96,4,-5,1.25,2,-1
34,4,-5,1.25,2,-1.5
61,4,-5,1.25,2,-2
661,4,-5,1.25,3,-0.5
25,4,-5,1.25,3,-1
19,4,-5,1.25,3,-1.5
74,4,-5,1.25,3,-2
661,4,-5,1.25,4,-0.5
104,4,-5,1.25,4,-1
30,4,-5,1.25,4,-1.5
61,4,-5,1.25,4,-2
19,4,-5,1.25,5,-0.5
20,4,-5,1.25,5,-1
51,4,-5,1.25,5,-1.5
51,4,-5,1.25,5,-2
21,4,-5,1.75,1,-0.5
33,4,-5,1.75,1,-1
53,4,-5,1.75,1,-1.5
28,4,-5,1.75,1,-2
30,4,-5,1.75,2,-0.5
70,4,-5,1.75,2,-1
21,4,-5,1.75,2,-1.5
21,4,-5,1.75,2,-2
67,4,-5,1.75,3,-0.5
20,4,-5,1.75,3,-1
16,4,-5,1.75,3,-1.5
16,4,-5,1.75,3,-2
43,4,-5,1.75,4,-0.5
27,4,-5,1.75,4,-1
20,4,-5,1.75,4,-1.5
34,4,-5,1.75,4,-2
48,4,-5,1.75,5,-0.5
35,4,-5,1.75,5,-1
32,4,-5,1.75,5,-1.5
14,4,-5,1.75,5,-2
323,5,-1,0.25,1,-0.5
235,5,-1,0.25,1,-1
210,5,-1,0.25,1,-1.5
147,5,-1,0.25,1,-2
138,5,-1,0.25,2,-0.5
207,5,-1,0.25,2,-1
141,5,-1,0.25,2,-1.5
129,5,-1,0.25,2,-2
176,5,-1,0.25,3,-0.5
174,5,-1,0.25,3,-1
133,5,-1,0.25,3,-1.5
74,5,-1,0.25,3,-2
127,5,-1,0.25,4,-0.5
180,5,-1,0.25,4,-1
96,5,-1,0.25,4,-1.5
83,5,-1,0.25,4,-2
158,5,-1,0.25,5,-0.5
164,5,-1,0.25,5,-1
80,5,-1,0.25,5,-1.5
66,5,-1,0.25,5,-2
122,5,-1,0.75,1,-0.5
121,5,-1,0.75,1,-1
120,5,-1,0.75,1,-1.5
106,5,-1,0.75,1,-2
128,5,-1,0.75,2,-0.5
94,5,-1,0.75,2,-1
86,5,-1,0.75,2,-1.5
84,5,-1,0.75,2,-2
158,5,-1,0.75,3,-0.5
81,5,-1,0.75,3,-1
71,5,-1,0.75,3,-1.5
64,5,-1,0.75,3,-2
115,5,-1,0.75,4,-0.5
124,5,-1,0.75,4,-1
101,5,-1,0.75,4,-1.5
62,5,-1,0.75,4,-2
123,5,-1,0.75,5,-0.5
88,5,-1,0.75,5,-1
105,5,-1,0.75,5,-1.5
67,5,-1,0.75,5,-2
115,5,-1,1.25,1,-0.5
120,5,-1,1.25,1,-1
77,5,-1,1.25,1,-1.5
81,5,-1,1.25,1,-2
79,5,-1,1.25,2,-0.5
88,5,-1,1.25,2,-1
65,5,-1,1.25,2,-1.5
66,5,-1,1.25,2,-2
120,5,-1,1.25,3,-0.5
106,5,-1,1.25,3,-1
79,5,-1,1.25,3,-1.5
54,5,-1,1.25,3,-2
117,5,-1,1.25,4,-0.5
77,5,-1,1.25,4,-1
38,5,-1,1.25,4,-1.5
44,5,-1,1.25,4,-2
86,5,-1,1.25,5,-0.5
66,5,-1,1.25,5,-1
74,5,-1,1.25,5,-1.5
47,5,-1,1.25,5,-2
115,5,-1,1.75,1,-0.5
101,5,-1,1.75,1,-1
85,5,-1,1.75,1,-1.5
63,5,-1,1.75,1,-2
124,5,-1,1.75,2,-0.5
106,5,-1,1.75,2,-1
74,5,-1,1.75,2,-1.5
51,5,-1,1.75,2,-2
75,5,-1,1.75,3,-0.5
85,5,-1,1.75,3,-1
74,5,-1,1.75,3,-1.5
43,5,-1,1.75,3,-2
101,5,-1,1.75,4,-0.5
84,5,-1,1.75,4,-1
86,5,-1,1.75,4,-1.5
66,5,-1,1.75,4,-2
92,5,-1,1.75,5,-0.5
86,5,-1,1.75,5,-1
47,5,-1,1.75,5,-1.5
52,5,-1,1.75,5,-2
227,5,-2,0.25,1,-0.5
139,5,-2,0.25,1,-1
150,5,-2,0.25,1,-1.5
193,5,-2,0.25,1,-2
205,5,-2,0.25,2,-0.5
145,5,-2,0.25,2,-1
119,5,-2,0.25,2,-1.5
89,5,-2,0.25,2,-2
112,5,-2,0.25,3,-0.5
166,5,-2,0.25,3,-1
163,5,-2,0.25,3,-1.5
62,5,-2,0.25,3,-2
101,5,-2,0.25,4,-0.5
237,5,-2,0.25,4,-1
95,5,-2,0.25,4,-1.5
76,5,-2,0.25,4,-2
472,5,-2,0.25,5,-0.5
219,5,-2,0.25,5,-1
65,5,-2,0.25,5,-1.5
72,5,-2,0.25,5,-2
142,5,-2,0.75,1,-0.5
107,5,-2,0.75,1,-1
129,5,-2,0.75,1,-1.5
56,5,-2,0.75,1,-2
90,5,-2,0.75,2,-0.5
64,5,-2,0.75,2,-1
68,5,-2,0.75,2,-1.5
104,5,-2,0.75,2,-2
168,5,-2,0.75,3,-0.5
97,5,-2,0.75,3,-1
85,5,-2,0.75,3,-1.5
82,5,-2,0.75,3,-2
175,5,-2,0.75,4,-0.5
122,5,-2,0.75,4,-1
56,5,-2,0.75,4,-1.5
35,5,-2,0.75,4,-2
107,5,-2,0.75,5,-0.5
89,5,-2,0.75,5,-1
25,5,-2,0.75,5,-1.5
59,5,-2,0.75,5,-2
103,5,-2,1.25,1,-0.5
94,5,-2,1.25,1,-1
71,5,-2,1.25,1,-1.5
28,5,-2,1.25,1,-2
96,5,-2,1.25,2,-0.5
30,5,-2,1.25,2,-1
35,5,-2,1.25,2,-1.5
54,5,-2,1.25,2,-2
87,5,-2,1.25,3,-0.5
30,5,-2,1.25,3,-1
50,5,-2,1.25,3,-1.5
63,5,-2,1.25,3,-2
68,5,-2,1.25,4,-0.5
44,5,-2,1.25,4,-1
49,5,-2,1.25,4,-1.5
28,5,-2,1.25,4,-2
41,5,-2,1.25,5,-0.5
57,5,-2,1.25,5,-1
38,5,-2,1.25,5,-1.5
36,5,-2,1.25,5,-2
79,5,-2,1.75,1,-0.5
78,5,-2,1.75,1,-1
45,5,-2,1.75,1,-1.5
75,5,-2,1.75,1,-2
92,5,-2,1.75,2,-0.5
51,5,-2,1.75,2,-1
61,5,-2,1.75,2,-1.5
65,5,-2,1.75,2,-2
58,5,-2,1.75,3,-0.5
45,5,-2,1.75,3,-1
39,5,-2,1.75,3,-1.5
40,5,-2,1.75,3,-2
88,5,-2,1.75,4,-0.5
50,5,-2,1.75,4,-1
47,5,-2,1.75,4,-1.5
33,5,-2,1.75,4,-2
73,5,-2,1.75,5,-0.5
84,5,-2,1.75,5,-1
42,5,-2,1.75,5,-1.5
25,5,-2,1.75,5,-2
158,5,-3,0.25,1,-0.5
206,5,-3,0.25,1,-1
174,5,-3,0.25,1,-1.5
525,5,-3,0.25,1,-2
262,5,-3,0.25,2,-0.5
120,5,-3,0.25,2,-1
149,5,-3,0.25,2,-1.5
92,5,-3,0.25,2,-2
163,5,-3,0.25,3,-0.5
422,5,-3,0.25,3,-1
164,5,-3,0.25,3,-1.5
92,5,-3,0.25,3,-2
283,5,-3,0.25,4,-0.5
102,5,-3,0.25,4,-1
220,5,-3,0.25,4,-1.5
97,5,-3,0.25,4,-2
239,5,-3,0.25,5,-0.5
130,5,-3,0.25,5,-1
255,5,-3,0.25,5,-1.5
75,5,-3,0.25,5,-2
109,5,-3,0.75,1,-0.5
147,5,-3,0.75,1,-1
80,5,-3,0.75,1,-1.5
79,5,-3,0.75,1,-2
253,5,-3,0.75,2,-0.5
159,5,-3,0.75,2,-1
128,5,-3,0.75,2,-1.5
26,5,-3,0.75,2,-2
145,5,-3,0.75,3,-0.5
44,5,-3,0.75,3,-1
54,5,-3,0.75,3,-1.5
60,5,-3,0.75,3,-2
103,5,-3,0.75,4,-0.5
118,5,-3,0.75,4,-1
54,5,-3,0.75,4,-1.5
52,5,-3,0.75,4,-2
177,5,-3,0.75,5,-0.5
46,5,-3,0.75,5,-1
215,5,-3,0.75,5,-1.5
91,5,-3,0.75,5,-2
74,5,-3,1.25,1,-0.5
81,5,-3,1.25,1,-1
65,5,-3,1.25,1,-1.5
56,5,-3,1.25,1,-2
61,5,-3,1.25,2,-0.5
122,5,-3,1.25,2,-1
38,5,-3,1.25,2,-1.5
32,5,-3,1.25,2,-2
44,5,-3,1.25,3,-0.5
297,5,-3,1.25,3,-1
43,5,-3,1.25,3,-1.5
21,5,-3,1.25,3,-2
57,5,-3,1.25,4,-0.5
22,5,-3,1.25,4,-1
36,5,-3,1.25,4,-1.5
32,5,-3,1.25,4,-2
43,5,-3,1.25,5,-0.5
30,5,-3,1.25,5,-1
30,5,-3,1.25,5,-1.5
30,5,-3,1.25,5,-2
99,5,-3,1.75,1,-0.5
59,5,-3,1.75,1,-1
24,5,-3,1.75,1,-1.5
32,5,-3,1.75,1,-2
72,5,-3,1.75,2,-0.5
66,5,-3,1.75,2,-1
34,5,-3,1.75,2,-1.5
42,5,-3,1.75,2,-2
59,5,-3,1.75,3,-0.5
21,5,-3,1.75,3,-1
64,5,-3,1.75,3,-1.5
53,5,-3,1.75,3,-2
49,5,-3,1.75,4,-0.5
35,5,-3,1.75,4,-1
23,5,-3,1.75,4,-1.5
39,5,-3,1.75,4,-2
53,5,-3,1.75,5,-0.5
39,5,-3,1.75,5,-1
23,5,-3,1.75,5,-1.5
31,5,-3,1.75,5,-2
501,5,-4,0.25,1,-0.5
360,5,-4,0.25,1,-1
315,5,-4,0.25,1,-1.5
362,5,-4,0.25,1,-2
212,5,-4,0.25,2,-0.5
235,5,-4,0.25,2,-1
79,5,-4,0.25,2,-1.5
238,5,-4,0.25,2,-2
222,5,-4,0.25,3,-0.5
133,5,-4,0.25,3,-1
400,5,-4,0.25,3,-1.5
65,5,-4,0.25,3,-2
445,5,-4,0.25,4,-0.5
121,5,-4,0.25,4,-1
440,5,-4,0.25,4,-1.5
85,5,-4,0.25,4,-2
293,5,-4,0.25,5,-0.5
79,5,-4,0.25,5,-1
290,5,-4,0.25,5,-1.5
82,5,-4,0.25,5,-2
93,5,-4,0.75,1,-0.5
136,5,-4,0.75,1,-1
105,5,-4,0.75,1,-1.5
69,5,-4,0.75,1,-2
83,5,-4,0.75,2,-0.5
75,5,-4,0.75,2,-1
57,5,-4,0.75,2,-1.5
67,5,-4,0.75,2,-2
115,5,-4,0.75,3,-0.5
172,5,-4,0.75,3,-1
134,5,-4,0.75,3,-1.5
81,5,-4,0.75,3,-2
106,5,-4,0.75,4,-0.5
111,5,-4,0.75,4,-1
45,5,-4,0.75,4,-1.5
58,5,-4,0.75,4,-2
107,5,-4,0.75,5,-0.5
28,5,-4,0.75,5,-1
107,5,-4,0.75,5,-1.5
47,5,-4,0.75,5,-2
68,5,-4,1.25,1,-0.5
43,5,-4,1.25,1,-1
73,5,-4,1.25,1,-1.5
40,5,-4,1.25,1,-2
31,5,-4,1.25,2,-0.5
35,5,-4,1.25,2,-1
66,5,-4,1.25,2,-1.5
39,5,-4,1.25,2,-2
108,5,-4,1.25,3,-0.5
22,5,-4,1.25,3,-1
38,5,-4,1.25,3,-1.5
69,5,-4,1.25,3,-2
95,5,-4,1.25,4,-0.5
19,5,-4,1.25,4,-1
44,5,-4,1.25,4,-1.5
121,5,-4,1.25,4,-2
209,5,-4,1.25,5,-0.5
39,5,-4,1.25,5,-1
81,5,-4,1.25,5,-1.5
34,5,-4,1.25,5,-2
29,5,-4,1.75,1,-0.5
41,5,-4,1.75,1,-1
27,5,-4,1.75,1,-1.5
45,5,-4,1.75,1,-2
61,5,-4,1.75,2,-0.5
27,5,-4,1.75,2,-1
23,5,-4,1.75,2,-1.5
30,5,-4,1.75,2,-2
50,5,-4,1.75,3,-0.5
39,5,-4,1.75,3,-1
18,5,-4,1.75,3,-1.5
88,5,-4,1.75,3,-2
47,5,-4,1.75,4,-0.5
43,5,-4,1.75,4,-1
19,5,-4,1.75,4,-1.5
44,5,-4,1.75,4,-2
37,5,-4,1.75,5,-0.5
34,5,-4,1.75,5,-1
29,5,-4,1.75,5,-1.5
31,5,-4,1.75,5,-2
552,5,-5,0.25,1,-0.5
175,5,-5,0.25,1,-1
242,5,-5,0.25,1,-1.5
93,5,-5,0.25,1,-2
552,5,-5,0.25,2,-0.5
336,5,-5,0.25,2,-1
131,5,-5,0.25,2,-1.5
184,5,-5,0.25,2,-2
197,5,-5,0.25,3,-0.5
151,5,-5,0.25,3,-1
251,5,-5,0.25,3,-1.5
193,5,-5,0.25,3,-2
177,5,-5,0.25,4,-0.5
158,5,-5,0.25,4,-1
245,5,-5,0.25,4,-1.5
349,5,-5,0.25,4,-2
162,5,-5,0.25,5,-0.5
182,5,-5,0.25,5,-1
209,5,-5,0.25,5,-1.5
131,5,-5,0.25,5,-2
90,5,-5,0.75,1,-0.5
249,5,-5,0.75,1,-1
80,5,-5,0.75,1,-1.5
75,5,-5,0.75,1,-2
369,5,-5,0.75,2,-0.5
182,5,-5,0.75,2,-1
83,5,-5,0.75,2,-1.5
117,5,-5,0.75,2,-2
650,5,-5,0.75,3,-0.5
68,5,-5,0.75,3,-1
137,5,-5,0.75,3,-1.5
120,5,-5,0.75,3,-2
61,5,-5,0.75,4,-0.5
83,5,-5,0.75,4,-1
26,5,-5,0.75,4,-1.5
31,5,-5,0.75,4,-2
103,5,-5,0.75,5,-0.5
100,5,-5,0.75,5,-1
65,5,-5,0.75,5,-1.5
47,5,-5,0.75,5,-2
93,5,-5,1.25,1,-0.5
71,5,-5,1.25,1,-1
23,5,-5,1.25,1,-1.5
58,5,-5,1.25,1,-2
85,5,-5,1.25,2,-0.5
81,5,-5,1.25,2,-1
44,5,-5,1.25,2,-1.5
26,5,-5,1.25,2,-2
732,5,-5,1.25,3,-0.5
46,5,-5,1.25,3,-1
21,5,-5,1.25,3,-1.5
62,5,-5,1.25,3,-2
732,5,-5,1.25,4,-0.5
37,5,-5,1.25,4,-1
44,5,-5,1.25,4,-1.5
45,5,-5,1.25,4,-2
743,5,-5,1.25,5,-0.5
46,5,-5,1.25,5,-1
51,5,-5,1.25,5,-1.5
66,5,-5,1.25,5,-2
35,5,-5,1.75,1,-0.5
38,5,-5,1.75,1,-1
22,5,-5,1.75,1,-1.5
58,5,-5,1.75,1,-2
67,5,-5,1.75,2,-0.5
42,5,-5,1.75,2,-1
59,5,-5,1.75,2,-1.5
28,5,-5,1.75,2,-2
37,5,-5,1.75,3,-0.5
38,5,-5,1.75,3,-1
29,5,-5,1.75,3,-1.5
24,5,-5,1.75,3,-2
43,5,-5,1.75,4,-0.5
21,5,-5,1.75,4,-1
33,5,-5,1.75,4,-1.5
24,5,-5,1.75,4,-2
49,5,-5,1.75,5,-0.5
24,5,-5,1.75,5,-1
29,5,-5,1.75,5,-1.5
50,5,-5,1.75,5,-2
