206,1,-1,0.25,1,-0.5
17,1,-1,0.25,1,-1
26,1,-1,0.25,1,-1.5
28,1,-1,0.25,1,-2
144,1,-1,0.25,2,-0.5
38,1,-1,0.25,2,-1
36,1,-1,0.25,2,-1.5
35,1,-1,0.25,2,-2
37,1,-1,0.25,3,-0.5
58,1,-1,0.25,3,-1
45,1,-1,0.25,3,-1.5
24,1,-1,0.25,3,-2
51,1,-1,0.25,4,-0.5
25,1,-1,0.25,4,-1
70,1,-1,0.25,4,-1.5
45,1,-1,0.25,4,-2
74,1,-1,0.25,5,-0.5
39,1,-1,0.25,5,-1
50,1,-1,0.25,5,-1.5
48,1,-1,0.25,5,-2
65,1,-1,0.75,1,-0.5
44,1,-1,0.75,1,-1
49,1,-1,0.75,1,-1.5
41,1,-1,0.75,1,-2
40,1,-1,0.75,2,-0.5
32,1,-1,0.75,2,-1
53,1,-1,0.75,2,-1.5
64,1,-1,0.75,2,-2
46,1,-1,0.75,3,-0.5
49,1,-1,0.75,3,-1
51,1,-1,0.75,3,-1.5
35,1,-1,0.75,3,-2
59,1,-1,0.75,4,-0.5
55,1,-1,0.75,4,-1
65,1,-1,0.75,4,-1.5
42,1,-1,0.75,4,-2
47,1,-1,0.75,5,-0.5
60,1,-1,0.75,5,-1
64,1,-1,0.75,5,-1.5
54,1,-1,0.75,5,-2
97,1,-1,1.25,1,-0.5
112,1,-1,1.25,1,-1
61,1,-1,1.25,1,-1.5
64,1,-1,1.25,1,-2
97,1,-1,1.25,2,-0.5
121,1,-1,1.25,2,-1
99,1,-1,1.25,2,-1.5
89,1,-1,1.25,2,-2
134,1,-1,1.25,3,-0.5
88,1,-1,1.25,3,-1
107,1,-1,1.25,3,-1.5
69,1,-1,1.25,3,-2
84,1,-1,1.25,4,-0.5
109,1,-1,1.25,4,-1
93,1,-1,1.25,4,-1.5
79,1,-1,1.25,4,-2
122,1,-1,1.25,5,-0.5
110,1,-1,1.25,5,-1
121,1,-1,1.25,5,-1.5
88,1,-1,1.25,5,-2
174,1,-1,1.75,1,-0.5
122,1,-1,1.75,1,-1
136,1,-1,1.75,1,-1.5
138,1,-1,1.75,1,-2
153,1,-1,1.75,2,-0.5
136,1,-1,1.75,2,-1
137,1,-1,1.75,2,-1.5
116,1,-1,1.75,2,-2
121,1,-1,1.75,3,-0.5
141,1,-1,1.75,3,-1
114,1,-1,1.75,3,-1.5
119,1,-1,1.75,3,-2
173,1,-1,1.75,4,-0.5
99,1,-1,1.75,4,-1
120,1,-1,1.75,4,-1.5
105,1,-1,1.75,4,-2
148,1,-1,1.75,5,-0.5
113,1,-1,1.75,5,-1
142,1,-1,1.75,5,-1.5
101,1,-1,1.75,5,-2
234,1,-2,0.25,1,-0.5
57,1,-2,0.25,1,-1
43,1,-2,0.25,1,-1.5
19,1,-2,0.25,1,-2
240,1,-2,0.25,2,-0.5
83,1,-2,0.25,2,-1
70,1,-2,0.25,2,-1.5
266,1,-2,0.25,2,-2
296,1,-2,0.25,3,-0.5
39,1,-2,0.25,3,-1
92,1,-2,0.25,3,-1.5
32,1,-2,0.25,3,-2
94,1,-2,0.25,4,-0.5
63,1,-2,0.25,4,-1
119,1,-2,0.25,4,-1.5
66,1,-2,0.25,4,-2
346,1,-2,0.25,5,-0.5
48,1,-2,0.25,5,-1
73,1,-2,0.25,5,-1.5
63,1,-2,0.25,5,-2
34,1,-2,0.75,1,-0.5
29,1,-2,0.75,1,-1
21,1,-2,0.75,1,-1.5
25,1,-2,0.75,1,-2
32,1,-2,0.75,2,-0.5
27,1,-2,0.75,2,-1
16,1,-2,0.75,2,-1.5
29,1,-2,0.75,2,-2
24,1,-2,0.75,3,-0.5
18,1,-2,0.75,3,-1
21,1,-2,0.75,3,-1.5
48,1,-2,0.75,3,-2
38,1,-2,0.75,4,-0.5
32,1,-2,0.75,4,-1
39,1,-2,0.75,4,-1.5
36,1,-2,0.75,4,-2
15,1,-2,0.75,5,-0.5
47,1,-2,0.75,5,-1
37,1,-2,0.75,5,-1.5
23,1,-2,0.75,5,-2
73,1,-2,1.25,1,-0.5
84,1,-2,1.25,1,-1
38,1,-2,1.25,1,-1.5
77,1,-2,1.25,1,-2
50,1,-2,1.25,2,-0.5
62,1,-2,1.25,2,-1
42,1,-2,1.25,2,-1.5
52,1,-2,1.25,2,-2
75,1,-2,1.25,3,-0.5
65,1,-2,1.25,3,-1
61,1,-2,1.25,3,-1.5
56,1,-2,1.25,3,-2
37,1,-2,1.25,4,-0.5
49,1,-2,1.25,4,-1
70,1,-2,1.25,4,-1.5
49,1,-2,1.25,4,-2
90,1,-2,1.25,5,-0.5
62,1,-2,1.25,5,-1
62,1,-2,1.25,5,-1.5
62,1,-2,1.25,5,-2
103,1,-2,1.75,1,-0.5
86,1,-2,1.75,1,-1
77,1,-2,1.75,1,-1.5
96,1,-2,1.75,1,-2
123,1,-2,1.75,2,-0.5
82,1,-2,1.75,2,-1
83,1,-2,1.75,2,-1.5
88,1,-2,1.75,2,-2
79,1,-2,1.75,3,-0.5
74,1,-2,1.75,3,-1
89,1,-2,1.75,3,-1.5
77,1,-2,1.75,3,-2
109,1,-2,1.75,4,-0.5
98,1,-2,1.75,4,-1
91,1,-2,1.75,4,-1.5
92,1,-2,1.75,4,-2
75,1,-2,1.75,5,-0.5
98,1,-2,1.75,5,-1
70,1,-2,1.75,5,-1.5
98,1,-2,1.75,5,-2
287,1,-3,0.25,1,-0.5
82,1,-3,0.25,1,-1
125,1,-3,0.25,1,-1.5
50,1,-3,0.25,1,-2
39,1,-3,0.25,2,-0.5
256,1,-3,0.25,2,-1
76,1,-3,0.25,2,-1.5
126,1,-3,0.25,2,-2
245,1,-3,0.25,3,-0.5
159,1,-3,0.25,3,-1
89,1,-3,0.25,3,-1.5
75,1,-3,0.25,3,-2
23,1,-3,0.25,4,-0.5
144,1,-3,0.25,4,-1
36,1,-3,0.25,4,-1.5
32,1,-3,0.25,4,-2
276,1,-3,0.25,5,-0.5
60,1,-3,0.25,5,-1
30,1,-3,0.25,5,-1.5
87,1,-3,0.25,5,-2
180,1,-3,0.75,1,-0.5
31,1,-3,0.75,1,-1
129,1,-3,0.75,1,-1.5
65,1,-3,0.75,1,-2
126,1,-3,0.75,2,-0.5
242,1,-3,0.75,2,-1
19,1,-3,0.75,2,-1.5
65,1,-3,0.75,2,-2
33,1,-3,0.75,3,-0.5
34,1,-3,0.75,3,-1
29,1,-3,0.75,3,-1.5
46,1,-3,0.75,3,-2
18,1,-3,0.75,4,-0.5
223,1,-3,0.75,4,-1
250,1,-3,0.75,4,-1.5
24,1,-3,0.75,4,-2
25,1,-3,0.75,5,-0.5
27,1,-3,0.75,5,-1
24,1,-3,0.75,5,-1.5
93,1,-3,0.75,5,-2
52,1,-3,1.25,1,-0.5
47,1,-3,1.25,1,-1
25,1,-3,1.25,1,-1.5
55,1,-3,1.25,1,-2
59,1,-3,1.25,2,-0.5
23,1,-3,1.25,2,-1
24,1,-3,1.25,2,-1.5
55,1,-3,1.25,2,-2
28,1,-3,1.25,3,-0.5
23,1,-3,1.25,3,-1
34,1,-3,1.25,3,-1.5
25,1,-3,1.25,3,-2
52,1,-3,1.25,4,-0.5
39,1,-3,1.25,4,-1
122,1,-3,1.25,4,-1.5
44,1,-3,1.25,4,-2
48,1,-3,1.25,5,-0.5
45,1,-3,1.25,5,-1
38,1,-3,1.25,5,-1.5
55,1,-3,1.25,5,-2
98,1,-3,1.75,1,-0.5
50,1,-3,1.75,1,-1
49,1,-3,1.75,1,-1.5
67,1,-3,1.75,1,-2
89,1,-3,1.75,2,-0.5
51,1,-3,1.75,2,-1
47,1,-3,1.75,2,-1.5
43,1,-3,1.75,2,-2
75,1,-3,1.75,3,-0.5
44,1,-3,1.75,3,-1
49,1,-3,1.75,3,-1.5
50,1,-3,1.75,3,-2
97,1,-3,1.75,4,-0.5
45,1,-3,1.75,4,-1
60,1,-3,1.75,4,-1.5
31,1,-3,1.75,4,-2
50,1,-3,1.75,5,-0.5
56,1,-3,1.75,5,-1
52,1,-3,1.75,5,-1.5
60,1,-3,1.75,5,-2
531,1,-4,0.25,1,-0.5
459,1,-4,0.25,1,-1
363,1,-4,0.25,1,-1.5
183,1,-4,0.25,1,-2
348,1,-4,0.25,2,-0.5
306,1,-4,0.25,2,-1
309,1,-4,0.25,2,-1.5
401,1,-4,0.25,2,-2
353,1,-4,0.25,3,-0.5
346,1,-4,0.25,3,-1
201,1,-4,0.25,3,-1.5
199,1,-4,0.25,3,-2
443,1,-4,0.25,4,-0.5
338,1,-4,0.25,4,-1
300,1,-4,0.25,4,-1.5
253,1,-4,0.25,4,-2
425,1,-4,0.25,5,-0.5
161,1,-4,0.25,5,-1
365,1,-4,0.25,5,-1.5
81,1,-4,0.25,5,-2
277,1,-4,0.75,1,-0.5
56,1,-4,0.75,1,-1
33,1,-4,0.75,1,-1.5
49,1,-4,0.75,1,-2
29,1,-4,0.75,2,-0.5
45,1,-4,0.75,2,-1
289,1,-4,0.75,2,-1.5
33,1,-4,0.75,2,-2
27,1,-4,0.75,3,-0.5
369,1,-4,0.75,3,-1
62,1,-4,0.75,3,-1.5
181,1,-4,0.75,3,-2
209,1,-4,0.75,4,-0.5
41,1,-4,0.75,4,-1
49,1,-4,0.75,4,-1.5
139,1,-4,0.75,4,-2
107,1,-4,0.75,5,-0.5
59,1,-4,0.75,5,-1
30,1,-4,0.75,5,-1.5
43,1,-4,0.75,5,-2
82,1,-4,1.25,1,-0.5
23,1,-4,1.25,1,-1
46,1,-4,1.25,1,-1.5
34,1,-4,1.25,1,-2
41,1,-4,1.25,2,-0.5
298,1,-4,1.25,2,-1
38,1,-4,1.25,2,-1.5
72,1,-4,1.25,2,-2
64,1,-4,1.25,3,-0.5
40,1,-4,1.25,3,-1
17,1,-4,1.25,3,-1.5
28,1,-4,1.25,3,-2
49,1,-4,1.25,4,-0.5
26,1,-4,1.25,4,-1
43,1,-4,1.25,4,-1.5
33,1,-4,1.25,4,-2
63,1,-4,1.25,5,-0.5
25,1,-4,1.25,5,-1
47,1,-4,1.25,5,-1.5
27,1,-4,1.25,5,-2
43,1,-4,1.75,1,-0.5
54,1,-4,1.75,1,-1
19,1,-4,1.75,1,-1.5
34,1,-4,1.75,1,-2
57,1,-4,1.75,2,-0.5
33,1,-4,1.75,2,-1
44,1,-4,1.75,2,-1.5
36,1,-4,1.75,2,-2
45,1,-4,1.75,3,-0.5
43,1,-4,1.75,3,-1
25,1,-4,1.75,3,-1.5
27,1,-4,1.75,3,-2
32,1,-4,1.75,4,-0.5
36,1,-4,1.75,4,-1
61,1,-4,1.75,4,-1.5
40,1,-4,1.75,4,-2
40,1,-4,1.75,5,-0.5
35,1,-4,1.75,5,-1
37,1,-4,1.75,5,-1.5
68,1,-4,1.75,5,-2
474,1,-5,0.25,1,-0.5
294,1,-5,0.25,1,-1
446,1,-5,0.25,1,-1.5
97,1,-5,0.25,1,-2
287,1,-5,0.25,2,-0.5
247,1,-5,0.25,2,-1
460,1,-5,0.25,2,-1.5
149,1,-5,0.25,2,-2
246,1,-5,0.25,3,-0.5
376,1,-5,0.25,3,-1
460,1,-5,0.25,3,-1.5
310,1,-5,0.25,3,-2
222,1,-5,0.25,4,-0.5
57,1,-5,0.25,4,-1
323,1,-5,0.25,4,-1.5
191,1,-5,0.25,4,-2
202,1,-5,0.25,5,-0.5
253,1,-5,0.25,5,-1
406,1,-5,0.25,5,-1.5
171,1,-5,0.25,5,-2
373,1,-5,0.75,1,-0.5
79,1,-5,0.75,1,-1
330,1,-5,0.75,1,-1.5
206,1,-5,0.75,1,-2
498,1,-5,0.75,2,-0.5
220,1,-5,0.75,2,-1
184,1,-5,0.75,2,-1.5
19,1,-5,0.75,2,-2
498,1,-5,0.75,3,-0.5
61,1,-5,0.75,3,-1
24,1,-5,0.75,3,-1.5
54,1,-5,0.75,3,-2
24,1,-5,0.75,4,-0.5
234,1,-5,0.75,4,-1
23,1,-5,0.75,4,-1.5
21,1,-5,0.75,4,-2
300,1,-5,0.75,5,-0.5
37,1,-5,0.75,5,-1
22,1,-5,0.75,5,-1.5
25,1,-5,0.75,5,-2
38,1,-5,1.25,1,-0.5
47,1,-5,1.25,1,-1
187,1,-5,1.25,1,-1.5
76,1,-5,1.25,1,-2
45,1,-5,1.25,2,-0.5
47,1,-5,1.25,2,-1
44,1,-5,1.25,2,-1.5
251,1,-5,1.25,2,-2
493,1,-5,1.25,3,-0.5
144,1,-5,1.25,3,-1
43,1,-5,1.25,3,-1.5
30,1,-5,1.25,3,-2
441,1,-5,1.25,4,-0.5
26,1,-5,1.25,4,-1
32,1,-5,1.25,4,-1.5
129,1,-5,1.25,4,-2
637,1,-5,1.25,5,-0.5
38,1,-5,1.25,5,-1
32,1,-5,1.25,5,-1.5
46,1,-5,1.25,5,-2
78,1,-5,1.75,1,-0.5
46,1,-5,1.75,1,-1
16,1,-5,1.75,1,-1.5
50,1,-5,1.75,1,-2
39,1,-5,1.75,2,-0.5
40,1,-5,1.75,2,-1
57,1,-5,1.75,2,-1.5
72,1,-5,1.75,2,-2
63,1,-5,1.75,3,-0.5
110,1,-5,1.75,3,-1
39,1,-5,1.75,3,-1.5
33,1,-5,1.75,3,-2
55,1,-5,1.75,4,-0.5
40,1,-5,1.75,4,-1
38,1,-5,1.75,4,-1.5
20,1,-5,1.75,4,-2
53,1,-5,1.75,5,-0.5
49,1,-5,1.75,5,-1
161,1,-5,1.75,5,-1.5
66,1,-5,1.75,5,-2
202,2,-1,0.25,1,-0.5
91,2,-1,0.25,1,-1
36,2,-1,0.25,1,-1.5
46,2,-1,0.25,1,-2
240,2,-1,0.25,2,-0.5
63,2,-1,0.25,2,-1
54,2,-1,0.25,2,-1.5
25,2,-1,0.25,2,-2
76,2,-1,0.25,3,-0.5
95,2,-1,0.25,3,-1
26,2,-1,0.25,3,-1.5
41,2,-1,0.25,3,-2
496,2,-1,0.25,4,-0.5
104,2,-1,0.25,4,-1
39,2,-1,0.25,4,-1.5
50,2,-1,0.25,4,-2
93,2,-1,0.25,5,-0.5
104,2,-1,0.25,5,-1
62,2,-1,0.25,5,-1.5
14,2,-1,0.25,5,-2
77,2,-1,0.75,1,-0.5
24,2,-1,0.75,1,-1
44,2,-1,0.75,1,-1.5
30,2,-1,0.75,1,-2
52,2,-1,0.75,2,-0.5
28,2,-1,0.75,2,-1
47,2,-1,0.75,2,-1.5
18,2,-1,0.75,2,-2
65,2,-1,0.75,3,-0.5
49,2,-1,0.75,3,-1
35,2,-1,0.75,3,-1.5
31,2,-1,0.75,3,-2
79,2,-1,0.75,4,-0.5
42,2,-1,0.75,4,-1
37,2,-1,0.75,4,-1.5
61,2,-1,0.75,4,-2
45,2,-1,0.75,5,-0.5
71,2,-1,0.75,5,-1
63,2,-1,0.75,5,-1.5
38,2,-1,0.75,5,-2
81,2,-1,1.25,1,-0.5
64,2,-1,1.25,1,-1
65,2,-1,1.25,1,-1.5
42,2,-1,1.25,1,-2
79,2,-1,1.25,2,-0.5
74,2,-1,1.25,2,-1
62,2,-1,1.25,2,-1.5
40,2,-1,1.25,2,-2
86,2,-1,1.25,3,-0.5
64,2,-1,1.25,3,-1
52,2,-1,1.25,3,-1.5
58,2,-1,1.25,3,-2
101,2,-1,1.25,4,-0.5
39,2,-1,1.25,4,-1
64,2,-1,1.25,4,-1.5
84,2,-1,1.25,4,-2
98,2,-1,1.25,5,-0.5
82,2,-1,1.25,5,-1
59,2,-1,1.25,5,-1.5
63,2,-1,1.25,5,-2
124,2,-1,1.75,1,-0.5
128,2,-1,1.75,1,-1
89,2,-1,1.75,1,-1.5
96,2,-1,1.75,1,-2
127,2,-1,1.75,2,-0.5
107,2,-1,1.75,2,-1
71,2,-1,1.75,2,-1.5
103,2,-1,1.75,2,-2
99,2,-1,1.75,3,-0.5
115,2,-1,1.75,3,-1
89,2,-1,1.75,3,-1.5
113,2,-1,1.75,3,-2
100,2,-1,1.75,4,-0.5
100,2,-1,1.75,4,-1
70,2,-1,1.75,4,-1.5
72,2,-1,1.75,4,-2
143,2,-1,1.75,5,-0.5
91,2,-1,1.75,5,-1
72,2,-1,1.75,5,-1.5
92,2,-1,1.75,5,-2
331,2,-2,0.25,1,-0.5
250,2,-2,0.25,1,-1
57,2,-2,0.25,1,-1.5
41,2,-2,0.25,1,-2
475,2,-2,0.25,2,-0.5
106,2,-2,0.25,2,-1
193,2,-2,0.25,2,-1.5
33,2,-2,0.25,2,-2
292,2,-2,0.25,3,-0.5
92,2,-2,0.25,3,-1
50,2,-2,0.25,3,-1.5
108,2,-2,0.25,3,-2
206,2,-2,0.25,4,-0.5
230,2,-2,0.25,4,-1
219,2,-2,0.25,4,-1.5
39,2,-2,0.25,4,-2
392,2,-2,0.25,5,-0.5
215,2,-2,0.25,5,-1
85,2,-2,0.25,5,-1.5
111,2,-2,0.25,5,-2
38,2,-2,0.75,1,-0.5
41,2,-2,0.75,1,-1
29,2,-2,0.75,1,-1.5
78,2,-2,0.75,1,-2
52,2,-2,0.75,2,-0.5
39,2,-2,0.75,2,-1
36,2,-2,0.75,2,-1.5
29,2,-2,0.75,2,-2
47,2,-2,0.75,3,-0.5
31,2,-2,0.75,3,-1
40,2,-2,0.75,3,-1.5
59,2,-2,0.75,3,-2
40,2,-2,0.75,4,-0.5
74,2,-2,0.75,4,-1
43,2,-2,0.75,4,-1.5
75,2,-2,0.75,4,-2
26,2,-2,0.75,5,-0.5
106,2,-2,0.75,5,-1
46,2,-2,0.75,5,-1.5
21,2,-2,0.75,5,-2
77,2,-2,1.25,1,-0.5
43,2,-2,1.25,1,-1
41,2,-2,1.25,1,-1.5
33,2,-2,1.25,1,-2
27,2,-2,1.25,2,-0.5
22,2,-2,1.25,2,-1
61,2,-2,1.25,2,-1.5
50,2,-2,1.25,2,-2
53,2,-2,1.25,3,-0.5
45,2,-2,1.25,3,-1
52,2,-2,1.25,3,-1.5
44,2,-2,1.25,3,-2
48,2,-2,1.25,4,-0.5
41,2,-2,1.25,4,-1
42,2,-2,1.25,4,-1.5
35,2,-2,1.25,4,-2
42,2,-2,1.25,5,-0.5
49,2,-2,1.25,5,-1
32,2,-2,1.25,5,-1.5
73,2,-2,1.25,5,-2
97,2,-2,1.75,1,-0.5
88,2,-2,1.75,1,-1
35,2,-2,1.75,1,-1.5
33,2,-2,1.75,1,-2
79,2,-2,1.75,2,-0.5
93,2,-2,1.75,2,-1
51,2,-2,1.75,2,-1.5
22,2,-2,1.75,2,-2
83,2,-2,1.75,3,-0.5
59,2,-2,1.75,3,-1
41,2,-2,1.75,3,-1.5
35,2,-2,1.75,3,-2
64,2,-2,1.75,4,-0.5
46,2,-2,1.75,4,-1
81,2,-2,1.75,4,-1.5
34,2,-2,1.75,4,-2
73,2,-2,1.75,5,-0.5
59,2,-2,1.75,5,-1
51,2,-2,1.75,5,-1.5
55,2,-2,1.75,5,-2
474,2,-3,0.25,1,-0.5
292,2,-3,0.25,1,-1
115,2,-3,0.25,1,-1.5
247,2,-3,0.25,1,-2
159,2,-3,0.25,2,-0.5
190,2,-3,0.25,2,-1
36,2,-3,0.25,2,-1.5
59,2,-3,0.25,2,-2
296,2,-3,0.25,3,-0.5
131,2,-3,0.25,3,-1
129,2,-3,0.25,3,-1.5
108,2,-3,0.25,3,-2
481,2,-3,0.25,4,-0.5
26,2,-3,0.25,4,-1
409,2,-3,0.25,4,-1.5
194,2,-3,0.25,4,-2
384,2,-3,0.25,5,-0.5
98,2,-3,0.25,5,-1
197,2,-3,0.25,5,-1.5
138,2,-3,0.25,5,-2
96,2,-3,0.75,1,-0.5
87,2,-3,0.75,1,-1
60,2,-3,0.75,1,-1.5
57,2,-3,0.75,1,-2
100,2,-3,0.75,2,-0.5
46,2,-3,0.75,2,-1
35,2,-3,0.75,2,-1.5
47,2,-3,0.75,2,-2
75,2,-3,0.75,3,-0.5
83,2,-3,0.75,3,-1
118,2,-3,0.75,3,-1.5
64,2,-3,0.75,3,-2
71,2,-3,0.75,4,-0.5
165,2,-3,0.75,4,-1
137,2,-3,0.75,4,-1.5
31,2,-3,0.75,4,-2
70,2,-3,0.75,5,-0.5
140,2,-3,0.75,5,-1
17,2,-3,0.75,5,-1.5
48,2,-3,0.75,5,-2
27,2,-3,1.25,1,-0.5
37,2,-3,1.25,1,-1
23,2,-3,1.25,1,-1.5
28,2,-3,1.25,1,-2
26,2,-3,1.25,2,-0.5
71,2,-3,1.25,2,-1
28,2,-3,1.25,2,-1.5
49,2,-3,1.25,2,-2
47,2,-3,1.25,3,-0.5
23,2,-3,1.25,3,-1
24,2,-3,1.25,3,-1.5
35,2,-3,1.25,3,-2
412,2,-3,1.25,4,-0.5
24,2,-3,1.25,4,-1
30,2,-3,1.25,4,-1.5
22,2,-3,1.25,4,-2
35,2,-3,1.25,5,-0.5
32,2,-3,1.25,5,-1
17,2,-3,1.25,5,-1.5
47,2,-3,1.25,5,-2
85,2,-3,1.75,1,-0.5
39,2,-3,1.75,1,-1
36,2,-3,1.75,1,-1.5
41,2,-3,1.75,1,-2
77,2,-3,1.75,2,-0.5
58,2,-3,1.75,2,-1
50,2,-3,1.75,2,-1.5
39,2,-3,1.75,2,-2
48,2,-3,1.75,3,-0.5
43,2,-3,1.75,3,-1
47,2,-3,1.75,3,-1.5
27,2,-3,1.75,3,-2
44,2,-3,1.75,4,-0.5
41,2,-3,1.75,4,-1
28,2,-3,1.75,4,-1.5
64,2,-3,1.75,4,-2
59,2,-3,1.75,5,-0.5
23,2,-3,1.75,5,-1
47,2,-3,1.75,5,-1.5
18,2,-3,1.75,5,-2
278,2,-4,0.25,1,-0.5
159,2,-4,0.25,1,-1
400,2,-4,0.25,1,-1.5
109,2,-4,0.25,1,-2
427,2,-4,0.25,2,-0.5
362,2,-4,0.25,2,-1
390,2,-4,0.25,2,-1.5
47,2,-4,0.25,2,-2
420,2,-4,0.25,3,-0.5
381,2,-4,0.25,3,-1
390,2,-4,0.25,3,-1.5
174,2,-4,0.25,3,-2
487,2,-4,0.25,4,-0.5
268,2,-4,0.25,4,-1
336,2,-4,0.25,4,-1.5
132,2,-4,0.25,4,-2
343,2,-4,0.25,5,-0.5
347,2,-4,0.25,5,-1
343,2,-4,0.25,5,-1.5
434,2,-4,0.25,5,-2
347,2,-4,0.75,1,-0.5
316,2,-4,0.75,1,-1
80,2,-4,0.75,1,-1.5
71,2,-4,0.75,1,-2
570,2,-4,0.75,2,-0.5
25,2,-4,0.75,2,-1
97,2,-4,0.75,2,-1.5
39,2,-4,0.75,2,-2
190,2,-4,0.75,3,-0.5
260,2,-4,0.75,3,-1
54,2,-4,0.75,3,-1.5
138,2,-4,0.75,3,-2
42,2,-4,0.75,4,-0.5
28,2,-4,0.75,4,-1
318,2,-4,0.75,4,-1.5
102,2,-4,0.75,4,-2
109,2,-4,0.75,5,-0.5
139,2,-4,0.75,5,-1
175,2,-4,0.75,5,-1.5
23,2,-4,0.75,5,-2
477,2,-4,1.25,1,-0.5
30,2,-4,1.25,1,-1
24,2,-4,1.25,1,-1.5
30,2,-4,1.25,1,-2
56,2,-4,1.25,2,-0.5
188,2,-4,1.25,2,-1
48,2,-4,1.25,2,-1.5
40,2,-4,1.25,2,-2
28,2,-4,1.25,3,-0.5
25,2,-4,1.25,3,-1
44,2,-4,1.25,3,-1.5
39,2,-4,1.25,3,-2
19,2,-4,1.25,4,-0.5
23,2,-4,1.25,4,-1
38,2,-4,1.25,4,-1.5
66,2,-4,1.25,4,-2
108,2,-4,1.25,5,-0.5
21,2,-4,1.25,5,-1
49,2,-4,1.25,5,-1.5
18,2,-4,1.25,5,-2
67,2,-4,1.75,1,-0.5
39,2,-4,1.75,1,-1
48,2,-4,1.75,1,-1.5
35,2,-4,1.75,1,-2
24,2,-4,1.75,2,-0.5
37,2,-4,1.75,2,-1
26,2,-4,1.75,2,-1.5
25,2,-4,1.75,2,-2
61,2,-4,1.75,3,-0.5
34,2,-4,1.75,3,-1
43,2,-4,1.75,3,-1.5
25,2,-4,1.75,3,-2
61,2,-4,1.75,4,-0.5
40,2,-4,1.75,4,-1
27,2,-4,1.75,4,-1.5
27,2,-4,1.75,4,-2
101,2,-4,1.75,5,-0.5
29,2,-4,1.75,5,-1
34,2,-4,1.75,5,-1.5
25,2,-4,1.75,5,-2
652,2,-5,0.25,1,-0.5
241,2,-5,0.25,1,-1
148,2,-5,0.25,1,-1.5
283,2,-5,0.25,1,-2
516,2,-5,0.25,2,-0.5
397,2,-5,0.25,2,-1
327,2,-5,0.25,2,-1.5
283,2,-5,0.25,2,-2
111,2,-5,0.25,3,-0.5
460,2,-5,0.25,3,-1
327,2,-5,0.25,3,-1.5
271,2,-5,0.25,3,-2
504,2,-5,0.25,4,-0.5
460,2,-5,0.25,4,-1
338,2,-5,0.25,4,-1.5
273,2,-5,0.25,4,-2
532,2,-5,0.25,5,-0.5
320,2,-5,0.25,5,-1
281,2,-5,0.25,5,-1.5
38,2,-5,0.25,5,-2
72,2,-5,0.75,1,-0.5
121,2,-5,0.75,1,-1
250,2,-5,0.75,1,-1.5
71,2,-5,0.75,1,-2
144,2,-5,0.75,2,-0.5
200,2,-5,0.75,2,-1
155,2,-5,0.75,2,-1.5
271,2,-5,0.75,2,-2
94,2,-5,0.75,3,-0.5
237,2,-5,0.75,3,-1
69,2,-5,0.75,3,-1.5
80,2,-5,0.75,3,-2
54,2,-5,0.75,4,-0.5
205,2,-5,0.75,4,-1
71,2,-5,0.75,4,-1.5
217,2,-5,0.75,4,-2
259,2,-5,0.75,5,-0.5
377,2,-5,0.75,5,-1
83,2,-5,0.75,5,-1.5
305,2,-5,0.75,5,-2
54,2,-5,1.25,1,-0.5
43,2,-5,1.25,1,-1
63,2,-5,1.25,1,-1.5
38,2,-5,1.25,1,-2
75,2,-5,1.25,2,-0.5
89,2,-5,1.25,2,-1
36,2,-5,1.25,2,-1.5
44,2,-5,1.25,2,-2
99,2,-5,1.25,3,-0.5
85,2,-5,1.25,3,-1
123,2,-5,1.25,3,-1.5
73,2,-5,1.25,3,-2
27,2,-5,1.25,4,-0.5
139,2,-5,1.25,4,-1
37,2,-5,1.25,4,-1.5
368,2,-5,1.25,4,-2
287,2,-5,1.25,5,-0.5
188,2,-5,1.25,5,-1
19,2,-5,1.25,5,-1.5
57,2,-5,1.25,5,-2
58,2,-5,1.75,1,-0.5
18,2,-5,1.75,1,-1
36,2,-5,1.75,1,-1.5
61,2,-5,1.75,1,-2
38,2,-5,1.75,2,-0.5
101,2,-5,1.75,2,-1
32,2,-5,1.75,2,-1.5
43,2,-5,1.75,2,-2
91,2,-5,1.75,3,-0.5
43,2,-5,1.75,3,-1
46,2,-5,1.75,3,-1.5
34,2,-5,1.75,3,-2
34,2,-5,1.75,4,-0.5
38,2,-5,1.75,4,-1
64,2,-5,1.75,4,-1.5
35,2,-5,1.75,4,-2
540,2,-5,1.75,5,-0.5
51,2,-5,1.75,5,-1
32,2,-5,1.75,5,-1.5
34,2,-5,1.75,5,-2
191,3,-1,0.25,1,-0.5
97,3,-1,0.25,1,-1
86,3,-1,0.25,1,-1.5
74,3,-1,0.25,1,-2
186,3,-1,0.25,2,-0.5
154,3,-1,0.25,2,-1
95,3,-1,0.25,2,-1.5
49,3,-1,0.25,2,-2
281,3,-1,0.25,3,-0.5
235,3,-1,0.25,3,-1
86,3,-1,0.25,3,-1.5
195,3,-1,0.25,3,-2
238,3,-1,0.25,4,-0.5
535,3,-1,0.25,4,-1
72,3,-1,0.25,4,-1.5
82,3,-1,0.25,4,-2
149,3,-1,0.25,5,-0.5
91,3,-1,0.25,5,-1
65,3,-1,0.25,5,-1.5
153,3,-1,0.25,5,-2
59,3,-1,0.75,1,-0.5
52,3,-1,0.75,1,-1
84,3,-1,0.75,1,-1.5
38,3,-1,0.75,1,-2
67,3,-1,0.75,2,-0.5
63,3,-1,0.75,2,-1
50,3,-1,0.75,2,-1.5
42,3,-1,0.75,2,-2
101,3,-1,0.75,3,-0.5
41,3,-1,0.75,3,-1
45,3,-1,0.75,3,-1.5
60,3,-1,0.75,3,-2
83,3,-1,0.75,4,-0.5
85,3,-1,0.75,4,-1
53,3,-1,0.75,4,-1.5
30,3,-1,0.75,4,-2
54,3,-1,0.75,5,-0.5
47,3,-1,0.75,5,-1
63,3,-1,0.75,5,-1.5
46,3,-1,0.75,5,-2
111,3,-1,1.25,1,-0.5
60,3,-1,1.25,1,-1
30,3,-1,1.25,1,-1.5
52,3,-1,1.25,1,-2
72,3,-1,1.25,2,-0.5
64,3,-1,1.25,2,-1
67,3,-1,1.25,2,-1.5
48,3,-1,1.25,2,-2
70,3,-1,1.25,3,-0.5
72,3,-1,1.25,3,-1
36,3,-1,1.25,3,-1.5
36,3,-1,1.25,3,-2
81,3,-1,1.25,4,-0.5
60,3,-1,1.25,4,-1
45,3,-1,1.25,4,-1.5
56,3,-1,1.25,4,-2
73,3,-1,1.25,5,-0.5
38,3,-1,1.25,5,-1
67,3,-1,1.25,5,-1.5
56,3,-1,1.25,5,-2
123,3,-1,1.75,1,-0.5
106,3,-1,1.75,1,-1
66,3,-1,1.75,1,-1.5
77,3,-1,1.75,1,-2
115,3,-1,1.75,2,-0.5
81,3,-1,1.75,2,-1
68,3,-1,1.75,2,-1.5
67,3,-1,1.75,2,-2
105,3,-1,1.75,3,-0.5
80,3,-1,1.75,3,-1
78,3,-1,1.75,3,-1.5
92,3,-1,1.75,3,-2
146,3,-1,1.75,4,-0.5
79,3,-1,1.75,4,-1
92,3,-1,1.75,4,-1.5
83,3,-1,1.75,4,-2
105,3,-1,1.75,5,-0.5
93,3,-1,1.75,5,-1
84,3,-1,1.75,5,-1.5
69,3,-1,1.75,5,-2
382,3,-2,0.25,1,-0.5
370,3,-2,0.25,1,-1
121,3,-2,0.25,1,-1.5
75,3,-2,0.25,1,-2
189,3,-2,0.25,2,-0.5
119,3,-2,0.25,2,-1
45,3,-2,0.25,2,-1.5
42,3,-2,0.25,2,-2
309,3,-2,0.25,3,-0.5
129,3,-2,0.25,3,-1
150,3,-2,0.25,3,-1.5
57,3,-2,0.25,3,-2
375,3,-2,0.25,4,-0.5
90,3,-2,0.25,4,-1
181,3,-2,0.25,4,-1.5
283,3,-2,0.25,4,-2
95,3,-2,0.25,5,-0.5
46,3,-2,0.25,5,-1
64,3,-2,0.25,5,-1.5
30,3,-2,0.25,5,-2
72,3,-2,0.75,1,-0.5
74,3,-2,0.75,1,-1
54,3,-2,0.75,1,-1.5
65,3,-2,0.75,1,-2
33,3,-2,0.75,2,-0.5
345,3,-2,0.75,2,-1
28,3,-2,0.75,2,-1.5
28,3,-2,0.75,2,-2
61,3,-2,0.75,3,-0.5
112,3,-2,0.75,3,-1
55,3,-2,0.75,3,-1.5
39,3,-2,0.75,3,-2
48,3,-2,0.75,4,-0.5
42,3,-2,0.75,4,-1
66,3,-2,0.75,4,-1.5
38,3,-2,0.75,4,-2
203,3,-2,0.75,5,-0.5
241,3,-2,0.75,5,-1
50,3,-2,0.75,5,-1.5
23,3,-2,0.75,5,-2
58,3,-2,1.25,1,-0.5
46,3,-2,1.25,1,-1
60,3,-2,1.25,1,-1.5
31,3,-2,1.25,1,-2
59,3,-2,1.25,2,-0.5
79,3,-2,1.25,2,-1
24,3,-2,1.25,2,-1.5
23,3,-2,1.25,2,-2
51,3,-2,1.25,3,-0.5
42,3,-2,1.25,3,-1
36,3,-2,1.25,3,-1.5
35,3,-2,1.25,3,-2
43,3,-2,1.25,4,-0.5
37,3,-2,1.25,4,-1
41,3,-2,1.25,4,-1.5
27,3,-2,1.25,4,-2
51,3,-2,1.25,5,-0.5
42,3,-2,1.25,5,-1
44,3,-2,1.25,5,-1.5
19,3,-2,1.25,5,-2
69,3,-2,1.75,1,-0.5
66,3,-2,1.75,1,-1
36,3,-2,1.75,1,-1.5
71,3,-2,1.75,1,-2
77,3,-2,1.75,2,-0.5
105,3,-2,1.75,2,-1
42,3,-2,1.75,2,-1.5
48,3,-2,1.75,2,-2
69,3,-2,1.75,3,-0.5
63,3,-2,1.75,3,-1
23,3,-2,1.75,3,-1.5
67,3,-2,1.75,3,-2
67,3,-2,1.75,4,-0.5
74,3,-2,1.75,4,-1
57,3,-2,1.75,4,-1.5
34,3,-2,1.75,4,-2
51,3,-2,1.75,5,-0.5
71,3,-2,1.75,5,-1
57,3,-2,1.75,5,-1.5
37,3,-2,1.75,5,-2
385,3,-3,0.25,1,-0.5
479,3,-3,0.25,1,-1
302,3,-3,0.25,1,-1.5
118,3,-3,0.25,1,-2
153,3,-3,0.25,2,-0.5
365,3,-3,0.25,2,-1
321,3,-3,0.25,2,-1.5
319,3,-3,0.25,2,-2
469,3,-3,0.25,3,-0.5
298,3,-3,0.25,3,-1
239,3,-3,0.25,3,-1.5
191,3,-3,0.25,3,-2
469,3,-3,0.25,4,-0.5
339,3,-3,0.25,4,-1
308,3,-3,0.25,4,-1.5
142,3,-3,0.25,4,-2
435,3,-3,0.25,5,-0.5
360,3,-3,0.25,5,-1
198,3,-3,0.25,5,-1.5
162,3,-3,0.25,5,-2
299,3,-3,0.75,1,-0.5
429,3,-3,0.75,1,-1
303,3,-3,0.75,1,-1.5
365,3,-3,0.75,1,-2
139,3,-3,0.75,2,-0.5
26,3,-3,0.75,2,-1
105,3,-3,0.75,2,-1.5
124,3,-3,0.75,2,-2
80,3,-3,0.75,3,-0.5
57,3,-3,0.75,3,-1
206,3,-3,0.75,3,-1.5
120,3,-3,0.75,3,-2
189,3,-3,0.75,4,-0.5
15,3,-3,0.75,4,-1
109,3,-3,0.75,4,-1.5
337,3,-3,0.75,4,-2
46,3,-3,0.75,5,-0.5
54,3,-3,0.75,5,-1
34,3,-3,0.75,5,-1.5
34,3,-3,0.75,5,-2
134,3,-3,1.25,1,-0.5
82,3,-3,1.25,1,-1
41,3,-3,1.25,1,-1.5
47,3,-3,1.25,1,-2
78,3,-3,1.25,2,-0.5
32,3,-3,1.25,2,-1
25,3,-3,1.25,2,-1.5
15,3,-3,1.25,2,-2
110,3,-3,1.25,3,-0.5
67,3,-3,1.25,3,-1
16,3,-3,1.25,3,-1.5
45,3,-3,1.25,3,-2
131,3,-3,1.25,4,-0.5
47,3,-3,1.25,4,-1
27,3,-3,1.25,4,-1.5
28,3,-3,1.25,4,-2
39,3,-3,1.25,5,-0.5
29,3,-3,1.25,5,-1
39,3,-3,1.25,5,-1.5
19,3,-3,1.25,5,-2
73,3,-3,1.75,1,-0.5
42,3,-3,1.75,1,-1
50,3,-3,1.75,1,-1.5
26,3,-3,1.75,1,-2
41,3,-3,1.75,2,-0.5
38,3,-3,1.75,2,-1
43,3,-3,1.75,2,-1.5
20,3,-3,1.75,2,-2
54,3,-3,1.75,3,-0.5
50,3,-3,1.75,3,-1
20,3,-3,1.75,3,-1.5
57,3,-3,1.75,3,-2
36,3,-3,1.75,4,-0.5
29,3,-3,1.75,4,-1
30,3,-3,1.75,4,-1.5
45,3,-3,1.75,4,-2
77,3,-3,1.75,5,-0.5
33,3,-3,1.75,5,-1
29,3,-3,1.75,5,-1.5
33,3,-3,1.75,5,-2
320,3,-4,0.25,1,-0.5
393,3,-4,0.25,1,-1
257,3,-4,0.25,1,-1.5
378,3,-4,0.25,1,-2
499,3,-4,0.25,2,-0.5
246,3,-4,0.25,2,-1
275,3,-4,0.25,2,-1.5
293,3,-4,0.25,2,-2
379,3,-4,0.25,3,-0.5
312,3,-4,0.25,3,-1
229,3,-4,0.25,3,-1.5
137,3,-4,0.25,3,-2
379,3,-4,0.25,4,-0.5
248,3,-4,0.25,4,-1
290,3,-4,0.25,4,-1.5
52,3,-4,0.25,4,-2
415,3,-4,0.25,5,-0.5
359,3,-4,0.25,5,-1
349,3,-4,0.25,5,-1.5
57,3,-4,0.25,5,-2
487,3,-4,0.75,1,-0.5
85,3,-4,0.75,1,-1
72,3,-4,0.75,1,-1.5
49,3,-4,0.75,1,-2
108,3,-4,0.75,2,-0.5
435,3,-4,0.75,2,-1
330,3,-4,0.75,2,-1.5
205,3,-4,0.75,2,-2
232,3,-4,0.75,3,-0.5
53,3,-4,0.75,3,-1
92,3,-4,0.75,3,-1.5
174,3,-4,0.75,3,-2
564,3,-4,0.75,4,-0.5
205,3,-4,0.75,4,-1
50,3,-4,0.75,4,-1.5
163,3,-4,0.75,4,-2
424,3,-4,0.75,5,-0.5
12,3,-4,0.75,5,-1
155,3,-4,0.75,5,-1.5
30,3,-4,0.75,5,-2
48,3,-4,1.25,1,-0.5
81,3,-4,1.25,1,-1
69,3,-4,1.25,1,-1.5
45,3,-4,1.25,1,-2
76,3,-4,1.25,2,-0.5
59,3,-4,1.25,2,-1
119,3,-4,1.25,2,-1.5
30,3,-4,1.25,2,-2
73,3,-4,1.25,3,-0.5
65,3,-4,1.25,3,-1
27,3,-4,1.25,3,-1.5
62,3,-4,1.25,3,-2
43,3,-4,1.25,4,-0.5
53,3,-4,1.25,4,-1
54,3,-4,1.25,4,-1.5
41,3,-4,1.25,4,-2
51,3,-4,1.25,5,-0.5
89,3,-4,1.25,5,-1
42,3,-4,1.25,5,-1.5
22,3,-4,1.25,5,-2
49,3,-4,1.75,1,-0.5
73,3,-4,1.75,1,-1
43,3,-4,1.75,1,-1.5
17,3,-4,1.75,1,-2
158,3,-4,1.75,2,-0.5
39,3,-4,1.75,2,-1
28,3,-4,1.75,2,-1.5
35,3,-4,1.75,2,-2
44,3,-4,1.75,3,-0.5
20,3,-4,1.75,3,-1
36,3,-4,1.75,3,-1.5
39,3,-4,1.75,3,-2
58,3,-4,1.75,4,-0.5
38,3,-4,1.75,4,-1
15,3,-4,1.75,4,-1.5
88,3,-4,1.75,4,-2
37,3,-4,1.75,5,-0.5
23,3,-4,1.75,5,-1
31,3,-4,1.75,5,-1.5
67,3,-4,1.75,5,-2
529,3,-5,0.25,1,-0.5
404,3,-5,0.25,1,-1
341,3,-5,0.25,1,-1.5
432,3,-5,0.25,1,-2
439,3,-5,0.25,2,-0.5
425,3,-5,0.25,2,-1
405,3,-5,0.25,2,-1.5
133,3,-5,0.25,2,-2
490,3,-5,0.25,3,-0.5
294,3,-5,0.25,3,-1
405,3,-5,0.25,3,-1.5
415,3,-5,0.25,3,-2
558,3,-5,0.25,4,-0.5
431,3,-5,0.25,4,-1
295,3,-5,0.25,4,-1.5
415,3,-5,0.25,4,-2
505,3,-5,0.25,5,-0.5
359,3,-5,0.25,5,-1
168,3,-5,0.25,5,-1.5
205,3,-5,0.25,5,-2
417,3,-5,0.75,1,-0.5
301,3,-5,0.75,1,-1
378,3,-5,0.75,1,-1.5
110,3,-5,0.75,1,-2
811,3,-5,0.75,2,-0.5
55,3,-5,0.75,2,-1
378,3,-5,0.75,2,-1.5
381,3,-5,0.75,2,-2
811,3,-5,0.75,3,-0.5
72,3,-5,0.75,3,-1
515,3,-5,0.75,3,-1.5
108,3,-5,0.75,3,-2
215,3,-5,0.75,4,-0.5
234,3,-5,0.75,4,-1
515,3,-5,0.75,4,-1.5
385,3,-5,0.75,4,-2
31,3,-5,0.75,5,-0.5
272,3,-5,0.75,5,-1
37,3,-5,0.75,5,-1.5
385,3,-5,0.75,5,-2
50,3,-5,1.25,1,-0.5
325,3,-5,1.25,1,-1
305,3,-5,1.25,1,-1.5
127,3,-5,1.25,1,-2
51,3,-5,1.25,2,-0.5
82,3,-5,1.25,2,-1
164,3,-5,1.25,2,-1.5
180,3,-5,1.25,2,-2
271,3,-5,1.25,3,-0.5
224,3,-5,1.25,3,-1
40,3,-5,1.25,3,-1.5
50,3,-5,1.25,3,-2
33,3,-5,1.25,4,-0.5
52,3,-5,1.25,4,-1
42,3,-5,1.25,4,-1.5
446,3,-5,1.25,4,-2
221,3,-5,1.25,5,-0.5
78,3,-5,1.25,5,-1
40,3,-5,1.25,5,-1.5
124,3,-5,1.25,5,-2
33,3,-5,1.75,1,-0.5
40,3,-5,1.75,1,-1
83,3,-5,1.75,1,-1.5
72,3,-5,1.75,1,-2
546,3,-5,1.75,2,-0.5
50,3,-5,1.75,2,-1
48,3,-5,1.75,2,-1.5
23,3,-5,1.75,2,-2
31,3,-5,1.75,3,-0.5
42,3,-5,1.75,3,-1
19,3,-5,1.75,3,-1.5
45,3,-5,1.75,3,-2
68,3,-5,1.75,4,-0.5
36,3,-5,1.75,4,-1
20,3,-5,1.75,4,-1.5
34,3,-5,1.75,4,-2
51,3,-5,1.75,5,-0.5
23,3,-5,1.75,5,-1
56,3,-5,1.75,5,-1.5
15,3,-5,1.75,5,-2
195,4,-1,0.25,1,-0.5
212,4,-1,0.25,1,-1
153,4,-1,0.25,1,-1.5
77,4,-1,0.25,1,-2
182,4,-1,0.25,2,-0.5
126,4,-1,0.25,2,-1
141,4,-1,0.25,2,-1.5
93,4,-1,0.25,2,-2
304,4,-1,0.25,3,-0.5
119,4,-1,0.25,3,-1
186,4,-1,0.25,3,-1.5
44,4,-1,0.25,3,-2
173,4,-1,0.25,4,-0.5
66,4,-1,0.25,4,-1
223,4,-1,0.25,4,-1.5
92,4,-1,0.25,4,-2
174,4,-1,0.25,5,-0.5
166,4,-1,0.25,5,-1
129,4,-1,0.25,5,-1.5
76,4,-1,0.25,5,-2
108,4,-1,0.75,1,-0.5
79,4,-1,0.75,1,-1
54,4,-1,0.75,1,-1.5
41,4,-1,0.75,1,-2
102,4,-1,0.75,2,-0.5
75,4,-1,0.75,2,-1
61,4,-1,0.75,2,-1.5
38,4,-1,0.75,2,-2
113,4,-1,0.75,3,-0.5
89,4,-1,0.75,3,-1
50,4,-1,0.75,3,-1.5
59,4,-1,0.75,3,-2
148,4,-1,0.75,4,-0.5
49,4,-1,0.75,4,-1
35,4,-1,0.75,4,-1.5
65,4,-1,0.75,4,-2
191,4,-1,0.75,5,-0.5
54,4,-1,0.75,5,-1
57,4,-1,0.75,5,-1.5
28,4,-1,0.75,5,-2
107,4,-1,1.25,1,-0.5
121,4,-1,1.25,1,-1
69,4,-1,1.25,1,-1.5
66,4,-1,1.25,1,-2
76,4,-1,1.25,2,-0.5
53,4,-1,1.25,2,-1
67,4,-1,1.25,2,-1.5
84,4,-1,1.25,2,-2
76,4,-1,1.25,3,-0.5
92,4,-1,1.25,3,-1
49,4,-1,1.25,3,-1.5
36,4,-1,1.25,3,-2
102,4,-1,1.25,4,-0.5
68,4,-1,1.25,4,-1
86,4,-1,1.25,4,-1.5
61,4,-1,1.25,4,-2
104,4,-1,1.25,5,-0.5
69,4,-1,1.25,5,-1
65,4,-1,1.25,5,-1.5
59,4,-1,1.25,5,-2
105,4,-1,1.75,1,-0.5
101,4,-1,1.75,1,-1
77,4,-1,1.75,1,-1.5
92,4,-1,1.75,1,-2
113,4,-1,1.75,2,-0.5
111,4,-1,1.75,2,-1
64,4,-1,1.75,2,-1.5
53,4,-1,1.75,2,-2
87,4,-1,1.75,3,-0.5
81,4,-1,1.75,3,-1
75,4,-1,1.75,3,-1.5
81,4,-1,1.75,3,-2
94,4,-1,1.75,4,-0.5
66,4,-1,1.75,4,-1
60,4,-1,1.75,4,-1.5
81,4,-1,1.75,4,-2
105,4,-1,1.75,5,-0.5
73,4,-1,1.75,5,-1
58,4,-1,1.75,5,-1.5
72,4,-1,1.75,5,-2
310,4,-2,0.25,1,-0.5
325,4,-2,0.25,1,-1
191,4,-2,0.25,1,-1.5
71,4,-2,0.25,1,-2
297,4,-2,0.25,2,-0.5
133,4,-2,0.25,2,-1
358,4,-2,0.25,2,-1.5
82,4,-2,0.25,2,-2
427,4,-2,0.25,3,-0.5
175,4,-2,0.25,3,-1
157,4,-2,0.25,3,-1.5
92,4,-2,0.25,3,-2
320,4,-2,0.25,4,-0.5
107,4,-2,0.25,4,-1
330,4,-2,0.25,4,-1.5
111,4,-2,0.25,4,-2
327,4,-2,0.25,5,-0.5
197,4,-2,0.25,5,-1
281,4,-2,0.25,5,-1.5
201,4,-2,0.25,5,-2
63,4,-2,0.75,1,-0.5
89,4,-2,0.75,1,-1
108,4,-2,0.75,1,-1.5
82,4,-2,0.75,1,-2
383,4,-2,0.75,2,-0.5
85,4,-2,0.75,2,-1
71,4,-2,0.75,2,-1.5
52,4,-2,0.75,2,-2
112,4,-2,0.75,3,-0.5
91,4,-2,0.75,3,-1
99,4,-2,0.75,3,-1.5
65,4,-2,0.75,3,-2
120,4,-2,0.75,4,-0.5
111,4,-2,0.75,4,-1
81,4,-2,0.75,4,-1.5
108,4,-2,0.75,4,-2
69,4,-2,0.75,5,-0.5
272,4,-2,0.75,5,-1
68,4,-2,0.75,5,-1.5
27,4,-2,0.75,5,-2
75,4,-2,1.25,1,-0.5
64,4,-2,1.25,1,-1
58,4,-2,1.25,1,-1.5
46,4,-2,1.25,1,-2
71,4,-2,1.25,2,-0.5
40,4,-2,1.25,2,-1
26,4,-2,1.25,2,-1.5
54,4,-2,1.25,2,-2
44,4,-2,1.25,3,-0.5
27,4,-2,1.25,3,-1
68,4,-2,1.25,3,-1.5
21,4,-2,1.25,3,-2
55,4,-2,1.25,4,-0.5
60,4,-2,1.25,4,-1
31,4,-2,1.25,4,-1.5
19,4,-2,1.25,4,-2
51,4,-2,1.25,5,-0.5
80,4,-2,1.25,5,-1
54,4,-2,1.25,5,-1.5
30,4,-2,1.25,5,-2
91,4,-2,1.75,1,-0.5
78,4,-2,1.75,1,-1
50,4,-2,1.75,1,-1.5
46,4,-2,1.75,1,-2
67,4,-2,1.75,2,-0.5
71,4,-2,1.75,2,-1
49,4,-2,1.75,2,-1.5
37,4,-2,1.75,2,-2
76,4,-2,1.75,3,-0.5
53,4,-2,1.75,3,-1
39,4,-2,1.75,3,-1.5
81,4,-2,1.75,3,-2
72,4,-2,1.75,4,-0.5
78,4,-2,1.75,4,-1
67,4,-2,1.75,4,-1.5
47,4,-2,1.75,4,-2
70,4,-2,1.75,5,-0.5
56,4,-2,1.75,5,-1
32,4,-2,1.75,5,-1.5
32,4,-2,1.75,5,-2
376,4,-3,0.25,1,-0.5
132,4,-3,0.25,1,-1
321,4,-3,0.25,1,-1.5
85,4,-3,0.25,1,-2
424,4,-3,0.25,2,-0.5
141,4,-3,0.25,2,-1
208,4,-3,0.25,2,-1.5
447,4,-3,0.25,2,-2
527,4,-3,0.25,3,-0.5
398,4,-3,0.25,3,-1
253,4,-3,0.25,3,-1.5
214,4,-3,0.25,3,-2
527,4,-3,0.25,4,-0.5
194,4,-3,0.25,4,-1
459,4,-3,0.25,4,-1.5
97,4,-3,0.25,4,-2
527,4,-3,0.25,5,-0.5
524,4,-3,0.25,5,-1
271,4,-3,0.25,5,-1.5
261,4,-3,0.25,5,-2
88,4,-3,0.75,1,-0.5
234,4,-3,0.75,1,-1
139,4,-3,0.75,1,-1.5
69,4,-3,0.75,1,-2
326,4,-3,0.75,2,-0.5
34,4,-3,0.75,2,-1
92,4,-3,0.75,2,-1.5
92,4,-3,0.75,2,-2
296,4,-3,0.75,3,-0.5
145,4,-3,0.75,3,-1
49,4,-3,0.75,3,-1.5
41,4,-3,0.75,3,-2
392,4,-3,0.75,4,-0.5
77,4,-3,0.75,4,-1
111,4,-3,0.75,4,-1.5
535,4,-3,0.75,4,-2
206,4,-3,0.75,5,-0.5
39,4,-3,0.75,5,-1
133,4,-3,0.75,5,-1.5
76,4,-3,0.75,5,-2
76,4,-3,1.25,1,-0.5
79,4,-3,1.25,1,-1
54,4,-3,1.25,1,-1.5
45,4,-3,1.25,1,-2
97,4,-3,1.25,2,-0.5
53,4,-3,1.25,2,-1
36,4,-3,1.25,2,-1.5
33,4,-3,1.25,2,-2
58,4,-3,1.25,3,-0.5
59,4,-3,1.25,3,-1
28,4,-3,1.25,3,-1.5
30,4,-3,1.25,3,-2
285,4,-3,1.25,4,-0.5
87,4,-3,1.25,4,-1
22,4,-3,1.25,4,-1.5
41,4,-3,1.25,4,-2
82,4,-3,1.25,5,-0.5
47,4,-3,1.25,5,-1
95,4,-3,1.25,5,-1.5
56,4,-3,1.25,5,-2
162,4,-3,1.75,1,-0.5
41,4,-3,1.75,1,-1
57,4,-3,1.75,1,-1.5
28,4,-3,1.75,1,-2
90,4,-3,1.75,2,-0.5
41,4,-3,1.75,2,-1
66,4,-3,1.75,2,-1.5
17,4,-3,1.75,2,-2
66,4,-3,1.75,3,-0.5
93,4,-3,1.75,3,-1
42,4,-3,1.75,3,-1.5
39,4,-3,1.75,3,-2
80,4,-3,1.75,4,-0.5
125,4,-3,1.75,4,-1
82,4,-3,1.75,4,-1.5
36,4,-3,1.75,4,-2
56,4,-3,1.75,5,-0.5
44,4,-3,1.75,5,-1
29,4,-3,1.75,5,-1.5
60,4,-3,1.75,5,-2
299,4,-4,0.25,1,-0.5
201,4,-4,0.25,1,-1
199,4,-4,0.25,1,-1.5
231,4,-4,0.25,1,-2
324,4,-4,0.25,2,-0.5
380,4,-4,0.25,2,-1
223,4,-4,0.25,2,-1.5
117,4,-4,0.25,2,-2
161,4,-4,0.25,3,-0.5
362,4,-4,0.25,3,-1
217,4,-4,0.25,3,-1.5
460,4,-4,0.25,3,-2
434,4,-4,0.25,4,-0.5
398,4,-4,0.25,4,-1
370,4,-4,0.25,4,-1.5
317,4,-4,0.25,4,-2
409,4,-4,0.25,5,-0.5
369,4,-4,0.25,5,-1
99,4,-4,0.25,5,-1.5
249,4,-4,0.25,5,-2
153,4,-4,0.75,1,-0.5
204,4,-4,0.75,1,-1
378,4,-4,0.75,1,-1.5
173,4,-4,0.75,1,-2
314,4,-4,0.75,2,-0.5
61,4,-4,0.75,2,-1
130,4,-4,0.75,2,-1.5
51,4,-4,0.75,2,-2
536,4,-4,0.75,3,-0.5
140,4,-4,0.75,3,-1
195,4,-4,0.75,3,-1.5
60,4,-4,0.75,3,-2
568,4,-4,0.75,4,-0.5
157,4,-4,0.75,4,-1
61,4,-4,0.75,4,-1.5
56,4,-4,0.75,4,-2
60,4,-4,0.75,5,-0.5
89,4,-4,0.75,5,-1
105,4,-4,0.75,5,-1.5
183,4,-4,0.75,5,-2
559,4,-4,1.25,1,-0.5
76,4,-4,1.25,1,-1
94,4,-4,1.25,1,-1.5
51,4,-4,1.25,1,-2
86,4,-4,1.25,2,-0.5
28,4,-4,1.25,2,-1
60,4,-4,1.25,2,-1.5
28,4,-4,1.25,2,-2
417,4,-4,1.25,3,-0.5
46,4,-4,1.25,3,-1
27,4,-4,1.25,3,-1.5
65,4,-4,1.25,3,-2
28,4,-4,1.25,4,-0.5
78,4,-4,1.25,4,-1
35,4,-4,1.25,4,-1.5
42,4,-4,1.25,4,-2
86,4,-4,1.25,5,-0.5
47,4,-4,1.25,5,-1
168,4,-4,1.25,5,-1.5
184,4,-4,1.25,5,-2
55,4,-4,1.75,1,-0.5
56,4,-4,1.75,1,-1
57,4,-4,1.75,1,-1.5
70,4,-4,1.75,1,-2
449,4,-4,1.75,2,-0.5
63,4,-4,1.75,2,-1
36,4,-4,1.75,2,-1.5
63,4,-4,1.75,2,-2
64,4,-4,1.75,3,-0.5
64,4,-4,1.75,3,-1
43,4,-4,1.75,3,-1.5
162,4,-4,1.75,3,-2
107,4,-4,1.75,4,-0.5
52,4,-4,1.75,4,-1
41,4,-4,1.75,4,-1.5
16,4,-4,1.75,4,-2
37,4,-4,1.75,5,-0.5
68,4,-4,1.75,5,-1
30,4,-4,1.75,5,-1.5
30,4,-4,1.75,5,-2
538,4,-5,0.25,1,-0.5
393,4,-5,0.25,1,-1
255,4,-5,0.25,1,-1.5
407,4,-5,0.25,1,-2
538,4,-5,0.25,2,-0.5
368,4,-5,0.25,2,-1
295,4,-5,0.25,2,-1.5
260,4,-5,0.25,2,-2
450,4,-5,0.25,3,-0.5
416,4,-5,0.25,3,-1
141,4,-5,0.25,3,-1.5
403,4,-5,0.25,3,-2
450,4,-5,0.25,4,-0.5
277,4,-5,0.25,4,-1
314,4,-5,0.25,4,-1.5
139,4,-5,0.25,4,-2
450,4,-5,0.25,5,-0.5
387,4,-5,0.25,5,-1
255,4,-5,0.25,5,-1.5
330,4,-5,0.25,5,-2
102,4,-5,0.75,1,-0.5
319,4,-5,0.75,1,-1
112,4,-5,0.75,1,-1.5
122,4,-5,0.75,1,-2
553,4,-5,0.75,2,-0.5
457,4,-5,0.75,2,-1
370,4,-5,0.75,2,-1.5
69,4,-5,0.75,2,-2
553,4,-5,0.75,3,-0.5
440,4,-5,0.75,3,-1
313,4,-5,0.75,3,-1.5
178,4,-5,0.75,3,-2
553,4,-5,0.75,4,-0.5
384,4,-5,0.75,4,-1
39,4,-5,0.75,4,-1.5
33,4,-5,0.75,4,-2
217,4,-5,0.75,5,-0.5
384,4,-5,0.75,5,-1
67,4,-5,0.75,5,-1.5
219,4,-5,0.75,5,-2
62,4,-5,1.25,1,-0.5
356,4,-5,1.25,1,-1
141,4,-5,1.25,1,-1.5
43,4,-5,1.25,1,-2
508,4,-5,1.25,2,-0.5
163,4,-5,1.25,2,-1
106,4,-5,1.25,2,-1.5
84,4,-5,1.25,2,-2
56,4,-5,1.25,3,-0.5
188,4,-5,1.25,3,-1
171,4,-5,1.25,3,-1.5
49,4,-5,1.25,3,-2
38,4,-5,1.25,4,-0.5
32,4,-5,1.25,4,-1
25,4,-5,1.25,4,-1.5
143,4,-5,1.25,4,-2
66,4,-5,1.25,5,-0.5
44,4,-5,1.25,5,-1
37,4,-5,1.25,5,-1.5
66,4,-5,1.25,5,-2
64,4,-5,1.75,1,-0.5
41,4,-5,1.75,1,-1
19,4,-5,1.75,1,-1.5
35,4,-5,1.75,1,-2
77,4,-5,1.75,2,-0.5
123,4,-5,1.75,2,-1
35,4,-5,1.75,2,-1.5
269,4,-5,1.75,2,-2
64,4,-5,1.75,3,-0.5
31,4,-5,1.75,3,-1
30,4,-5,1.75,3,-1.5
79,4,-5,1.75,3,-2
54,4,-5,1.75,4,-0.5
38,4,-5,1.75,4,-1
25,4,-5,1.75,4,-1.5
44,4,-5,1.75,4,-2
41,4,-5,1.75,5,-0.5
31,4,-5,1.75,5,-1
30,4,-5,1.75,5,-1.5
22,4,-5,1.75,5,-2
564,5,-1,0.25,1,-0.5
151,5,-1,0.25,1,-1
195,5,-1,0.25,1,-1.5
167,5,-1,0.25,1,-2
564,5,-1,0.25,2,-0.5
180,5,-1,0.25,2,-1
139,5,-1,0.25,2,-1.5
153,5,-1,0.25,2,-2
564,5,-1,0.25,3,-0.5
188,5,-1,0.25,3,-1
129,5,-1,0.25,3,-1.5
112,5,-1,0.25,3,-2
564,5,-1,0.25,4,-0.5
155,5,-1,0.25,4,-1
216,5,-1,0.25,4,-1.5
99,5,-1,0.25,4,-2
564,5,-1,0.25,5,-0.5
135,5,-1,0.25,5,-1
86,5,-1,0.25,5,-1.5
116,5,-1,0.25,5,-2
146,5,-1,0.75,1,-0.5
162,5,-1,0.75,1,-1
143,5,-1,0.75,1,-1.5
86,5,-1,0.75,1,-2
174,5,-1,0.75,2,-0.5
137,5,-1,0.75,2,-1
140,5,-1,0.75,2,-1.5
65,5,-1,0.75,2,-2
144,5,-1,0.75,3,-0.5
75,5,-1,0.75,3,-1
107,5,-1,0.75,3,-1.5
31,5,-1,0.75,3,-2
131,5,-1,0.75,4,-0.5
90,5,-1,0.75,4,-1
78,5,-1,0.75,4,-1.5
71,5,-1,0.75,4,-2
124,5,-1,0.75,5,-0.5
66,5,-1,0.75,5,-1
82,5,-1,0.75,5,-1.5
73,5,-1,0.75,5,-2
108,5,-1,1.25,1,-0.5
120,5,-1,1.25,1,-1
87,5,-1,1.25,1,-1.5
60,5,-1,1.25,1,-2
98,5,-1,1.25,2,-0.5
111,5,-1,1.25,2,-1
70,5,-1,1.25,2,-1.5
45,5,-1,1.25,2,-2
114,5,-1,1.25,3,-0.5
63,5,-1,1.25,3,-1
86,5,-1,1.25,3,-1.5
49,5,-1,1.25,3,-2
127,5,-1,1.25,4,-0.5
62,5,-1,1.25,4,-1
62,5,-1,1.25,4,-1.5
47,5,-1,1.25,4,-2
91,5,-1,1.25,5,-0.5
75,5,-1,1.25,5,-1
83,5,-1,1.25,5,-1.5
48,5,-1,1.25,5,-2
125,5,-1,1.75,1,-0.5
131,5,-1,1.75,1,-1
80,5,-1,1.75,1,-1.5
74,5,-1,1.75,1,-2
94,5,-1,1.75,2,-0.5
89,5,-1,1.75,2,-1
94,5,-1,1.75,2,-1.5
54,5,-1,1.75,2,-2
104,5,-1,1.75,3,-0.5
98,5,-1,1.75,3,-1
83,5,-1,1.75,3,-1.5
80,5,-1,1.75,3,-2
81,5,-1,1.75,4,-0.5
103,5,-1,1.75,4,-1
48,5,-1,1.75,4,-1.5
70,5,-1,1.75,4,-2
94,5,-1,1.75,5,-0.5
68,5,-1,1.75,5,-1
43,5,-1,1.75,5,-1.5
72,5,-1,1.75,5,-2
511,5,-2,0.25,1,-0.5
386,5,-2,0.25,1,-1
179,5,-2,0.25,1,-1.5
117,5,-2,0.25,1,-2
216,5,-2,0.25,2,-0.5
161,5,-2,0.25,2,-1
216,5,-2,0.25,2,-1.5
111,5,-2,0.25,2,-2
522,5,-2,0.25,3,-0.5
147,5,-2,0.25,3,-1
70,5,-2,0.25,3,-1.5
178,5,-2,0.25,3,-2
287,5,-2,0.25,4,-0.5
137,5,-2,0.25,4,-1
101,5,-2,0.25,4,-1.5
54,5,-2,0.25,4,-2
386,5,-2,0.25,5,-0.5
308,5,-2,0.25,5,-1
164,5,-2,0.25,5,-1.5
169,5,-2,0.25,5,-2
101,5,-2,0.75,1,-0.5
109,5,-2,0.75,1,-1
156,5,-2,0.75,1,-1.5
95,5,-2,0.75,1,-2
177,5,-2,0.75,2,-0.5
182,5,-2,0.75,2,-1
117,5,-2,0.75,2,-1.5
67,5,-2,0.75,2,-2
146,5,-2,0.75,3,-0.5
218,5,-2,0.75,3,-1
101,5,-2,0.75,3,-1.5
109,5,-2,0.75,3,-2
86,5,-2,0.75,4,-0.5
105,5,-2,0.75,4,-1
551,5,-2,0.75,4,-1.5
95,5,-2,0.75,4,-2
119,5,-2,0.75,5,-0.5
88,5,-2,0.75,5,-1
72,5,-2,0.75,5,-1.5
100,5,-2,0.75,5,-2
90,5,-2,1.25,1,-0.5
57,5,-2,1.25,1,-1
97,5,-2,1.25,1,-1.5
74,5,-2,1.25,1,-2
261,5,-2,1.25,2,-0.5
84,5,-2,1.25,2,-1
92,5,-2,1.25,2,-1.5
68,5,-2,1.25,2,-2
67,5,-2,1.25,3,-0.5
71,5,-2,1.25,3,-1
41,5,-2,1.25,3,-1.5
85,5,-2,1.25,3,-2
86,5,-2,1.25,4,-0.5
71,5,-2,1.25,4,-1
58,5,-2,1.25,4,-1.5
67,5,-2,1.25,4,-2
71,5,-2,1.25,5,-0.5
61,5,-2,1.25,5,-1
84,5,-2,1.25,5,-1.5
38,5,-2,1.25,5,-2
114,5,-2,1.75,1,-0.5
59,5,-2,1.75,1,-1
70,5,-2,1.75,1,-1.5
60,5,-2,1.75,1,-2
98,5,-2,1.75,2,-0.5
69,5,-2,1.75,2,-1
41,5,-2,1.75,2,-1.5
55,5,-2,1.75,2,-2
65,5,-2,1.75,3,-0.5
74,5,-2,1.75,3,-1
63,5,-2,1.75,3,-1.5
44,5,-2,1.75,3,-2
59,5,-2,1.75,4,-0.5
87,5,-2,1.75,4,-1
42,5,-2,1.75,4,-1.5
36,5,-2,1.75,4,-2
88,5,-2,1.75,5,-0.5
70,5,-2,1.75,5,-1
52,5,-2,1.75,5,-1.5
39,5,-2,1.75,5,-2
281,5,-3,0.25,1,-0.5
382,5,-3,0.25,1,-1
478,5,-3,0.25,1,-1.5
267,5,-3,0.25,1,-2
480,5,-3,0.25,2,-0.5
420,5,-3,0.25,2,-1
354,5,-3,0.25,2,-1.5
345,5,-3,0.25,2,-2
268,5,-3,0.25,3,-0.5
413,5,-3,0.25,3,-1
297,5,-3,0.25,3,-1.5
291,5,-3,0.25,3,-2
503,5,-3,0.25,4,-0.5
208,5,-3,0.25,4,-1
90,5,-3,0.25,4,-1.5
237,5,-3,0.25,4,-2
503,5,-3,0.25,5,-0.5
388,5,-3,0.25,5,-1
388,5,-3,0.25,5,-1.5
175,5,-3,0.25,5,-2
500,5,-3,0.75,1,-0.5
156,5,-3,0.75,1,-1
397,5,-3,0.75,1,-1.5
212,5,-3,0.75,1,-2
350,5,-3,0.75,2,-0.5
76,5,-3,0.75,2,-1
365,5,-3,0.75,2,-1.5
101,5,-3,0.75,2,-2
526,5,-3,0.75,3,-0.5
192,5,-3,0.75,3,-1
366,5,-3,0.75,3,-1.5
85,5,-3,0.75,3,-2
465,5,-3,0.75,4,-0.5
259,5,-3,0.75,4,-1
391,5,-3,0.75,4,-1.5
53,5,-3,0.75,4,-2
465,5,-3,0.75,5,-0.5
163,5,-3,0.75,5,-1
362,5,-3,0.75,5,-1.5
145,5,-3,0.75,5,-2
77,5,-3,1.25,1,-0.5
84,5,-3,1.25,1,-1
68,5,-3,1.25,1,-1.5
67,5,-3,1.25,1,-2
81,5,-3,1.25,2,-0.5
62,5,-3,1.25,2,-1
35,5,-3,1.25,2,-1.5
20,5,-3,1.25,2,-2
122,5,-3,1.25,3,-0.5
20,5,-3,1.25,3,-1
209,5,-3,1.25,3,-1.5
59,5,-3,1.25,3,-2
107,5,-3,1.25,4,-0.5
40,5,-3,1.25,4,-1
52,5,-3,1.25,4,-1.5
39,5,-3,1.25,4,-2
55,5,-3,1.25,5,-0.5
35,5,-3,1.25,5,-1
32,5,-3,1.25,5,-1.5
42,5,-3,1.25,5,-2
70,5,-3,1.75,1,-0.5
62,5,-3,1.75,1,-1
64,5,-3,1.75,1,-1.5
69,5,-3,1.75,1,-2
48,5,-3,1.75,2,-0.5
38,5,-3,1.75,2,-1
34,5,-3,1.75,2,-1.5
42,5,-3,1.75,2,-2
50,5,-3,1.75,3,-0.5
57,5,-3,1.75,3,-1
67,5,-3,1.75,3,-1.5
36,5,-3,1.75,3,-2
56,5,-3,1.75,4,-0.5
75,5,-3,1.75,4,-1
47,5,-3,1.75,4,-1.5
38,5,-3,1.75,4,-2
86,5,-3,1.75,5,-0.5
58,5,-3,1.75,5,-1
27,5,-3,1.75,5,-1.5
40,5,-3,1.75,5,-2
525,5,-4,0.25,1,-0.5
147,5,-4,0.25,1,-1
190,5,-4,0.25,1,-1.5
219,5,-4,0.25,1,-2
525,5,-4,0.25,2,-0.5
333,5,-4,0.25,2,-1
165,5,-4,0.25,2,-1.5
169,5,-4,0.25,2,-2
536,5,-4,0.25,3,-0.5
333,5,-4,0.25,3,-1
447,5,-4,0.25,3,-1.5
266,5,-4,0.25,3,-2
439,5,-4,0.25,4,-0.5
336,5,-4,0.25,4,-1
327,5,-4,0.25,4,-1.5
295,5,-4,0.25,4,-2
439,5,-4,0.25,5,-0.5
387,5,-4,0.25,5,-1
362,5,-4,0.25,5,-1.5
124,5,-4,0.25,5,-2
145,5,-4,0.75,1,-0.5
262,5,-4,0.75,1,-1
341,5,-4,0.75,1,-1.5
88,5,-4,0.75,1,-2
210,5,-4,0.75,2,-0.5
116,5,-4,0.75,2,-1
177,5,-4,0.75,2,-1.5
96,5,-4,0.75,2,-2
391,5,-4,0.75,3,-0.5
76,5,-4,0.75,3,-1
73,5,-4,0.75,3,-1.5
149,5,-4,0.75,3,-2
105,5,-4,0.75,4,-0.5
350,5,-4,0.75,4,-1
215,5,-4,0.75,4,-1.5
66,5,-4,0.75,4,-2
424,5,-4,0.75,5,-0.5
539,5,-4,0.75,5,-1
238,5,-4,0.75,5,-1.5
120,5,-4,0.75,5,-2
555,5,-4,1.25,1,-0.5
45,5,-4,1.25,1,-1
215,5,-4,1.25,1,-1.5
81,5,-4,1.25,1,-2
54,5,-4,1.25,2,-0.5
137,5,-4,1.25,2,-1
205,5,-4,1.25,2,-1.5
43,5,-4,1.25,2,-2
345,5,-4,1.25,3,-0.5
57,5,-4,1.25,3,-1
48,5,-4,1.25,3,-1.5
49,5,-4,1.25,3,-2
232,5,-4,1.25,4,-0.5
39,5,-4,1.25,4,-1
205,5,-4,1.25,4,-1.5
127,5,-4,1.25,4,-2
437,5,-4,1.25,5,-0.5
65,5,-4,1.25,5,-1
20,5,-4,1.25,5,-1.5
110,5,-4,1.25,5,-2
63,5,-4,1.75,1,-0.5
75,5,-4,1.75,1,-1
58,5,-4,1.75,1,-1.5
64,5,-4,1.75,1,-2
65,5,-4,1.75,2,-0.5
65,5,-4,1.75,2,-1
41,5,-4,1.75,2,-1.5
66,5,-4,1.75,2,-2
134,5,-4,1.75,3,-0.5
46,5,-4,1.75,3,-1
145,5,-4,1.75,3,-1.5
33,5,-4,1.75,3,-2
40,5,-4,1.75,4,-0.5
24,5,-4,1.75,4,-1
47,5,-4,1.75,4,-1.5
85,5,-4,1.75,4,-2
143,5,-4,1.75,5,-0.5
20,5,-4,1.75,5,-1
59,5,-4,1.75,5,-1.5
23,5,-4,1.75,5,-2
534,5,-5,0.25,1,-0.5
508,5,-5,0.25,1,-1
295,5,-5,0.25,1,-1.5
291,5,-5,0.25,1,-2
533,5,-5,0.25,2,-0.5
389,5,-5,0.25,2,-1
277,5,-5,0.25,2,-1.5
291,5,-5,0.25,2,-2
530,5,-5,0.25,3,-0.5
389,5,-5,0.25,3,-1
198,5,-5,0.25,3,-1.5
280,5,-5,0.25,3,-2
530,5,-5,0.25,4,-0.5
409,5,-5,0.25,4,-1
478,5,-5,0.25,4,-1.5
404,5,-5,0.25,4,-2
530,5,-5,0.25,5,-0.5
88,5,-5,0.25,5,-1
281,5,-5,0.25,5,-1.5
401,5,-5,0.25,5,-2
110,5,-5,0.75,1,-0.5
178,5,-5,0.75,1,-1
422,5,-5,0.75,1,-1.5
179,5,-5,0.75,1,-2
255,5,-5,0.75,2,-0.5
99,5,-5,0.75,2,-1
453,5,-5,0.75,2,-1.5
130,5,-5,0.75,2,-2
418,5,-5,0.75,3,-0.5
91,5,-5,0.75,3,-1
78,5,-5,0.75,3,-1.5
114,5,-5,0.75,3,-2
698,5,-5,0.75,4,-0.5
383,5,-5,0.75,4,-1
53,5,-5,0.75,4,-1.5
108,5,-5,0.75,4,-2
733,5,-5,0.75,5,-0.5
350,5,-5,0.75,5,-1
398,5,-5,0.75,5,-1.5
52,5,-5,0.75,5,-2
466,5,-5,1.25,1,-0.5
70,5,-5,1.25,1,-1
123,5,-5,1.25,1,-1.5
102,5,-5,1.25,1,-2
466,5,-5,1.25,2,-0.5
60,5,-5,1.25,2,-1
59,5,-5,1.25,2,-1.5
31,5,-5,1.25,2,-2
643,5,-5,1.25,3,-0.5
175,5,-5,1.25,3,-1
41,5,-5,1.25,3,-1.5
41,5,-5,1.25,3,-2
75,5,-5,1.25,4,-0.5
253,5,-5,1.25,4,-1
20,5,-5,1.25,4,-1.5
85,5,-5,1.25,4,-2
228,5,-5,1.25,5,-0.5
64,5,-5,1.25,5,-1
35,5,-5,1.25,5,-1.5
101,5,-5,1.25,5,-2
100,5,-5,1.75,1,-0.5
72,5,-5,1.75,1,-1
113,5,-5,1.75,1,-1.5
53,5,-5,1.75,1,-2
69,5,-5,1.75,2,-0.5
62,5,-5,1.75,2,-1
109,5,-5,1.75,2,-1.5
23,5,-5,1.75,2,-2
35,5,-5,1.75,3,-0.5
53,5,-5,1.75,3,-1
195,5,-5,1.75,3,-1.5
94,5,-5,1.75,3,-2
162,5,-5,1.75,4,-0.5
22,5,-5,1.75,4,-1
100,5,-5,1.75,4,-1.5
88,5,-5,1.75,4,-2
45,5,-5,1.75,5,-0.5
45,5,-5,1.75,5,-1
26,5,-5,1.75,5,-1.5
43,5,-5,1.75,5,-2
