78,1,-1,0.25,1,-0.5
37,1,-1,0.25,1,-1
34,1,-1,0.25,1,-1.5
33,1,-1,0.25,1,-2
42,1,-1,0.25,2,-0.5
39,1,-1,0.25,2,-1
39,1,-1,0.25,2,-1.5
44,1,-1,0.25,2,-2
59,1,-1,0.25,3,-0.5
28,1,-1,0.25,3,-1
67,1,-1,0.25,3,-1.5
42,1,-1,0.25,3,-2
67,1,-1,0.25,4,-0.5
41,1,-1,0.25,4,-1
37,1,-1,0.25,4,-1.5
64,1,-1,0.25,4,-2
57,1,-1,0.25,5,-0.5
65,1,-1,0.25,5,-1
55,1,-1,0.25,5,-1.5
43,1,-1,0.25,5,-2
51,1,-1,0.75,1,-0.5
72,1,-1,0.75,1,-1
25,1,-1,0.75,1,-1.5
35,1,-1,0.75,1,-2
50,1,-1,0.75,2,-0.5
37,1,-1,0.75,2,-1
57,1,-1,0.75,2,-1.5
52,1,-1,0.75,2,-2
70,1,-1,0.75,3,-0.5
74,1,-1,0.75,3,-1
38,1,-1,0.75,3,-1.5
45,1,-1,0.75,3,-2
62,1,-1,0.75,4,-0.5
67,1,-1,0.75,4,-1
87,1,-1,0.75,4,-1.5
65,1,-1,0.75,4,-2
66,1,-1,0.75,5,-0.5
77,1,-1,0.75,5,-1
80,1,-1,0.75,5,-1.5
84,1,-1,0.75,5,-2
96,1,-1,1.25,1,-0.5
106,1,-1,1.25,1,-1
82,1,-1,1.25,1,-1.5
80,1,-1,1.25,1,-2
87,1,-1,1.25,2,-0.5
84,1,-1,1.25,2,-1
79,1,-1,1.25,2,-1.5
79,1,-1,1.25,2,-2
112,1,-1,1.25,3,-0.5
85,1,-1,1.25,3,-1
63,1,-1,1.25,3,-1.5
97,1,-1,1.25,3,-2
112,1,-1,1.25,4,-0.5
74,1,-1,1.25,4,-1
95,1,-1,1.25,4,-1.5
76,1,-1,1.25,4,-2
102,1,-1,1.25,5,-0.5
96,1,-1,1.25,5,-1
117,1,-1,1.25,5,-1.5
76,1,-1,1.25,5,-2
161,1,-1,1.75,1,-0.5
131,1,-1,1.75,1,-1
136,1,-1,1.75,1,-1.5
117,1,-1,1.75,1,-2
149,1,-1,1.75,2,-0.5
147,1,-1,1.75,2,-1
136,1,-1,1.75,2,-1.5
124,1,-1,1.75,2,-2
157,1,-1,1.75,3,-0.5
137,1,-1,1.75,3,-1
122,1,-1,1.75,3,-1.5
131,1,-1,1.75,3,-2
162,1,-1,1.75,4,-0.5
107,1,-1,1.75,4,-1
100,1,-1,1.75,4,-1.5
115,1,-1,1.75,4,-2
151,1,-1,1.75,5,-0.5
140,1,-1,1.75,5,-1
114,1,-1,1.75,5,-1.5
130,1,-1,1.75,5,-2
25,1,-2,0.25,1,-0.5
26,1,-2,0.25,1,-1
40,1,-2,0.25,1,-1.5
27,1,-2,0.25,1,-2
192,1,-2,0.25,2,-0.5
90,1,-2,0.25,2,-1
223,1,-2,0.25,2,-1.5
66,1,-2,0.25,2,-2
417,1,-2,0.25,3,-0.5
201,1,-2,0.25,3,-1
38,1,-2,0.25,3,-1.5
51,1,-2,0.25,3,-2
50,1,-2,0.25,4,-0.5
132,1,-2,0.25,4,-1
58,1,-2,0.25,4,-1.5
61,1,-2,0.25,4,-2
144,1,-2,0.25,5,-0.5
52,1,-2,0.25,5,-1
61,1,-2,0.25,5,-1.5
54,1,-2,0.25,5,-2
27,1,-2,0.75,1,-0.5
51,1,-2,0.75,1,-1
40,1,-2,0.75,1,-1.5
44,1,-2,0.75,1,-2
24,1,-2,0.75,2,-0.5
19,1,-2,0.75,2,-1
43,1,-2,0.75,2,-1.5
14,1,-2,0.75,2,-2
25,1,-2,0.75,3,-0.5
39,1,-2,0.75,3,-1
25,1,-2,0.75,3,-1.5
26,1,-2,0.75,3,-2
28,1,-2,0.75,4,-0.5
55,1,-2,0.75,4,-1
22,1,-2,0.75,4,-1.5
34,1,-2,0.75,4,-2
30,1,-2,0.75,5,-0.5
55,1,-2,0.75,5,-1
97,1,-2,0.75,5,-1.5
36,1,-2,0.75,5,-2
78,1,-2,1.25,1,-0.5
72,1,-2,1.25,1,-1
21,1,-2,1.25,1,-1.5
66,1,-2,1.25,1,-2
71,1,-2,1.25,2,-0.5
43,1,-2,1.25,2,-1
37,1,-2,1.25,2,-1.5
60,1,-2,1.25,2,-2
91,1,-2,1.25,3,-0.5
52,1,-2,1.25,3,-1
39,1,-2,1.25,3,-1.5
60,1,-2,1.25,3,-2
86,1,-2,1.25,4,-0.5
47,1,-2,1.25,4,-1
45,1,-2,1.25,4,-1.5
75,1,-2,1.25,4,-2
73,1,-2,1.25,5,-0.5
54,1,-2,1.25,5,-1
62,1,-2,1.25,5,-1.5
63,1,-2,1.25,5,-2
121,1,-2,1.75,1,-0.5
88,1,-2,1.75,1,-1
87,1,-2,1.75,1,-1.5
96,1,-2,1.75,1,-2
106,1,-2,1.75,2,-0.5
83,1,-2,1.75,2,-1
100,1,-2,1.75,2,-1.5
62,1,-2,1.75,2,-2
105,1,-2,1.75,3,-0.5
73,1,-2,1.75,3,-1
63,1,-2,1.75,3,-1.5
113,1,-2,1.75,3,-2
119,1,-2,1.75,4,-0.5
95,1,-2,1.75,4,-1
100,1,-2,1.75,4,-1.5
53,1,-2,1.75,4,-2
95,1,-2,1.75,5,-0.5
73,1,-2,1.75,5,-1
91,1,-2,1.75,5,-1.5
90,1,-2,1.75,5,-2
118,1,-3,0.25,1,-0.5
130,1,-3,0.25,1,-1
426,1,-3,0.25,1,-1.5
80,1,-3,0.25,1,-2
323,1,-3,0.25,2,-0.5
147,1,-3,0.25,2,-1
376,1,-3,0.25,2,-1.5
51,1,-3,0.25,2,-2
24,1,-3,0.25,3,-0.5
36,1,-3,0.25,3,-1
158,1,-3,0.25,3,-1.5
381,1,-3,0.25,3,-2
282,1,-3,0.25,4,-0.5
49,1,-3,0.25,4,-1
193,1,-3,0.25,4,-1.5
26,1,-3,0.25,4,-2
61,1,-3,0.25,5,-0.5
19,1,-3,0.25,5,-1
160,1,-3,0.25,5,-1.5
139,1,-3,0.25,5,-2
247,1,-3,0.75,1,-0.5
40,1,-3,0.75,1,-1
24,1,-3,0.75,1,-1.5
44,1,-3,0.75,1,-2
228,1,-3,0.75,2,-0.5
23,1,-3,0.75,2,-1
41,1,-3,0.75,2,-1.5
27,1,-3,0.75,2,-2
26,1,-3,0.75,3,-0.5
28,1,-3,0.75,3,-1
17,1,-3,0.75,3,-1.5
21,1,-3,0.75,3,-2
47,1,-3,0.75,4,-0.5
35,1,-3,0.75,4,-1
30,1,-3,0.75,4,-1.5
34,1,-3,0.75,4,-2
37,1,-3,0.75,5,-0.5
30,1,-3,0.75,5,-1
24,1,-3,0.75,5,-1.5
67,1,-3,0.75,5,-2
48,1,-3,1.25,1,-0.5
39,1,-3,1.25,1,-1
36,1,-3,1.25,1,-1.5
63,1,-3,1.25,1,-2
30,1,-3,1.25,2,-0.5
44,1,-3,1.25,2,-1
17,1,-3,1.25,2,-1.5
52,1,-3,1.25,2,-2
44,1,-3,1.25,3,-0.5
19,1,-3,1.25,3,-1
24,1,-3,1.25,3,-1.5
37,1,-3,1.25,3,-2
152,1,-3,1.25,4,-0.5
39,1,-3,1.25,4,-1
39,1,-3,1.25,4,-1.5
42,1,-3,1.25,4,-2
51,1,-3,1.25,5,-0.5
44,1,-3,1.25,5,-1
21,1,-3,1.25,5,-1.5
25,1,-3,1.25,5,-2
114,1,-3,1.75,1,-0.5
76,1,-3,1.75,1,-1
53,1,-3,1.75,1,-1.5
46,1,-3,1.75,1,-2
86,1,-3,1.75,2,-0.5
57,1,-3,1.75,2,-1
56,1,-3,1.75,2,-1.5
67,1,-3,1.75,2,-2
79,1,-3,1.75,3,-0.5
71,1,-3,1.75,3,-1
51,1,-3,1.75,3,-1.5
40,1,-3,1.75,3,-2
83,1,-3,1.75,4,-0.5
53,1,-3,1.75,4,-1
55,1,-3,1.75,4,-1.5
38,1,-3,1.75,4,-2
81,1,-3,1.75,5,-0.5
77,1,-3,1.75,5,-1
43,1,-3,1.75,5,-1.5
64,1,-3,1.75,5,-2
518,1,-4,0.25,1,-0.5
201,1,-4,0.25,1,-1
504,1,-4,0.25,1,-1.5
74,1,-4,0.25,1,-2
245,1,-4,0.25,2,-0.5
406,1,-4,0.25,2,-1
147,1,-4,0.25,2,-1.5
43,1,-4,0.25,2,-2
236,1,-4,0.25,3,-0.5
296,1,-4,0.25,3,-1
327,1,-4,0.25,3,-1.5
286,1,-4,0.25,3,-2
91,1,-4,0.25,4,-0.5
138,1,-4,0.25,4,-1
118,1,-4,0.25,4,-1.5
109,1,-4,0.25,4,-2
28,1,-4,0.25,5,-0.5
161,1,-4,0.25,5,-1
282,1,-4,0.25,5,-1.5
428,1,-4,0.25,5,-2
166,1,-4,0.75,1,-0.5
314,1,-4,0.75,1,-1
24,1,-4,0.75,1,-1.5
22,1,-4,0.75,1,-2
299,1,-4,0.75,2,-0.5
107,1,-4,0.75,2,-1
63,1,-4,0.75,2,-1.5
40,1,-4,0.75,2,-2
32,1,-4,0.75,3,-0.5
41,1,-4,0.75,3,-1
187,1,-4,0.75,3,-1.5
46,1,-4,0.75,3,-2
380,1,-4,0.75,4,-0.5
19,1,-4,0.75,4,-1
31,1,-4,0.75,4,-1.5
43,1,-4,0.75,4,-2
58,1,-4,0.75,5,-0.5
65,1,-4,0.75,5,-1
39,1,-4,0.75,5,-1.5
37,1,-4,0.75,5,-2
41,1,-4,1.25,1,-0.5
75,1,-4,1.25,1,-1
56,1,-4,1.25,1,-1.5
42,1,-4,1.25,1,-2
27,1,-4,1.25,2,-0.5
44,1,-4,1.25,2,-1
28,1,-4,1.25,2,-1.5
30,1,-4,1.25,2,-2
111,1,-4,1.25,3,-0.5
73,1,-4,1.25,3,-1
26,1,-4,1.25,3,-1.5
21,1,-4,1.25,3,-2
114,1,-4,1.25,4,-0.5
20,1,-4,1.25,4,-1
13,1,-4,1.25,4,-1.5
34,1,-4,1.25,4,-2
55,1,-4,1.25,5,-0.5
24,1,-4,1.25,5,-1
40,1,-4,1.25,5,-1.5
107,1,-4,1.25,5,-2
50,1,-4,1.75,1,-0.5
72,1,-4,1.75,1,-1
44,1,-4,1.75,1,-1.5
37,1,-4,1.75,1,-2
79,1,-4,1.75,2,-0.5
31,1,-4,1.75,2,-1
44,1,-4,1.75,2,-1.5
48,1,-4,1.75,2,-2
36,1,-4,1.75,3,-0.5
50,1,-4,1.75,3,-1
76,1,-4,1.75,3,-1.5
51,1,-4,1.75,3,-2
56,1,-4,1.75,4,-0.5
44,1,-4,1.75,4,-1
80,1,-4,1.75,4,-1.5
37,1,-4,1.75,4,-2
38,1,-4,1.75,5,-0.5
37,1,-4,1.75,5,-1
49,1,-4,1.75,5,-1.5
51,1,-4,1.75,5,-2
362,1,-5,0.25,1,-0.5
61,1,-5,0.25,1,-1
288,1,-5,0.25,1,-1.5
95,1,-5,0.25,1,-2
672,1,-5,0.25,2,-0.5
387,1,-5,0.25,2,-1
283,1,-5,0.25,2,-1.5
104,1,-5,0.25,2,-2
672,1,-5,0.25,3,-0.5
535,1,-5,0.25,3,-1
261,1,-5,0.25,3,-1.5
42,1,-5,0.25,3,-2
316,1,-5,0.25,4,-0.5
190,1,-5,0.25,4,-1
195,1,-5,0.25,4,-1.5
37,1,-5,0.25,4,-2
63,1,-5,0.25,5,-0.5
305,1,-5,0.25,5,-1
277,1,-5,0.25,5,-1.5
186,1,-5,0.25,5,-2
424,1,-5,0.75,1,-0.5
140,1,-5,0.75,1,-1
62,1,-5,0.75,1,-1.5
118,1,-5,0.75,1,-2
463,1,-5,0.75,2,-0.5
284,1,-5,0.75,2,-1
65,1,-5,0.75,2,-1.5
46,1,-5,0.75,2,-2
19,1,-5,0.75,3,-0.5
48,1,-5,0.75,3,-1
232,1,-5,0.75,3,-1.5
264,1,-5,0.75,3,-2
30,1,-5,0.75,4,-0.5
377,1,-5,0.75,4,-1
36,1,-5,0.75,4,-1.5
71,1,-5,0.75,4,-2
67,1,-5,0.75,5,-0.5
226,1,-5,0.75,5,-1
26,1,-5,0.75,5,-1.5
72,1,-5,0.75,5,-2
356,1,-5,1.25,1,-0.5
40,1,-5,1.25,1,-1
81,1,-5,1.25,1,-1.5
28,1,-5,1.25,1,-2
43,1,-5,1.25,2,-0.5
74,1,-5,1.25,2,-1
36,1,-5,1.25,2,-1.5
33,1,-5,1.25,2,-2
31,1,-5,1.25,3,-0.5
98,1,-5,1.25,3,-1
37,1,-5,1.25,3,-1.5
201,1,-5,1.25,3,-2
92,1,-5,1.25,4,-0.5
36,1,-5,1.25,4,-1
69,1,-5,1.25,4,-1.5
35,1,-5,1.25,4,-2
28,1,-5,1.25,5,-0.5
56,1,-5,1.25,5,-1
33,1,-5,1.25,5,-1.5
45,1,-5,1.25,5,-2
28,1,-5,1.75,1,-0.5
47,1,-5,1.75,1,-1
24,1,-5,1.75,1,-1.5
35,1,-5,1.75,1,-2
77,1,-5,1.75,2,-0.5
83,1,-5,1.75,2,-1
39,1,-5,1.75,2,-1.5
45,1,-5,1.75,2,-2
55,1,-5,1.75,3,-0.5
64,1,-5,1.75,3,-1
26,1,-5,1.75,3,-1.5
39,1,-5,1.75,3,-2
39,1,-5,1.75,4,-0.5
45,1,-5,1.75,4,-1
23,1,-5,1.75,4,-1.5
24,1,-5,1.75,4,-2
37,1,-5,1.75,5,-0.5
50,1,-5,1.75,5,-1
34,1,-5,1.75,5,-1.5
81,1,-5,1.75,5,-2
382,2,-1,0.25,1,-0.5
44,2,-1,0.25,1,-1
262,2,-1,0.25,1,-1.5
55,2,-1,0.25,1,-2
94,2,-1,0.25,2,-0.5
41,2,-1,0.25,2,-1
78,2,-1,0.25,2,-1.5
29,2,-1,0.25,2,-2
89,2,-1,0.25,3,-0.5
71,2,-1,0.25,3,-1
20,2,-1,0.25,3,-1.5
24,2,-1,0.25,3,-2
320,2,-1,0.25,4,-0.5
124,2,-1,0.25,4,-1
50,2,-1,0.25,4,-1.5
72,2,-1,0.25,4,-2
136,2,-1,0.25,5,-0.5
59,2,-1,0.25,5,-1
81,2,-1,0.25,5,-1.5
33,2,-1,0.25,5,-2
56,2,-1,0.75,1,-0.5
47,2,-1,0.75,1,-1
29,2,-1,0.75,1,-1.5
49,2,-1,0.75,1,-2
52,2,-1,0.75,2,-0.5
52,2,-1,0.75,2,-1
30,2,-1,0.75,2,-1.5
35,2,-1,0.75,2,-2
48,2,-1,0.75,3,-0.5
28,2,-1,0.75,3,-1
49,2,-1,0.75,3,-1.5
52,2,-1,0.75,3,-2
17,2,-1,0.75,4,-0.5
52,2,-1,0.75,4,-1
41,2,-1,0.75,4,-1.5
64,2,-1,0.75,4,-2
43,2,-1,0.75,5,-0.5
50,2,-1,0.75,5,-1
37,2,-1,0.75,5,-1.5
47,2,-1,0.75,5,-2
99,2,-1,1.25,1,-0.5
65,2,-1,1.25,1,-1
69,2,-1,1.25,1,-1.5
59,2,-1,1.25,1,-2
74,2,-1,1.25,2,-0.5
65,2,-1,1.25,2,-1
68,2,-1,1.25,2,-1.5
49,2,-1,1.25,2,-2
93,2,-1,1.25,3,-0.5
61,2,-1,1.25,3,-1
57,2,-1,1.25,3,-1.5
72,2,-1,1.25,3,-2
62,2,-1,1.25,4,-0.5
71,2,-1,1.25,4,-1
66,2,-1,1.25,4,-1.5
74,2,-1,1.25,4,-2
77,2,-1,1.25,5,-0.5
60,2,-1,1.25,5,-1
68,2,-1,1.25,5,-1.5
66,2,-1,1.25,5,-2
132,2,-1,1.75,1,-0.5
115,2,-1,1.75,1,-1
88,2,-1,1.75,1,-1.5
98,2,-1,1.75,1,-2
104,2,-1,1.75,2,-0.5
131,2,-1,1.75,2,-1
107,2,-1,1.75,2,-1.5
74,2,-1,1.75,2,-2
126,2,-1,1.75,3,-0.5
98,2,-1,1.75,3,-1
74,2,-1,1.75,3,-1.5
77,2,-1,1.75,3,-2
57,2,-1,1.75,4,-0.5
135,2,-1,1.75,4,-1
92,2,-1,1.75,4,-1.5
78,2,-1,1.75,4,-2
141,2,-1,1.75,5,-0.5
114,2,-1,1.75,5,-1
85,2,-1,1.75,5,-1.5
110,2,-1,1.75,5,-2
306,2,-2,0.25,1,-0.5
47,2,-2,0.25,1,-1
290,2,-2,0.25,1,-1.5
46,2,-2,0.25,1,-2
381,2,-2,0.25,2,-0.5
87,2,-2,0.25,2,-1
67,2,-2,0.25,2,-1.5
52,2,-2,0.25,2,-2
287,2,-2,0.25,3,-0.5
103,2,-2,0.25,3,-1
128,2,-2,0.25,3,-1.5
38,2,-2,0.25,3,-2
285,2,-2,0.25,4,-0.5
79,2,-2,0.25,4,-1
38,2,-2,0.25,4,-1.5
36,2,-2,0.25,4,-2
112,2,-2,0.25,5,-0.5
75,2,-2,0.25,5,-1
169,2,-2,0.25,5,-1.5
73,2,-2,0.25,5,-2
22,2,-2,0.75,1,-0.5
31,2,-2,0.75,1,-1
25,2,-2,0.75,1,-1.5
23,2,-2,0.75,1,-2
44,2,-2,0.75,2,-0.5
24,2,-2,0.75,2,-1
37,2,-2,0.75,2,-1.5
21,2,-2,0.75,2,-2
36,2,-2,0.75,3,-0.5
29,2,-2,0.75,3,-1
74,2,-2,0.75,3,-1.5
42,2,-2,0.75,3,-2
333,2,-2,0.75,4,-0.5
28,2,-2,0.75,4,-1
31,2,-2,0.75,4,-1.5
37,2,-2,0.75,4,-2
37,2,-2,0.75,5,-0.5
34,2,-2,0.75,5,-1
116,2,-2,0.75,5,-1.5
30,2,-2,0.75,5,-2
53,2,-2,1.25,1,-0.5
46,2,-2,1.25,1,-1
49,2,-2,1.25,1,-1.5
36,2,-2,1.25,1,-2
45,2,-2,1.25,2,-0.5
32,2,-2,1.25,2,-1
40,2,-2,1.25,2,-1.5
26,2,-2,1.25,2,-2
36,2,-2,1.25,3,-0.5
47,2,-2,1.25,3,-1
25,2,-2,1.25,3,-1.5
37,2,-2,1.25,3,-2
41,2,-2,1.25,4,-0.5
28,2,-2,1.25,4,-1
20,2,-2,1.25,4,-1.5
38,2,-2,1.25,4,-2
58,2,-2,1.25,5,-0.5
35,2,-2,1.25,5,-1
28,2,-2,1.25,5,-1.5
47,2,-2,1.25,5,-2
99,2,-2,1.75,1,-0.5
59,2,-2,1.75,1,-1
59,2,-2,1.75,1,-1.5
68,2,-2,1.75,1,-2
96,2,-2,1.75,2,-0.5
69,2,-2,1.75,2,-1
32,2,-2,1.75,2,-1.5
28,2,-2,1.75,2,-2
82,2,-2,1.75,3,-0.5
59,2,-2,1.75,3,-1
49,2,-2,1.75,3,-1.5
43,2,-2,1.75,3,-2
77,2,-2,1.75,4,-0.5
80,2,-2,1.75,4,-1
72,2,-2,1.75,4,-1.5
33,2,-2,1.75,4,-2
89,2,-2,1.75,5,-0.5
54,2,-2,1.75,5,-1
58,2,-2,1.75,5,-1.5
40,2,-2,1.75,5,-2
373,2,-3,0.25,1,-0.5
417,2,-3,0.25,1,-1
385,2,-3,0.25,1,-1.5
115,2,-3,0.25,1,-2
356,2,-3,0.25,2,-0.5
54,2,-3,0.25,2,-1
28,2,-3,0.25,2,-1.5
385,2,-3,0.25,2,-2
322,2,-3,0.25,3,-0.5
212,2,-3,0.25,3,-1
147,2,-3,0.25,3,-1.5
37,2,-3,0.25,3,-2
463,2,-3,0.25,4,-0.5
312,2,-3,0.25,4,-1
77,2,-3,0.25,4,-1.5
78,2,-3,0.25,4,-2
185,2,-3,0.25,5,-0.5
56,2,-3,0.25,5,-1
353,2,-3,0.25,5,-1.5
35,2,-3,0.25,5,-2
36,2,-3,0.75,1,-0.5
88,2,-3,0.75,1,-1
39,2,-3,0.75,1,-1.5
29,2,-3,0.75,1,-2
35,2,-3,0.75,2,-0.5
171,2,-3,0.75,2,-1
46,2,-3,0.75,2,-1.5
320,2,-3,0.75,2,-2
36,2,-3,0.75,3,-0.5
71,2,-3,0.75,3,-1
24,2,-3,0.75,3,-1.5
36,2,-3,0.75,3,-2
27,2,-3,0.75,4,-0.5
25,2,-3,0.75,4,-1
84,2,-3,0.75,4,-1.5
67,2,-3,0.75,4,-2
66,2,-3,0.75,5,-0.5
85,2,-3,0.75,5,-1
61,2,-3,0.75,5,-1.5
39,2,-3,0.75,5,-2
51,2,-3,1.25,1,-0.5
20,2,-3,1.25,1,-1
32,2,-3,1.25,1,-1.5
47,2,-3,1.25,1,-2
23,2,-3,1.25,2,-0.5
31,2,-3,1.25,2,-1
35,2,-3,1.25,2,-1.5
62,2,-3,1.25,2,-2
19,2,-3,1.25,3,-0.5
36,2,-3,1.25,3,-1
44,2,-3,1.25,3,-1.5
38,2,-3,1.25,3,-2
22,2,-3,1.25,4,-0.5
25,2,-3,1.25,4,-1
25,2,-3,1.25,4,-1.5
40,2,-3,1.25,4,-2
39,2,-3,1.25,5,-0.5
42,2,-3,1.25,5,-1
41,2,-3,1.25,5,-1.5
46,2,-3,1.25,5,-2
78,2,-3,1.75,1,-0.5
50,2,-3,1.75,1,-1
40,2,-3,1.75,1,-1.5
47,2,-3,1.75,1,-2
47,2,-3,1.75,2,-0.5
27,2,-3,1.75,2,-1
57,2,-3,1.75,2,-1.5
17,2,-3,1.75,2,-2
54,2,-3,1.75,3,-0.5
52,2,-3,1.75,3,-1
33,2,-3,1.75,3,-1.5
20,2,-3,1.75,3,-2
50,2,-3,1.75,4,-0.5
28,2,-3,1.75,4,-1
51,2,-3,1.75,4,-1.5
57,2,-3,1.75,4,-2
68,2,-3,1.75,5,-0.5
51,2,-3,1.75,5,-1
63,2,-3,1.75,5,-1.5
42,2,-3,1.75,5,-2
413,2,-4,0.25,1,-0.5
237,2,-4,0.25,1,-1
248,2,-4,0.25,1,-1.5
169,2,-4,0.25,1,-2
510,2,-4,0.25,2,-0.5
172,2,-4,0.25,2,-1
253,2,-4,0.25,2,-1.5
133,2,-4,0.25,2,-2
101,2,-4,0.25,3,-0.5
57,2,-4,0.25,3,-1
45,2,-4,0.25,3,-1.5
74,2,-4,0.25,3,-2
292,2,-4,0.25,4,-0.5
239,2,-4,0.25,4,-1
292,2,-4,0.25,4,-1.5
51,2,-4,0.25,4,-2
220,2,-4,0.25,5,-0.5
103,2,-4,0.25,5,-1
234,2,-4,0.25,5,-1.5
55,2,-4,0.25,5,-2
371,2,-4,0.75,1,-0.5
46,2,-4,0.75,1,-1
212,2,-4,0.75,1,-1.5
87,2,-4,0.75,1,-2
321,2,-4,0.75,2,-0.5
39,2,-4,0.75,2,-1
145,2,-4,0.75,2,-1.5
23,2,-4,0.75,2,-2
185,2,-4,0.75,3,-0.5
34,2,-4,0.75,3,-1
32,2,-4,0.75,3,-1.5
144,2,-4,0.75,3,-2
30,2,-4,0.75,4,-0.5
38,2,-4,0.75,4,-1
392,2,-4,0.75,4,-1.5
59,2,-4,0.75,4,-2
37,2,-4,0.75,5,-0.5
99,2,-4,0.75,5,-1
59,2,-4,0.75,5,-1.5
25,2,-4,0.75,5,-2
44,2,-4,1.25,1,-0.5
24,2,-4,1.25,1,-1
28,2,-4,1.25,1,-1.5
67,2,-4,1.25,1,-2
50,2,-4,1.25,2,-0.5
27,2,-4,1.25,2,-1
24,2,-4,1.25,2,-1.5
32,2,-4,1.25,2,-2
36,2,-4,1.25,3,-0.5
71,2,-4,1.25,3,-1
36,2,-4,1.25,3,-1.5
33,2,-4,1.25,3,-2
37,2,-4,1.25,4,-0.5
48,2,-4,1.25,4,-1
26,2,-4,1.25,4,-1.5
43,2,-4,1.25,4,-2
32,2,-4,1.25,5,-0.5
82,2,-4,1.25,5,-1
96,2,-4,1.25,5,-1.5
32,2,-4,1.25,5,-2
47,2,-4,1.75,1,-0.5
293,2,-4,1.75,1,-1
29,2,-4,1.75,1,-1.5
34,2,-4,1.75,1,-2
38,2,-4,1.75,2,-0.5
26,2,-4,1.75,2,-1
38,2,-4,1.75,2,-1.5
24,2,-4,1.75,2,-2
54,2,-4,1.75,3,-0.5
285,2,-4,1.75,3,-1
35,2,-4,1.75,3,-1.5
65,2,-4,1.75,3,-2
19,2,-4,1.75,4,-0.5
37,2,-4,1.75,4,-1
27,2,-4,1.75,4,-1.5
36,2,-4,1.75,4,-2
35,2,-4,1.75,5,-0.5
21,2,-4,1.75,5,-1
20,2,-4,1.75,5,-1.5
27,2,-4,1.75,5,-2
458,2,-5,0.25,1,-0.5
263,2,-5,0.25,1,-1
161,2,-5,0.25,1,-1.5
63,2,-5,0.25,1,-2
316,2,-5,0.25,2,-0.5
49,2,-5,0.25,2,-1
134,2,-5,0.25,2,-1.5
269,2,-5,0.25,2,-2
356,2,-5,0.25,3,-0.5
67,2,-5,0.25,3,-1
98,2,-5,0.25,3,-1.5
206,2,-5,0.25,3,-2
121,2,-5,0.25,4,-0.5
160,2,-5,0.25,4,-1
356,2,-5,0.25,4,-1.5
72,2,-5,0.25,4,-2
351,2,-5,0.25,5,-0.5
310,2,-5,0.25,5,-1
178,2,-5,0.25,5,-1.5
116,2,-5,0.25,5,-2
321,2,-5,0.75,1,-0.5
141,2,-5,0.75,1,-1
397,2,-5,0.75,1,-1.5
83,2,-5,0.75,1,-2
46,2,-5,0.75,2,-0.5
453,2,-5,0.75,2,-1
81,2,-5,0.75,2,-1.5
46,2,-5,0.75,2,-2
310,2,-5,0.75,3,-0.5
59,2,-5,0.75,3,-1
18,2,-5,0.75,3,-1.5
68,2,-5,0.75,3,-2
87,2,-5,0.75,4,-0.5
197,2,-5,0.75,4,-1
32,2,-5,0.75,4,-1.5
69,2,-5,0.75,4,-2
62,2,-5,0.75,5,-0.5
121,2,-5,0.75,5,-1
172,2,-5,0.75,5,-1.5
18,2,-5,0.75,5,-2
454,2,-5,1.25,1,-0.5
74,2,-5,1.25,1,-1
40,2,-5,1.25,1,-1.5
48,2,-5,1.25,1,-2
54,2,-5,1.25,2,-0.5
55,2,-5,1.25,2,-1
83,2,-5,1.25,2,-1.5
231,2,-5,1.25,2,-2
51,2,-5,1.25,3,-0.5
44,2,-5,1.25,3,-1
55,2,-5,1.25,3,-1.5
22,2,-5,1.25,3,-2
29,2,-5,1.25,4,-0.5
32,2,-5,1.25,4,-1
79,2,-5,1.25,4,-1.5
41,2,-5,1.25,4,-2
29,2,-5,1.25,5,-0.5
20,2,-5,1.25,5,-1
33,2,-5,1.25,5,-1.5
32,2,-5,1.25,5,-2
63,2,-5,1.75,1,-0.5
182,2,-5,1.75,1,-1
19,2,-5,1.75,1,-1.5
48,2,-5,1.75,1,-2
46,2,-5,1.75,2,-0.5
36,2,-5,1.75,2,-1
57,2,-5,1.75,2,-1.5
47,2,-5,1.75,2,-2
72,2,-5,1.75,3,-0.5
31,2,-5,1.75,3,-1
44,2,-5,1.75,3,-1.5
78,2,-5,1.75,3,-2
34,2,-5,1.75,4,-0.5
51,2,-5,1.75,4,-1
41,2,-5,1.75,4,-1.5
93,2,-5,1.75,4,-2
24,2,-5,1.75,5,-0.5
35,2,-5,1.75,5,-1
53,2,-5,1.75,5,-1.5
13,2,-5,1.75,5,-2
250,3,-1,0.25,1,-0.5
90,3,-1,0.25,1,-1
72,3,-1,0.25,1,-1.5
57,3,-1,0.25,1,-2
128,3,-1,0.25,2,-0.5
110,3,-1,0.25,2,-1
71,3,-1,0.25,2,-1.5
57,3,-1,0.25,2,-2
307,3,-1,0.25,3,-0.5
216,3,-1,0.25,3,-1
101,3,-1,0.25,3,-1.5
68,3,-1,0.25,3,-2
94,3,-1,0.25,4,-0.5
98,3,-1,0.25,4,-1
53,3,-1,0.25,4,-1.5
61,3,-1,0.25,4,-2
180,3,-1,0.25,5,-0.5
103,3,-1,0.25,5,-1
52,3,-1,0.25,5,-1.5
44,3,-1,0.25,5,-2
91,3,-1,0.75,1,-0.5
42,3,-1,0.75,1,-1
39,3,-1,0.75,1,-1.5
42,3,-1,0.75,1,-2
34,3,-1,0.75,2,-0.5
56,3,-1,0.75,2,-1
27,3,-1,0.75,2,-1.5
25,3,-1,0.75,2,-2
87,3,-1,0.75,3,-0.5
55,3,-1,0.75,3,-1
45,3,-1,0.75,3,-1.5
35,3,-1,0.75,3,-2
88,3,-1,0.75,4,-0.5
59,3,-1,0.75,4,-1
31,3,-1,0.75,4,-1.5
27,3,-1,0.75,4,-2
54,3,-1,0.75,5,-0.5
39,3,-1,0.75,5,-1
52,3,-1,0.75,5,-1.5
62,3,-1,0.75,5,-2
98,3,-1,1.25,1,-0.5
73,3,-1,1.25,1,-1
69,3,-1,1.25,1,-1.5
32,3,-1,1.25,1,-2
87,3,-1,1.25,2,-0.5
72,3,-1,1.25,2,-1
67,3,-1,1.25,2,-1.5
58,3,-1,1.25,2,-2
69,3,-1,1.25,3,-0.5
42,3,-1,1.25,3,-1
69,3,-1,1.25,3,-1.5
52,3,-1,1.25,3,-2
55,3,-1,1.25,4,-0.5
57,3,-1,1.25,4,-1
63,3,-1,1.25,4,-1.5
64,3,-1,1.25,4,-2
117,3,-1,1.25,5,-0.5
62,3,-1,1.25,5,-1
31,3,-1,1.25,5,-1.5
70,3,-1,1.25,5,-2
131,3,-1,1.75,1,-0.5
123,3,-1,1.75,1,-1
87,3,-1,1.75,1,-1.5
85,3,-1,1.75,1,-2
116,3,-1,1.75,2,-0.5
104,3,-1,1.75,2,-1
94,3,-1,1.75,2,-1.5
80,3,-1,1.75,2,-2
87,3,-1,1.75,3,-0.5
61,3,-1,1.75,3,-1
90,3,-1,1.75,3,-1.5
68,3,-1,1.75,3,-2
90,3,-1,1.75,4,-0.5
103,3,-1,1.75,4,-1
66,3,-1,1.75,4,-1.5
66,3,-1,1.75,4,-2
108,3,-1,1.75,5,-0.5
81,3,-1,1.75,5,-1
64,3,-1,1.75,5,-1.5
65,3,-1,1.75,5,-2
153,3,-2,0.25,1,-0.5
342,3,-2,0.25,1,-1
333,3,-2,0.25,1,-1.5
88,3,-2,0.25,1,-2
83,3,-2,0.25,2,-0.5
277,3,-2,0.25,2,-1
84,3,-2,0.25,2,-1.5
57,3,-2,0.25,2,-2
403,3,-2,0.25,3,-0.5
41,3,-2,0.25,3,-1
77,3,-2,0.25,3,-1.5
38,3,-2,0.25,3,-2
324,3,-2,0.25,4,-0.5
97,3,-2,0.25,4,-1
70,3,-2,0.25,4,-1.5
51,3,-2,0.25,4,-2
70,3,-2,0.25,5,-0.5
39,3,-2,0.25,5,-1
68,3,-2,0.25,5,-1.5
100,3,-2,0.25,5,-2
70,3,-2,0.75,1,-0.5
42,3,-2,0.75,1,-1
55,3,-2,0.75,1,-1.5
37,3,-2,0.75,1,-2
67,3,-2,0.75,2,-0.5
292,3,-2,0.75,2,-1
48,3,-2,0.75,2,-1.5
98,3,-2,0.75,2,-2
52,3,-2,0.75,3,-0.5
60,3,-2,0.75,3,-1
145,3,-2,0.75,3,-1.5
35,3,-2,0.75,3,-2
41,3,-2,0.75,4,-0.5
27,3,-2,0.75,4,-1
38,3,-2,0.75,4,-1.5
33,3,-2,0.75,4,-2
62,3,-2,0.75,5,-0.5
53,3,-2,0.75,5,-1
27,3,-2,0.75,5,-1.5
62,3,-2,0.75,5,-2
52,3,-2,1.25,1,-0.5
40,3,-2,1.25,1,-1
50,3,-2,1.25,1,-1.5
22,3,-2,1.25,1,-2
26,3,-2,1.25,2,-0.5
29,3,-2,1.25,2,-1
46,3,-2,1.25,2,-1.5
36,3,-2,1.25,2,-2
31,3,-2,1.25,3,-0.5
22,3,-2,1.25,3,-1
38,3,-2,1.25,3,-1.5
21,3,-2,1.25,3,-2
81,3,-2,1.25,4,-0.5
31,3,-2,1.25,4,-1
31,3,-2,1.25,4,-1.5
58,3,-2,1.25,4,-2
53,3,-2,1.25,5,-0.5
34,3,-2,1.25,5,-1
56,3,-2,1.25,5,-1.5
26,3,-2,1.25,5,-2
64,3,-2,1.75,1,-0.5
50,3,-2,1.75,1,-1
42,3,-2,1.75,1,-1.5
35,3,-2,1.75,1,-2
67,3,-2,1.75,2,-0.5
60,3,-2,1.75,2,-1
75,3,-2,1.75,2,-1.5
54,3,-2,1.75,2,-2
85,3,-2,1.75,3,-0.5
48,3,-2,1.75,3,-1
51,3,-2,1.75,3,-1.5
50,3,-2,1.75,3,-2
74,3,-2,1.75,4,-0.5
67,3,-2,1.75,4,-1
47,3,-2,1.75,4,-1.5
38,3,-2,1.75,4,-2
58,3,-2,1.75,5,-0.5
60,3,-2,1.75,5,-1
52,3,-2,1.75,5,-1.5
46,3,-2,1.75,5,-2
279,3,-3,0.25,1,-0.5
166,3,-3,0.25,1,-1
396,3,-3,0.25,1,-1.5
461,3,-3,0.25,1,-2
296,3,-3,0.25,2,-0.5
84,3,-3,0.25,2,-1
76,3,-3,0.25,2,-1.5
92,3,-3,0.25,2,-2
91,3,-3,0.25,3,-0.5
342,3,-3,0.25,3,-1
327,3,-3,0.25,3,-1.5
38,3,-3,0.25,3,-2
38,3,-3,0.25,4,-0.5
342,3,-3,0.25,4,-1
67,3,-3,0.25,4,-1.5
425,3,-3,0.25,4,-2
153,3,-3,0.25,5,-0.5
92,3,-3,0.25,5,-1
54,3,-3,0.25,5,-1.5
74,3,-3,0.25,5,-2
54,3,-3,0.75,1,-0.5
69,3,-3,0.75,1,-1
74,3,-3,0.75,1,-1.5
75,3,-3,0.75,1,-2
354,3,-3,0.75,2,-0.5
124,3,-3,0.75,2,-1
104,3,-3,0.75,2,-1.5
50,3,-3,0.75,2,-2
223,3,-3,0.75,3,-0.5
172,3,-3,0.75,3,-1
78,3,-3,0.75,3,-1.5
38,3,-3,0.75,3,-2
66,3,-3,0.75,4,-0.5
45,3,-3,0.75,4,-1
36,3,-3,0.75,4,-1.5
37,3,-3,0.75,4,-2
41,3,-3,0.75,5,-0.5
42,3,-3,0.75,5,-1
52,3,-3,0.75,5,-1.5
43,3,-3,0.75,5,-2
25,3,-3,1.25,1,-0.5
53,3,-3,1.25,1,-1
39,3,-3,1.25,1,-1.5
48,3,-3,1.25,1,-2
56,3,-3,1.25,2,-0.5
15,3,-3,1.25,2,-1
52,3,-3,1.25,2,-1.5
29,3,-3,1.25,2,-2
47,3,-3,1.25,3,-0.5
31,3,-3,1.25,3,-1
27,3,-3,1.25,3,-1.5
38,3,-3,1.25,3,-2
294,3,-3,1.25,4,-0.5
45,3,-3,1.25,4,-1
22,3,-3,1.25,4,-1.5
23,3,-3,1.25,4,-2
85,3,-3,1.25,5,-0.5
32,3,-3,1.25,5,-1
33,3,-3,1.25,5,-1.5
33,3,-3,1.25,5,-2
37,3,-3,1.75,1,-0.5
54,3,-3,1.75,1,-1
59,3,-3,1.75,1,-1.5
53,3,-3,1.75,1,-2
61,3,-3,1.75,2,-0.5
71,3,-3,1.75,2,-1
24,3,-3,1.75,2,-1.5
18,3,-3,1.75,2,-2
55,3,-3,1.75,3,-0.5
18,3,-3,1.75,3,-1
37,3,-3,1.75,3,-1.5
57,3,-3,1.75,3,-2
30,3,-3,1.75,4,-0.5
28,3,-3,1.75,4,-1
71,3,-3,1.75,4,-1.5
61,3,-3,1.75,4,-2
58,3,-3,1.75,5,-0.5
49,3,-3,1.75,5,-1
40,3,-3,1.75,5,-1.5
40,3,-3,1.75,5,-2
307,3,-4,0.25,1,-0.5
360,3,-4,0.25,1,-1
106,3,-4,0.25,1,-1.5
262,3,-4,0.25,1,-2
215,3,-4,0.25,2,-0.5
314,3,-4,0.25,2,-1
142,3,-4,0.25,2,-1.5
105,3,-4,0.25,2,-2
379,3,-4,0.25,3,-0.5
322,3,-4,0.25,3,-1
77,3,-4,0.25,3,-1.5
116,3,-4,0.25,3,-2
128,3,-4,0.25,4,-0.5
109,3,-4,0.25,4,-1
322,3,-4,0.25,4,-1.5
139,3,-4,0.25,4,-2
485,3,-4,0.25,5,-0.5
156,3,-4,0.25,5,-1
441,3,-4,0.25,5,-1.5
121,3,-4,0.25,5,-2
499,3,-4,0.75,1,-0.5
144,3,-4,0.75,1,-1
210,3,-4,0.75,1,-1.5
43,3,-4,0.75,1,-2
45,3,-4,0.75,2,-0.5
22,3,-4,0.75,2,-1
290,3,-4,0.75,2,-1.5
14,3,-4,0.75,2,-2
95,3,-4,0.75,3,-0.5
105,3,-4,0.75,3,-1
235,3,-4,0.75,3,-1.5
36,3,-4,0.75,3,-2
45,3,-4,0.75,4,-0.5
264,3,-4,0.75,4,-1
235,3,-4,0.75,4,-1.5
46,3,-4,0.75,4,-2
55,3,-4,0.75,5,-0.5
96,3,-4,0.75,5,-1
92,3,-4,0.75,5,-1.5
21,3,-4,0.75,5,-2
80,3,-4,1.25,1,-0.5
49,3,-4,1.25,1,-1
54,3,-4,1.25,1,-1.5
26,3,-4,1.25,1,-2
94,3,-4,1.25,2,-0.5
16,3,-4,1.25,2,-1
45,3,-4,1.25,2,-1.5
38,3,-4,1.25,2,-2
138,3,-4,1.25,3,-0.5
41,3,-4,1.25,3,-1
31,3,-4,1.25,3,-1.5
18,3,-4,1.25,3,-2
40,3,-4,1.25,4,-0.5
17,3,-4,1.25,4,-1
28,3,-4,1.25,4,-1.5
30,3,-4,1.25,4,-2
37,3,-4,1.25,5,-0.5
19,3,-4,1.25,5,-1
23,3,-4,1.25,5,-1.5
36,3,-4,1.25,5,-2
34,3,-4,1.75,1,-0.5
32,3,-4,1.75,1,-1
72,3,-4,1.75,1,-1.5
24,3,-4,1.75,1,-2
81,3,-4,1.75,2,-0.5
61,3,-4,1.75,2,-1
46,3,-4,1.75,2,-1.5
19,3,-4,1.75,2,-2
22,3,-4,1.75,3,-0.5
38,3,-4,1.75,3,-1
35,3,-4,1.75,3,-1.5
26,3,-4,1.75,3,-2
25,3,-4,1.75,4,-0.5
38,3,-4,1.75,4,-1
60,3,-4,1.75,4,-1.5
64,3,-4,1.75,4,-2
56,3,-4,1.75,5,-0.5
22,3,-4,1.75,5,-1
28,3,-4,1.75,5,-1.5
45,3,-4,1.75,5,-2
409,3,-5,0.25,1,-0.5
228,3,-5,0.25,1,-1
299,3,-5,0.25,1,-1.5
360,3,-5,0.25,1,-2
237,3,-5,0.25,2,-0.5
290,3,-5,0.25,2,-1
289,3,-5,0.25,2,-1.5
269,3,-5,0.25,2,-2
295,3,-5,0.25,3,-0.5
301,3,-5,0.25,3,-1
461,3,-5,0.25,3,-1.5
269,3,-5,0.25,3,-2
281,3,-5,0.25,4,-0.5
265,3,-5,0.25,4,-1
461,3,-5,0.25,4,-1.5
340,3,-5,0.25,4,-2
374,3,-5,0.25,5,-0.5
267,3,-5,0.25,5,-1
320,3,-5,0.25,5,-1.5
84,3,-5,0.25,5,-2
497,3,-5,0.75,1,-0.5
305,3,-5,0.75,1,-1
247,3,-5,0.75,1,-1.5
49,3,-5,0.75,1,-2
329,3,-5,0.75,2,-0.5
83,3,-5,0.75,2,-1
119,3,-5,0.75,2,-1.5
254,3,-5,0.75,2,-2
197,3,-5,0.75,3,-0.5
71,3,-5,0.75,3,-1
239,3,-5,0.75,3,-1.5
35,3,-5,0.75,3,-2
24,3,-5,0.75,4,-0.5
24,3,-5,0.75,4,-1
129,3,-5,0.75,4,-1.5
50,3,-5,0.75,4,-2
293,3,-5,0.75,5,-0.5
61,3,-5,0.75,5,-1
29,3,-5,0.75,5,-1.5
177,3,-5,0.75,5,-2
41,3,-5,1.25,1,-0.5
85,3,-5,1.25,1,-1
44,3,-5,1.25,1,-1.5
56,3,-5,1.25,1,-2
45,3,-5,1.25,2,-0.5
94,3,-5,1.25,2,-1
17,3,-5,1.25,2,-1.5
31,3,-5,1.25,2,-2
50,3,-5,1.25,3,-0.5
33,3,-5,1.25,3,-1
77,3,-5,1.25,3,-1.5
85,3,-5,1.25,3,-2
474,3,-5,1.25,4,-0.5
37,3,-5,1.25,4,-1
317,3,-5,1.25,4,-1.5
265,3,-5,1.25,4,-2
37,3,-5,1.25,5,-0.5
38,3,-5,1.25,5,-1
44,3,-5,1.25,5,-1.5
22,3,-5,1.25,5,-2
64,3,-5,1.75,1,-0.5
24,3,-5,1.75,1,-1
17,3,-5,1.75,1,-1.5
24,3,-5,1.75,1,-2
48,3,-5,1.75,2,-0.5
36,3,-5,1.75,2,-1
118,3,-5,1.75,2,-1.5
28,3,-5,1.75,2,-2
295,3,-5,1.75,3,-0.5
28,3,-5,1.75,3,-1
23,3,-5,1.75,3,-1.5
14,3,-5,1.75,3,-2
36,3,-5,1.75,4,-0.5
43,3,-5,1.75,4,-1
34,3,-5,1.75,4,-1.5
24,3,-5,1.75,4,-2
49,3,-5,1.75,5,-0.5
36,3,-5,1.75,5,-1
37,3,-5,1.75,5,-1.5
21,3,-5,1.75,5,-2
150,4,-1,0.25,1,-0.5
167,4,-1,0.25,1,-1
141,4,-1,0.25,1,-1.5
81,4,-1,0.25,1,-2
154,4,-1,0.25,2,-0.5
139,4,-1,0.25,2,-1
94,4,-1,0.25,2,-1.5
136,4,-1,0.25,2,-2
155,4,-1,0.25,3,-0.5
115,4,-1,0.25,3,-1
101,4,-1,0.25,3,-1.5
282,4,-1,0.25,3,-2
156,4,-1,0.25,4,-0.5
103,4,-1,0.25,4,-1
103,4,-1,0.25,4,-1.5
44,4,-1,0.25,4,-2
264,4,-1,0.25,5,-0.5
151,4,-1,0.25,5,-1
99,4,-1,0.25,5,-1.5
61,4,-1,0.25,5,-2
99,4,-1,0.75,1,-0.5
110,4,-1,0.75,1,-1
79,4,-1,0.75,1,-1.5
87,4,-1,0.75,1,-2
135,4,-1,0.75,2,-0.5
50,4,-1,0.75,2,-1
52,4,-1,0.75,2,-1.5
43,4,-1,0.75,2,-2
112,4,-1,0.75,3,-0.5
72,4,-1,0.75,3,-1
60,4,-1,0.75,3,-1.5
52,4,-1,0.75,3,-2
77,4,-1,0.75,4,-0.5
91,4,-1,0.75,4,-1
45,4,-1,0.75,4,-1.5
56,4,-1,0.75,4,-2
88,4,-1,0.75,5,-0.5
98,4,-1,0.75,5,-1
50,4,-1,0.75,5,-1.5
64,4,-1,0.75,5,-2
96,4,-1,1.25,1,-0.5
69,4,-1,1.25,1,-1
64,4,-1,1.25,1,-1.5
60,4,-1,1.25,1,-2
77,4,-1,1.25,2,-0.5
82,4,-1,1.25,2,-1
71,4,-1,1.25,2,-1.5
70,4,-1,1.25,2,-2
86,4,-1,1.25,3,-0.5
64,4,-1,1.25,3,-1
54,4,-1,1.25,3,-1.5
44,4,-1,1.25,3,-2
95,4,-1,1.25,4,-0.5
74,4,-1,1.25,4,-1
27,4,-1,1.25,4,-1.5
61,4,-1,1.25,4,-2
92,4,-1,1.25,5,-0.5
82,4,-1,1.25,5,-1
51,4,-1,1.25,5,-1.5
54,4,-1,1.25,5,-2
132,4,-1,1.75,1,-0.5
85,4,-1,1.75,1,-1
103,4,-1,1.75,1,-1.5
66,4,-1,1.75,1,-2
74,4,-1,1.75,2,-0.5
104,4,-1,1.75,2,-1
58,4,-1,1.75,2,-1.5
72,4,-1,1.75,2,-2
50,4,-1,1.75,3,-0.5
77,4,-1,1.75,3,-1
67,4,-1,1.75,3,-1.5
47,4,-1,1.75,3,-2
86,4,-1,1.75,4,-0.5
72,4,-1,1.75,4,-1
55,4,-1,1.75,4,-1.5
37,4,-1,1.75,4,-2
72,4,-1,1.75,5,-0.5
75,4,-1,1.75,5,-1
86,4,-1,1.75,5,-1.5
95,4,-1,1.75,5,-2
162,4,-2,0.25,1,-0.5
133,4,-2,0.25,1,-1
119,4,-2,0.25,1,-1.5
40,4,-2,0.25,1,-2
266,4,-2,0.25,2,-0.5
234,4,-2,0.25,2,-1
88,4,-2,0.25,2,-1.5
31,4,-2,0.25,2,-2
186,4,-2,0.25,3,-0.5
170,4,-2,0.25,3,-1
152,4,-2,0.25,3,-1.5
80,4,-2,0.25,3,-2
194,4,-2,0.25,4,-0.5
260,4,-2,0.25,4,-1
250,4,-2,0.25,4,-1.5
83,4,-2,0.25,4,-2
395,4,-2,0.25,5,-0.5
311,4,-2,0.25,5,-1
141,4,-2,0.25,5,-1.5
114,4,-2,0.25,5,-2
83,4,-2,0.75,1,-0.5
207,4,-2,0.75,1,-1
26,4,-2,0.75,1,-1.5
37,4,-2,0.75,1,-2
194,4,-2,0.75,2,-0.5
91,4,-2,0.75,2,-1
82,4,-2,0.75,2,-1.5
45,4,-2,0.75,2,-2
140,4,-2,0.75,3,-0.5
69,4,-2,0.75,3,-1
32,4,-2,0.75,3,-1.5
48,4,-2,0.75,3,-2
80,4,-2,0.75,4,-0.5
82,4,-2,0.75,4,-1
48,4,-2,0.75,4,-1.5
72,4,-2,0.75,4,-2
117,4,-2,0.75,5,-0.5
51,4,-2,0.75,5,-1
41,4,-2,0.75,5,-1.5
59,4,-2,0.75,5,-2
72,4,-2,1.25,1,-0.5
57,4,-2,1.25,1,-1
55,4,-2,1.25,1,-1.5
91,4,-2,1.25,1,-2
48,4,-2,1.25,2,-0.5
48,4,-2,1.25,2,-1
31,4,-2,1.25,2,-1.5
34,4,-2,1.25,2,-2
37,4,-2,1.25,3,-0.5
49,4,-2,1.25,3,-1
41,4,-2,1.25,3,-1.5
25,4,-2,1.25,3,-2
43,4,-2,1.25,4,-0.5
44,4,-2,1.25,4,-1
55,4,-2,1.25,4,-1.5
34,4,-2,1.25,4,-2
61,4,-2,1.25,5,-0.5
44,4,-2,1.25,5,-1
29,4,-2,1.25,5,-1.5
33,4,-2,1.25,5,-2
93,4,-2,1.75,1,-0.5
63,4,-2,1.75,1,-1
29,4,-2,1.75,1,-1.5
52,4,-2,1.75,1,-2
88,4,-2,1.75,2,-0.5
65,4,-2,1.75,2,-1
63,4,-2,1.75,2,-1.5
44,4,-2,1.75,2,-2
61,4,-2,1.75,3,-0.5
60,4,-2,1.75,3,-1
43,4,-2,1.75,3,-1.5
43,4,-2,1.75,3,-2
66,4,-2,1.75,4,-0.5
52,4,-2,1.75,4,-1
53,4,-2,1.75,4,-1.5
46,4,-2,1.75,4,-2
86,4,-2,1.75,5,-0.5
55,4,-2,1.75,5,-1
51,4,-2,1.75,5,-1.5
16,4,-2,1.75,5,-2
347,4,-3,0.25,1,-0.5
205,4,-3,0.25,1,-1
74,4,-3,0.25,1,-1.5
37,4,-3,0.25,1,-2
132,4,-3,0.25,2,-0.5
143,4,-3,0.25,2,-1
342,4,-3,0.25,2,-1.5
124,4,-3,0.25,2,-2
111,4,-3,0.25,3,-0.5
211,4,-3,0.25,3,-1
126,4,-3,0.25,3,-1.5
140,4,-3,0.25,3,-2
454,4,-3,0.25,4,-0.5
194,4,-3,0.25,4,-1
315,4,-3,0.25,4,-1.5
312,4,-3,0.25,4,-2
336,4,-3,0.25,5,-0.5
144,4,-3,0.25,5,-1
138,4,-3,0.25,5,-1.5
26,4,-3,0.25,5,-2
170,4,-3,0.75,1,-0.5
226,4,-3,0.75,1,-1
77,4,-3,0.75,1,-1.5
56,4,-3,0.75,1,-2
196,4,-3,0.75,2,-0.5
52,4,-3,0.75,2,-1
57,4,-3,0.75,2,-1.5
35,4,-3,0.75,2,-2
53,4,-3,0.75,3,-0.5
59,4,-3,0.75,3,-1
95,4,-3,0.75,3,-1.5
64,4,-3,0.75,3,-2
47,4,-3,0.75,4,-0.5
154,4,-3,0.75,4,-1
83,4,-3,0.75,4,-1.5
71,4,-3,0.75,4,-2
125,4,-3,0.75,5,-0.5
71,4,-3,0.75,5,-1
44,4,-3,0.75,5,-1.5
192,4,-3,0.75,5,-2
68,4,-3,1.25,1,-0.5
50,4,-3,1.25,1,-1
41,4,-3,1.25,1,-1.5
59,4,-3,1.25,1,-2
66,4,-3,1.25,2,-0.5
30,4,-3,1.25,2,-1
47,4,-3,1.25,2,-1.5
42,4,-3,1.25,2,-2
100,4,-3,1.25,3,-0.5
70,4,-3,1.25,3,-1
18,4,-3,1.25,3,-1.5
24,4,-3,1.25,3,-2
32,4,-3,1.25,4,-0.5
35,4,-3,1.25,4,-1
47,4,-3,1.25,4,-1.5
17,4,-3,1.25,4,-2
162,4,-3,1.25,5,-0.5
75,4,-3,1.25,5,-1
29,4,-3,1.25,5,-1.5
28,4,-3,1.25,5,-2
61,4,-3,1.75,1,-0.5
39,4,-3,1.75,1,-1
66,4,-3,1.75,1,-1.5
47,4,-3,1.75,1,-2
50,4,-3,1.75,2,-0.5
43,4,-3,1.75,2,-1
39,4,-3,1.75,2,-1.5
66,4,-3,1.75,2,-2
47,4,-3,1.75,3,-0.5
86,4,-3,1.75,3,-1
40,4,-3,1.75,3,-1.5
46,4,-3,1.75,3,-2
58,4,-3,1.75,4,-0.5
38,4,-3,1.75,4,-1
35,4,-3,1.75,4,-1.5
65,4,-3,1.75,4,-2
56,4,-3,1.75,5,-0.5
31,4,-3,1.75,5,-1
40,4,-3,1.75,5,-1.5
51,4,-3,1.75,5,-2
447,4,-4,0.25,1,-0.5
180,4,-4,0.25,1,-1
216,4,-4,0.25,1,-1.5
102,4,-4,0.25,1,-2
465,4,-4,0.25,2,-0.5
228,4,-4,0.25,2,-1
132,4,-4,0.25,2,-1.5
52,4,-4,0.25,2,-2
308,4,-4,0.25,3,-0.5
297,4,-4,0.25,3,-1
97,4,-4,0.25,3,-1.5
249,4,-4,0.25,3,-2
133,4,-4,0.25,4,-0.5
231,4,-4,0.25,4,-1
371,4,-4,0.25,4,-1.5
246,4,-4,0.25,4,-2
144,4,-4,0.25,5,-0.5
301,4,-4,0.25,5,-1
411,4,-4,0.25,5,-1.5
133,4,-4,0.25,5,-2
427,4,-4,0.75,1,-0.5
147,4,-4,0.75,1,-1
131,4,-4,0.75,1,-1.5
72,4,-4,0.75,1,-2
77,4,-4,0.75,2,-0.5
129,4,-4,0.75,2,-1
63,4,-4,0.75,2,-1.5
69,4,-4,0.75,2,-2
35,4,-4,0.75,3,-0.5
89,4,-4,0.75,3,-1
182,4,-4,0.75,3,-1.5
355,4,-4,0.75,3,-2
96,4,-4,0.75,4,-0.5
103,4,-4,0.75,4,-1
127,4,-4,0.75,4,-1.5
71,4,-4,0.75,4,-2
329,4,-4,0.75,5,-0.5
91,4,-4,0.75,5,-1
79,4,-4,0.75,5,-1.5
65,4,-4,0.75,5,-2
83,4,-4,1.25,1,-0.5
127,4,-4,1.25,1,-1
31,4,-4,1.25,1,-1.5
84,4,-4,1.25,1,-2
29,4,-4,1.25,2,-0.5
106,4,-4,1.25,2,-1
39,4,-4,1.25,2,-1.5
40,4,-4,1.25,2,-2
79,4,-4,1.25,3,-0.5
231,4,-4,1.25,3,-1
244,4,-4,1.25,3,-1.5
35,4,-4,1.25,3,-2
28,4,-4,1.25,4,-0.5
27,4,-4,1.25,4,-1
23,4,-4,1.25,4,-1.5
56,4,-4,1.25,4,-2
151,4,-4,1.25,5,-0.5
260,4,-4,1.25,5,-1
30,4,-4,1.25,5,-1.5
20,4,-4,1.25,5,-2
56,4,-4,1.75,1,-0.5
41,4,-4,1.75,1,-1
26,4,-4,1.75,1,-1.5
51,4,-4,1.75,1,-2
33,4,-4,1.75,2,-0.5
25,4,-4,1.75,2,-1
46,4,-4,1.75,2,-1.5
54,4,-4,1.75,2,-2
32,4,-4,1.75,3,-0.5
21,4,-4,1.75,3,-1
35,4,-4,1.75,3,-1.5
123,4,-4,1.75,3,-2
38,4,-4,1.75,4,-0.5
28,4,-4,1.75,4,-1
30,4,-4,1.75,4,-1.5
27,4,-4,1.75,4,-2
38,4,-4,1.75,5,-0.5
30,4,-4,1.75,5,-1
39,4,-4,1.75,5,-1.5
44,4,-4,1.75,5,-2
398,4,-5,0.25,1,-0.5
340,4,-5,0.25,1,-1
301,4,-5,0.25,1,-1.5
244,4,-5,0.25,1,-2
451,4,-5,0.25,2,-0.5
367,4,-5,0.25,2,-1
348,4,-5,0.25,2,-1.5
73,4,-5,0.25,2,-2
470,4,-5,0.25,3,-0.5
229,4,-5,0.25,3,-1
307,4,-5,0.25,3,-1.5
80,4,-5,0.25,3,-2
119,4,-5,0.25,4,-0.5
246,4,-5,0.25,4,-1
242,4,-5,0.25,4,-1.5
101,4,-5,0.25,4,-2
386,4,-5,0.25,5,-0.5
233,4,-5,0.25,5,-1
154,4,-5,0.25,5,-1.5
90,4,-5,0.25,5,-2
577,4,-5,0.75,1,-0.5
201,4,-5,0.75,1,-1
228,4,-5,0.75,1,-1.5
217,4,-5,0.75,1,-2
307,4,-5,0.75,2,-0.5
82,4,-5,0.75,2,-1
25,4,-5,0.75,2,-1.5
267,4,-5,0.75,2,-2
360,4,-5,0.75,3,-0.5
53,4,-5,0.75,3,-1
150,4,-5,0.75,3,-1.5
55,4,-5,0.75,3,-2
500,4,-5,0.75,4,-0.5
198,4,-5,0.75,4,-1
66,4,-5,0.75,4,-1.5
71,4,-5,0.75,4,-2
77,4,-5,0.75,5,-0.5
28,4,-5,0.75,5,-1
117,4,-5,0.75,5,-1.5
37,4,-5,0.75,5,-2
304,4,-5,1.25,1,-0.5
45,4,-5,1.25,1,-1
72,4,-5,1.25,1,-1.5
27,4,-5,1.25,1,-2
317,4,-5,1.25,2,-0.5
118,4,-5,1.25,2,-1
43,4,-5,1.25,2,-1.5
44,4,-5,1.25,2,-2
86,4,-5,1.25,3,-0.5
198,4,-5,1.25,3,-1
91,4,-5,1.25,3,-1.5
35,4,-5,1.25,3,-2
56,4,-5,1.25,4,-0.5
35,4,-5,1.25,4,-1
153,4,-5,1.25,4,-1.5
102,4,-5,1.25,4,-2
438,4,-5,1.25,5,-0.5
22,4,-5,1.25,5,-1
100,4,-5,1.25,5,-1.5
133,4,-5,1.25,5,-2
41,4,-5,1.75,1,-0.5
35,4,-5,1.75,1,-1
37,4,-5,1.75,1,-1.5
28,4,-5,1.75,1,-2
42,4,-5,1.75,2,-0.5
25,4,-5,1.75,2,-1
30,4,-5,1.75,2,-1.5
34,4,-5,1.75,2,-2
38,4,-5,1.75,3,-0.5
259,4,-5,1.75,3,-1
212,4,-5,1.75,3,-1.5
23,4,-5,1.75,3,-2
305,4,-5,1.75,4,-0.5
28,4,-5,1.75,4,-1
46,4,-5,1.75,4,-1.5
19,4,-5,1.75,4,-2
38,4,-5,1.75,5,-0.5
52,4,-5,1.75,5,-1
30,4,-5,1.75,5,-1.5
312,4,-5,1.75,5,-2
188,5,-1,0.25,1,-0.5
249,5,-1,0.25,1,-1
109,5,-1,0.25,1,-1.5
140,5,-1,0.25,1,-2
154,5,-1,0.25,2,-0.5
425,5,-1,0.25,2,-1
138,5,-1,0.25,2,-1.5
123,5,-1,0.25,2,-2
139,5,-1,0.25,3,-0.5
124,5,-1,0.25,3,-1
106,5,-1,0.25,3,-1.5
117,5,-1,0.25,3,-2
138,5,-1,0.25,4,-0.5
97,5,-1,0.25,4,-1
128,5,-1,0.25,4,-1.5
103,5,-1,0.25,4,-2
141,5,-1,0.25,5,-0.5
90,5,-1,0.25,5,-1
99,5,-1,0.25,5,-1.5
74,5,-1,0.25,5,-2
138,5,-1,0.75,1,-0.5
130,5,-1,0.75,1,-1
128,5,-1,0.75,1,-1.5
94,5,-1,0.75,1,-2
123,5,-1,0.75,2,-0.5
113,5,-1,0.75,2,-1
102,5,-1,0.75,2,-1.5
114,5,-1,0.75,2,-2
98,5,-1,0.75,3,-0.5
67,5,-1,0.75,3,-1
73,5,-1,0.75,3,-1.5
69,5,-1,0.75,3,-2
124,5,-1,0.75,4,-0.5
78,5,-1,0.75,4,-1
95,5,-1,0.75,4,-1.5
56,5,-1,0.75,4,-2
108,5,-1,0.75,5,-0.5
99,5,-1,0.75,5,-1
82,5,-1,0.75,5,-1.5
90,5,-1,0.75,5,-2
99,5,-1,1.25,1,-0.5
146,5,-1,1.25,1,-1
114,5,-1,1.25,1,-1.5
108,5,-1,1.25,1,-2
123,5,-1,1.25,2,-0.5
68,5,-1,1.25,2,-1
64,5,-1,1.25,2,-1.5
55,5,-1,1.25,2,-2
101,5,-1,1.25,3,-0.5
104,5,-1,1.25,3,-1
75,5,-1,1.25,3,-1.5
51,5,-1,1.25,3,-2
128,5,-1,1.25,4,-0.5
101,5,-1,1.25,4,-1
101,5,-1,1.25,4,-1.5
85,5,-1,1.25,4,-2
107,5,-1,1.25,5,-0.5
79,5,-1,1.25,5,-1
57,5,-1,1.25,5,-1.5
55,5,-1,1.25,5,-2
115,5,-1,1.75,1,-0.5
115,5,-1,1.75,1,-1
105,5,-1,1.75,1,-1.5
63,5,-1,1.75,1,-2
132,5,-1,1.75,2,-0.5
114,5,-1,1.75,2,-1
77,5,-1,1.75,2,-1.5
83,5,-1,1.75,2,-2
108,5,-1,1.75,3,-0.5
87,5,-1,1.75,3,-1
71,5,-1,1.75,3,-1.5
59,5,-1,1.75,3,-2
95,5,-1,1.75,4,-0.5
79,5,-1,1.75,4,-1
76,5,-1,1.75,4,-1.5
53,5,-1,1.75,4,-2
67,5,-1,1.75,5,-0.5
102,5,-1,1.75,5,-1
75,5,-1,1.75,5,-1.5
40,5,-1,1.75,5,-2
139,5,-2,0.25,1,-0.5
504,5,-2,0.25,1,-1
118,5,-2,0.25,1,-1.5
104,5,-2,0.25,1,-2
235,5,-2,0.25,2,-0.5
285,5,-2,0.25,2,-1
426,5,-2,0.25,2,-1.5
211,5,-2,0.25,2,-2
454,5,-2,0.25,3,-0.5
455,5,-2,0.25,3,-1
183,5,-2,0.25,3,-1.5
108,5,-2,0.25,3,-2
454,5,-2,0.25,4,-0.5
285,5,-2,0.25,4,-1
289,5,-2,0.25,4,-1.5
56,5,-2,0.25,4,-2
129,5,-2,0.25,5,-0.5
134,5,-2,0.25,5,-1
137,5,-2,0.25,5,-1.5
68,5,-2,0.25,5,-2
121,5,-2,0.75,1,-0.5
102,5,-2,0.75,1,-1
119,5,-2,0.75,1,-1.5
84,5,-2,0.75,1,-2
100,5,-2,0.75,2,-0.5
67,5,-2,0.75,2,-1
101,5,-2,0.75,2,-1.5
89,5,-2,0.75,2,-2
225,5,-2,0.75,3,-0.5
93,5,-2,0.75,3,-1
63,5,-2,0.75,3,-1.5
64,5,-2,0.75,3,-2
68,5,-2,0.75,4,-0.5
122,5,-2,0.75,4,-1
95,5,-2,0.75,4,-1.5
61,5,-2,0.75,4,-2
298,5,-2,0.75,5,-0.5
86,5,-2,0.75,5,-1
44,5,-2,0.75,5,-1.5
118,5,-2,0.75,5,-2
79,5,-2,1.25,1,-0.5
90,5,-2,1.25,1,-1
83,5,-2,1.25,1,-1.5
55,5,-2,1.25,1,-2
83,5,-2,1.25,2,-0.5
55,5,-2,1.25,2,-1
50,5,-2,1.25,2,-1.5
42,5,-2,1.25,2,-2
48,5,-2,1.25,3,-0.5
63,5,-2,1.25,3,-1
52,5,-2,1.25,3,-1.5
62,5,-2,1.25,3,-2
66,5,-2,1.25,4,-0.5
60,5,-2,1.25,4,-1
69,5,-2,1.25,4,-1.5
48,5,-2,1.25,4,-2
87,5,-2,1.25,5,-0.5
53,5,-2,1.25,5,-1
49,5,-2,1.25,5,-1.5
54,5,-2,1.25,5,-2
70,5,-2,1.75,1,-0.5
80,5,-2,1.75,1,-1
61,5,-2,1.75,1,-1.5
60,5,-2,1.75,1,-2
78,5,-2,1.75,2,-0.5
68,5,-2,1.75,2,-1
45,5,-2,1.75,2,-1.5
68,5,-2,1.75,2,-2
64,5,-2,1.75,3,-0.5
50,5,-2,1.75,3,-1
52,5,-2,1.75,3,-1.5
39,5,-2,1.75,3,-2
64,5,-2,1.75,4,-0.5
51,5,-2,1.75,4,-1
28,5,-2,1.75,4,-1.5
27,5,-2,1.75,4,-2
86,5,-2,1.75,5,-0.5
39,5,-2,1.75,5,-1
50,5,-2,1.75,5,-1.5
40,5,-2,1.75,5,-2
421,5,-3,0.25,1,-0.5
244,5,-3,0.25,1,-1
140,5,-3,0.25,1,-1.5
94,5,-3,0.25,1,-2
536,5,-3,0.25,2,-0.5
189,5,-3,0.25,2,-1
327,5,-3,0.25,2,-1.5
123,5,-3,0.25,2,-2
126,5,-3,0.25,3,-0.5
211,5,-3,0.25,3,-1
240,5,-3,0.25,3,-1.5
101,5,-3,0.25,3,-2
168,5,-3,0.25,4,-0.5
133,5,-3,0.25,4,-1
99,5,-3,0.25,4,-1.5
161,5,-3,0.25,4,-2
274,5,-3,0.25,5,-0.5
264,5,-3,0.25,5,-1
102,5,-3,0.25,5,-1.5
82,5,-3,0.25,5,-2
321,5,-3,0.75,1,-0.5
115,5,-3,0.75,1,-1
57,5,-3,0.75,1,-1.5
105,5,-3,0.75,1,-2
454,5,-3,0.75,2,-0.5
111,5,-3,0.75,2,-1
93,5,-3,0.75,2,-1.5
64,5,-3,0.75,2,-2
82,5,-3,0.75,3,-0.5
42,5,-3,0.75,3,-1
69,5,-3,0.75,3,-1.5
73,5,-3,0.75,3,-2
106,5,-3,0.75,4,-0.5
46,5,-3,0.75,4,-1
128,5,-3,0.75,4,-1.5
30,5,-3,0.75,4,-2
65,5,-3,0.75,5,-0.5
33,5,-3,0.75,5,-1
60,5,-3,0.75,5,-1.5
62,5,-3,0.75,5,-2
77,5,-3,1.25,1,-0.5
103,5,-3,1.25,1,-1
69,5,-3,1.25,1,-1.5
67,5,-3,1.25,1,-2
83,5,-3,1.25,2,-0.5
89,5,-3,1.25,2,-1
38,5,-3,1.25,2,-1.5
51,5,-3,1.25,2,-2
45,5,-3,1.25,3,-0.5
103,5,-3,1.25,3,-1
44,5,-3,1.25,3,-1.5
53,5,-3,1.25,3,-2
192,5,-3,1.25,4,-0.5
49,5,-3,1.25,4,-1
82,5,-3,1.25,4,-1.5
45,5,-3,1.25,4,-2
60,5,-3,1.25,5,-0.5
94,5,-3,1.25,5,-1
81,5,-3,1.25,5,-1.5
47,5,-3,1.25,5,-2
71,5,-3,1.75,1,-0.5
37,5,-3,1.75,1,-1
53,5,-3,1.75,1,-1.5
52,5,-3,1.75,1,-2
68,5,-3,1.75,2,-0.5
83,5,-3,1.75,2,-1
44,5,-3,1.75,2,-1.5
59,5,-3,1.75,2,-2
63,5,-3,1.75,3,-0.5
58,5,-3,1.75,3,-1
34,5,-3,1.75,3,-1.5
48,5,-3,1.75,3,-2
70,5,-3,1.75,4,-0.5
51,5,-3,1.75,4,-1
28,5,-3,1.75,4,-1.5
51,5,-3,1.75,4,-2
40,5,-3,1.75,5,-0.5
21,5,-3,1.75,5,-1
46,5,-3,1.75,5,-1.5
35,5,-3,1.75,5,-2
502,5,-4,0.25,1,-0.5
330,5,-4,0.25,1,-1
179,5,-4,0.25,1,-1.5
376,5,-4,0.25,1,-2
488,5,-4,0.25,2,-0.5
287,5,-4,0.25,2,-1
319,5,-4,0.25,2,-1.5
244,5,-4,0.25,2,-2
488,5,-4,0.25,3,-0.5
324,5,-4,0.25,3,-1
158,5,-4,0.25,3,-1.5
325,5,-4,0.25,3,-2
147,5,-4,0.25,4,-0.5
147,5,-4,0.25,4,-1
320,5,-4,0.25,4,-1.5
328,5,-4,0.25,4,-2
231,5,-4,0.25,5,-0.5
357,5,-4,0.25,5,-1
173,5,-4,0.25,5,-1.5
328,5,-4,0.25,5,-2
523,5,-4,0.75,1,-0.5
341,5,-4,0.75,1,-1
178,5,-4,0.75,1,-1.5
136,5,-4,0.75,1,-2
244,5,-4,0.75,2,-0.5
86,5,-4,0.75,2,-1
50,5,-4,0.75,2,-1.5
74,5,-4,0.75,2,-2
201,5,-4,0.75,3,-0.5
316,5,-4,0.75,3,-1
106,5,-4,0.75,3,-1.5
431,5,-4,0.75,3,-2
89,5,-4,0.75,4,-0.5
137,5,-4,0.75,4,-1
104,5,-4,0.75,4,-1.5
42,5,-4,0.75,4,-2
202,5,-4,0.75,5,-0.5
46,5,-4,0.75,5,-1
197,5,-4,0.75,5,-1.5
47,5,-4,0.75,5,-2
56,5,-4,1.25,1,-0.5
44,5,-4,1.25,1,-1
43,5,-4,1.25,1,-1.5
78,5,-4,1.25,1,-2
98,5,-4,1.25,2,-0.5
56,5,-4,1.25,2,-1
34,5,-4,1.25,2,-1.5
51,5,-4,1.25,2,-2
71,5,-4,1.25,3,-0.5
127,5,-4,1.25,3,-1
370,5,-4,1.25,3,-1.5
173,5,-4,1.25,3,-2
69,5,-4,1.25,4,-0.5
206,5,-4,1.25,4,-1
174,5,-4,1.25,4,-1.5
26,5,-4,1.25,4,-2
64,5,-4,1.25,5,-0.5
80,5,-4,1.25,5,-1
24,5,-4,1.25,5,-1.5
58,5,-4,1.25,5,-2
78,5,-4,1.75,1,-0.5
46,5,-4,1.75,1,-1
49,5,-4,1.75,1,-1.5
48,5,-4,1.75,1,-2
481,5,-4,1.75,2,-0.5
60,5,-4,1.75,2,-1
31,5,-4,1.75,2,-1.5
38,5,-4,1.75,2,-2
50,5,-4,1.75,3,-0.5
25,5,-4,1.75,3,-1
47,5,-4,1.75,3,-1.5
47,5,-4,1.75,3,-2
56,5,-4,1.75,4,-0.5
58,5,-4,1.75,4,-1
36,5,-4,1.75,4,-1.5
38,5,-4,1.75,4,-2
53,5,-4,1.75,5,-0.5
48,5,-4,1.75,5,-1
18,5,-4,1.75,5,-1.5
29,5,-4,1.75,5,-2
349,5,-5,0.25,1,-0.5
338,5,-5,0.25,1,-1
466,5,-5,0.25,1,-1.5
185,5,-5,0.25,1,-2
520,5,-5,0.25,2,-0.5
338,5,-5,0.25,2,-1
465,5,-5,0.25,2,-1.5
68,5,-5,0.25,2,-2
457,5,-5,0.25,3,-0.5
417,5,-5,0.25,3,-1
230,5,-5,0.25,3,-1.5
371,5,-5,0.25,3,-2
263,5,-5,0.25,4,-0.5
402,5,-5,0.25,4,-1
172,5,-5,0.25,4,-1.5
197,5,-5,0.25,4,-2
306,5,-5,0.25,5,-0.5
449,5,-5,0.25,5,-1
319,5,-5,0.25,5,-1.5
197,5,-5,0.25,5,-2
440,5,-5,0.75,1,-0.5
360,5,-5,0.75,1,-1
85,5,-5,0.75,1,-1.5
360,5,-5,0.75,1,-2
429,5,-5,0.75,2,-0.5
235,5,-5,0.75,2,-1
92,5,-5,0.75,2,-1.5
360,5,-5,0.75,2,-2
382,5,-5,0.75,3,-0.5
144,5,-5,0.75,3,-1
57,5,-5,0.75,3,-1.5
83,5,-5,0.75,3,-2
405,5,-5,0.75,4,-0.5
150,5,-5,0.75,4,-1
117,5,-5,0.75,4,-1.5
88,5,-5,0.75,4,-2
429,5,-5,0.75,5,-0.5
68,5,-5,0.75,5,-1
381,5,-5,0.75,5,-1.5
80,5,-5,0.75,5,-2
71,5,-5,1.25,1,-0.5
202,5,-5,1.25,1,-1
61,5,-5,1.25,1,-1.5
36,5,-5,1.25,1,-2
64,5,-5,1.25,2,-0.5
60,5,-5,1.25,2,-1
87,5,-5,1.25,2,-1.5
111,5,-5,1.25,2,-2
78,5,-5,1.25,3,-0.5
55,5,-5,1.25,3,-1
34,5,-5,1.25,3,-1.5
40,5,-5,1.25,3,-2
53,5,-5,1.25,4,-0.5
47,5,-5,1.25,4,-1
49,5,-5,1.25,4,-1.5
23,5,-5,1.25,4,-2
307,5,-5,1.25,5,-0.5
258,5,-5,1.25,5,-1
89,5,-5,1.25,5,-1.5
28,5,-5,1.25,5,-2
64,5,-5,1.75,1,-0.5
55,5,-5,1.75,1,-1
50,5,-5,1.75,1,-1.5
44,5,-5,1.75,1,-2
82,5,-5,1.75,2,-0.5
40,5,-5,1.75,2,-1
22,5,-5,1.75,2,-1.5
111,5,-5,1.75,2,-2
41,5,-5,1.75,3,-0.5
104,5,-5,1.75,3,-1
16,5,-5,1.75,3,-1.5
82,5,-5,1.75,3,-2
89,5,-5,1.75,4,-0.5
51,5,-5,1.75,4,-1
26,5,-5,1.75,4,-1.5
43,5,-5,1.75,4,-2
73,5,-5,1.75,5,-0.5
178,5,-5,1.75,5,-1
127,5,-5,1.75,5,-1.5
24,5,-5,1.75,5,-2
