96,1,-1,0.25,1,-0.5
52,1,-1,0.25,1,-1
26,1,-1,0.25,1,-1.5
25,1,-1,0.25,1,-2
25,1,-1,0.25,2,-0.5
68,1,-1,0.25,2,-1
28,1,-1,0.25,2,-1.5
69,1,-1,0.25,2,-2
69,1,-1,0.25,3,-0.5
47,1,-1,0.25,3,-1
35,1,-1,0.25,3,-1.5
45,1,-1,0.25,3,-2
64,1,-1,0.25,4,-0.5
150,1,-1,0.25,4,-1
24,1,-1,0.25,4,-1.5
63,1,-1,0.25,4,-2
277,1,-1,0.25,5,-0.5
82,1,-1,0.25,5,-1
49,1,-1,0.25,5,-1.5
67,1,-1,0.25,5,-2
56,1,-1,0.75,1,-0.5
51,1,-1,0.75,1,-1
68,1,-1,0.75,1,-1.5
54,1,-1,0.75,1,-2
46,1,-1,0.75,2,-0.5
40,1,-1,0.75,2,-1
48,1,-1,0.75,2,-1.5
65,1,-1,0.75,2,-2
62,1,-1,0.75,3,-0.5
54,1,-1,0.75,3,-1
51,1,-1,0.75,3,-1.5
61,1,-1,0.75,3,-2
82,1,-1,0.75,4,-0.5
72,1,-1,0.75,4,-1
62,1,-1,0.75,4,-1.5
93,1,-1,0.75,4,-2
72,1,-1,0.75,5,-0.5
44,1,-1,0.75,5,-1
72,1,-1,0.75,5,-1.5
99,1,-1,0.75,5,-2
105,1,-1,1.25,1,-0.5
93,1,-1,1.25,1,-1
114,1,-1,1.25,1,-1.5
102,1,-1,1.25,1,-2
106,1,-1,1.25,2,-0.5
89,1,-1,1.25,2,-1
84,1,-1,1.25,2,-1.5
83,1,-1,1.25,2,-2
134,1,-1,1.25,3,-0.5
90,1,-1,1.25,3,-1
104,1,-1,1.25,3,-1.5
77,1,-1,1.25,3,-2
108,1,-1,1.25,4,-0.5
65,1,-1,1.25,4,-1
95,1,-1,1.25,4,-1.5
81,1,-1,1.25,4,-2
125,1,-1,1.25,5,-0.5
113,1,-1,1.25,5,-1
116,1,-1,1.25,5,-1.5
90,1,-1,1.25,5,-2
172,1,-1,1.75,1,-0.5
145,1,-1,1.75,1,-1
148,1,-1,1.75,1,-1.5
117,1,-1,1.75,1,-2
144,1,-1,1.75,2,-0.5
150,1,-1,1.75,2,-1
143,1,-1,1.75,2,-1.5
113,1,-1,1.75,2,-2
161,1,-1,1.75,3,-0.5
130,1,-1,1.75,3,-1
112,1,-1,1.75,3,-1.5
98,1,-1,1.75,3,-2
156,1,-1,1.75,4,-0.5
112,1,-1,1.75,4,-1
107,1,-1,1.75,4,-1.5
105,1,-1,1.75,4,-2
168,1,-1,1.75,5,-0.5
137,1,-1,1.75,5,-1
108,1,-1,1.75,5,-1.5
119,1,-1,1.75,5,-2
204,1,-2,0.25,1,-0.5
251,1,-2,0.25,1,-1
35,1,-2,0.25,1,-1.5
88,1,-2,0.25,1,-2
484,1,-2,0.25,2,-0.5
101,1,-2,0.25,2,-1
63,1,-2,0.25,2,-1.5
80,1,-2,0.25,2,-2
304,1,-2,0.25,3,-0.5
123,1,-2,0.25,3,-1
198,1,-2,0.25,3,-1.5
72,1,-2,0.25,3,-2
219,1,-2,0.25,4,-0.5
258,1,-2,0.25,4,-1
79,1,-2,0.25,4,-1.5
72,1,-2,0.25,4,-2
112,1,-2,0.25,5,-0.5
123,1,-2,0.25,5,-1
23,1,-2,0.25,5,-1.5
60,1,-2,0.25,5,-2
28,1,-2,0.75,1,-0.5
37,1,-2,0.75,1,-1
37,1,-2,0.75,1,-1.5
24,1,-2,0.75,1,-2
70,1,-2,0.75,2,-0.5
33,1,-2,0.75,2,-1
39,1,-2,0.75,2,-1.5
37,1,-2,0.75,2,-2
46,1,-2,0.75,3,-0.5
59,1,-2,0.75,3,-1
46,1,-2,0.75,3,-1.5
56,1,-2,0.75,3,-2
37,1,-2,0.75,4,-0.5
42,1,-2,0.75,4,-1
100,1,-2,0.75,4,-1.5
47,1,-2,0.75,4,-2
17,1,-2,0.75,5,-0.5
45,1,-2,0.75,5,-1
94,1,-2,0.75,5,-1.5
56,1,-2,0.75,5,-2
68,1,-2,1.25,1,-0.5
54,1,-2,1.25,1,-1
73,1,-2,1.25,1,-1.5
58,1,-2,1.25,1,-2
62,1,-2,1.25,2,-0.5
69,1,-2,1.25,2,-1
52,1,-2,1.25,2,-1.5
50,1,-2,1.25,2,-2
75,1,-2,1.25,3,-0.5
51,1,-2,1.25,3,-1
65,1,-2,1.25,3,-1.5
48,1,-2,1.25,3,-2
82,1,-2,1.25,4,-0.5
63,1,-2,1.25,4,-1
43,1,-2,1.25,4,-1.5
61,1,-2,1.25,4,-2
74,1,-2,1.25,5,-0.5
74,1,-2,1.25,5,-1
73,1,-2,1.25,5,-1.5
74,1,-2,1.25,5,-2
135,1,-2,1.75,1,-0.5
103,1,-2,1.75,1,-1
71,1,-2,1.75,1,-1.5
96,1,-2,1.75,1,-2
120,1,-2,1.75,2,-0.5
90,1,-2,1.75,2,-1
91,1,-2,1.75,2,-1.5
63,1,-2,1.75,2,-2
104,1,-2,1.75,3,-0.5
88,1,-2,1.75,3,-1
82,1,-2,1.75,3,-1.5
80,1,-2,1.75,3,-2
107,1,-2,1.75,4,-0.5
81,1,-2,1.75,4,-1
66,1,-2,1.75,4,-1.5
84,1,-2,1.75,4,-2
102,1,-2,1.75,5,-0.5
105,1,-2,1.75,5,-1
74,1,-2,1.75,5,-1.5
88,1,-2,1.75,5,-2
331,1,-3,0.25,1,-0.5
43,1,-3,0.25,1,-1
275,1,-3,0.25,1,-1.5
78,1,-3,0.25,1,-2
199,1,-3,0.25,2,-0.5
81,1,-3,0.25,2,-1
125,1,-3,0.25,2,-1.5
242,1,-3,0.25,2,-2
117,1,-3,0.25,3,-0.5
160,1,-3,0.25,3,-1
49,1,-3,0.25,3,-1.5
208,1,-3,0.25,3,-2
321,1,-3,0.25,4,-0.5
88,1,-3,0.25,4,-1
59,1,-3,0.25,4,-1.5
295,1,-3,0.25,4,-2
135,1,-3,0.25,5,-0.5
90,1,-3,0.25,5,-1
161,1,-3,0.25,5,-1.5
52,1,-3,0.25,5,-2
112,1,-3,0.75,1,-0.5
44,1,-3,0.75,1,-1
26,1,-3,0.75,1,-1.5
31,1,-3,0.75,1,-2
32,1,-3,0.75,2,-0.5
50,1,-3,0.75,2,-1
37,1,-3,0.75,2,-1.5
16,1,-3,0.75,2,-2
27,1,-3,0.75,3,-0.5
224,1,-3,0.75,3,-1
140,1,-3,0.75,3,-1.5
65,1,-3,0.75,3,-2
87,1,-3,0.75,4,-0.5
20,1,-3,0.75,4,-1
19,1,-3,0.75,4,-1.5
147,1,-3,0.75,4,-2
57,1,-3,0.75,5,-0.5
27,1,-3,0.75,5,-1
54,1,-3,0.75,5,-1.5
42,1,-3,0.75,5,-2
63,1,-3,1.25,1,-0.5
60,1,-3,1.25,1,-1
68,1,-3,1.25,1,-1.5
25,1,-3,1.25,1,-2
64,1,-3,1.25,2,-0.5
48,1,-3,1.25,2,-1
51,1,-3,1.25,2,-1.5
21,1,-3,1.25,2,-2
50,1,-3,1.25,3,-0.5
44,1,-3,1.25,3,-1
35,1,-3,1.25,3,-1.5
59,1,-3,1.25,3,-2
44,1,-3,1.25,4,-0.5
254,1,-3,1.25,4,-1
122,1,-3,1.25,4,-1.5
49,1,-3,1.25,4,-2
50,1,-3,1.25,5,-0.5
41,1,-3,1.25,5,-1
45,1,-3,1.25,5,-1.5
53,1,-3,1.25,5,-2
86,1,-3,1.75,1,-0.5
71,1,-3,1.75,1,-1
81,1,-3,1.75,1,-1.5
70,1,-3,1.75,1,-2
87,1,-3,1.75,2,-0.5
53,1,-3,1.75,2,-1
67,1,-3,1.75,2,-1.5
64,1,-3,1.75,2,-2
68,1,-3,1.75,3,-0.5
57,1,-3,1.75,3,-1
55,1,-3,1.75,3,-1.5
59,1,-3,1.75,3,-2
107,1,-3,1.75,4,-0.5
86,1,-3,1.75,4,-1
88,1,-3,1.75,4,-1.5
63,1,-3,1.75,4,-2
71,1,-3,1.75,5,-0.5
47,1,-3,1.75,5,-1
53,1,-3,1.75,5,-1.5
41,1,-3,1.75,5,-2
273,1,-4,0.25,1,-0.5
310,1,-4,0.25,1,-1
253,1,-4,0.25,1,-1.5
164,1,-4,0.25,1,-2
141,1,-4,0.25,2,-0.5
167,1,-4,0.25,2,-1
108,1,-4,0.25,2,-1.5
141,1,-4,0.25,2,-2
344,1,-4,0.25,3,-0.5
46,1,-4,0.25,3,-1
338,1,-4,0.25,3,-1.5
64,1,-4,0.25,3,-2
276,1,-4,0.25,4,-0.5
108,1,-4,0.25,4,-1
237,1,-4,0.25,4,-1.5
299,1,-4,0.25,4,-2
427,1,-4,0.25,5,-0.5
261,1,-4,0.25,5,-1
394,1,-4,0.25,5,-1.5
256,1,-4,0.25,5,-2
116,1,-4,0.75,1,-0.5
43,1,-4,0.75,1,-1
60,1,-4,0.75,1,-1.5
183,1,-4,0.75,1,-2
294,1,-4,0.75,2,-0.5
249,1,-4,0.75,2,-1
117,1,-4,0.75,2,-1.5
52,1,-4,0.75,2,-2
57,1,-4,0.75,3,-0.5
56,1,-4,0.75,3,-1
75,1,-4,0.75,3,-1.5
208,1,-4,0.75,3,-2
236,1,-4,0.75,4,-0.5
244,1,-4,0.75,4,-1
70,1,-4,0.75,4,-1.5
398,1,-4,0.75,4,-2
98,1,-4,0.75,5,-0.5
58,1,-4,0.75,5,-1
393,1,-4,0.75,5,-1.5
27,1,-4,0.75,5,-2
39,1,-4,1.25,1,-0.5
43,1,-4,1.25,1,-1
49,1,-4,1.25,1,-1.5
66,1,-4,1.25,1,-2
44,1,-4,1.25,2,-0.5
240,1,-4,1.25,2,-1
79,1,-4,1.25,2,-1.5
50,1,-4,1.25,2,-2
62,1,-4,1.25,3,-0.5
46,1,-4,1.25,3,-1
116,1,-4,1.25,3,-1.5
27,1,-4,1.25,3,-2
107,1,-4,1.25,4,-0.5
28,1,-4,1.25,4,-1
79,1,-4,1.25,4,-1.5
26,1,-4,1.25,4,-2
44,1,-4,1.25,5,-0.5
45,1,-4,1.25,5,-1
29,1,-4,1.25,5,-1.5
62,1,-4,1.25,5,-2
53,1,-4,1.75,1,-0.5
42,1,-4,1.75,1,-1
41,1,-4,1.75,1,-1.5
16,1,-4,1.75,1,-2
65,1,-4,1.75,2,-0.5
34,1,-4,1.75,2,-1
70,1,-4,1.75,2,-1.5
51,1,-4,1.75,2,-2
71,1,-4,1.75,3,-0.5
37,1,-4,1.75,3,-1
71,1,-4,1.75,3,-1.5
91,1,-4,1.75,3,-2
54,1,-4,1.75,4,-0.5
79,1,-4,1.75,4,-1
71,1,-4,1.75,4,-1.5
36,1,-4,1.75,4,-2
52,1,-4,1.75,5,-0.5
49,1,-4,1.75,5,-1
53,1,-4,1.75,5,-1.5
28,1,-4,1.75,5,-2
370,1,-5,0.25,1,-0.5
269,1,-5,0.25,1,-1
206,1,-5,0.25,1,-1.5
300,1,-5,0.25,1,-2
217,1,-5,0.25,2,-0.5
140,1,-5,0.25,2,-1
289,1,-5,0.25,2,-1.5
161,1,-5,0.25,2,-2
286,1,-5,0.25,3,-0.5
123,1,-5,0.25,3,-1
458,1,-5,0.25,3,-1.5
120,1,-5,0.25,3,-2
394,1,-5,0.25,4,-0.5
264,1,-5,0.25,4,-1
305,1,-5,0.25,4,-1.5
99,1,-5,0.25,4,-2
179,1,-5,0.25,5,-0.5
357,1,-5,0.25,5,-1
248,1,-5,0.25,5,-1.5
237,1,-5,0.25,5,-2
240,1,-5,0.75,1,-0.5
120,1,-5,0.75,1,-1
265,1,-5,0.75,1,-1.5
206,1,-5,0.75,1,-2
329,1,-5,0.75,2,-0.5
21,1,-5,0.75,2,-1
312,1,-5,0.75,2,-1.5
222,1,-5,0.75,2,-2
235,1,-5,0.75,3,-0.5
287,1,-5,0.75,3,-1
238,1,-5,0.75,3,-1.5
211,1,-5,0.75,3,-2
183,1,-5,0.75,4,-0.5
21,1,-5,0.75,4,-1
144,1,-5,0.75,4,-1.5
37,1,-5,0.75,4,-2
238,1,-5,0.75,5,-0.5
22,1,-5,0.75,5,-1
105,1,-5,0.75,5,-1.5
153,1,-5,0.75,5,-2
44,1,-5,1.25,1,-0.5
56,1,-5,1.25,1,-1
236,1,-5,1.25,1,-1.5
78,1,-5,1.25,1,-2
25,1,-5,1.25,2,-0.5
48,1,-5,1.25,2,-1
111,1,-5,1.25,2,-1.5
70,1,-5,1.25,2,-2
30,1,-5,1.25,3,-0.5
24,1,-5,1.25,3,-1
78,1,-5,1.25,3,-1.5
23,1,-5,1.25,3,-2
55,1,-5,1.25,4,-0.5
50,1,-5,1.25,4,-1
65,1,-5,1.25,4,-1.5
185,1,-5,1.25,4,-2
55,1,-5,1.25,5,-0.5
79,1,-5,1.25,5,-1
27,1,-5,1.25,5,-1.5
126,1,-5,1.25,5,-2
62,1,-5,1.75,1,-0.5
187,1,-5,1.75,1,-1
61,1,-5,1.75,1,-1.5
65,1,-5,1.75,1,-2
56,1,-5,1.75,2,-0.5
58,1,-5,1.75,2,-1
37,1,-5,1.75,2,-1.5
60,1,-5,1.75,2,-2
66,1,-5,1.75,3,-0.5
28,1,-5,1.75,3,-1
22,1,-5,1.75,3,-1.5
30,1,-5,1.75,3,-2
43,1,-5,1.75,4,-0.5
34,1,-5,1.75,4,-1
81,1,-5,1.75,4,-1.5
41,1,-5,1.75,4,-2
74,1,-5,1.75,5,-0.5
44,1,-5,1.75,5,-1
36,1,-5,1.75,5,-1.5
52,1,-5,1.75,5,-2
187,2,-1,0.25,1,-0.5
114,2,-1,0.25,1,-1
52,2,-1,0.25,1,-1.5
69,2,-1,0.25,1,-2
381,2,-1,0.25,2,-0.5
201,2,-1,0.25,2,-1
74,2,-1,0.25,2,-1.5
66,2,-1,0.25,2,-2
233,2,-1,0.25,3,-0.5
237,2,-1,0.25,3,-1
56,2,-1,0.25,3,-1.5
43,2,-1,0.25,3,-2
92,2,-1,0.25,4,-0.5
208,2,-1,0.25,4,-1
51,2,-1,0.25,4,-1.5
96,2,-1,0.25,4,-2
114,2,-1,0.25,5,-0.5
226,2,-1,0.25,5,-1
38,2,-1,0.25,5,-1.5
51,2,-1,0.25,5,-2
77,2,-1,0.75,1,-0.5
49,2,-1,0.75,1,-1
74,2,-1,0.75,1,-1.5
30,2,-1,0.75,1,-2
44,2,-1,0.75,2,-0.5
43,2,-1,0.75,2,-1
38,2,-1,0.75,2,-1.5
84,2,-1,0.75,2,-2
47,2,-1,0.75,3,-0.5
81,2,-1,0.75,3,-1
50,2,-1,0.75,3,-1.5
69,2,-1,0.75,3,-2
82,2,-1,0.75,4,-0.5
62,2,-1,0.75,4,-1
40,2,-1,0.75,4,-1.5
69,2,-1,0.75,4,-2
68,2,-1,0.75,5,-0.5
62,2,-1,0.75,5,-1
36,2,-1,0.75,5,-1.5
41,2,-1,0.75,5,-2
117,2,-1,1.25,1,-0.5
85,2,-1,1.25,1,-1
80,2,-1,1.25,1,-1.5
40,2,-1,1.25,1,-2
74,2,-1,1.25,2,-0.5
53,2,-1,1.25,2,-1
60,2,-1,1.25,2,-1.5
72,2,-1,1.25,2,-2
96,2,-1,1.25,3,-0.5
56,2,-1,1.25,3,-1
57,2,-1,1.25,3,-1.5
39,2,-1,1.25,3,-2
78,2,-1,1.25,4,-0.5
72,2,-1,1.25,4,-1
48,2,-1,1.25,4,-1.5
86,2,-1,1.25,4,-2
111,2,-1,1.25,5,-0.5
50,2,-1,1.25,5,-1
70,2,-1,1.25,5,-1.5
91,2,-1,1.25,5,-2
130,2,-1,1.75,1,-0.5
139,2,-1,1.75,1,-1
127,2,-1,1.75,1,-1.5
102,2,-1,1.75,1,-2
108,2,-1,1.75,2,-0.5
102,2,-1,1.75,2,-1
108,2,-1,1.75,2,-1.5
95,2,-1,1.75,2,-2
119,2,-1,1.75,3,-0.5
82,2,-1,1.75,3,-1
64,2,-1,1.75,3,-1.5
92,2,-1,1.75,3,-2
122,2,-1,1.75,4,-0.5
96,2,-1,1.75,4,-1
106,2,-1,1.75,4,-1.5
75,2,-1,1.75,4,-2
111,2,-1,1.75,5,-0.5
106,2,-1,1.75,5,-1
70,2,-1,1.75,5,-1.5
106,2,-1,1.75,5,-2
305,2,-2,0.25,1,-0.5
125,2,-2,0.25,1,-1
385,2,-2,0.25,1,-1.5
89,2,-2,0.25,1,-2
264,2,-2,0.25,2,-0.5
256,2,-2,0.25,2,-1
179,2,-2,0.25,2,-1.5
35,2,-2,0.25,2,-2
190,2,-2,0.25,3,-0.5
93,2,-2,0.25,3,-1
110,2,-2,0.25,3,-1.5
48,2,-2,0.25,3,-2
92,2,-2,0.25,4,-0.5
117,2,-2,0.25,4,-1
115,2,-2,0.25,4,-1.5
168,2,-2,0.25,4,-2
169,2,-2,0.25,5,-0.5
59,2,-2,0.25,5,-1
50,2,-2,0.25,5,-1.5
270,2,-2,0.25,5,-2
60,2,-2,0.75,1,-0.5
30,2,-2,0.75,1,-1
185,2,-2,0.75,1,-1.5
44,2,-2,0.75,1,-2
43,2,-2,0.75,2,-0.5
89,2,-2,0.75,2,-1
57,2,-2,0.75,2,-1.5
22,2,-2,0.75,2,-2
145,2,-2,0.75,3,-0.5
132,2,-2,0.75,3,-1
72,2,-2,0.75,3,-1.5
20,2,-2,0.75,3,-2
58,2,-2,0.75,4,-0.5
94,2,-2,0.75,4,-1
27,2,-2,0.75,4,-1.5
40,2,-2,0.75,4,-2
63,2,-2,0.75,5,-0.5
62,2,-2,0.75,5,-1
41,2,-2,0.75,5,-1.5
43,2,-2,0.75,5,-2
46,2,-2,1.25,1,-0.5
47,2,-2,1.25,1,-1
45,2,-2,1.25,1,-1.5
32,2,-2,1.25,1,-2
54,2,-2,1.25,2,-0.5
29,2,-2,1.25,2,-1
31,2,-2,1.25,2,-1.5
48,2,-2,1.25,2,-2
16,2,-2,1.25,3,-0.5
34,2,-2,1.25,3,-1
54,2,-2,1.25,3,-1.5
37,2,-2,1.25,3,-2
60,2,-2,1.25,4,-0.5
50,2,-2,1.25,4,-1
84,2,-2,1.25,4,-1.5
29,2,-2,1.25,4,-2
56,2,-2,1.25,5,-0.5
47,2,-2,1.25,5,-1
45,2,-2,1.25,5,-1.5
43,2,-2,1.25,5,-2
130,2,-2,1.75,1,-0.5
60,2,-2,1.75,1,-1
62,2,-2,1.75,1,-1.5
42,2,-2,1.75,1,-2
110,2,-2,1.75,2,-0.5
96,2,-2,1.75,2,-1
40,2,-2,1.75,2,-1.5
62,2,-2,1.75,2,-2
76,2,-2,1.75,3,-0.5
83,2,-2,1.75,3,-1
65,2,-2,1.75,3,-1.5
38,2,-2,1.75,3,-2
97,2,-2,1.75,4,-0.5
55,2,-2,1.75,4,-1
63,2,-2,1.75,4,-1.5
63,2,-2,1.75,4,-2
104,2,-2,1.75,5,-0.5
67,2,-2,1.75,5,-1
48,2,-2,1.75,5,-1.5
67,2,-2,1.75,5,-2
254,2,-3,0.25,1,-0.5
204,2,-3,0.25,1,-1
230,2,-3,0.25,1,-1.5
86,2,-3,0.25,1,-2
157,2,-3,0.25,2,-0.5
254,2,-3,0.25,2,-1
205,2,-3,0.25,2,-1.5
33,2,-3,0.25,2,-2
135,2,-3,0.25,3,-0.5
254,2,-3,0.25,3,-1
59,2,-3,0.25,3,-1.5
90,2,-3,0.25,3,-2
339,2,-3,0.25,4,-0.5
266,2,-3,0.25,4,-1
83,2,-3,0.25,4,-1.5
278,2,-3,0.25,4,-2
332,2,-3,0.25,5,-0.5
321,2,-3,0.25,5,-1
362,2,-3,0.25,5,-1.5
56,2,-3,0.25,5,-2
395,2,-3,0.75,1,-0.5
65,2,-3,0.75,1,-1
45,2,-3,0.75,1,-1.5
35,2,-3,0.75,1,-2
126,2,-3,0.75,2,-0.5
64,2,-3,0.75,2,-1
85,2,-3,0.75,2,-1.5
62,2,-3,0.75,2,-2
48,2,-3,0.75,3,-0.5
253,2,-3,0.75,3,-1
194,2,-3,0.75,3,-1.5
38,2,-3,0.75,3,-2
244,2,-3,0.75,4,-0.5
63,2,-3,0.75,4,-1
50,2,-3,0.75,4,-1.5
113,2,-3,0.75,4,-2
105,2,-3,0.75,5,-0.5
182,2,-3,0.75,5,-1
91,2,-3,0.75,5,-1.5
48,2,-3,0.75,5,-2
88,2,-3,1.25,1,-0.5
33,2,-3,1.25,1,-1
35,2,-3,1.25,1,-1.5
43,2,-3,1.25,1,-2
39,2,-3,1.25,2,-0.5
46,2,-3,1.25,2,-1
89,2,-3,1.25,2,-1.5
51,2,-3,1.25,2,-2
23,2,-3,1.25,3,-0.5
72,2,-3,1.25,3,-1
144,2,-3,1.25,3,-1.5
33,2,-3,1.25,3,-2
162,2,-3,1.25,4,-0.5
73,2,-3,1.25,4,-1
48,2,-3,1.25,4,-1.5
63,2,-3,1.25,4,-2
67,2,-3,1.25,5,-0.5
66,2,-3,1.25,5,-1
68,2,-3,1.25,5,-1.5
39,2,-3,1.25,5,-2
95,2,-3,1.75,1,-0.5
62,2,-3,1.75,1,-1
33,2,-3,1.75,1,-1.5
51,2,-3,1.75,1,-2
82,2,-3,1.75,2,-0.5
66,2,-3,1.75,2,-1
51,2,-3,1.75,2,-1.5
30,2,-3,1.75,2,-2
48,2,-3,1.75,3,-0.5
58,2,-3,1.75,3,-1
68,2,-3,1.75,3,-1.5
76,2,-3,1.75,3,-2
64,2,-3,1.75,4,-0.5
61,2,-3,1.75,4,-1
55,2,-3,1.75,4,-1.5
44,2,-3,1.75,4,-2
54,2,-3,1.75,5,-0.5
76,2,-3,1.75,5,-1
49,2,-3,1.75,5,-1.5
75,2,-3,1.75,5,-2
269,2,-4,0.25,1,-0.5
353,2,-4,0.25,1,-1
99,2,-4,0.25,1,-1.5
193,2,-4,0.25,1,-2
273,2,-4,0.25,2,-0.5
190,2,-4,0.25,2,-1
99,2,-4,0.25,2,-1.5
181,2,-4,0.25,2,-2
322,2,-4,0.25,3,-0.5
358,2,-4,0.25,3,-1
381,2,-4,0.25,3,-1.5
177,2,-4,0.25,3,-2
253,2,-4,0.25,4,-0.5
80,2,-4,0.25,4,-1
357,2,-4,0.25,4,-1.5
259,2,-4,0.25,4,-2
354,2,-4,0.25,5,-0.5
114,2,-4,0.25,5,-1
167,2,-4,0.25,5,-1.5
338,2,-4,0.25,5,-2
303,2,-4,0.75,1,-0.5
49,2,-4,0.75,1,-1
88,2,-4,0.75,1,-1.5
110,2,-4,0.75,1,-2
81,2,-4,0.75,2,-0.5
119,2,-4,0.75,2,-1
203,2,-4,0.75,2,-1.5
44,2,-4,0.75,2,-2
283,2,-4,0.75,3,-0.5
248,2,-4,0.75,3,-1
46,2,-4,0.75,3,-1.5
58,2,-4,0.75,3,-2
248,2,-4,0.75,4,-0.5
33,2,-4,0.75,4,-1
26,2,-4,0.75,4,-1.5
36,2,-4,0.75,4,-2
332,2,-4,0.75,5,-0.5
47,2,-4,0.75,5,-1
67,2,-4,0.75,5,-1.5
289,2,-4,0.75,5,-2
39,2,-4,1.25,1,-0.5
60,2,-4,1.25,1,-1
65,2,-4,1.25,1,-1.5
45,2,-4,1.25,1,-2
46,2,-4,1.25,2,-0.5
30,2,-4,1.25,2,-1
30,2,-4,1.25,2,-1.5
106,2,-4,1.25,2,-2
102,2,-4,1.25,3,-0.5
37,2,-4,1.25,3,-1
31,2,-4,1.25,3,-1.5
97,2,-4,1.25,3,-2
32,2,-4,1.25,4,-0.5
78,2,-4,1.25,4,-1
103,2,-4,1.25,4,-1.5
158,2,-4,1.25,4,-2
31,2,-4,1.25,5,-0.5
77,2,-4,1.25,5,-1
47,2,-4,1.25,5,-1.5
12,2,-4,1.25,5,-2
47,2,-4,1.75,1,-0.5
83,2,-4,1.75,1,-1
62,2,-4,1.75,1,-1.5
67,2,-4,1.75,1,-2
91,2,-4,1.75,2,-0.5
34,2,-4,1.75,2,-1
47,2,-4,1.75,2,-1.5
29,2,-4,1.75,2,-2
53,2,-4,1.75,3,-0.5
66,2,-4,1.75,3,-1
47,2,-4,1.75,3,-1.5
30,2,-4,1.75,3,-2
44,2,-4,1.75,4,-0.5
45,2,-4,1.75,4,-1
28,2,-4,1.75,4,-1.5
35,2,-4,1.75,4,-2
75,2,-4,1.75,5,-0.5
28,2,-4,1.75,5,-1
22,2,-4,1.75,5,-1.5
27,2,-4,1.75,5,-2
333,2,-5,0.25,1,-0.5
455,2,-5,0.25,1,-1
332,2,-5,0.25,1,-1.5
538,2,-5,0.25,1,-2
284,2,-5,0.25,2,-0.5
420,2,-5,0.25,2,-1
53,2,-5,0.25,2,-1.5
538,2,-5,0.25,2,-2
407,2,-5,0.25,3,-0.5
497,2,-5,0.25,3,-1
272,2,-5,0.25,3,-1.5
166,2,-5,0.25,3,-2
475,2,-5,0.25,4,-0.5
370,2,-5,0.25,4,-1
215,2,-5,0.25,4,-1.5
191,2,-5,0.25,4,-2
298,2,-5,0.25,5,-0.5
192,2,-5,0.25,5,-1
95,2,-5,0.25,5,-1.5
263,2,-5,0.25,5,-2
247,2,-5,0.75,1,-0.5
269,2,-5,0.75,1,-1
249,2,-5,0.75,1,-1.5
144,2,-5,0.75,1,-2
237,2,-5,0.75,2,-0.5
242,2,-5,0.75,2,-1
54,2,-5,0.75,2,-1.5
202,2,-5,0.75,2,-2
358,2,-5,0.75,3,-0.5
28,2,-5,0.75,3,-1
104,2,-5,0.75,3,-1.5
195,2,-5,0.75,3,-2
123,2,-5,0.75,4,-0.5
235,2,-5,0.75,4,-1
279,2,-5,0.75,4,-1.5
199,2,-5,0.75,4,-2
157,2,-5,0.75,5,-0.5
157,2,-5,0.75,5,-1
114,2,-5,0.75,5,-1.5
108,2,-5,0.75,5,-2
291,2,-5,1.25,1,-0.5
121,2,-5,1.25,1,-1
128,2,-5,1.25,1,-1.5
112,2,-5,1.25,1,-2
205,2,-5,1.25,2,-0.5
235,2,-5,1.25,2,-1
46,2,-5,1.25,2,-1.5
62,2,-5,1.25,2,-2
155,2,-5,1.25,3,-0.5
273,2,-5,1.25,3,-1
207,2,-5,1.25,3,-1.5
38,2,-5,1.25,3,-2
73,2,-5,1.25,4,-0.5
59,2,-5,1.25,4,-1
192,2,-5,1.25,4,-1.5
49,2,-5,1.25,4,-2
121,2,-5,1.25,5,-0.5
56,2,-5,1.25,5,-1
18,2,-5,1.25,5,-1.5
46,2,-5,1.25,5,-2
77,2,-5,1.75,1,-0.5
205,2,-5,1.75,1,-1
41,2,-5,1.75,1,-1.5
107,2,-5,1.75,1,-2
81,2,-5,1.75,2,-0.5
34,2,-5,1.75,2,-1
69,2,-5,1.75,2,-1.5
73,2,-5,1.75,2,-2
184,2,-5,1.75,3,-0.5
46,2,-5,1.75,3,-1
175,2,-5,1.75,3,-1.5
59,2,-5,1.75,3,-2
54,2,-5,1.75,4,-0.5
41,2,-5,1.75,4,-1
28,2,-5,1.75,4,-1.5
46,2,-5,1.75,4,-2
88,2,-5,1.75,5,-0.5
36,2,-5,1.75,5,-1
63,2,-5,1.75,5,-1.5
62,2,-5,1.75,5,-2
301,3,-1,0.25,1,-0.5
179,3,-1,0.25,1,-1
74,3,-1,0.25,1,-1.5
72,3,-1,0.25,1,-2
357,3,-1,0.25,2,-0.5
292,3,-1,0.25,2,-1
162,3,-1,0.25,2,-1.5
90,3,-1,0.25,2,-2
227,3,-1,0.25,3,-0.5
79,3,-1,0.25,3,-1
240,3,-1,0.25,3,-1.5
51,3,-1,0.25,3,-2
179,3,-1,0.25,4,-0.5
129,3,-1,0.25,4,-1
109,3,-1,0.25,4,-1.5
55,3,-1,0.25,4,-2
189,3,-1,0.25,5,-0.5
176,3,-1,0.25,5,-1
100,3,-1,0.25,5,-1.5
101,3,-1,0.25,5,-2
113,3,-1,0.75,1,-0.5
94,3,-1,0.75,1,-1
53,3,-1,0.75,1,-1.5
54,3,-1,0.75,1,-2
65,3,-1,0.75,2,-0.5
48,3,-1,0.75,2,-1
70,3,-1,0.75,2,-1.5
51,3,-1,0.75,2,-2
108,3,-1,0.75,3,-0.5
51,3,-1,0.75,3,-1
49,3,-1,0.75,3,-1.5
56,3,-1,0.75,3,-2
60,3,-1,0.75,4,-0.5
41,3,-1,0.75,4,-1
63,3,-1,0.75,4,-1.5
77,3,-1,0.75,4,-2
125,3,-1,0.75,5,-0.5
73,3,-1,0.75,5,-1
30,3,-1,0.75,5,-1.5
36,3,-1,0.75,5,-2
108,3,-1,1.25,1,-0.5
71,3,-1,1.25,1,-1
53,3,-1,1.25,1,-1.5
59,3,-1,1.25,1,-2
63,3,-1,1.25,2,-0.5
59,3,-1,1.25,2,-1
50,3,-1,1.25,2,-1.5
55,3,-1,1.25,2,-2
78,3,-1,1.25,3,-0.5
72,3,-1,1.25,3,-1
77,3,-1,1.25,3,-1.5
32,3,-1,1.25,3,-2
95,3,-1,1.25,4,-0.5
70,3,-1,1.25,4,-1
43,3,-1,1.25,4,-1.5
46,3,-1,1.25,4,-2
88,3,-1,1.25,5,-0.5
44,3,-1,1.25,5,-1
37,3,-1,1.25,5,-1.5
66,3,-1,1.25,5,-2
117,3,-1,1.75,1,-0.5
90,3,-1,1.75,1,-1
90,3,-1,1.75,1,-1.5
77,3,-1,1.75,1,-2
121,3,-1,1.75,2,-0.5
125,3,-1,1.75,2,-1
74,3,-1,1.75,2,-1.5
51,3,-1,1.75,2,-2
111,3,-1,1.75,3,-0.5
78,3,-1,1.75,3,-1
79,3,-1,1.75,3,-1.5
53,3,-1,1.75,3,-2
82,3,-1,1.75,4,-0.5
56,3,-1,1.75,4,-1
83,3,-1,1.75,4,-1.5
58,3,-1,1.75,4,-2
116,3,-1,1.75,5,-0.5
101,3,-1,1.75,5,-1
70,3,-1,1.75,5,-1.5
70,3,-1,1.75,5,-2
367,3,-2,0.25,1,-0.5
287,3,-2,0.25,1,-1
152,3,-2,0.25,1,-1.5
102,3,-2,0.25,1,-2
285,3,-2,0.25,2,-0.5
496,3,-2,0.25,2,-1
105,3,-2,0.25,2,-1.5
79,3,-2,0.25,2,-2
109,3,-2,0.25,3,-0.5
121,3,-2,0.25,3,-1
71,3,-2,0.25,3,-1.5
148,3,-2,0.25,3,-2
214,3,-2,0.25,4,-0.5
201,3,-2,0.25,4,-1
100,3,-2,0.25,4,-1.5
201,3,-2,0.25,4,-2
216,3,-2,0.25,5,-0.5
384,3,-2,0.25,5,-1
100,3,-2,0.25,5,-1.5
105,3,-2,0.25,5,-2
228,3,-2,0.75,1,-0.5
60,3,-2,0.75,1,-1
153,3,-2,0.75,1,-1.5
83,3,-2,0.75,1,-2
52,3,-2,0.75,2,-0.5
82,3,-2,0.75,2,-1
35,3,-2,0.75,2,-1.5
129,3,-2,0.75,2,-2
87,3,-2,0.75,3,-0.5
179,3,-2,0.75,3,-1
93,3,-2,0.75,3,-1.5
25,3,-2,0.75,3,-2
181,3,-2,0.75,4,-0.5
71,3,-2,0.75,4,-1
113,3,-2,0.75,4,-1.5
71,3,-2,0.75,4,-2
92,3,-2,0.75,5,-0.5
37,3,-2,0.75,5,-1
94,3,-2,0.75,5,-1.5
26,3,-2,0.75,5,-2
58,3,-2,1.25,1,-0.5
35,3,-2,1.25,1,-1
68,3,-2,1.25,1,-1.5
42,3,-2,1.25,1,-2
71,3,-2,1.25,2,-0.5
62,3,-2,1.25,2,-1
59,3,-2,1.25,2,-1.5
59,3,-2,1.25,2,-2
92,3,-2,1.25,3,-0.5
64,3,-2,1.25,3,-1
58,3,-2,1.25,3,-1.5
35,3,-2,1.25,3,-2
60,3,-2,1.25,4,-0.5
29,3,-2,1.25,4,-1
30,3,-2,1.25,4,-1.5
23,3,-2,1.25,4,-2
48,3,-2,1.25,5,-0.5
73,3,-2,1.25,5,-1
45,3,-2,1.25,5,-1.5
28,3,-2,1.25,5,-2
76,3,-2,1.75,1,-0.5
82,3,-2,1.75,1,-1
65,3,-2,1.75,1,-1.5
52,3,-2,1.75,1,-2
79,3,-2,1.75,2,-0.5
68,3,-2,1.75,2,-1
52,3,-2,1.75,2,-1.5
55,3,-2,1.75,2,-2
67,3,-2,1.75,3,-0.5
40,3,-2,1.75,3,-1
53,3,-2,1.75,3,-1.5
31,3,-2,1.75,3,-2
67,3,-2,1.75,4,-0.5
54,3,-2,1.75,4,-1
68,3,-2,1.75,4,-1.5
43,3,-2,1.75,4,-2
74,3,-2,1.75,5,-0.5
58,3,-2,1.75,5,-1
58,3,-2,1.75,5,-1.5
27,3,-2,1.75,5,-2
577,3,-3,0.25,1,-0.5
125,3,-3,0.25,1,-1
192,3,-3,0.25,1,-1.5
177,3,-3,0.25,1,-2
373,3,-3,0.25,2,-0.5
404,3,-3,0.25,2,-1
149,3,-3,0.25,2,-1.5
123,3,-3,0.25,2,-2
325,3,-3,0.25,3,-0.5
135,3,-3,0.25,3,-1
274,3,-3,0.25,3,-1.5
129,3,-3,0.25,3,-2
408,3,-3,0.25,4,-0.5
225,3,-3,0.25,4,-1
152,3,-3,0.25,4,-1.5
383,3,-3,0.25,4,-2
338,3,-3,0.25,5,-0.5
238,3,-3,0.25,5,-1
117,3,-3,0.25,5,-1.5
44,3,-3,0.25,5,-2
289,3,-3,0.75,1,-0.5
46,3,-3,0.75,1,-1
73,3,-3,0.75,1,-1.5
85,3,-3,0.75,1,-2
158,3,-3,0.75,2,-0.5
169,3,-3,0.75,2,-1
100,3,-3,0.75,2,-1.5
42,3,-3,0.75,2,-2
120,3,-3,0.75,3,-0.5
237,3,-3,0.75,3,-1
96,3,-3,0.75,3,-1.5
158,3,-3,0.75,3,-2
32,3,-3,0.75,4,-0.5
68,3,-3,0.75,4,-1
29,3,-3,0.75,4,-1.5
257,3,-3,0.75,4,-2
58,3,-3,0.75,5,-0.5
28,3,-3,0.75,5,-1
33,3,-3,0.75,5,-1.5
84,3,-3,0.75,5,-2
32,3,-3,1.25,1,-0.5
171,3,-3,1.25,1,-1
46,3,-3,1.25,1,-1.5
40,3,-3,1.25,1,-2
57,3,-3,1.25,2,-0.5
27,3,-3,1.25,2,-1
25,3,-3,1.25,2,-1.5
51,3,-3,1.25,2,-2
38,3,-3,1.25,3,-0.5
227,3,-3,1.25,3,-1
47,3,-3,1.25,3,-1.5
21,3,-3,1.25,3,-2
123,3,-3,1.25,4,-0.5
25,3,-3,1.25,4,-1
44,3,-3,1.25,4,-1.5
35,3,-3,1.25,4,-2
37,3,-3,1.25,5,-0.5
69,3,-3,1.25,5,-1
26,3,-3,1.25,5,-1.5
22,3,-3,1.25,5,-2
76,3,-3,1.75,1,-0.5
33,3,-3,1.75,1,-1
51,3,-3,1.75,1,-1.5
41,3,-3,1.75,1,-2
57,3,-3,1.75,2,-0.5
38,3,-3,1.75,2,-1
55,3,-3,1.75,2,-1.5
36,3,-3,1.75,2,-2
53,3,-3,1.75,3,-0.5
36,3,-3,1.75,3,-1
32,3,-3,1.75,3,-1.5
42,3,-3,1.75,3,-2
38,3,-3,1.75,4,-0.5
56,3,-3,1.75,4,-1
56,3,-3,1.75,4,-1.5
31,3,-3,1.75,4,-2
58,3,-3,1.75,5,-0.5
41,3,-3,1.75,5,-1
30,3,-3,1.75,5,-1.5
39,3,-3,1.75,5,-2
553,3,-4,0.25,1,-0.5
258,3,-4,0.25,1,-1
292,3,-4,0.25,1,-1.5
109,3,-4,0.25,1,-2
439,3,-4,0.25,2,-0.5
423,3,-4,0.25,2,-1
104,3,-4,0.25,2,-1.5
176,3,-4,0.25,2,-2
334,3,-4,0.25,3,-0.5
122,3,-4,0.25,3,-1
120,3,-4,0.25,3,-1.5
205,3,-4,0.25,3,-2
211,3,-4,0.25,4,-0.5
252,3,-4,0.25,4,-1
138,3,-4,0.25,4,-1.5
354,3,-4,0.25,4,-2
401,3,-4,0.25,5,-0.5
205,3,-4,0.25,5,-1
170,3,-4,0.25,5,-1.5
344,3,-4,0.25,5,-2
169,3,-4,0.75,1,-0.5
214,3,-4,0.75,1,-1
104,3,-4,0.75,1,-1.5
69,3,-4,0.75,1,-2
119,3,-4,0.75,2,-0.5
81,3,-4,0.75,2,-1
194,3,-4,0.75,2,-1.5
80,3,-4,0.75,2,-2
301,3,-4,0.75,3,-0.5
362,3,-4,0.75,3,-1
82,3,-4,0.75,3,-1.5
215,3,-4,0.75,3,-2
234,3,-4,0.75,4,-0.5
322,3,-4,0.75,4,-1
496,3,-4,0.75,4,-1.5
71,3,-4,0.75,4,-2
81,3,-4,0.75,5,-0.5
156,3,-4,0.75,5,-1
230,3,-4,0.75,5,-1.5
304,3,-4,0.75,5,-2
234,3,-4,1.25,1,-0.5
202,3,-4,1.25,1,-1
225,3,-4,1.25,1,-1.5
67,3,-4,1.25,1,-2
275,3,-4,1.25,2,-0.5
97,3,-4,1.25,2,-1
36,3,-4,1.25,2,-1.5
57,3,-4,1.25,2,-2
75,3,-4,1.25,3,-0.5
27,3,-4,1.25,3,-1
41,3,-4,1.25,3,-1.5
60,3,-4,1.25,3,-2
63,3,-4,1.25,4,-0.5
52,3,-4,1.25,4,-1
36,3,-4,1.25,4,-1.5
115,3,-4,1.25,4,-2
72,3,-4,1.25,5,-0.5
49,3,-4,1.25,5,-1
30,3,-4,1.25,5,-1.5
14,3,-4,1.25,5,-2
297,3,-4,1.75,1,-0.5
82,3,-4,1.75,1,-1
45,3,-4,1.75,1,-1.5
23,3,-4,1.75,1,-2
296,3,-4,1.75,2,-0.5
77,3,-4,1.75,2,-1
56,3,-4,1.75,2,-1.5
60,3,-4,1.75,2,-2
34,3,-4,1.75,3,-0.5
45,3,-4,1.75,3,-1
76,3,-4,1.75,3,-1.5
96,3,-4,1.75,3,-2
259,3,-4,1.75,4,-0.5
37,3,-4,1.75,4,-1
26,3,-4,1.75,4,-1.5
34,3,-4,1.75,4,-2
38,3,-4,1.75,5,-0.5
50,3,-4,1.75,5,-1
39,3,-4,1.75,5,-1.5
79,3,-4,1.75,5,-2
456,3,-5,0.25,1,-0.5
303,3,-5,0.25,1,-1
304,3,-5,0.25,1,-1.5
230,3,-5,0.25,1,-2
406,3,-5,0.25,2,-0.5
366,3,-5,0.25,2,-1
261,3,-5,0.25,2,-1.5
525,3,-5,0.25,2,-2
268,3,-5,0.25,3,-0.5
380,3,-5,0.25,3,-1
238,3,-5,0.25,3,-1.5
151,3,-5,0.25,3,-2
350,3,-5,0.25,4,-0.5
296,3,-5,0.25,4,-1
352,3,-5,0.25,4,-1.5
130,3,-5,0.25,4,-2
378,3,-5,0.25,5,-0.5
329,3,-5,0.25,5,-1
345,3,-5,0.25,5,-1.5
90,3,-5,0.25,5,-2
454,3,-5,0.75,1,-0.5
132,3,-5,0.75,1,-1
154,3,-5,0.75,1,-1.5
178,3,-5,0.75,1,-2
111,3,-5,0.75,2,-0.5
503,3,-5,0.75,2,-1
178,3,-5,0.75,2,-1.5
99,3,-5,0.75,2,-2
195,3,-5,0.75,3,-0.5
184,3,-5,0.75,3,-1
410,3,-5,0.75,3,-1.5
400,3,-5,0.75,3,-2
236,3,-5,0.75,4,-0.5
131,3,-5,0.75,4,-1
93,3,-5,0.75,4,-1.5
352,3,-5,0.75,4,-2
285,3,-5,0.75,5,-0.5
119,3,-5,0.75,5,-1
172,3,-5,0.75,5,-1.5
200,3,-5,0.75,5,-2
283,3,-5,1.25,1,-0.5
245,3,-5,1.25,1,-1
104,3,-5,1.25,1,-1.5
43,3,-5,1.25,1,-2
272,3,-5,1.25,2,-0.5
56,3,-5,1.25,2,-1
18,3,-5,1.25,2,-1.5
199,3,-5,1.25,2,-2
223,3,-5,1.25,3,-0.5
57,3,-5,1.25,3,-1
53,3,-5,1.25,3,-1.5
71,3,-5,1.25,3,-2
216,3,-5,1.25,4,-0.5
79,3,-5,1.25,4,-1
35,3,-5,1.25,4,-1.5
236,3,-5,1.25,4,-2
155,3,-5,1.25,5,-0.5
104,3,-5,1.25,5,-1
56,3,-5,1.25,5,-1.5
23,3,-5,1.25,5,-2
96,3,-5,1.75,1,-0.5
35,3,-5,1.75,1,-1
113,3,-5,1.75,1,-1.5
41,3,-5,1.75,1,-2
81,3,-5,1.75,2,-0.5
186,3,-5,1.75,2,-1
48,3,-5,1.75,2,-1.5
44,3,-5,1.75,2,-2
50,3,-5,1.75,3,-0.5
111,3,-5,1.75,3,-1
27,3,-5,1.75,3,-1.5
50,3,-5,1.75,3,-2
68,3,-5,1.75,4,-0.5
25,3,-5,1.75,4,-1
24,3,-5,1.75,4,-1.5
20,3,-5,1.75,4,-2
82,3,-5,1.75,5,-0.5
40,3,-5,1.75,5,-1
25,3,-5,1.75,5,-1.5
37,3,-5,1.75,5,-2
319,4,-1,0.25,1,-0.5
173,4,-1,0.25,1,-1
105,4,-1,0.25,1,-1.5
184,4,-1,0.25,1,-2
353,4,-1,0.25,2,-0.5
233,4,-1,0.25,2,-1
135,4,-1,0.25,2,-1.5
416,4,-1,0.25,2,-2
257,4,-1,0.25,3,-0.5
90,4,-1,0.25,3,-1
121,4,-1,0.25,3,-1.5
64,4,-1,0.25,3,-2
121,4,-1,0.25,4,-0.5
186,4,-1,0.25,4,-1
68,4,-1,0.25,4,-1.5
90,4,-1,0.25,4,-2
180,4,-1,0.25,5,-0.5
132,4,-1,0.25,5,-1
109,4,-1,0.25,5,-1.5
81,4,-1,0.25,5,-2
129,4,-1,0.75,1,-0.5
103,4,-1,0.75,1,-1
92,4,-1,0.75,1,-1.5
75,4,-1,0.75,1,-2
139,4,-1,0.75,2,-0.5
99,4,-1,0.75,2,-1
104,4,-1,0.75,2,-1.5
69,4,-1,0.75,2,-2
89,4,-1,0.75,3,-0.5
52,4,-1,0.75,3,-1
59,4,-1,0.75,3,-1.5
59,4,-1,0.75,3,-2
84,4,-1,0.75,4,-0.5
65,4,-1,0.75,4,-1
50,4,-1,0.75,4,-1.5
78,4,-1,0.75,4,-2
109,4,-1,0.75,5,-0.5
91,4,-1,0.75,5,-1
85,4,-1,0.75,5,-1.5
70,4,-1,0.75,5,-2
111,4,-1,1.25,1,-0.5
100,4,-1,1.25,1,-1
82,4,-1,1.25,1,-1.5
64,4,-1,1.25,1,-2
102,4,-1,1.25,2,-0.5
74,4,-1,1.25,2,-1
72,4,-1,1.25,2,-1.5
38,4,-1,1.25,2,-2
88,4,-1,1.25,3,-0.5
47,4,-1,1.25,3,-1
58,4,-1,1.25,3,-1.5
98,4,-1,1.25,3,-2
94,4,-1,1.25,4,-0.5
77,4,-1,1.25,4,-1
50,4,-1,1.25,4,-1.5
85,4,-1,1.25,4,-2
76,4,-1,1.25,5,-0.5
73,4,-1,1.25,5,-1
56,4,-1,1.25,5,-1.5
87,4,-1,1.25,5,-2
141,4,-1,1.75,1,-0.5
108,4,-1,1.75,1,-1
91,4,-1,1.75,1,-1.5
72,4,-1,1.75,1,-2
130,4,-1,1.75,2,-0.5
106,4,-1,1.75,2,-1
85,4,-1,1.75,2,-1.5
67,4,-1,1.75,2,-2
113,4,-1,1.75,3,-0.5
77,4,-1,1.75,3,-1
83,4,-1,1.75,3,-1.5
88,4,-1,1.75,3,-2
107,4,-1,1.75,4,-0.5
73,4,-1,1.75,4,-1
45,4,-1,1.75,4,-1.5
70,4,-1,1.75,4,-2
109,4,-1,1.75,5,-0.5
103,4,-1,1.75,5,-1
61,4,-1,1.75,5,-1.5
70,4,-1,1.75,5,-2
426,4,-2,0.25,1,-0.5
202,4,-2,0.25,1,-1
195,4,-2,0.25,1,-1.5
100,4,-2,0.25,1,-2
254,4,-2,0.25,2,-0.5
134,4,-2,0.25,2,-1
245,4,-2,0.25,2,-1.5
144,4,-2,0.25,2,-2
257,4,-2,0.25,3,-0.5
427,4,-2,0.25,3,-1
195,4,-2,0.25,3,-1.5
136,4,-2,0.25,3,-2
340,4,-2,0.25,4,-0.5
86,4,-2,0.25,4,-1
113,4,-2,0.25,4,-1.5
64,4,-2,0.25,4,-2
468,4,-2,0.25,5,-0.5
88,4,-2,0.25,5,-1
115,4,-2,0.25,5,-1.5
95,4,-2,0.25,5,-2
434,4,-2,0.75,1,-0.5
177,4,-2,0.75,1,-1
50,4,-2,0.75,1,-1.5
71,4,-2,0.75,1,-2
147,4,-2,0.75,2,-0.5
93,4,-2,0.75,2,-1
126,4,-2,0.75,2,-1.5
30,4,-2,0.75,2,-2
100,4,-2,0.75,3,-0.5
87,4,-2,0.75,3,-1
38,4,-2,0.75,3,-1.5
56,4,-2,0.75,3,-2
197,4,-2,0.75,4,-0.5
107,4,-2,0.75,4,-1
33,4,-2,0.75,4,-1.5
62,4,-2,0.75,4,-2
155,4,-2,0.75,5,-0.5
69,4,-2,0.75,5,-1
91,4,-2,0.75,5,-1.5
60,4,-2,0.75,5,-2
83,4,-2,1.25,1,-0.5
78,4,-2,1.25,1,-1
58,4,-2,1.25,1,-1.5
28,4,-2,1.25,1,-2
55,4,-2,1.25,2,-0.5
39,4,-2,1.25,2,-1
69,4,-2,1.25,2,-1.5
71,4,-2,1.25,2,-2
85,4,-2,1.25,3,-0.5
60,4,-2,1.25,3,-1
57,4,-2,1.25,3,-1.5
63,4,-2,1.25,3,-2
62,4,-2,1.25,4,-0.5
41,4,-2,1.25,4,-1
37,4,-2,1.25,4,-1.5
34,4,-2,1.25,4,-2
105,4,-2,1.25,5,-0.5
68,4,-2,1.25,5,-1
50,4,-2,1.25,5,-1.5
36,4,-2,1.25,5,-2
98,4,-2,1.75,1,-0.5
73,4,-2,1.75,1,-1
73,4,-2,1.75,1,-1.5
62,4,-2,1.75,1,-2
89,4,-2,1.75,2,-0.5
66,4,-2,1.75,2,-1
61,4,-2,1.75,2,-1.5
58,4,-2,1.75,2,-2
90,4,-2,1.75,3,-0.5
45,4,-2,1.75,3,-1
36,4,-2,1.75,3,-1.5
52,4,-2,1.75,3,-2
59,4,-2,1.75,4,-0.5
77,4,-2,1.75,4,-1
23,4,-2,1.75,4,-1.5
56,4,-2,1.75,4,-2
73,4,-2,1.75,5,-0.5
73,4,-2,1.75,5,-1
73,4,-2,1.75,5,-1.5
48,4,-2,1.75,5,-2
574,4,-3,0.25,1,-0.5
178,4,-3,0.25,1,-1
321,4,-3,0.25,1,-1.5
280,4,-3,0.25,1,-2
572,4,-3,0.25,2,-0.5
438,4,-3,0.25,2,-1
319,4,-3,0.25,2,-1.5
337,4,-3,0.25,2,-2
389,4,-3,0.25,3,-0.5
490,4,-3,0.25,3,-1
275,4,-3,0.25,3,-1.5
237,4,-3,0.25,3,-2
320,4,-3,0.25,4,-0.5
541,4,-3,0.25,4,-1
297,4,-3,0.25,4,-1.5
104,4,-3,0.25,4,-2
367,4,-3,0.25,5,-0.5
362,4,-3,0.25,5,-1
311,4,-3,0.25,5,-1.5
350,4,-3,0.25,5,-2
123,4,-3,0.75,1,-0.5
183,4,-3,0.75,1,-1
63,4,-3,0.75,1,-1.5
69,4,-3,0.75,1,-2
164,4,-3,0.75,2,-0.5
106,4,-3,0.75,2,-1
83,4,-3,0.75,2,-1.5
89,4,-3,0.75,2,-2
195,4,-3,0.75,3,-0.5
73,4,-3,0.75,3,-1
101,4,-3,0.75,3,-1.5
93,4,-3,0.75,3,-2
326,4,-3,0.75,4,-0.5
268,4,-3,0.75,4,-1
114,4,-3,0.75,4,-1.5
263,4,-3,0.75,4,-2
330,4,-3,0.75,5,-0.5
220,4,-3,0.75,5,-1
277,4,-3,0.75,5,-1.5
31,4,-3,0.75,5,-2
86,4,-3,1.25,1,-0.5
56,4,-3,1.25,1,-1
63,4,-3,1.25,1,-1.5
75,4,-3,1.25,1,-2
218,4,-3,1.25,2,-0.5
53,4,-3,1.25,2,-1
54,4,-3,1.25,2,-1.5
69,4,-3,1.25,2,-2
69,4,-3,1.25,3,-0.5
95,4,-3,1.25,3,-1
222,4,-3,1.25,3,-1.5
62,4,-3,1.25,3,-2
58,4,-3,1.25,4,-0.5
51,4,-3,1.25,4,-1
89,4,-3,1.25,4,-1.5
42,4,-3,1.25,4,-2
22,4,-3,1.25,5,-0.5
43,4,-3,1.25,5,-1
239,4,-3,1.25,5,-1.5
169,4,-3,1.25,5,-2
66,4,-3,1.75,1,-0.5
69,4,-3,1.75,1,-1
37,4,-3,1.75,1,-1.5
66,4,-3,1.75,1,-2
70,4,-3,1.75,2,-0.5
56,4,-3,1.75,2,-1
36,4,-3,1.75,2,-1.5
40,4,-3,1.75,2,-2
52,4,-3,1.75,3,-0.5
59,4,-3,1.75,3,-1
42,4,-3,1.75,3,-1.5
252,4,-3,1.75,3,-2
63,4,-3,1.75,4,-0.5
59,4,-3,1.75,4,-1
38,4,-3,1.75,4,-1.5
41,4,-3,1.75,4,-2
71,4,-3,1.75,5,-0.5
33,4,-3,1.75,5,-1
50,4,-3,1.75,5,-1.5
46,4,-3,1.75,5,-2
367,4,-4,0.25,1,-0.5
374,4,-4,0.25,1,-1
360,4,-4,0.25,1,-1.5
363,4,-4,0.25,1,-2
429,4,-4,0.25,2,-0.5
484,4,-4,0.25,2,-1
291,4,-4,0.25,2,-1.5
187,4,-4,0.25,2,-2
322,4,-4,0.25,3,-0.5
172,4,-4,0.25,3,-1
149,4,-4,0.25,3,-1.5
268,4,-4,0.25,3,-2
241,4,-4,0.25,4,-0.5
303,4,-4,0.25,4,-1
241,4,-4,0.25,4,-1.5
219,4,-4,0.25,4,-2
360,4,-4,0.25,5,-0.5
130,4,-4,0.25,5,-1
397,4,-4,0.25,5,-1.5
350,4,-4,0.25,5,-2
420,4,-4,0.75,1,-0.5
147,4,-4,0.75,1,-1
242,4,-4,0.75,1,-1.5
363,4,-4,0.75,1,-2
255,4,-4,0.75,2,-0.5
164,4,-4,0.75,2,-1
104,4,-4,0.75,2,-1.5
56,4,-4,0.75,2,-2
387,4,-4,0.75,3,-0.5
85,4,-4,0.75,3,-1
154,4,-4,0.75,3,-1.5
322,4,-4,0.75,3,-2
42,4,-4,0.75,4,-0.5
298,4,-4,0.75,4,-1
53,4,-4,0.75,4,-1.5
65,4,-4,0.75,4,-2
333,4,-4,0.75,5,-0.5
304,4,-4,0.75,5,-1
287,4,-4,0.75,5,-1.5
62,4,-4,0.75,5,-2
254,4,-4,1.25,1,-0.5
107,4,-4,1.25,1,-1
55,4,-4,1.25,1,-1.5
173,4,-4,1.25,1,-2
100,4,-4,1.25,2,-0.5
39,4,-4,1.25,2,-1
31,4,-4,1.25,2,-1.5
24,4,-4,1.25,2,-2
37,4,-4,1.25,3,-0.5
58,4,-4,1.25,3,-1
20,4,-4,1.25,3,-1.5
156,4,-4,1.25,3,-2
113,4,-4,1.25,4,-0.5
516,4,-4,1.25,4,-1
56,4,-4,1.25,4,-1.5
41,4,-4,1.25,4,-2
109,4,-4,1.25,5,-0.5
516,4,-4,1.25,5,-1
77,4,-4,1.25,5,-1.5
291,4,-4,1.25,5,-2
124,4,-4,1.75,1,-0.5
57,4,-4,1.75,1,-1
113,4,-4,1.75,1,-1.5
45,4,-4,1.75,1,-2
114,4,-4,1.75,2,-0.5
42,4,-4,1.75,2,-1
53,4,-4,1.75,2,-1.5
40,4,-4,1.75,2,-2
191,4,-4,1.75,3,-0.5
33,4,-4,1.75,3,-1
145,4,-4,1.75,3,-1.5
63,4,-4,1.75,3,-2
36,4,-4,1.75,4,-0.5
55,4,-4,1.75,4,-1
50,4,-4,1.75,4,-1.5
44,4,-4,1.75,4,-2
79,4,-4,1.75,5,-0.5
131,4,-4,1.75,5,-1
61,4,-4,1.75,5,-1.5
34,4,-4,1.75,5,-2
210,4,-5,0.25,1,-0.5
416,4,-5,0.25,1,-1
262,4,-5,0.25,1,-1.5
236,4,-5,0.25,1,-2
410,4,-5,0.25,2,-0.5
261,4,-5,0.25,2,-1
237,4,-5,0.25,2,-1.5
329,4,-5,0.25,2,-2
415,4,-5,0.25,3,-0.5
359,4,-5,0.25,3,-1
289,4,-5,0.25,3,-1.5
214,4,-5,0.25,3,-2
413,4,-5,0.25,4,-0.5
288,4,-5,0.25,4,-1
158,4,-5,0.25,4,-1.5
108,4,-5,0.25,4,-2
433,4,-5,0.25,5,-0.5
357,4,-5,0.25,5,-1
282,4,-5,0.25,5,-1.5
163,4,-5,0.25,5,-2
119,4,-5,0.75,1,-0.5
124,4,-5,0.75,1,-1
224,4,-5,0.75,1,-1.5
181,4,-5,0.75,1,-2
314,4,-5,0.75,2,-0.5
184,4,-5,0.75,2,-1
287,4,-5,0.75,2,-1.5
289,4,-5,0.75,2,-2
250,4,-5,0.75,3,-0.5
334,4,-5,0.75,3,-1
146,4,-5,0.75,3,-1.5
377,4,-5,0.75,3,-2
201,4,-5,0.75,4,-0.5
246,4,-5,0.75,4,-1
82,4,-5,0.75,4,-1.5
97,4,-5,0.75,4,-2
498,4,-5,0.75,5,-0.5
334,4,-5,0.75,5,-1
418,4,-5,0.75,5,-1.5
485,4,-5,0.75,5,-2
324,4,-5,1.25,1,-0.5
109,4,-5,1.25,1,-1
68,4,-5,1.25,1,-1.5
82,4,-5,1.25,1,-2
293,4,-5,1.25,2,-0.5
113,4,-5,1.25,2,-1
68,4,-5,1.25,2,-1.5
43,4,-5,1.25,2,-2
121,4,-5,1.25,3,-0.5
38,4,-5,1.25,3,-1
62,4,-5,1.25,3,-1.5
121,4,-5,1.25,3,-2
311,4,-5,1.25,4,-0.5
86,4,-5,1.25,4,-1
60,4,-5,1.25,4,-1.5
37,4,-5,1.25,4,-2
111,4,-5,1.25,5,-0.5
292,4,-5,1.25,5,-1
189,4,-5,1.25,5,-1.5
63,4,-5,1.25,5,-2
94,4,-5,1.75,1,-0.5
64,4,-5,1.75,1,-1
204,4,-5,1.75,1,-1.5
51,4,-5,1.75,1,-2
269,4,-5,1.75,2,-0.5
51,4,-5,1.75,2,-1
44,4,-5,1.75,2,-1.5
106,4,-5,1.75,2,-2
62,4,-5,1.75,3,-0.5
204,4,-5,1.75,3,-1
81,4,-5,1.75,3,-1.5
58,4,-5,1.75,3,-2
107,4,-5,1.75,4,-0.5
288,4,-5,1.75,4,-1
41,4,-5,1.75,4,-1.5
67,4,-5,1.75,4,-2
46,4,-5,1.75,5,-0.5
124,4,-5,1.75,5,-1
123,4,-5,1.75,5,-1.5
64,4,-5,1.75,5,-2
479,5,-1,0.25,1,-0.5
191,5,-1,0.25,1,-1
166,5,-1,0.25,1,-1.5
92,5,-1,0.25,1,-2
235,5,-1,0.25,2,-0.5
193,5,-1,0.25,2,-1
187,5,-1,0.25,2,-1.5
138,5,-1,0.25,2,-2
377,5,-1,0.25,3,-0.5
142,5,-1,0.25,3,-1
115,5,-1,0.25,3,-1.5
122,5,-1,0.25,3,-2
166,5,-1,0.25,4,-0.5
154,5,-1,0.25,4,-1
78,5,-1,0.25,4,-1.5
95,5,-1,0.25,4,-2
227,5,-1,0.25,5,-0.5
139,5,-1,0.25,5,-1
129,5,-1,0.25,5,-1.5
107,5,-1,0.25,5,-2
150,5,-1,0.75,1,-0.5
153,5,-1,0.75,1,-1
145,5,-1,0.75,1,-1.5
100,5,-1,0.75,1,-2
187,5,-1,0.75,2,-0.5
106,5,-1,0.75,2,-1
236,5,-1,0.75,2,-1.5
119,5,-1,0.75,2,-2
213,5,-1,0.75,3,-0.5
110,5,-1,0.75,3,-1
60,5,-1,0.75,3,-1.5
68,5,-1,0.75,3,-2
185,5,-1,0.75,4,-0.5
90,5,-1,0.75,4,-1
105,5,-1,0.75,4,-1.5
113,5,-1,0.75,4,-2
81,5,-1,0.75,5,-0.5
117,5,-1,0.75,5,-1
80,5,-1,0.75,5,-1.5
69,5,-1,0.75,5,-2
128,5,-1,1.25,1,-0.5
83,5,-1,1.25,1,-1
109,5,-1,1.25,1,-1.5
60,5,-1,1.25,1,-2
127,5,-1,1.25,2,-0.5
100,5,-1,1.25,2,-1
114,5,-1,1.25,2,-1.5
77,5,-1,1.25,2,-2
103,5,-1,1.25,3,-0.5
96,5,-1,1.25,3,-1
87,5,-1,1.25,3,-1.5
84,5,-1,1.25,3,-2
98,5,-1,1.25,4,-0.5
70,5,-1,1.25,4,-1
53,5,-1,1.25,4,-1.5
82,5,-1,1.25,4,-2
90,5,-1,1.25,5,-0.5
82,5,-1,1.25,5,-1
74,5,-1,1.25,5,-1.5
69,5,-1,1.25,5,-2
147,5,-1,1.75,1,-0.5
110,5,-1,1.75,1,-1
74,5,-1,1.75,1,-1.5
80,5,-1,1.75,1,-2
117,5,-1,1.75,2,-0.5
81,5,-1,1.75,2,-1
72,5,-1,1.75,2,-1.5
82,5,-1,1.75,2,-2
82,5,-1,1.75,3,-0.5
69,5,-1,1.75,3,-1
83,5,-1,1.75,3,-1.5
91,5,-1,1.75,3,-2
153,5,-1,1.75,4,-0.5
95,5,-1,1.75,4,-1
83,5,-1,1.75,4,-1.5
67,5,-1,1.75,4,-2
119,5,-1,1.75,5,-0.5
77,5,-1,1.75,5,-1
69,5,-1,1.75,5,-1.5
75,5,-1,1.75,5,-2
240,5,-2,0.25,1,-0.5
225,5,-2,0.25,1,-1
152,5,-2,0.25,1,-1.5
334,5,-2,0.25,1,-2
437,5,-2,0.25,2,-0.5
265,5,-2,0.25,2,-1
187,5,-2,0.25,2,-1.5
104,5,-2,0.25,2,-2
319,5,-2,0.25,3,-0.5
391,5,-2,0.25,3,-1
262,5,-2,0.25,3,-1.5
110,5,-2,0.25,3,-2
209,5,-2,0.25,4,-0.5
296,5,-2,0.25,4,-1
125,5,-2,0.25,4,-1.5
124,5,-2,0.25,4,-2
441,5,-2,0.25,5,-0.5
218,5,-2,0.25,5,-1
171,5,-2,0.25,5,-1.5
62,5,-2,0.25,5,-2
187,5,-2,0.75,1,-0.5
157,5,-2,0.75,1,-1
148,5,-2,0.75,1,-1.5
59,5,-2,0.75,1,-2
262,5,-2,0.75,2,-0.5
200,5,-2,0.75,2,-1
146,5,-2,0.75,2,-1.5
70,5,-2,0.75,2,-2
140,5,-2,0.75,3,-0.5
141,5,-2,0.75,3,-1
109,5,-2,0.75,3,-1.5
172,5,-2,0.75,3,-2
290,5,-2,0.75,4,-0.5
62,5,-2,0.75,4,-1
152,5,-2,0.75,4,-1.5
116,5,-2,0.75,4,-2
249,5,-2,0.75,5,-0.5
221,5,-2,0.75,5,-1
96,5,-2,0.75,5,-1.5
202,5,-2,0.75,5,-2
104,5,-2,1.25,1,-0.5
99,5,-2,1.25,1,-1
72,5,-2,1.25,1,-1.5
116,5,-2,1.25,1,-2
87,5,-2,1.25,2,-0.5
97,5,-2,1.25,2,-1
73,5,-2,1.25,2,-1.5
38,5,-2,1.25,2,-2
94,5,-2,1.25,3,-0.5
43,5,-2,1.25,3,-1
205,5,-2,1.25,3,-1.5
55,5,-2,1.25,3,-2
68,5,-2,1.25,4,-0.5
63,5,-2,1.25,4,-1
155,5,-2,1.25,4,-1.5
85,5,-2,1.25,4,-2
55,5,-2,1.25,5,-0.5
63,5,-2,1.25,5,-1
65,5,-2,1.25,5,-1.5
42,5,-2,1.25,5,-2
125,5,-2,1.75,1,-0.5
63,5,-2,1.75,1,-1
97,5,-2,1.75,1,-1.5
71,5,-2,1.75,1,-2
101,5,-2,1.75,2,-0.5
76,5,-2,1.75,2,-1
76,5,-2,1.75,2,-1.5
35,5,-2,1.75,2,-2
59,5,-2,1.75,3,-0.5
36,5,-2,1.75,3,-1
61,5,-2,1.75,3,-1.5
79,5,-2,1.75,3,-2
84,5,-2,1.75,4,-0.5
87,5,-2,1.75,4,-1
68,5,-2,1.75,4,-1.5
66,5,-2,1.75,4,-2
71,5,-2,1.75,5,-0.5
49,5,-2,1.75,5,-1
62,5,-2,1.75,5,-1.5
27,5,-2,1.75,5,-2
355,5,-3,0.25,1,-0.5
272,5,-3,0.25,1,-1
315,5,-3,0.25,1,-1.5
274,5,-3,0.25,1,-2
572,5,-3,0.25,2,-0.5
178,5,-3,0.25,2,-1
206,5,-3,0.25,2,-1.5
442,5,-3,0.25,2,-2
570,5,-3,0.25,3,-0.5
492,5,-3,0.25,3,-1
364,5,-3,0.25,3,-1.5
442,5,-3,0.25,3,-2
198,5,-3,0.25,4,-0.5
387,5,-3,0.25,4,-1
209,5,-3,0.25,4,-1.5
238,5,-3,0.25,4,-2
428,5,-3,0.25,5,-0.5
263,5,-3,0.25,5,-1
386,5,-3,0.25,5,-1.5
120,5,-3,0.25,5,-2
571,5,-3,0.75,1,-0.5
291,5,-3,0.75,1,-1
109,5,-3,0.75,1,-1.5
61,5,-3,0.75,1,-2
368,5,-3,0.75,2,-0.5
128,5,-3,0.75,2,-1
136,5,-3,0.75,2,-1.5
94,5,-3,0.75,2,-2
141,5,-3,0.75,3,-0.5
202,5,-3,0.75,3,-1
198,5,-3,0.75,3,-1.5
101,5,-3,0.75,3,-2
312,5,-3,0.75,4,-0.5
148,5,-3,0.75,4,-1
160,5,-3,0.75,4,-1.5
392,5,-3,0.75,4,-2
84,5,-3,0.75,5,-0.5
110,5,-3,0.75,5,-1
107,5,-3,0.75,5,-1.5
154,5,-3,0.75,5,-2
225,5,-3,1.25,1,-0.5
79,5,-3,1.25,1,-1
105,5,-3,1.25,1,-1.5
93,5,-3,1.25,1,-2
93,5,-3,1.25,2,-0.5
141,5,-3,1.25,2,-1
38,5,-3,1.25,2,-1.5
58,5,-3,1.25,2,-2
137,5,-3,1.25,3,-0.5
140,5,-3,1.25,3,-1
59,5,-3,1.25,3,-1.5
98,5,-3,1.25,3,-2
112,5,-3,1.25,4,-0.5
73,5,-3,1.25,4,-1
38,5,-3,1.25,4,-1.5
83,5,-3,1.25,4,-2
93,5,-3,1.25,5,-0.5
61,5,-3,1.25,5,-1
145,5,-3,1.25,5,-1.5
66,5,-3,1.25,5,-2
236,5,-3,1.75,1,-0.5
84,5,-3,1.75,1,-1
86,5,-3,1.75,1,-1.5
74,5,-3,1.75,1,-2
270,5,-3,1.75,2,-0.5
85,5,-3,1.75,2,-1
62,5,-3,1.75,2,-1.5
56,5,-3,1.75,2,-2
57,5,-3,1.75,3,-0.5
73,5,-3,1.75,3,-1
57,5,-3,1.75,3,-1.5
50,5,-3,1.75,3,-2
37,5,-3,1.75,4,-0.5
41,5,-3,1.75,4,-1
35,5,-3,1.75,4,-1.5
35,5,-3,1.75,4,-2
288,5,-3,1.75,5,-0.5
59,5,-3,1.75,5,-1
58,5,-3,1.75,5,-1.5
17,5,-3,1.75,5,-2
349,5,-4,0.25,1,-0.5
566,5,-4,0.25,1,-1
291,5,-4,0.25,1,-1.5
147,5,-4,0.25,1,-2
349,5,-4,0.25,2,-0.5
566,5,-4,0.25,2,-1
165,5,-4,0.25,2,-1.5
277,5,-4,0.25,2,-2
396,5,-4,0.25,3,-0.5
334,5,-4,0.25,3,-1
238,5,-4,0.25,3,-1.5
450,5,-4,0.25,3,-2
339,5,-4,0.25,4,-0.5
264,5,-4,0.25,4,-1
527,5,-4,0.25,4,-1.5
450,5,-4,0.25,4,-2
401,5,-4,0.25,5,-0.5
234,5,-4,0.25,5,-1
527,5,-4,0.25,5,-1.5
221,5,-4,0.25,5,-2
414,5,-4,0.75,1,-0.5
361,5,-4,0.75,1,-1
200,5,-4,0.75,1,-1.5
223,5,-4,0.75,1,-2
128,5,-4,0.75,2,-0.5
282,5,-4,0.75,2,-1
262,5,-4,0.75,2,-1.5
102,5,-4,0.75,2,-2
417,5,-4,0.75,3,-0.5
246,5,-4,0.75,3,-1
104,5,-4,0.75,3,-1.5
141,5,-4,0.75,3,-2
488,5,-4,0.75,4,-0.5
99,5,-4,0.75,4,-1
126,5,-4,0.75,4,-1.5
211,5,-4,0.75,4,-2
229,5,-4,0.75,5,-0.5
315,5,-4,0.75,5,-1
234,5,-4,0.75,5,-1.5
172,5,-4,0.75,5,-2
202,5,-4,1.25,1,-0.5
163,5,-4,1.25,1,-1
52,5,-4,1.25,1,-1.5
187,5,-4,1.25,1,-2
249,5,-4,1.25,2,-0.5
228,5,-4,1.25,2,-1
66,5,-4,1.25,2,-1.5
232,5,-4,1.25,2,-2
72,5,-4,1.25,3,-0.5
71,5,-4,1.25,3,-1
75,5,-4,1.25,3,-1.5
52,5,-4,1.25,3,-2
78,5,-4,1.25,4,-0.5
215,5,-4,1.25,4,-1
42,5,-4,1.25,4,-1.5
418,5,-4,1.25,4,-2
38,5,-4,1.25,5,-0.5
95,5,-4,1.25,5,-1
19,5,-4,1.25,5,-1.5
65,5,-4,1.25,5,-2
168,5,-4,1.75,1,-0.5
53,5,-4,1.75,1,-1
75,5,-4,1.75,1,-1.5
66,5,-4,1.75,1,-2
59,5,-4,1.75,2,-0.5
94,5,-4,1.75,2,-1
48,5,-4,1.75,2,-1.5
49,5,-4,1.75,2,-2
69,5,-4,1.75,3,-0.5
67,5,-4,1.75,3,-1
64,5,-4,1.75,3,-1.5
34,5,-4,1.75,3,-2
39,5,-4,1.75,4,-0.5
109,5,-4,1.75,4,-1
309,5,-4,1.75,4,-1.5
62,5,-4,1.75,4,-2
47,5,-4,1.75,5,-0.5
27,5,-4,1.75,5,-1
23,5,-4,1.75,5,-1.5
60,5,-4,1.75,5,-2
357,5,-5,0.25,1,-0.5
560,5,-5,0.25,1,-1
393,5,-5,0.25,1,-1.5
307,5,-5,0.25,1,-2
395,5,-5,0.25,2,-0.5
560,5,-5,0.25,2,-1
214,5,-5,0.25,2,-1.5
125,5,-5,0.25,2,-2
454,5,-5,0.25,3,-0.5
247,5,-5,0.25,3,-1
353,5,-5,0.25,3,-1.5
359,5,-5,0.25,3,-2
469,5,-5,0.25,4,-0.5
418,5,-5,0.25,4,-1
266,5,-5,0.25,4,-1.5
359,5,-5,0.25,4,-2
475,5,-5,0.25,5,-0.5
193,5,-5,0.25,5,-1
259,5,-5,0.25,5,-1.5
166,5,-5,0.25,5,-2
390,5,-5,0.75,1,-0.5
326,5,-5,0.75,1,-1
137,5,-5,0.75,1,-1.5
145,5,-5,0.75,1,-2
341,5,-5,0.75,2,-0.5
261,5,-5,0.75,2,-1
309,5,-5,0.75,2,-1.5
173,5,-5,0.75,2,-2
503,5,-5,0.75,3,-0.5
237,5,-5,0.75,3,-1
298,5,-5,0.75,3,-1.5
247,5,-5,0.75,3,-2
558,5,-5,0.75,4,-0.5
112,5,-5,0.75,4,-1
100,5,-5,0.75,4,-1.5
96,5,-5,0.75,4,-2
295,5,-5,0.75,5,-0.5
283,5,-5,0.75,5,-1
244,5,-5,0.75,5,-1.5
324,5,-5,0.75,5,-2
234,5,-5,1.25,1,-0.5
526,5,-5,1.25,1,-1
191,5,-5,1.25,1,-1.5
160,5,-5,1.25,1,-2
331,5,-5,1.25,2,-0.5
206,5,-5,1.25,2,-1
107,5,-5,1.25,2,-1.5
167,5,-5,1.25,2,-2
326,5,-5,1.25,3,-0.5
201,5,-5,1.25,3,-1
95,5,-5,1.25,3,-1.5
123,5,-5,1.25,3,-2
87,5,-5,1.25,4,-0.5
191,5,-5,1.25,4,-1
235,5,-5,1.25,4,-1.5
155,5,-5,1.25,4,-2
101,5,-5,1.25,5,-0.5
62,5,-5,1.25,5,-1
45,5,-5,1.25,5,-1.5
107,5,-5,1.25,5,-2
102,5,-5,1.75,1,-0.5
25,5,-5,1.75,1,-1
62,5,-5,1.75,1,-1.5
101,5,-5,1.75,1,-2
39,5,-5,1.75,2,-0.5
203,5,-5,1.75,2,-1
56,5,-5,1.75,2,-1.5
170,5,-5,1.75,2,-2
49,5,-5,1.75,3,-0.5
46,5,-5,1.75,3,-1
58,5,-5,1.75,3,-1.5
26,5,-5,1.75,3,-2
61,5,-5,1.75,4,-0.5
67,5,-5,1.75,4,-1
87,5,-5,1.75,4,-1.5
32,5,-5,1.75,4,-2
482,5,-5,1.75,5,-0.5
243,5,-5,1.75,5,-1
86,5,-5,1.75,5,-1.5
40,5,-5,1.75,5,-2
