42,1,-1,0.25,1,-0.5
26,1,-1,0.25,1,-1
16,1,-1,0.25,1,-1.5
26,1,-1,0.25,1,-2
32,1,-1,0.25,2,-0.5
27,1,-1,0.25,2,-1
35,1,-1,0.25,2,-1.5
44,1,-1,0.25,2,-2
43,1,-1,0.25,3,-0.5
33,1,-1,0.25,3,-1
29,1,-1,0.25,3,-1.5
44,1,-1,0.25,3,-2
61,1,-1,0.25,4,-0.5
39,1,-1,0.25,4,-1
23,1,-1,0.25,4,-1.5
74,1,-1,0.25,4,-2
37,1,-1,0.25,5,-0.5
68,1,-1,0.25,5,-1
39,1,-1,0.25,5,-1.5
32,1,-1,0.25,5,-2
63,1,-1,0.75,1,-0.5
56,1,-1,0.75,1,-1
28,1,-1,0.75,1,-1.5
29,1,-1,0.75,1,-2
54,1,-1,0.75,2,-0.5
37,1,-1,0.75,2,-1
44,1,-1,0.75,2,-1.5
23,1,-1,0.75,2,-2
46,1,-1,0.75,3,-0.5
44,1,-1,0.75,3,-1
51,1,-1,0.75,3,-1.5
88,1,-1,0.75,3,-2
61,1,-1,0.75,4,-0.5
33,1,-1,0.75,4,-1
47,1,-1,0.75,4,-1.5
56,1,-1,0.75,4,-2
53,1,-1,0.75,5,-0.5
53,1,-1,0.75,5,-1
59,1,-1,0.75,5,-1.5
68,1,-1,0.75,5,-2
133,1,-1,1.25,1,-0.5
90,1,-1,1.25,1,-1
81,1,-1,1.25,1,-1.5
74,1,-1,1.25,1,-2
103,1,-1,1.25,2,-0.5
85,1,-1,1.25,2,-1
79,1,-1,1.25,2,-1.5
76,1,-1,1.25,2,-2
82,1,-1,1.25,3,-0.5
80,1,-1,1.25,3,-1
86,1,-1,1.25,3,-1.5
89,1,-1,1.25,3,-2
99,1,-1,1.25,4,-0.5
93,1,-1,1.25,4,-1
79,1,-1,1.25,4,-1.5
80,1,-1,1.25,4,-2
119,1,-1,1.25,5,-0.5
81,1,-1,1.25,5,-1
101,1,-1,1.25,5,-1.5
93,1,-1,1.25,5,-2
147,1,-1,1.75,1,-0.5
148,1,-1,1.75,1,-1
100,1,-1,1.75,1,-1.5
110,1,-1,1.75,1,-2
157,1,-1,1.75,2,-0.5
113,1,-1,1.75,2,-1
98,1,-1,1.75,2,-1.5
139,1,-1,1.75,2,-2
135,1,-1,1.75,3,-0.5
100,1,-1,1.75,3,-1
127,1,-1,1.75,3,-1.5
117,1,-1,1.75,3,-2
144,1,-1,1.75,4,-0.5
123,1,-1,1.75,4,-1
119,1,-1,1.75,4,-1.5
139,1,-1,1.75,4,-2
157,1,-1,1.75,5,-0.5
102,1,-1,1.75,5,-1
131,1,-1,1.75,5,-1.5
104,1,-1,1.75,5,-2
55,1,-2,0.25,1,-0.5
60,1,-2,0.25,1,-1
82,1,-2,0.25,1,-1.5
18,1,-2,0.25,1,-2
260,1,-2,0.25,2,-0.5
146,1,-2,0.25,2,-1
119,1,-2,0.25,2,-1.5
26,1,-2,0.25,2,-2
69,1,-2,0.25,3,-0.5
72,1,-2,0.25,3,-1
471,1,-2,0.25,3,-1.5
45,1,-2,0.25,3,-2
482,1,-2,0.25,4,-0.5
32,1,-2,0.25,4,-1
44,1,-2,0.25,4,-1.5
23,1,-2,0.25,4,-2
482,1,-2,0.25,5,-0.5
42,1,-2,0.25,5,-1
36,1,-2,0.25,5,-1.5
27,1,-2,0.25,5,-2
20,1,-2,0.75,1,-0.5
29,1,-2,0.75,1,-1
16,1,-2,0.75,1,-1.5
37,1,-2,0.75,1,-2
26,1,-2,0.75,2,-0.5
24,1,-2,0.75,2,-1
31,1,-2,0.75,2,-1.5
26,1,-2,0.75,2,-2
53,1,-2,0.75,3,-0.5
33,1,-2,0.75,3,-1
28,1,-2,0.75,3,-1.5
16,1,-2,0.75,3,-2
62,1,-2,0.75,4,-0.5
18,1,-2,0.75,4,-1
30,1,-2,0.75,4,-1.5
24,1,-2,0.75,4,-2
54,1,-2,0.75,5,-0.5
20,1,-2,0.75,5,-1
27,1,-2,0.75,5,-1.5
39,1,-2,0.75,5,-2
64,1,-2,1.25,1,-0.5
29,1,-2,1.25,1,-1
22,1,-2,1.25,1,-1.5
38,1,-2,1.25,1,-2
60,1,-2,1.25,2,-0.5
26,1,-2,1.25,2,-1
39,1,-2,1.25,2,-1.5
32,1,-2,1.25,2,-2
58,1,-2,1.25,3,-0.5
37,1,-2,1.25,3,-1
56,1,-2,1.25,3,-1.5
47,1,-2,1.25,3,-2
50,1,-2,1.25,4,-0.5
52,1,-2,1.25,4,-1
31,1,-2,1.25,4,-1.5
42,1,-2,1.25,4,-2
57,1,-2,1.25,5,-0.5
65,1,-2,1.25,5,-1
29,1,-2,1.25,5,-1.5
72,1,-2,1.25,5,-2
108,1,-2,1.75,1,-0.5
83,1,-2,1.75,1,-1
84,1,-2,1.75,1,-1.5
85,1,-2,1.75,1,-2
121,1,-2,1.75,2,-0.5
88,1,-2,1.75,2,-1
84,1,-2,1.75,2,-1.5
64,1,-2,1.75,2,-2
70,1,-2,1.75,3,-0.5
70,1,-2,1.75,3,-1
77,1,-2,1.75,3,-1.5
54,1,-2,1.75,3,-2
83,1,-2,1.75,4,-0.5
54,1,-2,1.75,4,-1
83,1,-2,1.75,4,-1.5
71,1,-2,1.75,4,-2
83,1,-2,1.75,5,-0.5
82,1,-2,1.75,5,-1
71,1,-2,1.75,5,-1.5
68,1,-2,1.75,5,-2
176,1,-3,0.25,1,-0.5
216,1,-3,0.25,1,-1
52,1,-3,0.25,1,-1.5
23,1,-3,0.25,1,-2
424,1,-3,0.25,2,-0.5
93,1,-3,0.25,2,-1
25,1,-3,0.25,2,-1.5
30,1,-3,0.25,2,-2
138,1,-3,0.25,3,-0.5
58,1,-3,0.25,3,-1
18,1,-3,0.25,3,-1.5
43,1,-3,0.25,3,-2
51,1,-3,0.25,4,-0.5
21,1,-3,0.25,4,-1
222,1,-3,0.25,4,-1.5
471,1,-3,0.25,4,-2
51,1,-3,0.25,5,-0.5
110,1,-3,0.25,5,-1
116,1,-3,0.25,5,-1.5
76,1,-3,0.25,5,-2
34,1,-3,0.75,1,-0.5
26,1,-3,0.75,1,-1
15,1,-3,0.75,1,-1.5
15,1,-3,0.75,1,-2
34,1,-3,0.75,2,-0.5
46,1,-3,0.75,2,-1
34,1,-3,0.75,2,-1.5
19,1,-3,0.75,2,-2
38,1,-3,0.75,3,-0.5
36,1,-3,0.75,3,-1
18,1,-3,0.75,3,-1.5
17,1,-3,0.75,3,-2
47,1,-3,0.75,4,-0.5
15,1,-3,0.75,4,-1
24,1,-3,0.75,4,-1.5
26,1,-3,0.75,4,-2
37,1,-3,0.75,5,-0.5
24,1,-3,0.75,5,-1
97,1,-3,0.75,5,-1.5
22,1,-3,0.75,5,-2
21,1,-3,1.25,1,-0.5
26,1,-3,1.25,1,-1
43,1,-3,1.25,1,-1.5
26,1,-3,1.25,1,-2
50,1,-3,1.25,2,-0.5
34,1,-3,1.25,2,-1
34,1,-3,1.25,2,-1.5
32,1,-3,1.25,2,-2
49,1,-3,1.25,3,-0.5
37,1,-3,1.25,3,-1
23,1,-3,1.25,3,-1.5
19,1,-3,1.25,3,-2
40,1,-3,1.25,4,-0.5
30,1,-3,1.25,4,-1
34,1,-3,1.25,4,-1.5
17,1,-3,1.25,4,-2
34,1,-3,1.25,5,-0.5
67,1,-3,1.25,5,-1
24,1,-3,1.25,5,-1.5
24,1,-3,1.25,5,-2
97,1,-3,1.75,1,-0.5
47,1,-3,1.75,1,-1
24,1,-3,1.75,1,-1.5
44,1,-3,1.75,1,-2
68,1,-3,1.75,2,-0.5
71,1,-3,1.75,2,-1
81,1,-3,1.75,2,-1.5
72,1,-3,1.75,2,-2
63,1,-3,1.75,3,-0.5
44,1,-3,1.75,3,-1
51,1,-3,1.75,3,-1.5
52,1,-3,1.75,3,-2
79,1,-3,1.75,4,-0.5
64,1,-3,1.75,4,-1
58,1,-3,1.75,4,-1.5
50,1,-3,1.75,4,-2
63,1,-3,1.75,5,-0.5
64,1,-3,1.75,5,-1
43,1,-3,1.75,5,-1.5
53,1,-3,1.75,5,-2
36,1,-4,0.25,1,-0.5
33,1,-4,0.25,1,-1
157,1,-4,0.25,1,-1.5
265,1,-4,0.25,1,-2
58,1,-4,0.25,2,-0.5
131,1,-4,0.25,2,-1
407,1,-4,0.25,2,-1.5
411,1,-4,0.25,2,-2
201,1,-4,0.25,3,-0.5
26,1,-4,0.25,3,-1
43,1,-4,0.25,3,-1.5
56,1,-4,0.25,3,-2
21,1,-4,0.25,4,-0.5
35,1,-4,0.25,4,-1
56,1,-4,0.25,4,-1.5
128,1,-4,0.25,4,-2
77,1,-4,0.25,5,-0.5
105,1,-4,0.25,5,-1
39,1,-4,0.25,5,-1.5
46,1,-4,0.25,5,-2
16,1,-4,0.75,1,-0.5
30,1,-4,0.75,1,-1
55,1,-4,0.75,1,-1.5
23,1,-4,0.75,1,-2
25,1,-4,0.75,2,-0.5
97,1,-4,0.75,2,-1
30,1,-4,0.75,2,-1.5
17,1,-4,0.75,2,-2
19,1,-4,0.75,3,-0.5
71,1,-4,0.75,3,-1
32,1,-4,0.75,3,-1.5
17,1,-4,0.75,3,-2
43,1,-4,0.75,4,-0.5
28,1,-4,0.75,4,-1
22,1,-4,0.75,4,-1.5
21,1,-4,0.75,4,-2
36,1,-4,0.75,5,-0.5
33,1,-4,0.75,5,-1
23,1,-4,0.75,5,-1.5
244,1,-4,0.75,5,-2
50,1,-4,1.25,1,-0.5
20,1,-4,1.25,1,-1
31,1,-4,1.25,1,-1.5
17,1,-4,1.25,1,-2
47,1,-4,1.25,2,-0.5
18,1,-4,1.25,2,-1
126,1,-4,1.25,2,-1.5
20,1,-4,1.25,2,-2
33,1,-4,1.25,3,-0.5
20,1,-4,1.25,3,-1
39,1,-4,1.25,3,-1.5
24,1,-4,1.25,3,-2
50,1,-4,1.25,4,-0.5
35,1,-4,1.25,4,-1
22,1,-4,1.25,4,-1.5
260,1,-4,1.25,4,-2
19,1,-4,1.25,5,-0.5
19,1,-4,1.25,5,-1
24,1,-4,1.25,5,-1.5
35,1,-4,1.25,5,-2
79,1,-4,1.75,1,-0.5
59,1,-4,1.75,1,-1
44,1,-4,1.75,1,-1.5
64,1,-4,1.75,1,-2
74,1,-4,1.75,2,-0.5
37,1,-4,1.75,2,-1
41,1,-4,1.75,2,-1.5
25,1,-4,1.75,2,-2
52,1,-4,1.75,3,-0.5
72,1,-4,1.75,3,-1
28,1,-4,1.75,3,-1.5
39,1,-4,1.75,3,-2
39,1,-4,1.75,4,-0.5
19,1,-4,1.75,4,-1
47,1,-4,1.75,4,-1.5
28,1,-4,1.75,4,-2
60,1,-4,1.75,5,-0.5
23,1,-4,1.75,5,-1
38,1,-4,1.75,5,-1.5
40,1,-4,1.75,5,-2
195,1,-5,0.25,1,-0.5
206,1,-5,0.25,1,-1
201,1,-5,0.25,1,-1.5
53,1,-5,0.25,1,-2
315,1,-5,0.25,2,-0.5
87,1,-5,0.25,2,-1
231,1,-5,0.25,2,-1.5
256,1,-5,0.25,2,-2
83,1,-5,0.25,3,-0.5
27,1,-5,0.25,3,-1
125,1,-5,0.25,3,-1.5
256,1,-5,0.25,3,-2
41,1,-5,0.25,4,-0.5
444,1,-5,0.25,4,-1
194,1,-5,0.25,4,-1.5
57,1,-5,0.25,4,-2
21,1,-5,0.25,5,-0.5
430,1,-5,0.25,5,-1
50,1,-5,0.25,5,-1.5
91,1,-5,0.25,5,-2
90,1,-5,0.75,1,-0.5
220,1,-5,0.75,1,-1
74,1,-5,0.75,1,-1.5
17,1,-5,0.75,1,-2
41,1,-5,0.75,2,-0.5
110,1,-5,0.75,2,-1
51,1,-5,0.75,2,-1.5
174,1,-5,0.75,2,-2
26,1,-5,0.75,3,-0.5
71,1,-5,0.75,3,-1
36,1,-5,0.75,3,-1.5
28,1,-5,0.75,3,-2
45,1,-5,0.75,4,-0.5
60,1,-5,0.75,4,-1
49,1,-5,0.75,4,-1.5
18,1,-5,0.75,4,-2
352,1,-5,0.75,5,-0.5
43,1,-5,0.75,5,-1
21,1,-5,0.75,5,-1.5
14,1,-5,0.75,5,-2
55,1,-5,1.25,1,-0.5
16,1,-5,1.25,1,-1
21,1,-5,1.25,1,-1.5
25,1,-5,1.25,1,-2
30,1,-5,1.25,2,-0.5
18,1,-5,1.25,2,-1
38,1,-5,1.25,2,-1.5
41,1,-5,1.25,2,-2
26,1,-5,1.25,3,-0.5
28,1,-5,1.25,3,-1
22,1,-5,1.25,3,-1.5
22,1,-5,1.25,3,-2
112,1,-5,1.25,4,-0.5
20,1,-5,1.25,4,-1
196,1,-5,1.25,4,-1.5
17,1,-5,1.25,4,-2
77,1,-5,1.25,5,-0.5
25,1,-5,1.25,5,-1
34,1,-5,1.25,5,-1.5
21,1,-5,1.25,5,-2
60,1,-5,1.75,1,-0.5
24,1,-5,1.75,1,-1
15,1,-5,1.75,1,-1.5
51,1,-5,1.75,1,-2
40,1,-5,1.75,2,-0.5
21,1,-5,1.75,2,-1
25,1,-5,1.75,2,-1.5
17,1,-5,1.75,2,-2
28,1,-5,1.75,3,-0.5
19,1,-5,1.75,3,-1
19,1,-5,1.75,3,-1.5
16,1,-5,1.75,3,-2
42,1,-5,1.75,4,-0.5
45,1,-5,1.75,4,-1
16,1,-5,1.75,4,-1.5
22,1,-5,1.75,4,-2
25,1,-5,1.75,5,-0.5
31,1,-5,1.75,5,-1
26,1,-5,1.75,5,-1.5
35,1,-5,1.75,5,-2
184,2,-1,0.25,1,-0.5
57,2,-1,0.25,1,-1
31,2,-1,0.25,1,-1.5
24,2,-1,0.25,1,-2
56,2,-1,0.25,2,-0.5
92,2,-1,0.25,2,-1
16,2,-1,0.25,2,-1.5
18,2,-1,0.25,2,-2
105,2,-1,0.25,3,-0.5
38,2,-1,0.25,3,-1
35,2,-1,0.25,3,-1.5
42,2,-1,0.25,3,-2
73,2,-1,0.25,4,-0.5
48,2,-1,0.25,4,-1
46,2,-1,0.25,4,-1.5
42,2,-1,0.25,4,-2
51,2,-1,0.25,5,-0.5
27,2,-1,0.25,5,-1
57,2,-1,0.25,5,-1.5
46,2,-1,0.25,5,-2
53,2,-1,0.75,1,-0.5
37,2,-1,0.75,1,-1
48,2,-1,0.75,1,-1.5
43,2,-1,0.75,1,-2
38,2,-1,0.75,2,-0.5
29,2,-1,0.75,2,-1
29,2,-1,0.75,2,-1.5
13,2,-1,0.75,2,-2
53,2,-1,0.75,3,-0.5
33,2,-1,0.75,3,-1
41,2,-1,0.75,3,-1.5
35,2,-1,0.75,3,-2
49,2,-1,0.75,4,-0.5
37,2,-1,0.75,4,-1
23,2,-1,0.75,4,-1.5
39,2,-1,0.75,4,-2
50,2,-1,0.75,5,-0.5
45,2,-1,0.75,5,-1
39,2,-1,0.75,5,-1.5
47,2,-1,0.75,5,-2
80,2,-1,1.25,1,-0.5
72,2,-1,1.25,1,-1
59,2,-1,1.25,1,-1.5
45,2,-1,1.25,1,-2
85,2,-1,1.25,2,-0.5
51,2,-1,1.25,2,-1
50,2,-1,1.25,2,-1.5
45,2,-1,1.25,2,-2
67,2,-1,1.25,3,-0.5
63,2,-1,1.25,3,-1
39,2,-1,1.25,3,-1.5
45,2,-1,1.25,3,-2
73,2,-1,1.25,4,-0.5
46,2,-1,1.25,4,-1
56,2,-1,1.25,4,-1.5
48,2,-1,1.25,4,-2
102,2,-1,1.25,5,-0.5
70,2,-1,1.25,5,-1
53,2,-1,1.25,5,-1.5
55,2,-1,1.25,5,-2
135,2,-1,1.75,1,-0.5
102,2,-1,1.75,1,-1
74,2,-1,1.75,1,-1.5
69,2,-1,1.75,1,-2
137,2,-1,1.75,2,-0.5
93,2,-1,1.75,2,-1
83,2,-1,1.75,2,-1.5
64,2,-1,1.75,2,-2
126,2,-1,1.75,3,-0.5
127,2,-1,1.75,3,-1
71,2,-1,1.75,3,-1.5
58,2,-1,1.75,3,-2
106,2,-1,1.75,4,-0.5
101,2,-1,1.75,4,-1
75,2,-1,1.75,4,-1.5
90,2,-1,1.75,4,-2
101,2,-1,1.75,5,-0.5
85,2,-1,1.75,5,-1
88,2,-1,1.75,5,-1.5
95,2,-1,1.75,5,-2
105,2,-2,0.25,1,-0.5
149,2,-2,0.25,1,-1
71,2,-2,0.25,1,-1.5
55,2,-2,0.25,1,-2
136,2,-2,0.25,2,-0.5
215,2,-2,0.25,2,-1
151,2,-2,0.25,2,-1.5
37,2,-2,0.25,2,-2
94,2,-2,0.25,3,-0.5
95,2,-2,0.25,3,-1
27,2,-2,0.25,3,-1.5
40,2,-2,0.25,3,-2
47,2,-2,0.25,4,-0.5
46,2,-2,0.25,4,-1
39,2,-2,0.25,4,-1.5
24,2,-2,0.25,4,-2
29,2,-2,0.25,5,-0.5
59,2,-2,0.25,5,-1
26,2,-2,0.25,5,-1.5
21,2,-2,0.25,5,-2
57,2,-2,0.75,1,-0.5
37,2,-2,0.75,1,-1
29,2,-2,0.75,1,-1.5
20,2,-2,0.75,1,-2
26,2,-2,0.75,2,-0.5
25,2,-2,0.75,2,-1
37,2,-2,0.75,2,-1.5
47,2,-2,0.75,2,-2
22,2,-2,0.75,3,-0.5
29,2,-2,0.75,3,-1
44,2,-2,0.75,3,-1.5
22,2,-2,0.75,3,-2
22,2,-2,0.75,4,-0.5
51,2,-2,0.75,4,-1
23,2,-2,0.75,4,-1.5
36,2,-2,0.75,4,-2
24,2,-2,0.75,5,-0.5
35,2,-2,0.75,5,-1
40,2,-2,0.75,5,-1.5
35,2,-2,0.75,5,-2
39,2,-2,1.25,1,-0.5
26,2,-2,1.25,1,-1
18,2,-2,1.25,1,-1.5
42,2,-2,1.25,1,-2
28,2,-2,1.25,2,-0.5
37,2,-2,1.25,2,-1
53,2,-2,1.25,2,-1.5
30,2,-2,1.25,2,-2
24,2,-2,1.25,3,-0.5
17,2,-2,1.25,3,-1
29,2,-2,1.25,3,-1.5
15,2,-2,1.25,3,-2
38,2,-2,1.25,4,-0.5
46,2,-2,1.25,4,-1
21,2,-2,1.25,4,-1.5
46,2,-2,1.25,4,-2
37,2,-2,1.25,5,-0.5
42,2,-2,1.25,5,-1
49,2,-2,1.25,5,-1.5
26,2,-2,1.25,5,-2
59,2,-2,1.75,1,-0.5
71,2,-2,1.75,1,-1
47,2,-2,1.75,1,-1.5
50,2,-2,1.75,1,-2
102,2,-2,1.75,2,-0.5
45,2,-2,1.75,2,-1
64,2,-2,1.75,2,-1.5
47,2,-2,1.75,2,-2
75,2,-2,1.75,3,-0.5
54,2,-2,1.75,3,-1
51,2,-2,1.75,3,-1.5
54,2,-2,1.75,3,-2
83,2,-2,1.75,4,-0.5
60,2,-2,1.75,4,-1
31,2,-2,1.75,4,-1.5
25,2,-2,1.75,4,-2
49,2,-2,1.75,5,-0.5
59,2,-2,1.75,5,-1
55,2,-2,1.75,5,-1.5
32,2,-2,1.75,5,-2
453,2,-3,0.25,1,-0.5
269,2,-3,0.25,1,-1
30,2,-3,0.25,1,-1.5
31,2,-3,0.25,1,-2
440,2,-3,0.25,2,-0.5
30,2,-3,0.25,2,-1
18,2,-3,0.25,2,-1.5
167,2,-3,0.25,2,-2
412,2,-3,0.25,3,-0.5
25,2,-3,0.25,3,-1
107,2,-3,0.25,3,-1.5
40,2,-3,0.25,3,-2
46,2,-3,0.25,4,-0.5
186,2,-3,0.25,4,-1
49,2,-3,0.25,4,-1.5
26,2,-3,0.25,4,-2
36,2,-3,0.25,5,-0.5
20,2,-3,0.25,5,-1
94,2,-3,0.25,5,-1.5
109,2,-3,0.25,5,-2
312,2,-3,0.75,1,-0.5
23,2,-3,0.75,1,-1
35,2,-3,0.75,1,-1.5
22,2,-3,0.75,1,-2
28,2,-3,0.75,2,-0.5
54,2,-3,0.75,2,-1
14,2,-3,0.75,2,-1.5
17,2,-3,0.75,2,-2
24,2,-3,0.75,3,-0.5
30,2,-3,0.75,3,-1
29,2,-3,0.75,3,-1.5
17,2,-3,0.75,3,-2
22,2,-3,0.75,4,-0.5
21,2,-3,0.75,4,-1
21,2,-3,0.75,4,-1.5
21,2,-3,0.75,4,-2
17,2,-3,0.75,5,-0.5
25,2,-3,0.75,5,-1
21,2,-3,0.75,5,-1.5
20,2,-3,0.75,5,-2
56,2,-3,1.25,1,-0.5
19,2,-3,1.25,1,-1
18,2,-3,1.25,1,-1.5
23,2,-3,1.25,1,-2
31,2,-3,1.25,2,-0.5
22,2,-3,1.25,2,-1
25,2,-3,1.25,2,-1.5
29,2,-3,1.25,2,-2
57,2,-3,1.25,3,-0.5
18,2,-3,1.25,3,-1
20,2,-3,1.25,3,-1.5
23,2,-3,1.25,3,-2
23,2,-3,1.25,4,-0.5
21,2,-3,1.25,4,-1
26,2,-3,1.25,4,-1.5
19,2,-3,1.25,4,-2
24,2,-3,1.25,5,-0.5
26,2,-3,1.25,5,-1
28,2,-3,1.25,5,-1.5
36,2,-3,1.25,5,-2
55,2,-3,1.75,1,-0.5
53,2,-3,1.75,1,-1
40,2,-3,1.75,1,-1.5
30,2,-3,1.75,1,-2
56,2,-3,1.75,2,-0.5
37,2,-3,1.75,2,-1
42,2,-3,1.75,2,-1.5
27,2,-3,1.75,2,-2
55,2,-3,1.75,3,-0.5
43,2,-3,1.75,3,-1
33,2,-3,1.75,3,-1.5
39,2,-3,1.75,3,-2
51,2,-3,1.75,4,-0.5
23,2,-3,1.75,4,-1
33,2,-3,1.75,4,-1.5
20,2,-3,1.75,4,-2
41,2,-3,1.75,5,-0.5
36,2,-3,1.75,5,-1
47,2,-3,1.75,5,-1.5
48,2,-3,1.75,5,-2
142,2,-4,0.25,1,-0.5
114,2,-4,0.25,1,-1
178,2,-4,0.25,1,-1.5
115,2,-4,0.25,1,-2
334,2,-4,0.25,2,-0.5
61,2,-4,0.25,2,-1
92,2,-4,0.25,2,-1.5
56,2,-4,0.25,2,-2
124,2,-4,0.25,3,-0.5
131,2,-4,0.25,3,-1
132,2,-4,0.25,3,-1.5
112,2,-4,0.25,3,-2
125,2,-4,0.25,4,-0.5
202,2,-4,0.25,4,-1
137,2,-4,0.25,4,-1.5
55,2,-4,0.25,4,-2
97,2,-4,0.25,5,-0.5
194,2,-4,0.25,5,-1
20,2,-4,0.25,5,-1.5
77,2,-4,0.25,5,-2
34,2,-4,0.75,1,-0.5
24,2,-4,0.75,1,-1
40,2,-4,0.75,1,-1.5
34,2,-4,0.75,1,-2
40,2,-4,0.75,2,-0.5
152,2,-4,0.75,2,-1
90,2,-4,0.75,2,-1.5
30,2,-4,0.75,2,-2
33,2,-4,0.75,3,-0.5
78,2,-4,0.75,3,-1
58,2,-4,0.75,3,-1.5
46,2,-4,0.75,3,-2
51,2,-4,0.75,4,-0.5
25,2,-4,0.75,4,-1
183,2,-4,0.75,4,-1.5
23,2,-4,0.75,4,-2
23,2,-4,0.75,5,-0.5
31,2,-4,0.75,5,-1
183,2,-4,0.75,5,-1.5
14,2,-4,0.75,5,-2
76,2,-4,1.25,1,-0.5
30,2,-4,1.25,1,-1
19,2,-4,1.25,1,-1.5
20,2,-4,1.25,1,-2
32,2,-4,1.25,2,-0.5
23,2,-4,1.25,2,-1
37,2,-4,1.25,2,-1.5
26,2,-4,1.25,2,-2
30,2,-4,1.25,3,-0.5
25,2,-4,1.25,3,-1
19,2,-4,1.25,3,-1.5
14,2,-4,1.25,3,-2
26,2,-4,1.25,4,-0.5
28,2,-4,1.25,4,-1
22,2,-4,1.25,4,-1.5
71,2,-4,1.25,4,-2
42,2,-4,1.25,5,-0.5
27,2,-4,1.25,5,-1
108,2,-4,1.25,5,-1.5
26,2,-4,1.25,5,-2
25,2,-4,1.75,1,-0.5
44,2,-4,1.75,1,-1
20,2,-4,1.75,1,-1.5
33,2,-4,1.75,1,-2
34,2,-4,1.75,2,-0.5
21,2,-4,1.75,2,-1
16,2,-4,1.75,2,-1.5
23,2,-4,1.75,2,-2
36,2,-4,1.75,3,-0.5
31,2,-4,1.75,3,-1
24,2,-4,1.75,3,-1.5
18,2,-4,1.75,3,-2
75,2,-4,1.75,4,-0.5
59,2,-4,1.75,4,-1
28,2,-4,1.75,4,-1.5
31,2,-4,1.75,4,-2
40,2,-4,1.75,5,-0.5
24,2,-4,1.75,5,-1
22,2,-4,1.75,5,-1.5
37,2,-4,1.75,5,-2
559,2,-5,0.25,1,-0.5
218,2,-5,0.25,1,-1
186,2,-5,0.25,1,-1.5
347,2,-5,0.25,1,-2
559,2,-5,0.25,2,-0.5
125,2,-5,0.25,2,-1
52,2,-5,0.25,2,-1.5
54,2,-5,0.25,2,-2
313,2,-5,0.25,3,-0.5
398,2,-5,0.25,3,-1
212,2,-5,0.25,3,-1.5
57,2,-5,0.25,3,-2
377,2,-5,0.25,4,-0.5
189,2,-5,0.25,4,-1
72,2,-5,0.25,4,-1.5
195,2,-5,0.25,4,-2
377,2,-5,0.25,5,-0.5
183,2,-5,0.25,5,-1
24,2,-5,0.25,5,-1.5
367,2,-5,0.25,5,-2
47,2,-5,0.75,1,-0.5
16,2,-5,0.75,1,-1
107,2,-5,0.75,1,-1.5
70,2,-5,0.75,1,-2
34,2,-5,0.75,2,-0.5
22,2,-5,0.75,2,-1
46,2,-5,0.75,2,-1.5
218,2,-5,0.75,2,-2
118,2,-5,0.75,3,-0.5
41,2,-5,0.75,3,-1
27,2,-5,0.75,3,-1.5
30,2,-5,0.75,3,-2
30,2,-5,0.75,4,-0.5
24,2,-5,0.75,4,-1
19,2,-5,0.75,4,-1.5
21,2,-5,0.75,4,-2
57,2,-5,0.75,5,-0.5
30,2,-5,0.75,5,-1
35,2,-5,0.75,5,-1.5
76,2,-5,0.75,5,-2
29,2,-5,1.25,1,-0.5
19,2,-5,1.25,1,-1
13,2,-5,1.25,1,-1.5
38,2,-5,1.25,1,-2
47,2,-5,1.25,2,-0.5
23,2,-5,1.25,2,-1
22,2,-5,1.25,2,-1.5
39,2,-5,1.25,2,-2
746,2,-5,1.25,3,-0.5
29,2,-5,1.25,3,-1
15,2,-5,1.25,3,-1.5
54,2,-5,1.25,3,-2
635,2,-5,1.25,4,-0.5
30,2,-5,1.25,4,-1
22,2,-5,1.25,4,-1.5
28,2,-5,1.25,4,-2
80,2,-5,1.25,5,-0.5
25,2,-5,1.25,5,-1
26,2,-5,1.25,5,-1.5
26,2,-5,1.25,5,-2
54,2,-5,1.75,1,-0.5
31,2,-5,1.75,1,-1
22,2,-5,1.75,1,-1.5
47,2,-5,1.75,1,-2
36,2,-5,1.75,2,-0.5
18,2,-5,1.75,2,-1
20,2,-5,1.75,2,-1.5
28,2,-5,1.75,2,-2
40,2,-5,1.75,3,-0.5
23,2,-5,1.75,3,-1
29,2,-5,1.75,3,-1.5
24,2,-5,1.75,3,-2
31,2,-5,1.75,4,-0.5
30,2,-5,1.75,4,-1
14,2,-5,1.75,4,-1.5
36,2,-5,1.75,4,-2
39,2,-5,1.75,5,-0.5
22,2,-5,1.75,5,-1
33,2,-5,1.75,5,-1.5
21,2,-5,1.75,5,-2
123,3,-1,0.25,1,-0.5
85,3,-1,0.25,1,-1
60,3,-1,0.25,1,-1.5
47,3,-1,0.25,1,-2
156,3,-1,0.25,2,-0.5
55,3,-1,0.25,2,-1
57,3,-1,0.25,2,-1.5
35,3,-1,0.25,2,-2
56,3,-1,0.25,3,-0.5
112,3,-1,0.25,3,-1
47,3,-1,0.25,3,-1.5
51,3,-1,0.25,3,-2
163,3,-1,0.25,4,-0.5
99,3,-1,0.25,4,-1
55,3,-1,0.25,4,-1.5
68,3,-1,0.25,4,-2
106,3,-1,0.25,5,-0.5
92,3,-1,0.25,5,-1
47,3,-1,0.25,5,-1.5
57,3,-1,0.25,5,-2
67,3,-1,0.75,1,-0.5
54,3,-1,0.75,1,-1
51,3,-1,0.75,1,-1.5
22,3,-1,0.75,1,-2
81,3,-1,0.75,2,-0.5
53,3,-1,0.75,2,-1
19,3,-1,0.75,2,-1.5
37,3,-1,0.75,2,-2
44,3,-1,0.75,3,-0.5
50,3,-1,0.75,3,-1
28,3,-1,0.75,3,-1.5
31,3,-1,0.75,3,-2
62,3,-1,0.75,4,-0.5
40,3,-1,0.75,4,-1
28,3,-1,0.75,4,-1.5
46,3,-1,0.75,4,-2
46,3,-1,0.75,5,-0.5
55,3,-1,0.75,5,-1
86,3,-1,0.75,5,-1.5
35,3,-1,0.75,5,-2
67,3,-1,1.25,1,-0.5
73,3,-1,1.25,1,-1
59,3,-1,1.25,1,-1.5
38,3,-1,1.25,1,-2
58,3,-1,1.25,2,-0.5
70,3,-1,1.25,2,-1
46,3,-1,1.25,2,-1.5
43,3,-1,1.25,2,-2
86,3,-1,1.25,3,-0.5
50,3,-1,1.25,3,-1
36,3,-1,1.25,3,-1.5
35,3,-1,1.25,3,-2
45,3,-1,1.25,4,-0.5
62,3,-1,1.25,4,-1
51,3,-1,1.25,4,-1.5
20,3,-1,1.25,4,-2
45,3,-1,1.25,5,-0.5
63,3,-1,1.25,5,-1
62,3,-1,1.25,5,-1.5
38,3,-1,1.25,5,-2
130,3,-1,1.75,1,-0.5
114,3,-1,1.75,1,-1
101,3,-1,1.75,1,-1.5
85,3,-1,1.75,1,-2
130,3,-1,1.75,2,-0.5
79,3,-1,1.75,2,-1
53,3,-1,1.75,2,-1.5
29,3,-1,1.75,2,-2
90,3,-1,1.75,3,-0.5
71,3,-1,1.75,3,-1
53,3,-1,1.75,3,-1.5
62,3,-1,1.75,3,-2
119,3,-1,1.75,4,-0.5
88,3,-1,1.75,4,-1
59,3,-1,1.75,4,-1.5
77,3,-1,1.75,4,-2
96,3,-1,1.75,5,-0.5
58,3,-1,1.75,5,-1
75,3,-1,1.75,5,-1.5
71,3,-1,1.75,5,-2
190,3,-2,0.25,1,-0.5
179,3,-2,0.25,1,-1
245,3,-2,0.25,1,-1.5
47,3,-2,0.25,1,-2
93,3,-2,0.25,2,-0.5
91,3,-2,0.25,2,-1
83,3,-2,0.25,2,-1.5
37,3,-2,0.25,2,-2
84,3,-2,0.25,3,-0.5
131,3,-2,0.25,3,-1
80,3,-2,0.25,3,-1.5
77,3,-2,0.25,3,-2
58,3,-2,0.25,4,-0.5
98,3,-2,0.25,4,-1
89,3,-2,0.25,4,-1.5
50,3,-2,0.25,4,-2
57,3,-2,0.25,5,-0.5
73,3,-2,0.25,5,-1
47,3,-2,0.25,5,-1.5
57,3,-2,0.25,5,-2
45,3,-2,0.75,1,-0.5
24,3,-2,0.75,1,-1
30,3,-2,0.75,1,-1.5
29,3,-2,0.75,1,-2
113,3,-2,0.75,2,-0.5
33,3,-2,0.75,2,-1
75,3,-2,0.75,2,-1.5
51,3,-2,0.75,2,-2
49,3,-2,0.75,3,-0.5
43,3,-2,0.75,3,-1
16,3,-2,0.75,3,-1.5
31,3,-2,0.75,3,-2
28,3,-2,0.75,4,-0.5
24,3,-2,0.75,4,-1
17,3,-2,0.75,4,-1.5
47,3,-2,0.75,4,-2
36,3,-2,0.75,5,-0.5
38,3,-2,0.75,5,-1
52,3,-2,0.75,5,-1.5
19,3,-2,0.75,5,-2
58,3,-2,1.25,1,-0.5
20,3,-2,1.25,1,-1
28,3,-2,1.25,1,-1.5
34,3,-2,1.25,1,-2
67,3,-2,1.25,2,-0.5
24,3,-2,1.25,2,-1
64,3,-2,1.25,2,-1.5
25,3,-2,1.25,2,-2
41,3,-2,1.25,3,-0.5
25,3,-2,1.25,3,-1
20,3,-2,1.25,3,-1.5
42,3,-2,1.25,3,-2
49,3,-2,1.25,4,-0.5
40,3,-2,1.25,4,-1
31,3,-2,1.25,4,-1.5
33,3,-2,1.25,4,-2
34,3,-2,1.25,5,-0.5
19,3,-2,1.25,5,-1
22,3,-2,1.25,5,-1.5
32,3,-2,1.25,5,-2
80,3,-2,1.75,1,-0.5
85,3,-2,1.75,1,-1
71,3,-2,1.75,1,-1.5
41,3,-2,1.75,1,-2
73,3,-2,1.75,2,-0.5
38,3,-2,1.75,2,-1
36,3,-2,1.75,2,-1.5
36,3,-2,1.75,2,-2
70,3,-2,1.75,3,-0.5
38,3,-2,1.75,3,-1
64,3,-2,1.75,3,-1.5
49,3,-2,1.75,3,-2
66,3,-2,1.75,4,-0.5
54,3,-2,1.75,4,-1
44,3,-2,1.75,4,-1.5
34,3,-2,1.75,4,-2
60,3,-2,1.75,5,-0.5
62,3,-2,1.75,5,-1
46,3,-2,1.75,5,-1.5
38,3,-2,1.75,5,-2
322,3,-3,0.25,1,-0.5
398,3,-3,0.25,1,-1
48,3,-3,0.25,1,-1.5
457,3,-3,0.25,1,-2
268,3,-3,0.25,2,-0.5
85,3,-3,0.25,2,-1
100,3,-3,0.25,2,-1.5
70,3,-3,0.25,2,-2
414,3,-3,0.25,3,-0.5
73,3,-3,0.25,3,-1
98,3,-3,0.25,3,-1.5
110,3,-3,0.25,3,-2
318,3,-3,0.25,4,-0.5
53,3,-3,0.25,4,-1
87,3,-3,0.25,4,-1.5
112,3,-3,0.25,4,-2
63,3,-3,0.25,5,-0.5
56,3,-3,0.25,5,-1
57,3,-3,0.25,5,-1.5
68,3,-3,0.25,5,-2
68,3,-3,0.75,1,-0.5
60,3,-3,0.75,1,-1
57,3,-3,0.75,1,-1.5
43,3,-3,0.75,1,-2
118,3,-3,0.75,2,-0.5
64,3,-3,0.75,2,-1
16,3,-3,0.75,2,-1.5
31,3,-3,0.75,2,-2
50,3,-3,0.75,3,-0.5
21,3,-3,0.75,3,-1
42,3,-3,0.75,3,-1.5
24,3,-3,0.75,3,-2
110,3,-3,0.75,4,-0.5
28,3,-3,0.75,4,-1
38,3,-3,0.75,4,-1.5
16,3,-3,0.75,4,-2
27,3,-3,0.75,5,-0.5
41,3,-3,0.75,5,-1
22,3,-3,0.75,5,-1.5
19,3,-3,0.75,5,-2
42,3,-3,1.25,1,-0.5
27,3,-3,1.25,1,-1
40,3,-3,1.25,1,-1.5
27,3,-3,1.25,1,-2
33,3,-3,1.25,2,-0.5
33,3,-3,1.25,2,-1
21,3,-3,1.25,2,-1.5
24,3,-3,1.25,2,-2
45,3,-3,1.25,3,-0.5
17,3,-3,1.25,3,-1
24,3,-3,1.25,3,-1.5
19,3,-3,1.25,3,-2
42,3,-3,1.25,4,-0.5
43,3,-3,1.25,4,-1
25,3,-3,1.25,4,-1.5
14,3,-3,1.25,4,-2
47,3,-3,1.25,5,-0.5
18,3,-3,1.25,5,-1
17,3,-3,1.25,5,-1.5
17,3,-3,1.25,5,-2
64,3,-3,1.75,1,-0.5
38,3,-3,1.75,1,-1
17,3,-3,1.75,1,-1.5
41,3,-3,1.75,1,-2
45,3,-3,1.75,2,-0.5
20,3,-3,1.75,2,-1
21,3,-3,1.75,2,-1.5
39,3,-3,1.75,2,-2
45,3,-3,1.75,3,-0.5
49,3,-3,1.75,3,-1
38,3,-3,1.75,3,-1.5
42,3,-3,1.75,3,-2
47,3,-3,1.75,4,-0.5
28,3,-3,1.75,4,-1
27,3,-3,1.75,4,-1.5
14,3,-3,1.75,4,-2
65,3,-3,1.75,5,-0.5
36,3,-3,1.75,5,-1
58,3,-3,1.75,5,-1.5
50,3,-3,1.75,5,-2
467,3,-4,0.25,1,-0.5
259,3,-4,0.25,1,-1
295,3,-4,0.25,1,-1.5
56,3,-4,0.25,1,-2
210,3,-4,0.25,2,-0.5
310,3,-4,0.25,2,-1
246,3,-4,0.25,2,-1.5
65,3,-4,0.25,2,-2
333,3,-4,0.25,3,-0.5
279,3,-4,0.25,3,-1
278,3,-4,0.25,3,-1.5
36,3,-4,0.25,3,-2
326,3,-4,0.25,4,-0.5
133,3,-4,0.25,4,-1
32,3,-4,0.25,4,-1.5
150,3,-4,0.25,4,-2
135,3,-4,0.25,5,-0.5
64,3,-4,0.25,5,-1
417,3,-4,0.25,5,-1.5
345,3,-4,0.25,5,-2
38,3,-4,0.75,1,-0.5
112,3,-4,0.75,1,-1
528,3,-4,0.75,1,-1.5
21,3,-4,0.75,1,-2
45,3,-4,0.75,2,-0.5
66,3,-4,0.75,2,-1
528,3,-4,0.75,2,-1.5
47,3,-4,0.75,2,-2
57,3,-4,0.75,3,-0.5
63,3,-4,0.75,3,-1
528,3,-4,0.75,3,-1.5
477,3,-4,0.75,3,-2
207,3,-4,0.75,4,-0.5
68,3,-4,0.75,4,-1
80,3,-4,0.75,4,-1.5
477,3,-4,0.75,4,-2
29,3,-4,0.75,5,-0.5
20,3,-4,0.75,5,-1
35,3,-4,0.75,5,-1.5
38,3,-4,0.75,5,-2
28,3,-4,1.25,1,-0.5
22,3,-4,1.25,1,-1
53,3,-4,1.25,1,-1.5
216,3,-4,1.25,1,-2
39,3,-4,1.25,2,-0.5
73,3,-4,1.25,2,-1
23,3,-4,1.25,2,-1.5
21,3,-4,1.25,2,-2
33,3,-4,1.25,3,-0.5
20,3,-4,1.25,3,-1
49,3,-4,1.25,3,-1.5
32,3,-4,1.25,3,-2
101,3,-4,1.25,4,-0.5
16,3,-4,1.25,4,-1
35,3,-4,1.25,4,-1.5
22,3,-4,1.25,4,-2
34,3,-4,1.25,5,-0.5
17,3,-4,1.25,5,-1
26,3,-4,1.25,5,-1.5
78,3,-4,1.25,5,-2
83,3,-4,1.75,1,-0.5
47,3,-4,1.75,1,-1
33,3,-4,1.75,1,-1.5
20,3,-4,1.75,1,-2
37,3,-4,1.75,2,-0.5
18,3,-4,1.75,2,-1
27,3,-4,1.75,2,-1.5
13,3,-4,1.75,2,-2
27,3,-4,1.75,3,-0.5
30,3,-4,1.75,3,-1
47,3,-4,1.75,3,-1.5
23,3,-4,1.75,3,-2
27,3,-4,1.75,4,-0.5
25,3,-4,1.75,4,-1
30,3,-4,1.75,4,-1.5
27,3,-4,1.75,4,-2
29,3,-4,1.75,5,-0.5
55,3,-4,1.75,5,-1
27,3,-4,1.75,5,-1.5
34,3,-4,1.75,5,-2
428,3,-5,0.25,1,-0.5
362,3,-5,0.25,1,-1
164,3,-5,0.25,1,-1.5
220,3,-5,0.25,1,-2
380,3,-5,0.25,2,-0.5
120,3,-5,0.25,2,-1
126,3,-5,0.25,2,-1.5
116,3,-5,0.25,2,-2
549,3,-5,0.25,3,-0.5
251,3,-5,0.25,3,-1
66,3,-5,0.25,3,-1.5
20,3,-5,0.25,3,-2
575,3,-5,0.25,4,-0.5
223,3,-5,0.25,4,-1
209,3,-5,0.25,4,-1.5
163,3,-5,0.25,4,-2
573,3,-5,0.25,5,-0.5
413,3,-5,0.25,5,-1
152,3,-5,0.25,5,-1.5
51,3,-5,0.25,5,-2
154,3,-5,0.75,1,-0.5
77,3,-5,0.75,1,-1
46,3,-5,0.75,1,-1.5
29,3,-5,0.75,1,-2
57,3,-5,0.75,2,-0.5
40,3,-5,0.75,2,-1
521,3,-5,0.75,2,-1.5
25,3,-5,0.75,2,-2
143,3,-5,0.75,3,-0.5
48,3,-5,0.75,3,-1
521,3,-5,0.75,3,-1.5
18,3,-5,0.75,3,-2
73,3,-5,0.75,4,-0.5
67,3,-5,0.75,4,-1
521,3,-5,0.75,4,-1.5
21,3,-5,0.75,4,-2
43,3,-5,0.75,5,-0.5
88,3,-5,0.75,5,-1
36,3,-5,0.75,5,-1.5
98,3,-5,0.75,5,-2
194,3,-5,1.25,1,-0.5
22,3,-5,1.25,1,-1
51,3,-5,1.25,1,-1.5
31,3,-5,1.25,1,-2
53,3,-5,1.25,2,-0.5
20,3,-5,1.25,2,-1
23,3,-5,1.25,2,-1.5
56,3,-5,1.25,2,-2
138,3,-5,1.25,3,-0.5
18,3,-5,1.25,3,-1
43,3,-5,1.25,3,-1.5
21,3,-5,1.25,3,-2
56,3,-5,1.25,4,-0.5
21,3,-5,1.25,4,-1
23,3,-5,1.25,4,-1.5
21,3,-5,1.25,4,-2
45,3,-5,1.25,5,-0.5
13,3,-5,1.25,5,-1
56,3,-5,1.25,5,-1.5
23,3,-5,1.25,5,-2
517,3,-5,1.75,1,-0.5
30,3,-5,1.75,1,-1
40,3,-5,1.75,1,-1.5
29,3,-5,1.75,1,-2
119,3,-5,1.75,2,-0.5
25,3,-5,1.75,2,-1
42,3,-5,1.75,2,-1.5
33,3,-5,1.75,2,-2
45,3,-5,1.75,3,-0.5
31,3,-5,1.75,3,-1
17,3,-5,1.75,3,-1.5
33,3,-5,1.75,3,-2
18,3,-5,1.75,4,-0.5
21,3,-5,1.75,4,-1
18,3,-5,1.75,4,-1.5
25,3,-5,1.75,4,-2
67,3,-5,1.75,5,-0.5
17,3,-5,1.75,5,-1
14,3,-5,1.75,5,-1.5
19,3,-5,1.75,5,-2
171,4,-1,0.25,1,-0.5
143,4,-1,0.25,1,-1
126,4,-1,0.25,1,-1.5
62,4,-1,0.25,1,-2
210,4,-1,0.25,2,-0.5
98,4,-1,0.25,2,-1
68,4,-1,0.25,2,-1.5
41,4,-1,0.25,2,-2
140,4,-1,0.25,3,-0.5
124,4,-1,0.25,3,-1
86,4,-1,0.25,3,-1.5
77,4,-1,0.25,3,-2
138,4,-1,0.25,4,-0.5
174,4,-1,0.25,4,-1
87,4,-1,0.25,4,-1.5
48,4,-1,0.25,4,-2
174,4,-1,0.25,5,-0.5
111,4,-1,0.25,5,-1
67,4,-1,0.25,5,-1.5
61,4,-1,0.25,5,-2
96,4,-1,0.75,1,-0.5
103,4,-1,0.75,1,-1
55,4,-1,0.75,1,-1.5
49,4,-1,0.75,1,-2
60,4,-1,0.75,2,-0.5
88,4,-1,0.75,2,-1
65,4,-1,0.75,2,-1.5
68,4,-1,0.75,2,-2
72,4,-1,0.75,3,-0.5
72,4,-1,0.75,3,-1
72,4,-1,0.75,3,-1.5
48,4,-1,0.75,3,-2
76,4,-1,0.75,4,-0.5
90,4,-1,0.75,4,-1
51,4,-1,0.75,4,-1.5
32,4,-1,0.75,4,-2
102,4,-1,0.75,5,-0.5
56,4,-1,0.75,5,-1
31,4,-1,0.75,5,-1.5
18,4,-1,0.75,5,-2
70,4,-1,1.25,1,-0.5
73,4,-1,1.25,1,-1
74,4,-1,1.25,1,-1.5
40,4,-1,1.25,1,-2
56,4,-1,1.25,2,-0.5
73,4,-1,1.25,2,-1
75,4,-1,1.25,2,-1.5
53,4,-1,1.25,2,-2
89,4,-1,1.25,3,-0.5
62,4,-1,1.25,3,-1
60,4,-1,1.25,3,-1.5
45,4,-1,1.25,3,-2
94,4,-1,1.25,4,-0.5
67,4,-1,1.25,4,-1
47,4,-1,1.25,4,-1.5
46,4,-1,1.25,4,-2
103,4,-1,1.25,5,-0.5
59,4,-1,1.25,5,-1
53,4,-1,1.25,5,-1.5
67,4,-1,1.25,5,-2
108,4,-1,1.75,1,-0.5
81,4,-1,1.75,1,-1
78,4,-1,1.75,1,-1.5
61,4,-1,1.75,1,-2
108,4,-1,1.75,2,-0.5
66,4,-1,1.75,2,-1
101,4,-1,1.75,2,-1.5
85,4,-1,1.75,2,-2
134,4,-1,1.75,3,-0.5
84,4,-1,1.75,3,-1
61,4,-1,1.75,3,-1.5
76,4,-1,1.75,3,-2
96,4,-1,1.75,4,-0.5
83,4,-1,1.75,4,-1
83,4,-1,1.75,4,-1.5
58,4,-1,1.75,4,-2
111,4,-1,1.75,5,-0.5
84,4,-1,1.75,5,-1
65,4,-1,1.75,5,-1.5
58,4,-1,1.75,5,-2
174,4,-2,0.25,1,-0.5
110,4,-2,0.25,1,-1
71,4,-2,0.25,1,-1.5
53,4,-2,0.25,1,-2
206,4,-2,0.25,2,-0.5
89,4,-2,0.25,2,-1
79,4,-2,0.25,2,-1.5
64,4,-2,0.25,2,-2
140,4,-2,0.25,3,-0.5
393,4,-2,0.25,3,-1
64,4,-2,0.25,3,-1.5
75,4,-2,0.25,3,-2
108,4,-2,0.25,4,-0.5
161,4,-2,0.25,4,-1
116,4,-2,0.25,4,-1.5
56,4,-2,0.25,4,-2
102,4,-2,0.25,5,-0.5
154,4,-2,0.25,5,-1
52,4,-2,0.25,5,-1.5
55,4,-2,0.25,5,-2
80,4,-2,0.75,1,-0.5
61,4,-2,0.75,1,-1
43,4,-2,0.75,1,-1.5
67,4,-2,0.75,1,-2
157,4,-2,0.75,2,-0.5
48,4,-2,0.75,2,-1
59,4,-2,0.75,2,-1.5
44,4,-2,0.75,2,-2
37,4,-2,0.75,3,-0.5
76,4,-2,0.75,3,-1
60,4,-2,0.75,3,-1.5
44,4,-2,0.75,3,-2
46,4,-2,0.75,4,-0.5
39,4,-2,0.75,4,-1
38,4,-2,0.75,4,-1.5
64,4,-2,0.75,4,-2
68,4,-2,0.75,5,-0.5
28,4,-2,0.75,5,-1
54,4,-2,0.75,5,-1.5
34,4,-2,0.75,5,-2
82,4,-2,1.25,1,-0.5
36,4,-2,1.25,1,-1
34,4,-2,1.25,1,-1.5
40,4,-2,1.25,1,-2
65,4,-2,1.25,2,-0.5
22,4,-2,1.25,2,-1
22,4,-2,1.25,2,-1.5
38,4,-2,1.25,2,-2
24,4,-2,1.25,3,-0.5
20,4,-2,1.25,3,-1
42,4,-2,1.25,3,-1.5
34,4,-2,1.25,3,-2
39,4,-2,1.25,4,-0.5
45,4,-2,1.25,4,-1
44,4,-2,1.25,4,-1.5
25,4,-2,1.25,4,-2
40,4,-2,1.25,5,-0.5
32,4,-2,1.25,5,-1
44,4,-2,1.25,5,-1.5
41,4,-2,1.25,5,-2
81,4,-2,1.75,1,-0.5
94,4,-2,1.75,1,-1
52,4,-2,1.75,1,-1.5
54,4,-2,1.75,1,-2
58,4,-2,1.75,2,-0.5
66,4,-2,1.75,2,-1
57,4,-2,1.75,2,-1.5
36,4,-2,1.75,2,-2
81,4,-2,1.75,3,-0.5
34,4,-2,1.75,3,-1
27,4,-2,1.75,3,-1.5
44,4,-2,1.75,3,-2
82,4,-2,1.75,4,-0.5
49,4,-2,1.75,4,-1
79,4,-2,1.75,4,-1.5
31,4,-2,1.75,4,-2
68,4,-2,1.75,5,-0.5
45,4,-2,1.75,5,-1
46,4,-2,1.75,5,-1.5
41,4,-2,1.75,5,-2
150,4,-3,0.25,1,-0.5
281,4,-3,0.25,1,-1
86,4,-3,0.25,1,-1.5
80,4,-3,0.25,1,-2
290,4,-3,0.25,2,-0.5
137,4,-3,0.25,2,-1
74,4,-3,0.25,2,-1.5
73,4,-3,0.25,2,-2
310,4,-3,0.25,3,-0.5
413,4,-3,0.25,3,-1
118,4,-3,0.25,3,-1.5
58,4,-3,0.25,3,-2
219,4,-3,0.25,4,-0.5
124,4,-3,0.25,4,-1
119,4,-3,0.25,4,-1.5
130,4,-3,0.25,4,-2
159,4,-3,0.25,5,-0.5
103,4,-3,0.25,5,-1
200,4,-3,0.25,5,-1.5
56,4,-3,0.25,5,-2
87,4,-3,0.75,1,-0.5
426,4,-3,0.75,1,-1
325,4,-3,0.75,1,-1.5
30,4,-3,0.75,1,-2
49,4,-3,0.75,2,-0.5
38,4,-3,0.75,2,-1
36,4,-3,0.75,2,-1.5
24,4,-3,0.75,2,-2
505,4,-3,0.75,3,-0.5
45,4,-3,0.75,3,-1
26,4,-3,0.75,3,-1.5
57,4,-3,0.75,3,-2
174,4,-3,0.75,4,-0.5
115,4,-3,0.75,4,-1
119,4,-3,0.75,4,-1.5
16,4,-3,0.75,4,-2
32,4,-3,0.75,5,-0.5
90,4,-3,0.75,5,-1
25,4,-3,0.75,5,-1.5
33,4,-3,0.75,5,-2
43,4,-3,1.25,1,-0.5
32,4,-3,1.25,1,-1
33,4,-3,1.25,1,-1.5
36,4,-3,1.25,1,-2
34,4,-3,1.25,2,-0.5
52,4,-3,1.25,2,-1
43,4,-3,1.25,2,-1.5
35,4,-3,1.25,2,-2
24,4,-3,1.25,3,-0.5
19,4,-3,1.25,3,-1
46,4,-3,1.25,3,-1.5
31,4,-3,1.25,3,-2
28,4,-3,1.25,4,-0.5
25,4,-3,1.25,4,-1
21,4,-3,1.25,4,-1.5
17,4,-3,1.25,4,-2
27,4,-3,1.25,5,-0.5
27,4,-3,1.25,5,-1
17,4,-3,1.25,5,-1.5
28,4,-3,1.25,5,-2
76,4,-3,1.75,1,-0.5
32,4,-3,1.75,1,-1
26,4,-3,1.75,1,-1.5
34,4,-3,1.75,1,-2
53,4,-3,1.75,2,-0.5
19,4,-3,1.75,2,-1
17,4,-3,1.75,2,-1.5
21,4,-3,1.75,2,-2
56,4,-3,1.75,3,-0.5
50,4,-3,1.75,3,-1
38,4,-3,1.75,3,-1.5
36,4,-3,1.75,3,-2
64,4,-3,1.75,4,-0.5
31,4,-3,1.75,4,-1
48,4,-3,1.75,4,-1.5
41,4,-3,1.75,4,-2
32,4,-3,1.75,5,-0.5
29,4,-3,1.75,5,-1
26,4,-3,1.75,5,-1.5
25,4,-3,1.75,5,-2
401,4,-4,0.25,1,-0.5
170,4,-4,0.25,1,-1
114,4,-4,0.25,1,-1.5
316,4,-4,0.25,1,-2
336,4,-4,0.25,2,-0.5
179,4,-4,0.25,2,-1
120,4,-4,0.25,2,-1.5
143,4,-4,0.25,2,-2
396,4,-4,0.25,3,-0.5
196,4,-4,0.25,3,-1
59,4,-4,0.25,3,-1.5
75,4,-4,0.25,3,-2
353,4,-4,0.25,4,-0.5
294,4,-4,0.25,4,-1
150,4,-4,0.25,4,-1.5
59,4,-4,0.25,4,-2
237,4,-4,0.25,5,-0.5
294,4,-4,0.25,5,-1
75,4,-4,0.25,5,-1.5
75,4,-4,0.25,5,-2
229,4,-4,0.75,1,-0.5
62,4,-4,0.75,1,-1
523,4,-4,0.75,1,-1.5
115,4,-4,0.75,1,-2
69,4,-4,0.75,2,-0.5
88,4,-4,0.75,2,-1
523,4,-4,0.75,2,-1.5
20,4,-4,0.75,2,-2
71,4,-4,0.75,3,-0.5
23,4,-4,0.75,3,-1
523,4,-4,0.75,3,-1.5
54,4,-4,0.75,3,-2
91,4,-4,0.75,4,-0.5
84,4,-4,0.75,4,-1
523,4,-4,0.75,4,-1.5
48,4,-4,0.75,4,-2
119,4,-4,0.75,5,-0.5
37,4,-4,0.75,5,-1
69,4,-4,0.75,5,-1.5
30,4,-4,0.75,5,-2
81,4,-4,1.25,1,-0.5
45,4,-4,1.25,1,-1
78,4,-4,1.25,1,-1.5
48,4,-4,1.25,1,-2
39,4,-4,1.25,2,-0.5
54,4,-4,1.25,2,-1
25,4,-4,1.25,2,-1.5
22,4,-4,1.25,2,-2
161,4,-4,1.25,3,-0.5
33,4,-4,1.25,3,-1
16,4,-4,1.25,3,-1.5
32,4,-4,1.25,3,-2
87,4,-4,1.25,4,-0.5
27,4,-4,1.25,4,-1
24,4,-4,1.25,4,-1.5
27,4,-4,1.25,4,-2
28,4,-4,1.25,5,-0.5
59,4,-4,1.25,5,-1
67,4,-4,1.25,5,-1.5
27,4,-4,1.25,5,-2
41,4,-4,1.75,1,-0.5
52,4,-4,1.75,1,-1
53,4,-4,1.75,1,-1.5
18,4,-4,1.75,1,-2
36,4,-4,1.75,2,-0.5
45,4,-4,1.75,2,-1
42,4,-4,1.75,2,-1.5
43,4,-4,1.75,2,-2
35,4,-4,1.75,3,-0.5
17,4,-4,1.75,3,-1
37,4,-4,1.75,3,-1.5
18,4,-4,1.75,3,-2
28,4,-4,1.75,4,-0.5
33,4,-4,1.75,4,-1
25,4,-4,1.75,4,-1.5
24,4,-4,1.75,4,-2
40,4,-4,1.75,5,-0.5
46,4,-4,1.75,5,-1
17,4,-4,1.75,5,-1.5
22,4,-4,1.75,5,-2
499,4,-5,0.25,1,-0.5
136,4,-5,0.25,1,-1
204,4,-5,0.25,1,-1.5
222,4,-5,0.25,1,-2
602,4,-5,0.25,2,-0.5
229,4,-5,0.25,2,-1
140,4,-5,0.25,2,-1.5
126,4,-5,0.25,2,-2
420,4,-5,0.25,3,-0.5
229,4,-5,0.25,3,-1
148,4,-5,0.25,3,-1.5
67,4,-5,0.25,3,-2
419,4,-5,0.25,4,-0.5
243,4,-5,0.25,4,-1
80,4,-5,0.25,4,-1.5
46,4,-5,0.25,4,-2
432,4,-5,0.25,5,-0.5
197,4,-5,0.25,5,-1
58,4,-5,0.25,5,-1.5
93,4,-5,0.25,5,-2
124,4,-5,0.75,1,-0.5
100,4,-5,0.75,1,-1
218,4,-5,0.75,1,-1.5
155,4,-5,0.75,1,-2
468,4,-5,0.75,2,-0.5
502,4,-5,0.75,2,-1
524,4,-5,0.75,2,-1.5
90,4,-5,0.75,2,-2
410,4,-5,0.75,3,-0.5
153,4,-5,0.75,3,-1
524,4,-5,0.75,3,-1.5
426,4,-5,0.75,3,-2
68,4,-5,0.75,4,-0.5
97,4,-5,0.75,4,-1
523,4,-5,0.75,4,-1.5
34,4,-5,0.75,4,-2
49,4,-5,0.75,5,-0.5
39,4,-5,0.75,5,-1
523,4,-5,0.75,5,-1.5
97,4,-5,0.75,5,-2
68,4,-5,1.25,1,-0.5
76,4,-5,1.25,1,-1
153,4,-5,1.25,1,-1.5
54,4,-5,1.25,1,-2
27,4,-5,1.25,2,-0.5
34,4,-5,1.25,2,-1
80,4,-5,1.25,2,-1.5
69,4,-5,1.25,2,-2
28,4,-5,1.25,3,-0.5
116,4,-5,1.25,3,-1
83,4,-5,1.25,3,-1.5
25,4,-5,1.25,3,-2
40,4,-5,1.25,4,-0.5
121,4,-5,1.25,4,-1
29,4,-5,1.25,4,-1.5
25,4,-5,1.25,4,-2
61,4,-5,1.25,5,-0.5
43,4,-5,1.25,5,-1
45,4,-5,1.25,5,-1.5
45,4,-5,1.25,5,-2
50,4,-5,1.75,1,-0.5
32,4,-5,1.75,1,-1
36,4,-5,1.75,1,-1.5
28,4,-5,1.75,1,-2
42,4,-5,1.75,2,-0.5
45,4,-5,1.75,2,-1
27,4,-5,1.75,2,-1.5
30,4,-5,1.75,2,-2
42,4,-5,1.75,3,-0.5
39,4,-5,1.75,3,-1
28,4,-5,1.75,3,-1.5
21,4,-5,1.75,3,-2
59,4,-5,1.75,4,-0.5
28,4,-5,1.75,4,-1
36,4,-5,1.75,4,-1.5
24,4,-5,1.75,4,-2
26,4,-5,1.75,5,-0.5
36,4,-5,1.75,5,-1
28,4,-5,1.75,5,-1.5
24,4,-5,1.75,5,-2
205,5,-1,0.25,1,-0.5
182,5,-1,0.25,1,-1
128,5,-1,0.25,1,-1.5
111,5,-1,0.25,1,-2
394,5,-1,0.25,2,-0.5
120,5,-1,0.25,2,-1
151,5,-1,0.25,2,-1.5
102,5,-1,0.25,2,-2
173,5,-1,0.25,3,-0.5
121,5,-1,0.25,3,-1
97,5,-1,0.25,3,-1.5
57,5,-1,0.25,3,-2
131,5,-1,0.25,4,-0.5
96,5,-1,0.25,4,-1
68,5,-1,0.25,4,-1.5
94,5,-1,0.25,4,-2
108,5,-1,0.25,5,-0.5
152,5,-1,0.25,5,-1
156,5,-1,0.25,5,-1.5
103,5,-1,0.25,5,-2
142,5,-1,0.75,1,-0.5
92,5,-1,0.75,1,-1
77,5,-1,0.75,1,-1.5
83,5,-1,0.75,1,-2
119,5,-1,0.75,2,-0.5
105,5,-1,0.75,2,-1
69,5,-1,0.75,2,-1.5
79,5,-1,0.75,2,-2
114,5,-1,0.75,3,-0.5
115,5,-1,0.75,3,-1
80,5,-1,0.75,3,-1.5
79,5,-1,0.75,3,-2
133,5,-1,0.75,4,-0.5
78,5,-1,0.75,4,-1
80,5,-1,0.75,4,-1.5
81,5,-1,0.75,4,-2
77,5,-1,0.75,5,-0.5
86,5,-1,0.75,5,-1
72,5,-1,0.75,5,-1.5
55,5,-1,0.75,5,-2
137,5,-1,1.25,1,-0.5
117,5,-1,1.25,1,-1
108,5,-1,1.25,1,-1.5
45,5,-1,1.25,1,-2
134,5,-1,1.25,2,-0.5
101,5,-1,1.25,2,-1
106,5,-1,1.25,2,-1.5
46,5,-1,1.25,2,-2
87,5,-1,1.25,3,-0.5
75,5,-1,1.25,3,-1
60,5,-1,1.25,3,-1.5
60,5,-1,1.25,3,-2
72,5,-1,1.25,4,-0.5
89,5,-1,1.25,4,-1
92,5,-1,1.25,4,-1.5
70,5,-1,1.25,4,-2
68,5,-1,1.25,5,-0.5
82,5,-1,1.25,5,-1
62,5,-1,1.25,5,-1.5
47,5,-1,1.25,5,-2
130,5,-1,1.75,1,-0.5
88,5,-1,1.75,1,-1
84,5,-1,1.75,1,-1.5
64,5,-1,1.75,1,-2
113,5,-1,1.75,2,-0.5
74,5,-1,1.75,2,-1
89,5,-1,1.75,2,-1.5
58,5,-1,1.75,2,-2
109,5,-1,1.75,3,-0.5
99,5,-1,1.75,3,-1
59,5,-1,1.75,3,-1.5
49,5,-1,1.75,3,-2
90,5,-1,1.75,4,-0.5
59,5,-1,1.75,4,-1
103,5,-1,1.75,4,-1.5
66,5,-1,1.75,4,-2
94,5,-1,1.75,5,-0.5
90,5,-1,1.75,5,-1
53,5,-1,1.75,5,-1.5
60,5,-1,1.75,5,-2
136,5,-2,0.25,1,-0.5
127,5,-2,0.25,1,-1
172,5,-2,0.25,1,-1.5
108,5,-2,0.25,1,-2
231,5,-2,0.25,2,-0.5
98,5,-2,0.25,2,-1
135,5,-2,0.25,2,-1.5
145,5,-2,0.25,2,-2
335,5,-2,0.25,3,-0.5
413,5,-2,0.25,3,-1
114,5,-2,0.25,3,-1.5
65,5,-2,0.25,3,-2
140,5,-2,0.25,4,-0.5
413,5,-2,0.25,4,-1
100,5,-2,0.25,4,-1.5
104,5,-2,0.25,4,-2
117,5,-2,0.25,5,-0.5
55,5,-2,0.25,5,-1
57,5,-2,0.25,5,-1.5
241,5,-2,0.25,5,-2
124,5,-2,0.75,1,-0.5
101,5,-2,0.75,1,-1
438,5,-2,0.75,1,-1.5
56,5,-2,0.75,1,-2
107,5,-2,0.75,2,-0.5
96,5,-2,0.75,2,-1
74,5,-2,0.75,2,-1.5
37,5,-2,0.75,2,-2
59,5,-2,0.75,3,-0.5
162,5,-2,0.75,3,-1
52,5,-2,0.75,3,-1.5
85,5,-2,0.75,3,-2
73,5,-2,0.75,4,-0.5
159,5,-2,0.75,4,-1
61,5,-2,0.75,4,-1.5
109,5,-2,0.75,4,-2
65,5,-2,0.75,5,-0.5
80,5,-2,0.75,5,-1
63,5,-2,0.75,5,-1.5
58,5,-2,0.75,5,-2
101,5,-2,1.25,1,-0.5
44,5,-2,1.25,1,-1
40,5,-2,1.25,1,-1.5
49,5,-2,1.25,1,-2
65,5,-2,1.25,2,-0.5
48,5,-2,1.25,2,-1
54,5,-2,1.25,2,-1.5
38,5,-2,1.25,2,-2
66,5,-2,1.25,3,-0.5
48,5,-2,1.25,3,-1
60,5,-2,1.25,3,-1.5
38,5,-2,1.25,3,-2
90,5,-2,1.25,4,-0.5
46,5,-2,1.25,4,-1
37,5,-2,1.25,4,-1.5
40,5,-2,1.25,4,-2
37,5,-2,1.25,5,-0.5
68,5,-2,1.25,5,-1
36,5,-2,1.25,5,-1.5
30,5,-2,1.25,5,-2
90,5,-2,1.75,1,-0.5
73,5,-2,1.75,1,-1
85,5,-2,1.75,1,-1.5
57,5,-2,1.75,1,-2
99,5,-2,1.75,2,-0.5
58,5,-2,1.75,2,-1
47,5,-2,1.75,2,-1.5
52,5,-2,1.75,2,-2
81,5,-2,1.75,3,-0.5
38,5,-2,1.75,3,-1
44,5,-2,1.75,3,-1.5
43,5,-2,1.75,3,-2
48,5,-2,1.75,4,-0.5
33,5,-2,1.75,4,-1
41,5,-2,1.75,4,-1.5
49,5,-2,1.75,4,-2
64,5,-2,1.75,5,-0.5
26,5,-2,1.75,5,-1
47,5,-2,1.75,5,-1.5
39,5,-2,1.75,5,-2
312,5,-3,0.25,1,-0.5
113,5,-3,0.25,1,-1
105,5,-3,0.25,1,-1.5
91,5,-3,0.25,1,-2
468,5,-3,0.25,2,-0.5
267,5,-3,0.25,2,-1
68,5,-3,0.25,2,-1.5
206,5,-3,0.25,2,-2
224,5,-3,0.25,3,-0.5
175,5,-3,0.25,3,-1
125,5,-3,0.25,3,-1.5
213,5,-3,0.25,3,-2
159,5,-3,0.25,4,-0.5
133,5,-3,0.25,4,-1
87,5,-3,0.25,4,-1.5
51,5,-3,0.25,4,-2
300,5,-3,0.25,5,-0.5
122,5,-3,0.25,5,-1
94,5,-3,0.25,5,-1.5
119,5,-3,0.25,5,-2
379,5,-3,0.75,1,-0.5
115,5,-3,0.75,1,-1
90,5,-3,0.75,1,-1.5
27,5,-3,0.75,1,-2
314,5,-3,0.75,2,-0.5
123,5,-3,0.75,2,-1
64,5,-3,0.75,2,-1.5
33,5,-3,0.75,2,-2
82,5,-3,0.75,3,-0.5
28,5,-3,0.75,3,-1
53,5,-3,0.75,3,-1.5
53,5,-3,0.75,3,-2
212,5,-3,0.75,4,-0.5
144,5,-3,0.75,4,-1
54,5,-3,0.75,4,-1.5
111,5,-3,0.75,4,-2
117,5,-3,0.75,5,-0.5
73,5,-3,0.75,5,-1
139,5,-3,0.75,5,-1.5
80,5,-3,0.75,5,-2
28,5,-3,1.25,1,-0.5
26,5,-3,1.25,1,-1
46,5,-3,1.25,1,-1.5
19,5,-3,1.25,1,-2
48,5,-3,1.25,2,-0.5
33,5,-3,1.25,2,-1
62,5,-3,1.25,2,-1.5
38,5,-3,1.25,2,-2
35,5,-3,1.25,3,-0.5
18,5,-3,1.25,3,-1
48,5,-3,1.25,3,-1.5
31,5,-3,1.25,3,-2
74,5,-3,1.25,4,-0.5
45,5,-3,1.25,4,-1
19,5,-3,1.25,4,-1.5
86,5,-3,1.25,4,-2
45,5,-3,1.25,5,-0.5
54,5,-3,1.25,5,-1
41,5,-3,1.25,5,-1.5
32,5,-3,1.25,5,-2
70,5,-3,1.75,1,-0.5
66,5,-3,1.75,1,-1
32,5,-3,1.75,1,-1.5
27,5,-3,1.75,1,-2
94,5,-3,1.75,2,-0.5
48,5,-3,1.75,2,-1
47,5,-3,1.75,2,-1.5
55,5,-3,1.75,2,-2
36,5,-3,1.75,3,-0.5
62,5,-3,1.75,3,-1
47,5,-3,1.75,3,-1.5
41,5,-3,1.75,3,-2
88,5,-3,1.75,4,-0.5
28,5,-3,1.75,4,-1
45,5,-3,1.75,4,-1.5
51,5,-3,1.75,4,-2
58,5,-3,1.75,5,-0.5
29,5,-3,1.75,5,-1
25,5,-3,1.75,5,-1.5
33,5,-3,1.75,5,-2
134,5,-4,0.25,1,-0.5
169,5,-4,0.25,1,-1
122,5,-4,0.25,1,-1.5
155,5,-4,0.25,1,-2
89,5,-4,0.25,2,-0.5
304,5,-4,0.25,2,-1
316,5,-4,0.25,2,-1.5
110,5,-4,0.25,2,-2
303,5,-4,0.25,3,-0.5
382,5,-4,0.25,3,-1
316,5,-4,0.25,3,-1.5
219,5,-4,0.25,3,-2
204,5,-4,0.25,4,-0.5
189,5,-4,0.25,4,-1
92,5,-4,0.25,4,-1.5
201,5,-4,0.25,4,-2
409,5,-4,0.25,5,-0.5
254,5,-4,0.25,5,-1
153,5,-4,0.25,5,-1.5
139,5,-4,0.25,5,-2
162,5,-4,0.75,1,-0.5
115,5,-4,0.75,1,-1
89,5,-4,0.75,1,-1.5
55,5,-4,0.75,1,-2
390,5,-4,0.75,2,-0.5
61,5,-4,0.75,2,-1
39,5,-4,0.75,2,-1.5
63,5,-4,0.75,2,-2
83,5,-4,0.75,3,-0.5
260,5,-4,0.75,3,-1
93,5,-4,0.75,3,-1.5
54,5,-4,0.75,3,-2
61,5,-4,0.75,4,-0.5
55,5,-4,0.75,4,-1
36,5,-4,0.75,4,-1.5
52,5,-4,0.75,4,-2
82,5,-4,0.75,5,-0.5
116,5,-4,0.75,5,-1
48,5,-4,0.75,5,-1.5
93,5,-4,0.75,5,-2
192,5,-4,1.25,1,-0.5
26,5,-4,1.25,1,-1
343,5,-4,1.25,1,-1.5
27,5,-4,1.25,1,-2
160,5,-4,1.25,2,-0.5
47,5,-4,1.25,2,-1
33,5,-4,1.25,2,-1.5
24,5,-4,1.25,2,-2
67,5,-4,1.25,3,-0.5
50,5,-4,1.25,3,-1
46,5,-4,1.25,3,-1.5
43,5,-4,1.25,3,-2
49,5,-4,1.25,4,-0.5
51,5,-4,1.25,4,-1
37,5,-4,1.25,4,-1.5
38,5,-4,1.25,4,-2
38,5,-4,1.25,5,-0.5
20,5,-4,1.25,5,-1
30,5,-4,1.25,5,-1.5
45,5,-4,1.25,5,-2
57,5,-4,1.75,1,-0.5
64,5,-4,1.75,1,-1
36,5,-4,1.75,1,-1.5
21,5,-4,1.75,1,-2
61,5,-4,1.75,2,-0.5
55,5,-4,1.75,2,-1
23,5,-4,1.75,2,-1.5
51,5,-4,1.75,2,-2
58,5,-4,1.75,3,-0.5
26,5,-4,1.75,3,-1
43,5,-4,1.75,3,-1.5
33,5,-4,1.75,3,-2
31,5,-4,1.75,4,-0.5
50,5,-4,1.75,4,-1
28,5,-4,1.75,4,-1.5
31,5,-4,1.75,4,-2
84,5,-4,1.75,5,-0.5
35,5,-4,1.75,5,-1
37,5,-4,1.75,5,-1.5
73,5,-4,1.75,5,-2
557,5,-5,0.25,1,-0.5
168,5,-5,0.25,1,-1
209,5,-5,0.25,1,-1.5
224,5,-5,0.25,1,-2
400,5,-5,0.25,2,-0.5
370,5,-5,0.25,2,-1
188,5,-5,0.25,2,-1.5
390,5,-5,0.25,2,-2
430,5,-5,0.25,3,-0.5
205,5,-5,0.25,3,-1
191,5,-5,0.25,3,-1.5
85,5,-5,0.25,3,-2
452,5,-5,0.25,4,-0.5
255,5,-5,0.25,4,-1
145,5,-5,0.25,4,-1.5
255,5,-5,0.25,4,-2
424,5,-5,0.25,5,-0.5
130,5,-5,0.25,5,-1
335,5,-5,0.25,5,-1.5
170,5,-5,0.25,5,-2
725,5,-5,0.75,1,-0.5
359,5,-5,0.75,1,-1
98,5,-5,0.75,1,-1.5
520,5,-5,0.75,1,-2
230,5,-5,0.75,2,-0.5
70,5,-5,0.75,2,-1
37,5,-5,0.75,2,-1.5
520,5,-5,0.75,2,-2
125,5,-5,0.75,3,-0.5
50,5,-5,0.75,3,-1
70,5,-5,0.75,3,-1.5
520,5,-5,0.75,3,-2
286,5,-5,0.75,4,-0.5
83,5,-5,0.75,4,-1
82,5,-5,0.75,4,-1.5
520,5,-5,0.75,4,-2
185,5,-5,0.75,5,-0.5
118,5,-5,0.75,5,-1
102,5,-5,0.75,5,-1.5
520,5,-5,0.75,5,-2
103,5,-5,1.25,1,-0.5
60,5,-5,1.25,1,-1
31,5,-5,1.25,1,-1.5
33,5,-5,1.25,1,-2
81,5,-5,1.25,2,-0.5
43,5,-5,1.25,2,-1
79,5,-5,1.25,2,-1.5
53,5,-5,1.25,2,-2
95,5,-5,1.25,3,-0.5
133,5,-5,1.25,3,-1
35,5,-5,1.25,3,-1.5
30,5,-5,1.25,3,-2
56,5,-5,1.25,4,-0.5
53,5,-5,1.25,4,-1
55,5,-5,1.25,4,-1.5
25,5,-5,1.25,4,-2
54,5,-5,1.25,5,-0.5
55,5,-5,1.25,5,-1
365,5,-5,1.25,5,-1.5
29,5,-5,1.25,5,-2
52,5,-5,1.75,1,-0.5
50,5,-5,1.75,1,-1
42,5,-5,1.75,1,-1.5
36,5,-5,1.75,1,-2
49,5,-5,1.75,2,-0.5
47,5,-5,1.75,2,-1
26,5,-5,1.75,2,-1.5
42,5,-5,1.75,2,-2
50,5,-5,1.75,3,-0.5
36,5,-5,1.75,3,-1
44,5,-5,1.75,3,-1.5
28,5,-5,1.75,3,-2
74,5,-5,1.75,4,-0.5
42,5,-5,1.75,4,-1
19,5,-5,1.75,4,-1.5
54,5,-5,1.75,4,-2
46,5,-5,1.75,5,-0.5
35,5,-5,1.75,5,-1
34,5,-5,1.75,5,-1.5
28,5,-5,1.75,5,-2
