29,1,-1,0.25,1,-0.5
23,1,-1,0.25,1,-1
18,1,-1,0.25,1,-1.5
140,1,-1,0.25,1,-2
43,1,-1,0.25,2,-0.5
22,1,-1,0.25,2,-1
61,1,-1,0.25,2,-1.5
31,1,-1,0.25,2,-2
43,1,-1,0.25,3,-0.5
40,1,-1,0.25,3,-1
35,1,-1,0.25,3,-1.5
69,1,-1,0.25,3,-2
45,1,-1,0.25,4,-0.5
108,1,-1,0.25,4,-1
35,1,-1,0.25,4,-1.5
49,1,-1,0.25,4,-2
96,1,-1,0.25,5,-0.5
55,1,-1,0.25,5,-1
89,1,-1,0.25,5,-1.5
50,1,-1,0.25,5,-2
57,1,-1,0.75,1,-0.5
39,1,-1,0.75,1,-1
45,1,-1,0.75,1,-1.5
51,1,-1,0.75,1,-2
51,1,-1,0.75,2,-0.5
43,1,-1,0.75,2,-1
64,1,-1,0.75,2,-1.5
67,1,-1,0.75,2,-2
62,1,-1,0.75,3,-0.5
56,1,-1,0.75,3,-1
70,1,-1,0.75,3,-1.5
25,1,-1,0.75,3,-2
60,1,-1,0.75,4,-0.5
63,1,-1,0.75,4,-1
51,1,-1,0.75,4,-1.5
75,1,-1,0.75,4,-2
81,1,-1,0.75,5,-0.5
68,1,-1,0.75,5,-1
55,1,-1,0.75,5,-1.5
61,1,-1,0.75,5,-2
118,1,-1,1.25,1,-0.5
82,1,-1,1.25,1,-1
101,1,-1,1.25,1,-1.5
93,1,-1,1.25,1,-2
108,1,-1,1.25,2,-0.5
92,1,-1,1.25,2,-1
83,1,-1,1.25,2,-1.5
92,1,-1,1.25,2,-2
109,1,-1,1.25,3,-0.5
88,1,-1,1.25,3,-1
70,1,-1,1.25,3,-1.5
78,1,-1,1.25,3,-2
108,1,-1,1.25,4,-0.5
92,1,-1,1.25,4,-1
94,1,-1,1.25,4,-1.5
82,1,-1,1.25,4,-2
130,1,-1,1.25,5,-0.5
105,1,-1,1.25,5,-1
73,1,-1,1.25,5,-1.5
57,1,-1,1.25,5,-2
165,1,-1,1.75,1,-0.5
143,1,-1,1.75,1,-1
126,1,-1,1.75,1,-1.5
111,1,-1,1.75,1,-2
172,1,-1,1.75,2,-0.5
124,1,-1,1.75,2,-1
97,1,-1,1.75,2,-1.5
99,1,-1,1.75,2,-2
143,1,-1,1.75,3,-0.5
116,1,-1,1.75,3,-1
100,1,-1,1.75,3,-1.5
142,1,-1,1.75,3,-2
134,1,-1,1.75,4,-0.5
134,1,-1,1.75,4,-1
131,1,-1,1.75,4,-1.5
97,1,-1,1.75,4,-2
151,1,-1,1.75,5,-0.5
150,1,-1,1.75,5,-1
122,1,-1,1.75,5,-1.5
99,1,-1,1.75,5,-2
144,1,-2,0.25,1,-0.5
100,1,-2,0.25,1,-1
163,1,-2,0.25,1,-1.5
124,1,-2,0.25,1,-2
160,1,-2,0.25,2,-0.5
34,1,-2,0.25,2,-1
36,1,-2,0.25,2,-1.5
34,1,-2,0.25,2,-2
197,1,-2,0.25,3,-0.5
34,1,-2,0.25,3,-1
111,1,-2,0.25,3,-1.5
76,1,-2,0.25,3,-2
54,1,-2,0.25,4,-0.5
345,1,-2,0.25,4,-1
45,1,-2,0.25,4,-1.5
42,1,-2,0.25,4,-2
95,1,-2,0.25,5,-0.5
32,1,-2,0.25,5,-1
33,1,-2,0.25,5,-1.5
23,1,-2,0.25,5,-2
43,1,-2,0.75,1,-0.5
17,1,-2,0.75,1,-1
27,1,-2,0.75,1,-1.5
120,1,-2,0.75,1,-2
25,1,-2,0.75,2,-0.5
14,1,-2,0.75,2,-1
17,1,-2,0.75,2,-1.5
20,1,-2,0.75,2,-2
34,1,-2,0.75,3,-0.5
18,1,-2,0.75,3,-1
32,1,-2,0.75,3,-1.5
25,1,-2,0.75,3,-2
28,1,-2,0.75,4,-0.5
27,1,-2,0.75,4,-1
31,1,-2,0.75,4,-1.5
27,1,-2,0.75,4,-2
44,1,-2,0.75,5,-0.5
25,1,-2,0.75,5,-1
21,1,-2,0.75,5,-1.5
46,1,-2,0.75,5,-2
62,1,-2,1.25,1,-0.5
72,1,-2,1.25,1,-1
23,1,-2,1.25,1,-1.5
40,1,-2,1.25,1,-2
75,1,-2,1.25,2,-0.5
34,1,-2,1.25,2,-1
63,1,-2,1.25,2,-1.5
58,1,-2,1.25,2,-2
70,1,-2,1.25,3,-0.5
47,1,-2,1.25,3,-1
75,1,-2,1.25,3,-1.5
54,1,-2,1.25,3,-2
38,1,-2,1.25,4,-0.5
53,1,-2,1.25,4,-1
34,1,-2,1.25,4,-1.5
54,1,-2,1.25,4,-2
65,1,-2,1.25,5,-0.5
60,1,-2,1.25,5,-1
70,1,-2,1.25,5,-1.5
44,1,-2,1.25,5,-2
112,1,-2,1.75,1,-0.5
75,1,-2,1.75,1,-1
62,1,-2,1.75,1,-1.5
73,1,-2,1.75,1,-2
108,1,-2,1.75,2,-0.5
96,1,-2,1.75,2,-1
110,1,-2,1.75,2,-1.5
72,1,-2,1.75,2,-2
97,1,-2,1.75,3,-0.5
73,1,-2,1.75,3,-1
94,1,-2,1.75,3,-1.5
60,1,-2,1.75,3,-2
113,1,-2,1.75,4,-0.5
70,1,-2,1.75,4,-1
77,1,-2,1.75,4,-1.5
56,1,-2,1.75,4,-2
79,1,-2,1.75,5,-0.5
83,1,-2,1.75,5,-1
81,1,-2,1.75,5,-1.5
86,1,-2,1.75,5,-2
375,1,-3,0.25,1,-0.5
202,1,-3,0.25,1,-1
131,1,-3,0.25,1,-1.5
92,1,-3,0.25,1,-2
155,1,-3,0.25,2,-0.5
193,1,-3,0.25,2,-1
163,1,-3,0.25,2,-1.5
159,1,-3,0.25,2,-2
307,1,-3,0.25,3,-0.5
46,1,-3,0.25,3,-1
123,1,-3,0.25,3,-1.5
110,1,-3,0.25,3,-2
334,1,-3,0.25,4,-0.5
179,1,-3,0.25,4,-1
76,1,-3,0.25,4,-1.5
174,1,-3,0.25,4,-2
302,1,-3,0.25,5,-0.5
157,1,-3,0.25,5,-1
204,1,-3,0.25,5,-1.5
116,1,-3,0.25,5,-2
16,1,-3,0.75,1,-0.5
33,1,-3,0.75,1,-1
17,1,-3,0.75,1,-1.5
41,1,-3,0.75,1,-2
26,1,-3,0.75,2,-0.5
14,1,-3,0.75,2,-1
12,1,-3,0.75,2,-1.5
16,1,-3,0.75,2,-2
216,1,-3,0.75,3,-0.5
14,1,-3,0.75,3,-1
167,1,-3,0.75,3,-1.5
20,1,-3,0.75,3,-2
20,1,-3,0.75,4,-0.5
20,1,-3,0.75,4,-1
19,1,-3,0.75,4,-1.5
20,1,-3,0.75,4,-2
32,1,-3,0.75,5,-0.5
44,1,-3,0.75,5,-1
16,1,-3,0.75,5,-1.5
24,1,-3,0.75,5,-2
45,1,-3,1.25,1,-0.5
19,1,-3,1.25,1,-1
16,1,-3,1.25,1,-1.5
44,1,-3,1.25,1,-2
217,1,-3,1.25,2,-0.5
41,1,-3,1.25,2,-1
176,1,-3,1.25,2,-1.5
29,1,-3,1.25,2,-2
46,1,-3,1.25,3,-0.5
20,1,-3,1.25,3,-1
42,1,-3,1.25,3,-1.5
57,1,-3,1.25,3,-2
30,1,-3,1.25,4,-0.5
33,1,-3,1.25,4,-1
30,1,-3,1.25,4,-1.5
52,1,-3,1.25,4,-2
32,1,-3,1.25,5,-0.5
28,1,-3,1.25,5,-1
48,1,-3,1.25,5,-1.5
41,1,-3,1.25,5,-2
75,1,-3,1.75,1,-0.5
71,1,-3,1.75,1,-1
51,1,-3,1.75,1,-1.5
77,1,-3,1.75,1,-2
66,1,-3,1.75,2,-0.5
58,1,-3,1.75,2,-1
60,1,-3,1.75,2,-1.5
53,1,-3,1.75,2,-2
77,1,-3,1.75,3,-0.5
42,1,-3,1.75,3,-1
64,1,-3,1.75,3,-1.5
56,1,-3,1.75,3,-2
71,1,-3,1.75,4,-0.5
58,1,-3,1.75,4,-1
53,1,-3,1.75,4,-1.5
54,1,-3,1.75,4,-2
91,1,-3,1.75,5,-0.5
68,1,-3,1.75,5,-1
47,1,-3,1.75,5,-1.5
46,1,-3,1.75,5,-2
126,1,-4,0.25,1,-0.5
352,1,-4,0.25,1,-1
154,1,-4,0.25,1,-1.5
217,1,-4,0.25,1,-2
188,1,-4,0.25,2,-0.5
85,1,-4,0.25,2,-1
32,1,-4,0.25,2,-1.5
40,1,-4,0.25,2,-2
159,1,-4,0.25,3,-0.5
284,1,-4,0.25,3,-1
159,1,-4,0.25,3,-1.5
337,1,-4,0.25,3,-2
195,1,-4,0.25,4,-0.5
301,1,-4,0.25,4,-1
27,1,-4,0.25,4,-1.5
266,1,-4,0.25,4,-2
28,1,-4,0.25,5,-0.5
280,1,-4,0.25,5,-1
152,1,-4,0.25,5,-1.5
223,1,-4,0.25,5,-2
45,1,-4,0.75,1,-0.5
21,1,-4,0.75,1,-1
45,1,-4,0.75,1,-1.5
25,1,-4,0.75,1,-2
42,1,-4,0.75,2,-0.5
157,1,-4,0.75,2,-1
28,1,-4,0.75,2,-1.5
51,1,-4,0.75,2,-2
151,1,-4,0.75,3,-0.5
61,1,-4,0.75,3,-1
25,1,-4,0.75,3,-1.5
52,1,-4,0.75,3,-2
66,1,-4,0.75,4,-0.5
69,1,-4,0.75,4,-1
47,1,-4,0.75,4,-1.5
36,1,-4,0.75,4,-2
162,1,-4,0.75,5,-0.5
47,1,-4,0.75,5,-1
33,1,-4,0.75,5,-1.5
23,1,-4,0.75,5,-2
36,1,-4,1.25,1,-0.5
102,1,-4,1.25,1,-1
21,1,-4,1.25,1,-1.5
91,1,-4,1.25,1,-2
23,1,-4,1.25,2,-0.5
30,1,-4,1.25,2,-1
160,1,-4,1.25,2,-1.5
26,1,-4,1.25,2,-2
27,1,-4,1.25,3,-0.5
16,1,-4,1.25,3,-1
42,1,-4,1.25,3,-1.5
92,1,-4,1.25,3,-2
209,1,-4,1.25,4,-0.5
32,1,-4,1.25,4,-1
30,1,-4,1.25,4,-1.5
36,1,-4,1.25,4,-2
52,1,-4,1.25,5,-0.5
21,1,-4,1.25,5,-1
30,1,-4,1.25,5,-1.5
25,1,-4,1.25,5,-2
72,1,-4,1.75,1,-0.5
48,1,-4,1.75,1,-1
17,1,-4,1.75,1,-1.5
60,1,-4,1.75,1,-2
40,1,-4,1.75,2,-0.5
53,1,-4,1.75,2,-1
39,1,-4,1.75,2,-1.5
36,1,-4,1.75,2,-2
34,1,-4,1.75,3,-0.5
22,1,-4,1.75,3,-1
29,1,-4,1.75,3,-1.5
34,1,-4,1.75,3,-2
89,1,-4,1.75,4,-0.5
57,1,-4,1.75,4,-1
26,1,-4,1.75,4,-1.5
25,1,-4,1.75,4,-2
38,1,-4,1.75,5,-0.5
29,1,-4,1.75,5,-1
22,1,-4,1.75,5,-1.5
40,1,-4,1.75,5,-2
230,1,-5,0.25,1,-0.5
168,1,-5,0.25,1,-1
388,1,-5,0.25,1,-1.5
142,1,-5,0.25,1,-2
128,1,-5,0.25,2,-0.5
209,1,-5,0.25,2,-1
111,1,-5,0.25,2,-1.5
191,1,-5,0.25,2,-2
184,1,-5,0.25,3,-0.5
72,1,-5,0.25,3,-1
154,1,-5,0.25,3,-1.5
34,1,-5,0.25,3,-2
169,1,-5,0.25,4,-0.5
192,1,-5,0.25,4,-1
38,1,-5,0.25,4,-1.5
133,1,-5,0.25,4,-2
452,1,-5,0.25,5,-0.5
271,1,-5,0.25,5,-1
69,1,-5,0.25,5,-1.5
60,1,-5,0.25,5,-2
66,1,-5,0.75,1,-0.5
166,1,-5,0.75,1,-1
30,1,-5,0.75,1,-1.5
23,1,-5,0.75,1,-2
28,1,-5,0.75,2,-0.5
259,1,-5,0.75,2,-1
53,1,-5,0.75,2,-1.5
88,1,-5,0.75,2,-2
20,1,-5,0.75,3,-0.5
63,1,-5,0.75,3,-1
43,1,-5,0.75,3,-1.5
89,1,-5,0.75,3,-2
168,1,-5,0.75,4,-0.5
33,1,-5,0.75,4,-1
144,1,-5,0.75,4,-1.5
51,1,-5,0.75,4,-2
58,1,-5,0.75,5,-0.5
130,1,-5,0.75,5,-1
154,1,-5,0.75,5,-1.5
38,1,-5,0.75,5,-2
23,1,-5,1.25,1,-0.5
348,1,-5,1.25,1,-1
42,1,-5,1.25,1,-1.5
156,1,-5,1.25,1,-2
267,1,-5,1.25,2,-0.5
102,1,-5,1.25,2,-1
63,1,-5,1.25,2,-1.5
81,1,-5,1.25,2,-2
47,1,-5,1.25,3,-0.5
42,1,-5,1.25,3,-1
168,1,-5,1.25,3,-1.5
66,1,-5,1.25,3,-2
31,1,-5,1.25,4,-0.5
108,1,-5,1.25,4,-1
20,1,-5,1.25,4,-1.5
141,1,-5,1.25,4,-2
184,1,-5,1.25,5,-0.5
12,1,-5,1.25,5,-1
26,1,-5,1.25,5,-1.5
38,1,-5,1.25,5,-2
66,1,-5,1.75,1,-0.5
31,1,-5,1.75,1,-1
192,1,-5,1.75,1,-1.5
37,1,-5,1.75,1,-2
174,1,-5,1.75,2,-0.5
52,1,-5,1.75,2,-1
28,1,-5,1.75,2,-1.5
25,1,-5,1.75,2,-2
56,1,-5,1.75,3,-0.5
51,1,-5,1.75,3,-1
39,1,-5,1.75,3,-1.5
47,1,-5,1.75,3,-2
42,1,-5,1.75,4,-0.5
51,1,-5,1.75,4,-1
27,1,-5,1.75,4,-1.5
18,1,-5,1.75,4,-2
55,1,-5,1.75,5,-0.5
41,1,-5,1.75,5,-1
34,1,-5,1.75,5,-1.5
16,1,-5,1.75,5,-2
99,2,-1,0.25,1,-0.5
144,2,-1,0.25,1,-1
20,2,-1,0.25,1,-1.5
35,2,-1,0.25,1,-2
113,2,-1,0.25,2,-0.5
363,2,-1,0.25,2,-1
83,2,-1,0.25,2,-1.5
34,2,-1,0.25,2,-2
119,2,-1,0.25,3,-0.5
117,2,-1,0.25,3,-1
72,2,-1,0.25,3,-1.5
42,2,-1,0.25,3,-2
61,2,-1,0.25,4,-0.5
62,2,-1,0.25,4,-1
36,2,-1,0.25,4,-1.5
36,2,-1,0.25,4,-2
109,2,-1,0.25,5,-0.5
163,2,-1,0.25,5,-1
49,2,-1,0.25,5,-1.5
58,2,-1,0.25,5,-2
81,2,-1,0.75,1,-0.5
36,2,-1,0.75,1,-1
38,2,-1,0.75,1,-1.5
33,2,-1,0.75,1,-2
60,2,-1,0.75,2,-0.5
59,2,-1,0.75,2,-1
17,2,-1,0.75,2,-1.5
30,2,-1,0.75,2,-2
26,2,-1,0.75,3,-0.5
22,2,-1,0.75,3,-1
35,2,-1,0.75,3,-1.5
41,2,-1,0.75,3,-2
65,2,-1,0.75,4,-0.5
50,2,-1,0.75,4,-1
24,2,-1,0.75,4,-1.5
35,2,-1,0.75,4,-2
39,2,-1,0.75,5,-0.5
29,2,-1,0.75,5,-1
60,2,-1,0.75,5,-1.5
33,2,-1,0.75,5,-2
71,2,-1,1.25,1,-0.5
74,2,-1,1.25,1,-1
66,2,-1,1.25,1,-1.5
32,2,-1,1.25,1,-2
86,2,-1,1.25,2,-0.5
56,2,-1,1.25,2,-1
59,2,-1,1.25,2,-1.5
30,2,-1,1.25,2,-2
100,2,-1,1.25,3,-0.5
54,2,-1,1.25,3,-1
67,2,-1,1.25,3,-1.5
39,2,-1,1.25,3,-2
66,2,-1,1.25,4,-0.5
66,2,-1,1.25,4,-1
60,2,-1,1.25,4,-1.5
63,2,-1,1.25,4,-2
107,2,-1,1.25,5,-0.5
55,2,-1,1.25,5,-1
90,2,-1,1.25,5,-1.5
87,2,-1,1.25,5,-2
159,2,-1,1.75,1,-0.5
94,2,-1,1.75,1,-1
72,2,-1,1.75,1,-1.5
107,2,-1,1.75,1,-2
126,2,-1,1.75,2,-0.5
103,2,-1,1.75,2,-1
93,2,-1,1.75,2,-1.5
91,2,-1,1.75,2,-2
125,2,-1,1.75,3,-0.5
101,2,-1,1.75,3,-1
83,2,-1,1.75,3,-1.5
109,2,-1,1.75,3,-2
102,2,-1,1.75,4,-0.5
99,2,-1,1.75,4,-1
96,2,-1,1.75,4,-1.5
79,2,-1,1.75,4,-2
128,2,-1,1.75,5,-0.5
128,2,-1,1.75,5,-1
70,2,-1,1.75,5,-1.5
87,2,-1,1.75,5,-2
125,2,-2,0.25,1,-0.5
64,2,-2,0.25,1,-1
40,2,-2,0.25,1,-1.5
63,2,-2,0.25,1,-2
244,2,-2,0.25,2,-0.5
49,2,-2,0.25,2,-1
237,2,-2,0.25,2,-1.5
38,2,-2,0.25,2,-2
215,2,-2,0.25,3,-0.5
38,2,-2,0.25,3,-1
72,2,-2,0.25,3,-1.5
32,2,-2,0.25,3,-2
195,2,-2,0.25,4,-0.5
20,2,-2,0.25,4,-1
100,2,-2,0.25,4,-1.5
140,2,-2,0.25,4,-2
214,2,-2,0.25,5,-0.5
200,2,-2,0.25,5,-1
36,2,-2,0.25,5,-1.5
53,2,-2,0.25,5,-2
29,2,-2,0.75,1,-0.5
116,2,-2,0.75,1,-1
23,2,-2,0.75,1,-1.5
25,2,-2,0.75,1,-2
15,2,-2,0.75,2,-0.5
21,2,-2,0.75,2,-1
32,2,-2,0.75,2,-1.5
36,2,-2,0.75,2,-2
18,2,-2,0.75,3,-0.5
39,2,-2,0.75,3,-1
20,2,-2,0.75,3,-1.5
28,2,-2,0.75,3,-2
20,2,-2,0.75,4,-0.5
34,2,-2,0.75,4,-1
39,2,-2,0.75,4,-1.5
104,2,-2,0.75,4,-2
25,2,-2,0.75,5,-0.5
29,2,-2,0.75,5,-1
36,2,-2,0.75,5,-1.5
48,2,-2,0.75,5,-2
37,2,-2,1.25,1,-0.5
41,2,-2,1.25,1,-1
42,2,-2,1.25,1,-1.5
34,2,-2,1.25,1,-2
49,2,-2,1.25,2,-0.5
45,2,-2,1.25,2,-1
23,2,-2,1.25,2,-1.5
36,2,-2,1.25,2,-2
21,2,-2,1.25,3,-0.5
57,2,-2,1.25,3,-1
38,2,-2,1.25,3,-1.5
35,2,-2,1.25,3,-2
30,2,-2,1.25,4,-0.5
26,2,-2,1.25,4,-1
29,2,-2,1.25,4,-1.5
24,2,-2,1.25,4,-2
54,2,-2,1.25,5,-0.5
19,2,-2,1.25,5,-1
26,2,-2,1.25,5,-1.5
36,2,-2,1.25,5,-2
97,2,-2,1.75,1,-0.5
85,2,-2,1.75,1,-1
60,2,-2,1.75,1,-1.5
60,2,-2,1.75,1,-2
96,2,-2,1.75,2,-0.5
90,2,-2,1.75,2,-1
58,2,-2,1.75,2,-1.5
39,2,-2,1.75,2,-2
84,2,-2,1.75,3,-0.5
37,2,-2,1.75,3,-1
68,2,-2,1.75,3,-1.5
21,2,-2,1.75,3,-2
89,2,-2,1.75,4,-0.5
52,2,-2,1.75,4,-1
35,2,-2,1.75,4,-1.5
46,2,-2,1.75,4,-2
75,2,-2,1.75,5,-0.5
32,2,-2,1.75,5,-1
45,2,-2,1.75,5,-1.5
41,2,-2,1.75,5,-2
202,2,-3,0.25,1,-0.5
202,2,-3,0.25,1,-1
64,2,-3,0.25,1,-1.5
83,2,-3,0.25,1,-2
230,2,-3,0.25,2,-0.5
181,2,-3,0.25,2,-1
215,2,-3,0.25,2,-1.5
117,2,-3,0.25,2,-2
114,2,-3,0.25,3,-0.5
88,2,-3,0.25,3,-1
50,2,-3,0.25,3,-1.5
27,2,-3,0.25,3,-2
19,2,-3,0.25,4,-0.5
34,2,-3,0.25,4,-1
146,2,-3,0.25,4,-1.5
30,2,-3,0.25,4,-2
54,2,-3,0.25,5,-0.5
28,2,-3,0.25,5,-1
89,2,-3,0.25,5,-1.5
90,2,-3,0.25,5,-2
245,2,-3,0.75,1,-0.5
56,2,-3,0.75,1,-1
18,2,-3,0.75,1,-1.5
31,2,-3,0.75,1,-2
34,2,-3,0.75,2,-0.5
26,2,-3,0.75,2,-1
78,2,-3,0.75,2,-1.5
31,2,-3,0.75,2,-2
30,2,-3,0.75,3,-0.5
115,2,-3,0.75,3,-1
16,2,-3,0.75,3,-1.5
15,2,-3,0.75,3,-2
260,2,-3,0.75,4,-0.5
498,2,-3,0.75,4,-1
118,2,-3,0.75,4,-1.5
18,2,-3,0.75,4,-2
148,2,-3,0.75,5,-0.5
58,2,-3,0.75,5,-1
15,2,-3,0.75,5,-1.5
22,2,-3,0.75,5,-2
52,2,-3,1.25,1,-0.5
21,2,-3,1.25,1,-1
30,2,-3,1.25,1,-1.5
20,2,-3,1.25,1,-2
41,2,-3,1.25,2,-0.5
22,2,-3,1.25,2,-1
20,2,-3,1.25,2,-1.5
26,2,-3,1.25,2,-2
42,2,-3,1.25,3,-0.5
23,2,-3,1.25,3,-1
28,2,-3,1.25,3,-1.5
14,2,-3,1.25,3,-2
23,2,-3,1.25,4,-0.5
35,2,-3,1.25,4,-1
29,2,-3,1.25,4,-1.5
32,2,-3,1.25,4,-2
42,2,-3,1.25,5,-0.5
27,2,-3,1.25,5,-1
14,2,-3,1.25,5,-1.5
65,2,-3,1.25,5,-2
54,2,-3,1.75,1,-0.5
67,2,-3,1.75,1,-1
36,2,-3,1.75,1,-1.5
43,2,-3,1.75,1,-2
49,2,-3,1.75,2,-0.5
26,2,-3,1.75,2,-1
49,2,-3,1.75,2,-1.5
63,2,-3,1.75,2,-2
98,2,-3,1.75,3,-0.5
31,2,-3,1.75,3,-1
43,2,-3,1.75,3,-1.5
36,2,-3,1.75,3,-2
63,2,-3,1.75,4,-0.5
43,2,-3,1.75,4,-1
38,2,-3,1.75,4,-1.5
41,2,-3,1.75,4,-2
73,2,-3,1.75,5,-0.5
44,2,-3,1.75,5,-1
42,2,-3,1.75,5,-1.5
61,2,-3,1.75,5,-2
268,2,-4,0.25,1,-0.5
183,2,-4,0.25,1,-1
109,2,-4,0.25,1,-1.5
54,2,-4,0.25,1,-2
285,2,-4,0.25,2,-0.5
256,2,-4,0.25,2,-1
197,2,-4,0.25,2,-1.5
265,2,-4,0.25,2,-2
286,2,-4,0.25,3,-0.5
212,2,-4,0.25,3,-1
318,2,-4,0.25,3,-1.5
81,2,-4,0.25,3,-2
252,2,-4,0.25,4,-0.5
188,2,-4,0.25,4,-1
174,2,-4,0.25,4,-1.5
174,2,-4,0.25,4,-2
218,2,-4,0.25,5,-0.5
123,2,-4,0.25,5,-1
95,2,-4,0.25,5,-1.5
168,2,-4,0.25,5,-2
77,2,-4,0.75,1,-0.5
133,2,-4,0.75,1,-1
29,2,-4,0.75,1,-1.5
22,2,-4,0.75,1,-2
176,2,-4,0.75,2,-0.5
121,2,-4,0.75,2,-1
122,2,-4,0.75,2,-1.5
34,2,-4,0.75,2,-2
30,2,-4,0.75,3,-0.5
182,2,-4,0.75,3,-1
25,2,-4,0.75,3,-1.5
22,2,-4,0.75,3,-2
430,2,-4,0.75,4,-0.5
24,2,-4,0.75,4,-1
231,2,-4,0.75,4,-1.5
45,2,-4,0.75,4,-2
26,2,-4,0.75,5,-0.5
161,2,-4,0.75,5,-1
16,2,-4,0.75,5,-1.5
66,2,-4,0.75,5,-2
55,2,-4,1.25,1,-0.5
21,2,-4,1.25,1,-1
20,2,-4,1.25,1,-1.5
39,2,-4,1.25,1,-2
25,2,-4,1.25,2,-0.5
28,2,-4,1.25,2,-1
19,2,-4,1.25,2,-1.5
23,2,-4,1.25,2,-2
29,2,-4,1.25,3,-0.5
153,2,-4,1.25,3,-1
199,2,-4,1.25,3,-1.5
40,2,-4,1.25,3,-2
28,2,-4,1.25,4,-0.5
31,2,-4,1.25,4,-1
32,2,-4,1.25,4,-1.5
17,2,-4,1.25,4,-2
17,2,-4,1.25,5,-0.5
19,2,-4,1.25,5,-1
181,2,-4,1.25,5,-1.5
36,2,-4,1.25,5,-2
57,2,-4,1.75,1,-0.5
58,2,-4,1.75,1,-1
40,2,-4,1.75,1,-1.5
41,2,-4,1.75,1,-2
57,2,-4,1.75,2,-0.5
17,2,-4,1.75,2,-1
26,2,-4,1.75,2,-1.5
30,2,-4,1.75,2,-2
34,2,-4,1.75,3,-0.5
15,2,-4,1.75,3,-1
16,2,-4,1.75,3,-1.5
12,2,-4,1.75,3,-2
19,2,-4,1.75,4,-0.5
203,2,-4,1.75,4,-1
48,2,-4,1.75,4,-1.5
24,2,-4,1.75,4,-2
46,2,-4,1.75,5,-0.5
30,2,-4,1.75,5,-1
26,2,-4,1.75,5,-1.5
33,2,-4,1.75,5,-2
235,2,-5,0.25,1,-0.5
412,2,-5,0.25,1,-1
195,2,-5,0.25,1,-1.5
69,2,-5,0.25,1,-2
306,2,-5,0.25,2,-0.5
160,2,-5,0.25,2,-1
148,2,-5,0.25,2,-1.5
182,2,-5,0.25,2,-2
39,2,-5,0.25,3,-0.5
152,2,-5,0.25,3,-1
147,2,-5,0.25,3,-1.5
45,2,-5,0.25,3,-2
202,2,-5,0.25,4,-0.5
361,2,-5,0.25,4,-1
87,2,-5,0.25,4,-1.5
124,2,-5,0.25,4,-2
341,2,-5,0.25,5,-0.5
161,2,-5,0.25,5,-1
133,2,-5,0.25,5,-1.5
18,2,-5,0.25,5,-2
212,2,-5,0.75,1,-0.5
45,2,-5,0.75,1,-1
50,2,-5,0.75,1,-1.5
55,2,-5,0.75,1,-2
254,2,-5,0.75,2,-0.5
161,2,-5,0.75,2,-1
31,2,-5,0.75,2,-1.5
135,2,-5,0.75,2,-2
203,2,-5,0.75,3,-0.5
14,2,-5,0.75,3,-1
27,2,-5,0.75,3,-1.5
99,2,-5,0.75,3,-2
26,2,-5,0.75,4,-0.5
171,2,-5,0.75,4,-1
118,2,-5,0.75,4,-1.5
118,2,-5,0.75,4,-2
546,2,-5,0.75,5,-0.5
206,2,-5,0.75,5,-1
22,2,-5,0.75,5,-1.5
16,2,-5,0.75,5,-2
152,2,-5,1.25,1,-0.5
17,2,-5,1.25,1,-1
154,2,-5,1.25,1,-1.5
40,2,-5,1.25,1,-2
22,2,-5,1.25,2,-0.5
27,2,-5,1.25,2,-1
20,2,-5,1.25,2,-1.5
22,2,-5,1.25,2,-2
49,2,-5,1.25,3,-0.5
273,2,-5,1.25,3,-1
27,2,-5,1.25,3,-1.5
93,2,-5,1.25,3,-2
52,2,-5,1.25,4,-0.5
72,2,-5,1.25,4,-1
97,2,-5,1.25,4,-1.5
47,2,-5,1.25,4,-2
287,2,-5,1.25,5,-0.5
77,2,-5,1.25,5,-1
103,2,-5,1.25,5,-1.5
23,2,-5,1.25,5,-2
61,2,-5,1.75,1,-0.5
41,2,-5,1.75,1,-1
23,2,-5,1.75,1,-1.5
30,2,-5,1.75,1,-2
54,2,-5,1.75,2,-0.5
32,2,-5,1.75,2,-1
30,2,-5,1.75,2,-1.5
37,2,-5,1.75,2,-2
24,2,-5,1.75,3,-0.5
40,2,-5,1.75,3,-1
33,2,-5,1.75,3,-1.5
20,2,-5,1.75,3,-2
35,2,-5,1.75,4,-0.5
24,2,-5,1.75,4,-1
18,2,-5,1.75,4,-1.5
27,2,-5,1.75,4,-2
42,2,-5,1.75,5,-0.5
32,2,-5,1.75,5,-1
64,2,-5,1.75,5,-1.5
27,2,-5,1.75,5,-2
200,3,-1,0.25,1,-0.5
258,3,-1,0.25,1,-1
76,3,-1,0.25,1,-1.5
30,3,-1,0.25,1,-2
202,3,-1,0.25,2,-0.5
67,3,-1,0.25,2,-1
76,3,-1,0.25,2,-1.5
34,3,-1,0.25,2,-2
156,3,-1,0.25,3,-0.5
99,3,-1,0.25,3,-1
89,3,-1,0.25,3,-1.5
51,3,-1,0.25,3,-2
62,3,-1,0.25,4,-0.5
99,3,-1,0.25,4,-1
52,3,-1,0.25,4,-1.5
40,3,-1,0.25,4,-2
262,3,-1,0.25,5,-0.5
84,3,-1,0.25,5,-1
60,3,-1,0.25,5,-1.5
35,3,-1,0.25,5,-2
70,3,-1,0.75,1,-0.5
46,3,-1,0.75,1,-1
32,3,-1,0.75,1,-1.5
51,3,-1,0.75,1,-2
61,3,-1,0.75,2,-0.5
89,3,-1,0.75,2,-1
60,3,-1,0.75,2,-1.5
37,3,-1,0.75,2,-2
59,3,-1,0.75,3,-0.5
38,3,-1,0.75,3,-1
38,3,-1,0.75,3,-1.5
34,3,-1,0.75,3,-2
73,3,-1,0.75,4,-0.5
32,3,-1,0.75,4,-1
49,3,-1,0.75,4,-1.5
26,3,-1,0.75,4,-2
85,3,-1,0.75,5,-0.5
56,3,-1,0.75,5,-1
59,3,-1,0.75,5,-1.5
18,3,-1,0.75,5,-2
87,3,-1,1.25,1,-0.5
58,3,-1,1.25,1,-1
32,3,-1,1.25,1,-1.5
72,3,-1,1.25,1,-2
70,3,-1,1.25,2,-0.5
59,3,-1,1.25,2,-1
44,3,-1,1.25,2,-1.5
40,3,-1,1.25,2,-2
70,3,-1,1.25,3,-0.5
52,3,-1,1.25,3,-1
54,3,-1,1.25,3,-1.5
28,3,-1,1.25,3,-2
78,3,-1,1.25,4,-0.5
61,3,-1,1.25,4,-1
79,3,-1,1.25,4,-1.5
31,3,-1,1.25,4,-2
101,3,-1,1.25,5,-0.5
42,3,-1,1.25,5,-1
53,3,-1,1.25,5,-1.5
55,3,-1,1.25,5,-2
124,3,-1,1.75,1,-0.5
84,3,-1,1.75,1,-1
83,3,-1,1.75,1,-1.5
71,3,-1,1.75,1,-2
106,3,-1,1.75,2,-0.5
95,3,-1,1.75,2,-1
85,3,-1,1.75,2,-1.5
58,3,-1,1.75,2,-2
120,3,-1,1.75,3,-0.5
92,3,-1,1.75,3,-1
77,3,-1,1.75,3,-1.5
65,3,-1,1.75,3,-2
101,3,-1,1.75,4,-0.5
76,3,-1,1.75,4,-1
90,3,-1,1.75,4,-1.5
60,3,-1,1.75,4,-2
115,3,-1,1.75,5,-0.5
77,3,-1,1.75,5,-1
49,3,-1,1.75,5,-1.5
54,3,-1,1.75,5,-2
108,3,-2,0.25,1,-0.5
51,3,-2,0.25,1,-1
91,3,-2,0.25,1,-1.5
39,3,-2,0.25,1,-2
255,3,-2,0.25,2,-0.5
96,3,-2,0.25,2,-1
29,3,-2,0.25,2,-1.5
47,3,-2,0.25,2,-2
118,3,-2,0.25,3,-0.5
82,3,-2,0.25,3,-1
48,3,-2,0.25,3,-1.5
136,3,-2,0.25,3,-2
96,3,-2,0.25,4,-0.5
181,3,-2,0.25,4,-1
218,3,-2,0.25,4,-1.5
39,3,-2,0.25,4,-2
120,3,-2,0.25,5,-0.5
121,3,-2,0.25,5,-1
62,3,-2,0.25,5,-1.5
42,3,-2,0.25,5,-2
213,3,-2,0.75,1,-0.5
23,3,-2,0.75,1,-1
77,3,-2,0.75,1,-1.5
15,3,-2,0.75,1,-2
20,3,-2,0.75,2,-0.5
176,3,-2,0.75,2,-1
23,3,-2,0.75,2,-1.5
42,3,-2,0.75,2,-2
53,3,-2,0.75,3,-0.5
23,3,-2,0.75,3,-1
19,3,-2,0.75,3,-1.5
20,3,-2,0.75,3,-2
37,3,-2,0.75,4,-0.5
21,3,-2,0.75,4,-1
28,3,-2,0.75,4,-1.5
57,3,-2,0.75,4,-2
43,3,-2,0.75,5,-0.5
30,3,-2,0.75,5,-1
34,3,-2,0.75,5,-1.5
39,3,-2,0.75,5,-2
86,3,-2,1.25,1,-0.5
68,3,-2,1.25,1,-1
29,3,-2,1.25,1,-1.5
49,3,-2,1.25,1,-2
58,3,-2,1.25,2,-0.5
29,3,-2,1.25,2,-1
29,3,-2,1.25,2,-1.5
17,3,-2,1.25,2,-2
62,3,-2,1.25,3,-0.5
32,3,-2,1.25,3,-1
23,3,-2,1.25,3,-1.5
22,3,-2,1.25,3,-2
54,3,-2,1.25,4,-0.5
69,3,-2,1.25,4,-1
31,3,-2,1.25,4,-1.5
164,3,-2,1.25,4,-2
49,3,-2,1.25,5,-0.5
52,3,-2,1.25,5,-1
53,3,-2,1.25,5,-1.5
29,3,-2,1.25,5,-2
89,3,-2,1.75,1,-0.5
57,3,-2,1.75,1,-1
76,3,-2,1.75,1,-1.5
37,3,-2,1.75,1,-2
61,3,-2,1.75,2,-0.5
66,3,-2,1.75,2,-1
49,3,-2,1.75,2,-1.5
43,3,-2,1.75,2,-2
44,3,-2,1.75,3,-0.5
75,3,-2,1.75,3,-1
21,3,-2,1.75,3,-1.5
53,3,-2,1.75,3,-2
71,3,-2,1.75,4,-0.5
65,3,-2,1.75,4,-1
57,3,-2,1.75,4,-1.5
83,3,-2,1.75,4,-2
71,3,-2,1.75,5,-0.5
49,3,-2,1.75,5,-1
36,3,-2,1.75,5,-1.5
43,3,-2,1.75,5,-2
239,3,-3,0.25,1,-0.5
363,3,-3,0.25,1,-1
483,3,-3,0.25,1,-1.5
77,3,-3,0.25,1,-2
250,3,-3,0.25,2,-0.5
205,3,-3,0.25,2,-1
229,3,-3,0.25,2,-1.5
138,3,-3,0.25,2,-2
112,3,-3,0.25,3,-0.5
265,3,-3,0.25,3,-1
293,3,-3,0.25,3,-1.5
36,3,-3,0.25,3,-2
230,3,-3,0.25,4,-0.5
271,3,-3,0.25,4,-1
97,3,-3,0.25,4,-1.5
34,3,-3,0.25,4,-2
164,3,-3,0.25,5,-0.5
50,3,-3,0.25,5,-1
139,3,-3,0.25,5,-1.5
77,3,-3,0.25,5,-2
183,3,-3,0.75,1,-0.5
66,3,-3,0.75,1,-1
73,3,-3,0.75,1,-1.5
80,3,-3,0.75,1,-2
118,3,-3,0.75,2,-0.5
47,3,-3,0.75,2,-1
26,3,-3,0.75,2,-1.5
94,3,-3,0.75,2,-2
30,3,-3,0.75,3,-0.5
102,3,-3,0.75,3,-1
29,3,-3,0.75,3,-1.5
48,3,-3,0.75,3,-2
259,3,-3,0.75,4,-0.5
31,3,-3,0.75,4,-1
166,3,-3,0.75,4,-1.5
29,3,-3,0.75,4,-2
186,3,-3,0.75,5,-0.5
75,3,-3,0.75,5,-1
60,3,-3,0.75,5,-1.5
15,3,-3,0.75,5,-2
30,3,-3,1.25,1,-0.5
56,3,-3,1.25,1,-1
33,3,-3,1.25,1,-1.5
41,3,-3,1.25,1,-2
34,3,-3,1.25,2,-0.5
66,3,-3,1.25,2,-1
15,3,-3,1.25,2,-1.5
18,3,-3,1.25,2,-2
57,3,-3,1.25,3,-0.5
22,3,-3,1.25,3,-1
27,3,-3,1.25,3,-1.5
145,3,-3,1.25,3,-2
27,3,-3,1.25,4,-0.5
22,3,-3,1.25,4,-1
54,3,-3,1.25,4,-1.5
173,3,-3,1.25,4,-2
16,3,-3,1.25,5,-0.5
19,3,-3,1.25,5,-1
26,3,-3,1.25,5,-1.5
25,3,-3,1.25,5,-2
59,3,-3,1.75,1,-0.5
26,3,-3,1.75,1,-1
27,3,-3,1.75,1,-1.5
36,3,-3,1.75,1,-2
36,3,-3,1.75,2,-0.5
42,3,-3,1.75,2,-1
33,3,-3,1.75,2,-1.5
28,3,-3,1.75,2,-2
42,3,-3,1.75,3,-0.5
29,3,-3,1.75,3,-1
45,3,-3,1.75,3,-1.5
24,3,-3,1.75,3,-2
41,3,-3,1.75,4,-0.5
32,3,-3,1.75,4,-1
36,3,-3,1.75,4,-1.5
18,3,-3,1.75,4,-2
59,3,-3,1.75,5,-0.5
20,3,-3,1.75,5,-1
29,3,-3,1.75,5,-1.5
23,3,-3,1.75,5,-2
416,3,-4,0.25,1,-0.5
166,3,-4,0.25,1,-1
174,3,-4,0.25,1,-1.5
163,3,-4,0.25,1,-2
216,3,-4,0.25,2,-0.5
143,3,-4,0.25,2,-1
269,3,-4,0.25,2,-1.5
163,3,-4,0.25,2,-2
413,3,-4,0.25,3,-0.5
212,3,-4,0.25,3,-1
165,3,-4,0.25,3,-1.5
153,3,-4,0.25,3,-2
192,3,-4,0.25,4,-0.5
386,3,-4,0.25,4,-1
100,3,-4,0.25,4,-1.5
297,3,-4,0.25,4,-2
354,3,-4,0.25,5,-0.5
187,3,-4,0.25,5,-1
129,3,-4,0.25,5,-1.5
77,3,-4,0.25,5,-2
70,3,-4,0.75,1,-0.5
78,3,-4,0.75,1,-1
59,3,-4,0.75,1,-1.5
70,3,-4,0.75,1,-2
43,3,-4,0.75,2,-0.5
101,3,-4,0.75,2,-1
86,3,-4,0.75,2,-1.5
178,3,-4,0.75,2,-2
191,3,-4,0.75,3,-0.5
45,3,-4,0.75,3,-1
24,3,-4,0.75,3,-1.5
50,3,-4,0.75,3,-2
237,3,-4,0.75,4,-0.5
86,3,-4,0.75,4,-1
158,3,-4,0.75,4,-1.5
156,3,-4,0.75,4,-2
137,3,-4,0.75,5,-0.5
162,3,-4,0.75,5,-1
214,3,-4,0.75,5,-1.5
16,3,-4,0.75,5,-2
224,3,-4,1.25,1,-0.5
16,3,-4,1.25,1,-1
18,3,-4,1.25,1,-1.5
69,3,-4,1.25,1,-2
22,3,-4,1.25,2,-0.5
133,3,-4,1.25,2,-1
126,3,-4,1.25,2,-1.5
143,3,-4,1.25,2,-2
24,3,-4,1.25,3,-0.5
30,3,-4,1.25,3,-1
23,3,-4,1.25,3,-1.5
23,3,-4,1.25,3,-2
69,3,-4,1.25,4,-0.5
68,3,-4,1.25,4,-1
75,3,-4,1.25,4,-1.5
27,3,-4,1.25,4,-2
19,3,-4,1.25,5,-0.5
159,3,-4,1.25,5,-1
16,3,-4,1.25,5,-1.5
169,3,-4,1.25,5,-2
44,3,-4,1.75,1,-0.5
35,3,-4,1.75,1,-1
32,3,-4,1.75,1,-1.5
50,3,-4,1.75,1,-2
32,3,-4,1.75,2,-0.5
44,3,-4,1.75,2,-1
23,3,-4,1.75,2,-1.5
30,3,-4,1.75,2,-2
35,3,-4,1.75,3,-0.5
115,3,-4,1.75,3,-1
41,3,-4,1.75,3,-1.5
28,3,-4,1.75,3,-2
51,3,-4,1.75,4,-0.5
36,3,-4,1.75,4,-1
25,3,-4,1.75,4,-1.5
38,3,-4,1.75,4,-2
37,3,-4,1.75,5,-0.5
21,3,-4,1.75,5,-1
49,3,-4,1.75,5,-1.5
19,3,-4,1.75,5,-2
298,3,-5,0.25,1,-0.5
303,3,-5,0.25,1,-1
175,3,-5,0.25,1,-1.5
225,3,-5,0.25,1,-2
267,3,-5,0.25,2,-0.5
286,3,-5,0.25,2,-1
475,3,-5,0.25,2,-1.5
210,3,-5,0.25,2,-2
410,3,-5,0.25,3,-0.5
208,3,-5,0.25,3,-1
475,3,-5,0.25,3,-1.5
289,3,-5,0.25,3,-2
163,3,-5,0.25,4,-0.5
122,3,-5,0.25,4,-1
218,3,-5,0.25,4,-1.5
178,3,-5,0.25,4,-2
323,3,-5,0.25,5,-0.5
237,3,-5,0.25,5,-1
273,3,-5,0.25,5,-1.5
133,3,-5,0.25,5,-2
51,3,-5,0.75,1,-0.5
174,3,-5,0.75,1,-1
102,3,-5,0.75,1,-1.5
30,3,-5,0.75,1,-2
115,3,-5,0.75,2,-0.5
210,3,-5,0.75,2,-1
57,3,-5,0.75,2,-1.5
131,3,-5,0.75,2,-2
34,3,-5,0.75,3,-0.5
201,3,-5,0.75,3,-1
153,3,-5,0.75,3,-1.5
16,3,-5,0.75,3,-2
70,3,-5,0.75,4,-0.5
173,3,-5,0.75,4,-1
97,3,-5,0.75,4,-1.5
21,3,-5,0.75,4,-2
177,3,-5,0.75,5,-0.5
177,3,-5,0.75,5,-1
33,3,-5,0.75,5,-1.5
25,3,-5,0.75,5,-2
249,3,-5,1.25,1,-0.5
40,3,-5,1.25,1,-1
14,3,-5,1.25,1,-1.5
81,3,-5,1.25,1,-2
54,3,-5,1.25,2,-0.5
45,3,-5,1.25,2,-1
148,3,-5,1.25,2,-1.5
31,3,-5,1.25,2,-2
206,3,-5,1.25,3,-0.5
40,3,-5,1.25,3,-1
34,3,-5,1.25,3,-1.5
27,3,-5,1.25,3,-2
60,3,-5,1.25,4,-0.5
51,3,-5,1.25,4,-1
54,3,-5,1.25,4,-1.5
25,3,-5,1.25,4,-2
225,3,-5,1.25,5,-0.5
58,3,-5,1.25,5,-1
18,3,-5,1.25,5,-1.5
26,3,-5,1.25,5,-2
58,3,-5,1.75,1,-0.5
15,3,-5,1.75,1,-1
16,3,-5,1.75,1,-1.5
41,3,-5,1.75,1,-2
54,3,-5,1.75,2,-0.5
151,3,-5,1.75,2,-1
22,3,-5,1.75,2,-1.5
78,3,-5,1.75,2,-2
28,3,-5,1.75,3,-0.5
16,3,-5,1.75,3,-1
26,3,-5,1.75,3,-1.5
56,3,-5,1.75,3,-2
30,3,-5,1.75,4,-0.5
159,3,-5,1.75,4,-1
27,3,-5,1.75,4,-1.5
24,3,-5,1.75,4,-2
252,3,-5,1.75,5,-0.5
20,3,-5,1.75,5,-1
78,3,-5,1.75,5,-1.5
15,3,-5,1.75,5,-2
225,4,-1,0.25,1,-0.5
109,4,-1,0.25,1,-1
120,4,-1,0.25,1,-1.5
121,4,-1,0.25,1,-2
208,4,-1,0.25,2,-0.5
126,4,-1,0.25,2,-1
94,4,-1,0.25,2,-1.5
78,4,-1,0.25,2,-2
164,4,-1,0.25,3,-0.5
81,4,-1,0.25,3,-1
63,4,-1,0.25,3,-1.5
56,4,-1,0.25,3,-2
171,4,-1,0.25,4,-0.5
532,4,-1,0.25,4,-1
77,4,-1,0.25,4,-1.5
69,4,-1,0.25,4,-2
318,4,-1,0.25,5,-0.5
92,4,-1,0.25,5,-1
118,4,-1,0.25,5,-1.5
104,4,-1,0.25,5,-2
112,4,-1,0.75,1,-0.5
96,4,-1,0.75,1,-1
88,4,-1,0.75,1,-1.5
60,4,-1,0.75,1,-2
122,4,-1,0.75,2,-0.5
161,4,-1,0.75,2,-1
55,4,-1,0.75,2,-1.5
65,4,-1,0.75,2,-2
77,4,-1,0.75,3,-0.5
66,4,-1,0.75,3,-1
63,4,-1,0.75,3,-1.5
41,4,-1,0.75,3,-2
80,4,-1,0.75,4,-0.5
50,4,-1,0.75,4,-1
37,4,-1,0.75,4,-1.5
60,4,-1,0.75,4,-2
101,4,-1,0.75,5,-0.5
128,4,-1,0.75,5,-1
55,4,-1,0.75,5,-1.5
44,4,-1,0.75,5,-2
90,4,-1,1.25,1,-0.5
73,4,-1,1.25,1,-1
74,4,-1,1.25,1,-1.5
54,4,-1,1.25,1,-2
81,4,-1,1.25,2,-0.5
72,4,-1,1.25,2,-1
66,4,-1,1.25,2,-1.5
43,4,-1,1.25,2,-2
94,4,-1,1.25,3,-0.5
97,4,-1,1.25,3,-1
57,4,-1,1.25,3,-1.5
40,4,-1,1.25,3,-2
43,4,-1,1.25,4,-0.5
70,4,-1,1.25,4,-1
56,4,-1,1.25,4,-1.5
34,4,-1,1.25,4,-2
66,4,-1,1.25,5,-0.5
47,4,-1,1.25,5,-1
61,4,-1,1.25,5,-1.5
39,4,-1,1.25,5,-2
124,4,-1,1.75,1,-0.5
105,4,-1,1.75,1,-1
81,4,-1,1.75,1,-1.5
86,4,-1,1.75,1,-2
108,4,-1,1.75,2,-0.5
96,4,-1,1.75,2,-1
75,4,-1,1.75,2,-1.5
71,4,-1,1.75,2,-2
107,4,-1,1.75,3,-0.5
82,4,-1,1.75,3,-1
57,4,-1,1.75,3,-1.5
60,4,-1,1.75,3,-2
111,4,-1,1.75,4,-0.5
73,4,-1,1.75,4,-1
68,4,-1,1.75,4,-1.5
53,4,-1,1.75,4,-2
109,4,-1,1.75,5,-0.5
48,4,-1,1.75,5,-1
82,4,-1,1.75,5,-1.5
54,4,-1,1.75,5,-2
433,4,-2,0.25,1,-0.5
250,4,-2,0.25,1,-1
311,4,-2,0.25,1,-1.5
149,4,-2,0.25,1,-2
175,4,-2,0.25,2,-0.5
181,4,-2,0.25,2,-1
38,4,-2,0.25,2,-1.5
59,4,-2,0.25,2,-2
252,4,-2,0.25,3,-0.5
411,4,-2,0.25,3,-1
149,4,-2,0.25,3,-1.5
146,4,-2,0.25,3,-2
213,4,-2,0.25,4,-0.5
259,4,-2,0.25,4,-1
130,4,-2,0.25,4,-1.5
79,4,-2,0.25,4,-2
310,4,-2,0.25,5,-0.5
64,4,-2,0.25,5,-1
64,4,-2,0.25,5,-1.5
199,4,-2,0.25,5,-2
85,4,-2,0.75,1,-0.5
258,4,-2,0.75,1,-1
67,4,-2,0.75,1,-1.5
84,4,-2,0.75,1,-2
112,4,-2,0.75,2,-0.5
69,4,-2,0.75,2,-1
171,4,-2,0.75,2,-1.5
39,4,-2,0.75,2,-2
68,4,-2,0.75,3,-0.5
41,4,-2,0.75,3,-1
42,4,-2,0.75,3,-1.5
52,4,-2,0.75,3,-2
136,4,-2,0.75,4,-0.5
34,4,-2,0.75,4,-1
40,4,-2,0.75,4,-1.5
117,4,-2,0.75,4,-2
64,4,-2,0.75,5,-0.5
60,4,-2,0.75,5,-1
28,4,-2,0.75,5,-1.5
37,4,-2,0.75,5,-2
93,4,-2,1.25,1,-0.5
32,4,-2,1.25,1,-1
52,4,-2,1.25,1,-1.5
41,4,-2,1.25,1,-2
62,4,-2,1.25,2,-0.5
33,4,-2,1.25,2,-1
50,4,-2,1.25,2,-1.5
28,4,-2,1.25,2,-2
34,4,-2,1.25,3,-0.5
39,4,-2,1.25,3,-1
22,4,-2,1.25,3,-1.5
17,4,-2,1.25,3,-2
43,4,-2,1.25,4,-0.5
46,4,-2,1.25,4,-1
36,4,-2,1.25,4,-1.5
24,4,-2,1.25,4,-2
78,4,-2,1.25,5,-0.5
100,4,-2,1.25,5,-1
26,4,-2,1.25,5,-1.5
34,4,-2,1.25,5,-2
72,4,-2,1.75,1,-0.5
82,4,-2,1.75,1,-1
66,4,-2,1.75,1,-1.5
25,4,-2,1.75,1,-2
84,4,-2,1.75,2,-0.5
40,4,-2,1.75,2,-1
43,4,-2,1.75,2,-1.5
63,4,-2,1.75,2,-2
71,4,-2,1.75,3,-0.5
55,4,-2,1.75,3,-1
46,4,-2,1.75,3,-1.5
34,4,-2,1.75,3,-2
82,4,-2,1.75,4,-0.5
62,4,-2,1.75,4,-1
50,4,-2,1.75,4,-1.5
64,4,-2,1.75,4,-2
38,4,-2,1.75,5,-0.5
39,4,-2,1.75,5,-1
43,4,-2,1.75,5,-1.5
77,4,-2,1.75,5,-2
294,4,-3,0.25,1,-0.5
154,4,-3,0.25,1,-1
230,4,-3,0.25,1,-1.5
490,4,-3,0.25,1,-2
198,4,-3,0.25,2,-0.5
251,4,-3,0.25,2,-1
142,4,-3,0.25,2,-1.5
46,4,-3,0.25,2,-2
272,4,-3,0.25,3,-0.5
168,4,-3,0.25,3,-1
182,4,-3,0.25,3,-1.5
191,4,-3,0.25,3,-2
294,4,-3,0.25,4,-0.5
156,4,-3,0.25,4,-1
156,4,-3,0.25,4,-1.5
176,4,-3,0.25,4,-2
124,4,-3,0.25,5,-0.5
58,4,-3,0.25,5,-1
121,4,-3,0.25,5,-1.5
166,4,-3,0.25,5,-2
102,4,-3,0.75,1,-0.5
63,4,-3,0.75,1,-1
153,4,-3,0.75,1,-1.5
180,4,-3,0.75,1,-2
246,4,-3,0.75,2,-0.5
177,4,-3,0.75,2,-1
35,4,-3,0.75,2,-1.5
90,4,-3,0.75,2,-2
180,4,-3,0.75,3,-0.5
85,4,-3,0.75,3,-1
56,4,-3,0.75,3,-1.5
89,4,-3,0.75,3,-2
89,4,-3,0.75,4,-0.5
231,4,-3,0.75,4,-1
86,4,-3,0.75,4,-1.5
62,4,-3,0.75,4,-2
64,4,-3,0.75,5,-0.5
57,4,-3,0.75,5,-1
58,4,-3,0.75,5,-1.5
221,4,-3,0.75,5,-2
76,4,-3,1.25,1,-0.5
52,4,-3,1.25,1,-1
29,4,-3,1.25,1,-1.5
30,4,-3,1.25,1,-2
44,4,-3,1.25,2,-0.5
44,4,-3,1.25,2,-1
36,4,-3,1.25,2,-1.5
43,4,-3,1.25,2,-2
241,4,-3,1.25,3,-0.5
39,4,-3,1.25,3,-1
34,4,-3,1.25,3,-1.5
34,4,-3,1.25,3,-2
44,4,-3,1.25,4,-0.5
137,4,-3,1.25,4,-1
16,4,-3,1.25,4,-1.5
53,4,-3,1.25,4,-2
37,4,-3,1.25,5,-0.5
44,4,-3,1.25,5,-1
32,4,-3,1.25,5,-1.5
30,4,-3,1.25,5,-2
176,4,-3,1.75,1,-0.5
75,4,-3,1.75,1,-1
70,4,-3,1.75,1,-1.5
38,4,-3,1.75,1,-2
70,4,-3,1.75,2,-0.5
45,4,-3,1.75,2,-1
87,4,-3,1.75,2,-1.5
51,4,-3,1.75,2,-2
54,4,-3,1.75,3,-0.5
29,4,-3,1.75,3,-1
25,4,-3,1.75,3,-1.5
26,4,-3,1.75,3,-2
28,4,-3,1.75,4,-0.5
25,4,-3,1.75,4,-1
43,4,-3,1.75,4,-1.5
40,4,-3,1.75,4,-2
48,4,-3,1.75,5,-0.5
53,4,-3,1.75,5,-1
24,4,-3,1.75,5,-1.5
49,4,-3,1.75,5,-2
254,4,-4,0.25,1,-0.5
230,4,-4,0.25,1,-1
353,4,-4,0.25,1,-1.5
315,4,-4,0.25,1,-2
199,4,-4,0.25,2,-0.5
151,4,-4,0.25,2,-1
304,4,-4,0.25,2,-1.5
480,4,-4,0.25,2,-2
209,4,-4,0.25,3,-0.5
175,4,-4,0.25,3,-1
152,4,-4,0.25,3,-1.5
182,4,-4,0.25,3,-2
140,4,-4,0.25,4,-0.5
236,4,-4,0.25,4,-1
147,4,-4,0.25,4,-1.5
198,4,-4,0.25,4,-2
221,4,-4,0.25,5,-0.5
82,4,-4,0.25,5,-1
247,4,-4,0.25,5,-1.5
97,4,-4,0.25,5,-2
105,4,-4,0.75,1,-0.5
127,4,-4,0.75,1,-1
149,4,-4,0.75,1,-1.5
45,4,-4,0.75,1,-2
540,4,-4,0.75,2,-0.5
43,4,-4,0.75,2,-1
264,4,-4,0.75,2,-1.5
158,4,-4,0.75,2,-2
357,4,-4,0.75,3,-0.5
153,4,-4,0.75,3,-1
134,4,-4,0.75,3,-1.5
58,4,-4,0.75,3,-2
73,4,-4,0.75,4,-0.5
177,4,-4,0.75,4,-1
19,4,-4,0.75,4,-1.5
146,4,-4,0.75,4,-2
69,4,-4,0.75,5,-0.5
249,4,-4,0.75,5,-1
100,4,-4,0.75,5,-1.5
122,4,-4,0.75,5,-2
71,4,-4,1.25,1,-0.5
36,4,-4,1.25,1,-1
32,4,-4,1.25,1,-1.5
52,4,-4,1.25,1,-2
35,4,-4,1.25,2,-0.5
29,4,-4,1.25,2,-1
23,4,-4,1.25,2,-1.5
31,4,-4,1.25,2,-2
27,4,-4,1.25,3,-0.5
116,4,-4,1.25,3,-1
21,4,-4,1.25,3,-1.5
37,4,-4,1.25,3,-2
29,4,-4,1.25,4,-0.5
161,4,-4,1.25,4,-1
18,4,-4,1.25,4,-1.5
54,4,-4,1.25,4,-2
44,4,-4,1.25,5,-0.5
47,4,-4,1.25,5,-1
44,4,-4,1.25,5,-1.5
49,4,-4,1.25,5,-2
50,4,-4,1.75,1,-0.5
72,4,-4,1.75,1,-1
31,4,-4,1.75,1,-1.5
41,4,-4,1.75,1,-2
54,4,-4,1.75,2,-0.5
36,4,-4,1.75,2,-1
42,4,-4,1.75,2,-1.5
43,4,-4,1.75,2,-2
33,4,-4,1.75,3,-0.5
34,4,-4,1.75,3,-1
50,4,-4,1.75,3,-1.5
33,4,-4,1.75,3,-2
61,4,-4,1.75,4,-0.5
162,4,-4,1.75,4,-1
28,4,-4,1.75,4,-1.5
27,4,-4,1.75,4,-2
30,4,-4,1.75,5,-0.5
30,4,-4,1.75,5,-1
36,4,-4,1.75,5,-1.5
30,4,-4,1.75,5,-2
340,4,-5,0.25,1,-0.5
304,4,-5,0.25,1,-1
168,4,-5,0.25,1,-1.5
199,4,-5,0.25,1,-2
306,4,-5,0.25,2,-0.5
302,4,-5,0.25,2,-1
123,4,-5,0.25,2,-1.5
169,4,-5,0.25,2,-2
151,4,-5,0.25,3,-0.5
174,4,-5,0.25,3,-1
310,4,-5,0.25,3,-1.5
129,4,-5,0.25,3,-2
408,4,-5,0.25,4,-0.5
181,4,-5,0.25,4,-1
213,4,-5,0.25,4,-1.5
118,4,-5,0.25,4,-2
143,4,-5,0.25,5,-0.5
250,4,-5,0.25,5,-1
287,4,-5,0.25,5,-1.5
100,4,-5,0.25,5,-2
714,4,-5,0.75,1,-0.5
86,4,-5,0.75,1,-1
158,4,-5,0.75,1,-1.5
53,4,-5,0.75,1,-2
215,4,-5,0.75,2,-0.5
238,4,-5,0.75,2,-1
92,4,-5,0.75,2,-1.5
383,4,-5,0.75,2,-2
119,4,-5,0.75,3,-0.5
179,4,-5,0.75,3,-1
202,4,-5,0.75,3,-1.5
376,4,-5,0.75,3,-2
291,4,-5,0.75,4,-0.5
153,4,-5,0.75,4,-1
71,4,-5,0.75,4,-1.5
222,4,-5,0.75,4,-2
251,4,-5,0.75,5,-0.5
203,4,-5,0.75,5,-1
140,4,-5,0.75,5,-1.5
79,4,-5,0.75,5,-2
272,4,-5,1.25,1,-0.5
49,4,-5,1.25,1,-1
142,4,-5,1.25,1,-1.5
15,4,-5,1.25,1,-2
126,4,-5,1.25,2,-0.5
34,4,-5,1.25,2,-1
33,4,-5,1.25,2,-1.5
74,4,-5,1.25,2,-2
280,4,-5,1.25,3,-0.5
223,4,-5,1.25,3,-1
158,4,-5,1.25,3,-1.5
50,4,-5,1.25,3,-2
22,4,-5,1.25,4,-0.5
225,4,-5,1.25,4,-1
38,4,-5,1.25,4,-1.5
45,4,-5,1.25,4,-2
212,4,-5,1.25,5,-0.5
32,4,-5,1.25,5,-1
30,4,-5,1.25,5,-1.5
37,4,-5,1.25,5,-2
212,4,-5,1.75,1,-0.5
60,4,-5,1.75,1,-1
22,4,-5,1.75,1,-1.5
27,4,-5,1.75,1,-2
48,4,-5,1.75,2,-0.5
240,4,-5,1.75,2,-1
35,4,-5,1.75,2,-1.5
29,4,-5,1.75,2,-2
143,4,-5,1.75,3,-0.5
31,4,-5,1.75,3,-1
28,4,-5,1.75,3,-1.5
21,4,-5,1.75,3,-2
299,4,-5,1.75,4,-0.5
46,4,-5,1.75,4,-1
21,4,-5,1.75,4,-1.5
124,4,-5,1.75,4,-2
25,4,-5,1.75,5,-0.5
59,4,-5,1.75,5,-1
19,4,-5,1.75,5,-1.5
14,4,-5,1.75,5,-2
155,5,-1,0.25,1,-0.5
168,5,-1,0.25,1,-1
118,5,-1,0.25,1,-1.5
108,5,-1,0.25,1,-2
160,5,-1,0.25,2,-0.5
170,5,-1,0.25,2,-1
107,5,-1,0.25,2,-1.5
109,5,-1,0.25,2,-2
183,5,-1,0.25,3,-0.5
119,5,-1,0.25,3,-1
149,5,-1,0.25,3,-1.5
102,5,-1,0.25,3,-2
187,5,-1,0.25,4,-0.5
185,5,-1,0.25,4,-1
181,5,-1,0.25,4,-1.5
82,5,-1,0.25,4,-2
193,5,-1,0.25,5,-0.5
173,5,-1,0.25,5,-1
110,5,-1,0.25,5,-1.5
98,5,-1,0.25,5,-2
148,5,-1,0.75,1,-0.5
222,5,-1,0.75,1,-1
119,5,-1,0.75,1,-1.5
77,5,-1,0.75,1,-2
157,5,-1,0.75,2,-0.5
115,5,-1,0.75,2,-1
92,5,-1,0.75,2,-1.5
63,5,-1,0.75,2,-2
102,5,-1,0.75,3,-0.5
68,5,-1,0.75,3,-1
71,5,-1,0.75,3,-1.5
44,5,-1,0.75,3,-2
80,5,-1,0.75,4,-0.5
98,5,-1,0.75,4,-1
54,5,-1,0.75,4,-1.5
44,5,-1,0.75,4,-2
148,5,-1,0.75,5,-0.5
129,5,-1,0.75,5,-1
65,5,-1,0.75,5,-1.5
47,5,-1,0.75,5,-2
130,5,-1,1.25,1,-0.5
118,5,-1,1.25,1,-1
94,5,-1,1.25,1,-1.5
44,5,-1,1.25,1,-2
106,5,-1,1.25,2,-0.5
128,5,-1,1.25,2,-1
88,5,-1,1.25,2,-1.5
39,5,-1,1.25,2,-2
83,5,-1,1.25,3,-0.5
82,5,-1,1.25,3,-1
62,5,-1,1.25,3,-1.5
32,5,-1,1.25,3,-2
179,5,-1,1.25,4,-0.5
117,5,-1,1.25,4,-1
66,5,-1,1.25,4,-1.5
54,5,-1,1.25,4,-2
80,5,-1,1.25,5,-0.5
77,5,-1,1.25,5,-1
75,5,-1,1.25,5,-1.5
48,5,-1,1.25,5,-2
121,5,-1,1.75,1,-0.5
92,5,-1,1.75,1,-1
106,5,-1,1.75,1,-1.5
84,5,-1,1.75,1,-2
122,5,-1,1.75,2,-0.5
102,5,-1,1.75,2,-1
78,5,-1,1.75,2,-1.5
69,5,-1,1.75,2,-2
101,5,-1,1.75,3,-0.5
91,5,-1,1.75,3,-1
68,5,-1,1.75,3,-1.5
85,5,-1,1.75,3,-2
124,5,-1,1.75,4,-0.5
83,5,-1,1.75,4,-1
49,5,-1,1.75,4,-1.5
71,5,-1,1.75,4,-2
95,5,-1,1.75,5,-0.5
94,5,-1,1.75,5,-1
68,5,-1,1.75,5,-1.5
54,5,-1,1.75,5,-2
330,5,-2,0.25,1,-0.5
377,5,-2,0.25,1,-1
336,5,-2,0.25,1,-1.5
237,5,-2,0.25,1,-2
150,5,-2,0.25,2,-0.5
131,5,-2,0.25,2,-1
96,5,-2,0.25,2,-1.5
93,5,-2,0.25,2,-2
151,5,-2,0.25,3,-0.5
195,5,-2,0.25,3,-1
131,5,-2,0.25,3,-1.5
157,5,-2,0.25,3,-2
132,5,-2,0.25,4,-0.5
265,5,-2,0.25,4,-1
154,5,-2,0.25,4,-1.5
75,5,-2,0.25,4,-2
84,5,-2,0.25,5,-0.5
188,5,-2,0.25,5,-1
225,5,-2,0.25,5,-1.5
71,5,-2,0.25,5,-2
120,5,-2,0.75,1,-0.5
166,5,-2,0.75,1,-1
40,5,-2,0.75,1,-1.5
135,5,-2,0.75,1,-2
176,5,-2,0.75,2,-0.5
84,5,-2,0.75,2,-1
133,5,-2,0.75,2,-1.5
101,5,-2,0.75,2,-2
111,5,-2,0.75,3,-0.5
58,5,-2,0.75,3,-1
53,5,-2,0.75,3,-1.5
72,5,-2,0.75,3,-2
286,5,-2,0.75,4,-0.5
175,5,-2,0.75,4,-1
55,5,-2,0.75,4,-1.5
48,5,-2,0.75,4,-2
86,5,-2,0.75,5,-0.5
74,5,-2,0.75,5,-1
64,5,-2,0.75,5,-1.5
32,5,-2,0.75,5,-2
72,5,-2,1.25,1,-0.5
48,5,-2,1.25,1,-1
53,5,-2,1.25,1,-1.5
63,5,-2,1.25,1,-2
41,5,-2,1.25,2,-0.5
55,5,-2,1.25,2,-1
43,5,-2,1.25,2,-1.5
25,5,-2,1.25,2,-2
87,5,-2,1.25,3,-0.5
83,5,-2,1.25,3,-1
49,5,-2,1.25,3,-1.5
59,5,-2,1.25,3,-2
51,5,-2,1.25,4,-0.5
46,5,-2,1.25,4,-1
28,5,-2,1.25,4,-1.5
33,5,-2,1.25,4,-2
69,5,-2,1.25,5,-0.5
16,5,-2,1.25,5,-1
47,5,-2,1.25,5,-1.5
37,5,-2,1.25,5,-2
88,5,-2,1.75,1,-0.5
61,5,-2,1.75,1,-1
73,5,-2,1.75,1,-1.5
78,5,-2,1.75,1,-2
50,5,-2,1.75,2,-0.5
59,5,-2,1.75,2,-1
69,5,-2,1.75,2,-1.5
51,5,-2,1.75,2,-2
74,5,-2,1.75,3,-0.5
39,5,-2,1.75,3,-1
28,5,-2,1.75,3,-1.5
32,5,-2,1.75,3,-2
74,5,-2,1.75,4,-0.5
60,5,-2,1.75,4,-1
70,5,-2,1.75,4,-1.5
39,5,-2,1.75,4,-2
77,5,-2,1.75,5,-0.5
44,5,-2,1.75,5,-1
41,5,-2,1.75,5,-1.5
49,5,-2,1.75,5,-2
448,5,-3,0.25,1,-0.5
255,5,-3,0.25,1,-1
427,5,-3,0.25,1,-1.5
452,5,-3,0.25,1,-2
142,5,-3,0.25,2,-0.5
192,5,-3,0.25,2,-1
192,5,-3,0.25,2,-1.5
452,5,-3,0.25,2,-2
173,5,-3,0.25,3,-0.5
117,5,-3,0.25,3,-1
171,5,-3,0.25,3,-1.5
97,5,-3,0.25,3,-2
327,5,-3,0.25,4,-0.5
247,5,-3,0.25,4,-1
131,5,-3,0.25,4,-1.5
281,5,-3,0.25,4,-2
211,5,-3,0.25,5,-0.5
190,5,-3,0.25,5,-1
129,5,-3,0.25,5,-1.5
171,5,-3,0.25,5,-2
308,5,-3,0.75,1,-0.5
127,5,-3,0.75,1,-1
123,5,-3,0.75,1,-1.5
96,5,-3,0.75,1,-2
202,5,-3,0.75,2,-0.5
73,5,-3,0.75,2,-1
115,5,-3,0.75,2,-1.5
67,5,-3,0.75,2,-2
132,5,-3,0.75,3,-0.5
167,5,-3,0.75,3,-1
45,5,-3,0.75,3,-1.5
46,5,-3,0.75,3,-2
190,5,-3,0.75,4,-0.5
133,5,-3,0.75,4,-1
68,5,-3,0.75,4,-1.5
95,5,-3,0.75,4,-2
109,5,-3,0.75,5,-0.5
203,5,-3,0.75,5,-1
155,5,-3,0.75,5,-1.5
25,5,-3,0.75,5,-2
47,5,-3,1.25,1,-0.5
116,5,-3,1.25,1,-1
78,5,-3,1.25,1,-1.5
93,5,-3,1.25,1,-2
82,5,-3,1.25,2,-0.5
75,5,-3,1.25,2,-1
40,5,-3,1.25,2,-1.5
27,5,-3,1.25,2,-2
51,5,-3,1.25,3,-0.5
23,5,-3,1.25,3,-1
30,5,-3,1.25,3,-1.5
39,5,-3,1.25,3,-2
145,5,-3,1.25,4,-0.5
164,5,-3,1.25,4,-1
18,5,-3,1.25,4,-1.5
37,5,-3,1.25,4,-2
47,5,-3,1.25,5,-0.5
50,5,-3,1.25,5,-1
205,5,-3,1.25,5,-1.5
52,5,-3,1.25,5,-2
76,5,-3,1.75,1,-0.5
63,5,-3,1.75,1,-1
53,5,-3,1.75,1,-1.5
33,5,-3,1.75,1,-2
73,5,-3,1.75,2,-0.5
44,5,-3,1.75,2,-1
40,5,-3,1.75,2,-1.5
48,5,-3,1.75,2,-2
74,5,-3,1.75,3,-0.5
49,5,-3,1.75,3,-1
29,5,-3,1.75,3,-1.5
31,5,-3,1.75,3,-2
43,5,-3,1.75,4,-0.5
26,5,-3,1.75,4,-1
21,5,-3,1.75,4,-1.5
78,5,-3,1.75,4,-2
37,5,-3,1.75,5,-0.5
38,5,-3,1.75,5,-1
36,5,-3,1.75,5,-1.5
32,5,-3,1.75,5,-2
333,5,-4,0.25,1,-0.5
156,5,-4,0.25,1,-1
226,5,-4,0.25,1,-1.5
108,5,-4,0.25,1,-2
281,5,-4,0.25,2,-0.5
176,5,-4,0.25,2,-1
300,5,-4,0.25,2,-1.5
397,5,-4,0.25,2,-2
160,5,-4,0.25,3,-0.5
220,5,-4,0.25,3,-1
164,5,-4,0.25,3,-1.5
71,5,-4,0.25,3,-2
181,5,-4,0.25,4,-0.5
210,5,-4,0.25,4,-1
248,5,-4,0.25,4,-1.5
208,5,-4,0.25,4,-2
212,5,-4,0.25,5,-0.5
195,5,-4,0.25,5,-1
466,5,-4,0.25,5,-1.5
131,5,-4,0.25,5,-2
323,5,-4,0.75,1,-0.5
74,5,-4,0.75,1,-1
144,5,-4,0.75,1,-1.5
101,5,-4,0.75,1,-2
95,5,-4,0.75,2,-0.5
277,5,-4,0.75,2,-1
229,5,-4,0.75,2,-1.5
38,5,-4,0.75,2,-2
124,5,-4,0.75,3,-0.5
31,5,-4,0.75,3,-1
168,5,-4,0.75,3,-1.5
125,5,-4,0.75,3,-2
174,5,-4,0.75,4,-0.5
125,5,-4,0.75,4,-1
114,5,-4,0.75,4,-1.5
47,5,-4,0.75,4,-2
193,5,-4,0.75,5,-0.5
191,5,-4,0.75,5,-1
59,5,-4,0.75,5,-1.5
42,5,-4,0.75,5,-2
117,5,-4,1.25,1,-0.5
119,5,-4,1.25,1,-1
29,5,-4,1.25,1,-1.5
73,5,-4,1.25,1,-2
73,5,-4,1.25,2,-0.5
67,5,-4,1.25,2,-1
49,5,-4,1.25,2,-1.5
72,5,-4,1.25,2,-2
192,5,-4,1.25,3,-0.5
67,5,-4,1.25,3,-1
24,5,-4,1.25,3,-1.5
168,5,-4,1.25,3,-2
38,5,-4,1.25,4,-0.5
50,5,-4,1.25,4,-1
121,5,-4,1.25,4,-1.5
48,5,-4,1.25,4,-2
157,5,-4,1.25,5,-0.5
135,5,-4,1.25,5,-1
47,5,-4,1.25,5,-1.5
26,5,-4,1.25,5,-2
60,5,-4,1.75,1,-0.5
52,5,-4,1.75,1,-1
73,5,-4,1.75,1,-1.5
81,5,-4,1.75,1,-2
42,5,-4,1.75,2,-0.5
40,5,-4,1.75,2,-1
35,5,-4,1.75,2,-1.5
34,5,-4,1.75,2,-2
200,5,-4,1.75,3,-0.5
32,5,-4,1.75,3,-1
51,5,-4,1.75,3,-1.5
40,5,-4,1.75,3,-2
142,5,-4,1.75,4,-0.5
171,5,-4,1.75,4,-1
31,5,-4,1.75,4,-1.5
28,5,-4,1.75,4,-2
27,5,-4,1.75,5,-0.5
48,5,-4,1.75,5,-1
35,5,-4,1.75,5,-1.5
122,5,-4,1.75,5,-2
249,5,-5,0.25,1,-0.5
277,5,-5,0.25,1,-1
146,5,-5,0.25,1,-1.5
259,5,-5,0.25,1,-2
223,5,-5,0.25,2,-0.5
162,5,-5,0.25,2,-1
258,5,-5,0.25,2,-1.5
281,5,-5,0.25,2,-2
399,5,-5,0.25,3,-0.5
162,5,-5,0.25,3,-1
353,5,-5,0.25,3,-1.5
140,5,-5,0.25,3,-2
85,5,-5,0.25,4,-0.5
292,5,-5,0.25,4,-1
270,5,-5,0.25,4,-1.5
192,5,-5,0.25,4,-2
168,5,-5,0.25,5,-0.5
171,5,-5,0.25,5,-1
212,5,-5,0.25,5,-1.5
179,5,-5,0.25,5,-2
298,5,-5,0.75,1,-0.5
322,5,-5,0.75,1,-1
227,5,-5,0.75,1,-1.5
80,5,-5,0.75,1,-2
133,5,-5,0.75,2,-0.5
210,5,-5,0.75,2,-1
62,5,-5,0.75,2,-1.5
85,5,-5,0.75,2,-2
544,5,-5,0.75,3,-0.5
94,5,-5,0.75,3,-1
478,5,-5,0.75,3,-1.5
191,5,-5,0.75,3,-2
191,5,-5,0.75,4,-0.5
173,5,-5,0.75,4,-1
478,5,-5,0.75,4,-1.5
75,5,-5,0.75,4,-2
197,5,-5,0.75,5,-0.5
84,5,-5,0.75,5,-1
477,5,-5,0.75,5,-1.5
84,5,-5,0.75,5,-2
257,5,-5,1.25,1,-0.5
92,5,-5,1.25,1,-1
43,5,-5,1.25,1,-1.5
23,5,-5,1.25,1,-2
39,5,-5,1.25,2,-0.5
43,5,-5,1.25,2,-1
92,5,-5,1.25,2,-1.5
43,5,-5,1.25,2,-2
34,5,-5,1.25,3,-0.5
63,5,-5,1.25,3,-1
354,5,-5,1.25,3,-1.5
147,5,-5,1.25,3,-2
84,5,-5,1.25,4,-0.5
86,5,-5,1.25,4,-1
27,5,-5,1.25,4,-1.5
35,5,-5,1.25,4,-2
49,5,-5,1.25,5,-0.5
58,5,-5,1.25,5,-1
48,5,-5,1.25,5,-1.5
235,5,-5,1.25,5,-2
370,5,-5,1.75,1,-0.5
46,5,-5,1.75,1,-1
32,5,-5,1.75,1,-1.5
33,5,-5,1.75,1,-2
37,5,-5,1.75,2,-0.5
28,5,-5,1.75,2,-1
22,5,-5,1.75,2,-1.5
44,5,-5,1.75,2,-2
45,5,-5,1.75,3,-0.5
49,5,-5,1.75,3,-1
45,5,-5,1.75,3,-1.5
14,5,-5,1.75,3,-2
26,5,-5,1.75,4,-0.5
18,5,-5,1.75,4,-1
35,5,-5,1.75,4,-1.5
213,5,-5,1.75,4,-2
51,5,-5,1.75,5,-0.5
51,5,-5,1.75,5,-1
46,5,-5,1.75,5,-1.5
42,5,-5,1.75,5,-2
