55,1,-1,0.25,1,-0.5
45,1,-1,0.25,1,-1
52,1,-1,0.25,1,-1.5
21,1,-1,0.25,1,-2
126,1,-1,0.25,2,-0.5
81,1,-1,0.25,2,-1
27,1,-1,0.25,2,-1.5
23,1,-1,0.25,2,-2
52,1,-1,0.25,3,-0.5
36,1,-1,0.25,3,-1
55,1,-1,0.25,3,-1.5
40,1,-1,0.25,3,-2
110,1,-1,0.25,4,-0.5
40,1,-1,0.25,4,-1
57,1,-1,0.25,4,-1.5
51,1,-1,0.25,4,-2
52,1,-1,0.25,5,-0.5
96,1,-1,0.25,5,-1
38,1,-1,0.25,5,-1.5
62,1,-1,0.25,5,-2
36,1,-1,0.75,1,-0.5
45,1,-1,0.75,1,-1
75,1,-1,0.75,1,-1.5
28,1,-1,0.75,1,-2
40,1,-1,0.75,2,-0.5
46,1,-1,0.75,2,-1
24,1,-1,0.75,2,-1.5
25,1,-1,0.75,2,-2
34,1,-1,0.75,3,-0.5
37,1,-1,0.75,3,-1
59,1,-1,0.75,3,-1.5
54,1,-1,0.75,3,-2
36,1,-1,0.75,4,-0.5
38,1,-1,0.75,4,-1
48,1,-1,0.75,4,-1.5
50,1,-1,0.75,4,-2
56,1,-1,0.75,5,-0.5
58,1,-1,0.75,5,-1
78,1,-1,0.75,5,-1.5
73,1,-1,0.75,5,-2
114,1,-1,1.25,1,-0.5
74,1,-1,1.25,1,-1
78,1,-1,1.25,1,-1.5
87,1,-1,1.25,1,-2
97,1,-1,1.25,2,-0.5
89,1,-1,1.25,2,-1
89,1,-1,1.25,2,-1.5
62,1,-1,1.25,2,-2
122,1,-1,1.25,3,-0.5
85,1,-1,1.25,3,-1
66,1,-1,1.25,3,-1.5
68,1,-1,1.25,3,-2
89,1,-1,1.25,4,-0.5
81,1,-1,1.25,4,-1
88,1,-1,1.25,4,-1.5
79,1,-1,1.25,4,-2
118,1,-1,1.25,5,-0.5
103,1,-1,1.25,5,-1
94,1,-1,1.25,5,-1.5
100,1,-1,1.25,5,-2
172,1,-1,1.75,1,-0.5
147,1,-1,1.75,1,-1
117,1,-1,1.75,1,-1.5
122,1,-1,1.75,1,-2
181,1,-1,1.75,2,-0.5
126,1,-1,1.75,2,-1
128,1,-1,1.75,2,-1.5
115,1,-1,1.75,2,-2
160,1,-1,1.75,3,-0.5
117,1,-1,1.75,3,-1
118,1,-1,1.75,3,-1.5
115,1,-1,1.75,3,-2
142,1,-1,1.75,4,-0.5
137,1,-1,1.75,4,-1
112,1,-1,1.75,4,-1.5
104,1,-1,1.75,4,-2
162,1,-1,1.75,5,-0.5
142,1,-1,1.75,5,-1
130,1,-1,1.75,5,-1.5
117,1,-1,1.75,5,-2
352,1,-2,0.25,1,-0.5
27,1,-2,0.25,1,-1
58,1,-2,0.25,1,-1.5
31,1,-2,0.25,1,-2
145,1,-2,0.25,2,-0.5
79,1,-2,0.25,2,-1
57,1,-2,0.25,2,-1.5
44,1,-2,0.25,2,-2
78,1,-2,0.25,3,-0.5
24,1,-2,0.25,3,-1
49,1,-2,0.25,3,-1.5
27,1,-2,0.25,3,-2
328,1,-2,0.25,4,-0.5
32,1,-2,0.25,4,-1
50,1,-2,0.25,4,-1.5
32,1,-2,0.25,4,-2
301,1,-2,0.25,5,-0.5
18,1,-2,0.25,5,-1
54,1,-2,0.25,5,-1.5
42,1,-2,0.25,5,-2
22,1,-2,0.75,1,-0.5
16,1,-2,0.75,1,-1
17,1,-2,0.75,1,-1.5
38,1,-2,0.75,1,-2
28,1,-2,0.75,2,-0.5
44,1,-2,0.75,2,-1
34,1,-2,0.75,2,-1.5
26,1,-2,0.75,2,-2
27,1,-2,0.75,3,-0.5
42,1,-2,0.75,3,-1
33,1,-2,0.75,3,-1.5
28,1,-2,0.75,3,-2
25,1,-2,0.75,4,-0.5
29,1,-2,0.75,4,-1
28,1,-2,0.75,4,-1.5
35,1,-2,0.75,4,-2
54,1,-2,0.75,5,-0.5
54,1,-2,0.75,5,-1
24,1,-2,0.75,5,-1.5
34,1,-2,0.75,5,-2
76,1,-2,1.25,1,-0.5
57,1,-2,1.25,1,-1
46,1,-2,1.25,1,-1.5
29,1,-2,1.25,1,-2
59,1,-2,1.25,2,-0.5
58,1,-2,1.25,2,-1
24,1,-2,1.25,2,-1.5
56,1,-2,1.25,2,-2
69,1,-2,1.25,3,-0.5
50,1,-2,1.25,3,-1
48,1,-2,1.25,3,-1.5
49,1,-2,1.25,3,-2
33,1,-2,1.25,4,-0.5
29,1,-2,1.25,4,-1
37,1,-2,1.25,4,-1.5
45,1,-2,1.25,4,-2
57,1,-2,1.25,5,-0.5
50,1,-2,1.25,5,-1
38,1,-2,1.25,5,-1.5
63,1,-2,1.25,5,-2
112,1,-2,1.75,1,-0.5
93,1,-2,1.75,1,-1
84,1,-2,1.75,1,-1.5
87,1,-2,1.75,1,-2
122,1,-2,1.75,2,-0.5
78,1,-2,1.75,2,-1
82,1,-2,1.75,2,-1.5
77,1,-2,1.75,2,-2
96,1,-2,1.75,3,-0.5
83,1,-2,1.75,3,-1
82,1,-2,1.75,3,-1.5
59,1,-2,1.75,3,-2
97,1,-2,1.75,4,-0.5
100,1,-2,1.75,4,-1
78,1,-2,1.75,4,-1.5
80,1,-2,1.75,4,-2
112,1,-2,1.75,5,-0.5
89,1,-2,1.75,5,-1
79,1,-2,1.75,5,-1.5
68,1,-2,1.75,5,-2
69,1,-3,0.25,1,-0.5
43,1,-3,0.25,1,-1
51,1,-3,0.25,1,-1.5
138,1,-3,0.25,1,-2
26,1,-3,0.25,2,-0.5
135,1,-3,0.25,2,-1
182,1,-3,0.25,2,-1.5
336,1,-3,0.25,2,-2
49,1,-3,0.25,3,-0.5
57,1,-3,0.25,3,-1
85,1,-3,0.25,3,-1.5
41,1,-3,0.25,3,-2
80,1,-3,0.25,4,-0.5
82,1,-3,0.25,4,-1
78,1,-3,0.25,4,-1.5
48,1,-3,0.25,4,-2
39,1,-3,0.25,5,-0.5
32,1,-3,0.25,5,-1
45,1,-3,0.25,5,-1.5
109,1,-3,0.25,5,-2
27,1,-3,0.75,1,-0.5
39,1,-3,0.75,1,-1
16,1,-3,0.75,1,-1.5
39,1,-3,0.75,1,-2
34,1,-3,0.75,2,-0.5
21,1,-3,0.75,2,-1
23,1,-3,0.75,2,-1.5
29,1,-3,0.75,2,-2
22,1,-3,0.75,3,-0.5
56,1,-3,0.75,3,-1
46,1,-3,0.75,3,-1.5
93,1,-3,0.75,3,-2
37,1,-3,0.75,4,-0.5
35,1,-3,0.75,4,-1
23,1,-3,0.75,4,-1.5
36,1,-3,0.75,4,-2
64,1,-3,0.75,5,-0.5
22,1,-3,0.75,5,-1
20,1,-3,0.75,5,-1.5
22,1,-3,0.75,5,-2
96,1,-3,1.25,1,-0.5
116,1,-3,1.25,1,-1
29,1,-3,1.25,1,-1.5
35,1,-3,1.25,1,-2
51,1,-3,1.25,2,-0.5
89,1,-3,1.25,2,-1
30,1,-3,1.25,2,-1.5
29,1,-3,1.25,2,-2
36,1,-3,1.25,3,-0.5
34,1,-3,1.25,3,-1
26,1,-3,1.25,3,-1.5
33,1,-3,1.25,3,-2
49,1,-3,1.25,4,-0.5
30,1,-3,1.25,4,-1
27,1,-3,1.25,4,-1.5
48,1,-3,1.25,4,-2
49,1,-3,1.25,5,-0.5
42,1,-3,1.25,5,-1
43,1,-3,1.25,5,-1.5
37,1,-3,1.25,5,-2
93,1,-3,1.75,1,-0.5
69,1,-3,1.75,1,-1
57,1,-3,1.75,1,-1.5
46,1,-3,1.75,1,-2
69,1,-3,1.75,2,-0.5
45,1,-3,1.75,2,-1
42,1,-3,1.75,2,-1.5
39,1,-3,1.75,2,-2
85,1,-3,1.75,3,-0.5
53,1,-3,1.75,3,-1
47,1,-3,1.75,3,-1.5
61,1,-3,1.75,3,-2
54,1,-3,1.75,4,-0.5
49,1,-3,1.75,4,-1
51,1,-3,1.75,4,-1.5
53,1,-3,1.75,4,-2
56,1,-3,1.75,5,-0.5
69,1,-3,1.75,5,-1
53,1,-3,1.75,5,-1.5
42,1,-3,1.75,5,-2
263,1,-4,0.25,1,-0.5
176,1,-4,0.25,1,-1
298,1,-4,0.25,1,-1.5
72,1,-4,0.25,1,-2
39,1,-4,0.25,2,-0.5
101,1,-4,0.25,2,-1
58,1,-4,0.25,2,-1.5
151,1,-4,0.25,2,-2
75,1,-4,0.25,3,-0.5
49,1,-4,0.25,3,-1
85,1,-4,0.25,3,-1.5
108,1,-4,0.25,3,-2
374,1,-4,0.25,4,-0.5
125,1,-4,0.25,4,-1
74,1,-4,0.25,4,-1.5
68,1,-4,0.25,4,-2
126,1,-4,0.25,5,-0.5
461,1,-4,0.25,5,-1
71,1,-4,0.25,5,-1.5
76,1,-4,0.25,5,-2
22,1,-4,0.75,1,-0.5
100,1,-4,0.75,1,-1
18,1,-4,0.75,1,-1.5
42,1,-4,0.75,1,-2
204,1,-4,0.75,2,-0.5
48,1,-4,0.75,2,-1
33,1,-4,0.75,2,-1.5
26,1,-4,0.75,2,-2
50,1,-4,0.75,3,-0.5
43,1,-4,0.75,3,-1
158,1,-4,0.75,3,-1.5
129,1,-4,0.75,3,-2
23,1,-4,0.75,4,-0.5
49,1,-4,0.75,4,-1
20,1,-4,0.75,4,-1.5
43,1,-4,0.75,4,-2
28,1,-4,0.75,5,-0.5
27,1,-4,0.75,5,-1
161,1,-4,0.75,5,-1.5
31,1,-4,0.75,5,-2
72,1,-4,1.25,1,-0.5
34,1,-4,1.25,1,-1
33,1,-4,1.25,1,-1.5
53,1,-4,1.25,1,-2
58,1,-4,1.25,2,-0.5
34,1,-4,1.25,2,-1
25,1,-4,1.25,2,-1.5
21,1,-4,1.25,2,-2
36,1,-4,1.25,3,-0.5
41,1,-4,1.25,3,-1
21,1,-4,1.25,3,-1.5
36,1,-4,1.25,3,-2
40,1,-4,1.25,4,-0.5
21,1,-4,1.25,4,-1
28,1,-4,1.25,4,-1.5
26,1,-4,1.25,4,-2
20,1,-4,1.25,5,-0.5
50,1,-4,1.25,5,-1
22,1,-4,1.25,5,-1.5
45,1,-4,1.25,5,-2
62,1,-4,1.75,1,-0.5
43,1,-4,1.75,1,-1
59,1,-4,1.75,1,-1.5
43,1,-4,1.75,1,-2
55,1,-4,1.75,2,-0.5
90,1,-4,1.75,2,-1
49,1,-4,1.75,2,-1.5
47,1,-4,1.75,2,-2
49,1,-4,1.75,3,-0.5
83,1,-4,1.75,3,-1
27,1,-4,1.75,3,-1.5
62,1,-4,1.75,3,-2
73,1,-4,1.75,4,-0.5
26,1,-4,1.75,4,-1
30,1,-4,1.75,4,-1.5
69,1,-4,1.75,4,-2
43,1,-4,1.75,5,-0.5
47,1,-4,1.75,5,-1
22,1,-4,1.75,5,-1.5
27,1,-4,1.75,5,-2
310,1,-5,0.25,1,-0.5
310,1,-5,0.25,1,-1
63,1,-5,0.25,1,-1.5
479,1,-5,0.25,1,-2
248,1,-5,0.25,2,-0.5
137,1,-5,0.25,2,-1
61,1,-5,0.25,2,-1.5
30,1,-5,0.25,2,-2
100,1,-5,0.25,3,-0.5
137,1,-5,0.25,3,-1
118,1,-5,0.25,3,-1.5
99,1,-5,0.25,3,-2
40,1,-5,0.25,4,-0.5
50,1,-5,0.25,4,-1
305,1,-5,0.25,4,-1.5
193,1,-5,0.25,4,-2
116,1,-5,0.25,5,-0.5
89,1,-5,0.25,5,-1
271,1,-5,0.25,5,-1.5
29,1,-5,0.25,5,-2
28,1,-5,0.75,1,-0.5
17,1,-5,0.75,1,-1
57,1,-5,0.75,1,-1.5
52,1,-5,0.75,1,-2
25,1,-5,0.75,2,-0.5
20,1,-5,0.75,2,-1
88,1,-5,0.75,2,-1.5
27,1,-5,0.75,2,-2
261,1,-5,0.75,3,-0.5
160,1,-5,0.75,3,-1
36,1,-5,0.75,3,-1.5
59,1,-5,0.75,3,-2
138,1,-5,0.75,4,-0.5
43,1,-5,0.75,4,-1
60,1,-5,0.75,4,-1.5
27,1,-5,0.75,4,-2
37,1,-5,0.75,5,-0.5
42,1,-5,0.75,5,-1
81,1,-5,0.75,5,-1.5
45,1,-5,0.75,5,-2
35,1,-5,1.25,1,-0.5
72,1,-5,1.25,1,-1
29,1,-5,1.25,1,-1.5
25,1,-5,1.25,1,-2
36,1,-5,1.25,2,-0.5
62,1,-5,1.25,2,-1
40,1,-5,1.25,2,-1.5
63,1,-5,1.25,2,-2
51,1,-5,1.25,3,-0.5
179,1,-5,1.25,3,-1
23,1,-5,1.25,3,-1.5
57,1,-5,1.25,3,-2
48,1,-5,1.25,4,-0.5
51,1,-5,1.25,4,-1
38,1,-5,1.25,4,-1.5
43,1,-5,1.25,4,-2
40,1,-5,1.25,5,-0.5
38,1,-5,1.25,5,-1
38,1,-5,1.25,5,-1.5
24,1,-5,1.25,5,-2
45,1,-5,1.75,1,-0.5
40,1,-5,1.75,1,-1
41,1,-5,1.75,1,-1.5
28,1,-5,1.75,1,-2
71,1,-5,1.75,2,-0.5
32,1,-5,1.75,2,-1
37,1,-5,1.75,2,-1.5
20,1,-5,1.75,2,-2
49,1,-5,1.75,3,-0.5
38,1,-5,1.75,3,-1
36,1,-5,1.75,3,-1.5
21,1,-5,1.75,3,-2
32,1,-5,1.75,4,-0.5
25,1,-5,1.75,4,-1
30,1,-5,1.75,4,-1.5
30,1,-5,1.75,4,-2
60,1,-5,1.75,5,-0.5
33,1,-5,1.75,5,-1
37,1,-5,1.75,5,-1.5
38,1,-5,1.75,5,-2
57,2,-1,0.25,1,-0.5
50,2,-1,0.25,1,-1
171,2,-1,0.25,1,-1.5
40,2,-1,0.25,1,-2
252,2,-1,0.25,2,-0.5
336,2,-1,0.25,2,-1
24,2,-1,0.25,2,-1.5
69,2,-1,0.25,2,-2
78,2,-1,0.25,3,-0.5
63,2,-1,0.25,3,-1
55,2,-1,0.25,3,-1.5
33,2,-1,0.25,3,-2
123,2,-1,0.25,4,-0.5
78,2,-1,0.25,4,-1
21,2,-1,0.25,4,-1.5
31,2,-1,0.25,4,-2
101,2,-1,0.25,5,-0.5
126,2,-1,0.25,5,-1
56,2,-1,0.25,5,-1.5
105,2,-1,0.25,5,-2
75,2,-1,0.75,1,-0.5
41,2,-1,0.75,1,-1
33,2,-1,0.75,1,-1.5
38,2,-1,0.75,1,-2
59,2,-1,0.75,2,-0.5
26,2,-1,0.75,2,-1
31,2,-1,0.75,2,-1.5
45,2,-1,0.75,2,-2
45,2,-1,0.75,3,-0.5
35,2,-1,0.75,3,-1
47,2,-1,0.75,3,-1.5
68,2,-1,0.75,3,-2
59,2,-1,0.75,4,-0.5
30,2,-1,0.75,4,-1
53,2,-1,0.75,4,-1.5
40,2,-1,0.75,4,-2
57,2,-1,0.75,5,-0.5
58,2,-1,0.75,5,-1
35,2,-1,0.75,5,-1.5
62,2,-1,0.75,5,-2
87,2,-1,1.25,1,-0.5
61,2,-1,1.25,1,-1
36,2,-1,1.25,1,-1.5
76,2,-1,1.25,1,-2
91,2,-1,1.25,2,-0.5
63,2,-1,1.25,2,-1
72,2,-1,1.25,2,-1.5
48,2,-1,1.25,2,-2
63,2,-1,1.25,3,-0.5
73,2,-1,1.25,3,-1
79,2,-1,1.25,3,-1.5
60,2,-1,1.25,3,-2
74,2,-1,1.25,4,-0.5
47,2,-1,1.25,4,-1
51,2,-1,1.25,4,-1.5
65,2,-1,1.25,4,-2
73,2,-1,1.25,5,-0.5
69,2,-1,1.25,5,-1
79,2,-1,1.25,5,-1.5
66,2,-1,1.25,5,-2
128,2,-1,1.75,1,-0.5
90,2,-1,1.75,1,-1
74,2,-1,1.75,1,-1.5
96,2,-1,1.75,1,-2
125,2,-1,1.75,2,-0.5
64,2,-1,1.75,2,-1
58,2,-1,1.75,2,-1.5
60,2,-1,1.75,2,-2
121,2,-1,1.75,3,-0.5
79,2,-1,1.75,3,-1
107,2,-1,1.75,3,-1.5
109,2,-1,1.75,3,-2
106,2,-1,1.75,4,-0.5
70,2,-1,1.75,4,-1
98,2,-1,1.75,4,-1.5
102,2,-1,1.75,4,-2
92,2,-1,1.75,5,-0.5
89,2,-1,1.75,5,-1
83,2,-1,1.75,5,-1.5
71,2,-1,1.75,5,-2
79,2,-2,0.25,1,-0.5
120,2,-2,0.25,1,-1
27,2,-2,0.25,1,-1.5
123,2,-2,0.25,1,-2
189,2,-2,0.25,2,-0.5
59,2,-2,0.25,2,-1
160,2,-2,0.25,2,-1.5
26,2,-2,0.25,2,-2
106,2,-2,0.25,3,-0.5
99,2,-2,0.25,3,-1
154,2,-2,0.25,3,-1.5
21,2,-2,0.25,3,-2
167,2,-2,0.25,4,-0.5
110,2,-2,0.25,4,-1
112,2,-2,0.25,4,-1.5
131,2,-2,0.25,4,-2
45,2,-2,0.25,5,-0.5
116,2,-2,0.25,5,-1
88,2,-2,0.25,5,-1.5
43,2,-2,0.25,5,-2
53,2,-2,0.75,1,-0.5
131,2,-2,0.75,1,-1
23,2,-2,0.75,1,-1.5
15,2,-2,0.75,1,-2
25,2,-2,0.75,2,-0.5
75,2,-2,0.75,2,-1
21,2,-2,0.75,2,-1.5
28,2,-2,0.75,2,-2
27,2,-2,0.75,3,-0.5
48,2,-2,0.75,3,-1
24,2,-2,0.75,3,-1.5
13,2,-2,0.75,3,-2
33,2,-2,0.75,4,-0.5
38,2,-2,0.75,4,-1
39,2,-2,0.75,4,-1.5
29,2,-2,0.75,4,-2
27,2,-2,0.75,5,-0.5
25,2,-2,0.75,5,-1
28,2,-2,0.75,5,-1.5
62,2,-2,0.75,5,-2
47,2,-2,1.25,1,-0.5
50,2,-2,1.25,1,-1
30,2,-2,1.25,1,-1.5
46,2,-2,1.25,1,-2
54,2,-2,1.25,2,-0.5
34,2,-2,1.25,2,-1
27,2,-2,1.25,2,-1.5
42,2,-2,1.25,2,-2
55,2,-2,1.25,3,-0.5
25,2,-2,1.25,3,-1
28,2,-2,1.25,3,-1.5
25,2,-2,1.25,3,-2
46,2,-2,1.25,4,-0.5
48,2,-2,1.25,4,-1
33,2,-2,1.25,4,-1.5
48,2,-2,1.25,4,-2
41,2,-2,1.25,5,-0.5
40,2,-2,1.25,5,-1
27,2,-2,1.25,5,-1.5
60,2,-2,1.25,5,-2
104,2,-2,1.75,1,-0.5
63,2,-2,1.75,1,-1
43,2,-2,1.75,1,-1.5
33,2,-2,1.75,1,-2
88,2,-2,1.75,2,-0.5
51,2,-2,1.75,2,-1
31,2,-2,1.75,2,-1.5
41,2,-2,1.75,2,-2
69,2,-2,1.75,3,-0.5
71,2,-2,1.75,3,-1
50,2,-2,1.75,3,-1.5
57,2,-2,1.75,3,-2
65,2,-2,1.75,4,-0.5
39,2,-2,1.75,4,-1
58,2,-2,1.75,4,-1.5
43,2,-2,1.75,4,-2
88,2,-2,1.75,5,-0.5
65,2,-2,1.75,5,-1
54,2,-2,1.75,5,-1.5
42,2,-2,1.75,5,-2
303,2,-3,0.25,1,-0.5
235,2,-3,0.25,1,-1
124,2,-3,0.25,1,-1.5
455,2,-3,0.25,1,-2
241,2,-3,0.25,2,-0.5
314,2,-3,0.25,2,-1
59,2,-3,0.25,2,-1.5
76,2,-3,0.25,2,-2
178,2,-3,0.25,3,-0.5
136,2,-3,0.25,3,-1
56,2,-3,0.25,3,-1.5
460,2,-3,0.25,3,-2
301,2,-3,0.25,4,-0.5
72,2,-3,0.25,4,-1
115,2,-3,0.25,4,-1.5
55,2,-3,0.25,4,-2
117,2,-3,0.25,5,-0.5
379,2,-3,0.25,5,-1
40,2,-3,0.25,5,-1.5
261,2,-3,0.25,5,-2
42,2,-3,0.75,1,-0.5
26,2,-3,0.75,1,-1
80,2,-3,0.75,1,-1.5
33,2,-3,0.75,1,-2
54,2,-3,0.75,2,-0.5
47,2,-3,0.75,2,-1
62,2,-3,0.75,2,-1.5
15,2,-3,0.75,2,-2
50,2,-3,0.75,3,-0.5
228,2,-3,0.75,3,-1
320,2,-3,0.75,3,-1.5
50,2,-3,0.75,3,-2
80,2,-3,0.75,4,-0.5
86,2,-3,0.75,4,-1
134,2,-3,0.75,4,-1.5
30,2,-3,0.75,4,-2
101,2,-3,0.75,5,-0.5
35,2,-3,0.75,5,-1
40,2,-3,0.75,5,-1.5
36,2,-3,0.75,5,-2
38,2,-3,1.25,1,-0.5
38,2,-3,1.25,1,-1
35,2,-3,1.25,1,-1.5
35,2,-3,1.25,1,-2
56,2,-3,1.25,2,-0.5
24,2,-3,1.25,2,-1
28,2,-3,1.25,2,-1.5
35,2,-3,1.25,2,-2
34,2,-3,1.25,3,-0.5
24,2,-3,1.25,3,-1
25,2,-3,1.25,3,-1.5
25,2,-3,1.25,3,-2
36,2,-3,1.25,4,-0.5
52,2,-3,1.25,4,-1
34,2,-3,1.25,4,-1.5
30,2,-3,1.25,4,-2
22,2,-3,1.25,5,-0.5
34,2,-3,1.25,5,-1
21,2,-3,1.25,5,-1.5
33,2,-3,1.25,5,-2
78,2,-3,1.75,1,-0.5
40,2,-3,1.75,1,-1
42,2,-3,1.75,1,-1.5
36,2,-3,1.75,1,-2
65,2,-3,1.75,2,-0.5
56,2,-3,1.75,2,-1
56,2,-3,1.75,2,-1.5
18,2,-3,1.75,2,-2
35,2,-3,1.75,3,-0.5
37,2,-3,1.75,3,-1
56,2,-3,1.75,3,-1.5
24,2,-3,1.75,3,-2
48,2,-3,1.75,4,-0.5
30,2,-3,1.75,4,-1
34,2,-3,1.75,4,-1.5
40,2,-3,1.75,4,-2
44,2,-3,1.75,5,-0.5
43,2,-3,1.75,5,-1
40,2,-3,1.75,5,-1.5
56,2,-3,1.75,5,-2
506,2,-4,0.25,1,-0.5
108,2,-4,0.25,1,-1
113,2,-4,0.25,1,-1.5
116,2,-4,0.25,1,-2
289,2,-4,0.25,2,-0.5
87,2,-4,0.25,2,-1
201,2,-4,0.25,2,-1.5
266,2,-4,0.25,2,-2
362,2,-4,0.25,3,-0.5
128,2,-4,0.25,3,-1
419,2,-4,0.25,3,-1.5
127,2,-4,0.25,3,-2
156,2,-4,0.25,4,-0.5
47,2,-4,0.25,4,-1
419,2,-4,0.25,4,-1.5
157,2,-4,0.25,4,-2
296,2,-4,0.25,5,-0.5
184,2,-4,0.25,5,-1
68,2,-4,0.25,5,-1.5
52,2,-4,0.25,5,-2
108,2,-4,0.75,1,-0.5
421,2,-4,0.75,1,-1
173,2,-4,0.75,1,-1.5
23,2,-4,0.75,1,-2
133,2,-4,0.75,2,-0.5
153,2,-4,0.75,2,-1
51,2,-4,0.75,2,-1.5
31,2,-4,0.75,2,-2
62,2,-4,0.75,3,-0.5
20,2,-4,0.75,3,-1
50,2,-4,0.75,3,-1.5
49,2,-4,0.75,3,-2
44,2,-4,0.75,4,-0.5
477,2,-4,0.75,4,-1
18,2,-4,0.75,4,-1.5
175,2,-4,0.75,4,-2
72,2,-4,0.75,5,-0.5
217,2,-4,0.75,5,-1
32,2,-4,0.75,5,-1.5
18,2,-4,0.75,5,-2
41,2,-4,1.25,1,-0.5
29,2,-4,1.25,1,-1
65,2,-4,1.25,1,-1.5
28,2,-4,1.25,1,-2
80,2,-4,1.25,2,-0.5
53,2,-4,1.25,2,-1
28,2,-4,1.25,2,-1.5
28,2,-4,1.25,2,-2
44,2,-4,1.25,3,-0.5
39,2,-4,1.25,3,-1
23,2,-4,1.25,3,-1.5
42,2,-4,1.25,3,-2
42,2,-4,1.25,4,-0.5
30,2,-4,1.25,4,-1
81,2,-4,1.25,4,-1.5
45,2,-4,1.25,4,-2
38,2,-4,1.25,5,-0.5
28,2,-4,1.25,5,-1
39,2,-4,1.25,5,-1.5
26,2,-4,1.25,5,-2
55,2,-4,1.75,1,-0.5
48,2,-4,1.75,1,-1
51,2,-4,1.75,1,-1.5
22,2,-4,1.75,1,-2
67,2,-4,1.75,2,-0.5
30,2,-4,1.75,2,-1
34,2,-4,1.75,2,-1.5
38,2,-4,1.75,2,-2
49,2,-4,1.75,3,-0.5
40,2,-4,1.75,3,-1
41,2,-4,1.75,3,-1.5
26,2,-4,1.75,3,-2
70,2,-4,1.75,4,-0.5
29,2,-4,1.75,4,-1
40,2,-4,1.75,4,-1.5
48,2,-4,1.75,4,-2
55,2,-4,1.75,5,-0.5
20,2,-4,1.75,5,-1
45,2,-4,1.75,5,-1.5
53,2,-4,1.75,5,-2
499,2,-5,0.25,1,-0.5
45,2,-5,0.25,1,-1
67,2,-5,0.25,1,-1.5
70,2,-5,0.25,1,-2
280,2,-5,0.25,2,-0.5
60,2,-5,0.25,2,-1
172,2,-5,0.25,2,-1.5
108,2,-5,0.25,2,-2
276,2,-5,0.25,3,-0.5
128,2,-5,0.25,3,-1
95,2,-5,0.25,3,-1.5
434,2,-5,0.25,3,-2
160,2,-5,0.25,4,-0.5
425,2,-5,0.25,4,-1
49,2,-5,0.25,4,-1.5
434,2,-5,0.25,4,-2
206,2,-5,0.25,5,-0.5
56,2,-5,0.25,5,-1
163,2,-5,0.25,5,-1.5
159,2,-5,0.25,5,-2
60,2,-5,0.75,1,-0.5
48,2,-5,0.75,1,-1
76,2,-5,0.75,1,-1.5
166,2,-5,0.75,1,-2
46,2,-5,0.75,2,-0.5
28,2,-5,0.75,2,-1
55,2,-5,0.75,2,-1.5
23,2,-5,0.75,2,-2
184,2,-5,0.75,3,-0.5
121,2,-5,0.75,3,-1
123,2,-5,0.75,3,-1.5
18,2,-5,0.75,3,-2
81,2,-5,0.75,4,-0.5
23,2,-5,0.75,4,-1
61,2,-5,0.75,4,-1.5
110,2,-5,0.75,4,-2
579,2,-5,0.75,5,-0.5
166,2,-5,0.75,5,-1
151,2,-5,0.75,5,-1.5
67,2,-5,0.75,5,-2
34,2,-5,1.25,1,-0.5
129,2,-5,1.25,1,-1
20,2,-5,1.25,1,-1.5
22,2,-5,1.25,1,-2
40,2,-5,1.25,2,-0.5
28,2,-5,1.25,2,-1
19,2,-5,1.25,2,-1.5
42,2,-5,1.25,2,-2
228,2,-5,1.25,3,-0.5
78,2,-5,1.25,3,-1
108,2,-5,1.25,3,-1.5
23,2,-5,1.25,3,-2
50,2,-5,1.25,4,-0.5
16,2,-5,1.25,4,-1
68,2,-5,1.25,4,-1.5
39,2,-5,1.25,4,-2
49,2,-5,1.25,5,-0.5
36,2,-5,1.25,5,-1
19,2,-5,1.25,5,-1.5
32,2,-5,1.25,5,-2
66,2,-5,1.75,1,-0.5
28,2,-5,1.75,1,-1
61,2,-5,1.75,1,-1.5
26,2,-5,1.75,1,-2
58,2,-5,1.75,2,-0.5
19,2,-5,1.75,2,-1
29,2,-5,1.75,2,-1.5
23,2,-5,1.75,2,-2
44,2,-5,1.75,3,-0.5
35,2,-5,1.75,3,-1
39,2,-5,1.75,3,-1.5
52,2,-5,1.75,3,-2
38,2,-5,1.75,4,-0.5
28,2,-5,1.75,4,-1
24,2,-5,1.75,4,-1.5
16,2,-5,1.75,4,-2
23,2,-5,1.75,5,-0.5
49,2,-5,1.75,5,-1
30,2,-5,1.75,5,-1.5
36,2,-5,1.75,5,-2
101,3,-1,0.25,1,-0.5
194,3,-1,0.25,1,-1
54,3,-1,0.25,1,-1.5
79,3,-1,0.25,1,-2
136,3,-1,0.25,2,-0.5
83,3,-1,0.25,2,-1
59,3,-1,0.25,2,-1.5
80,3,-1,0.25,2,-2
118,3,-1,0.25,3,-0.5
114,3,-1,0.25,3,-1
147,3,-1,0.25,3,-1.5
55,3,-1,0.25,3,-2
216,3,-1,0.25,4,-0.5
154,3,-1,0.25,4,-1
58,3,-1,0.25,4,-1.5
43,3,-1,0.25,4,-2
163,3,-1,0.25,5,-0.5
222,3,-1,0.25,5,-1
98,3,-1,0.25,5,-1.5
87,3,-1,0.25,5,-2
84,3,-1,0.75,1,-0.5
61,3,-1,0.75,1,-1
54,3,-1,0.75,1,-1.5
59,3,-1,0.75,1,-2
44,3,-1,0.75,2,-0.5
49,3,-1,0.75,2,-1
53,3,-1,0.75,2,-1.5
26,3,-1,0.75,2,-2
69,3,-1,0.75,3,-0.5
53,3,-1,0.75,3,-1
74,3,-1,0.75,3,-1.5
55,3,-1,0.75,3,-2
73,3,-1,0.75,4,-0.5
49,3,-1,0.75,4,-1
45,3,-1,0.75,4,-1.5
47,3,-1,0.75,4,-2
60,3,-1,0.75,5,-0.5
67,3,-1,0.75,5,-1
66,3,-1,0.75,5,-1.5
49,3,-1,0.75,5,-2
100,3,-1,1.25,1,-0.5
78,3,-1,1.25,1,-1
71,3,-1,1.25,1,-1.5
27,3,-1,1.25,1,-2
69,3,-1,1.25,2,-0.5
37,3,-1,1.25,2,-1
42,3,-1,1.25,2,-1.5
52,3,-1,1.25,2,-2
84,3,-1,1.25,3,-0.5
76,3,-1,1.25,3,-1
48,3,-1,1.25,3,-1.5
61,3,-1,1.25,3,-2
75,3,-1,1.25,4,-0.5
46,3,-1,1.25,4,-1
41,3,-1,1.25,4,-1.5
39,3,-1,1.25,4,-2
47,3,-1,1.25,5,-0.5
55,3,-1,1.25,5,-1
47,3,-1,1.25,5,-1.5
28,3,-1,1.25,5,-2
121,3,-1,1.75,1,-0.5
101,3,-1,1.75,1,-1
94,3,-1,1.75,1,-1.5
78,3,-1,1.75,1,-2
120,3,-1,1.75,2,-0.5
77,3,-1,1.75,2,-1
58,3,-1,1.75,2,-1.5
55,3,-1,1.75,2,-2
81,3,-1,1.75,3,-0.5
98,3,-1,1.75,3,-1
84,3,-1,1.75,3,-1.5
59,3,-1,1.75,3,-2
107,3,-1,1.75,4,-0.5
80,3,-1,1.75,4,-1
70,3,-1,1.75,4,-1.5
59,3,-1,1.75,4,-2
98,3,-1,1.75,5,-0.5
77,3,-1,1.75,5,-1
58,3,-1,1.75,5,-1.5
100,3,-1,1.75,5,-2
117,3,-2,0.25,1,-0.5
190,3,-2,0.25,1,-1
98,3,-2,0.25,1,-1.5
65,3,-2,0.25,1,-2
447,3,-2,0.25,2,-0.5
85,3,-2,0.25,2,-1
96,3,-2,0.25,2,-1.5
169,3,-2,0.25,2,-2
234,3,-2,0.25,3,-0.5
87,3,-2,0.25,3,-1
369,3,-2,0.25,3,-1.5
165,3,-2,0.25,3,-2
102,3,-2,0.25,4,-0.5
117,3,-2,0.25,4,-1
43,3,-2,0.25,4,-1.5
27,3,-2,0.25,4,-2
169,3,-2,0.25,5,-0.5
136,3,-2,0.25,5,-1
40,3,-2,0.25,5,-1.5
120,3,-2,0.25,5,-2
65,3,-2,0.75,1,-0.5
43,3,-2,0.75,1,-1
48,3,-2,0.75,1,-1.5
60,3,-2,0.75,1,-2
118,3,-2,0.75,2,-0.5
85,3,-2,0.75,2,-1
52,3,-2,0.75,2,-1.5
30,3,-2,0.75,2,-2
65,3,-2,0.75,3,-0.5
44,3,-2,0.75,3,-1
61,3,-2,0.75,3,-1.5
31,3,-2,0.75,3,-2
20,3,-2,0.75,4,-0.5
37,3,-2,0.75,4,-1
47,3,-2,0.75,4,-1.5
34,3,-2,0.75,4,-2
50,3,-2,0.75,5,-0.5
42,3,-2,0.75,5,-1
67,3,-2,0.75,5,-1.5
36,3,-2,0.75,5,-2
80,3,-2,1.25,1,-0.5
66,3,-2,1.25,1,-1
66,3,-2,1.25,1,-1.5
21,3,-2,1.25,1,-2
55,3,-2,1.25,2,-0.5
80,3,-2,1.25,2,-1
54,3,-2,1.25,2,-1.5
46,3,-2,1.25,2,-2
59,3,-2,1.25,3,-0.5
52,3,-2,1.25,3,-1
19,3,-2,1.25,3,-1.5
44,3,-2,1.25,3,-2
43,3,-2,1.25,4,-0.5
22,3,-2,1.25,4,-1
56,3,-2,1.25,4,-1.5
32,3,-2,1.25,4,-2
47,3,-2,1.25,5,-0.5
48,3,-2,1.25,5,-1
40,3,-2,1.25,5,-1.5
62,3,-2,1.25,5,-2
79,3,-2,1.75,1,-0.5
47,3,-2,1.75,1,-1
72,3,-2,1.75,1,-1.5
27,3,-2,1.75,1,-2
88,3,-2,1.75,2,-0.5
60,3,-2,1.75,2,-1
30,3,-2,1.75,2,-1.5
34,3,-2,1.75,2,-2
65,3,-2,1.75,3,-0.5
44,3,-2,1.75,3,-1
37,3,-2,1.75,3,-1.5
29,3,-2,1.75,3,-2
68,3,-2,1.75,4,-0.5
42,3,-2,1.75,4,-1
52,3,-2,1.75,4,-1.5
32,3,-2,1.75,4,-2
61,3,-2,1.75,5,-0.5
38,3,-2,1.75,5,-1
40,3,-2,1.75,5,-1.5
54,3,-2,1.75,5,-2
227,3,-3,0.25,1,-0.5
199,3,-3,0.25,1,-1
163,3,-3,0.25,1,-1.5
61,3,-3,0.25,1,-2
348,3,-3,0.25,2,-0.5
232,3,-3,0.25,2,-1
57,3,-3,0.25,2,-1.5
91,3,-3,0.25,2,-2
268,3,-3,0.25,3,-0.5
115,3,-3,0.25,3,-1
77,3,-3,0.25,3,-1.5
59,3,-3,0.25,3,-2
174,3,-3,0.25,4,-0.5
216,3,-3,0.25,4,-1
139,3,-3,0.25,4,-1.5
40,3,-3,0.25,4,-2
217,3,-3,0.25,5,-0.5
317,3,-3,0.25,5,-1
63,3,-3,0.25,5,-1.5
76,3,-3,0.25,5,-2
72,3,-3,0.75,1,-0.5
51,3,-3,0.75,1,-1
70,3,-3,0.75,1,-1.5
56,3,-3,0.75,1,-2
42,3,-3,0.75,2,-0.5
33,3,-3,0.75,2,-1
29,3,-3,0.75,2,-1.5
40,3,-3,0.75,2,-2
62,3,-3,0.75,3,-0.5
47,3,-3,0.75,3,-1
55,3,-3,0.75,3,-1.5
19,3,-3,0.75,3,-2
49,3,-3,0.75,4,-0.5
197,3,-3,0.75,4,-1
49,3,-3,0.75,4,-1.5
55,3,-3,0.75,4,-2
208,3,-3,0.75,5,-0.5
39,3,-3,0.75,5,-1
61,3,-3,0.75,5,-1.5
85,3,-3,0.75,5,-2
99,3,-3,1.25,1,-0.5
24,3,-3,1.25,1,-1
24,3,-3,1.25,1,-1.5
41,3,-3,1.25,1,-2
48,3,-3,1.25,2,-0.5
49,3,-3,1.25,2,-1
27,3,-3,1.25,2,-1.5
23,3,-3,1.25,2,-2
49,3,-3,1.25,3,-0.5
41,3,-3,1.25,3,-1
23,3,-3,1.25,3,-1.5
34,3,-3,1.25,3,-2
77,3,-3,1.25,4,-0.5
20,3,-3,1.25,4,-1
31,3,-3,1.25,4,-1.5
34,3,-3,1.25,4,-2
26,3,-3,1.25,5,-0.5
126,3,-3,1.25,5,-1
41,3,-3,1.25,5,-1.5
19,3,-3,1.25,5,-2
82,3,-3,1.75,1,-0.5
49,3,-3,1.75,1,-1
34,3,-3,1.75,1,-1.5
26,3,-3,1.75,1,-2
71,3,-3,1.75,2,-0.5
49,3,-3,1.75,2,-1
28,3,-3,1.75,2,-1.5
25,3,-3,1.75,2,-2
75,3,-3,1.75,3,-0.5
39,3,-3,1.75,3,-1
28,3,-3,1.75,3,-1.5
51,3,-3,1.75,3,-2
28,3,-3,1.75,4,-0.5
55,3,-3,1.75,4,-1
32,3,-3,1.75,4,-1.5
27,3,-3,1.75,4,-2
31,3,-3,1.75,5,-0.5
25,3,-3,1.75,5,-1
37,3,-3,1.75,5,-1.5
34,3,-3,1.75,5,-2
393,3,-4,0.25,1,-0.5
171,3,-4,0.25,1,-1
212,3,-4,0.25,1,-1.5
310,3,-4,0.25,1,-2
499,3,-4,0.25,2,-0.5
240,3,-4,0.25,2,-1
173,3,-4,0.25,2,-1.5
185,3,-4,0.25,2,-2
213,3,-4,0.25,3,-0.5
401,3,-4,0.25,3,-1
370,3,-4,0.25,3,-1.5
65,3,-4,0.25,3,-2
456,3,-4,0.25,4,-0.5
457,3,-4,0.25,4,-1
229,3,-4,0.25,4,-1.5
65,3,-4,0.25,4,-2
387,3,-4,0.25,5,-0.5
457,3,-4,0.25,5,-1
106,3,-4,0.25,5,-1.5
90,3,-4,0.25,5,-2
50,3,-4,0.75,1,-0.5
439,3,-4,0.75,1,-1
169,3,-4,0.75,1,-1.5
46,3,-4,0.75,1,-2
101,3,-4,0.75,2,-0.5
41,3,-4,0.75,2,-1
66,3,-4,0.75,2,-1.5
29,3,-4,0.75,2,-2
59,3,-4,0.75,3,-0.5
83,3,-4,0.75,3,-1
59,3,-4,0.75,3,-1.5
31,3,-4,0.75,3,-2
52,3,-4,0.75,4,-0.5
104,3,-4,0.75,4,-1
166,3,-4,0.75,4,-1.5
15,3,-4,0.75,4,-2
51,3,-4,0.75,5,-0.5
29,3,-4,0.75,5,-1
393,3,-4,0.75,5,-1.5
40,3,-4,0.75,5,-2
183,3,-4,1.25,1,-0.5
49,3,-4,1.25,1,-1
25,3,-4,1.25,1,-1.5
75,3,-4,1.25,1,-2
59,3,-4,1.25,2,-0.5
41,3,-4,1.25,2,-1
20,3,-4,1.25,2,-1.5
51,3,-4,1.25,2,-2
48,3,-4,1.25,3,-0.5
69,3,-4,1.25,3,-1
19,3,-4,1.25,3,-1.5
29,3,-4,1.25,3,-2
52,3,-4,1.25,4,-0.5
23,3,-4,1.25,4,-1
97,3,-4,1.25,4,-1.5
19,3,-4,1.25,4,-2
182,3,-4,1.25,5,-0.5
38,3,-4,1.25,5,-1
87,3,-4,1.25,5,-1.5
44,3,-4,1.25,5,-2
37,3,-4,1.75,1,-0.5
40,3,-4,1.75,1,-1
39,3,-4,1.75,1,-1.5
31,3,-4,1.75,1,-2
86,3,-4,1.75,2,-0.5
34,3,-4,1.75,2,-1
51,3,-4,1.75,2,-1.5
23,3,-4,1.75,2,-2
99,3,-4,1.75,3,-0.5
53,3,-4,1.75,3,-1
37,3,-4,1.75,3,-1.5
45,3,-4,1.75,3,-2
49,3,-4,1.75,4,-0.5
45,3,-4,1.75,4,-1
17,3,-4,1.75,4,-1.5
25,3,-4,1.75,4,-2
41,3,-4,1.75,5,-0.5
23,3,-4,1.75,5,-1
29,3,-4,1.75,5,-1.5
18,3,-4,1.75,5,-2
153,3,-5,0.25,1,-0.5
180,3,-5,0.25,1,-1
291,3,-5,0.25,1,-1.5
336,3,-5,0.25,1,-2
496,3,-5,0.25,2,-0.5
429,3,-5,0.25,2,-1
312,3,-5,0.25,2,-1.5
120,3,-5,0.25,2,-2
305,3,-5,0.25,3,-0.5
214,3,-5,0.25,3,-1
114,3,-5,0.25,3,-1.5
337,3,-5,0.25,3,-2
155,3,-5,0.25,4,-0.5
252,3,-5,0.25,4,-1
197,3,-5,0.25,4,-1.5
34,3,-5,0.25,4,-2
74,3,-5,0.25,5,-0.5
174,3,-5,0.25,5,-1
218,3,-5,0.25,5,-1.5
259,3,-5,0.25,5,-2
151,3,-5,0.75,1,-0.5
147,3,-5,0.75,1,-1
107,3,-5,0.75,1,-1.5
42,3,-5,0.75,1,-2
108,3,-5,0.75,2,-0.5
27,3,-5,0.75,2,-1
53,3,-5,0.75,2,-1.5
99,3,-5,0.75,2,-2
409,3,-5,0.75,3,-0.5
354,3,-5,0.75,3,-1
84,3,-5,0.75,3,-1.5
36,3,-5,0.75,3,-2
291,3,-5,0.75,4,-0.5
58,3,-5,0.75,4,-1
65,3,-5,0.75,4,-1.5
208,3,-5,0.75,4,-2
58,3,-5,0.75,5,-0.5
27,3,-5,0.75,5,-1
321,3,-5,0.75,5,-1.5
31,3,-5,0.75,5,-2
39,3,-5,1.25,1,-0.5
44,3,-5,1.25,1,-1
93,3,-5,1.25,1,-1.5
47,3,-5,1.25,1,-2
446,3,-5,1.25,2,-0.5
128,3,-5,1.25,2,-1
193,3,-5,1.25,2,-1.5
42,3,-5,1.25,2,-2
260,3,-5,1.25,3,-0.5
38,3,-5,1.25,3,-1
49,3,-5,1.25,3,-1.5
32,3,-5,1.25,3,-2
36,3,-5,1.25,4,-0.5
11,3,-5,1.25,4,-1
101,3,-5,1.25,4,-1.5
23,3,-5,1.25,4,-2
35,3,-5,1.25,5,-0.5
20,3,-5,1.25,5,-1
259,3,-5,1.25,5,-1.5
75,3,-5,1.25,5,-2
55,3,-5,1.75,1,-0.5
30,3,-5,1.75,1,-1
20,3,-5,1.75,1,-1.5
31,3,-5,1.75,1,-2
90,3,-5,1.75,2,-0.5
34,3,-5,1.75,2,-1
50,3,-5,1.75,2,-1.5
39,3,-5,1.75,2,-2
34,3,-5,1.75,3,-0.5
19,3,-5,1.75,3,-1
52,3,-5,1.75,3,-1.5
45,3,-5,1.75,3,-2
40,3,-5,1.75,4,-0.5
21,3,-5,1.75,4,-1
15,3,-5,1.75,4,-1.5
19,3,-5,1.75,4,-2
24,3,-5,1.75,5,-0.5
70,3,-5,1.75,5,-1
34,3,-5,1.75,5,-1.5
50,3,-5,1.75,5,-2
196,4,-1,0.25,1,-0.5
131,4,-1,0.25,1,-1
87,4,-1,0.25,1,-1.5
116,4,-1,0.25,1,-2
132,4,-1,0.25,2,-0.5
74,4,-1,0.25,2,-1
105,4,-1,0.25,2,-1.5
52,4,-1,0.25,2,-2
146,4,-1,0.25,3,-0.5
123,4,-1,0.25,3,-1
92,4,-1,0.25,3,-1.5
92,4,-1,0.25,3,-2
149,4,-1,0.25,4,-0.5
181,4,-1,0.25,4,-1
115,4,-1,0.25,4,-1.5
80,4,-1,0.25,4,-2
181,4,-1,0.25,5,-0.5
117,4,-1,0.25,5,-1
78,4,-1,0.25,5,-1.5
119,4,-1,0.25,5,-2
136,4,-1,0.75,1,-0.5
74,4,-1,0.75,1,-1
99,4,-1,0.75,1,-1.5
74,4,-1,0.75,1,-2
140,4,-1,0.75,2,-0.5
76,4,-1,0.75,2,-1
77,4,-1,0.75,2,-1.5
64,4,-1,0.75,2,-2
107,4,-1,0.75,3,-0.5
96,4,-1,0.75,3,-1
52,4,-1,0.75,3,-1.5
40,4,-1,0.75,3,-2
91,4,-1,0.75,4,-0.5
89,4,-1,0.75,4,-1
52,4,-1,0.75,4,-1.5
63,4,-1,0.75,4,-2
140,4,-1,0.75,5,-0.5
49,4,-1,0.75,5,-1
64,4,-1,0.75,5,-1.5
55,4,-1,0.75,5,-2
99,4,-1,1.25,1,-0.5
104,4,-1,1.25,1,-1
47,4,-1,1.25,1,-1.5
75,4,-1,1.25,1,-2
106,4,-1,1.25,2,-0.5
88,4,-1,1.25,2,-1
63,4,-1,1.25,2,-1.5
70,4,-1,1.25,2,-2
92,4,-1,1.25,3,-0.5
55,4,-1,1.25,3,-1
23,4,-1,1.25,3,-1.5
29,4,-1,1.25,3,-2
85,4,-1,1.25,4,-0.5
68,4,-1,1.25,4,-1
65,4,-1,1.25,4,-1.5
60,4,-1,1.25,4,-2
69,4,-1,1.25,5,-0.5
64,4,-1,1.25,5,-1
73,4,-1,1.25,5,-1.5
38,4,-1,1.25,5,-2
150,4,-1,1.75,1,-0.5
108,4,-1,1.75,1,-1
78,4,-1,1.75,1,-1.5
80,4,-1,1.75,1,-2
121,4,-1,1.75,2,-0.5
93,4,-1,1.75,2,-1
74,4,-1,1.75,2,-1.5
43,4,-1,1.75,2,-2
108,4,-1,1.75,3,-0.5
93,4,-1,1.75,3,-1
41,4,-1,1.75,3,-1.5
88,4,-1,1.75,3,-2
66,4,-1,1.75,4,-0.5
79,4,-1,1.75,4,-1
97,4,-1,1.75,4,-1.5
84,4,-1,1.75,4,-2
71,4,-1,1.75,5,-0.5
79,4,-1,1.75,5,-1
77,4,-1,1.75,5,-1.5
61,4,-1,1.75,5,-2
206,4,-2,0.25,1,-0.5
139,4,-2,0.25,1,-1
105,4,-2,0.25,1,-1.5
160,4,-2,0.25,1,-2
278,4,-2,0.25,2,-0.5
206,4,-2,0.25,2,-1
90,4,-2,0.25,2,-1.5
147,4,-2,0.25,2,-2
105,4,-2,0.25,3,-0.5
180,4,-2,0.25,3,-1
84,4,-2,0.25,3,-1.5
101,4,-2,0.25,3,-2
117,4,-2,0.25,4,-0.5
175,4,-2,0.25,4,-1
55,4,-2,0.25,4,-1.5
63,4,-2,0.25,4,-2
220,4,-2,0.25,5,-0.5
90,4,-2,0.25,5,-1
213,4,-2,0.25,5,-1.5
116,4,-2,0.25,5,-2
83,4,-2,0.75,1,-0.5
68,4,-2,0.75,1,-1
85,4,-2,0.75,1,-1.5
58,4,-2,0.75,1,-2
194,4,-2,0.75,2,-0.5
73,4,-2,0.75,2,-1
76,4,-2,0.75,2,-1.5
62,4,-2,0.75,2,-2
142,4,-2,0.75,3,-0.5
33,4,-2,0.75,3,-1
51,4,-2,0.75,3,-1.5
59,4,-2,0.75,3,-2
82,4,-2,0.75,4,-0.5
61,4,-2,0.75,4,-1
57,4,-2,0.75,4,-1.5
36,4,-2,0.75,4,-2
47,4,-2,0.75,5,-0.5
64,4,-2,0.75,5,-1
58,4,-2,0.75,5,-1.5
75,4,-2,0.75,5,-2
93,4,-2,1.25,1,-0.5
49,4,-2,1.25,1,-1
60,4,-2,1.25,1,-1.5
34,4,-2,1.25,1,-2
59,4,-2,1.25,2,-0.5
43,4,-2,1.25,2,-1
43,4,-2,1.25,2,-1.5
67,4,-2,1.25,2,-2
68,4,-2,1.25,3,-0.5
64,4,-2,1.25,3,-1
44,4,-2,1.25,3,-1.5
46,4,-2,1.25,3,-2
68,4,-2,1.25,4,-0.5
44,4,-2,1.25,4,-1
36,4,-2,1.25,4,-1.5
35,4,-2,1.25,4,-2
73,4,-2,1.25,5,-0.5
56,4,-2,1.25,5,-1
48,4,-2,1.25,5,-1.5
29,4,-2,1.25,5,-2
99,4,-2,1.75,1,-0.5
63,4,-2,1.75,1,-1
33,4,-2,1.75,1,-1.5
57,4,-2,1.75,1,-2
69,4,-2,1.75,2,-0.5
63,4,-2,1.75,2,-1
42,4,-2,1.75,2,-1.5
27,4,-2,1.75,2,-2
74,4,-2,1.75,3,-0.5
62,4,-2,1.75,3,-1
37,4,-2,1.75,3,-1.5
38,4,-2,1.75,3,-2
61,4,-2,1.75,4,-0.5
41,4,-2,1.75,4,-1
37,4,-2,1.75,4,-1.5
42,4,-2,1.75,4,-2
66,4,-2,1.75,5,-0.5
55,4,-2,1.75,5,-1
42,4,-2,1.75,5,-1.5
54,4,-2,1.75,5,-2
165,4,-3,0.25,1,-0.5
157,4,-3,0.25,1,-1
71,4,-3,0.25,1,-1.5
253,4,-3,0.25,1,-2
174,4,-3,0.25,2,-0.5
140,4,-3,0.25,2,-1
129,4,-3,0.25,2,-1.5
226,4,-3,0.25,2,-2
120,4,-3,0.25,3,-0.5
153,4,-3,0.25,3,-1
125,4,-3,0.25,3,-1.5
59,4,-3,0.25,3,-2
262,4,-3,0.25,4,-0.5
213,4,-3,0.25,4,-1
98,4,-3,0.25,4,-1.5
51,4,-3,0.25,4,-2
256,4,-3,0.25,5,-0.5
213,4,-3,0.25,5,-1
205,4,-3,0.25,5,-1.5
64,4,-3,0.25,5,-2
145,4,-3,0.75,1,-0.5
96,4,-3,0.75,1,-1
46,4,-3,0.75,1,-1.5
79,4,-3,0.75,1,-2
47,4,-3,0.75,2,-0.5
52,4,-3,0.75,2,-1
41,4,-3,0.75,2,-1.5
122,4,-3,0.75,2,-2
77,4,-3,0.75,3,-0.5
75,4,-3,0.75,3,-1
92,4,-3,0.75,3,-1.5
89,4,-3,0.75,3,-2
45,4,-3,0.75,4,-0.5
154,4,-3,0.75,4,-1
70,4,-3,0.75,4,-1.5
26,4,-3,0.75,4,-2
168,4,-3,0.75,5,-0.5
71,4,-3,0.75,5,-1
128,4,-3,0.75,5,-1.5
154,4,-3,0.75,5,-2
68,4,-3,1.25,1,-0.5
46,4,-3,1.25,1,-1
57,4,-3,1.25,1,-1.5
45,4,-3,1.25,1,-2
59,4,-3,1.25,2,-0.5
38,4,-3,1.25,2,-1
30,4,-3,1.25,2,-1.5
37,4,-3,1.25,2,-2
83,4,-3,1.25,3,-0.5
38,4,-3,1.25,3,-1
35,4,-3,1.25,3,-1.5
33,4,-3,1.25,3,-2
75,4,-3,1.25,4,-0.5
36,4,-3,1.25,4,-1
18,4,-3,1.25,4,-1.5
322,4,-3,1.25,4,-2
45,4,-3,1.25,5,-0.5
28,4,-3,1.25,5,-1
23,4,-3,1.25,5,-1.5
41,4,-3,1.25,5,-2
67,4,-3,1.75,1,-0.5
64,4,-3,1.75,1,-1
30,4,-3,1.75,1,-1.5
49,4,-3,1.75,1,-2
53,4,-3,1.75,2,-0.5
67,4,-3,1.75,2,-1
26,4,-3,1.75,2,-1.5
19,4,-3,1.75,2,-2
49,4,-3,1.75,3,-0.5
48,4,-3,1.75,3,-1
48,4,-3,1.75,3,-1.5
33,4,-3,1.75,3,-2
85,4,-3,1.75,4,-0.5
43,4,-3,1.75,4,-1
32,4,-3,1.75,4,-1.5
27,4,-3,1.75,4,-2
38,4,-3,1.75,5,-0.5
33,4,-3,1.75,5,-1
36,4,-3,1.75,5,-1.5
27,4,-3,1.75,5,-2
276,4,-4,0.25,1,-0.5
348,4,-4,0.25,1,-1
130,4,-4,0.25,1,-1.5
461,4,-4,0.25,1,-2
453,4,-4,0.25,2,-0.5
158,4,-4,0.25,2,-1
324,4,-4,0.25,2,-1.5
165,4,-4,0.25,2,-2
499,4,-4,0.25,3,-0.5
285,4,-4,0.25,3,-1
142,4,-4,0.25,3,-1.5
53,4,-4,0.25,3,-2
329,4,-4,0.25,4,-0.5
250,4,-4,0.25,4,-1
147,4,-4,0.25,4,-1.5
47,4,-4,0.25,4,-2
405,4,-4,0.25,5,-0.5
268,4,-4,0.25,5,-1
97,4,-4,0.25,5,-1.5
96,4,-4,0.25,5,-2
280,4,-4,0.75,1,-0.5
65,4,-4,0.75,1,-1
90,4,-4,0.75,1,-1.5
82,4,-4,0.75,1,-2
111,4,-4,0.75,2,-0.5
61,4,-4,0.75,2,-1
72,4,-4,0.75,2,-1.5
225,4,-4,0.75,2,-2
66,4,-4,0.75,3,-0.5
58,4,-4,0.75,3,-1
94,4,-4,0.75,3,-1.5
59,4,-4,0.75,3,-2
58,4,-4,0.75,4,-0.5
47,4,-4,0.75,4,-1
240,4,-4,0.75,4,-1.5
46,4,-4,0.75,4,-2
68,4,-4,0.75,5,-0.5
81,4,-4,0.75,5,-1
33,4,-4,0.75,5,-1.5
65,4,-4,0.75,5,-2
73,4,-4,1.25,1,-0.5
23,4,-4,1.25,1,-1
45,4,-4,1.25,1,-1.5
38,4,-4,1.25,1,-2
86,4,-4,1.25,2,-0.5
27,4,-4,1.25,2,-1
48,4,-4,1.25,2,-1.5
27,4,-4,1.25,2,-2
254,4,-4,1.25,3,-0.5
35,4,-4,1.25,3,-1
92,4,-4,1.25,3,-1.5
120,4,-4,1.25,3,-2
57,4,-4,1.25,4,-0.5
51,4,-4,1.25,4,-1
71,4,-4,1.25,4,-1.5
37,4,-4,1.25,4,-2
23,4,-4,1.25,5,-0.5
214,4,-4,1.25,5,-1
71,4,-4,1.25,5,-1.5
50,4,-4,1.25,5,-2
65,4,-4,1.75,1,-0.5
45,4,-4,1.75,1,-1
38,4,-4,1.75,1,-1.5
21,4,-4,1.75,1,-2
35,4,-4,1.75,2,-0.5
60,4,-4,1.75,2,-1
44,4,-4,1.75,2,-1.5
21,4,-4,1.75,2,-2
90,4,-4,1.75,3,-0.5
23,4,-4,1.75,3,-1
35,4,-4,1.75,3,-1.5
14,4,-4,1.75,3,-2
69,4,-4,1.75,4,-0.5
27,4,-4,1.75,4,-1
52,4,-4,1.75,4,-1.5
23,4,-4,1.75,4,-2
69,4,-4,1.75,5,-0.5
48,4,-4,1.75,5,-1
33,4,-4,1.75,5,-1.5
84,4,-4,1.75,5,-2
107,4,-5,0.25,1,-0.5
230,4,-5,0.25,1,-1
233,4,-5,0.25,1,-1.5
131,4,-5,0.25,1,-2
311,4,-5,0.25,2,-0.5
489,4,-5,0.25,2,-1
300,4,-5,0.25,2,-1.5
159,4,-5,0.25,2,-2
496,4,-5,0.25,3,-0.5
188,4,-5,0.25,3,-1
372,4,-5,0.25,3,-1.5
285,4,-5,0.25,3,-2
262,4,-5,0.25,4,-0.5
166,4,-5,0.25,4,-1
343,4,-5,0.25,4,-1.5
352,4,-5,0.25,4,-2
262,4,-5,0.25,5,-0.5
348,4,-5,0.25,5,-1
57,4,-5,0.25,5,-1.5
86,4,-5,0.25,5,-2
527,4,-5,0.75,1,-0.5
117,4,-5,0.75,1,-1
142,4,-5,0.75,1,-1.5
67,4,-5,0.75,1,-2
73,4,-5,0.75,2,-0.5
283,4,-5,0.75,2,-1
49,4,-5,0.75,2,-1.5
67,4,-5,0.75,2,-2
261,4,-5,0.75,3,-0.5
60,4,-5,0.75,3,-1
59,4,-5,0.75,3,-1.5
63,4,-5,0.75,3,-2
140,4,-5,0.75,4,-0.5
94,4,-5,0.75,4,-1
28,4,-5,0.75,4,-1.5
187,4,-5,0.75,4,-2
52,4,-5,0.75,5,-0.5
46,4,-5,0.75,5,-1
128,4,-5,0.75,5,-1.5
47,4,-5,0.75,5,-2
314,4,-5,1.25,1,-0.5
75,4,-5,1.25,1,-1
33,4,-5,1.25,1,-1.5
62,4,-5,1.25,1,-2
341,4,-5,1.25,2,-0.5
27,4,-5,1.25,2,-1
30,4,-5,1.25,2,-1.5
73,4,-5,1.25,2,-2
34,4,-5,1.25,3,-0.5
46,4,-5,1.25,3,-1
33,4,-5,1.25,3,-1.5
102,4,-5,1.25,3,-2
53,4,-5,1.25,4,-0.5
36,4,-5,1.25,4,-1
48,4,-5,1.25,4,-1.5
39,4,-5,1.25,4,-2
324,4,-5,1.25,5,-0.5
192,4,-5,1.25,5,-1
43,4,-5,1.25,5,-1.5
44,4,-5,1.25,5,-2
74,4,-5,1.75,1,-0.5
43,4,-5,1.75,1,-1
68,4,-5,1.75,1,-1.5
43,4,-5,1.75,1,-2
38,4,-5,1.75,2,-0.5
56,4,-5,1.75,2,-1
35,4,-5,1.75,2,-1.5
44,4,-5,1.75,2,-2
49,4,-5,1.75,3,-0.5
45,4,-5,1.75,3,-1
24,4,-5,1.75,3,-1.5
35,4,-5,1.75,3,-2
32,4,-5,1.75,4,-0.5
25,4,-5,1.75,4,-1
26,4,-5,1.75,4,-1.5
25,4,-5,1.75,4,-2
291,4,-5,1.75,5,-0.5
60,4,-5,1.75,5,-1
17,4,-5,1.75,5,-1.5
42,4,-5,1.75,5,-2
268,5,-1,0.25,1,-0.5
232,5,-1,0.25,1,-1
131,5,-1,0.25,1,-1.5
148,5,-1,0.25,1,-2
183,5,-1,0.25,2,-0.5
215,5,-1,0.25,2,-1
161,5,-1,0.25,2,-1.5
111,5,-1,0.25,2,-2
158,5,-1,0.25,3,-0.5
172,5,-1,0.25,3,-1
96,5,-1,0.25,3,-1.5
93,5,-1,0.25,3,-2
233,5,-1,0.25,4,-0.5
141,5,-1,0.25,4,-1
166,5,-1,0.25,4,-1.5
79,5,-1,0.25,4,-2
229,5,-1,0.25,5,-0.5
161,5,-1,0.25,5,-1
102,5,-1,0.25,5,-1.5
108,5,-1,0.25,5,-2
131,5,-1,0.75,1,-0.5
159,5,-1,0.75,1,-1
102,5,-1,0.75,1,-1.5
84,5,-1,0.75,1,-2
178,5,-1,0.75,2,-0.5
106,5,-1,0.75,2,-1
52,5,-1,0.75,2,-1.5
95,5,-1,0.75,2,-2
122,5,-1,0.75,3,-0.5
82,5,-1,0.75,3,-1
106,5,-1,0.75,3,-1.5
52,5,-1,0.75,3,-2
151,5,-1,0.75,4,-0.5
94,5,-1,0.75,4,-1
107,5,-1,0.75,4,-1.5
39,5,-1,0.75,4,-2
111,5,-1,0.75,5,-0.5
89,5,-1,0.75,5,-1
96,5,-1,0.75,5,-1.5
53,5,-1,0.75,5,-2
169,5,-1,1.25,1,-0.5
123,5,-1,1.25,1,-1
67,5,-1,1.25,1,-1.5
88,5,-1,1.25,1,-2
82,5,-1,1.25,2,-0.5
127,5,-1,1.25,2,-1
63,5,-1,1.25,2,-1.5
57,5,-1,1.25,2,-2
138,5,-1,1.25,3,-0.5
81,5,-1,1.25,3,-1
78,5,-1,1.25,3,-1.5
71,5,-1,1.25,3,-2
97,5,-1,1.25,4,-0.5
63,5,-1,1.25,4,-1
80,5,-1,1.25,4,-1.5
58,5,-1,1.25,4,-2
99,5,-1,1.25,5,-0.5
111,5,-1,1.25,5,-1
58,5,-1,1.25,5,-1.5
58,5,-1,1.25,5,-2
155,5,-1,1.75,1,-0.5
131,5,-1,1.75,1,-1
73,5,-1,1.75,1,-1.5
59,5,-1,1.75,1,-2
126,5,-1,1.75,2,-0.5
117,5,-1,1.75,2,-1
71,5,-1,1.75,2,-1.5
66,5,-1,1.75,2,-2
139,5,-1,1.75,3,-0.5
76,5,-1,1.75,3,-1
74,5,-1,1.75,3,-1.5
61,5,-1,1.75,3,-2
131,5,-1,1.75,4,-0.5
87,5,-1,1.75,4,-1
52,5,-1,1.75,4,-1.5
42,5,-1,1.75,4,-2
107,5,-1,1.75,5,-0.5
55,5,-1,1.75,5,-1
58,5,-1,1.75,5,-1.5
43,5,-1,1.75,5,-2
455,5,-2,0.25,1,-0.5
167,5,-2,0.25,1,-1
164,5,-2,0.25,1,-1.5
149,5,-2,0.25,1,-2
139,5,-2,0.25,2,-0.5
110,5,-2,0.25,2,-1
152,5,-2,0.25,2,-1.5
144,5,-2,0.25,2,-2
161,5,-2,0.25,3,-0.5
386,5,-2,0.25,3,-1
108,5,-2,0.25,3,-1.5
90,5,-2,0.25,3,-2
148,5,-2,0.25,4,-0.5
248,5,-2,0.25,4,-1
78,5,-2,0.25,4,-1.5
79,5,-2,0.25,4,-2
195,5,-2,0.25,5,-0.5
300,5,-2,0.25,5,-1
39,5,-2,0.25,5,-1.5
92,5,-2,0.25,5,-2
113,5,-2,0.75,1,-0.5
227,5,-2,0.75,1,-1
85,5,-2,0.75,1,-1.5
113,5,-2,0.75,1,-2
111,5,-2,0.75,2,-0.5
68,5,-2,0.75,2,-1
99,5,-2,0.75,2,-1.5
57,5,-2,0.75,2,-2
93,5,-2,0.75,3,-0.5
92,5,-2,0.75,3,-1
53,5,-2,0.75,3,-1.5
65,5,-2,0.75,3,-2
78,5,-2,0.75,4,-0.5
89,5,-2,0.75,4,-1
100,5,-2,0.75,4,-1.5
75,5,-2,0.75,4,-2
89,5,-2,0.75,5,-0.5
121,5,-2,0.75,5,-1
36,5,-2,0.75,5,-1.5
45,5,-2,0.75,5,-2
110,5,-2,1.25,1,-0.5
78,5,-2,1.25,1,-1
65,5,-2,1.25,1,-1.5
41,5,-2,1.25,1,-2
173,5,-2,1.25,2,-0.5
49,5,-2,1.25,2,-1
83,5,-2,1.25,2,-1.5
55,5,-2,1.25,2,-2
81,5,-2,1.25,3,-0.5
100,5,-2,1.25,3,-1
75,5,-2,1.25,3,-1.5
28,5,-2,1.25,3,-2
76,5,-2,1.25,4,-0.5
56,5,-2,1.25,4,-1
28,5,-2,1.25,4,-1.5
48,5,-2,1.25,4,-2
90,5,-2,1.25,5,-0.5
64,5,-2,1.25,5,-1
57,5,-2,1.25,5,-1.5
25,5,-2,1.25,5,-2
86,5,-2,1.75,1,-0.5
65,5,-2,1.75,1,-1
64,5,-2,1.75,1,-1.5
38,5,-2,1.75,1,-2
86,5,-2,1.75,2,-0.5
92,5,-2,1.75,2,-1
60,5,-2,1.75,2,-1.5
70,5,-2,1.75,2,-2
84,5,-2,1.75,3,-0.5
63,5,-2,1.75,3,-1
41,5,-2,1.75,3,-1.5
64,5,-2,1.75,3,-2
87,5,-2,1.75,4,-0.5
39,5,-2,1.75,4,-1
48,5,-2,1.75,4,-1.5
42,5,-2,1.75,4,-2
62,5,-2,1.75,5,-0.5
54,5,-2,1.75,5,-1
23,5,-2,1.75,5,-1.5
41,5,-2,1.75,5,-2
297,5,-3,0.25,1,-0.5
165,5,-3,0.25,1,-1
127,5,-3,0.25,1,-1.5
100,5,-3,0.25,1,-2
220,5,-3,0.25,2,-0.5
141,5,-3,0.25,2,-1
115,5,-3,0.25,2,-1.5
272,5,-3,0.25,2,-2
251,5,-3,0.25,3,-0.5
107,5,-3,0.25,3,-1
459,5,-3,0.25,3,-1.5
135,5,-3,0.25,3,-2
209,5,-3,0.25,4,-0.5
235,5,-3,0.25,4,-1
101,5,-3,0.25,4,-1.5
102,5,-3,0.25,4,-2
368,5,-3,0.25,5,-0.5
258,5,-3,0.25,5,-1
132,5,-3,0.25,5,-1.5
188,5,-3,0.25,5,-2
132,5,-3,0.75,1,-0.5
152,5,-3,0.75,1,-1
116,5,-3,0.75,1,-1.5
121,5,-3,0.75,1,-2
110,5,-3,0.75,2,-0.5
159,5,-3,0.75,2,-1
70,5,-3,0.75,2,-1.5
69,5,-3,0.75,2,-2
189,5,-3,0.75,3,-0.5
79,5,-3,0.75,3,-1
136,5,-3,0.75,3,-1.5
58,5,-3,0.75,3,-2
147,5,-3,0.75,4,-0.5
149,5,-3,0.75,4,-1
46,5,-3,0.75,4,-1.5
64,5,-3,0.75,4,-2
407,5,-3,0.75,5,-0.5
87,5,-3,0.75,5,-1
127,5,-3,0.75,5,-1.5
334,5,-3,0.75,5,-2
127,5,-3,1.25,1,-0.5
73,5,-3,1.25,1,-1
50,5,-3,1.25,1,-1.5
63,5,-3,1.25,1,-2
75,5,-3,1.25,2,-0.5
78,5,-3,1.25,2,-1
71,5,-3,1.25,2,-1.5
58,5,-3,1.25,2,-2
44,5,-3,1.25,3,-0.5
69,5,-3,1.25,3,-1
31,5,-3,1.25,3,-1.5
64,5,-3,1.25,3,-2
75,5,-3,1.25,4,-0.5
46,5,-3,1.25,4,-1
48,5,-3,1.25,4,-1.5
37,5,-3,1.25,4,-2
50,5,-3,1.25,5,-0.5
69,5,-3,1.25,5,-1
178,5,-3,1.25,5,-1.5
23,5,-3,1.25,5,-2
71,5,-3,1.75,1,-0.5
155,5,-3,1.75,1,-1
49,5,-3,1.75,1,-1.5
41,5,-3,1.75,1,-2
42,5,-3,1.75,2,-0.5
58,5,-3,1.75,2,-1
54,5,-3,1.75,2,-1.5
58,5,-3,1.75,2,-2
29,5,-3,1.75,3,-0.5
31,5,-3,1.75,3,-1
28,5,-3,1.75,3,-1.5
20,5,-3,1.75,3,-2
35,5,-3,1.75,4,-0.5
31,5,-3,1.75,4,-1
42,5,-3,1.75,4,-1.5
55,5,-3,1.75,4,-2
71,5,-3,1.75,5,-0.5
47,5,-3,1.75,5,-1
44,5,-3,1.75,5,-1.5
44,5,-3,1.75,5,-2
244,5,-4,0.25,1,-0.5
199,5,-4,0.25,1,-1
219,5,-4,0.25,1,-1.5
177,5,-4,0.25,1,-2
330,5,-4,0.25,2,-0.5
131,5,-4,0.25,2,-1
93,5,-4,0.25,2,-1.5
140,5,-4,0.25,2,-2
198,5,-4,0.25,3,-0.5
150,5,-4,0.25,3,-1
413,5,-4,0.25,3,-1.5
183,5,-4,0.25,3,-2
419,5,-4,0.25,4,-0.5
115,5,-4,0.25,4,-1
110,5,-4,0.25,4,-1.5
318,5,-4,0.25,4,-2
286,5,-4,0.25,5,-0.5
121,5,-4,0.25,5,-1
64,5,-4,0.25,5,-1.5
136,5,-4,0.25,5,-2
73,5,-4,0.75,1,-0.5
95,5,-4,0.75,1,-1
112,5,-4,0.75,1,-1.5
68,5,-4,0.75,1,-2
73,5,-4,0.75,2,-0.5
90,5,-4,0.75,2,-1
63,5,-4,0.75,2,-1.5
71,5,-4,0.75,2,-2
89,5,-4,0.75,3,-0.5
112,5,-4,0.75,3,-1
79,5,-4,0.75,3,-1.5
66,5,-4,0.75,3,-2
106,5,-4,0.75,4,-0.5
36,5,-4,0.75,4,-1
56,5,-4,0.75,4,-1.5
124,5,-4,0.75,4,-2
73,5,-4,0.75,5,-0.5
57,5,-4,0.75,5,-1
27,5,-4,0.75,5,-1.5
74,5,-4,0.75,5,-2
57,5,-4,1.25,1,-0.5
72,5,-4,1.25,1,-1
34,5,-4,1.25,1,-1.5
43,5,-4,1.25,1,-2
145,5,-4,1.25,2,-0.5
64,5,-4,1.25,2,-1
116,5,-4,1.25,2,-1.5
68,5,-4,1.25,2,-2
57,5,-4,1.25,3,-0.5
44,5,-4,1.25,3,-1
57,5,-4,1.25,3,-1.5
25,5,-4,1.25,3,-2
39,5,-4,1.25,4,-0.5
53,5,-4,1.25,4,-1
25,5,-4,1.25,4,-1.5
54,5,-4,1.25,4,-2
89,5,-4,1.25,5,-0.5
28,5,-4,1.25,5,-1
32,5,-4,1.25,5,-1.5
58,5,-4,1.25,5,-2
68,5,-4,1.75,1,-0.5
61,5,-4,1.75,1,-1
45,5,-4,1.75,1,-1.5
40,5,-4,1.75,1,-2
56,5,-4,1.75,2,-0.5
34,5,-4,1.75,2,-1
42,5,-4,1.75,2,-1.5
22,5,-4,1.75,2,-2
49,5,-4,1.75,3,-0.5
54,5,-4,1.75,3,-1
46,5,-4,1.75,3,-1.5
34,5,-4,1.75,3,-2
50,5,-4,1.75,4,-0.5
29,5,-4,1.75,4,-1
90,5,-4,1.75,4,-1.5
27,5,-4,1.75,4,-2
49,5,-4,1.75,5,-0.5
36,5,-4,1.75,5,-1
46,5,-4,1.75,5,-1.5
70,5,-4,1.75,5,-2
324,5,-5,0.25,1,-0.5
367,5,-5,0.25,1,-1
359,5,-5,0.25,1,-1.5
331,5,-5,0.25,1,-2
424,5,-5,0.25,2,-0.5
207,5,-5,0.25,2,-1
137,5,-5,0.25,2,-1.5
245,5,-5,0.25,2,-2
305,5,-5,0.25,3,-0.5
292,5,-5,0.25,3,-1
182,5,-5,0.25,3,-1.5
111,5,-5,0.25,3,-2
497,5,-5,0.25,4,-0.5
245,5,-5,0.25,4,-1
327,5,-5,0.25,4,-1.5
142,5,-5,0.25,4,-2
122,5,-5,0.25,5,-0.5
325,5,-5,0.25,5,-1
173,5,-5,0.25,5,-1.5
422,5,-5,0.25,5,-2
68,5,-5,0.75,1,-0.5
150,5,-5,0.75,1,-1
124,5,-5,0.75,1,-1.5
216,5,-5,0.75,1,-2
452,5,-5,0.75,2,-0.5
259,5,-5,0.75,2,-1
147,5,-5,0.75,2,-1.5
151,5,-5,0.75,2,-2
234,5,-5,0.75,3,-0.5
206,5,-5,0.75,3,-1
160,5,-5,0.75,3,-1.5
47,5,-5,0.75,3,-2
81,5,-5,0.75,4,-0.5
54,5,-5,0.75,4,-1
153,5,-5,0.75,4,-1.5
45,5,-5,0.75,4,-2
77,5,-5,0.75,5,-0.5
362,5,-5,0.75,5,-1
52,5,-5,0.75,5,-1.5
168,5,-5,0.75,5,-2
127,5,-5,1.25,1,-0.5
123,5,-5,1.25,1,-1
41,5,-5,1.25,1,-1.5
78,5,-5,1.25,1,-2
69,5,-5,1.25,2,-0.5
324,5,-5,1.25,2,-1
53,5,-5,1.25,2,-1.5
56,5,-5,1.25,2,-2
49,5,-5,1.25,3,-0.5
59,5,-5,1.25,3,-1
40,5,-5,1.25,3,-1.5
96,5,-5,1.25,3,-2
171,5,-5,1.25,4,-0.5
59,5,-5,1.25,4,-1
35,5,-5,1.25,4,-1.5
37,5,-5,1.25,4,-2
73,5,-5,1.25,5,-0.5
74,5,-5,1.25,5,-1
74,5,-5,1.25,5,-1.5
37,5,-5,1.25,5,-2
38,5,-5,1.75,1,-0.5
66,5,-5,1.75,1,-1
43,5,-5,1.75,1,-1.5
44,5,-5,1.75,1,-2
52,5,-5,1.75,2,-0.5
47,5,-5,1.75,2,-1
30,5,-5,1.75,2,-1.5
31,5,-5,1.75,2,-2
62,5,-5,1.75,3,-0.5
36,5,-5,1.75,3,-1
91,5,-5,1.75,3,-1.5
23,5,-5,1.75,3,-2
75,5,-5,1.75,4,-0.5
23,5,-5,1.75,4,-1
78,5,-5,1.75,4,-1.5
24,5,-5,1.75,4,-2
53,5,-5,1.75,5,-0.5
24,5,-5,1.75,5,-1
32,5,-5,1.75,5,-1.5
55,5,-5,1.75,5,-2
