149,1,-1,0.25,1,-0.5
36,1,-1,0.25,1,-1
45,1,-1,0.25,1,-1.5
45,1,-1,0.25,1,-2
47,1,-1,0.25,2,-0.5
43,1,-1,0.25,2,-1
46,1,-1,0.25,2,-1.5
38,1,-1,0.25,2,-2
76,1,-1,0.25,3,-0.5
215,1,-1,0.25,3,-1
88,1,-1,0.25,3,-1.5
34,1,-1,0.25,3,-2
42,1,-1,0.25,4,-0.5
49,1,-1,0.25,4,-1
34,1,-1,0.25,4,-1.5
47,1,-1,0.25,4,-2
92,1,-1,0.25,5,-0.5
42,1,-1,0.25,5,-1
49,1,-1,0.25,5,-1.5
83,1,-1,0.25,5,-2
29,1,-1,0.75,1,-0.5
13,1,-1,0.75,1,-1
44,1,-1,0.75,1,-1.5
41,1,-1,0.75,1,-2
22,1,-1,0.75,2,-0.5
41,1,-1,0.75,2,-1
48,1,-1,0.75,2,-1.5
38,1,-1,0.75,2,-2
46,1,-1,0.75,3,-0.5
37,1,-1,0.75,3,-1
79,1,-1,0.75,3,-1.5
54,1,-1,0.75,3,-2
64,1,-1,0.75,4,-0.5
45,1,-1,0.75,4,-1
70,1,-1,0.75,4,-1.5
61,1,-1,0.75,4,-2
56,1,-1,0.75,5,-0.5
50,1,-1,0.75,5,-1
66,1,-1,0.75,5,-1.5
60,1,-1,0.75,5,-2
134,1,-1,1.25,1,-0.5
97,1,-1,1.25,1,-1
59,1,-1,1.25,1,-1.5
64,1,-1,1.25,1,-2
111,1,-1,1.25,2,-0.5
95,1,-1,1.25,2,-1
117,1,-1,1.25,2,-1.5
92,1,-1,1.25,2,-2
97,1,-1,1.25,3,-0.5
97,1,-1,1.25,3,-1
105,1,-1,1.25,3,-1.5
89,1,-1,1.25,3,-2
111,1,-1,1.25,4,-0.5
91,1,-1,1.25,4,-1
73,1,-1,1.25,4,-1.5
94,1,-1,1.25,4,-2
108,1,-1,1.25,5,-0.5
95,1,-1,1.25,5,-1
75,1,-1,1.25,5,-1.5
97,1,-1,1.25,5,-2
194,1,-1,1.75,1,-0.5
126,1,-1,1.75,1,-1
118,1,-1,1.75,1,-1.5
120,1,-1,1.75,1,-2
149,1,-1,1.75,2,-0.5
119,1,-1,1.75,2,-1
102,1,-1,1.75,2,-1.5
101,1,-1,1.75,2,-2
137,1,-1,1.75,3,-0.5
126,1,-1,1.75,3,-1
85,1,-1,1.75,3,-1.5
118,1,-1,1.75,3,-2
146,1,-1,1.75,4,-0.5
120,1,-1,1.75,4,-1
127,1,-1,1.75,4,-1.5
97,1,-1,1.75,4,-2
125,1,-1,1.75,5,-0.5
92,1,-1,1.75,5,-1
99,1,-1,1.75,5,-1.5
105,1,-1,1.75,5,-2
107,1,-2,0.25,1,-0.5
59,1,-2,0.25,1,-1
150,1,-2,0.25,1,-1.5
44,1,-2,0.25,1,-2
44,1,-2,0.25,2,-0.5
21,1,-2,0.25,2,-1
25,1,-2,0.25,2,-1.5
62,1,-2,0.25,2,-2
262,1,-2,0.25,3,-0.5
243,1,-2,0.25,3,-1
26,1,-2,0.25,3,-1.5
25,1,-2,0.25,3,-2
199,1,-2,0.25,4,-0.5
164,1,-2,0.25,4,-1
30,1,-2,0.25,4,-1.5
74,1,-2,0.25,4,-2
62,1,-2,0.25,5,-0.5
125,1,-2,0.25,5,-1
76,1,-2,0.25,5,-1.5
179,1,-2,0.25,5,-2
20,1,-2,0.75,1,-0.5
34,1,-2,0.75,1,-1
40,1,-2,0.75,1,-1.5
34,1,-2,0.75,1,-2
112,1,-2,0.75,2,-0.5
22,1,-2,0.75,2,-1
19,1,-2,0.75,2,-1.5
46,1,-2,0.75,2,-2
34,1,-2,0.75,3,-0.5
92,1,-2,0.75,3,-1
69,1,-2,0.75,3,-1.5
38,1,-2,0.75,3,-2
75,1,-2,0.75,4,-0.5
34,1,-2,0.75,4,-1
45,1,-2,0.75,4,-1.5
97,1,-2,0.75,4,-2
100,1,-2,0.75,5,-0.5
48,1,-2,0.75,5,-1
70,1,-2,0.75,5,-1.5
54,1,-2,0.75,5,-2
63,1,-2,1.25,1,-0.5
37,1,-2,1.25,1,-1
49,1,-2,1.25,1,-1.5
40,1,-2,1.25,1,-2
38,1,-2,1.25,2,-0.5
33,1,-2,1.25,2,-1
37,1,-2,1.25,2,-1.5
49,1,-2,1.25,2,-2
47,1,-2,1.25,3,-0.5
44,1,-2,1.25,3,-1
50,1,-2,1.25,3,-1.5
37,1,-2,1.25,3,-2
79,1,-2,1.25,4,-0.5
46,1,-2,1.25,4,-1
43,1,-2,1.25,4,-1.5
54,1,-2,1.25,4,-2
75,1,-2,1.25,5,-0.5
63,1,-2,1.25,5,-1
68,1,-2,1.25,5,-1.5
49,1,-2,1.25,5,-2
117,1,-2,1.75,1,-0.5
81,1,-2,1.75,1,-1
61,1,-2,1.75,1,-1.5
77,1,-2,1.75,1,-2
107,1,-2,1.75,2,-0.5
96,1,-2,1.75,2,-1
60,1,-2,1.75,2,-1.5
67,1,-2,1.75,2,-2
79,1,-2,1.75,3,-0.5
74,1,-2,1.75,3,-1
59,1,-2,1.75,3,-1.5
96,1,-2,1.75,3,-2
94,1,-2,1.75,4,-0.5
97,1,-2,1.75,4,-1
71,1,-2,1.75,4,-1.5
77,1,-2,1.75,4,-2
77,1,-2,1.75,5,-0.5
81,1,-2,1.75,5,-1
82,1,-2,1.75,5,-1.5
93,1,-2,1.75,5,-2
377,1,-3,0.25,1,-0.5
185,1,-3,0.25,1,-1
36,1,-3,0.25,1,-1.5
109,1,-3,0.25,1,-2
354,1,-3,0.25,2,-0.5
116,1,-3,0.25,2,-1
27,1,-3,0.25,2,-1.5
62,1,-3,0.25,2,-2
375,1,-3,0.25,3,-0.5
86,1,-3,0.25,3,-1
41,1,-3,0.25,3,-1.5
27,1,-3,0.25,3,-2
470,1,-3,0.25,4,-0.5
133,1,-3,0.25,4,-1
87,1,-3,0.25,4,-1.5
133,1,-3,0.25,4,-2
31,1,-3,0.25,5,-0.5
52,1,-3,0.25,5,-1
110,1,-3,0.25,5,-1.5
120,1,-3,0.25,5,-2
34,1,-3,0.75,1,-0.5
94,1,-3,0.75,1,-1
32,1,-3,0.75,1,-1.5
13,1,-3,0.75,1,-2
40,1,-3,0.75,2,-0.5
27,1,-3,0.75,2,-1
28,1,-3,0.75,2,-1.5
60,1,-3,0.75,2,-2
74,1,-3,0.75,3,-0.5
35,1,-3,0.75,3,-1
85,1,-3,0.75,3,-1.5
28,1,-3,0.75,3,-2
22,1,-3,0.75,4,-0.5
56,1,-3,0.75,4,-1
31,1,-3,0.75,4,-1.5
23,1,-3,0.75,4,-2
26,1,-3,0.75,5,-0.5
22,1,-3,0.75,5,-1
88,1,-3,0.75,5,-1.5
51,1,-3,0.75,5,-2
25,1,-3,1.25,1,-0.5
59,1,-3,1.25,1,-1
47,1,-3,1.25,1,-1.5
47,1,-3,1.25,1,-2
26,1,-3,1.25,2,-0.5
57,1,-3,1.25,2,-1
25,1,-3,1.25,2,-1.5
39,1,-3,1.25,2,-2
23,1,-3,1.25,3,-0.5
14,1,-3,1.25,3,-1
42,1,-3,1.25,3,-1.5
21,1,-3,1.25,3,-2
39,1,-3,1.25,4,-0.5
38,1,-3,1.25,4,-1
24,1,-3,1.25,4,-1.5
42,1,-3,1.25,4,-2
72,1,-3,1.25,5,-0.5
23,1,-3,1.25,5,-1
46,1,-3,1.25,5,-1.5
58,1,-3,1.25,5,-2
68,1,-3,1.75,1,-0.5
45,1,-3,1.75,1,-1
48,1,-3,1.75,1,-1.5
70,1,-3,1.75,1,-2
113,1,-3,1.75,2,-0.5
72,1,-3,1.75,2,-1
35,1,-3,1.75,2,-1.5
52,1,-3,1.75,2,-2
65,1,-3,1.75,3,-0.5
67,1,-3,1.75,3,-1
44,1,-3,1.75,3,-1.5
55,1,-3,1.75,3,-2
92,1,-3,1.75,4,-0.5
58,1,-3,1.75,4,-1
51,1,-3,1.75,4,-1.5
46,1,-3,1.75,4,-2
36,1,-3,1.75,5,-0.5
78,1,-3,1.75,5,-1
40,1,-3,1.75,5,-1.5
45,1,-3,1.75,5,-2
544,1,-4,0.25,1,-0.5
184,1,-4,0.25,1,-1
103,1,-4,0.25,1,-1.5
457,1,-4,0.25,1,-2
605,1,-4,0.25,2,-0.5
426,1,-4,0.25,2,-1
44,1,-4,0.25,2,-1.5
45,1,-4,0.25,2,-2
603,1,-4,0.25,3,-0.5
369,1,-4,0.25,3,-1
302,1,-4,0.25,3,-1.5
248,1,-4,0.25,3,-2
603,1,-4,0.25,4,-0.5
50,1,-4,0.25,4,-1
204,1,-4,0.25,4,-1.5
24,1,-4,0.25,4,-2
52,1,-4,0.25,5,-0.5
212,1,-4,0.25,5,-1
120,1,-4,0.25,5,-1.5
407,1,-4,0.25,5,-2
38,1,-4,0.75,1,-0.5
102,1,-4,0.75,1,-1
44,1,-4,0.75,1,-1.5
94,1,-4,0.75,1,-2
80,1,-4,0.75,2,-0.5
140,1,-4,0.75,2,-1
78,1,-4,0.75,2,-1.5
22,1,-4,0.75,2,-2
38,1,-4,0.75,3,-0.5
27,1,-4,0.75,3,-1
68,1,-4,0.75,3,-1.5
21,1,-4,0.75,3,-2
69,1,-4,0.75,4,-0.5
28,1,-4,0.75,4,-1
48,1,-4,0.75,4,-1.5
256,1,-4,0.75,4,-2
28,1,-4,0.75,5,-0.5
20,1,-4,0.75,5,-1
29,1,-4,0.75,5,-1.5
60,1,-4,0.75,5,-2
34,1,-4,1.25,1,-0.5
25,1,-4,1.25,1,-1
83,1,-4,1.25,1,-1.5
32,1,-4,1.25,1,-2
49,1,-4,1.25,2,-0.5
26,1,-4,1.25,2,-1
47,1,-4,1.25,2,-1.5
35,1,-4,1.25,2,-2
37,1,-4,1.25,3,-0.5
22,1,-4,1.25,3,-1
22,1,-4,1.25,3,-1.5
47,1,-4,1.25,3,-2
32,1,-4,1.25,4,-0.5
43,1,-4,1.25,4,-1
34,1,-4,1.25,4,-1.5
45,1,-4,1.25,4,-2
36,1,-4,1.25,5,-0.5
16,1,-4,1.25,5,-1
39,1,-4,1.25,5,-1.5
74,1,-4,1.25,5,-2
68,1,-4,1.75,1,-0.5
58,1,-4,1.75,1,-1
29,1,-4,1.75,1,-1.5
59,1,-4,1.75,1,-2
69,1,-4,1.75,2,-0.5
42,1,-4,1.75,2,-1
45,1,-4,1.75,2,-1.5
80,1,-4,1.75,2,-2
48,1,-4,1.75,3,-0.5
64,1,-4,1.75,3,-1
59,1,-4,1.75,3,-1.5
51,1,-4,1.75,3,-2
33,1,-4,1.75,4,-0.5
47,1,-4,1.75,4,-1
57,1,-4,1.75,4,-1.5
38,1,-4,1.75,4,-2
26,1,-4,1.75,5,-0.5
44,1,-4,1.75,5,-1
39,1,-4,1.75,5,-1.5
44,1,-4,1.75,5,-2
480,1,-5,0.25,1,-0.5
188,1,-5,0.25,1,-1
219,1,-5,0.25,1,-1.5
253,1,-5,0.25,1,-2
397,1,-5,0.25,2,-0.5
203,1,-5,0.25,2,-1
86,1,-5,0.25,2,-1.5
254,1,-5,0.25,2,-2
397,1,-5,0.25,3,-0.5
132,1,-5,0.25,3,-1
42,1,-5,0.25,3,-1.5
220,1,-5,0.25,3,-2
397,1,-5,0.25,4,-0.5
328,1,-5,0.25,4,-1
359,1,-5,0.25,4,-1.5
205,1,-5,0.25,4,-2
397,1,-5,0.25,5,-0.5
58,1,-5,0.25,5,-1
159,1,-5,0.25,5,-1.5
372,1,-5,0.25,5,-2
55,1,-5,0.75,1,-0.5
145,1,-5,0.75,1,-1
253,1,-5,0.75,1,-1.5
148,1,-5,0.75,1,-2
452,1,-5,0.75,2,-0.5
113,1,-5,0.75,2,-1
361,1,-5,0.75,2,-1.5
79,1,-5,0.75,2,-2
43,1,-5,0.75,3,-0.5
36,1,-5,0.75,3,-1
80,1,-5,0.75,3,-1.5
54,1,-5,0.75,3,-2
89,1,-5,0.75,4,-0.5
66,1,-5,0.75,4,-1
174,1,-5,0.75,4,-1.5
190,1,-5,0.75,4,-2
302,1,-5,0.75,5,-0.5
109,1,-5,0.75,5,-1
56,1,-5,0.75,5,-1.5
42,1,-5,0.75,5,-2
53,1,-5,1.25,1,-0.5
89,1,-5,1.25,1,-1
48,1,-5,1.25,1,-1.5
36,1,-5,1.25,1,-2
78,1,-5,1.25,2,-0.5
36,1,-5,1.25,2,-1
36,1,-5,1.25,2,-1.5
79,1,-5,1.25,2,-2
26,1,-5,1.25,3,-0.5
19,1,-5,1.25,3,-1
30,1,-5,1.25,3,-1.5
60,1,-5,1.25,3,-2
28,1,-5,1.25,4,-0.5
61,1,-5,1.25,4,-1
100,1,-5,1.25,4,-1.5
75,1,-5,1.25,4,-2
67,1,-5,1.25,5,-0.5
25,1,-5,1.25,5,-1
19,1,-5,1.25,5,-1.5
50,1,-5,1.25,5,-2
61,1,-5,1.75,1,-0.5
56,1,-5,1.75,1,-1
37,1,-5,1.75,1,-1.5
21,1,-5,1.75,1,-2
50,1,-5,1.75,2,-0.5
95,1,-5,1.75,2,-1
39,1,-5,1.75,2,-1.5
55,1,-5,1.75,2,-2
68,1,-5,1.75,3,-0.5
63,1,-5,1.75,3,-1
67,1,-5,1.75,3,-1.5
27,1,-5,1.75,3,-2
21,1,-5,1.75,4,-0.5
25,1,-5,1.75,4,-1
20,1,-5,1.75,4,-1.5
56,1,-5,1.75,4,-2
35,1,-5,1.75,5,-0.5
41,1,-5,1.75,5,-1
36,1,-5,1.75,5,-1.5
70,1,-5,1.75,5,-2
96,2,-1,0.25,1,-0.5
40,2,-1,0.25,1,-1
42,2,-1,0.25,1,-1.5
28,2,-1,0.25,1,-2
181,2,-1,0.25,2,-0.5
79,2,-1,0.25,2,-1
55,2,-1,0.25,2,-1.5
27,2,-1,0.25,2,-2
40,2,-1,0.25,3,-0.5
79,2,-1,0.25,3,-1
40,2,-1,0.25,3,-1.5
34,2,-1,0.25,3,-2
133,2,-1,0.25,4,-0.5
98,2,-1,0.25,4,-1
76,2,-1,0.25,4,-1.5
35,2,-1,0.25,4,-2
192,2,-1,0.25,5,-0.5
75,2,-1,0.25,5,-1
101,2,-1,0.25,5,-1.5
42,2,-1,0.25,5,-2
42,2,-1,0.75,1,-0.5
52,2,-1,0.75,1,-1
41,2,-1,0.75,1,-1.5
34,2,-1,0.75,1,-2
71,2,-1,0.75,2,-0.5
37,2,-1,0.75,2,-1
39,2,-1,0.75,2,-1.5
26,2,-1,0.75,2,-2
50,2,-1,0.75,3,-0.5
57,2,-1,0.75,3,-1
27,2,-1,0.75,3,-1.5
19,2,-1,0.75,3,-2
73,2,-1,0.75,4,-0.5
38,2,-1,0.75,4,-1
39,2,-1,0.75,4,-1.5
40,2,-1,0.75,4,-2
43,2,-1,0.75,5,-0.5
56,2,-1,0.75,5,-1
46,2,-1,0.75,5,-1.5
42,2,-1,0.75,5,-2
115,2,-1,1.25,1,-0.5
40,2,-1,1.25,1,-1
59,2,-1,1.25,1,-1.5
37,2,-1,1.25,1,-2
109,2,-1,1.25,2,-0.5
41,2,-1,1.25,2,-1
63,2,-1,1.25,2,-1.5
48,2,-1,1.25,2,-2
64,2,-1,1.25,3,-0.5
51,2,-1,1.25,3,-1
75,2,-1,1.25,3,-1.5
41,2,-1,1.25,3,-2
65,2,-1,1.25,4,-0.5
65,2,-1,1.25,4,-1
58,2,-1,1.25,4,-1.5
49,2,-1,1.25,4,-2
85,2,-1,1.25,5,-0.5
62,2,-1,1.25,5,-1
78,2,-1,1.25,5,-1.5
26,2,-1,1.25,5,-2
133,2,-1,1.75,1,-0.5
107,2,-1,1.75,1,-1
85,2,-1,1.75,1,-1.5
108,2,-1,1.75,1,-2
119,2,-1,1.75,2,-0.5
112,2,-1,1.75,2,-1
104,2,-1,1.75,2,-1.5
100,2,-1,1.75,2,-2
118,2,-1,1.75,3,-0.5
104,2,-1,1.75,3,-1
74,2,-1,1.75,3,-1.5
75,2,-1,1.75,3,-2
102,2,-1,1.75,4,-0.5
86,2,-1,1.75,4,-1
135,2,-1,1.75,4,-1.5
76,2,-1,1.75,4,-2
88,2,-1,1.75,5,-0.5
100,2,-1,1.75,5,-1
95,2,-1,1.75,5,-1.5
84,2,-1,1.75,5,-2
112,2,-2,0.25,1,-0.5
85,2,-2,0.25,1,-1
45,2,-2,0.25,1,-1.5
86,2,-2,0.25,1,-2
404,2,-2,0.25,2,-0.5
129,2,-2,0.25,2,-1
194,2,-2,0.25,2,-1.5
37,2,-2,0.25,2,-2
126,2,-2,0.25,3,-0.5
74,2,-2,0.25,3,-1
106,2,-2,0.25,3,-1.5
41,2,-2,0.25,3,-2
118,2,-2,0.25,4,-0.5
104,2,-2,0.25,4,-1
431,2,-2,0.25,4,-1.5
62,2,-2,0.25,4,-2
292,2,-2,0.25,5,-0.5
278,2,-2,0.25,5,-1
47,2,-2,0.25,5,-1.5
68,2,-2,0.25,5,-2
48,2,-2,0.75,1,-0.5
45,2,-2,0.75,1,-1
32,2,-2,0.75,1,-1.5
42,2,-2,0.75,1,-2
47,2,-2,0.75,2,-0.5
68,2,-2,0.75,2,-1
37,2,-2,0.75,2,-1.5
48,2,-2,0.75,2,-2
70,2,-2,0.75,3,-0.5
27,2,-2,0.75,3,-1
23,2,-2,0.75,3,-1.5
28,2,-2,0.75,3,-2
32,2,-2,0.75,4,-0.5
57,2,-2,0.75,4,-1
56,2,-2,0.75,4,-1.5
35,2,-2,0.75,4,-2
68,2,-2,0.75,5,-0.5
25,2,-2,0.75,5,-1
35,2,-2,0.75,5,-1.5
71,2,-2,0.75,5,-2
45,2,-2,1.25,1,-0.5
61,2,-2,1.25,1,-1
38,2,-2,1.25,1,-1.5
37,2,-2,1.25,1,-2
82,2,-2,1.25,2,-0.5
43,2,-2,1.25,2,-1
45,2,-2,1.25,2,-1.5
49,2,-2,1.25,2,-2
62,2,-2,1.25,3,-0.5
48,2,-2,1.25,3,-1
26,2,-2,1.25,3,-1.5
33,2,-2,1.25,3,-2
61,2,-2,1.25,4,-0.5
34,2,-2,1.25,4,-1
28,2,-2,1.25,4,-1.5
27,2,-2,1.25,4,-2
48,2,-2,1.25,5,-0.5
38,2,-2,1.25,5,-1
43,2,-2,1.25,5,-1.5
61,2,-2,1.25,5,-2
89,2,-2,1.75,1,-0.5
81,2,-2,1.75,1,-1
58,2,-2,1.75,1,-1.5
60,2,-2,1.75,1,-2
68,2,-2,1.75,2,-0.5
47,2,-2,1.75,2,-1
47,2,-2,1.75,2,-1.5
32,2,-2,1.75,2,-2
61,2,-2,1.75,3,-0.5
58,2,-2,1.75,3,-1
49,2,-2,1.75,3,-1.5
63,2,-2,1.75,3,-2
89,2,-2,1.75,4,-0.5
53,2,-2,1.75,4,-1
36,2,-2,1.75,4,-1.5
44,2,-2,1.75,4,-2
56,2,-2,1.75,5,-0.5
81,2,-2,1.75,5,-1
22,2,-2,1.75,5,-1.5
50,2,-2,1.75,5,-2
130,2,-3,0.25,1,-0.5
121,2,-3,0.25,1,-1
204,2,-3,0.25,1,-1.5
106,2,-3,0.25,1,-2
251,2,-3,0.25,2,-0.5
285,2,-3,0.25,2,-1
54,2,-3,0.25,2,-1.5
48,2,-3,0.25,2,-2
473,2,-3,0.25,3,-0.5
326,2,-3,0.25,3,-1
125,2,-3,0.25,3,-1.5
211,2,-3,0.25,3,-2
399,2,-3,0.25,4,-0.5
77,2,-3,0.25,4,-1
300,2,-3,0.25,4,-1.5
81,2,-3,0.25,4,-2
181,2,-3,0.25,5,-0.5
328,2,-3,0.25,5,-1
139,2,-3,0.25,5,-1.5
134,2,-3,0.25,5,-2
254,2,-3,0.75,1,-0.5
377,2,-3,0.75,1,-1
92,2,-3,0.75,1,-1.5
81,2,-3,0.75,1,-2
40,2,-3,0.75,2,-0.5
60,2,-3,0.75,2,-1
138,2,-3,0.75,2,-1.5
25,2,-3,0.75,2,-2
434,2,-3,0.75,3,-0.5
62,2,-3,0.75,3,-1
80,2,-3,0.75,3,-1.5
35,2,-3,0.75,3,-2
82,2,-3,0.75,4,-0.5
58,2,-3,0.75,4,-1
35,2,-3,0.75,4,-1.5
24,2,-3,0.75,4,-2
54,2,-3,0.75,5,-0.5
39,2,-3,0.75,5,-1
38,2,-3,0.75,5,-1.5
32,2,-3,0.75,5,-2
88,2,-3,1.25,1,-0.5
31,2,-3,1.25,1,-1
24,2,-3,1.25,1,-1.5
39,2,-3,1.25,1,-2
19,2,-3,1.25,2,-0.5
94,2,-3,1.25,2,-1
38,2,-3,1.25,2,-1.5
24,2,-3,1.25,2,-2
32,2,-3,1.25,3,-0.5
27,2,-3,1.25,3,-1
29,2,-3,1.25,3,-1.5
22,2,-3,1.25,3,-2
26,2,-3,1.25,4,-0.5
63,2,-3,1.25,4,-1
68,2,-3,1.25,4,-1.5
31,2,-3,1.25,4,-2
34,2,-3,1.25,5,-0.5
33,2,-3,1.25,5,-1
32,2,-3,1.25,5,-1.5
39,2,-3,1.25,5,-2
76,2,-3,1.75,1,-0.5
70,2,-3,1.75,1,-1
54,2,-3,1.75,1,-1.5
50,2,-3,1.75,1,-2
78,2,-3,1.75,2,-0.5
67,2,-3,1.75,2,-1
50,2,-3,1.75,2,-1.5
25,2,-3,1.75,2,-2
36,2,-3,1.75,3,-0.5
54,2,-3,1.75,3,-1
85,2,-3,1.75,3,-1.5
33,2,-3,1.75,3,-2
61,2,-3,1.75,4,-0.5
49,2,-3,1.75,4,-1
44,2,-3,1.75,4,-1.5
23,2,-3,1.75,4,-2
69,2,-3,1.75,5,-0.5
52,2,-3,1.75,5,-1
45,2,-3,1.75,5,-1.5
35,2,-3,1.75,5,-2
450,2,-4,0.25,1,-0.5
290,2,-4,0.25,1,-1
339,2,-4,0.25,1,-1.5
46,2,-4,0.25,1,-2
185,2,-4,0.25,2,-0.5
140,2,-4,0.25,2,-1
123,2,-4,0.25,2,-1.5
83,2,-4,0.25,2,-2
508,2,-4,0.25,3,-0.5
95,2,-4,0.25,3,-1
290,2,-4,0.25,3,-1.5
42,2,-4,0.25,3,-2
416,2,-4,0.25,4,-0.5
283,2,-4,0.25,4,-1
92,2,-4,0.25,4,-1.5
170,2,-4,0.25,4,-2
275,2,-4,0.25,5,-0.5
109,2,-4,0.25,5,-1
170,2,-4,0.25,5,-1.5
330,2,-4,0.25,5,-2
102,2,-4,0.75,1,-0.5
119,2,-4,0.75,1,-1
94,2,-4,0.75,1,-1.5
75,2,-4,0.75,1,-2
113,2,-4,0.75,2,-0.5
299,2,-4,0.75,2,-1
92,2,-4,0.75,2,-1.5
157,2,-4,0.75,2,-2
237,2,-4,0.75,3,-0.5
20,2,-4,0.75,3,-1
35,2,-4,0.75,3,-1.5
54,2,-4,0.75,3,-2
84,2,-4,0.75,4,-0.5
141,2,-4,0.75,4,-1
62,2,-4,0.75,4,-1.5
62,2,-4,0.75,4,-2
34,2,-4,0.75,5,-0.5
28,2,-4,0.75,5,-1
110,2,-4,0.75,5,-1.5
111,2,-4,0.75,5,-2
41,2,-4,1.25,1,-0.5
87,2,-4,1.25,1,-1
23,2,-4,1.25,1,-1.5
19,2,-4,1.25,1,-2
74,2,-4,1.25,2,-0.5
34,2,-4,1.25,2,-1
38,2,-4,1.25,2,-1.5
64,2,-4,1.25,2,-2
51,2,-4,1.25,3,-0.5
65,2,-4,1.25,3,-1
38,2,-4,1.25,3,-1.5
30,2,-4,1.25,3,-2
52,2,-4,1.25,4,-0.5
42,2,-4,1.25,4,-1
20,2,-4,1.25,4,-1.5
32,2,-4,1.25,4,-2
23,2,-4,1.25,5,-0.5
35,2,-4,1.25,5,-1
26,2,-4,1.25,5,-1.5
30,2,-4,1.25,5,-2
55,2,-4,1.75,1,-0.5
107,2,-4,1.75,1,-1
36,2,-4,1.75,1,-1.5
54,2,-4,1.75,1,-2
37,2,-4,1.75,2,-0.5
40,2,-4,1.75,2,-1
30,2,-4,1.75,2,-1.5
25,2,-4,1.75,2,-2
30,2,-4,1.75,3,-0.5
32,2,-4,1.75,3,-1
19,2,-4,1.75,3,-1.5
28,2,-4,1.75,3,-2
34,2,-4,1.75,4,-0.5
22,2,-4,1.75,4,-1
24,2,-4,1.75,4,-1.5
37,2,-4,1.75,4,-2
39,2,-4,1.75,5,-0.5
25,2,-4,1.75,5,-1
29,2,-4,1.75,5,-1.5
40,2,-4,1.75,5,-2
299,2,-5,0.25,1,-0.5
363,2,-5,0.25,1,-1
214,2,-5,0.25,1,-1.5
96,2,-5,0.25,1,-2
393,2,-5,0.25,2,-0.5
96,2,-5,0.25,2,-1
275,2,-5,0.25,2,-1.5
277,2,-5,0.25,2,-2
486,2,-5,0.25,3,-0.5
346,2,-5,0.25,3,-1
192,2,-5,0.25,3,-1.5
56,2,-5,0.25,3,-2
273,2,-5,0.25,4,-0.5
367,2,-5,0.25,4,-1
183,2,-5,0.25,4,-1.5
87,2,-5,0.25,4,-2
331,2,-5,0.25,5,-0.5
149,2,-5,0.25,5,-1
281,2,-5,0.25,5,-1.5
174,2,-5,0.25,5,-2
398,2,-5,0.75,1,-0.5
122,2,-5,0.75,1,-1
191,2,-5,0.75,1,-1.5
92,2,-5,0.75,1,-2
49,2,-5,0.75,2,-0.5
51,2,-5,0.75,2,-1
77,2,-5,0.75,2,-1.5
24,2,-5,0.75,2,-2
680,2,-5,0.75,3,-0.5
69,2,-5,0.75,3,-1
105,2,-5,0.75,3,-1.5
101,2,-5,0.75,3,-2
97,2,-5,0.75,4,-0.5
252,2,-5,0.75,4,-1
141,2,-5,0.75,4,-1.5
79,2,-5,0.75,4,-2
438,2,-5,0.75,5,-0.5
451,2,-5,0.75,5,-1
145,2,-5,0.75,5,-1.5
127,2,-5,0.75,5,-2
54,2,-5,1.25,1,-0.5
50,2,-5,1.25,1,-1
49,2,-5,1.25,1,-1.5
56,2,-5,1.25,1,-2
47,2,-5,1.25,2,-0.5
35,2,-5,1.25,2,-1
318,2,-5,1.25,2,-1.5
60,2,-5,1.25,2,-2
39,2,-5,1.25,3,-0.5
71,2,-5,1.25,3,-1
96,2,-5,1.25,3,-1.5
62,2,-5,1.25,3,-2
193,2,-5,1.25,4,-0.5
23,2,-5,1.25,4,-1
39,2,-5,1.25,4,-1.5
78,2,-5,1.25,4,-2
58,2,-5,1.25,5,-0.5
50,2,-5,1.25,5,-1
95,2,-5,1.25,5,-1.5
46,2,-5,1.25,5,-2
56,2,-5,1.75,1,-0.5
51,2,-5,1.75,1,-1
33,2,-5,1.75,1,-1.5
77,2,-5,1.75,1,-2
57,2,-5,1.75,2,-0.5
28,2,-5,1.75,2,-1
21,2,-5,1.75,2,-1.5
31,2,-5,1.75,2,-2
87,2,-5,1.75,3,-0.5
19,2,-5,1.75,3,-1
25,2,-5,1.75,3,-1.5
28,2,-5,1.75,3,-2
49,2,-5,1.75,4,-0.5
19,2,-5,1.75,4,-1
26,2,-5,1.75,4,-1.5
39,2,-5,1.75,4,-2
48,2,-5,1.75,5,-0.5
46,2,-5,1.75,5,-1
68,2,-5,1.75,5,-1.5
31,2,-5,1.75,5,-2
146,3,-1,0.25,1,-0.5
105,3,-1,0.25,1,-1
71,3,-1,0.25,1,-1.5
96,3,-1,0.25,1,-2
197,3,-1,0.25,2,-0.5
70,3,-1,0.25,2,-1
480,3,-1,0.25,2,-1.5
78,3,-1,0.25,2,-2
138,3,-1,0.25,3,-0.5
70,3,-1,0.25,3,-1
73,3,-1,0.25,3,-1.5
29,3,-1,0.25,3,-2
69,3,-1,0.25,4,-0.5
115,3,-1,0.25,4,-1
134,3,-1,0.25,4,-1.5
73,3,-1,0.25,4,-2
83,3,-1,0.25,5,-0.5
244,3,-1,0.25,5,-1
102,3,-1,0.25,5,-1.5
40,3,-1,0.25,5,-2
59,3,-1,0.75,1,-0.5
20,3,-1,0.75,1,-1
68,3,-1,0.75,1,-1.5
40,3,-1,0.75,1,-2
80,3,-1,0.75,2,-0.5
62,3,-1,0.75,2,-1
56,3,-1,0.75,2,-1.5
26,3,-1,0.75,2,-2
75,3,-1,0.75,3,-0.5
61,3,-1,0.75,3,-1
19,3,-1,0.75,3,-1.5
78,3,-1,0.75,3,-2
128,3,-1,0.75,4,-0.5
76,3,-1,0.75,4,-1
19,3,-1,0.75,4,-1.5
30,3,-1,0.75,4,-2
75,3,-1,0.75,5,-0.5
26,3,-1,0.75,5,-1
37,3,-1,0.75,5,-1.5
51,3,-1,0.75,5,-2
74,3,-1,1.25,1,-0.5
66,3,-1,1.25,1,-1
48,3,-1,1.25,1,-1.5
70,3,-1,1.25,1,-2
63,3,-1,1.25,2,-0.5
75,3,-1,1.25,2,-1
51,3,-1,1.25,2,-1.5
43,3,-1,1.25,2,-2
110,3,-1,1.25,3,-0.5
62,3,-1,1.25,3,-1
88,3,-1,1.25,3,-1.5
32,3,-1,1.25,3,-2
75,3,-1,1.25,4,-0.5
37,3,-1,1.25,4,-1
30,3,-1,1.25,4,-1.5
57,3,-1,1.25,4,-2
71,3,-1,1.25,5,-0.5
55,3,-1,1.25,5,-1
62,3,-1,1.25,5,-1.5
83,3,-1,1.25,5,-2
126,3,-1,1.75,1,-0.5
93,3,-1,1.75,1,-1
97,3,-1,1.75,1,-1.5
76,3,-1,1.75,1,-2
154,3,-1,1.75,2,-0.5
121,3,-1,1.75,2,-1
70,3,-1,1.75,2,-1.5
71,3,-1,1.75,2,-2
117,3,-1,1.75,3,-0.5
88,3,-1,1.75,3,-1
53,3,-1,1.75,3,-1.5
57,3,-1,1.75,3,-2
94,3,-1,1.75,4,-0.5
83,3,-1,1.75,4,-1
70,3,-1,1.75,4,-1.5
80,3,-1,1.75,4,-2
101,3,-1,1.75,5,-0.5
87,3,-1,1.75,5,-1
71,3,-1,1.75,5,-1.5
107,3,-1,1.75,5,-2
168,3,-2,0.25,1,-0.5
158,3,-2,0.25,1,-1
153,3,-2,0.25,1,-1.5
92,3,-2,0.25,1,-2
122,3,-2,0.25,2,-0.5
264,3,-2,0.25,2,-1
387,3,-2,0.25,2,-1.5
148,3,-2,0.25,2,-2
149,3,-2,0.25,3,-0.5
283,3,-2,0.25,3,-1
141,3,-2,0.25,3,-1.5
50,3,-2,0.25,3,-2
120,3,-2,0.25,4,-0.5
250,3,-2,0.25,4,-1
82,3,-2,0.25,4,-1.5
41,3,-2,0.25,4,-2
103,3,-2,0.25,5,-0.5
186,3,-2,0.25,5,-1
42,3,-2,0.25,5,-1.5
91,3,-2,0.25,5,-2
277,3,-2,0.75,1,-0.5
72,3,-2,0.75,1,-1
70,3,-2,0.75,1,-1.5
68,3,-2,0.75,1,-2
73,3,-2,0.75,2,-0.5
33,3,-2,0.75,2,-1
54,3,-2,0.75,2,-1.5
79,3,-2,0.75,2,-2
102,3,-2,0.75,3,-0.5
36,3,-2,0.75,3,-1
27,3,-2,0.75,3,-1.5
61,3,-2,0.75,3,-2
49,3,-2,0.75,4,-0.5
67,3,-2,0.75,4,-1
57,3,-2,0.75,4,-1.5
32,3,-2,0.75,4,-2
219,3,-2,0.75,5,-0.5
50,3,-2,0.75,5,-1
44,3,-2,0.75,5,-1.5
41,3,-2,0.75,5,-2
82,3,-2,1.25,1,-0.5
50,3,-2,1.25,1,-1
65,3,-2,1.25,1,-1.5
26,3,-2,1.25,1,-2
42,3,-2,1.25,2,-0.5
76,3,-2,1.25,2,-1
35,3,-2,1.25,2,-1.5
34,3,-2,1.25,2,-2
41,3,-2,1.25,3,-0.5
41,3,-2,1.25,3,-1
22,3,-2,1.25,3,-1.5
51,3,-2,1.25,3,-2
72,3,-2,1.25,4,-0.5
66,3,-2,1.25,4,-1
31,3,-2,1.25,4,-1.5
27,3,-2,1.25,4,-2
73,3,-2,1.25,5,-0.5
46,3,-2,1.25,5,-1
47,3,-2,1.25,5,-1.5
46,3,-2,1.25,5,-2
58,3,-2,1.75,1,-0.5
57,3,-2,1.75,1,-1
86,3,-2,1.75,1,-1.5
58,3,-2,1.75,1,-2
75,3,-2,1.75,2,-0.5
83,3,-2,1.75,2,-1
49,3,-2,1.75,2,-1.5
63,3,-2,1.75,2,-2
70,3,-2,1.75,3,-0.5
69,3,-2,1.75,3,-1
49,3,-2,1.75,3,-1.5
51,3,-2,1.75,3,-2
59,3,-2,1.75,4,-0.5
31,3,-2,1.75,4,-1
62,3,-2,1.75,4,-1.5
30,3,-2,1.75,4,-2
66,3,-2,1.75,5,-0.5
53,3,-2,1.75,5,-1
81,3,-2,1.75,5,-1.5
67,3,-2,1.75,5,-2
422,3,-3,0.25,1,-0.5
471,3,-3,0.25,1,-1
204,3,-3,0.25,1,-1.5
76,3,-3,0.25,1,-2
334,3,-3,0.25,2,-0.5
358,3,-3,0.25,2,-1
194,3,-3,0.25,2,-1.5
82,3,-3,0.25,2,-2
382,3,-3,0.25,3,-0.5
293,3,-3,0.25,3,-1
438,3,-3,0.25,3,-1.5
82,3,-3,0.25,3,-2
395,3,-3,0.25,4,-0.5
439,3,-3,0.25,4,-1
90,3,-3,0.25,4,-1.5
197,3,-3,0.25,4,-2
317,3,-3,0.25,5,-0.5
161,3,-3,0.25,5,-1
63,3,-3,0.25,5,-1.5
103,3,-3,0.25,5,-2
324,3,-3,0.75,1,-0.5
42,3,-3,0.75,1,-1
33,3,-3,0.75,1,-1.5
33,3,-3,0.75,1,-2
339,3,-3,0.75,2,-0.5
79,3,-3,0.75,2,-1
69,3,-3,0.75,2,-1.5
181,3,-3,0.75,2,-2
88,3,-3,0.75,3,-0.5
49,3,-3,0.75,3,-1
149,3,-3,0.75,3,-1.5
45,3,-3,0.75,3,-2
23,3,-3,0.75,4,-0.5
24,3,-3,0.75,4,-1
23,3,-3,0.75,4,-1.5
41,3,-3,0.75,4,-2
106,3,-3,0.75,5,-0.5
41,3,-3,0.75,5,-1
54,3,-3,0.75,5,-1.5
23,3,-3,0.75,5,-2
50,3,-3,1.25,1,-0.5
62,3,-3,1.25,1,-1
33,3,-3,1.25,1,-1.5
22,3,-3,1.25,1,-2
65,3,-3,1.25,2,-0.5
65,3,-3,1.25,2,-1
30,3,-3,1.25,2,-1.5
30,3,-3,1.25,2,-2
64,3,-3,1.25,3,-0.5
44,3,-3,1.25,3,-1
20,3,-3,1.25,3,-1.5
51,3,-3,1.25,3,-2
39,3,-3,1.25,4,-0.5
40,3,-3,1.25,4,-1
47,3,-3,1.25,4,-1.5
25,3,-3,1.25,4,-2
36,3,-3,1.25,5,-0.5
53,3,-3,1.25,5,-1
30,3,-3,1.25,5,-1.5
18,3,-3,1.25,5,-2
77,3,-3,1.75,1,-0.5
107,3,-3,1.75,1,-1
24,3,-3,1.75,1,-1.5
46,3,-3,1.75,1,-2
53,3,-3,1.75,2,-0.5
63,3,-3,1.75,2,-1
35,3,-3,1.75,2,-1.5
43,3,-3,1.75,2,-2
73,3,-3,1.75,3,-0.5
35,3,-3,1.75,3,-1
63,3,-3,1.75,3,-1.5
30,3,-3,1.75,3,-2
46,3,-3,1.75,4,-0.5
63,3,-3,1.75,4,-1
26,3,-3,1.75,4,-1.5
38,3,-3,1.75,4,-2
68,3,-3,1.75,5,-0.5
39,3,-3,1.75,5,-1
51,3,-3,1.75,5,-1.5
19,3,-3,1.75,5,-2
376,3,-4,0.25,1,-0.5
233,3,-4,0.25,1,-1
86,3,-4,0.25,1,-1.5
124,3,-4,0.25,1,-2
371,3,-4,0.25,2,-0.5
238,3,-4,0.25,2,-1
190,3,-4,0.25,2,-1.5
110,3,-4,0.25,2,-2
427,3,-4,0.25,3,-0.5
422,3,-4,0.25,3,-1
177,3,-4,0.25,3,-1.5
111,3,-4,0.25,3,-2
126,3,-4,0.25,4,-0.5
294,3,-4,0.25,4,-1
325,3,-4,0.25,4,-1.5
414,3,-4,0.25,4,-2
506,3,-4,0.25,5,-0.5
399,3,-4,0.25,5,-1
435,3,-4,0.25,5,-1.5
208,3,-4,0.25,5,-2
413,3,-4,0.75,1,-0.5
129,3,-4,0.75,1,-1
59,3,-4,0.75,1,-1.5
33,3,-4,0.75,1,-2
55,3,-4,0.75,2,-0.5
46,3,-4,0.75,2,-1
134,3,-4,0.75,2,-1.5
48,3,-4,0.75,2,-2
60,3,-4,0.75,3,-0.5
126,3,-4,0.75,3,-1
131,3,-4,0.75,3,-1.5
80,3,-4,0.75,3,-2
214,3,-4,0.75,4,-0.5
64,3,-4,0.75,4,-1
48,3,-4,0.75,4,-1.5
38,3,-4,0.75,4,-2
140,3,-4,0.75,5,-0.5
89,3,-4,0.75,5,-1
52,3,-4,0.75,5,-1.5
52,3,-4,0.75,5,-2
45,3,-4,1.25,1,-0.5
50,3,-4,1.25,1,-1
104,3,-4,1.25,1,-1.5
96,3,-4,1.25,1,-2
45,3,-4,1.25,2,-0.5
82,3,-4,1.25,2,-1
55,3,-4,1.25,2,-1.5
31,3,-4,1.25,2,-2
27,3,-4,1.25,3,-0.5
150,3,-4,1.25,3,-1
112,3,-4,1.25,3,-1.5
20,3,-4,1.25,3,-2
22,3,-4,1.25,4,-0.5
31,3,-4,1.25,4,-1
91,3,-4,1.25,4,-1.5
25,3,-4,1.25,4,-2
97,3,-4,1.25,5,-0.5
72,3,-4,1.25,5,-1
58,3,-4,1.25,5,-1.5
79,3,-4,1.25,5,-2
62,3,-4,1.75,1,-0.5
33,3,-4,1.75,1,-1
28,3,-4,1.75,1,-1.5
74,3,-4,1.75,1,-2
39,3,-4,1.75,2,-0.5
46,3,-4,1.75,2,-1
26,3,-4,1.75,2,-1.5
23,3,-4,1.75,2,-2
40,3,-4,1.75,3,-0.5
41,3,-4,1.75,3,-1
47,3,-4,1.75,3,-1.5
25,3,-4,1.75,3,-2
53,3,-4,1.75,4,-0.5
31,3,-4,1.75,4,-1
62,3,-4,1.75,4,-1.5
19,3,-4,1.75,4,-2
59,3,-4,1.75,5,-0.5
119,3,-4,1.75,5,-1
36,3,-4,1.75,5,-1.5
23,3,-4,1.75,5,-2
427,3,-5,0.25,1,-0.5
316,3,-5,0.25,1,-1
526,3,-5,0.25,1,-1.5
187,3,-5,0.25,1,-2
425,3,-5,0.25,2,-0.5
300,3,-5,0.25,2,-1
525,3,-5,0.25,2,-1.5
87,3,-5,0.25,2,-2
388,3,-5,0.25,3,-0.5
301,3,-5,0.25,3,-1
525,3,-5,0.25,3,-1.5
367,3,-5,0.25,3,-2
399,3,-5,0.25,4,-0.5
302,3,-5,0.25,4,-1
354,3,-5,0.25,4,-1.5
376,3,-5,0.25,4,-2
153,3,-5,0.25,5,-0.5
443,3,-5,0.25,5,-1
144,3,-5,0.25,5,-1.5
192,3,-5,0.25,5,-2
339,3,-5,0.75,1,-0.5
226,3,-5,0.75,1,-1
94,3,-5,0.75,1,-1.5
128,3,-5,0.75,1,-2
94,3,-5,0.75,2,-0.5
180,3,-5,0.75,2,-1
168,3,-5,0.75,2,-1.5
265,3,-5,0.75,2,-2
191,3,-5,0.75,3,-0.5
142,3,-5,0.75,3,-1
44,3,-5,0.75,3,-1.5
81,3,-5,0.75,3,-2
543,3,-5,0.75,4,-0.5
70,3,-5,0.75,4,-1
68,3,-5,0.75,4,-1.5
29,3,-5,0.75,4,-2
543,3,-5,0.75,5,-0.5
413,3,-5,0.75,5,-1
94,3,-5,0.75,5,-1.5
141,3,-5,0.75,5,-2
525,3,-5,1.25,1,-0.5
115,3,-5,1.25,1,-1
31,3,-5,1.25,1,-1.5
31,3,-5,1.25,1,-2
19,3,-5,1.25,2,-0.5
145,3,-5,1.25,2,-1
42,3,-5,1.25,2,-1.5
53,3,-5,1.25,2,-2
77,3,-5,1.25,3,-0.5
23,3,-5,1.25,3,-1
26,3,-5,1.25,3,-1.5
51,3,-5,1.25,3,-2
28,3,-5,1.25,4,-0.5
51,3,-5,1.25,4,-1
20,3,-5,1.25,4,-1.5
52,3,-5,1.25,4,-2
35,3,-5,1.25,5,-0.5
41,3,-5,1.25,5,-1
28,3,-5,1.25,5,-1.5
162,3,-5,1.25,5,-2
65,3,-5,1.75,1,-0.5
31,3,-5,1.75,1,-1
49,3,-5,1.75,1,-1.5
34,3,-5,1.75,1,-2
61,3,-5,1.75,2,-0.5
18,3,-5,1.75,2,-1
46,3,-5,1.75,2,-1.5
46,3,-5,1.75,2,-2
83,3,-5,1.75,3,-0.5
30,3,-5,1.75,3,-1
26,3,-5,1.75,3,-1.5
41,3,-5,1.75,3,-2
25,3,-5,1.75,4,-0.5
36,3,-5,1.75,4,-1
19,3,-5,1.75,4,-1.5
48,3,-5,1.75,4,-2
22,3,-5,1.75,5,-0.5
30,3,-5,1.75,5,-1
23,3,-5,1.75,5,-1.5
31,3,-5,1.75,5,-2
237,4,-1,0.25,1,-0.5
281,4,-1,0.25,1,-1
154,4,-1,0.25,1,-1.5
100,4,-1,0.25,1,-2
136,4,-1,0.25,2,-0.5
456,4,-1,0.25,2,-1
137,4,-1,0.25,2,-1.5
290,4,-1,0.25,2,-2
132,4,-1,0.25,3,-0.5
142,4,-1,0.25,3,-1
127,4,-1,0.25,3,-1.5
86,4,-1,0.25,3,-2
167,4,-1,0.25,4,-0.5
111,4,-1,0.25,4,-1
109,4,-1,0.25,4,-1.5
84,4,-1,0.25,4,-2
112,4,-1,0.25,5,-0.5
193,4,-1,0.25,5,-1
63,4,-1,0.25,5,-1.5
80,4,-1,0.25,5,-2
135,4,-1,0.75,1,-0.5
200,4,-1,0.75,1,-1
67,4,-1,0.75,1,-1.5
56,4,-1,0.75,1,-2
120,4,-1,0.75,2,-0.5
87,4,-1,0.75,2,-1
36,4,-1,0.75,2,-1.5
80,4,-1,0.75,2,-2
172,4,-1,0.75,3,-0.5
70,4,-1,0.75,3,-1
61,4,-1,0.75,3,-1.5
34,4,-1,0.75,3,-2
107,4,-1,0.75,4,-0.5
95,4,-1,0.75,4,-1
51,4,-1,0.75,4,-1.5
77,4,-1,0.75,4,-2
224,4,-1,0.75,5,-0.5
112,4,-1,0.75,5,-1
74,4,-1,0.75,5,-1.5
59,4,-1,0.75,5,-2
111,4,-1,1.25,1,-0.5
75,4,-1,1.25,1,-1
43,4,-1,1.25,1,-1.5
74,4,-1,1.25,1,-2
104,4,-1,1.25,2,-0.5
58,4,-1,1.25,2,-1
48,4,-1,1.25,2,-1.5
57,4,-1,1.25,2,-2
101,4,-1,1.25,3,-0.5
95,4,-1,1.25,3,-1
46,4,-1,1.25,3,-1.5
44,4,-1,1.25,3,-2
64,4,-1,1.25,4,-0.5
62,4,-1,1.25,4,-1
60,4,-1,1.25,4,-1.5
38,4,-1,1.25,4,-2
65,4,-1,1.25,5,-0.5
86,4,-1,1.25,5,-1
47,4,-1,1.25,5,-1.5
31,4,-1,1.25,5,-2
144,4,-1,1.75,1,-0.5
83,4,-1,1.75,1,-1
50,4,-1,1.75,1,-1.5
111,4,-1,1.75,1,-2
103,4,-1,1.75,2,-0.5
104,4,-1,1.75,2,-1
51,4,-1,1.75,2,-1.5
58,4,-1,1.75,2,-2
115,4,-1,1.75,3,-0.5
105,4,-1,1.75,3,-1
59,4,-1,1.75,3,-1.5
60,4,-1,1.75,3,-2
95,4,-1,1.75,4,-0.5
98,4,-1,1.75,4,-1
79,4,-1,1.75,4,-1.5
69,4,-1,1.75,4,-2
83,4,-1,1.75,5,-0.5
76,4,-1,1.75,5,-1
58,4,-1,1.75,5,-1.5
49,4,-1,1.75,5,-2
278,4,-2,0.25,1,-0.5
289,4,-2,0.25,1,-1
108,4,-2,0.25,1,-1.5
89,4,-2,0.25,1,-2
216,4,-2,0.25,2,-0.5
119,4,-2,0.25,2,-1
234,4,-2,0.25,2,-1.5
167,4,-2,0.25,2,-2
394,4,-2,0.25,3,-0.5
109,4,-2,0.25,3,-1
86,4,-2,0.25,3,-1.5
149,4,-2,0.25,3,-2
291,4,-2,0.25,4,-0.5
144,4,-2,0.25,4,-1
87,4,-2,0.25,4,-1.5
111,4,-2,0.25,4,-2
403,4,-2,0.25,5,-0.5
328,4,-2,0.25,5,-1
91,4,-2,0.25,5,-1.5
106,4,-2,0.25,5,-2
101,4,-2,0.75,1,-0.5
106,4,-2,0.75,1,-1
126,4,-2,0.75,1,-1.5
107,4,-2,0.75,1,-2
127,4,-2,0.75,2,-0.5
78,4,-2,0.75,2,-1
83,4,-2,0.75,2,-1.5
55,4,-2,0.75,2,-2
114,4,-2,0.75,3,-0.5
65,4,-2,0.75,3,-1
51,4,-2,0.75,3,-1.5
94,4,-2,0.75,3,-2
108,4,-2,0.75,4,-0.5
46,4,-2,0.75,4,-1
114,4,-2,0.75,4,-1.5
151,4,-2,0.75,4,-2
62,4,-2,0.75,5,-0.5
58,4,-2,0.75,5,-1
39,4,-2,0.75,5,-1.5
71,4,-2,0.75,5,-2
85,4,-2,1.25,1,-0.5
72,4,-2,1.25,1,-1
46,4,-2,1.25,1,-1.5
53,4,-2,1.25,1,-2
116,4,-2,1.25,2,-0.5
64,4,-2,1.25,2,-1
58,4,-2,1.25,2,-1.5
40,4,-2,1.25,2,-2
97,4,-2,1.25,3,-0.5
48,4,-2,1.25,3,-1
37,4,-2,1.25,3,-1.5
31,4,-2,1.25,3,-2
55,4,-2,1.25,4,-0.5
71,4,-2,1.25,4,-1
31,4,-2,1.25,4,-1.5
48,4,-2,1.25,4,-2
59,4,-2,1.25,5,-0.5
59,4,-2,1.25,5,-1
21,4,-2,1.25,5,-1.5
54,4,-2,1.25,5,-2
74,4,-2,1.75,1,-0.5
92,4,-2,1.75,1,-1
50,4,-2,1.75,1,-1.5
47,4,-2,1.75,1,-2
87,4,-2,1.75,2,-0.5
71,4,-2,1.75,2,-1
34,4,-2,1.75,2,-1.5
35,4,-2,1.75,2,-2
84,4,-2,1.75,3,-0.5
65,4,-2,1.75,3,-1
54,4,-2,1.75,3,-1.5
43,4,-2,1.75,3,-2
65,4,-2,1.75,4,-0.5
70,4,-2,1.75,4,-1
33,4,-2,1.75,4,-1.5
34,4,-2,1.75,4,-2
96,4,-2,1.75,5,-0.5
48,4,-2,1.75,5,-1
78,4,-2,1.75,5,-1.5
32,4,-2,1.75,5,-2
361,4,-3,0.25,1,-0.5
499,4,-3,0.25,1,-1
303,4,-3,0.25,1,-1.5
214,4,-3,0.25,1,-2
213,4,-3,0.25,2,-0.5
388,4,-3,0.25,2,-1
248,4,-3,0.25,2,-1.5
178,4,-3,0.25,2,-2
419,4,-3,0.25,3,-0.5
116,4,-3,0.25,3,-1
85,4,-3,0.25,3,-1.5
294,4,-3,0.25,3,-2
421,4,-3,0.25,4,-0.5
221,4,-3,0.25,4,-1
145,4,-3,0.25,4,-1.5
52,4,-3,0.25,4,-2
325,4,-3,0.25,5,-0.5
295,4,-3,0.25,5,-1
149,4,-3,0.25,5,-1.5
336,4,-3,0.25,5,-2
76,4,-3,0.75,1,-0.5
187,4,-3,0.75,1,-1
257,4,-3,0.75,1,-1.5
73,4,-3,0.75,1,-2
163,4,-3,0.75,2,-0.5
73,4,-3,0.75,2,-1
73,4,-3,0.75,2,-1.5
96,4,-3,0.75,2,-2
87,4,-3,0.75,3,-0.5
121,4,-3,0.75,3,-1
55,4,-3,0.75,3,-1.5
150,4,-3,0.75,3,-2
113,4,-3,0.75,4,-0.5
109,4,-3,0.75,4,-1
148,4,-3,0.75,4,-1.5
60,4,-3,0.75,4,-2
183,4,-3,0.75,5,-0.5
66,4,-3,0.75,5,-1
54,4,-3,0.75,5,-1.5
78,4,-3,0.75,5,-2
72,4,-3,1.25,1,-0.5
110,4,-3,1.25,1,-1
50,4,-3,1.25,1,-1.5
19,4,-3,1.25,1,-2
77,4,-3,1.25,2,-0.5
49,4,-3,1.25,2,-1
44,4,-3,1.25,2,-1.5
16,4,-3,1.25,2,-2
163,4,-3,1.25,3,-0.5
25,4,-3,1.25,3,-1
43,4,-3,1.25,3,-1.5
61,4,-3,1.25,3,-2
52,4,-3,1.25,4,-0.5
38,4,-3,1.25,4,-1
24,4,-3,1.25,4,-1.5
113,4,-3,1.25,4,-2
68,4,-3,1.25,5,-0.5
60,4,-3,1.25,5,-1
60,4,-3,1.25,5,-1.5
63,4,-3,1.25,5,-2
57,4,-3,1.75,1,-0.5
80,4,-3,1.75,1,-1
59,4,-3,1.75,1,-1.5
47,4,-3,1.75,1,-2
79,4,-3,1.75,2,-0.5
67,4,-3,1.75,2,-1
43,4,-3,1.75,2,-1.5
40,4,-3,1.75,2,-2
38,4,-3,1.75,3,-0.5
38,4,-3,1.75,3,-1
51,4,-3,1.75,3,-1.5
54,4,-3,1.75,3,-2
43,4,-3,1.75,4,-0.5
41,4,-3,1.75,4,-1
60,4,-3,1.75,4,-1.5
32,4,-3,1.75,4,-2
54,4,-3,1.75,5,-0.5
33,4,-3,1.75,5,-1
27,4,-3,1.75,5,-1.5
62,4,-3,1.75,5,-2
445,4,-4,0.25,1,-0.5
148,4,-4,0.25,1,-1
351,4,-4,0.25,1,-1.5
225,4,-4,0.25,1,-2
229,4,-4,0.25,2,-0.5
378,4,-4,0.25,2,-1
189,4,-4,0.25,2,-1.5
266,4,-4,0.25,2,-2
359,4,-4,0.25,3,-0.5
309,4,-4,0.25,3,-1
434,4,-4,0.25,3,-1.5
159,4,-4,0.25,3,-2
361,4,-4,0.25,4,-0.5
285,4,-4,0.25,4,-1
481,4,-4,0.25,4,-1.5
272,4,-4,0.25,4,-2
260,4,-4,0.25,5,-0.5
189,4,-4,0.25,5,-1
108,4,-4,0.25,5,-1.5
272,4,-4,0.25,5,-2
93,4,-4,0.75,1,-0.5
134,4,-4,0.75,1,-1
84,4,-4,0.75,1,-1.5
142,4,-4,0.75,1,-2
103,4,-4,0.75,2,-0.5
354,4,-4,0.75,2,-1
153,4,-4,0.75,2,-1.5
233,4,-4,0.75,2,-2
387,4,-4,0.75,3,-0.5
444,4,-4,0.75,3,-1
138,4,-4,0.75,3,-1.5
150,4,-4,0.75,3,-2
56,4,-4,0.75,4,-0.5
81,4,-4,0.75,4,-1
79,4,-4,0.75,4,-1.5
24,4,-4,0.75,4,-2
85,4,-4,0.75,5,-0.5
29,4,-4,0.75,5,-1
218,4,-4,0.75,5,-1.5
83,4,-4,0.75,5,-2
157,4,-4,1.25,1,-0.5
43,4,-4,1.25,1,-1
64,4,-4,1.25,1,-1.5
133,4,-4,1.25,1,-2
60,4,-4,1.25,2,-0.5
35,4,-4,1.25,2,-1
55,4,-4,1.25,2,-1.5
60,4,-4,1.25,2,-2
79,4,-4,1.25,3,-0.5
150,4,-4,1.25,3,-1
76,4,-4,1.25,3,-1.5
79,4,-4,1.25,3,-2
99,4,-4,1.25,4,-0.5
46,4,-4,1.25,4,-1
47,4,-4,1.25,4,-1.5
186,4,-4,1.25,4,-2
55,4,-4,1.25,5,-0.5
30,4,-4,1.25,5,-1
54,4,-4,1.25,5,-1.5
39,4,-4,1.25,5,-2
51,4,-4,1.75,1,-0.5
24,4,-4,1.75,1,-1
60,4,-4,1.75,1,-1.5
106,4,-4,1.75,1,-2
35,4,-4,1.75,2,-0.5
55,4,-4,1.75,2,-1
66,4,-4,1.75,2,-1.5
16,4,-4,1.75,2,-2
33,4,-4,1.75,3,-0.5
41,4,-4,1.75,3,-1
23,4,-4,1.75,3,-1.5
51,4,-4,1.75,3,-2
21,4,-4,1.75,4,-0.5
64,4,-4,1.75,4,-1
92,4,-4,1.75,4,-1.5
20,4,-4,1.75,4,-2
72,4,-4,1.75,5,-0.5
103,4,-4,1.75,5,-1
33,4,-4,1.75,5,-1.5
30,4,-4,1.75,5,-2
558,4,-5,0.25,1,-0.5
382,4,-5,0.25,1,-1
531,4,-5,0.25,1,-1.5
289,4,-5,0.25,1,-2
196,4,-5,0.25,2,-0.5
339,4,-5,0.25,2,-1
531,4,-5,0.25,2,-1.5
72,4,-5,0.25,2,-2
500,4,-5,0.25,3,-0.5
432,4,-5,0.25,3,-1
531,4,-5,0.25,3,-1.5
226,4,-5,0.25,3,-2
471,4,-5,0.25,4,-0.5
277,4,-5,0.25,4,-1
242,4,-5,0.25,4,-1.5
194,4,-5,0.25,4,-2
339,4,-5,0.25,5,-0.5
192,4,-5,0.25,5,-1
476,4,-5,0.25,5,-1.5
465,4,-5,0.25,5,-2
557,4,-5,0.75,1,-0.5
37,4,-5,0.75,1,-1
156,4,-5,0.75,1,-1.5
111,4,-5,0.75,1,-2
120,4,-5,0.75,2,-0.5
180,4,-5,0.75,2,-1
62,4,-5,0.75,2,-1.5
293,4,-5,0.75,2,-2
122,4,-5,0.75,3,-0.5
119,4,-5,0.75,3,-1
62,4,-5,0.75,3,-1.5
145,4,-5,0.75,3,-2
685,4,-5,0.75,4,-0.5
413,4,-5,0.75,4,-1
49,4,-5,0.75,4,-1.5
32,4,-5,0.75,4,-2
575,4,-5,0.75,5,-0.5
428,4,-5,0.75,5,-1
442,4,-5,0.75,5,-1.5
55,4,-5,0.75,5,-2
84,4,-5,1.25,1,-0.5
34,4,-5,1.25,1,-1
235,4,-5,1.25,1,-1.5
88,4,-5,1.25,1,-2
489,4,-5,1.25,2,-0.5
308,4,-5,1.25,2,-1
48,4,-5,1.25,2,-1.5
125,4,-5,1.25,2,-2
220,4,-5,1.25,3,-0.5
62,4,-5,1.25,3,-1
70,4,-5,1.25,3,-1.5
150,4,-5,1.25,3,-2
487,4,-5,1.25,4,-0.5
69,4,-5,1.25,4,-1
54,4,-5,1.25,4,-1.5
106,4,-5,1.25,4,-2
173,4,-5,1.25,5,-0.5
59,4,-5,1.25,5,-1
53,4,-5,1.25,5,-1.5
96,4,-5,1.25,5,-2
196,4,-5,1.75,1,-0.5
37,4,-5,1.75,1,-1
36,4,-5,1.75,1,-1.5
40,4,-5,1.75,1,-2
60,4,-5,1.75,2,-0.5
49,4,-5,1.75,2,-1
55,4,-5,1.75,2,-1.5
52,4,-5,1.75,2,-2
75,4,-5,1.75,3,-0.5
25,4,-5,1.75,3,-1
39,4,-5,1.75,3,-1.5
61,4,-5,1.75,3,-2
62,4,-5,1.75,4,-0.5
130,4,-5,1.75,4,-1
43,4,-5,1.75,4,-1.5
64,4,-5,1.75,4,-2
142,4,-5,1.75,5,-0.5
28,4,-5,1.75,5,-1
38,4,-5,1.75,5,-1.5
47,4,-5,1.75,5,-2
186,5,-1,0.25,1,-0.5
168,5,-1,0.25,1,-1
196,5,-1,0.25,1,-1.5
144,5,-1,0.25,1,-2
192,5,-1,0.25,2,-0.5
193,5,-1,0.25,2,-1
173,5,-1,0.25,2,-1.5
116,5,-1,0.25,2,-2
217,5,-1,0.25,3,-0.5
149,5,-1,0.25,3,-1
162,5,-1,0.25,3,-1.5
167,5,-1,0.25,3,-2
265,5,-1,0.25,4,-0.5
202,5,-1,0.25,4,-1
138,5,-1,0.25,4,-1.5
80,5,-1,0.25,4,-2
174,5,-1,0.25,5,-0.5
146,5,-1,0.25,5,-1
122,5,-1,0.25,5,-1.5
147,5,-1,0.25,5,-2
140,5,-1,0.75,1,-0.5
111,5,-1,0.75,1,-1
126,5,-1,0.75,1,-1.5
126,5,-1,0.75,1,-2
141,5,-1,0.75,2,-0.5
113,5,-1,0.75,2,-1
91,5,-1,0.75,2,-1.5
82,5,-1,0.75,2,-2
118,5,-1,0.75,3,-0.5
130,5,-1,0.75,3,-1
51,5,-1,0.75,3,-1.5
101,5,-1,0.75,3,-2
164,5,-1,0.75,4,-0.5
114,5,-1,0.75,4,-1
91,5,-1,0.75,4,-1.5
74,5,-1,0.75,4,-2
148,5,-1,0.75,5,-0.5
94,5,-1,0.75,5,-1
90,5,-1,0.75,5,-1.5
90,5,-1,0.75,5,-2
110,5,-1,1.25,1,-0.5
99,5,-1,1.25,1,-1
83,5,-1,1.25,1,-1.5
93,5,-1,1.25,1,-2
155,5,-1,1.25,2,-0.5
95,5,-1,1.25,2,-1
72,5,-1,1.25,2,-1.5
63,5,-1,1.25,2,-2
120,5,-1,1.25,3,-0.5
87,5,-1,1.25,3,-1
60,5,-1,1.25,3,-1.5
46,5,-1,1.25,3,-2
92,5,-1,1.25,4,-0.5
81,5,-1,1.25,4,-1
63,5,-1,1.25,4,-1.5
86,5,-1,1.25,4,-2
79,5,-1,1.25,5,-0.5
84,5,-1,1.25,5,-1
52,5,-1,1.25,5,-1.5
59,5,-1,1.25,5,-2
148,5,-1,1.75,1,-0.5
99,5,-1,1.75,1,-1
103,5,-1,1.75,1,-1.5
63,5,-1,1.75,1,-2
109,5,-1,1.75,2,-0.5
94,5,-1,1.75,2,-1
57,5,-1,1.75,2,-1.5
63,5,-1,1.75,2,-2
83,5,-1,1.75,3,-0.5
74,5,-1,1.75,3,-1
83,5,-1,1.75,3,-1.5
78,5,-1,1.75,3,-2
141,5,-1,1.75,4,-0.5
68,5,-1,1.75,4,-1
65,5,-1,1.75,4,-1.5
81,5,-1,1.75,4,-2
87,5,-1,1.75,5,-0.5
85,5,-1,1.75,5,-1
90,5,-1,1.75,5,-1.5
56,5,-1,1.75,5,-2
397,5,-2,0.25,1,-0.5
205,5,-2,0.25,1,-1
155,5,-2,0.25,1,-1.5
172,5,-2,0.25,1,-2
217,5,-2,0.25,2,-0.5
279,5,-2,0.25,2,-1
134,5,-2,0.25,2,-1.5
309,5,-2,0.25,2,-2
264,5,-2,0.25,3,-0.5
187,5,-2,0.25,3,-1
203,5,-2,0.25,3,-1.5
160,5,-2,0.25,3,-2
259,5,-2,0.25,4,-0.5
143,5,-2,0.25,4,-1
88,5,-2,0.25,4,-1.5
102,5,-2,0.25,4,-2
240,5,-2,0.25,5,-0.5
163,5,-2,0.25,5,-1
138,5,-2,0.25,5,-1.5
133,5,-2,0.25,5,-2
181,5,-2,0.75,1,-0.5
104,5,-2,0.75,1,-1
98,5,-2,0.75,1,-1.5
90,5,-2,0.75,1,-2
174,5,-2,0.75,2,-0.5
179,5,-2,0.75,2,-1
101,5,-2,0.75,2,-1.5
160,5,-2,0.75,2,-2
148,5,-2,0.75,3,-0.5
107,5,-2,0.75,3,-1
120,5,-2,0.75,3,-1.5
101,5,-2,0.75,3,-2
86,5,-2,0.75,4,-0.5
115,5,-2,0.75,4,-1
95,5,-2,0.75,4,-1.5
86,5,-2,0.75,4,-2
135,5,-2,0.75,5,-0.5
110,5,-2,0.75,5,-1
90,5,-2,0.75,5,-1.5
91,5,-2,0.75,5,-2
123,5,-2,1.25,1,-0.5
51,5,-2,1.25,1,-1
53,5,-2,1.25,1,-1.5
67,5,-2,1.25,1,-2
157,5,-2,1.25,2,-0.5
99,5,-2,1.25,2,-1
34,5,-2,1.25,2,-1.5
50,5,-2,1.25,2,-2
108,5,-2,1.25,3,-0.5
85,5,-2,1.25,3,-1
26,5,-2,1.25,3,-1.5
39,5,-2,1.25,3,-2
99,5,-2,1.25,4,-0.5
82,5,-2,1.25,4,-1
31,5,-2,1.25,4,-1.5
22,5,-2,1.25,4,-2
62,5,-2,1.25,5,-0.5
35,5,-2,1.25,5,-1
69,5,-2,1.25,5,-1.5
22,5,-2,1.25,5,-2
101,5,-2,1.75,1,-0.5
75,5,-2,1.75,1,-1
70,5,-2,1.75,1,-1.5
53,5,-2,1.75,1,-2
79,5,-2,1.75,2,-0.5
62,5,-2,1.75,2,-1
90,5,-2,1.75,2,-1.5
81,5,-2,1.75,2,-2
77,5,-2,1.75,3,-0.5
71,5,-2,1.75,3,-1
80,5,-2,1.75,3,-1.5
22,5,-2,1.75,3,-2
56,5,-2,1.75,4,-0.5
71,5,-2,1.75,4,-1
64,5,-2,1.75,4,-1.5
56,5,-2,1.75,4,-2
70,5,-2,1.75,5,-0.5
81,5,-2,1.75,5,-1
46,5,-2,1.75,5,-1.5
50,5,-2,1.75,5,-2
437,5,-3,0.25,1,-0.5
373,5,-3,0.25,1,-1
380,5,-3,0.25,1,-1.5
178,5,-3,0.25,1,-2
450,5,-3,0.25,2,-0.5
179,5,-3,0.25,2,-1
87,5,-3,0.25,2,-1.5
156,5,-3,0.25,2,-2
263,5,-3,0.25,3,-0.5
501,5,-3,0.25,3,-1
229,5,-3,0.25,3,-1.5
104,5,-3,0.25,3,-2
184,5,-3,0.25,4,-0.5
358,5,-3,0.25,4,-1
341,5,-3,0.25,4,-1.5
282,5,-3,0.25,4,-2
157,5,-3,0.25,5,-0.5
387,5,-3,0.25,5,-1
343,5,-3,0.25,5,-1.5
304,5,-3,0.25,5,-2
477,5,-3,0.75,1,-0.5
143,5,-3,0.75,1,-1
76,5,-3,0.75,1,-1.5
157,5,-3,0.75,1,-2
85,5,-3,0.75,2,-0.5
113,5,-3,0.75,2,-1
61,5,-3,0.75,2,-1.5
274,5,-3,0.75,2,-2
153,5,-3,0.75,3,-0.5
77,5,-3,0.75,3,-1
143,5,-3,0.75,3,-1.5
95,5,-3,0.75,3,-2
156,5,-3,0.75,4,-0.5
113,5,-3,0.75,4,-1
446,5,-3,0.75,4,-1.5
37,5,-3,0.75,4,-2
81,5,-3,0.75,5,-0.5
118,5,-3,0.75,5,-1
79,5,-3,0.75,5,-1.5
65,5,-3,0.75,5,-2
107,5,-3,1.25,1,-0.5
71,5,-3,1.25,1,-1
79,5,-3,1.25,1,-1.5
94,5,-3,1.25,1,-2
82,5,-3,1.25,2,-0.5
65,5,-3,1.25,2,-1
62,5,-3,1.25,2,-1.5
62,5,-3,1.25,2,-2
73,5,-3,1.25,3,-0.5
44,5,-3,1.25,3,-1
40,5,-3,1.25,3,-1.5
50,5,-3,1.25,3,-2
417,5,-3,1.25,4,-0.5
43,5,-3,1.25,4,-1
68,5,-3,1.25,4,-1.5
68,5,-3,1.25,4,-2
454,5,-3,1.25,5,-0.5
70,5,-3,1.25,5,-1
58,5,-3,1.25,5,-1.5
29,5,-3,1.25,5,-2
54,5,-3,1.75,1,-0.5
87,5,-3,1.75,1,-1
51,5,-3,1.75,1,-1.5
64,5,-3,1.75,1,-2
80,5,-3,1.75,2,-0.5
57,5,-3,1.75,2,-1
44,5,-3,1.75,2,-1.5
29,5,-3,1.75,2,-2
63,5,-3,1.75,3,-0.5
54,5,-3,1.75,3,-1
34,5,-3,1.75,3,-1.5
49,5,-3,1.75,3,-2
77,5,-3,1.75,4,-0.5
93,5,-3,1.75,4,-1
30,5,-3,1.75,4,-1.5
107,5,-3,1.75,4,-2
66,5,-3,1.75,5,-0.5
41,5,-3,1.75,5,-1
37,5,-3,1.75,5,-1.5
34,5,-3,1.75,5,-2
220,5,-4,0.25,1,-0.5
303,5,-4,0.25,1,-1
227,5,-4,0.25,1,-1.5
223,5,-4,0.25,1,-2
428,5,-4,0.25,2,-0.5
218,5,-4,0.25,2,-1
127,5,-4,0.25,2,-1.5
387,5,-4,0.25,2,-2
357,5,-4,0.25,3,-0.5
336,5,-4,0.25,3,-1
233,5,-4,0.25,3,-1.5
479,5,-4,0.25,3,-2
253,5,-4,0.25,4,-0.5
502,5,-4,0.25,4,-1
252,5,-4,0.25,4,-1.5
474,5,-4,0.25,4,-2
246,5,-4,0.25,5,-0.5
157,5,-4,0.25,5,-1
87,5,-4,0.25,5,-1.5
295,5,-4,0.25,5,-2
399,5,-4,0.75,1,-0.5
112,5,-4,0.75,1,-1
75,5,-4,0.75,1,-1.5
56,5,-4,0.75,1,-2
136,5,-4,0.75,2,-0.5
77,5,-4,0.75,2,-1
307,5,-4,0.75,2,-1.5
147,5,-4,0.75,2,-2
187,5,-4,0.75,3,-0.5
233,5,-4,0.75,3,-1
51,5,-4,0.75,3,-1.5
103,5,-4,0.75,3,-2
207,5,-4,0.75,4,-0.5
319,5,-4,0.75,4,-1
165,5,-4,0.75,4,-1.5
176,5,-4,0.75,4,-2
308,5,-4,0.75,5,-0.5
112,5,-4,0.75,5,-1
58,5,-4,0.75,5,-1.5
90,5,-4,0.75,5,-2
53,5,-4,1.25,1,-0.5
165,5,-4,1.25,1,-1
70,5,-4,1.25,1,-1.5
71,5,-4,1.25,1,-2
61,5,-4,1.25,2,-0.5
118,5,-4,1.25,2,-1
226,5,-4,1.25,2,-1.5
88,5,-4,1.25,2,-2
46,5,-4,1.25,3,-0.5
99,5,-4,1.25,3,-1
30,5,-4,1.25,3,-1.5
43,5,-4,1.25,3,-2
119,5,-4,1.25,4,-0.5
76,5,-4,1.25,4,-1
61,5,-4,1.25,4,-1.5
26,5,-4,1.25,4,-2
33,5,-4,1.25,5,-0.5
21,5,-4,1.25,5,-1
45,5,-4,1.25,5,-1.5
20,5,-4,1.25,5,-2
48,5,-4,1.75,1,-0.5
86,5,-4,1.75,1,-1
60,5,-4,1.75,1,-1.5
52,5,-4,1.75,1,-2
80,5,-4,1.75,2,-0.5
61,5,-4,1.75,2,-1
47,5,-4,1.75,2,-1.5
51,5,-4,1.75,2,-2
38,5,-4,1.75,3,-0.5
88,5,-4,1.75,3,-1
40,5,-4,1.75,3,-1.5
59,5,-4,1.75,3,-2
48,5,-4,1.75,4,-0.5
62,5,-4,1.75,4,-1
41,5,-4,1.75,4,-1.5
21,5,-4,1.75,4,-2
56,5,-4,1.75,5,-0.5
30,5,-4,1.75,5,-1
94,5,-4,1.75,5,-1.5
39,5,-4,1.75,5,-2
329,5,-5,0.25,1,-0.5
180,5,-5,0.25,1,-1
263,5,-5,0.25,1,-1.5
195,5,-5,0.25,1,-2
346,5,-5,0.25,2,-0.5
499,5,-5,0.25,2,-1
426,5,-5,0.25,2,-1.5
458,5,-5,0.25,2,-2
341,5,-5,0.25,3,-0.5
301,5,-5,0.25,3,-1
426,5,-5,0.25,3,-1.5
300,5,-5,0.25,3,-2
462,5,-5,0.25,4,-0.5
443,5,-5,0.25,4,-1
428,5,-5,0.25,4,-1.5
206,5,-5,0.25,4,-2
326,5,-5,0.25,5,-0.5
500,5,-5,0.25,5,-1
295,5,-5,0.25,5,-1.5
476,5,-5,0.25,5,-2
247,5,-5,0.75,1,-0.5
204,5,-5,0.75,1,-1
140,5,-5,0.75,1,-1.5
224,5,-5,0.75,1,-2
149,5,-5,0.75,2,-0.5
178,5,-5,0.75,2,-1
151,5,-5,0.75,2,-1.5
330,5,-5,0.75,2,-2
562,5,-5,0.75,3,-0.5
326,5,-5,0.75,3,-1
92,5,-5,0.75,3,-1.5
194,5,-5,0.75,3,-2
562,5,-5,0.75,4,-0.5
126,5,-5,0.75,4,-1
116,5,-5,0.75,4,-1.5
129,5,-5,0.75,4,-2
562,5,-5,0.75,5,-0.5
139,5,-5,0.75,5,-1
194,5,-5,0.75,5,-1.5
144,5,-5,0.75,5,-2
62,5,-5,1.25,1,-0.5
85,5,-5,1.25,1,-1
148,5,-5,1.25,1,-1.5
99,5,-5,1.25,1,-2
100,5,-5,1.25,2,-0.5
61,5,-5,1.25,2,-1
40,5,-5,1.25,2,-1.5
34,5,-5,1.25,2,-2
83,5,-5,1.25,3,-0.5
149,5,-5,1.25,3,-1
247,5,-5,1.25,3,-1.5
41,5,-5,1.25,3,-2
747,5,-5,1.25,4,-0.5
78,5,-5,1.25,4,-1
60,5,-5,1.25,4,-1.5
46,5,-5,1.25,4,-2
134,5,-5,1.25,5,-0.5
23,5,-5,1.25,5,-1
28,5,-5,1.25,5,-1.5
38,5,-5,1.25,5,-2
127,5,-5,1.75,1,-0.5
179,5,-5,1.75,1,-1
49,5,-5,1.75,1,-1.5
61,5,-5,1.75,1,-2
43,5,-5,1.75,2,-0.5
65,5,-5,1.75,2,-1
47,5,-5,1.75,2,-1.5
35,5,-5,1.75,2,-2
64,5,-5,1.75,3,-0.5
413,5,-5,1.75,3,-1
38,5,-5,1.75,3,-1.5
186,5,-5,1.75,3,-2
30,5,-5,1.75,4,-0.5
59,5,-5,1.75,4,-1
29,5,-5,1.75,4,-1.5
44,5,-5,1.75,4,-2
66,5,-5,1.75,5,-0.5
101,5,-5,1.75,5,-1
52,5,-5,1.75,5,-1.5
429,5,-5,1.75,5,-2
