26,1,-1,0.25,1,-0.5
518,1,-1,0.25,1,-1
31,1,-1,0.25,1,-1.5
17,1,-1,0.25,1,-2
38,1,-1,0.25,2,-0.5
518,1,-1,0.25,2,-1
21,1,-1,0.25,2,-1.5
25,1,-1,0.25,2,-2
48,1,-1,0.25,3,-0.5
60,1,-1,0.25,3,-1
45,1,-1,0.25,3,-1.5
49,1,-1,0.25,3,-2
23,1,-1,0.25,4,-0.5
64,1,-1,0.25,4,-1
61,1,-1,0.25,4,-1.5
67,1,-1,0.25,4,-2
45,1,-1,0.25,5,-0.5
41,1,-1,0.25,5,-1
48,1,-1,0.25,5,-1.5
37,1,-1,0.25,5,-2
57,1,-1,0.75,1,-0.5
23,1,-1,0.75,1,-1
52,1,-1,0.75,1,-1.5
35,1,-1,0.75,1,-2
40,1,-1,0.75,2,-0.5
48,1,-1,0.75,2,-1
36,1,-1,0.75,2,-1.5
46,1,-1,0.75,2,-2
66,1,-1,0.75,3,-0.5
51,1,-1,0.75,3,-1
58,1,-1,0.75,3,-1.5
21,1,-1,0.75,3,-2
50,1,-1,0.75,4,-0.5
54,1,-1,0.75,4,-1
40,1,-1,0.75,4,-1.5
54,1,-1,0.75,4,-2
60,1,-1,0.75,5,-0.5
61,1,-1,0.75,5,-1
65,1,-1,0.75,5,-1.5
52,1,-1,0.75,5,-2
138,1,-1,1.25,1,-0.5
87,1,-1,1.25,1,-1
71,1,-1,1.25,1,-1.5
92,1,-1,1.25,1,-2
102,1,-1,1.25,2,-0.5
96,1,-1,1.25,2,-1
58,1,-1,1.25,2,-1.5
63,1,-1,1.25,2,-2
111,1,-1,1.25,3,-0.5
126,1,-1,1.25,3,-1
75,1,-1,1.25,3,-1.5
60,1,-1,1.25,3,-2
72,1,-1,1.25,4,-0.5
71,1,-1,1.25,4,-1
107,1,-1,1.25,4,-1.5
75,1,-1,1.25,4,-2
112,1,-1,1.25,5,-0.5
97,1,-1,1.25,5,-1
83,1,-1,1.25,5,-1.5
65,1,-1,1.25,5,-2
166,1,-1,1.75,1,-0.5
171,1,-1,1.75,1,-1
108,1,-1,1.75,1,-1.5
92,1,-1,1.75,1,-2
169,1,-1,1.75,2,-0.5
108,1,-1,1.75,2,-1
144,1,-1,1.75,2,-1.5
103,1,-1,1.75,2,-2
142,1,-1,1.75,3,-0.5
112,1,-1,1.75,3,-1
107,1,-1,1.75,3,-1.5
105,1,-1,1.75,3,-2
182,1,-1,1.75,4,-0.5
104,1,-1,1.75,4,-1
117,1,-1,1.75,4,-1.5
83,1,-1,1.75,4,-2
129,1,-1,1.75,5,-0.5
104,1,-1,1.75,5,-1
99,1,-1,1.75,5,-1.5
137,1,-1,1.75,5,-2
47,1,-2,0.25,1,-0.5
197,1,-2,0.25,1,-1
83,1,-2,0.25,1,-1.5
32,1,-2,0.25,1,-2
33,1,-2,0.25,2,-0.5
107,1,-2,0.25,2,-1
63,1,-2,0.25,2,-1.5
34,1,-2,0.25,2,-2
57,1,-2,0.25,3,-0.5
27,1,-2,0.25,3,-1
25,1,-2,0.25,3,-1.5
28,1,-2,0.25,3,-2
52,1,-2,0.25,4,-0.5
55,1,-2,0.25,4,-1
46,1,-2,0.25,4,-1.5
20,1,-2,0.25,4,-2
27,1,-2,0.25,5,-0.5
106,1,-2,0.25,5,-1
40,1,-2,0.25,5,-1.5
25,1,-2,0.25,5,-2
52,1,-2,0.75,1,-0.5
23,1,-2,0.75,1,-1
26,1,-2,0.75,1,-1.5
59,1,-2,0.75,1,-2
21,1,-2,0.75,2,-0.5
16,1,-2,0.75,2,-1
35,1,-2,0.75,2,-1.5
25,1,-2,0.75,2,-2
36,1,-2,0.75,3,-0.5
24,1,-2,0.75,3,-1
35,1,-2,0.75,3,-1.5
30,1,-2,0.75,3,-2
23,1,-2,0.75,4,-0.5
29,1,-2,0.75,4,-1
29,1,-2,0.75,4,-1.5
23,1,-2,0.75,4,-2
20,1,-2,0.75,5,-0.5
28,1,-2,0.75,5,-1
66,1,-2,0.75,5,-1.5
29,1,-2,0.75,5,-2
71,1,-2,1.25,1,-0.5
41,1,-2,1.25,1,-1
71,1,-2,1.25,1,-1.5
42,1,-2,1.25,1,-2
42,1,-2,1.25,2,-0.5
42,1,-2,1.25,2,-1
45,1,-2,1.25,2,-1.5
59,1,-2,1.25,2,-2
53,1,-2,1.25,3,-0.5
36,1,-2,1.25,3,-1
32,1,-2,1.25,3,-1.5
58,1,-2,1.25,3,-2
27,1,-2,1.25,4,-0.5
47,1,-2,1.25,4,-1
30,1,-2,1.25,4,-1.5
47,1,-2,1.25,4,-2
48,1,-2,1.25,5,-0.5
47,1,-2,1.25,5,-1
32,1,-2,1.25,5,-1.5
50,1,-2,1.25,5,-2
115,1,-2,1.75,1,-0.5
97,1,-2,1.75,1,-1
42,1,-2,1.75,1,-1.5
85,1,-2,1.75,1,-2
118,1,-2,1.75,2,-0.5
79,1,-2,1.75,2,-1
69,1,-2,1.75,2,-1.5
80,1,-2,1.75,2,-2
98,1,-2,1.75,3,-0.5
71,1,-2,1.75,3,-1
70,1,-2,1.75,3,-1.5
100,1,-2,1.75,3,-2
76,1,-2,1.75,4,-0.5
79,1,-2,1.75,4,-1
56,1,-2,1.75,4,-1.5
62,1,-2,1.75,4,-2
88,1,-2,1.75,5,-0.5
61,1,-2,1.75,5,-1
84,1,-2,1.75,5,-1.5
59,1,-2,1.75,5,-2
493,1,-3,0.25,1,-0.5
135,1,-3,0.25,1,-1
49,1,-3,0.25,1,-1.5
28,1,-3,0.25,1,-2
493,1,-3,0.25,2,-0.5
163,1,-3,0.25,2,-1
32,1,-3,0.25,2,-1.5
55,1,-3,0.25,2,-2
40,1,-3,0.25,3,-0.5
169,1,-3,0.25,3,-1
61,1,-3,0.25,3,-1.5
172,1,-3,0.25,3,-2
461,1,-3,0.25,4,-0.5
91,1,-3,0.25,4,-1
93,1,-3,0.25,4,-1.5
39,1,-3,0.25,4,-2
461,1,-3,0.25,5,-0.5
47,1,-3,0.25,5,-1
83,1,-3,0.25,5,-1.5
39,1,-3,0.25,5,-2
24,1,-3,0.75,1,-0.5
23,1,-3,0.75,1,-1
37,1,-3,0.75,1,-1.5
26,1,-3,0.75,1,-2
23,1,-3,0.75,2,-0.5
20,1,-3,0.75,2,-1
127,1,-3,0.75,2,-1.5
27,1,-3,0.75,2,-2
53,1,-3,0.75,3,-0.5
27,1,-3,0.75,3,-1
21,1,-3,0.75,3,-1.5
24,1,-3,0.75,3,-2
15,1,-3,0.75,4,-0.5
51,1,-3,0.75,4,-1
21,1,-3,0.75,4,-1.5
38,1,-3,0.75,4,-2
26,1,-3,0.75,5,-0.5
34,1,-3,0.75,5,-1
30,1,-3,0.75,5,-1.5
20,1,-3,0.75,5,-2
27,1,-3,1.25,1,-0.5
20,1,-3,1.25,1,-1
21,1,-3,1.25,1,-1.5
30,1,-3,1.25,1,-2
33,1,-3,1.25,2,-0.5
27,1,-3,1.25,2,-1
38,1,-3,1.25,2,-1.5
27,1,-3,1.25,2,-2
32,1,-3,1.25,3,-0.5
61,1,-3,1.25,3,-1
32,1,-3,1.25,3,-1.5
34,1,-3,1.25,3,-2
27,1,-3,1.25,4,-0.5
30,1,-3,1.25,4,-1
34,1,-3,1.25,4,-1.5
29,1,-3,1.25,4,-2
42,1,-3,1.25,5,-0.5
23,1,-3,1.25,5,-1
47,1,-3,1.25,5,-1.5
37,1,-3,1.25,5,-2
66,1,-3,1.75,1,-0.5
53,1,-3,1.75,1,-1
43,1,-3,1.75,1,-1.5
56,1,-3,1.75,1,-2
89,1,-3,1.75,2,-0.5
75,1,-3,1.75,2,-1
43,1,-3,1.75,2,-1.5
49,1,-3,1.75,2,-2
62,1,-3,1.75,3,-0.5
56,1,-3,1.75,3,-1
41,1,-3,1.75,3,-1.5
55,1,-3,1.75,3,-2
76,1,-3,1.75,4,-0.5
54,1,-3,1.75,4,-1
34,1,-3,1.75,4,-1.5
26,1,-3,1.75,4,-2
68,1,-3,1.75,5,-0.5
74,1,-3,1.75,5,-1
47,1,-3,1.75,5,-1.5
64,1,-3,1.75,5,-2
200,1,-4,0.25,1,-0.5
222,1,-4,0.25,1,-1
120,1,-4,0.25,1,-1.5
34,1,-4,0.25,1,-2
148,1,-4,0.25,2,-0.5
187,1,-4,0.25,2,-1
89,1,-4,0.25,2,-1.5
83,1,-4,0.25,2,-2
176,1,-4,0.25,3,-0.5
224,1,-4,0.25,3,-1
227,1,-4,0.25,3,-1.5
384,1,-4,0.25,3,-2
65,1,-4,0.25,4,-0.5
63,1,-4,0.25,4,-1
24,1,-4,0.25,4,-1.5
384,1,-4,0.25,4,-2
119,1,-4,0.25,5,-0.5
468,1,-4,0.25,5,-1
35,1,-4,0.25,5,-1.5
384,1,-4,0.25,5,-2
138,1,-4,0.75,1,-0.5
24,1,-4,0.75,1,-1
113,1,-4,0.75,1,-1.5
20,1,-4,0.75,1,-2
45,1,-4,0.75,2,-0.5
15,1,-4,0.75,2,-1
26,1,-4,0.75,2,-1.5
28,1,-4,0.75,2,-2
26,1,-4,0.75,3,-0.5
39,1,-4,0.75,3,-1
38,1,-4,0.75,3,-1.5
21,1,-4,0.75,3,-2
20,1,-4,0.75,4,-0.5
37,1,-4,0.75,4,-1
38,1,-4,0.75,4,-1.5
20,1,-4,0.75,4,-2
61,1,-4,0.75,5,-0.5
72,1,-4,0.75,5,-1
53,1,-4,0.75,5,-1.5
24,1,-4,0.75,5,-2
22,1,-4,1.25,1,-0.5
20,1,-4,1.25,1,-1
40,1,-4,1.25,1,-1.5
22,1,-4,1.25,1,-2
83,1,-4,1.25,2,-0.5
18,1,-4,1.25,2,-1
17,1,-4,1.25,2,-1.5
29,1,-4,1.25,2,-2
19,1,-4,1.25,3,-0.5
56,1,-4,1.25,3,-1
41,1,-4,1.25,3,-1.5
20,1,-4,1.25,3,-2
36,1,-4,1.25,4,-0.5
31,1,-4,1.25,4,-1
61,1,-4,1.25,4,-1.5
34,1,-4,1.25,4,-2
45,1,-4,1.25,5,-0.5
27,1,-4,1.25,5,-1
80,1,-4,1.25,5,-1.5
28,1,-4,1.25,5,-2
60,1,-4,1.75,1,-0.5
38,1,-4,1.75,1,-1
76,1,-4,1.75,1,-1.5
46,1,-4,1.75,1,-2
54,1,-4,1.75,2,-0.5
39,1,-4,1.75,2,-1
53,1,-4,1.75,2,-1.5
38,1,-4,1.75,2,-2
65,1,-4,1.75,3,-0.5
26,1,-4,1.75,3,-1
27,1,-4,1.75,3,-1.5
43,1,-4,1.75,3,-2
67,1,-4,1.75,4,-0.5
31,1,-4,1.75,4,-1
19,1,-4,1.75,4,-1.5
17,1,-4,1.75,4,-2
28,1,-4,1.75,5,-0.5
35,1,-4,1.75,5,-1
18,1,-4,1.75,5,-1.5
47,1,-4,1.75,5,-2
106,1,-5,0.25,1,-0.5
122,1,-5,0.25,1,-1
143,1,-5,0.25,1,-1.5
84,1,-5,0.25,1,-2
78,1,-5,0.25,2,-0.5
87,1,-5,0.25,2,-1
342,1,-5,0.25,2,-1.5
113,1,-5,0.25,2,-2
53,1,-5,0.25,3,-0.5
264,1,-5,0.25,3,-1
113,1,-5,0.25,3,-1.5
128,1,-5,0.25,3,-2
69,1,-5,0.25,4,-0.5
47,1,-5,0.25,4,-1
146,1,-5,0.25,4,-1.5
118,1,-5,0.25,4,-2
106,1,-5,0.25,5,-0.5
89,1,-5,0.25,5,-1
186,1,-5,0.25,5,-1.5
50,1,-5,0.25,5,-2
116,1,-5,0.75,1,-0.5
182,1,-5,0.75,1,-1
115,1,-5,0.75,1,-1.5
68,1,-5,0.75,1,-2
58,1,-5,0.75,2,-0.5
39,1,-5,0.75,2,-1
64,1,-5,0.75,2,-1.5
33,1,-5,0.75,2,-2
34,1,-5,0.75,3,-0.5
29,1,-5,0.75,3,-1
28,1,-5,0.75,3,-1.5
33,1,-5,0.75,3,-2
18,1,-5,0.75,4,-0.5
164,1,-5,0.75,4,-1
71,1,-5,0.75,4,-1.5
44,1,-5,0.75,4,-2
40,1,-5,0.75,5,-0.5
82,1,-5,0.75,5,-1
74,1,-5,0.75,5,-1.5
45,1,-5,0.75,5,-2
22,1,-5,1.25,1,-0.5
37,1,-5,1.25,1,-1
29,1,-5,1.25,1,-1.5
50,1,-5,1.25,1,-2
33,1,-5,1.25,2,-0.5
37,1,-5,1.25,2,-1
39,1,-5,1.25,2,-1.5
34,1,-5,1.25,2,-2
22,1,-5,1.25,3,-0.5
19,1,-5,1.25,3,-1
54,1,-5,1.25,3,-1.5
45,1,-5,1.25,3,-2
67,1,-5,1.25,4,-0.5
22,1,-5,1.25,4,-1
71,1,-5,1.25,4,-1.5
49,1,-5,1.25,4,-2
22,1,-5,1.25,5,-0.5
22,1,-5,1.25,5,-1
17,1,-5,1.25,5,-1.5
21,1,-5,1.25,5,-2
48,1,-5,1.75,1,-0.5
34,1,-5,1.75,1,-1
28,1,-5,1.75,1,-1.5
29,1,-5,1.75,1,-2
37,1,-5,1.75,2,-0.5
31,1,-5,1.75,2,-1
32,1,-5,1.75,2,-1.5
41,1,-5,1.75,2,-2
60,1,-5,1.75,3,-0.5
43,1,-5,1.75,3,-1
20,1,-5,1.75,3,-1.5
25,1,-5,1.75,3,-2
46,1,-5,1.75,4,-0.5
32,1,-5,1.75,4,-1
38,1,-5,1.75,4,-1.5
23,1,-5,1.75,4,-2
45,1,-5,1.75,5,-0.5
27,1,-5,1.75,5,-1
23,1,-5,1.75,5,-1.5
26,1,-5,1.75,5,-2
53,2,-1,0.25,1,-0.5
22,2,-1,0.25,1,-1
35,2,-1,0.25,1,-1.5
46,2,-1,0.25,1,-2
35,2,-1,0.25,2,-0.5
26,2,-1,0.25,2,-1
68,2,-1,0.25,2,-1.5
45,2,-1,0.25,2,-2
78,2,-1,0.25,3,-0.5
22,2,-1,0.25,3,-1
14,2,-1,0.25,3,-1.5
23,2,-1,0.25,3,-2
56,2,-1,0.25,4,-0.5
39,2,-1,0.25,4,-1
58,2,-1,0.25,4,-1.5
34,2,-1,0.25,4,-2
64,2,-1,0.25,5,-0.5
59,2,-1,0.25,5,-1
27,2,-1,0.25,5,-1.5
69,2,-1,0.25,5,-2
29,2,-1,0.75,1,-0.5
27,2,-1,0.75,1,-1
29,2,-1,0.75,1,-1.5
18,2,-1,0.75,1,-2
44,2,-1,0.75,2,-0.5
31,2,-1,0.75,2,-1
41,2,-1,0.75,2,-1.5
28,2,-1,0.75,2,-2
29,2,-1,0.75,3,-0.5
35,2,-1,0.75,3,-1
45,2,-1,0.75,3,-1.5
48,2,-1,0.75,3,-2
61,2,-1,0.75,4,-0.5
44,2,-1,0.75,4,-1
24,2,-1,0.75,4,-1.5
35,2,-1,0.75,4,-2
56,2,-1,0.75,5,-0.5
46,2,-1,0.75,5,-1
38,2,-1,0.75,5,-1.5
42,2,-1,0.75,5,-2
84,2,-1,1.25,1,-0.5
77,2,-1,1.25,1,-1
74,2,-1,1.25,1,-1.5
38,2,-1,1.25,1,-2
67,2,-1,1.25,2,-0.5
64,2,-1,1.25,2,-1
68,2,-1,1.25,2,-1.5
54,2,-1,1.25,2,-2
78,2,-1,1.25,3,-0.5
82,2,-1,1.25,3,-1
50,2,-1,1.25,3,-1.5
46,2,-1,1.25,3,-2
68,2,-1,1.25,4,-0.5
59,2,-1,1.25,4,-1
50,2,-1,1.25,4,-1.5
54,2,-1,1.25,4,-2
52,2,-1,1.25,5,-0.5
46,2,-1,1.25,5,-1
57,2,-1,1.25,5,-1.5
56,2,-1,1.25,5,-2
139,2,-1,1.75,1,-0.5
96,2,-1,1.75,1,-1
91,2,-1,1.75,1,-1.5
95,2,-1,1.75,1,-2
132,2,-1,1.75,2,-0.5
88,2,-1,1.75,2,-1
110,2,-1,1.75,2,-1.5
83,2,-1,1.75,2,-2
117,2,-1,1.75,3,-0.5
84,2,-1,1.75,3,-1
73,2,-1,1.75,3,-1.5
88,2,-1,1.75,3,-2
116,2,-1,1.75,4,-0.5
85,2,-1,1.75,4,-1
89,2,-1,1.75,4,-1.5
74,2,-1,1.75,4,-2
116,2,-1,1.75,5,-0.5
91,2,-1,1.75,5,-1
93,2,-1,1.75,5,-1.5
78,2,-1,1.75,5,-2
170,2,-2,0.25,1,-0.5
53,2,-2,0.25,1,-1
45,2,-2,0.25,1,-1.5
37,2,-2,0.25,1,-2
195,2,-2,0.25,2,-0.5
42,2,-2,0.25,2,-1
143,2,-2,0.25,2,-1.5
100,2,-2,0.25,2,-2
69,2,-2,0.25,3,-0.5
73,2,-2,0.25,3,-1
63,2,-2,0.25,3,-1.5
54,2,-2,0.25,3,-2
140,2,-2,0.25,4,-0.5
87,2,-2,0.25,4,-1
35,2,-2,0.25,4,-1.5
43,2,-2,0.25,4,-2
54,2,-2,0.25,5,-0.5
58,2,-2,0.25,5,-1
28,2,-2,0.25,5,-1.5
40,2,-2,0.25,5,-2
85,2,-2,0.75,1,-0.5
28,2,-2,0.75,1,-1
33,2,-2,0.75,1,-1.5
24,2,-2,0.75,1,-2
61,2,-2,0.75,2,-0.5
43,2,-2,0.75,2,-1
112,2,-2,0.75,2,-1.5
15,2,-2,0.75,2,-2
38,2,-2,0.75,3,-0.5
15,2,-2,0.75,3,-1
22,2,-2,0.75,3,-1.5
22,2,-2,0.75,3,-2
35,2,-2,0.75,4,-0.5
32,2,-2,0.75,4,-1
30,2,-2,0.75,4,-1.5
23,2,-2,0.75,4,-2
31,2,-2,0.75,5,-0.5
40,2,-2,0.75,5,-1
34,2,-2,0.75,5,-1.5
39,2,-2,0.75,5,-2
53,2,-2,1.25,1,-0.5
28,2,-2,1.25,1,-1
37,2,-2,1.25,1,-1.5
35,2,-2,1.25,1,-2
36,2,-2,1.25,2,-0.5
35,2,-2,1.25,2,-1
25,2,-2,1.25,2,-1.5
25,2,-2,1.25,2,-2
19,2,-2,1.25,3,-0.5
36,2,-2,1.25,3,-1
13,2,-2,1.25,3,-1.5
24,2,-2,1.25,3,-2
29,2,-2,1.25,4,-0.5
38,2,-2,1.25,4,-1
16,2,-2,1.25,4,-1.5
21,2,-2,1.25,4,-2
35,2,-2,1.25,5,-0.5
30,2,-2,1.25,5,-1
32,2,-2,1.25,5,-1.5
50,2,-2,1.25,5,-2
127,2,-2,1.75,1,-0.5
70,2,-2,1.75,1,-1
43,2,-2,1.75,1,-1.5
55,2,-2,1.75,1,-2
93,2,-2,1.75,2,-0.5
55,2,-2,1.75,2,-1
44,2,-2,1.75,2,-1.5
22,2,-2,1.75,2,-2
63,2,-2,1.75,3,-0.5
53,2,-2,1.75,3,-1
56,2,-2,1.75,3,-1.5
38,2,-2,1.75,3,-2
65,2,-2,1.75,4,-0.5
46,2,-2,1.75,4,-1
65,2,-2,1.75,4,-1.5
18,2,-2,1.75,4,-2
85,2,-2,1.75,5,-0.5
58,2,-2,1.75,5,-1
39,2,-2,1.75,5,-1.5
65,2,-2,1.75,5,-2
84,2,-3,0.25,1,-0.5
87,2,-3,0.25,1,-1
80,2,-3,0.25,1,-1.5
117,2,-3,0.25,1,-2
130,2,-3,0.25,2,-0.5
91,2,-3,0.25,2,-1
33,2,-3,0.25,2,-1.5
50,2,-3,0.25,2,-2
189,2,-3,0.25,3,-0.5
84,2,-3,0.25,3,-1
28,2,-3,0.25,3,-1.5
27,2,-3,0.25,3,-2
149,2,-3,0.25,4,-0.5
109,2,-3,0.25,4,-1
105,2,-3,0.25,4,-1.5
76,2,-3,0.25,4,-2
226,2,-3,0.25,5,-0.5
61,2,-3,0.25,5,-1
39,2,-3,0.25,5,-1.5
54,2,-3,0.25,5,-2
107,2,-3,0.75,1,-0.5
21,2,-3,0.75,1,-1
73,2,-3,0.75,1,-1.5
26,2,-3,0.75,1,-2
53,2,-3,0.75,2,-0.5
35,2,-3,0.75,2,-1
26,2,-3,0.75,2,-1.5
67,2,-3,0.75,2,-2
97,2,-3,0.75,3,-0.5
23,2,-3,0.75,3,-1
43,2,-3,0.75,3,-1.5
41,2,-3,0.75,3,-2
202,2,-3,0.75,4,-0.5
21,2,-3,0.75,4,-1
41,2,-3,0.75,4,-1.5
17,2,-3,0.75,4,-2
105,2,-3,0.75,5,-0.5
31,2,-3,0.75,5,-1
50,2,-3,0.75,5,-1.5
14,2,-3,0.75,5,-2
46,2,-3,1.25,1,-0.5
24,2,-3,1.25,1,-1
32,2,-3,1.25,1,-1.5
28,2,-3,1.25,1,-2
39,2,-3,1.25,2,-0.5
18,2,-3,1.25,2,-1
17,2,-3,1.25,2,-1.5
38,2,-3,1.25,2,-2
28,2,-3,1.25,3,-0.5
47,2,-3,1.25,3,-1
36,2,-3,1.25,3,-1.5
44,2,-3,1.25,3,-2
39,2,-3,1.25,4,-0.5
55,2,-3,1.25,4,-1
22,2,-3,1.25,4,-1.5
25,2,-3,1.25,4,-2
23,2,-3,1.25,5,-0.5
58,2,-3,1.25,5,-1
24,2,-3,1.25,5,-1.5
40,2,-3,1.25,5,-2
56,2,-3,1.75,1,-0.5
63,2,-3,1.75,1,-1
34,2,-3,1.75,1,-1.5
54,2,-3,1.75,1,-2
39,2,-3,1.75,2,-0.5
27,2,-3,1.75,2,-1
22,2,-3,1.75,2,-1.5
40,2,-3,1.75,2,-2
76,2,-3,1.75,3,-0.5
15,2,-3,1.75,3,-1
30,2,-3,1.75,3,-1.5
47,2,-3,1.75,3,-2
58,2,-3,1.75,4,-0.5
28,2,-3,1.75,4,-1
30,2,-3,1.75,4,-1.5
20,2,-3,1.75,4,-2
30,2,-3,1.75,5,-0.5
32,2,-3,1.75,5,-1
43,2,-3,1.75,5,-1.5
35,2,-3,1.75,5,-2
285,2,-4,0.25,1,-0.5
42,2,-4,0.25,1,-1
84,2,-4,0.25,1,-1.5
73,2,-4,0.25,1,-2
354,2,-4,0.25,2,-0.5
161,2,-4,0.25,2,-1
75,2,-4,0.25,2,-1.5
174,2,-4,0.25,2,-2
368,2,-4,0.25,3,-0.5
167,2,-4,0.25,3,-1
29,2,-4,0.25,3,-1.5
114,2,-4,0.25,3,-2
176,2,-4,0.25,4,-0.5
25,2,-4,0.25,4,-1
26,2,-4,0.25,4,-1.5
44,2,-4,0.25,4,-2
173,2,-4,0.25,5,-0.5
116,2,-4,0.25,5,-1
65,2,-4,0.25,5,-1.5
65,2,-4,0.25,5,-2
221,2,-4,0.75,1,-0.5
33,2,-4,0.75,1,-1
25,2,-4,0.75,1,-1.5
36,2,-4,0.75,1,-2
99,2,-4,0.75,2,-0.5
36,2,-4,0.75,2,-1
83,2,-4,0.75,2,-1.5
35,2,-4,0.75,2,-2
19,2,-4,0.75,3,-0.5
77,2,-4,0.75,3,-1
24,2,-4,0.75,3,-1.5
66,2,-4,0.75,3,-2
171,2,-4,0.75,4,-0.5
40,2,-4,0.75,4,-1
158,2,-4,0.75,4,-1.5
16,2,-4,0.75,4,-2
28,2,-4,0.75,5,-0.5
121,2,-4,0.75,5,-1
158,2,-4,0.75,5,-1.5
34,2,-4,0.75,5,-2
46,2,-4,1.25,1,-0.5
19,2,-4,1.25,1,-1
22,2,-4,1.25,1,-1.5
210,2,-4,1.25,1,-2
23,2,-4,1.25,2,-0.5
16,2,-4,1.25,2,-1
18,2,-4,1.25,2,-1.5
89,2,-4,1.25,2,-2
35,2,-4,1.25,3,-0.5
22,2,-4,1.25,3,-1
16,2,-4,1.25,3,-1.5
33,2,-4,1.25,3,-2
35,2,-4,1.25,4,-0.5
70,2,-4,1.25,4,-1
22,2,-4,1.25,4,-1.5
16,2,-4,1.25,4,-2
19,2,-4,1.25,5,-0.5
63,2,-4,1.25,5,-1
27,2,-4,1.25,5,-1.5
30,2,-4,1.25,5,-2
70,2,-4,1.75,1,-0.5
33,2,-4,1.75,1,-1
33,2,-4,1.75,1,-1.5
34,2,-4,1.75,1,-2
41,2,-4,1.75,2,-0.5
37,2,-4,1.75,2,-1
20,2,-4,1.75,2,-1.5
28,2,-4,1.75,2,-2
34,2,-4,1.75,3,-0.5
28,2,-4,1.75,3,-1
17,2,-4,1.75,3,-1.5
30,2,-4,1.75,3,-2
42,2,-4,1.75,4,-0.5
24,2,-4,1.75,4,-1
38,2,-4,1.75,4,-1.5
18,2,-4,1.75,4,-2
27,2,-4,1.75,5,-0.5
41,2,-4,1.75,5,-1
38,2,-4,1.75,5,-1.5
36,2,-4,1.75,5,-2
182,2,-5,0.25,1,-0.5
120,2,-5,0.25,1,-1
83,2,-5,0.25,1,-1.5
117,2,-5,0.25,1,-2
269,2,-5,0.25,2,-0.5
206,2,-5,0.25,2,-1
172,2,-5,0.25,2,-1.5
48,2,-5,0.25,2,-2
386,2,-5,0.25,3,-0.5
31,2,-5,0.25,3,-1
171,2,-5,0.25,3,-1.5
41,2,-5,0.25,3,-2
101,2,-5,0.25,4,-0.5
72,2,-5,0.25,4,-1
46,2,-5,0.25,4,-1.5
43,2,-5,0.25,4,-2
50,2,-5,0.25,5,-0.5
99,2,-5,0.25,5,-1
266,2,-5,0.25,5,-1.5
41,2,-5,0.25,5,-2
26,2,-5,0.75,1,-0.5
202,2,-5,0.75,1,-1
21,2,-5,0.75,1,-1.5
53,2,-5,0.75,1,-2
130,2,-5,0.75,2,-0.5
76,2,-5,0.75,2,-1
49,2,-5,0.75,2,-1.5
107,2,-5,0.75,2,-2
117,2,-5,0.75,3,-0.5
30,2,-5,0.75,3,-1
43,2,-5,0.75,3,-1.5
135,2,-5,0.75,3,-2
26,2,-5,0.75,4,-0.5
31,2,-5,0.75,4,-1
74,2,-5,0.75,4,-1.5
359,2,-5,0.75,4,-2
40,2,-5,0.75,5,-0.5
25,2,-5,0.75,5,-1
136,2,-5,0.75,5,-1.5
239,2,-5,0.75,5,-2
22,2,-5,1.25,1,-0.5
30,2,-5,1.25,1,-1
22,2,-5,1.25,1,-1.5
58,2,-5,1.25,1,-2
182,2,-5,1.25,2,-0.5
23,2,-5,1.25,2,-1
20,2,-5,1.25,2,-1.5
54,2,-5,1.25,2,-2
39,2,-5,1.25,3,-0.5
19,2,-5,1.25,3,-1
34,2,-5,1.25,3,-1.5
58,2,-5,1.25,3,-2
47,2,-5,1.25,4,-0.5
25,2,-5,1.25,4,-1
44,2,-5,1.25,4,-1.5
42,2,-5,1.25,4,-2
21,2,-5,1.25,5,-0.5
33,2,-5,1.25,5,-1
28,2,-5,1.25,5,-1.5
31,2,-5,1.25,5,-2
108,2,-5,1.75,1,-0.5
20,2,-5,1.75,1,-1
38,2,-5,1.75,1,-1.5
46,2,-5,1.75,1,-2
42,2,-5,1.75,2,-0.5
36,2,-5,1.75,2,-1
30,2,-5,1.75,2,-1.5
38,2,-5,1.75,2,-2
199,2,-5,1.75,3,-0.5
32,2,-5,1.75,3,-1
16,2,-5,1.75,3,-1.5
23,2,-5,1.75,3,-2
24,2,-5,1.75,4,-0.5
29,2,-5,1.75,4,-1
65,2,-5,1.75,4,-1.5
40,2,-5,1.75,4,-2
33,2,-5,1.75,5,-0.5
35,2,-5,1.75,5,-1
70,2,-5,1.75,5,-1.5
24,2,-5,1.75,5,-2
195,3,-1,0.25,1,-0.5
81,3,-1,0.25,1,-1
68,3,-1,0.25,1,-1.5
31,3,-1,0.25,1,-2
121,3,-1,0.25,2,-0.5
124,3,-1,0.25,2,-1
27,3,-1,0.25,2,-1.5
52,3,-1,0.25,2,-2
202,3,-1,0.25,3,-0.5
65,3,-1,0.25,3,-1
486,3,-1,0.25,3,-1.5
30,3,-1,0.25,3,-2
88,3,-1,0.25,4,-0.5
84,3,-1,0.25,4,-1
96,3,-1,0.25,4,-1.5
47,3,-1,0.25,4,-2
109,3,-1,0.25,5,-0.5
109,3,-1,0.25,5,-1
86,3,-1,0.25,5,-1.5
64,3,-1,0.25,5,-2
97,3,-1,0.75,1,-0.5
64,3,-1,0.75,1,-1
44,3,-1,0.75,1,-1.5
34,3,-1,0.75,1,-2
57,3,-1,0.75,2,-0.5
52,3,-1,0.75,2,-1
38,3,-1,0.75,2,-1.5
44,3,-1,0.75,2,-2
33,3,-1,0.75,3,-0.5
54,3,-1,0.75,3,-1
33,3,-1,0.75,3,-1.5
26,3,-1,0.75,3,-2
83,3,-1,0.75,4,-0.5
69,3,-1,0.75,4,-1
45,3,-1,0.75,4,-1.5
42,3,-1,0.75,4,-2
73,3,-1,0.75,5,-0.5
75,3,-1,0.75,5,-1
21,3,-1,0.75,5,-1.5
38,3,-1,0.75,5,-2
58,3,-1,1.25,1,-0.5
86,3,-1,1.25,1,-1
55,3,-1,1.25,1,-1.5
61,3,-1,1.25,1,-2
68,3,-1,1.25,2,-0.5
57,3,-1,1.25,2,-1
53,3,-1,1.25,2,-1.5
32,3,-1,1.25,2,-2
65,3,-1,1.25,3,-0.5
58,3,-1,1.25,3,-1
47,3,-1,1.25,3,-1.5
24,3,-1,1.25,3,-2
68,3,-1,1.25,4,-0.5
25,3,-1,1.25,4,-1
66,3,-1,1.25,4,-1.5
35,3,-1,1.25,4,-2
54,3,-1,1.25,5,-0.5
72,3,-1,1.25,5,-1
51,3,-1,1.25,5,-1.5
31,3,-1,1.25,5,-2
141,3,-1,1.75,1,-0.5
88,3,-1,1.75,1,-1
88,3,-1,1.75,1,-1.5
57,3,-1,1.75,1,-2
105,3,-1,1.75,2,-0.5
92,3,-1,1.75,2,-1
66,3,-1,1.75,2,-1.5
66,3,-1,1.75,2,-2
123,3,-1,1.75,3,-0.5
68,3,-1,1.75,3,-1
71,3,-1,1.75,3,-1.5
79,3,-1,1.75,3,-2
130,3,-1,1.75,4,-0.5
69,3,-1,1.75,4,-1
83,3,-1,1.75,4,-1.5
64,3,-1,1.75,4,-2
98,3,-1,1.75,5,-0.5
89,3,-1,1.75,5,-1
65,3,-1,1.75,5,-1.5
52,3,-1,1.75,5,-2
119,3,-2,0.25,1,-0.5
30,3,-2,0.25,1,-1
181,3,-2,0.25,1,-1.5
140,3,-2,0.25,1,-2
251,3,-2,0.25,2,-0.5
109,3,-2,0.25,2,-1
133,3,-2,0.25,2,-1.5
147,3,-2,0.25,2,-2
160,3,-2,0.25,3,-0.5
79,3,-2,0.25,3,-1
44,3,-2,0.25,3,-1.5
115,3,-2,0.25,3,-2
57,3,-2,0.25,4,-0.5
67,3,-2,0.25,4,-1
99,3,-2,0.25,4,-1.5
77,3,-2,0.25,4,-2
266,3,-2,0.25,5,-0.5
45,3,-2,0.25,5,-1
159,3,-2,0.25,5,-1.5
70,3,-2,0.25,5,-2
79,3,-2,0.75,1,-0.5
28,3,-2,0.75,1,-1
35,3,-2,0.75,1,-1.5
25,3,-2,0.75,1,-2
44,3,-2,0.75,2,-0.5
39,3,-2,0.75,2,-1
21,3,-2,0.75,2,-1.5
97,3,-2,0.75,2,-2
62,3,-2,0.75,3,-0.5
104,3,-2,0.75,3,-1
18,3,-2,0.75,3,-1.5
34,3,-2,0.75,3,-2
32,3,-2,0.75,4,-0.5
28,3,-2,0.75,4,-1
17,3,-2,0.75,4,-1.5
40,3,-2,0.75,4,-2
82,3,-2,0.75,5,-0.5
33,3,-2,0.75,5,-1
19,3,-2,0.75,5,-1.5
18,3,-2,0.75,5,-2
71,3,-2,1.25,1,-0.5
30,3,-2,1.25,1,-1
34,3,-2,1.25,1,-1.5
19,3,-2,1.25,1,-2
50,3,-2,1.25,2,-0.5
21,3,-2,1.25,2,-1
46,3,-2,1.25,2,-1.5
44,3,-2,1.25,2,-2
42,3,-2,1.25,3,-0.5
32,3,-2,1.25,3,-1
39,3,-2,1.25,3,-1.5
27,3,-2,1.25,3,-2
76,3,-2,1.25,4,-0.5
32,3,-2,1.25,4,-1
33,3,-2,1.25,4,-1.5
24,3,-2,1.25,4,-2
51,3,-2,1.25,5,-0.5
40,3,-2,1.25,5,-1
34,3,-2,1.25,5,-1.5
29,3,-2,1.25,5,-2
64,3,-2,1.75,1,-0.5
43,3,-2,1.75,1,-1
39,3,-2,1.75,1,-1.5
46,3,-2,1.75,1,-2
54,3,-2,1.75,2,-0.5
78,3,-2,1.75,2,-1
34,3,-2,1.75,2,-1.5
27,3,-2,1.75,2,-2
57,3,-2,1.75,3,-0.5
54,3,-2,1.75,3,-1
47,3,-2,1.75,3,-1.5
30,3,-2,1.75,3,-2
50,3,-2,1.75,4,-0.5
67,3,-2,1.75,4,-1
52,3,-2,1.75,4,-1.5
44,3,-2,1.75,4,-2
55,3,-2,1.75,5,-0.5
59,3,-2,1.75,5,-1
40,3,-2,1.75,5,-1.5
69,3,-2,1.75,5,-2
135,3,-3,0.25,1,-0.5
73,3,-3,0.25,1,-1
255,3,-3,0.25,1,-1.5
59,3,-3,0.25,1,-2
43,3,-3,0.25,2,-0.5
166,3,-3,0.25,2,-1
58,3,-3,0.25,2,-1.5
27,3,-3,0.25,2,-2
83,3,-3,0.25,3,-0.5
126,3,-3,0.25,3,-1
176,3,-3,0.25,3,-1.5
53,3,-3,0.25,3,-2
140,3,-3,0.25,4,-0.5
139,3,-3,0.25,4,-1
98,3,-3,0.25,4,-1.5
28,3,-3,0.25,4,-2
66,3,-3,0.25,5,-0.5
218,3,-3,0.25,5,-1
120,3,-3,0.25,5,-1.5
16,3,-3,0.25,5,-2
26,3,-3,0.75,1,-0.5
39,3,-3,0.75,1,-1
48,3,-3,0.75,1,-1.5
62,3,-3,0.75,1,-2
120,3,-3,0.75,2,-0.5
39,3,-3,0.75,2,-1
45,3,-3,0.75,2,-1.5
142,3,-3,0.75,2,-2
50,3,-3,0.75,3,-0.5
34,3,-3,0.75,3,-1
26,3,-3,0.75,3,-1.5
34,3,-3,0.75,3,-2
41,3,-3,0.75,4,-0.5
44,3,-3,0.75,4,-1
44,3,-3,0.75,4,-1.5
125,3,-3,0.75,4,-2
88,3,-3,0.75,5,-0.5
87,3,-3,0.75,5,-1
21,3,-3,0.75,5,-1.5
16,3,-3,0.75,5,-2
96,3,-3,1.25,1,-0.5
15,3,-3,1.25,1,-1
46,3,-3,1.25,1,-1.5
24,3,-3,1.25,1,-2
69,3,-3,1.25,2,-0.5
47,3,-3,1.25,2,-1
35,3,-3,1.25,2,-1.5
24,3,-3,1.25,2,-2
25,3,-3,1.25,3,-0.5
36,3,-3,1.25,3,-1
36,3,-3,1.25,3,-1.5
40,3,-3,1.25,3,-2
33,3,-3,1.25,4,-0.5
39,3,-3,1.25,4,-1
27,3,-3,1.25,4,-1.5
20,3,-3,1.25,4,-2
54,3,-3,1.25,5,-0.5
18,3,-3,1.25,5,-1
18,3,-3,1.25,5,-1.5
36,3,-3,1.25,5,-2
73,3,-3,1.75,1,-0.5
54,3,-3,1.75,1,-1
45,3,-3,1.75,1,-1.5
27,3,-3,1.75,1,-2
76,3,-3,1.75,2,-0.5
20,3,-3,1.75,2,-1
32,3,-3,1.75,2,-1.5
36,3,-3,1.75,2,-2
35,3,-3,1.75,3,-0.5
48,3,-3,1.75,3,-1
13,3,-3,1.75,3,-1.5
30,3,-3,1.75,3,-2
79,3,-3,1.75,4,-0.5
33,3,-3,1.75,4,-1
41,3,-3,1.75,4,-1.5
33,3,-3,1.75,4,-2
47,3,-3,1.75,5,-0.5
25,3,-3,1.75,5,-1
29,3,-3,1.75,5,-1.5
35,3,-3,1.75,5,-2
166,3,-4,0.25,1,-0.5
232,3,-4,0.25,1,-1
114,3,-4,0.25,1,-1.5
116,3,-4,0.25,1,-2
318,3,-4,0.25,2,-0.5
276,3,-4,0.25,2,-1
128,3,-4,0.25,2,-1.5
43,3,-4,0.25,2,-2
156,3,-4,0.25,3,-0.5
177,3,-4,0.25,3,-1
209,3,-4,0.25,3,-1.5
87,3,-4,0.25,3,-2
210,3,-4,0.25,4,-0.5
169,3,-4,0.25,4,-1
474,3,-4,0.25,4,-1.5
65,3,-4,0.25,4,-2
321,3,-4,0.25,5,-0.5
338,3,-4,0.25,5,-1
474,3,-4,0.25,5,-1.5
158,3,-4,0.25,5,-2
232,3,-4,0.75,1,-0.5
41,3,-4,0.75,1,-1
32,3,-4,0.75,1,-1.5
102,3,-4,0.75,1,-2
231,3,-4,0.75,2,-0.5
258,3,-4,0.75,2,-1
52,3,-4,0.75,2,-1.5
78,3,-4,0.75,2,-2
120,3,-4,0.75,3,-0.5
97,3,-4,0.75,3,-1
171,3,-4,0.75,3,-1.5
27,3,-4,0.75,3,-2
99,3,-4,0.75,4,-0.5
51,3,-4,0.75,4,-1
20,3,-4,0.75,4,-1.5
44,3,-4,0.75,4,-2
73,3,-4,0.75,5,-0.5
131,3,-4,0.75,5,-1
72,3,-4,0.75,5,-1.5
196,3,-4,0.75,5,-2
34,3,-4,1.25,1,-0.5
38,3,-4,1.25,1,-1
113,3,-4,1.25,1,-1.5
103,3,-4,1.25,1,-2
30,3,-4,1.25,2,-0.5
38,3,-4,1.25,2,-1
47,3,-4,1.25,2,-1.5
76,3,-4,1.25,2,-2
20,3,-4,1.25,3,-0.5
82,3,-4,1.25,3,-1
20,3,-4,1.25,3,-1.5
75,3,-4,1.25,3,-2
51,3,-4,1.25,4,-0.5
62,3,-4,1.25,4,-1
22,3,-4,1.25,4,-1.5
62,3,-4,1.25,4,-2
21,3,-4,1.25,5,-0.5
21,3,-4,1.25,5,-1
33,3,-4,1.25,5,-1.5
58,3,-4,1.25,5,-2
38,3,-4,1.75,1,-0.5
20,3,-4,1.75,1,-1
28,3,-4,1.75,1,-1.5
33,3,-4,1.75,1,-2
25,3,-4,1.75,2,-0.5
21,3,-4,1.75,2,-1
22,3,-4,1.75,2,-1.5
24,3,-4,1.75,2,-2
41,3,-4,1.75,3,-0.5
23,3,-4,1.75,3,-1
42,3,-4,1.75,3,-1.5
28,3,-4,1.75,3,-2
30,3,-4,1.75,4,-0.5
26,3,-4,1.75,4,-1
41,3,-4,1.75,4,-1.5
17,3,-4,1.75,4,-2
16,3,-4,1.75,5,-0.5
49,3,-4,1.75,5,-1
41,3,-4,1.75,5,-1.5
16,3,-4,1.75,5,-2
209,3,-5,0.25,1,-0.5
161,3,-5,0.25,1,-1
88,3,-5,0.25,1,-1.5
42,3,-5,0.25,1,-2
273,3,-5,0.25,2,-0.5
138,3,-5,0.25,2,-1
247,3,-5,0.25,2,-1.5
33,3,-5,0.25,2,-2
421,3,-5,0.25,3,-0.5
142,3,-5,0.25,3,-1
153,3,-5,0.25,3,-1.5
52,3,-5,0.25,3,-2
283,3,-5,0.25,4,-0.5
251,3,-5,0.25,4,-1
31,3,-5,0.25,4,-1.5
27,3,-5,0.25,4,-2
52,3,-5,0.25,5,-0.5
123,3,-5,0.25,5,-1
53,3,-5,0.25,5,-1.5
230,3,-5,0.25,5,-2
461,3,-5,0.75,1,-0.5
106,3,-5,0.75,1,-1
50,3,-5,0.75,1,-1.5
43,3,-5,0.75,1,-2
362,3,-5,0.75,2,-0.5
99,3,-5,0.75,2,-1
105,3,-5,0.75,2,-1.5
80,3,-5,0.75,2,-2
92,3,-5,0.75,3,-0.5
118,3,-5,0.75,3,-1
81,3,-5,0.75,3,-1.5
140,3,-5,0.75,3,-2
106,3,-5,0.75,4,-0.5
43,3,-5,0.75,4,-1
38,3,-5,0.75,4,-1.5
48,3,-5,0.75,4,-2
84,3,-5,0.75,5,-0.5
116,3,-5,0.75,5,-1
94,3,-5,0.75,5,-1.5
80,3,-5,0.75,5,-2
62,3,-5,1.25,1,-0.5
38,3,-5,1.25,1,-1
42,3,-5,1.25,1,-1.5
109,3,-5,1.25,1,-2
44,3,-5,1.25,2,-0.5
34,3,-5,1.25,2,-1
53,3,-5,1.25,2,-1.5
118,3,-5,1.25,2,-2
26,3,-5,1.25,3,-0.5
55,3,-5,1.25,3,-1
119,3,-5,1.25,3,-1.5
111,3,-5,1.25,3,-2
26,3,-5,1.25,4,-0.5
19,3,-5,1.25,4,-1
37,3,-5,1.25,4,-1.5
42,3,-5,1.25,4,-2
36,3,-5,1.25,5,-0.5
17,3,-5,1.25,5,-1
17,3,-5,1.25,5,-1.5
37,3,-5,1.25,5,-2
32,3,-5,1.75,1,-0.5
31,3,-5,1.75,1,-1
21,3,-5,1.75,1,-1.5
27,3,-5,1.75,1,-2
43,3,-5,1.75,2,-0.5
17,3,-5,1.75,2,-1
30,3,-5,1.75,2,-1.5
59,3,-5,1.75,2,-2
31,3,-5,1.75,3,-0.5
26,3,-5,1.75,3,-1
32,3,-5,1.75,3,-1.5
24,3,-5,1.75,3,-2
47,3,-5,1.75,4,-0.5
31,3,-5,1.75,4,-1
17,3,-5,1.75,4,-1.5
29,3,-5,1.75,4,-2
18,3,-5,1.75,5,-0.5
75,3,-5,1.75,5,-1
52,3,-5,1.75,5,-1.5
23,3,-5,1.75,5,-2
189,4,-1,0.25,1,-0.5
134,4,-1,0.25,1,-1
88,4,-1,0.25,1,-1.5
39,4,-1,0.25,1,-2
142,4,-1,0.25,2,-0.5
147,4,-1,0.25,2,-1
143,4,-1,0.25,2,-1.5
59,4,-1,0.25,2,-2
393,4,-1,0.25,3,-0.5
130,4,-1,0.25,3,-1
62,4,-1,0.25,3,-1.5
53,4,-1,0.25,3,-2
117,4,-1,0.25,4,-0.5
107,4,-1,0.25,4,-1
82,4,-1,0.25,4,-1.5
78,4,-1,0.25,4,-2
178,4,-1,0.25,5,-0.5
163,4,-1,0.25,5,-1
72,4,-1,0.25,5,-1.5
71,4,-1,0.25,5,-2
99,4,-1,0.75,1,-0.5
98,4,-1,0.75,1,-1
76,4,-1,0.75,1,-1.5
33,4,-1,0.75,1,-2
133,4,-1,0.75,2,-0.5
57,4,-1,0.75,2,-1
79,4,-1,0.75,2,-1.5
48,4,-1,0.75,2,-2
84,4,-1,0.75,3,-0.5
72,4,-1,0.75,3,-1
51,4,-1,0.75,3,-1.5
32,4,-1,0.75,3,-2
70,4,-1,0.75,4,-0.5
69,4,-1,0.75,4,-1
49,4,-1,0.75,4,-1.5
61,4,-1,0.75,4,-2
96,4,-1,0.75,5,-0.5
61,4,-1,0.75,5,-1
63,4,-1,0.75,5,-1.5
51,4,-1,0.75,5,-2
99,4,-1,1.25,1,-0.5
88,4,-1,1.25,1,-1
63,4,-1,1.25,1,-1.5
59,4,-1,1.25,1,-2
93,4,-1,1.25,2,-0.5
70,4,-1,1.25,2,-1
70,4,-1,1.25,2,-1.5
60,4,-1,1.25,2,-2
57,4,-1,1.25,3,-0.5
88,4,-1,1.25,3,-1
52,4,-1,1.25,3,-1.5
84,4,-1,1.25,3,-2
63,4,-1,1.25,4,-0.5
62,4,-1,1.25,4,-1
76,4,-1,1.25,4,-1.5
59,4,-1,1.25,4,-2
95,4,-1,1.25,5,-0.5
74,4,-1,1.25,5,-1
41,4,-1,1.25,5,-1.5
46,4,-1,1.25,5,-2
121,4,-1,1.75,1,-0.5
83,4,-1,1.75,1,-1
87,4,-1,1.75,1,-1.5
67,4,-1,1.75,1,-2
122,4,-1,1.75,2,-0.5
102,4,-1,1.75,2,-1
96,4,-1,1.75,2,-1.5
73,4,-1,1.75,2,-2
97,4,-1,1.75,3,-0.5
56,4,-1,1.75,3,-1
83,4,-1,1.75,3,-1.5
63,4,-1,1.75,3,-2
91,4,-1,1.75,4,-0.5
70,4,-1,1.75,4,-1
60,4,-1,1.75,4,-1.5
48,4,-1,1.75,4,-2
100,4,-1,1.75,5,-0.5
51,4,-1,1.75,5,-1
48,4,-1,1.75,5,-1.5
65,4,-1,1.75,5,-2
185,4,-2,0.25,1,-0.5
256,4,-2,0.25,1,-1
69,4,-2,0.25,1,-1.5
82,4,-2,0.25,1,-2
200,4,-2,0.25,2,-0.5
188,4,-2,0.25,2,-1
64,4,-2,0.25,2,-1.5
27,4,-2,0.25,2,-2
190,4,-2,0.25,3,-0.5
76,4,-2,0.25,3,-1
72,4,-2,0.25,3,-1.5
72,4,-2,0.25,3,-2
181,4,-2,0.25,4,-0.5
74,4,-2,0.25,4,-1
30,4,-2,0.25,4,-1.5
36,4,-2,0.25,4,-2
217,4,-2,0.25,5,-0.5
172,4,-2,0.25,5,-1
40,4,-2,0.25,5,-1.5
59,4,-2,0.25,5,-2
40,4,-2,0.75,1,-0.5
64,4,-2,0.75,1,-1
56,4,-2,0.75,1,-1.5
43,4,-2,0.75,1,-2
71,4,-2,0.75,2,-0.5
45,4,-2,0.75,2,-1
40,4,-2,0.75,2,-1.5
48,4,-2,0.75,2,-2
64,4,-2,0.75,3,-0.5
48,4,-2,0.75,3,-1
60,4,-2,0.75,3,-1.5
111,4,-2,0.75,3,-2
39,4,-2,0.75,4,-0.5
54,4,-2,0.75,4,-1
67,4,-2,0.75,4,-1.5
36,4,-2,0.75,4,-2
49,4,-2,0.75,5,-0.5
62,4,-2,0.75,5,-1
37,4,-2,0.75,5,-1.5
38,4,-2,0.75,5,-2
90,4,-2,1.25,1,-0.5
53,4,-2,1.25,1,-1
31,4,-2,1.25,1,-1.5
33,4,-2,1.25,1,-2
42,4,-2,1.25,2,-0.5
53,4,-2,1.25,2,-1
39,4,-2,1.25,2,-1.5
21,4,-2,1.25,2,-2
59,4,-2,1.25,3,-0.5
41,4,-2,1.25,3,-1
29,4,-2,1.25,3,-1.5
28,4,-2,1.25,3,-2
43,4,-2,1.25,4,-0.5
39,4,-2,1.25,4,-1
24,4,-2,1.25,4,-1.5
34,4,-2,1.25,4,-2
51,4,-2,1.25,5,-0.5
42,4,-2,1.25,5,-1
20,4,-2,1.25,5,-1.5
22,4,-2,1.25,5,-2
72,4,-2,1.75,1,-0.5
56,4,-2,1.75,1,-1
52,4,-2,1.75,1,-1.5
46,4,-2,1.75,1,-2
60,4,-2,1.75,2,-0.5
64,4,-2,1.75,2,-1
55,4,-2,1.75,2,-1.5
41,4,-2,1.75,2,-2
70,4,-2,1.75,3,-0.5
85,4,-2,1.75,3,-1
60,4,-2,1.75,3,-1.5
19,4,-2,1.75,3,-2
86,4,-2,1.75,4,-0.5
46,4,-2,1.75,4,-1
29,4,-2,1.75,4,-1.5
35,4,-2,1.75,4,-2
73,4,-2,1.75,5,-0.5
71,4,-2,1.75,5,-1
48,4,-2,1.75,5,-1.5
50,4,-2,1.75,5,-2
89,4,-3,0.25,1,-0.5
146,4,-3,0.25,1,-1
93,4,-3,0.25,1,-1.5
58,4,-3,0.25,1,-2
232,4,-3,0.25,2,-0.5
86,4,-3,0.25,2,-1
148,4,-3,0.25,2,-1.5
78,4,-3,0.25,2,-2
140,4,-3,0.25,3,-0.5
58,4,-3,0.25,3,-1
101,4,-3,0.25,3,-1.5
85,4,-3,0.25,3,-2
51,4,-3,0.25,4,-0.5
204,4,-3,0.25,4,-1
115,4,-3,0.25,4,-1.5
62,4,-3,0.25,4,-2
153,4,-3,0.25,5,-0.5
142,4,-3,0.25,5,-1
152,4,-3,0.25,5,-1.5
45,4,-3,0.25,5,-2
72,4,-3,0.75,1,-0.5
61,4,-3,0.75,1,-1
111,4,-3,0.75,1,-1.5
59,4,-3,0.75,1,-2
200,4,-3,0.75,2,-0.5
83,4,-3,0.75,2,-1
41,4,-3,0.75,2,-1.5
60,4,-3,0.75,2,-2
126,4,-3,0.75,3,-0.5
92,4,-3,0.75,3,-1
25,4,-3,0.75,3,-1.5
35,4,-3,0.75,3,-2
35,4,-3,0.75,4,-0.5
48,4,-3,0.75,4,-1
23,4,-3,0.75,4,-1.5
74,4,-3,0.75,4,-2
46,4,-3,0.75,5,-0.5
96,4,-3,0.75,5,-1
30,4,-3,0.75,5,-1.5
29,4,-3,0.75,5,-2
76,4,-3,1.25,1,-0.5
33,4,-3,1.25,1,-1
27,4,-3,1.25,1,-1.5
66,4,-3,1.25,1,-2
60,4,-3,1.25,2,-0.5
29,4,-3,1.25,2,-1
20,4,-3,1.25,2,-1.5
24,4,-3,1.25,2,-2
22,4,-3,1.25,3,-0.5
22,4,-3,1.25,3,-1
28,4,-3,1.25,3,-1.5
25,4,-3,1.25,3,-2
60,4,-3,1.25,4,-0.5
50,4,-3,1.25,4,-1
23,4,-3,1.25,4,-1.5
25,4,-3,1.25,4,-2
39,4,-3,1.25,5,-0.5
26,4,-3,1.25,5,-1
34,4,-3,1.25,5,-1.5
49,4,-3,1.25,5,-2
42,4,-3,1.75,1,-0.5
50,4,-3,1.75,1,-1
51,4,-3,1.75,1,-1.5
36,4,-3,1.75,1,-2
73,4,-3,1.75,2,-0.5
37,4,-3,1.75,2,-1
26,4,-3,1.75,2,-1.5
29,4,-3,1.75,2,-2
51,4,-3,1.75,3,-0.5
83,4,-3,1.75,3,-1
51,4,-3,1.75,3,-1.5
30,4,-3,1.75,3,-2
69,4,-3,1.75,4,-0.5
43,4,-3,1.75,4,-1
31,4,-3,1.75,4,-1.5
25,4,-3,1.75,4,-2
59,4,-3,1.75,5,-0.5
58,4,-3,1.75,5,-1
25,4,-3,1.75,5,-1.5
23,4,-3,1.75,5,-2
271,4,-4,0.25,1,-0.5
202,4,-4,0.25,1,-1
187,4,-4,0.25,1,-1.5
203,4,-4,0.25,1,-2
189,4,-4,0.25,2,-0.5
415,4,-4,0.25,2,-1
148,4,-4,0.25,2,-1.5
253,4,-4,0.25,2,-2
272,4,-4,0.25,3,-0.5
481,4,-4,0.25,3,-1
155,4,-4,0.25,3,-1.5
80,4,-4,0.25,3,-2
56,4,-4,0.25,4,-0.5
265,4,-4,0.25,4,-1
169,4,-4,0.25,4,-1.5
123,4,-4,0.25,4,-2
151,4,-4,0.25,5,-0.5
80,4,-4,0.25,5,-1
234,4,-4,0.25,5,-1.5
76,4,-4,0.25,5,-2
271,4,-4,0.75,1,-0.5
30,4,-4,0.75,1,-1
253,4,-4,0.75,1,-1.5
80,4,-4,0.75,1,-2
102,4,-4,0.75,2,-0.5
112,4,-4,0.75,2,-1
125,4,-4,0.75,2,-1.5
37,4,-4,0.75,2,-2
120,4,-4,0.75,3,-0.5
118,4,-4,0.75,3,-1
35,4,-4,0.75,3,-1.5
122,4,-4,0.75,3,-2
125,4,-4,0.75,4,-0.5
84,4,-4,0.75,4,-1
101,4,-4,0.75,4,-1.5
45,4,-4,0.75,4,-2
53,4,-4,0.75,5,-0.5
81,4,-4,0.75,5,-1
29,4,-4,0.75,5,-1.5
26,4,-4,0.75,5,-2
74,4,-4,1.25,1,-0.5
69,4,-4,1.25,1,-1
32,4,-4,1.25,1,-1.5
108,4,-4,1.25,1,-2
35,4,-4,1.25,2,-0.5
49,4,-4,1.25,2,-1
23,4,-4,1.25,2,-1.5
59,4,-4,1.25,2,-2
30,4,-4,1.25,3,-0.5
18,4,-4,1.25,3,-1
32,4,-4,1.25,3,-1.5
19,4,-4,1.25,3,-2
35,4,-4,1.25,4,-0.5
37,4,-4,1.25,4,-1
154,4,-4,1.25,4,-1.5
31,4,-4,1.25,4,-2
23,4,-4,1.25,5,-0.5
31,4,-4,1.25,5,-1
26,4,-4,1.25,5,-1.5
75,4,-4,1.25,5,-2
46,4,-4,1.75,1,-0.5
30,4,-4,1.75,1,-1
50,4,-4,1.75,1,-1.5
40,4,-4,1.75,1,-2
87,4,-4,1.75,2,-0.5
32,4,-4,1.75,2,-1
32,4,-4,1.75,2,-1.5
45,4,-4,1.75,2,-2
48,4,-4,1.75,3,-0.5
33,4,-4,1.75,3,-1
29,4,-4,1.75,3,-1.5
41,4,-4,1.75,3,-2
36,4,-4,1.75,4,-0.5
29,4,-4,1.75,4,-1
46,4,-4,1.75,4,-1.5
42,4,-4,1.75,4,-2
62,4,-4,1.75,5,-0.5
40,4,-4,1.75,5,-1
23,4,-4,1.75,5,-1.5
43,4,-4,1.75,5,-2
340,4,-5,0.25,1,-0.5
183,4,-5,0.25,1,-1
176,4,-5,0.25,1,-1.5
214,4,-5,0.25,1,-2
157,4,-5,0.25,2,-0.5
222,4,-5,0.25,2,-1
308,4,-5,0.25,2,-1.5
44,4,-5,0.25,2,-2
198,4,-5,0.25,3,-0.5
485,4,-5,0.25,3,-1
176,4,-5,0.25,3,-1.5
81,4,-5,0.25,3,-2
211,4,-5,0.25,4,-0.5
224,4,-5,0.25,4,-1
146,4,-5,0.25,4,-1.5
471,4,-5,0.25,4,-2
176,4,-5,0.25,5,-0.5
173,4,-5,0.25,5,-1
309,4,-5,0.25,5,-1.5
471,4,-5,0.25,5,-2
94,4,-5,0.75,1,-0.5
99,4,-5,0.75,1,-1
79,4,-5,0.75,1,-1.5
77,4,-5,0.75,1,-2
150,4,-5,0.75,2,-0.5
50,4,-5,0.75,2,-1
178,4,-5,0.75,2,-1.5
63,4,-5,0.75,2,-2
102,4,-5,0.75,3,-0.5
97,4,-5,0.75,3,-1
47,4,-5,0.75,3,-1.5
131,4,-5,0.75,3,-2
591,4,-5,0.75,4,-0.5
60,4,-5,0.75,4,-1
38,4,-5,0.75,4,-1.5
470,4,-5,0.75,4,-2
591,4,-5,0.75,5,-0.5
79,4,-5,0.75,5,-1
67,4,-5,0.75,5,-1.5
44,4,-5,0.75,5,-2
35,4,-5,1.25,1,-0.5
46,4,-5,1.25,1,-1
54,4,-5,1.25,1,-1.5
49,4,-5,1.25,1,-2
91,4,-5,1.25,2,-0.5
180,4,-5,1.25,2,-1
23,4,-5,1.25,2,-1.5
34,4,-5,1.25,2,-2
47,4,-5,1.25,3,-0.5
32,4,-5,1.25,3,-1
20,4,-5,1.25,3,-1.5
54,4,-5,1.25,3,-2
24,4,-5,1.25,4,-0.5
20,4,-5,1.25,4,-1
19,4,-5,1.25,4,-1.5
57,4,-5,1.25,4,-2
70,4,-5,1.25,5,-0.5
71,4,-5,1.25,5,-1
32,4,-5,1.25,5,-1.5
37,4,-5,1.25,5,-2
35,4,-5,1.75,1,-0.5
29,4,-5,1.75,1,-1
59,4,-5,1.75,1,-1.5
21,4,-5,1.75,1,-2
27,4,-5,1.75,2,-0.5
71,4,-5,1.75,2,-1
21,4,-5,1.75,2,-1.5
64,4,-5,1.75,2,-2
53,4,-5,1.75,3,-0.5
34,4,-5,1.75,3,-1
16,4,-5,1.75,3,-1.5
44,4,-5,1.75,3,-2
51,4,-5,1.75,4,-0.5
18,4,-5,1.75,4,-1
30,4,-5,1.75,4,-1.5
32,4,-5,1.75,4,-2
130,4,-5,1.75,5,-0.5
45,4,-5,1.75,5,-1
22,4,-5,1.75,5,-1.5
35,4,-5,1.75,5,-2
153,5,-1,0.25,1,-0.5
139,5,-1,0.25,1,-1
180,5,-1,0.25,1,-1.5
158,5,-1,0.25,1,-2
527,5,-1,0.25,2,-0.5
101,5,-1,0.25,2,-1
156,5,-1,0.25,2,-1.5
144,5,-1,0.25,2,-2
527,5,-1,0.25,3,-0.5
121,5,-1,0.25,3,-1
84,5,-1,0.25,3,-1.5
78,5,-1,0.25,3,-2
130,5,-1,0.25,4,-0.5
163,5,-1,0.25,4,-1
94,5,-1,0.25,4,-1.5
67,5,-1,0.25,4,-2
132,5,-1,0.25,5,-0.5
91,5,-1,0.25,5,-1
83,5,-1,0.25,5,-1.5
76,5,-1,0.25,5,-2
135,5,-1,0.75,1,-0.5
113,5,-1,0.75,1,-1
63,5,-1,0.75,1,-1.5
61,5,-1,0.75,1,-2
99,5,-1,0.75,2,-0.5
137,5,-1,0.75,2,-1
109,5,-1,0.75,2,-1.5
79,5,-1,0.75,2,-2
112,5,-1,0.75,3,-0.5
85,5,-1,0.75,3,-1
98,5,-1,0.75,3,-1.5
101,5,-1,0.75,3,-2
139,5,-1,0.75,4,-0.5
90,5,-1,0.75,4,-1
69,5,-1,0.75,4,-1.5
44,5,-1,0.75,4,-2
124,5,-1,0.75,5,-0.5
71,5,-1,0.75,5,-1
61,5,-1,0.75,5,-1.5
53,5,-1,0.75,5,-2
138,5,-1,1.25,1,-0.5
108,5,-1,1.25,1,-1
77,5,-1,1.25,1,-1.5
81,5,-1,1.25,1,-2
129,5,-1,1.25,2,-0.5
87,5,-1,1.25,2,-1
65,5,-1,1.25,2,-1.5
45,5,-1,1.25,2,-2
93,5,-1,1.25,3,-0.5
71,5,-1,1.25,3,-1
76,5,-1,1.25,3,-1.5
63,5,-1,1.25,3,-2
116,5,-1,1.25,4,-0.5
62,5,-1,1.25,4,-1
113,5,-1,1.25,4,-1.5
46,5,-1,1.25,4,-2
75,5,-1,1.25,5,-0.5
77,5,-1,1.25,5,-1
102,5,-1,1.25,5,-1.5
79,5,-1,1.25,5,-2
123,5,-1,1.75,1,-0.5
120,5,-1,1.75,1,-1
78,5,-1,1.75,1,-1.5
58,5,-1,1.75,1,-2
106,5,-1,1.75,2,-0.5
101,5,-1,1.75,2,-1
55,5,-1,1.75,2,-1.5
46,5,-1,1.75,2,-2
119,5,-1,1.75,3,-0.5
91,5,-1,1.75,3,-1
69,5,-1,1.75,3,-1.5
40,5,-1,1.75,3,-2
111,5,-1,1.75,4,-0.5
77,5,-1,1.75,4,-1
86,5,-1,1.75,4,-1.5
54,5,-1,1.75,4,-2
78,5,-1,1.75,5,-0.5
84,5,-1,1.75,5,-1
66,5,-1,1.75,5,-1.5
77,5,-1,1.75,5,-2
208,5,-2,0.25,1,-0.5
223,5,-2,0.25,1,-1
362,5,-2,0.25,1,-1.5
106,5,-2,0.25,1,-2
300,5,-2,0.25,2,-0.5
116,5,-2,0.25,2,-1
109,5,-2,0.25,2,-1.5
81,5,-2,0.25,2,-2
128,5,-2,0.25,3,-0.5
101,5,-2,0.25,3,-1
101,5,-2,0.25,3,-1.5
113,5,-2,0.25,3,-2
184,5,-2,0.25,4,-0.5
190,5,-2,0.25,4,-1
214,5,-2,0.25,4,-1.5
52,5,-2,0.25,4,-2
267,5,-2,0.25,5,-0.5
62,5,-2,0.25,5,-1
121,5,-2,0.25,5,-1.5
64,5,-2,0.25,5,-2
166,5,-2,0.75,1,-0.5
72,5,-2,0.75,1,-1
76,5,-2,0.75,1,-1.5
62,5,-2,0.75,1,-2
98,5,-2,0.75,2,-0.5
76,5,-2,0.75,2,-1
36,5,-2,0.75,2,-1.5
58,5,-2,0.75,2,-2
40,5,-2,0.75,3,-0.5
86,5,-2,0.75,3,-1
27,5,-2,0.75,3,-1.5
77,5,-2,0.75,3,-2
84,5,-2,0.75,4,-0.5
73,5,-2,0.75,4,-1
78,5,-2,0.75,4,-1.5
24,5,-2,0.75,4,-2
78,5,-2,0.75,5,-0.5
90,5,-2,0.75,5,-1
30,5,-2,0.75,5,-1.5
95,5,-2,0.75,5,-2
105,5,-2,1.25,1,-0.5
79,5,-2,1.25,1,-1
45,5,-2,1.25,1,-1.5
81,5,-2,1.25,1,-2
104,5,-2,1.25,2,-0.5
70,5,-2,1.25,2,-1
44,5,-2,1.25,2,-1.5
30,5,-2,1.25,2,-2
67,5,-2,1.25,3,-0.5
61,5,-2,1.25,3,-1
37,5,-2,1.25,3,-1.5
34,5,-2,1.25,3,-2
65,5,-2,1.25,4,-0.5
38,5,-2,1.25,4,-1
34,5,-2,1.25,4,-1.5
30,5,-2,1.25,4,-2
79,5,-2,1.25,5,-0.5
43,5,-2,1.25,5,-1
29,5,-2,1.25,5,-1.5
54,5,-2,1.25,5,-2
103,5,-2,1.75,1,-0.5
66,5,-2,1.75,1,-1
51,5,-2,1.75,1,-1.5
38,5,-2,1.75,1,-2
91,5,-2,1.75,2,-0.5
76,5,-2,1.75,2,-1
38,5,-2,1.75,2,-1.5
43,5,-2,1.75,2,-2
115,5,-2,1.75,3,-0.5
49,5,-2,1.75,3,-1
28,5,-2,1.75,3,-1.5
24,5,-2,1.75,3,-2
61,5,-2,1.75,4,-0.5
70,5,-2,1.75,4,-1
61,5,-2,1.75,4,-1.5
44,5,-2,1.75,4,-2
54,5,-2,1.75,5,-0.5
25,5,-2,1.75,5,-1
51,5,-2,1.75,5,-1.5
44,5,-2,1.75,5,-2
167,5,-3,0.25,1,-0.5
195,5,-3,0.25,1,-1
124,5,-3,0.25,1,-1.5
160,5,-3,0.25,1,-2
133,5,-3,0.25,2,-0.5
164,5,-3,0.25,2,-1
298,5,-3,0.25,2,-1.5
61,5,-3,0.25,2,-2
175,5,-3,0.25,3,-0.5
183,5,-3,0.25,3,-1
267,5,-3,0.25,3,-1.5
154,5,-3,0.25,3,-2
179,5,-3,0.25,4,-0.5
110,5,-3,0.25,4,-1
185,5,-3,0.25,4,-1.5
84,5,-3,0.25,4,-2
251,5,-3,0.25,5,-0.5
212,5,-3,0.25,5,-1
120,5,-3,0.25,5,-1.5
82,5,-3,0.25,5,-2
103,5,-3,0.75,1,-0.5
182,5,-3,0.75,1,-1
97,5,-3,0.75,1,-1.5
48,5,-3,0.75,1,-2
224,5,-3,0.75,2,-0.5
185,5,-3,0.75,2,-1
99,5,-3,0.75,2,-1.5
141,5,-3,0.75,2,-2
219,5,-3,0.75,3,-0.5
62,5,-3,0.75,3,-1
68,5,-3,0.75,3,-1.5
61,5,-3,0.75,3,-2
66,5,-3,0.75,4,-0.5
105,5,-3,0.75,4,-1
116,5,-3,0.75,4,-1.5
38,5,-3,0.75,4,-2
151,5,-3,0.75,5,-0.5
86,5,-3,0.75,5,-1
101,5,-3,0.75,5,-1.5
122,5,-3,0.75,5,-2
91,5,-3,1.25,1,-0.5
93,5,-3,1.25,1,-1
33,5,-3,1.25,1,-1.5
122,5,-3,1.25,1,-2
47,5,-3,1.25,2,-0.5
81,5,-3,1.25,2,-1
32,5,-3,1.25,2,-1.5
29,5,-3,1.25,2,-2
230,5,-3,1.25,3,-0.5
81,5,-3,1.25,3,-1
46,5,-3,1.25,3,-1.5
47,5,-3,1.25,3,-2
140,5,-3,1.25,4,-0.5
55,5,-3,1.25,4,-1
69,5,-3,1.25,4,-1.5
37,5,-3,1.25,4,-2
50,5,-3,1.25,5,-0.5
32,5,-3,1.25,5,-1
37,5,-3,1.25,5,-1.5
36,5,-3,1.25,5,-2
84,5,-3,1.75,1,-0.5
52,5,-3,1.75,1,-1
54,5,-3,1.75,1,-1.5
33,5,-3,1.75,1,-2
81,5,-3,1.75,2,-0.5
49,5,-3,1.75,2,-1
77,5,-3,1.75,2,-1.5
29,5,-3,1.75,2,-2
54,5,-3,1.75,3,-0.5
61,5,-3,1.75,3,-1
34,5,-3,1.75,3,-1.5
37,5,-3,1.75,3,-2
22,5,-3,1.75,4,-0.5
43,5,-3,1.75,4,-1
30,5,-3,1.75,4,-1.5
17,5,-3,1.75,4,-2
47,5,-3,1.75,5,-0.5
25,5,-3,1.75,5,-1
40,5,-3,1.75,5,-1.5
28,5,-3,1.75,5,-2
186,5,-4,0.25,1,-0.5
171,5,-4,0.25,1,-1
438,5,-4,0.25,1,-1.5
233,5,-4,0.25,1,-2
269,5,-4,0.25,2,-0.5
416,5,-4,0.25,2,-1
454,5,-4,0.25,2,-1.5
130,5,-4,0.25,2,-2
347,5,-4,0.25,3,-0.5
482,5,-4,0.25,3,-1
454,5,-4,0.25,3,-1.5
62,5,-4,0.25,3,-2
161,5,-4,0.25,4,-0.5
482,5,-4,0.25,4,-1
36,5,-4,0.25,4,-1.5
163,5,-4,0.25,4,-2
209,5,-4,0.25,5,-0.5
56,5,-4,0.25,5,-1
128,5,-4,0.25,5,-1.5
89,5,-4,0.25,5,-2
163,5,-4,0.75,1,-0.5
189,5,-4,0.75,1,-1
45,5,-4,0.75,1,-1.5
87,5,-4,0.75,1,-2
373,5,-4,0.75,2,-0.5
135,5,-4,0.75,2,-1
85,5,-4,0.75,2,-1.5
82,5,-4,0.75,2,-2
270,5,-4,0.75,3,-0.5
69,5,-4,0.75,3,-1
89,5,-4,0.75,3,-1.5
39,5,-4,0.75,3,-2
74,5,-4,0.75,4,-0.5
97,5,-4,0.75,4,-1
136,5,-4,0.75,4,-1.5
66,5,-4,0.75,4,-2
101,5,-4,0.75,5,-0.5
74,5,-4,0.75,5,-1
84,5,-4,0.75,5,-1.5
27,5,-4,0.75,5,-2
45,5,-4,1.25,1,-0.5
86,5,-4,1.25,1,-1
38,5,-4,1.25,1,-1.5
28,5,-4,1.25,1,-2
72,5,-4,1.25,2,-0.5
96,5,-4,1.25,2,-1
35,5,-4,1.25,2,-1.5
62,5,-4,1.25,2,-2
40,5,-4,1.25,3,-0.5
98,5,-4,1.25,3,-1
26,5,-4,1.25,3,-1.5
29,5,-4,1.25,3,-2
104,5,-4,1.25,4,-0.5
29,5,-4,1.25,4,-1
139,5,-4,1.25,4,-1.5
26,5,-4,1.25,4,-2
39,5,-4,1.25,5,-0.5
56,5,-4,1.25,5,-1
38,5,-4,1.25,5,-1.5
49,5,-4,1.25,5,-2
76,5,-4,1.75,1,-0.5
59,5,-4,1.75,1,-1
31,5,-4,1.75,1,-1.5
35,5,-4,1.75,1,-2
52,5,-4,1.75,2,-0.5
121,5,-4,1.75,2,-1
39,5,-4,1.75,2,-1.5
37,5,-4,1.75,2,-2
55,5,-4,1.75,3,-0.5
35,5,-4,1.75,3,-1
26,5,-4,1.75,3,-1.5
30,5,-4,1.75,3,-2
22,5,-4,1.75,4,-0.5
23,5,-4,1.75,4,-1
32,5,-4,1.75,4,-1.5
44,5,-4,1.75,4,-2
32,5,-4,1.75,5,-0.5
52,5,-4,1.75,5,-1
71,5,-4,1.75,5,-1.5
30,5,-4,1.75,5,-2
431,5,-5,0.25,1,-0.5
246,5,-5,0.25,1,-1
100,5,-5,0.25,1,-1.5
463,5,-5,0.25,1,-2
169,5,-5,0.25,2,-0.5
185,5,-5,0.25,2,-1
179,5,-5,0.25,2,-1.5
167,5,-5,0.25,2,-2
358,5,-5,0.25,3,-0.5
121,5,-5,0.25,3,-1
93,5,-5,0.25,3,-1.5
464,5,-5,0.25,3,-2
284,5,-5,0.25,4,-0.5
86,5,-5,0.25,4,-1
105,5,-5,0.25,4,-1.5
70,5,-5,0.25,4,-2
270,5,-5,0.25,5,-0.5
126,5,-5,0.25,5,-1
146,5,-5,0.25,5,-1.5
153,5,-5,0.25,5,-2
155,5,-5,0.75,1,-0.5
223,5,-5,0.75,1,-1
49,5,-5,0.75,1,-1.5
88,5,-5,0.75,1,-2
434,5,-5,0.75,2,-0.5
137,5,-5,0.75,2,-1
153,5,-5,0.75,2,-1.5
58,5,-5,0.75,2,-2
118,5,-5,0.75,3,-0.5
162,5,-5,0.75,3,-1
189,5,-5,0.75,3,-1.5
36,5,-5,0.75,3,-2
57,5,-5,0.75,4,-0.5
97,5,-5,0.75,4,-1
180,5,-5,0.75,4,-1.5
138,5,-5,0.75,4,-2
283,5,-5,0.75,5,-0.5
158,5,-5,0.75,5,-1
146,5,-5,0.75,5,-1.5
71,5,-5,0.75,5,-2
183,5,-5,1.25,1,-0.5
82,5,-5,1.25,1,-1
120,5,-5,1.25,1,-1.5
33,5,-5,1.25,1,-2
41,5,-5,1.25,2,-0.5
241,5,-5,1.25,2,-1
122,5,-5,1.25,2,-1.5
25,5,-5,1.25,2,-2
66,5,-5,1.25,3,-0.5
47,5,-5,1.25,3,-1
18,5,-5,1.25,3,-1.5
65,5,-5,1.25,3,-2
29,5,-5,1.25,4,-0.5
516,5,-5,1.25,4,-1
49,5,-5,1.25,4,-1.5
59,5,-5,1.25,4,-2
48,5,-5,1.25,5,-0.5
516,5,-5,1.25,5,-1
52,5,-5,1.25,5,-1.5
95,5,-5,1.25,5,-2
74,5,-5,1.75,1,-0.5
51,5,-5,1.75,1,-1
152,5,-5,1.75,1,-1.5
30,5,-5,1.75,1,-2
69,5,-5,1.75,2,-0.5
20,5,-5,1.75,2,-1
51,5,-5,1.75,2,-1.5
28,5,-5,1.75,2,-2
66,5,-5,1.75,3,-0.5
46,5,-5,1.75,3,-1
22,5,-5,1.75,3,-1.5
31,5,-5,1.75,3,-2
41,5,-5,1.75,4,-0.5
35,5,-5,1.75,4,-1
84,5,-5,1.75,4,-1.5
44,5,-5,1.75,4,-2
25,5,-5,1.75,5,-0.5
55,5,-5,1.75,5,-1
73,5,-5,1.75,5,-1.5
18,5,-5,1.75,5,-2
