45,1,-1,0.25,1,-0.5
31,1,-1,0.25,1,-1
22,1,-1,0.25,1,-1.5
50,1,-1,0.25,1,-2
171,1,-1,0.25,2,-0.5
63,1,-1,0.25,2,-1
14,1,-1,0.25,2,-1.5
30,1,-1,0.25,2,-2
23,1,-1,0.25,3,-0.5
31,1,-1,0.25,3,-1
39,1,-1,0.25,3,-1.5
40,1,-1,0.25,3,-2
24,1,-1,0.25,4,-0.5
49,1,-1,0.25,4,-1
24,1,-1,0.25,4,-1.5
57,1,-1,0.25,4,-2
467,1,-1,0.25,5,-0.5
74,1,-1,0.25,5,-1
65,1,-1,0.25,5,-1.5
71,1,-1,0.25,5,-2
57,1,-1,0.75,1,-0.5
37,1,-1,0.75,1,-1
40,1,-1,0.75,1,-1.5
48,1,-1,0.75,1,-2
27,1,-1,0.75,2,-0.5
41,1,-1,0.75,2,-1
54,1,-1,0.75,2,-1.5
42,1,-1,0.75,2,-2
47,1,-1,0.75,3,-0.5
60,1,-1,0.75,3,-1
47,1,-1,0.75,3,-1.5
56,1,-1,0.75,3,-2
92,1,-1,0.75,4,-0.5
72,1,-1,0.75,4,-1
63,1,-1,0.75,4,-1.5
46,1,-1,0.75,4,-2
53,1,-1,0.75,5,-0.5
58,1,-1,0.75,5,-1
59,1,-1,0.75,5,-1.5
83,1,-1,0.75,5,-2
90,1,-1,1.25,1,-0.5
97,1,-1,1.25,1,-1
81,1,-1,1.25,1,-1.5
67,1,-1,1.25,1,-2
109,1,-1,1.25,2,-0.5
93,1,-1,1.25,2,-1
113,1,-1,1.25,2,-1.5
92,1,-1,1.25,2,-2
88,1,-1,1.25,3,-0.5
71,1,-1,1.25,3,-1
81,1,-1,1.25,3,-1.5
85,1,-1,1.25,3,-2
96,1,-1,1.25,4,-0.5
68,1,-1,1.25,4,-1
93,1,-1,1.25,4,-1.5
48,1,-1,1.25,4,-2
106,1,-1,1.25,5,-0.5
97,1,-1,1.25,5,-1
95,1,-1,1.25,5,-1.5
85,1,-1,1.25,5,-2
160,1,-1,1.75,1,-0.5
138,1,-1,1.75,1,-1
128,1,-1,1.75,1,-1.5
122,1,-1,1.75,1,-2
172,1,-1,1.75,2,-0.5
136,1,-1,1.75,2,-1
121,1,-1,1.75,2,-1.5
127,1,-1,1.75,2,-2
146,1,-1,1.75,3,-0.5
147,1,-1,1.75,3,-1
101,1,-1,1.75,3,-1.5
97,1,-1,1.75,3,-2
143,1,-1,1.75,4,-0.5
132,1,-1,1.75,4,-1
122,1,-1,1.75,4,-1.5
104,1,-1,1.75,4,-2
155,1,-1,1.75,5,-0.5
132,1,-1,1.75,5,-1
121,1,-1,1.75,5,-1.5
119,1,-1,1.75,5,-2
54,1,-2,0.25,1,-0.5
24,1,-2,0.25,1,-1
425,1,-2,0.25,1,-1.5
24,1,-2,0.25,1,-2
327,1,-2,0.25,2,-0.5
115,1,-2,0.25,2,-1
35,1,-2,0.25,2,-1.5
25,1,-2,0.25,2,-2
70,1,-2,0.25,3,-0.5
182,1,-2,0.25,3,-1
341,1,-2,0.25,3,-1.5
52,1,-2,0.25,3,-2
293,1,-2,0.25,4,-0.5
158,1,-2,0.25,4,-1
29,1,-2,0.25,4,-1.5
32,1,-2,0.25,4,-2
22,1,-2,0.25,5,-0.5
24,1,-2,0.25,5,-1
64,1,-2,0.25,5,-1.5
47,1,-2,0.25,5,-2
91,1,-2,0.75,1,-0.5
45,1,-2,0.75,1,-1
24,1,-2,0.75,1,-1.5
17,1,-2,0.75,1,-2
18,1,-2,0.75,2,-0.5
20,1,-2,0.75,2,-1
43,1,-2,0.75,2,-1.5
49,1,-2,0.75,2,-2
50,1,-2,0.75,3,-0.5
36,1,-2,0.75,3,-1
26,1,-2,0.75,3,-1.5
14,1,-2,0.75,3,-2
38,1,-2,0.75,4,-0.5
58,1,-2,0.75,4,-1
39,1,-2,0.75,4,-1.5
37,1,-2,0.75,4,-2
32,1,-2,0.75,5,-0.5
47,1,-2,0.75,5,-1
43,1,-2,0.75,5,-1.5
33,1,-2,0.75,5,-2
75,1,-2,1.25,1,-0.5
47,1,-2,1.25,1,-1
61,1,-2,1.25,1,-1.5
37,1,-2,1.25,1,-2
45,1,-2,1.25,2,-0.5
33,1,-2,1.25,2,-1
54,1,-2,1.25,2,-1.5
57,1,-2,1.25,2,-2
43,1,-2,1.25,3,-0.5
56,1,-2,1.25,3,-1
46,1,-2,1.25,3,-1.5
60,1,-2,1.25,3,-2
45,1,-2,1.25,4,-0.5
54,1,-2,1.25,4,-1
54,1,-2,1.25,4,-1.5
62,1,-2,1.25,4,-2
47,1,-2,1.25,5,-0.5
62,1,-2,1.25,5,-1
51,1,-2,1.25,5,-1.5
25,1,-2,1.25,5,-2
70,1,-2,1.75,1,-0.5
111,1,-2,1.75,1,-1
93,1,-2,1.75,1,-1.5
91,1,-2,1.75,1,-2
86,1,-2,1.75,2,-0.5
96,1,-2,1.75,2,-1
66,1,-2,1.75,2,-1.5
49,1,-2,1.75,2,-2
116,1,-2,1.75,3,-0.5
84,1,-2,1.75,3,-1
93,1,-2,1.75,3,-1.5
81,1,-2,1.75,3,-2
101,1,-2,1.75,4,-0.5
81,1,-2,1.75,4,-1
78,1,-2,1.75,4,-1.5
77,1,-2,1.75,4,-2
89,1,-2,1.75,5,-0.5
81,1,-2,1.75,5,-1
89,1,-2,1.75,5,-1.5
82,1,-2,1.75,5,-2
276,1,-3,0.25,1,-0.5
347,1,-3,0.25,1,-1
333,1,-3,0.25,1,-1.5
79,1,-3,0.25,1,-2
111,1,-3,0.25,2,-0.5
42,1,-3,0.25,2,-1
234,1,-3,0.25,2,-1.5
29,1,-3,0.25,2,-2
438,1,-3,0.25,3,-0.5
61,1,-3,0.25,3,-1
179,1,-3,0.25,3,-1.5
56,1,-3,0.25,3,-2
98,1,-3,0.25,4,-0.5
206,1,-3,0.25,4,-1
99,1,-3,0.25,4,-1.5
66,1,-3,0.25,4,-2
27,1,-3,0.25,5,-0.5
35,1,-3,0.25,5,-1
227,1,-3,0.25,5,-1.5
302,1,-3,0.25,5,-2
30,1,-3,0.75,1,-0.5
22,1,-3,0.75,1,-1
43,1,-3,0.75,1,-1.5
57,1,-3,0.75,1,-2
99,1,-3,0.75,2,-0.5
23,1,-3,0.75,2,-1
218,1,-3,0.75,2,-1.5
15,1,-3,0.75,2,-2
80,1,-3,0.75,3,-0.5
100,1,-3,0.75,3,-1
13,1,-3,0.75,3,-1.5
58,1,-3,0.75,3,-2
60,1,-3,0.75,4,-0.5
30,1,-3,0.75,4,-1
18,1,-3,0.75,4,-1.5
47,1,-3,0.75,4,-2
42,1,-3,0.75,5,-0.5
43,1,-3,0.75,5,-1
27,1,-3,0.75,5,-1.5
48,1,-3,0.75,5,-2
30,1,-3,1.25,1,-0.5
29,1,-3,1.25,1,-1
41,1,-3,1.25,1,-1.5
33,1,-3,1.25,1,-2
27,1,-3,1.25,2,-0.5
17,1,-3,1.25,2,-1
44,1,-3,1.25,2,-1.5
43,1,-3,1.25,2,-2
35,1,-3,1.25,3,-0.5
55,1,-3,1.25,3,-1
39,1,-3,1.25,3,-1.5
22,1,-3,1.25,3,-2
36,1,-3,1.25,4,-0.5
25,1,-3,1.25,4,-1
29,1,-3,1.25,4,-1.5
42,1,-3,1.25,4,-2
43,1,-3,1.25,5,-0.5
29,1,-3,1.25,5,-1
34,1,-3,1.25,5,-1.5
32,1,-3,1.25,5,-2
85,1,-3,1.75,1,-0.5
52,1,-3,1.75,1,-1
65,1,-3,1.75,1,-1.5
70,1,-3,1.75,1,-2
88,1,-3,1.75,2,-0.5
54,1,-3,1.75,2,-1
72,1,-3,1.75,2,-1.5
50,1,-3,1.75,2,-2
75,1,-3,1.75,3,-0.5
37,1,-3,1.75,3,-1
36,1,-3,1.75,3,-1.5
28,1,-3,1.75,3,-2
71,1,-3,1.75,4,-0.5
62,1,-3,1.75,4,-1
69,1,-3,1.75,4,-1.5
46,1,-3,1.75,4,-2
102,1,-3,1.75,5,-0.5
56,1,-3,1.75,5,-1
46,1,-3,1.75,5,-1.5
66,1,-3,1.75,5,-2
159,1,-4,0.25,1,-0.5
460,1,-4,0.25,1,-1
150,1,-4,0.25,1,-1.5
285,1,-4,0.25,1,-2
364,1,-4,0.25,2,-0.5
101,1,-4,0.25,2,-1
146,1,-4,0.25,2,-1.5
120,1,-4,0.25,2,-2
244,1,-4,0.25,3,-0.5
101,1,-4,0.25,3,-1
151,1,-4,0.25,3,-1.5
162,1,-4,0.25,3,-2
200,1,-4,0.25,4,-0.5
436,1,-4,0.25,4,-1
43,1,-4,0.25,4,-1.5
224,1,-4,0.25,4,-2
55,1,-4,0.25,5,-0.5
436,1,-4,0.25,5,-1
183,1,-4,0.25,5,-1.5
526,1,-4,0.25,5,-2
52,1,-4,0.75,1,-0.5
73,1,-4,0.75,1,-1
145,1,-4,0.75,1,-1.5
43,1,-4,0.75,1,-2
147,1,-4,0.75,2,-0.5
25,1,-4,0.75,2,-1
26,1,-4,0.75,2,-1.5
34,1,-4,0.75,2,-2
24,1,-4,0.75,3,-0.5
67,1,-4,0.75,3,-1
35,1,-4,0.75,3,-1.5
21,1,-4,0.75,3,-2
614,1,-4,0.75,4,-0.5
64,1,-4,0.75,4,-1
26,1,-4,0.75,4,-1.5
30,1,-4,0.75,4,-2
614,1,-4,0.75,5,-0.5
62,1,-4,0.75,5,-1
23,1,-4,0.75,5,-1.5
37,1,-4,0.75,5,-2
36,1,-4,1.25,1,-0.5
35,1,-4,1.25,1,-1
53,1,-4,1.25,1,-1.5
26,1,-4,1.25,1,-2
22,1,-4,1.25,2,-0.5
21,1,-4,1.25,2,-1
20,1,-4,1.25,2,-1.5
26,1,-4,1.25,2,-2
18,1,-4,1.25,3,-0.5
17,1,-4,1.25,3,-1
55,1,-4,1.25,3,-1.5
99,1,-4,1.25,3,-2
32,1,-4,1.25,4,-0.5
24,1,-4,1.25,4,-1
22,1,-4,1.25,4,-1.5
19,1,-4,1.25,4,-2
20,1,-4,1.25,5,-0.5
21,1,-4,1.25,5,-1
44,1,-4,1.25,5,-1.5
39,1,-4,1.25,5,-2
83,1,-4,1.75,1,-0.5
48,1,-4,1.75,1,-1
36,1,-4,1.75,1,-1.5
57,1,-4,1.75,1,-2
48,1,-4,1.75,2,-0.5
46,1,-4,1.75,2,-1
58,1,-4,1.75,2,-1.5
48,1,-4,1.75,2,-2
41,1,-4,1.75,3,-0.5
63,1,-4,1.75,3,-1
46,1,-4,1.75,3,-1.5
47,1,-4,1.75,3,-2
49,1,-4,1.75,4,-0.5
33,1,-4,1.75,4,-1
29,1,-4,1.75,4,-1.5
32,1,-4,1.75,4,-2
34,1,-4,1.75,5,-0.5
34,1,-4,1.75,5,-1
56,1,-4,1.75,5,-1.5
45,1,-4,1.75,5,-2
339,1,-5,0.25,1,-0.5
379,1,-5,0.25,1,-1
103,1,-5,0.25,1,-1.5
120,1,-5,0.25,1,-2
292,1,-5,0.25,2,-0.5
447,1,-5,0.25,2,-1
222,1,-5,0.25,2,-1.5
382,1,-5,0.25,2,-2
116,1,-5,0.25,3,-0.5
145,1,-5,0.25,3,-1
295,1,-5,0.25,3,-1.5
382,1,-5,0.25,3,-2
292,1,-5,0.25,4,-0.5
88,1,-5,0.25,4,-1
295,1,-5,0.25,4,-1.5
197,1,-5,0.25,4,-2
311,1,-5,0.25,5,-0.5
154,1,-5,0.25,5,-1
341,1,-5,0.25,5,-1.5
143,1,-5,0.25,5,-2
89,1,-5,0.75,1,-0.5
100,1,-5,0.75,1,-1
71,1,-5,0.75,1,-1.5
82,1,-5,0.75,1,-2
518,1,-5,0.75,2,-0.5
132,1,-5,0.75,2,-1
47,1,-5,0.75,2,-1.5
20,1,-5,0.75,2,-2
189,1,-5,0.75,3,-0.5
349,1,-5,0.75,3,-1
153,1,-5,0.75,3,-1.5
158,1,-5,0.75,3,-2
352,1,-5,0.75,4,-0.5
237,1,-5,0.75,4,-1
26,1,-5,0.75,4,-1.5
41,1,-5,0.75,4,-2
26,1,-5,0.75,5,-0.5
318,1,-5,0.75,5,-1
69,1,-5,0.75,5,-1.5
25,1,-5,0.75,5,-2
72,1,-5,1.25,1,-0.5
94,1,-5,1.25,1,-1
32,1,-5,1.25,1,-1.5
90,1,-5,1.25,1,-2
35,1,-5,1.25,2,-0.5
33,1,-5,1.25,2,-1
29,1,-5,1.25,2,-1.5
43,1,-5,1.25,2,-2
59,1,-5,1.25,3,-0.5
387,1,-5,1.25,3,-1
24,1,-5,1.25,3,-1.5
47,1,-5,1.25,3,-2
29,1,-5,1.25,4,-0.5
17,1,-5,1.25,4,-1
17,1,-5,1.25,4,-1.5
20,1,-5,1.25,4,-2
527,1,-5,1.25,5,-0.5
23,1,-5,1.25,5,-1
23,1,-5,1.25,5,-1.5
22,1,-5,1.25,5,-2
62,1,-5,1.75,1,-0.5
36,1,-5,1.75,1,-1
27,1,-5,1.75,1,-1.5
36,1,-5,1.75,1,-2
53,1,-5,1.75,2,-0.5
18,1,-5,1.75,2,-1
80,1,-5,1.75,2,-1.5
29,1,-5,1.75,2,-2
47,1,-5,1.75,3,-0.5
40,1,-5,1.75,3,-1
28,1,-5,1.75,3,-1.5
24,1,-5,1.75,3,-2
40,1,-5,1.75,4,-0.5
129,1,-5,1.75,4,-1
24,1,-5,1.75,4,-1.5
55,1,-5,1.75,4,-2
45,1,-5,1.75,5,-0.5
34,1,-5,1.75,5,-1
38,1,-5,1.75,5,-1.5
47,1,-5,1.75,5,-2
368,2,-1,0.25,1,-0.5
67,2,-1,0.25,1,-1
37,2,-1,0.25,1,-1.5
58,2,-1,0.25,1,-2
81,2,-1,0.25,2,-0.5
48,2,-1,0.25,2,-1
29,2,-1,0.25,2,-1.5
33,2,-1,0.25,2,-2
89,2,-1,0.25,3,-0.5
96,2,-1,0.25,3,-1
25,2,-1,0.25,3,-1.5
40,2,-1,0.25,3,-2
154,2,-1,0.25,4,-0.5
77,2,-1,0.25,4,-1
62,2,-1,0.25,4,-1.5
51,2,-1,0.25,4,-2
73,2,-1,0.25,5,-0.5
83,2,-1,0.25,5,-1
31,2,-1,0.25,5,-1.5
55,2,-1,0.25,5,-2
59,2,-1,0.75,1,-0.5
41,2,-1,0.75,1,-1
38,2,-1,0.75,1,-1.5
27,2,-1,0.75,1,-2
56,2,-1,0.75,2,-0.5
25,2,-1,0.75,2,-1
29,2,-1,0.75,2,-1.5
49,2,-1,0.75,2,-2
30,2,-1,0.75,3,-0.5
39,2,-1,0.75,3,-1
24,2,-1,0.75,3,-1.5
49,2,-1,0.75,3,-2
42,2,-1,0.75,4,-0.5
51,2,-1,0.75,4,-1
51,2,-1,0.75,4,-1.5
43,2,-1,0.75,4,-2
81,2,-1,0.75,5,-0.5
33,2,-1,0.75,5,-1
55,2,-1,0.75,5,-1.5
32,2,-1,0.75,5,-2
95,2,-1,1.25,1,-0.5
63,2,-1,1.25,1,-1
49,2,-1,1.25,1,-1.5
59,2,-1,1.25,1,-2
60,2,-1,1.25,2,-0.5
63,2,-1,1.25,2,-1
60,2,-1,1.25,2,-1.5
38,2,-1,1.25,2,-2
73,2,-1,1.25,3,-0.5
50,2,-1,1.25,3,-1
33,2,-1,1.25,3,-1.5
48,2,-1,1.25,3,-2
88,2,-1,1.25,4,-0.5
80,2,-1,1.25,4,-1
48,2,-1,1.25,4,-1.5
83,2,-1,1.25,4,-2
94,2,-1,1.25,5,-0.5
82,2,-1,1.25,5,-1
69,2,-1,1.25,5,-1.5
60,2,-1,1.25,5,-2
123,2,-1,1.75,1,-0.5
95,2,-1,1.75,1,-1
83,2,-1,1.75,1,-1.5
100,2,-1,1.75,1,-2
124,2,-1,1.75,2,-0.5
113,2,-1,1.75,2,-1
82,2,-1,1.75,2,-1.5
78,2,-1,1.75,2,-2
115,2,-1,1.75,3,-0.5
111,2,-1,1.75,3,-1
66,2,-1,1.75,3,-1.5
90,2,-1,1.75,3,-2
126,2,-1,1.75,4,-0.5
96,2,-1,1.75,4,-1
82,2,-1,1.75,4,-1.5
76,2,-1,1.75,4,-2
133,2,-1,1.75,5,-0.5
102,2,-1,1.75,5,-1
97,2,-1,1.75,5,-1.5
47,2,-1,1.75,5,-2
194,2,-2,0.25,1,-0.5
376,2,-2,0.25,1,-1
525,2,-2,0.25,1,-1.5
65,2,-2,0.25,1,-2
227,2,-2,0.25,2,-0.5
131,2,-2,0.25,2,-1
198,2,-2,0.25,2,-1.5
28,2,-2,0.25,2,-2
145,2,-2,0.25,3,-0.5
369,2,-2,0.25,3,-1
53,2,-2,0.25,3,-1.5
84,2,-2,0.25,3,-2
269,2,-2,0.25,4,-0.5
67,2,-2,0.25,4,-1
441,2,-2,0.25,4,-1.5
40,2,-2,0.25,4,-2
107,2,-2,0.25,5,-0.5
372,2,-2,0.25,5,-1
98,2,-2,0.25,5,-1.5
73,2,-2,0.25,5,-2
20,2,-2,0.75,1,-0.5
130,2,-2,0.75,1,-1
17,2,-2,0.75,1,-1.5
26,2,-2,0.75,1,-2
43,2,-2,0.75,2,-0.5
38,2,-2,0.75,2,-1
39,2,-2,0.75,2,-1.5
77,2,-2,0.75,2,-2
26,2,-2,0.75,3,-0.5
30,2,-2,0.75,3,-1
38,2,-2,0.75,3,-1.5
58,2,-2,0.75,3,-2
83,2,-2,0.75,4,-0.5
27,2,-2,0.75,4,-1
41,2,-2,0.75,4,-1.5
14,2,-2,0.75,4,-2
18,2,-2,0.75,5,-0.5
30,2,-2,0.75,5,-1
45,2,-2,0.75,5,-1.5
32,2,-2,0.75,5,-2
61,2,-2,1.25,1,-0.5
44,2,-2,1.25,1,-1
46,2,-2,1.25,1,-1.5
22,2,-2,1.25,1,-2
39,2,-2,1.25,2,-0.5
32,2,-2,1.25,2,-1
35,2,-2,1.25,2,-1.5
41,2,-2,1.25,2,-2
48,2,-2,1.25,3,-0.5
24,2,-2,1.25,3,-1
27,2,-2,1.25,3,-1.5
40,2,-2,1.25,3,-2
44,2,-2,1.25,4,-0.5
24,2,-2,1.25,4,-1
37,2,-2,1.25,4,-1.5
35,2,-2,1.25,4,-2
41,2,-2,1.25,5,-0.5
40,2,-2,1.25,5,-1
46,2,-2,1.25,5,-1.5
35,2,-2,1.25,5,-2
83,2,-2,1.75,1,-0.5
81,2,-2,1.75,1,-1
41,2,-2,1.75,1,-1.5
48,2,-2,1.75,1,-2
93,2,-2,1.75,2,-0.5
73,2,-2,1.75,2,-1
69,2,-2,1.75,2,-1.5
37,2,-2,1.75,2,-2
93,2,-2,1.75,3,-0.5
59,2,-2,1.75,3,-1
50,2,-2,1.75,3,-1.5
69,2,-2,1.75,3,-2
75,2,-2,1.75,4,-0.5
82,2,-2,1.75,4,-1
56,2,-2,1.75,4,-1.5
35,2,-2,1.75,4,-2
86,2,-2,1.75,5,-0.5
39,2,-2,1.75,5,-1
43,2,-2,1.75,5,-1.5
60,2,-2,1.75,5,-2
169,2,-3,0.25,1,-0.5
219,2,-3,0.25,1,-1
256,2,-3,0.25,1,-1.5
28,2,-3,0.25,1,-2
152,2,-3,0.25,2,-0.5
93,2,-3,0.25,2,-1
53,2,-3,0.25,2,-1.5
129,2,-3,0.25,2,-2
357,2,-3,0.25,3,-0.5
47,2,-3,0.25,3,-1
238,2,-3,0.25,3,-1.5
270,2,-3,0.25,3,-2
73,2,-3,0.25,4,-0.5
380,2,-3,0.25,4,-1
317,2,-3,0.25,4,-1.5
85,2,-3,0.25,4,-2
418,2,-3,0.25,5,-0.5
391,2,-3,0.25,5,-1
122,2,-3,0.25,5,-1.5
286,2,-3,0.25,5,-2
31,2,-3,0.75,1,-0.5
138,2,-3,0.75,1,-1
35,2,-3,0.75,1,-1.5
32,2,-3,0.75,1,-2
47,2,-3,0.75,2,-0.5
22,2,-3,0.75,2,-1
21,2,-3,0.75,2,-1.5
14,2,-3,0.75,2,-2
27,2,-3,0.75,3,-0.5
86,2,-3,0.75,3,-1
22,2,-3,0.75,3,-1.5
69,2,-3,0.75,3,-2
31,2,-3,0.75,4,-0.5
32,2,-3,0.75,4,-1
33,2,-3,0.75,4,-1.5
171,2,-3,0.75,4,-2
185,2,-3,0.75,5,-0.5
58,2,-3,0.75,5,-1
36,2,-3,0.75,5,-1.5
31,2,-3,0.75,5,-2
63,2,-3,1.25,1,-0.5
35,2,-3,1.25,1,-1
20,2,-3,1.25,1,-1.5
42,2,-3,1.25,1,-2
46,2,-3,1.25,2,-0.5
54,2,-3,1.25,2,-1
28,2,-3,1.25,2,-1.5
19,2,-3,1.25,2,-2
24,2,-3,1.25,3,-0.5
26,2,-3,1.25,3,-1
15,2,-3,1.25,3,-1.5
25,2,-3,1.25,3,-2
38,2,-3,1.25,4,-0.5
28,2,-3,1.25,4,-1
37,2,-3,1.25,4,-1.5
20,2,-3,1.25,4,-2
47,2,-3,1.25,5,-0.5
29,2,-3,1.25,5,-1
22,2,-3,1.25,5,-1.5
35,2,-3,1.25,5,-2
64,2,-3,1.75,1,-0.5
34,2,-3,1.75,1,-1
41,2,-3,1.75,1,-1.5
54,2,-3,1.75,1,-2
80,2,-3,1.75,2,-0.5
51,2,-3,1.75,2,-1
63,2,-3,1.75,2,-1.5
57,2,-3,1.75,2,-2
53,2,-3,1.75,3,-0.5
33,2,-3,1.75,3,-1
30,2,-3,1.75,3,-1.5
46,2,-3,1.75,3,-2
45,2,-3,1.75,4,-0.5
37,2,-3,1.75,4,-1
28,2,-3,1.75,4,-1.5
42,2,-3,1.75,4,-2
53,2,-3,1.75,5,-0.5
19,2,-3,1.75,5,-1
19,2,-3,1.75,5,-1.5
25,2,-3,1.75,5,-2
328,2,-4,0.25,1,-0.5
359,2,-4,0.25,1,-1
174,2,-4,0.25,1,-1.5
252,2,-4,0.25,1,-2
122,2,-4,0.25,2,-0.5
343,2,-4,0.25,2,-1
483,2,-4,0.25,2,-1.5
119,2,-4,0.25,2,-2
213,2,-4,0.25,3,-0.5
239,2,-4,0.25,3,-1
266,2,-4,0.25,3,-1.5
102,2,-4,0.25,3,-2
226,2,-4,0.25,4,-0.5
66,2,-4,0.25,4,-1
191,2,-4,0.25,4,-1.5
216,2,-4,0.25,4,-2
121,2,-4,0.25,5,-0.5
525,2,-4,0.25,5,-1
345,2,-4,0.25,5,-1.5
64,2,-4,0.25,5,-2
114,2,-4,0.75,1,-0.5
63,2,-4,0.75,1,-1
43,2,-4,0.75,1,-1.5
60,2,-4,0.75,1,-2
31,2,-4,0.75,2,-0.5
63,2,-4,0.75,2,-1
66,2,-4,0.75,2,-1.5
49,2,-4,0.75,2,-2
79,2,-4,0.75,3,-0.5
95,2,-4,0.75,3,-1
65,2,-4,0.75,3,-1.5
44,2,-4,0.75,3,-2
64,2,-4,0.75,4,-0.5
41,2,-4,0.75,4,-1
79,2,-4,0.75,4,-1.5
31,2,-4,0.75,4,-2
20,2,-4,0.75,5,-0.5
39,2,-4,0.75,5,-1
56,2,-4,0.75,5,-1.5
30,2,-4,0.75,5,-2
93,2,-4,1.25,1,-0.5
107,2,-4,1.25,1,-1
25,2,-4,1.25,1,-1.5
38,2,-4,1.25,1,-2
43,2,-4,1.25,2,-0.5
29,2,-4,1.25,2,-1
58,2,-4,1.25,2,-1.5
32,2,-4,1.25,2,-2
221,2,-4,1.25,3,-0.5
48,2,-4,1.25,3,-1
38,2,-4,1.25,3,-1.5
21,2,-4,1.25,3,-2
110,2,-4,1.25,4,-0.5
30,2,-4,1.25,4,-1
24,2,-4,1.25,4,-1.5
31,2,-4,1.25,4,-2
32,2,-4,1.25,5,-0.5
63,2,-4,1.25,5,-1
33,2,-4,1.25,5,-1.5
43,2,-4,1.25,5,-2
83,2,-4,1.75,1,-0.5
563,2,-4,1.75,1,-1
42,2,-4,1.75,1,-1.5
39,2,-4,1.75,1,-2
55,2,-4,1.75,2,-0.5
30,2,-4,1.75,2,-1
32,2,-4,1.75,2,-1.5
15,2,-4,1.75,2,-2
39,2,-4,1.75,3,-0.5
23,2,-4,1.75,3,-1
42,2,-4,1.75,3,-1.5
37,2,-4,1.75,3,-2
37,2,-4,1.75,4,-0.5
27,2,-4,1.75,4,-1
26,2,-4,1.75,4,-1.5
40,2,-4,1.75,4,-2
51,2,-4,1.75,5,-0.5
32,2,-4,1.75,5,-1
23,2,-4,1.75,5,-1.5
51,2,-4,1.75,5,-2
553,2,-5,0.25,1,-0.5
355,2,-5,0.25,1,-1
410,2,-5,0.25,1,-1.5
74,2,-5,0.25,1,-2
406,2,-5,0.25,2,-0.5
198,2,-5,0.25,2,-1
459,2,-5,0.25,2,-1.5
411,2,-5,0.25,2,-2
407,2,-5,0.25,3,-0.5
476,2,-5,0.25,3,-1
328,2,-5,0.25,3,-1.5
256,2,-5,0.25,3,-2
279,2,-5,0.25,4,-0.5
519,2,-5,0.25,4,-1
316,2,-5,0.25,4,-1.5
166,2,-5,0.25,4,-2
61,2,-5,0.25,5,-0.5
263,2,-5,0.25,5,-1
398,2,-5,0.25,5,-1.5
498,2,-5,0.25,5,-2
557,2,-5,0.75,1,-0.5
39,2,-5,0.75,1,-1
26,2,-5,0.75,1,-1.5
28,2,-5,0.75,1,-2
133,2,-5,0.75,2,-0.5
149,2,-5,0.75,2,-1
59,2,-5,0.75,2,-1.5
42,2,-5,0.75,2,-2
51,2,-5,0.75,3,-0.5
260,2,-5,0.75,3,-1
48,2,-5,0.75,3,-1.5
31,2,-5,0.75,3,-2
74,2,-5,0.75,4,-0.5
437,2,-5,0.75,4,-1
329,2,-5,0.75,4,-1.5
88,2,-5,0.75,4,-2
568,2,-5,0.75,5,-0.5
494,2,-5,0.75,5,-1
228,2,-5,0.75,5,-1.5
43,2,-5,0.75,5,-2
20,2,-5,1.25,1,-0.5
53,2,-5,1.25,1,-1
22,2,-5,1.25,1,-1.5
80,2,-5,1.25,1,-2
41,2,-5,1.25,2,-0.5
25,2,-5,1.25,2,-1
61,2,-5,1.25,2,-1.5
28,2,-5,1.25,2,-2
362,2,-5,1.25,3,-0.5
23,2,-5,1.25,3,-1
16,2,-5,1.25,3,-1.5
114,2,-5,1.25,3,-2
38,2,-5,1.25,4,-0.5
35,2,-5,1.25,4,-1
23,2,-5,1.25,4,-1.5
279,2,-5,1.25,4,-2
91,2,-5,1.25,5,-0.5
22,2,-5,1.25,5,-1
96,2,-5,1.25,5,-1.5
45,2,-5,1.25,5,-2
44,2,-5,1.75,1,-0.5
48,2,-5,1.75,1,-1
41,2,-5,1.75,1,-1.5
23,2,-5,1.75,1,-2
51,2,-5,1.75,2,-0.5
292,2,-5,1.75,2,-1
22,2,-5,1.75,2,-1.5
62,2,-5,1.75,2,-2
22,2,-5,1.75,3,-0.5
40,2,-5,1.75,3,-1
21,2,-5,1.75,3,-1.5
24,2,-5,1.75,3,-2
51,2,-5,1.75,4,-0.5
17,2,-5,1.75,4,-1
23,2,-5,1.75,4,-1.5
59,2,-5,1.75,4,-2
29,2,-5,1.75,5,-0.5
26,2,-5,1.75,5,-1
38,2,-5,1.75,5,-1.5
40,2,-5,1.75,5,-2
168,3,-1,0.25,1,-0.5
119,3,-1,0.25,1,-1
134,3,-1,0.25,1,-1.5
115,3,-1,0.25,1,-2
152,3,-1,0.25,2,-0.5
100,3,-1,0.25,2,-1
47,3,-1,0.25,2,-1.5
40,3,-1,0.25,2,-2
128,3,-1,0.25,3,-0.5
125,3,-1,0.25,3,-1
75,3,-1,0.25,3,-1.5
60,3,-1,0.25,3,-2
165,3,-1,0.25,4,-0.5
121,3,-1,0.25,4,-1
49,3,-1,0.25,4,-1.5
73,3,-1,0.25,4,-2
223,3,-1,0.25,5,-0.5
180,3,-1,0.25,5,-1
102,3,-1,0.25,5,-1.5
53,3,-1,0.25,5,-2
86,3,-1,0.75,1,-0.5
78,3,-1,0.75,1,-1
31,3,-1,0.75,1,-1.5
37,3,-1,0.75,1,-2
36,3,-1,0.75,2,-0.5
56,3,-1,0.75,2,-1
30,3,-1,0.75,2,-1.5
49,3,-1,0.75,2,-2
56,3,-1,0.75,3,-0.5
55,3,-1,0.75,3,-1
39,3,-1,0.75,3,-1.5
34,3,-1,0.75,3,-2
54,3,-1,0.75,4,-0.5
61,3,-1,0.75,4,-1
20,3,-1,0.75,4,-1.5
68,3,-1,0.75,4,-2
53,3,-1,0.75,5,-0.5
56,3,-1,0.75,5,-1
51,3,-1,0.75,5,-1.5
69,3,-1,0.75,5,-2
89,3,-1,1.25,1,-0.5
43,3,-1,1.25,1,-1
56,3,-1,1.25,1,-1.5
44,3,-1,1.25,1,-2
78,3,-1,1.25,2,-0.5
47,3,-1,1.25,2,-1
34,3,-1,1.25,2,-1.5
50,3,-1,1.25,2,-2
74,3,-1,1.25,3,-0.5
78,3,-1,1.25,3,-1
27,3,-1,1.25,3,-1.5
30,3,-1,1.25,3,-2
86,3,-1,1.25,4,-0.5
36,3,-1,1.25,4,-1
50,3,-1,1.25,4,-1.5
55,3,-1,1.25,4,-2
66,3,-1,1.25,5,-0.5
55,3,-1,1.25,5,-1
40,3,-1,1.25,5,-1.5
40,3,-1,1.25,5,-2
136,3,-1,1.75,1,-0.5
110,3,-1,1.75,1,-1
80,3,-1,1.75,1,-1.5
98,3,-1,1.75,1,-2
123,3,-1,1.75,2,-0.5
117,3,-1,1.75,2,-1
88,3,-1,1.75,2,-1.5
67,3,-1,1.75,2,-2
84,3,-1,1.75,3,-0.5
67,3,-1,1.75,3,-1
73,3,-1,1.75,3,-1.5
63,3,-1,1.75,3,-2
96,3,-1,1.75,4,-0.5
102,3,-1,1.75,4,-1
99,3,-1,1.75,4,-1.5
44,3,-1,1.75,4,-2
109,3,-1,1.75,5,-0.5
94,3,-1,1.75,5,-1
63,3,-1,1.75,5,-1.5
74,3,-1,1.75,5,-2
156,3,-2,0.25,1,-0.5
413,3,-2,0.25,1,-1
328,3,-2,0.25,1,-1.5
121,3,-2,0.25,1,-2
270,3,-2,0.25,2,-0.5
155,3,-2,0.25,2,-1
56,3,-2,0.25,2,-1.5
104,3,-2,0.25,2,-2
203,3,-2,0.25,3,-0.5
371,3,-2,0.25,3,-1
75,3,-2,0.25,3,-1.5
115,3,-2,0.25,3,-2
104,3,-2,0.25,4,-0.5
135,3,-2,0.25,4,-1
62,3,-2,0.25,4,-1.5
92,3,-2,0.25,4,-2
265,3,-2,0.25,5,-0.5
371,3,-2,0.25,5,-1
123,3,-2,0.25,5,-1.5
72,3,-2,0.25,5,-2
147,3,-2,0.75,1,-0.5
60,3,-2,0.75,1,-1
34,3,-2,0.75,1,-1.5
74,3,-2,0.75,1,-2
101,3,-2,0.75,2,-0.5
51,3,-2,0.75,2,-1
53,3,-2,0.75,2,-1.5
53,3,-2,0.75,2,-2
68,3,-2,0.75,3,-0.5
558,3,-2,0.75,3,-1
27,3,-2,0.75,3,-1.5
35,3,-2,0.75,3,-2
85,3,-2,0.75,4,-0.5
48,3,-2,0.75,4,-1
39,3,-2,0.75,4,-1.5
36,3,-2,0.75,4,-2
42,3,-2,0.75,5,-0.5
31,3,-2,0.75,5,-1
53,3,-2,0.75,5,-1.5
44,3,-2,0.75,5,-2
86,3,-2,1.25,1,-0.5
31,3,-2,1.25,1,-1
26,3,-2,1.25,1,-1.5
39,3,-2,1.25,1,-2
41,3,-2,1.25,2,-0.5
41,3,-2,1.25,2,-1
31,3,-2,1.25,2,-1.5
32,3,-2,1.25,2,-2
80,3,-2,1.25,3,-0.5
56,3,-2,1.25,3,-1
23,3,-2,1.25,3,-1.5
43,3,-2,1.25,3,-2
23,3,-2,1.25,4,-0.5
37,3,-2,1.25,4,-1
30,3,-2,1.25,4,-1.5
28,3,-2,1.25,4,-2
44,3,-2,1.25,5,-0.5
59,3,-2,1.25,5,-1
19,3,-2,1.25,5,-1.5
30,3,-2,1.25,5,-2
79,3,-2,1.75,1,-0.5
77,3,-2,1.75,1,-1
37,3,-2,1.75,1,-1.5
47,3,-2,1.75,1,-2
73,3,-2,1.75,2,-0.5
65,3,-2,1.75,2,-1
30,3,-2,1.75,2,-1.5
67,3,-2,1.75,2,-2
66,3,-2,1.75,3,-0.5
72,3,-2,1.75,3,-1
59,3,-2,1.75,3,-1.5
36,3,-2,1.75,3,-2
75,3,-2,1.75,4,-0.5
65,3,-2,1.75,4,-1
39,3,-2,1.75,4,-1.5
32,3,-2,1.75,4,-2
76,3,-2,1.75,5,-0.5
42,3,-2,1.75,5,-1
54,3,-2,1.75,5,-1.5
30,3,-2,1.75,5,-2
477,3,-3,0.25,1,-0.5
213,3,-3,0.25,1,-1
209,3,-3,0.25,1,-1.5
263,3,-3,0.25,1,-2
212,3,-3,0.25,2,-0.5
156,3,-3,0.25,2,-1
117,3,-3,0.25,2,-1.5
78,3,-3,0.25,2,-2
388,3,-3,0.25,3,-0.5
375,3,-3,0.25,3,-1
92,3,-3,0.25,3,-1.5
127,3,-3,0.25,3,-2
115,3,-3,0.25,4,-0.5
349,3,-3,0.25,4,-1
167,3,-3,0.25,4,-1.5
40,3,-3,0.25,4,-2
407,3,-3,0.25,5,-0.5
291,3,-3,0.25,5,-1
166,3,-3,0.25,5,-1.5
55,3,-3,0.25,5,-2
55,3,-3,0.75,1,-0.5
64,3,-3,0.75,1,-1
38,3,-3,0.75,1,-1.5
56,3,-3,0.75,1,-2
27,3,-3,0.75,2,-0.5
322,3,-3,0.75,2,-1
49,3,-3,0.75,2,-1.5
20,3,-3,0.75,2,-2
70,3,-3,0.75,3,-0.5
55,3,-3,0.75,3,-1
45,3,-3,0.75,3,-1.5
107,3,-3,0.75,3,-2
31,3,-3,0.75,4,-0.5
24,3,-3,0.75,4,-1
294,3,-3,0.75,4,-1.5
177,3,-3,0.75,4,-2
76,3,-3,0.75,5,-0.5
23,3,-3,0.75,5,-1
294,3,-3,0.75,5,-1.5
99,3,-3,0.75,5,-2
95,3,-3,1.25,1,-0.5
82,3,-3,1.25,1,-1
61,3,-3,1.25,1,-1.5
30,3,-3,1.25,1,-2
64,3,-3,1.25,2,-0.5
120,3,-3,1.25,2,-1
24,3,-3,1.25,2,-1.5
44,3,-3,1.25,2,-2
27,3,-3,1.25,3,-0.5
79,3,-3,1.25,3,-1
21,3,-3,1.25,3,-1.5
39,3,-3,1.25,3,-2
100,3,-3,1.25,4,-0.5
22,3,-3,1.25,4,-1
25,3,-3,1.25,4,-1.5
39,3,-3,1.25,4,-2
59,3,-3,1.25,5,-0.5
18,3,-3,1.25,5,-1
41,3,-3,1.25,5,-1.5
21,3,-3,1.25,5,-2
68,3,-3,1.75,1,-0.5
48,3,-3,1.75,1,-1
32,3,-3,1.75,1,-1.5
36,3,-3,1.75,1,-2
68,3,-3,1.75,2,-0.5
38,3,-3,1.75,2,-1
29,3,-3,1.75,2,-1.5
12,3,-3,1.75,2,-2
59,3,-3,1.75,3,-0.5
35,3,-3,1.75,3,-1
40,3,-3,1.75,3,-1.5
19,3,-3,1.75,3,-2
50,3,-3,1.75,4,-0.5
35,3,-3,1.75,4,-1
46,3,-3,1.75,4,-1.5
26,3,-3,1.75,4,-2
35,3,-3,1.75,5,-0.5
27,3,-3,1.75,5,-1
41,3,-3,1.75,5,-1.5
37,3,-3,1.75,5,-2
333,3,-4,0.25,1,-0.5
241,3,-4,0.25,1,-1
221,3,-4,0.25,1,-1.5
502,3,-4,0.25,1,-2
402,3,-4,0.25,2,-0.5
377,3,-4,0.25,2,-1
396,3,-4,0.25,2,-1.5
69,3,-4,0.25,2,-2
373,3,-4,0.25,3,-0.5
427,3,-4,0.25,3,-1
334,3,-4,0.25,3,-1.5
98,3,-4,0.25,3,-2
240,3,-4,0.25,4,-0.5
127,3,-4,0.25,4,-1
357,3,-4,0.25,4,-1.5
126,3,-4,0.25,4,-2
107,3,-4,0.25,5,-0.5
359,3,-4,0.25,5,-1
119,3,-4,0.25,5,-1.5
515,3,-4,0.25,5,-2
499,3,-4,0.75,1,-0.5
35,3,-4,0.75,1,-1
190,3,-4,0.75,1,-1.5
69,3,-4,0.75,1,-2
492,3,-4,0.75,2,-0.5
56,3,-4,0.75,2,-1
100,3,-4,0.75,2,-1.5
344,3,-4,0.75,2,-2
406,3,-4,0.75,3,-0.5
242,3,-4,0.75,3,-1
23,3,-4,0.75,3,-1.5
53,3,-4,0.75,3,-2
105,3,-4,0.75,4,-0.5
109,3,-4,0.75,4,-1
258,3,-4,0.75,4,-1.5
71,3,-4,0.75,4,-2
115,3,-4,0.75,5,-0.5
442,3,-4,0.75,5,-1
90,3,-4,0.75,5,-1.5
64,3,-4,0.75,5,-2
49,3,-4,1.25,1,-0.5
71,3,-4,1.25,1,-1
71,3,-4,1.25,1,-1.5
60,3,-4,1.25,1,-2
363,3,-4,1.25,2,-0.5
49,3,-4,1.25,2,-1
38,3,-4,1.25,2,-1.5
33,3,-4,1.25,2,-2
117,3,-4,1.25,3,-0.5
17,3,-4,1.25,3,-1
35,3,-4,1.25,3,-1.5
21,3,-4,1.25,3,-2
41,3,-4,1.25,4,-0.5
26,3,-4,1.25,4,-1
32,3,-4,1.25,4,-1.5
28,3,-4,1.25,4,-2
26,3,-4,1.25,5,-0.5
39,3,-4,1.25,5,-1
15,3,-4,1.25,5,-1.5
17,3,-4,1.25,5,-2
149,3,-4,1.75,1,-0.5
559,3,-4,1.75,1,-1
37,3,-4,1.75,1,-1.5
17,3,-4,1.75,1,-2
34,3,-4,1.75,2,-0.5
559,3,-4,1.75,2,-1
45,3,-4,1.75,2,-1.5
32,3,-4,1.75,2,-2
43,3,-4,1.75,3,-0.5
25,3,-4,1.75,3,-1
38,3,-4,1.75,3,-1.5
37,3,-4,1.75,3,-2
36,3,-4,1.75,4,-0.5
23,3,-4,1.75,4,-1
33,3,-4,1.75,4,-1.5
31,3,-4,1.75,4,-2
388,3,-4,1.75,5,-0.5
18,3,-4,1.75,5,-1
36,3,-4,1.75,5,-1.5
25,3,-4,1.75,5,-2
488,3,-5,0.25,1,-0.5
436,3,-5,0.25,1,-1
289,3,-5,0.25,1,-1.5
52,3,-5,0.25,1,-2
325,3,-5,0.25,2,-0.5
501,3,-5,0.25,2,-1
313,3,-5,0.25,2,-1.5
219,3,-5,0.25,2,-2
294,3,-5,0.25,3,-0.5
381,3,-5,0.25,3,-1
306,3,-5,0.25,3,-1.5
191,3,-5,0.25,3,-2
334,3,-5,0.25,4,-0.5
497,3,-5,0.25,4,-1
306,3,-5,0.25,4,-1.5
142,3,-5,0.25,4,-2
207,3,-5,0.25,5,-0.5
376,3,-5,0.25,5,-1
130,3,-5,0.25,5,-1.5
140,3,-5,0.25,5,-2
665,3,-5,0.75,1,-0.5
164,3,-5,0.75,1,-1
138,3,-5,0.75,1,-1.5
116,3,-5,0.75,1,-2
665,3,-5,0.75,2,-0.5
406,3,-5,0.75,2,-1
230,3,-5,0.75,2,-1.5
37,3,-5,0.75,2,-2
335,3,-5,0.75,3,-0.5
245,3,-5,0.75,3,-1
79,3,-5,0.75,3,-1.5
189,3,-5,0.75,3,-2
411,3,-5,0.75,4,-0.5
20,3,-5,0.75,4,-1
71,3,-5,0.75,4,-1.5
63,3,-5,0.75,4,-2
411,3,-5,0.75,5,-0.5
47,3,-5,0.75,5,-1
139,3,-5,0.75,5,-1.5
55,3,-5,0.75,5,-2
57,3,-5,1.25,1,-0.5
32,3,-5,1.25,1,-1
251,3,-5,1.25,1,-1.5
129,3,-5,1.25,1,-2
107,3,-5,1.25,2,-0.5
78,3,-5,1.25,2,-1
56,3,-5,1.25,2,-1.5
85,3,-5,1.25,2,-2
24,3,-5,1.25,3,-0.5
28,3,-5,1.25,3,-1
60,3,-5,1.25,3,-1.5
27,3,-5,1.25,3,-2
351,3,-5,1.25,4,-0.5
86,3,-5,1.25,4,-1
43,3,-5,1.25,4,-1.5
39,3,-5,1.25,4,-2
20,3,-5,1.25,5,-0.5
26,3,-5,1.25,5,-1
49,3,-5,1.25,5,-1.5
127,3,-5,1.25,5,-2
54,3,-5,1.75,1,-0.5
56,3,-5,1.75,1,-1
19,3,-5,1.75,1,-1.5
45,3,-5,1.75,1,-2
38,3,-5,1.75,2,-0.5
33,3,-5,1.75,2,-1
63,3,-5,1.75,2,-1.5
71,3,-5,1.75,2,-2
54,3,-5,1.75,3,-0.5
39,3,-5,1.75,3,-1
29,3,-5,1.75,3,-1.5
43,3,-5,1.75,3,-2
480,3,-5,1.75,4,-0.5
46,3,-5,1.75,4,-1
23,3,-5,1.75,4,-1.5
39,3,-5,1.75,4,-2
47,3,-5,1.75,5,-0.5
51,3,-5,1.75,5,-1
23,3,-5,1.75,5,-1.5
27,3,-5,1.75,5,-2
367,4,-1,0.25,1,-0.5
138,4,-1,0.25,1,-1
123,4,-1,0.25,1,-1.5
50,4,-1,0.25,1,-2
171,4,-1,0.25,2,-0.5
78,4,-1,0.25,2,-1
101,4,-1,0.25,2,-1.5
105,4,-1,0.25,2,-2
217,4,-1,0.25,3,-0.5
184,4,-1,0.25,3,-1
227,4,-1,0.25,3,-1.5
46,4,-1,0.25,3,-2
286,4,-1,0.25,4,-0.5
238,4,-1,0.25,4,-1
139,4,-1,0.25,4,-1.5
153,4,-1,0.25,4,-2
106,4,-1,0.25,5,-0.5
182,4,-1,0.25,5,-1
108,4,-1,0.25,5,-1.5
45,4,-1,0.25,5,-2
134,4,-1,0.75,1,-0.5
92,4,-1,0.75,1,-1
89,4,-1,0.75,1,-1.5
91,4,-1,0.75,1,-2
124,4,-1,0.75,2,-0.5
74,4,-1,0.75,2,-1
81,4,-1,0.75,2,-1.5
33,4,-1,0.75,2,-2
127,4,-1,0.75,3,-0.5
45,4,-1,0.75,3,-1
56,4,-1,0.75,3,-1.5
34,4,-1,0.75,3,-2
128,4,-1,0.75,4,-0.5
77,4,-1,0.75,4,-1
57,4,-1,0.75,4,-1.5
32,4,-1,0.75,4,-2
106,4,-1,0.75,5,-0.5
68,4,-1,0.75,5,-1
45,4,-1,0.75,5,-1.5
54,4,-1,0.75,5,-2
116,4,-1,1.25,1,-0.5
84,4,-1,1.25,1,-1
69,4,-1,1.25,1,-1.5
50,4,-1,1.25,1,-2
81,4,-1,1.25,2,-0.5
65,4,-1,1.25,2,-1
88,4,-1,1.25,2,-1.5
47,4,-1,1.25,2,-2
74,4,-1,1.25,3,-0.5
32,4,-1,1.25,3,-1
81,4,-1,1.25,3,-1.5
41,4,-1,1.25,3,-2
76,4,-1,1.25,4,-0.5
63,4,-1,1.25,4,-1
42,4,-1,1.25,4,-1.5
28,4,-1,1.25,4,-2
73,4,-1,1.25,5,-0.5
53,4,-1,1.25,5,-1
37,4,-1,1.25,5,-1.5
65,4,-1,1.25,5,-2
134,4,-1,1.75,1,-0.5
89,4,-1,1.75,1,-1
64,4,-1,1.75,1,-1.5
87,4,-1,1.75,1,-2
92,4,-1,1.75,2,-0.5
93,4,-1,1.75,2,-1
74,4,-1,1.75,2,-1.5
43,4,-1,1.75,2,-2
116,4,-1,1.75,3,-0.5
85,4,-1,1.75,3,-1
94,4,-1,1.75,3,-1.5
66,4,-1,1.75,3,-2
110,4,-1,1.75,4,-0.5
78,4,-1,1.75,4,-1
65,4,-1,1.75,4,-1.5
63,4,-1,1.75,4,-2
71,4,-1,1.75,5,-0.5
95,4,-1,1.75,5,-1
76,4,-1,1.75,5,-1.5
32,4,-1,1.75,5,-2
203,4,-2,0.25,1,-0.5
267,4,-2,0.25,1,-1
373,4,-2,0.25,1,-1.5
78,4,-2,0.25,1,-2
461,4,-2,0.25,2,-0.5
248,4,-2,0.25,2,-1
83,4,-2,0.25,2,-1.5
109,4,-2,0.25,2,-2
362,4,-2,0.25,3,-0.5
516,4,-2,0.25,3,-1
96,4,-2,0.25,3,-1.5
281,4,-2,0.25,3,-2
111,4,-2,0.25,4,-0.5
158,4,-2,0.25,4,-1
131,4,-2,0.25,4,-1.5
113,4,-2,0.25,4,-2
372,4,-2,0.25,5,-0.5
143,4,-2,0.25,5,-1
92,4,-2,0.25,5,-1.5
124,4,-2,0.25,5,-2
184,4,-2,0.75,1,-0.5
58,4,-2,0.75,1,-1
76,4,-2,0.75,1,-1.5
88,4,-2,0.75,1,-2
111,4,-2,0.75,2,-0.5
89,4,-2,0.75,2,-1
77,4,-2,0.75,2,-1.5
122,4,-2,0.75,2,-2
144,4,-2,0.75,3,-0.5
125,4,-2,0.75,3,-1
74,4,-2,0.75,3,-1.5
68,4,-2,0.75,3,-2
71,4,-2,0.75,4,-0.5
51,4,-2,0.75,4,-1
75,4,-2,0.75,4,-1.5
61,4,-2,0.75,4,-2
122,4,-2,0.75,5,-0.5
81,4,-2,0.75,5,-1
55,4,-2,0.75,5,-1.5
82,4,-2,0.75,5,-2
96,4,-2,1.25,1,-0.5
46,4,-2,1.25,1,-1
51,4,-2,1.25,1,-1.5
42,4,-2,1.25,1,-2
65,4,-2,1.25,2,-0.5
71,4,-2,1.25,2,-1
31,4,-2,1.25,2,-1.5
26,4,-2,1.25,2,-2
44,4,-2,1.25,3,-0.5
50,4,-2,1.25,3,-1
81,4,-2,1.25,3,-1.5
90,4,-2,1.25,3,-2
49,4,-2,1.25,4,-0.5
59,4,-2,1.25,4,-1
45,4,-2,1.25,4,-1.5
39,4,-2,1.25,4,-2
55,4,-2,1.25,5,-0.5
31,4,-2,1.25,5,-1
33,4,-2,1.25,5,-1.5
55,4,-2,1.25,5,-2
79,4,-2,1.75,1,-0.5
69,4,-2,1.75,1,-1
57,4,-2,1.75,1,-1.5
65,4,-2,1.75,1,-2
105,4,-2,1.75,2,-0.5
54,4,-2,1.75,2,-1
36,4,-2,1.75,2,-1.5
45,4,-2,1.75,2,-2
51,4,-2,1.75,3,-0.5
50,4,-2,1.75,3,-1
37,4,-2,1.75,3,-1.5
66,4,-2,1.75,3,-2
66,4,-2,1.75,4,-0.5
58,4,-2,1.75,4,-1
52,4,-2,1.75,4,-1.5
16,4,-2,1.75,4,-2
67,4,-2,1.75,5,-0.5
44,4,-2,1.75,5,-1
56,4,-2,1.75,5,-1.5
40,4,-2,1.75,5,-2
457,4,-3,0.25,1,-0.5
462,4,-3,0.25,1,-1
321,4,-3,0.25,1,-1.5
126,4,-3,0.25,1,-2
353,4,-3,0.25,2,-0.5
180,4,-3,0.25,2,-1
311,4,-3,0.25,2,-1.5
296,4,-3,0.25,2,-2
341,4,-3,0.25,3,-0.5
168,4,-3,0.25,3,-1
426,4,-3,0.25,3,-1.5
46,4,-3,0.25,3,-2
304,4,-3,0.25,4,-0.5
340,4,-3,0.25,4,-1
426,4,-3,0.25,4,-1.5
54,4,-3,0.25,4,-2
240,4,-3,0.25,5,-0.5
216,4,-3,0.25,5,-1
426,4,-3,0.25,5,-1.5
82,4,-3,0.25,5,-2
128,4,-3,0.75,1,-0.5
431,4,-3,0.75,1,-1
59,4,-3,0.75,1,-1.5
90,4,-3,0.75,1,-2
137,4,-3,0.75,2,-0.5
111,4,-3,0.75,2,-1
141,4,-3,0.75,2,-1.5
185,4,-3,0.75,2,-2
439,4,-3,0.75,3,-0.5
124,4,-3,0.75,3,-1
123,4,-3,0.75,3,-1.5
23,4,-3,0.75,3,-2
142,4,-3,0.75,4,-0.5
26,4,-3,0.75,4,-1
333,4,-3,0.75,4,-1.5
48,4,-3,0.75,4,-2
118,4,-3,0.75,5,-0.5
31,4,-3,0.75,5,-1
66,4,-3,0.75,5,-1.5
69,4,-3,0.75,5,-2
56,4,-3,1.25,1,-0.5
53,4,-3,1.25,1,-1
55,4,-3,1.25,1,-1.5
59,4,-3,1.25,1,-2
125,4,-3,1.25,2,-0.5
38,4,-3,1.25,2,-1
38,4,-3,1.25,2,-1.5
37,4,-3,1.25,2,-2
363,4,-3,1.25,3,-0.5
39,4,-3,1.25,3,-1
25,4,-3,1.25,3,-1.5
50,4,-3,1.25,3,-2
49,4,-3,1.25,4,-0.5
72,4,-3,1.25,4,-1
40,4,-3,1.25,4,-1.5
102,4,-3,1.25,4,-2
50,4,-3,1.25,5,-0.5
32,4,-3,1.25,5,-1
49,4,-3,1.25,5,-1.5
31,4,-3,1.25,5,-2
70,4,-3,1.75,1,-0.5
74,4,-3,1.75,1,-1
33,4,-3,1.75,1,-1.5
20,4,-3,1.75,1,-2
57,4,-3,1.75,2,-0.5
50,4,-3,1.75,2,-1
35,4,-3,1.75,2,-1.5
31,4,-3,1.75,2,-2
47,4,-3,1.75,3,-0.5
25,4,-3,1.75,3,-1
29,4,-3,1.75,3,-1.5
30,4,-3,1.75,3,-2
99,4,-3,1.75,4,-0.5
548,4,-3,1.75,4,-1
51,4,-3,1.75,4,-1.5
47,4,-3,1.75,4,-2
66,4,-3,1.75,5,-0.5
78,4,-3,1.75,5,-1
32,4,-3,1.75,5,-1.5
44,4,-3,1.75,5,-2
629,4,-4,0.25,1,-0.5
209,4,-4,0.25,1,-1
461,4,-4,0.25,1,-1.5
118,4,-4,0.25,1,-2
549,4,-4,0.25,2,-0.5
333,4,-4,0.25,2,-1
294,4,-4,0.25,2,-1.5
94,4,-4,0.25,2,-2
211,4,-4,0.25,3,-0.5
206,4,-4,0.25,3,-1
161,4,-4,0.25,3,-1.5
126,4,-4,0.25,3,-2
192,4,-4,0.25,4,-0.5
341,4,-4,0.25,4,-1
136,4,-4,0.25,4,-1.5
56,4,-4,0.25,4,-2
222,4,-4,0.25,5,-0.5
215,4,-4,0.25,5,-1
156,4,-4,0.25,5,-1.5
125,4,-4,0.25,5,-2
86,4,-4,0.75,1,-0.5
90,4,-4,0.75,1,-1
63,4,-4,0.75,1,-1.5
83,4,-4,0.75,1,-2
219,4,-4,0.75,2,-0.5
37,4,-4,0.75,2,-1
101,4,-4,0.75,2,-1.5
84,4,-4,0.75,2,-2
92,4,-4,0.75,3,-0.5
67,4,-4,0.75,3,-1
47,4,-4,0.75,3,-1.5
28,4,-4,0.75,3,-2
153,4,-4,0.75,4,-0.5
87,4,-4,0.75,4,-1
118,4,-4,0.75,4,-1.5
72,4,-4,0.75,4,-2
66,4,-4,0.75,5,-0.5
48,4,-4,0.75,5,-1
29,4,-4,0.75,5,-1.5
27,4,-4,0.75,5,-2
114,4,-4,1.25,1,-0.5
151,4,-4,1.25,1,-1
45,4,-4,1.25,1,-1.5
50,4,-4,1.25,1,-2
90,4,-4,1.25,2,-0.5
47,4,-4,1.25,2,-1
76,4,-4,1.25,2,-1.5
42,4,-4,1.25,2,-2
169,4,-4,1.25,3,-0.5
40,4,-4,1.25,3,-1
43,4,-4,1.25,3,-1.5
48,4,-4,1.25,3,-2
183,4,-4,1.25,4,-0.5
230,4,-4,1.25,4,-1
342,4,-4,1.25,4,-1.5
77,4,-4,1.25,4,-2
74,4,-4,1.25,5,-0.5
47,4,-4,1.25,5,-1
26,4,-4,1.25,5,-1.5
60,4,-4,1.25,5,-2
78,4,-4,1.75,1,-0.5
24,4,-4,1.75,1,-1
47,4,-4,1.75,1,-1.5
63,4,-4,1.75,1,-2
53,4,-4,1.75,2,-0.5
52,4,-4,1.75,2,-1
26,4,-4,1.75,2,-1.5
20,4,-4,1.75,2,-2
53,4,-4,1.75,3,-0.5
20,4,-4,1.75,3,-1
44,4,-4,1.75,3,-1.5
39,4,-4,1.75,3,-2
49,4,-4,1.75,4,-0.5
62,4,-4,1.75,4,-1
21,4,-4,1.75,4,-1.5
21,4,-4,1.75,4,-2
61,4,-4,1.75,5,-0.5
73,4,-4,1.75,5,-1
38,4,-4,1.75,5,-1.5
40,4,-4,1.75,5,-2
454,4,-5,0.25,1,-0.5
437,4,-5,0.25,1,-1
151,4,-5,0.25,1,-1.5
202,4,-5,0.25,1,-2
453,4,-5,0.25,2,-0.5
234,4,-5,0.25,2,-1
305,4,-5,0.25,2,-1.5
307,4,-5,0.25,2,-2
480,4,-5,0.25,3,-0.5
315,4,-5,0.25,3,-1
267,4,-5,0.25,3,-1.5
79,4,-5,0.25,3,-2
529,4,-5,0.25,4,-0.5
510,4,-5,0.25,4,-1
323,4,-5,0.25,4,-1.5
143,4,-5,0.25,4,-2
529,4,-5,0.25,5,-0.5
255,4,-5,0.25,5,-1
363,4,-5,0.25,5,-1.5
73,4,-5,0.25,5,-2
103,4,-5,0.75,1,-0.5
247,4,-5,0.75,1,-1
286,4,-5,0.75,1,-1.5
152,4,-5,0.75,1,-2
734,4,-5,0.75,2,-0.5
262,4,-5,0.75,2,-1
95,4,-5,0.75,2,-1.5
109,4,-5,0.75,2,-2
631,4,-5,0.75,3,-0.5
310,4,-5,0.75,3,-1
114,4,-5,0.75,3,-1.5
335,4,-5,0.75,3,-2
89,4,-5,0.75,4,-0.5
182,4,-5,0.75,4,-1
104,4,-5,0.75,4,-1.5
31,4,-5,0.75,4,-2
118,4,-5,0.75,5,-0.5
32,4,-5,0.75,5,-1
53,4,-5,0.75,5,-1.5
47,4,-5,0.75,5,-2
90,4,-5,1.25,1,-0.5
97,4,-5,1.25,1,-1
89,4,-5,1.25,1,-1.5
63,4,-5,1.25,1,-2
56,4,-5,1.25,2,-0.5
77,4,-5,1.25,2,-1
48,4,-5,1.25,2,-1.5
253,4,-5,1.25,2,-2
50,4,-5,1.25,3,-0.5
29,4,-5,1.25,3,-1
72,4,-5,1.25,3,-1.5
65,4,-5,1.25,3,-2
63,4,-5,1.25,4,-0.5
59,4,-5,1.25,4,-1
32,4,-5,1.25,4,-1.5
185,4,-5,1.25,4,-2
79,4,-5,1.25,5,-0.5
111,4,-5,1.25,5,-1
151,4,-5,1.25,5,-1.5
81,4,-5,1.25,5,-2
589,4,-5,1.75,1,-0.5
390,4,-5,1.75,1,-1
76,4,-5,1.75,1,-1.5
90,4,-5,1.75,1,-2
74,4,-5,1.75,2,-0.5
22,4,-5,1.75,2,-1
85,4,-5,1.75,2,-1.5
26,4,-5,1.75,2,-2
410,4,-5,1.75,3,-0.5
94,4,-5,1.75,3,-1
134,4,-5,1.75,3,-1.5
18,4,-5,1.75,3,-2
139,4,-5,1.75,4,-0.5
44,4,-5,1.75,4,-1
19,4,-5,1.75,4,-1.5
52,4,-5,1.75,4,-2
75,4,-5,1.75,5,-0.5
248,4,-5,1.75,5,-1
19,4,-5,1.75,5,-1.5
22,4,-5,1.75,5,-2
188,5,-1,0.25,1,-0.5
167,5,-1,0.25,1,-1
165,5,-1,0.25,1,-1.5
153,5,-1,0.25,1,-2
470,5,-1,0.25,2,-0.5
181,5,-1,0.25,2,-1
163,5,-1,0.25,2,-1.5
150,5,-1,0.25,2,-2
227,5,-1,0.25,3,-0.5
161,5,-1,0.25,3,-1
188,5,-1,0.25,3,-1.5
132,5,-1,0.25,3,-2
135,5,-1,0.25,4,-0.5
167,5,-1,0.25,4,-1
127,5,-1,0.25,4,-1.5
122,5,-1,0.25,4,-2
131,5,-1,0.25,5,-0.5
135,5,-1,0.25,5,-1
125,5,-1,0.25,5,-1.5
124,5,-1,0.25,5,-2
165,5,-1,0.75,1,-0.5
126,5,-1,0.75,1,-1
127,5,-1,0.75,1,-1.5
74,5,-1,0.75,1,-2
171,5,-1,0.75,2,-0.5
89,5,-1,0.75,2,-1
117,5,-1,0.75,2,-1.5
127,5,-1,0.75,2,-2
141,5,-1,0.75,3,-0.5
151,5,-1,0.75,3,-1
50,5,-1,0.75,3,-1.5
67,5,-1,0.75,3,-2
113,5,-1,0.75,4,-0.5
115,5,-1,0.75,4,-1
80,5,-1,0.75,4,-1.5
80,5,-1,0.75,4,-2
153,5,-1,0.75,5,-0.5
106,5,-1,0.75,5,-1
86,5,-1,0.75,5,-1.5
45,5,-1,0.75,5,-2
150,5,-1,1.25,1,-0.5
103,5,-1,1.25,1,-1
91,5,-1,1.25,1,-1.5
58,5,-1,1.25,1,-2
107,5,-1,1.25,2,-0.5
72,5,-1,1.25,2,-1
77,5,-1,1.25,2,-1.5
66,5,-1,1.25,2,-2
94,5,-1,1.25,3,-0.5
94,5,-1,1.25,3,-1
62,5,-1,1.25,3,-1.5
44,5,-1,1.25,3,-2
87,5,-1,1.25,4,-0.5
80,5,-1,1.25,4,-1
30,5,-1,1.25,4,-1.5
36,5,-1,1.25,4,-2
78,5,-1,1.25,5,-0.5
58,5,-1,1.25,5,-1
80,5,-1,1.25,5,-1.5
69,5,-1,1.25,5,-2
136,5,-1,1.75,1,-0.5
91,5,-1,1.75,1,-1
100,5,-1,1.75,1,-1.5
98,5,-1,1.75,1,-2
94,5,-1,1.75,2,-0.5
77,5,-1,1.75,2,-1
70,5,-1,1.75,2,-1.5
93,5,-1,1.75,2,-2
116,5,-1,1.75,3,-0.5
50,5,-1,1.75,3,-1
86,5,-1,1.75,3,-1.5
57,5,-1,1.75,3,-2
105,5,-1,1.75,4,-0.5
72,5,-1,1.75,4,-1
45,5,-1,1.75,4,-1.5
47,5,-1,1.75,4,-2
133,5,-1,1.75,5,-0.5
56,5,-1,1.75,5,-1
55,5,-1,1.75,5,-1.5
70,5,-1,1.75,5,-2
248,5,-2,0.25,1,-0.5
179,5,-2,0.25,1,-1
380,5,-2,0.25,1,-1.5
108,5,-2,0.25,1,-2
139,5,-2,0.25,2,-0.5
135,5,-2,0.25,2,-1
141,5,-2,0.25,2,-1.5
91,5,-2,0.25,2,-2
197,5,-2,0.25,3,-0.5
305,5,-2,0.25,3,-1
129,5,-2,0.25,3,-1.5
128,5,-2,0.25,3,-2
238,5,-2,0.25,4,-0.5
155,5,-2,0.25,4,-1
113,5,-2,0.25,4,-1.5
82,5,-2,0.25,4,-2
233,5,-2,0.25,5,-0.5
284,5,-2,0.25,5,-1
192,5,-2,0.25,5,-1.5
134,5,-2,0.25,5,-2
172,5,-2,0.75,1,-0.5
161,5,-2,0.75,1,-1
79,5,-2,0.75,1,-1.5
63,5,-2,0.75,1,-2
145,5,-2,0.75,2,-0.5
98,5,-2,0.75,2,-1
114,5,-2,0.75,2,-1.5
69,5,-2,0.75,2,-2
131,5,-2,0.75,3,-0.5
73,5,-2,0.75,3,-1
121,5,-2,0.75,3,-1.5
112,5,-2,0.75,3,-2
171,5,-2,0.75,4,-0.5
89,5,-2,0.75,4,-1
85,5,-2,0.75,4,-1.5
91,5,-2,0.75,4,-2
206,5,-2,0.75,5,-0.5
111,5,-2,0.75,5,-1
53,5,-2,0.75,5,-1.5
45,5,-2,0.75,5,-2
91,5,-2,1.25,1,-0.5
53,5,-2,1.25,1,-1
74,5,-2,1.25,1,-1.5
60,5,-2,1.25,1,-2
170,5,-2,1.25,2,-0.5
160,5,-2,1.25,2,-1
36,5,-2,1.25,2,-1.5
81,5,-2,1.25,2,-2
67,5,-2,1.25,3,-0.5
47,5,-2,1.25,3,-1
77,5,-2,1.25,3,-1.5
45,5,-2,1.25,3,-2
46,5,-2,1.25,4,-0.5
36,5,-2,1.25,4,-1
52,5,-2,1.25,4,-1.5
43,5,-2,1.25,4,-2
57,5,-2,1.25,5,-0.5
39,5,-2,1.25,5,-1
47,5,-2,1.25,5,-1.5
53,5,-2,1.25,5,-2
86,5,-2,1.75,1,-0.5
68,5,-2,1.75,1,-1
28,5,-2,1.75,1,-1.5
74,5,-2,1.75,1,-2
89,5,-2,1.75,2,-0.5
45,5,-2,1.75,2,-1
66,5,-2,1.75,2,-1.5
24,5,-2,1.75,2,-2
39,5,-2,1.75,3,-0.5
60,5,-2,1.75,3,-1
41,5,-2,1.75,3,-1.5
42,5,-2,1.75,3,-2
55,5,-2,1.75,4,-0.5
47,5,-2,1.75,4,-1
50,5,-2,1.75,4,-1.5
62,5,-2,1.75,4,-2
118,5,-2,1.75,5,-0.5
51,5,-2,1.75,5,-1
50,5,-2,1.75,5,-1.5
25,5,-2,1.75,5,-2
640,5,-3,0.25,1,-0.5
230,5,-3,0.25,1,-1
199,5,-3,0.25,1,-1.5
469,5,-3,0.25,1,-2
313,5,-3,0.25,2,-0.5
295,5,-3,0.25,2,-1
167,5,-3,0.25,2,-1.5
178,5,-3,0.25,2,-2
362,5,-3,0.25,3,-0.5
271,5,-3,0.25,3,-1
384,5,-3,0.25,3,-1.5
183,5,-3,0.25,3,-2
163,5,-3,0.25,4,-0.5
331,5,-3,0.25,4,-1
143,5,-3,0.25,4,-1.5
395,5,-3,0.25,4,-2
415,5,-3,0.25,5,-0.5
355,5,-3,0.25,5,-1
428,5,-3,0.25,5,-1.5
395,5,-3,0.25,5,-2
387,5,-3,0.75,1,-0.5
399,5,-3,0.75,1,-1
113,5,-3,0.75,1,-1.5
50,5,-3,0.75,1,-2
543,5,-3,0.75,2,-0.5
147,5,-3,0.75,2,-1
207,5,-3,0.75,2,-1.5
61,5,-3,0.75,2,-2
164,5,-3,0.75,3,-0.5
214,5,-3,0.75,3,-1
59,5,-3,0.75,3,-1.5
144,5,-3,0.75,3,-2
240,5,-3,0.75,4,-0.5
405,5,-3,0.75,4,-1
53,5,-3,0.75,4,-1.5
42,5,-3,0.75,4,-2
108,5,-3,0.75,5,-0.5
147,5,-3,0.75,5,-1
38,5,-3,0.75,5,-1.5
99,5,-3,0.75,5,-2
74,5,-3,1.25,1,-0.5
73,5,-3,1.25,1,-1
55,5,-3,1.25,1,-1.5
78,5,-3,1.25,1,-2
63,5,-3,1.25,2,-0.5
83,5,-3,1.25,2,-1
31,5,-3,1.25,2,-1.5
37,5,-3,1.25,2,-2
71,5,-3,1.25,3,-0.5
40,5,-3,1.25,3,-1
25,5,-3,1.25,3,-1.5
94,5,-3,1.25,3,-2
106,5,-3,1.25,4,-0.5
158,5,-3,1.25,4,-1
562,5,-3,1.25,4,-1.5
27,5,-3,1.25,4,-2
24,5,-3,1.25,5,-0.5
48,5,-3,1.25,5,-1
43,5,-3,1.25,5,-1.5
21,5,-3,1.25,5,-2
91,5,-3,1.75,1,-0.5
57,5,-3,1.75,1,-1
48,5,-3,1.75,1,-1.5
60,5,-3,1.75,1,-2
69,5,-3,1.75,2,-0.5
60,5,-3,1.75,2,-1
42,5,-3,1.75,2,-1.5
53,5,-3,1.75,2,-2
38,5,-3,1.75,3,-0.5
44,5,-3,1.75,3,-1
59,5,-3,1.75,3,-1.5
50,5,-3,1.75,3,-2
45,5,-3,1.75,4,-0.5
28,5,-3,1.75,4,-1
40,5,-3,1.75,4,-1.5
29,5,-3,1.75,4,-2
26,5,-3,1.75,5,-0.5
48,5,-3,1.75,5,-1
44,5,-3,1.75,5,-1.5
19,5,-3,1.75,5,-2
539,5,-4,0.25,1,-0.5
346,5,-4,0.25,1,-1
289,5,-4,0.25,1,-1.5
375,5,-4,0.25,1,-2
453,5,-4,0.25,2,-0.5
191,5,-4,0.25,2,-1
276,5,-4,0.25,2,-1.5
208,5,-4,0.25,2,-2
388,5,-4,0.25,3,-0.5
185,5,-4,0.25,3,-1
393,5,-4,0.25,3,-1.5
178,5,-4,0.25,3,-2
369,5,-4,0.25,4,-0.5
325,5,-4,0.25,4,-1
425,5,-4,0.25,4,-1.5
447,5,-4,0.25,4,-2
264,5,-4,0.25,5,-0.5
422,5,-4,0.25,5,-1
530,5,-4,0.25,5,-1.5
447,5,-4,0.25,5,-2
386,5,-4,0.75,1,-0.5
162,5,-4,0.75,1,-1
229,5,-4,0.75,1,-1.5
99,5,-4,0.75,1,-2
381,5,-4,0.75,2,-0.5
64,5,-4,0.75,2,-1
139,5,-4,0.75,2,-1.5
44,5,-4,0.75,2,-2
502,5,-4,0.75,3,-0.5
82,5,-4,0.75,3,-1
98,5,-4,0.75,3,-1.5
91,5,-4,0.75,3,-2
414,5,-4,0.75,4,-0.5
404,5,-4,0.75,4,-1
107,5,-4,0.75,4,-1.5
79,5,-4,0.75,4,-2
122,5,-4,0.75,5,-0.5
217,5,-4,0.75,5,-1
66,5,-4,0.75,5,-1.5
121,5,-4,0.75,5,-2
78,5,-4,1.25,1,-0.5
87,5,-4,1.25,1,-1
49,5,-4,1.25,1,-1.5
84,5,-4,1.25,1,-2
333,5,-4,1.25,2,-0.5
29,5,-4,1.25,2,-1
66,5,-4,1.25,2,-1.5
37,5,-4,1.25,2,-2
62,5,-4,1.25,3,-0.5
84,5,-4,1.25,3,-1
61,5,-4,1.25,3,-1.5
90,5,-4,1.25,3,-2
39,5,-4,1.25,4,-0.5
170,5,-4,1.25,4,-1
17,5,-4,1.25,4,-1.5
62,5,-4,1.25,4,-2
50,5,-4,1.25,5,-0.5
18,5,-4,1.25,5,-1
41,5,-4,1.25,5,-1.5
18,5,-4,1.25,5,-2
72,5,-4,1.75,1,-0.5
59,5,-4,1.75,1,-1
42,5,-4,1.75,1,-1.5
49,5,-4,1.75,1,-2
39,5,-4,1.75,2,-0.5
53,5,-4,1.75,2,-1
34,5,-4,1.75,2,-1.5
37,5,-4,1.75,2,-2
40,5,-4,1.75,3,-0.5
54,5,-4,1.75,3,-1
39,5,-4,1.75,3,-1.5
110,5,-4,1.75,3,-2
52,5,-4,1.75,4,-0.5
32,5,-4,1.75,4,-1
51,5,-4,1.75,4,-1.5
34,5,-4,1.75,4,-2
35,5,-4,1.75,5,-0.5
24,5,-4,1.75,5,-1
38,5,-4,1.75,5,-1.5
25,5,-4,1.75,5,-2
345,5,-5,0.25,1,-0.5
208,5,-5,0.25,1,-1
362,5,-5,0.25,1,-1.5
116,5,-5,0.25,1,-2
194,5,-5,0.25,2,-0.5
115,5,-5,0.25,2,-1
404,5,-5,0.25,2,-1.5
285,5,-5,0.25,2,-2
302,5,-5,0.25,3,-0.5
353,5,-5,0.25,3,-1
261,5,-5,0.25,3,-1.5
380,5,-5,0.25,3,-2
374,5,-5,0.25,4,-0.5
337,5,-5,0.25,4,-1
389,5,-5,0.25,4,-1.5
184,5,-5,0.25,4,-2
128,5,-5,0.25,5,-0.5
154,5,-5,0.25,5,-1
389,5,-5,0.25,5,-1.5
152,5,-5,0.25,5,-2
626,5,-5,0.75,1,-0.5
484,5,-5,0.75,1,-1
191,5,-5,0.75,1,-1.5
161,5,-5,0.75,1,-2
556,5,-5,0.75,2,-0.5
139,5,-5,0.75,2,-1
326,5,-5,0.75,2,-1.5
296,5,-5,0.75,2,-2
421,5,-5,0.75,3,-0.5
333,5,-5,0.75,3,-1
260,5,-5,0.75,3,-1.5
70,5,-5,0.75,3,-2
290,5,-5,0.75,4,-0.5
202,5,-5,0.75,4,-1
173,5,-5,0.75,4,-1.5
61,5,-5,0.75,4,-2
420,5,-5,0.75,5,-0.5
450,5,-5,0.75,5,-1
128,5,-5,0.75,5,-1.5
426,5,-5,0.75,5,-2
92,5,-5,1.25,1,-0.5
125,5,-5,1.25,1,-1
163,5,-5,1.25,1,-1.5
54,5,-5,1.25,1,-2
93,5,-5,1.25,2,-0.5
182,5,-5,1.25,2,-1
76,5,-5,1.25,2,-1.5
57,5,-5,1.25,2,-2
57,5,-5,1.25,3,-0.5
211,5,-5,1.25,3,-1
60,5,-5,1.25,3,-1.5
134,5,-5,1.25,3,-2
93,5,-5,1.25,4,-0.5
42,5,-5,1.25,4,-1
123,5,-5,1.25,4,-1.5
375,5,-5,1.25,4,-2
38,5,-5,1.25,5,-0.5
221,5,-5,1.25,5,-1
70,5,-5,1.25,5,-1.5
27,5,-5,1.25,5,-2
118,5,-5,1.75,1,-0.5
80,5,-5,1.75,1,-1
31,5,-5,1.75,1,-1.5
59,5,-5,1.75,1,-2
95,5,-5,1.75,2,-0.5
88,5,-5,1.75,2,-1
69,5,-5,1.75,2,-1.5
47,5,-5,1.75,2,-2
53,5,-5,1.75,3,-0.5
51,5,-5,1.75,3,-1
58,5,-5,1.75,3,-1.5
48,5,-5,1.75,3,-2
22,5,-5,1.75,4,-0.5
36,5,-5,1.75,4,-1
26,5,-5,1.75,4,-1.5
62,5,-5,1.75,4,-2
60,5,-5,1.75,5,-0.5
45,5,-5,1.75,5,-1
21,5,-5,1.75,5,-1.5
36,5,-5,1.75,5,-2
