145,1,-1,0.25,1,-0.5
50,1,-1,0.25,1,-1
43,1,-1,0.25,1,-1.5
39,1,-1,0.25,1,-2
47,1,-1,0.25,2,-0.5
60,1,-1,0.25,2,-1
56,1,-1,0.25,2,-1.5
39,1,-1,0.25,2,-2
39,1,-1,0.25,3,-0.5
39,1,-1,0.25,3,-1
53,1,-1,0.25,3,-1.5
56,1,-1,0.25,3,-2
65,1,-1,0.25,4,-0.5
67,1,-1,0.25,4,-1
44,1,-1,0.25,4,-1.5
63,1,-1,0.25,4,-2
59,1,-1,0.25,5,-0.5
52,1,-1,0.25,5,-1
32,1,-1,0.25,5,-1.5
57,1,-1,0.25,5,-2
49,1,-1,0.75,1,-0.5
38,1,-1,0.75,1,-1
29,1,-1,0.75,1,-1.5
38,1,-1,0.75,1,-2
64,1,-1,0.75,2,-0.5
54,1,-1,0.75,2,-1
38,1,-1,0.75,2,-1.5
68,1,-1,0.75,2,-2
53,1,-1,0.75,3,-0.5
62,1,-1,0.75,3,-1
21,1,-1,0.75,3,-1.5
45,1,-1,0.75,3,-2
67,1,-1,0.75,4,-0.5
65,1,-1,0.75,4,-1
85,1,-1,0.75,4,-1.5
60,1,-1,0.75,4,-2
84,1,-1,0.75,5,-0.5
80,1,-1,0.75,5,-1
38,1,-1,0.75,5,-1.5
47,1,-1,0.75,5,-2
87,1,-1,1.25,1,-0.5
84,1,-1,1.25,1,-1
109,1,-1,1.25,1,-1.5
105,1,-1,1.25,1,-2
129,1,-1,1.25,2,-0.5
76,1,-1,1.25,2,-1
94,1,-1,1.25,2,-1.5
97,1,-1,1.25,2,-2
74,1,-1,1.25,3,-0.5
85,1,-1,1.25,3,-1
89,1,-1,1.25,3,-1.5
84,1,-1,1.25,3,-2
69,1,-1,1.25,4,-0.5
67,1,-1,1.25,4,-1
71,1,-1,1.25,4,-1.5
83,1,-1,1.25,4,-2
106,1,-1,1.25,5,-0.5
95,1,-1,1.25,5,-1
87,1,-1,1.25,5,-1.5
101,1,-1,1.25,5,-2
179,1,-1,1.75,1,-0.5
116,1,-1,1.75,1,-1
123,1,-1,1.75,1,-1.5
114,1,-1,1.75,1,-2
141,1,-1,1.75,2,-0.5
117,1,-1,1.75,2,-1
127,1,-1,1.75,2,-1.5
136,1,-1,1.75,2,-2
119,1,-1,1.75,3,-0.5
122,1,-1,1.75,3,-1
108,1,-1,1.75,3,-1.5
140,1,-1,1.75,3,-2
136,1,-1,1.75,4,-0.5
132,1,-1,1.75,4,-1
120,1,-1,1.75,4,-1.5
109,1,-1,1.75,4,-2
130,1,-1,1.75,5,-0.5
145,1,-1,1.75,5,-1
135,1,-1,1.75,5,-1.5
107,1,-1,1.75,5,-2
221,1,-2,0.25,1,-0.5
370,1,-2,0.25,1,-1
92,1,-2,0.25,1,-1.5
32,1,-2,0.25,1,-2
136,1,-2,0.25,2,-0.5
75,1,-2,0.25,2,-1
81,1,-2,0.25,2,-1.5
40,1,-2,0.25,2,-2
105,1,-2,0.25,3,-0.5
53,1,-2,0.25,3,-1
244,1,-2,0.25,3,-1.5
28,1,-2,0.25,3,-2
344,1,-2,0.25,4,-0.5
25,1,-2,0.25,4,-1
47,1,-2,0.25,4,-1.5
36,1,-2,0.25,4,-2
344,1,-2,0.25,5,-0.5
80,1,-2,0.25,5,-1
60,1,-2,0.25,5,-1.5
57,1,-2,0.25,5,-2
43,1,-2,0.75,1,-0.5
32,1,-2,0.75,1,-1
26,1,-2,0.75,1,-1.5
33,1,-2,0.75,1,-2
293,1,-2,0.75,2,-0.5
24,1,-2,0.75,2,-1
24,1,-2,0.75,2,-1.5
48,1,-2,0.75,2,-2
22,1,-2,0.75,3,-0.5
32,1,-2,0.75,3,-1
23,1,-2,0.75,3,-1.5
25,1,-2,0.75,3,-2
55,1,-2,0.75,4,-0.5
24,1,-2,0.75,4,-1
26,1,-2,0.75,4,-1.5
38,1,-2,0.75,4,-2
67,1,-2,0.75,5,-0.5
116,1,-2,0.75,5,-1
58,1,-2,0.75,5,-1.5
38,1,-2,0.75,5,-2
87,1,-2,1.25,1,-0.5
24,1,-2,1.25,1,-1
37,1,-2,1.25,1,-1.5
37,1,-2,1.25,1,-2
53,1,-2,1.25,2,-0.5
38,1,-2,1.25,2,-1
52,1,-2,1.25,2,-1.5
27,1,-2,1.25,2,-2
84,1,-2,1.25,3,-0.5
37,1,-2,1.25,3,-1
45,1,-2,1.25,3,-1.5
60,1,-2,1.25,3,-2
62,1,-2,1.25,4,-0.5
54,1,-2,1.25,4,-1
49,1,-2,1.25,4,-1.5
41,1,-2,1.25,4,-2
59,1,-2,1.25,5,-0.5
40,1,-2,1.25,5,-1
62,1,-2,1.25,5,-1.5
34,1,-2,1.25,5,-2
111,1,-2,1.75,1,-0.5
73,1,-2,1.75,1,-1
79,1,-2,1.75,1,-1.5
85,1,-2,1.75,1,-2
112,1,-2,1.75,2,-0.5
81,1,-2,1.75,2,-1
104,1,-2,1.75,2,-1.5
77,1,-2,1.75,2,-2
114,1,-2,1.75,3,-0.5
79,1,-2,1.75,3,-1
96,1,-2,1.75,3,-1.5
85,1,-2,1.75,3,-2
96,1,-2,1.75,4,-0.5
72,1,-2,1.75,4,-1
97,1,-2,1.75,4,-1.5
56,1,-2,1.75,4,-2
106,1,-2,1.75,5,-0.5
107,1,-2,1.75,5,-1
91,1,-2,1.75,5,-1.5
54,1,-2,1.75,5,-2
181,1,-3,0.25,1,-0.5
399,1,-3,0.25,1,-1
377,1,-3,0.25,1,-1.5
49,1,-3,0.25,1,-2
120,1,-3,0.25,2,-0.5
192,1,-3,0.25,2,-1
439,1,-3,0.25,2,-1.5
67,1,-3,0.25,2,-2
430,1,-3,0.25,3,-0.5
92,1,-3,0.25,3,-1
53,1,-3,0.25,3,-1.5
40,1,-3,0.25,3,-2
322,1,-3,0.25,4,-0.5
68,1,-3,0.25,4,-1
231,1,-3,0.25,4,-1.5
130,1,-3,0.25,4,-2
386,1,-3,0.25,5,-0.5
146,1,-3,0.25,5,-1
348,1,-3,0.25,5,-1.5
36,1,-3,0.25,5,-2
40,1,-3,0.75,1,-0.5
26,1,-3,0.75,1,-1
33,1,-3,0.75,1,-1.5
48,1,-3,0.75,1,-2
39,1,-3,0.75,2,-0.5
18,1,-3,0.75,2,-1
299,1,-3,0.75,2,-1.5
15,1,-3,0.75,2,-2
32,1,-3,0.75,3,-0.5
33,1,-3,0.75,3,-1
24,1,-3,0.75,3,-1.5
15,1,-3,0.75,3,-2
279,1,-3,0.75,4,-0.5
32,1,-3,0.75,4,-1
49,1,-3,0.75,4,-1.5
28,1,-3,0.75,4,-2
50,1,-3,0.75,5,-0.5
50,1,-3,0.75,5,-1
37,1,-3,0.75,5,-1.5
39,1,-3,0.75,5,-2
39,1,-3,1.25,1,-0.5
22,1,-3,1.25,1,-1
15,1,-3,1.25,1,-1.5
21,1,-3,1.25,1,-2
30,1,-3,1.25,2,-0.5
49,1,-3,1.25,2,-1
37,1,-3,1.25,2,-1.5
38,1,-3,1.25,2,-2
55,1,-3,1.25,3,-0.5
32,1,-3,1.25,3,-1
47,1,-3,1.25,3,-1.5
24,1,-3,1.25,3,-2
39,1,-3,1.25,4,-0.5
29,1,-3,1.25,4,-1
17,1,-3,1.25,4,-1.5
31,1,-3,1.25,4,-2
22,1,-3,1.25,5,-0.5
26,1,-3,1.25,5,-1
23,1,-3,1.25,5,-1.5
49,1,-3,1.25,5,-2
97,1,-3,1.75,1,-0.5
53,1,-3,1.75,1,-1
62,1,-3,1.75,1,-1.5
52,1,-3,1.75,1,-2
72,1,-3,1.75,2,-0.5
55,1,-3,1.75,2,-1
40,1,-3,1.75,2,-1.5
60,1,-3,1.75,2,-2
77,1,-3,1.75,3,-0.5
51,1,-3,1.75,3,-1
78,1,-3,1.75,3,-1.5
58,1,-3,1.75,3,-2
78,1,-3,1.75,4,-0.5
49,1,-3,1.75,4,-1
51,1,-3,1.75,4,-1.5
32,1,-3,1.75,4,-2
72,1,-3,1.75,5,-0.5
45,1,-3,1.75,5,-1
42,1,-3,1.75,5,-1.5
34,1,-3,1.75,5,-2
150,1,-4,0.25,1,-0.5
314,1,-4,0.25,1,-1
209,1,-4,0.25,1,-1.5
65,1,-4,0.25,1,-2
301,1,-4,0.25,2,-0.5
56,1,-4,0.25,2,-1
80,1,-4,0.25,2,-1.5
35,1,-4,0.25,2,-2
156,1,-4,0.25,3,-0.5
175,1,-4,0.25,3,-1
179,1,-4,0.25,3,-1.5
78,1,-4,0.25,3,-2
67,1,-4,0.25,4,-0.5
161,1,-4,0.25,4,-1
353,1,-4,0.25,4,-1.5
47,1,-4,0.25,4,-2
384,1,-4,0.25,5,-0.5
225,1,-4,0.25,5,-1
333,1,-4,0.25,5,-1.5
48,1,-4,0.25,5,-2
33,1,-4,0.75,1,-0.5
21,1,-4,0.75,1,-1
79,1,-4,0.75,1,-1.5
22,1,-4,0.75,1,-2
429,1,-4,0.75,2,-0.5
22,1,-4,0.75,2,-1
33,1,-4,0.75,2,-1.5
407,1,-4,0.75,2,-2
26,1,-4,0.75,3,-0.5
53,1,-4,0.75,3,-1
24,1,-4,0.75,3,-1.5
37,1,-4,0.75,3,-2
405,1,-4,0.75,4,-0.5
50,1,-4,0.75,4,-1
63,1,-4,0.75,4,-1.5
72,1,-4,0.75,4,-2
45,1,-4,0.75,5,-0.5
114,1,-4,0.75,5,-1
36,1,-4,0.75,5,-1.5
41,1,-4,0.75,5,-2
46,1,-4,1.25,1,-0.5
92,1,-4,1.25,1,-1
141,1,-4,1.25,1,-1.5
26,1,-4,1.25,1,-2
25,1,-4,1.25,2,-0.5
29,1,-4,1.25,2,-1
17,1,-4,1.25,2,-1.5
25,1,-4,1.25,2,-2
51,1,-4,1.25,3,-0.5
24,1,-4,1.25,3,-1
56,1,-4,1.25,3,-1.5
31,1,-4,1.25,3,-2
37,1,-4,1.25,4,-0.5
36,1,-4,1.25,4,-1
21,1,-4,1.25,4,-1.5
21,1,-4,1.25,4,-2
53,1,-4,1.25,5,-0.5
57,1,-4,1.25,5,-1
21,1,-4,1.25,5,-1.5
29,1,-4,1.25,5,-2
56,1,-4,1.75,1,-0.5
23,1,-4,1.75,1,-1
35,1,-4,1.75,1,-1.5
70,1,-4,1.75,1,-2
66,1,-4,1.75,2,-0.5
36,1,-4,1.75,2,-1
35,1,-4,1.75,2,-1.5
20,1,-4,1.75,2,-2
43,1,-4,1.75,3,-0.5
43,1,-4,1.75,3,-1
48,1,-4,1.75,3,-1.5
25,1,-4,1.75,3,-2
36,1,-4,1.75,4,-0.5
31,1,-4,1.75,4,-1
35,1,-4,1.75,4,-1.5
44,1,-4,1.75,4,-2
61,1,-4,1.75,5,-0.5
71,1,-4,1.75,5,-1
59,1,-4,1.75,5,-1.5
56,1,-4,1.75,5,-2
374,1,-5,0.25,1,-0.5
156,1,-5,0.25,1,-1
405,1,-5,0.25,1,-1.5
197,1,-5,0.25,1,-2
452,1,-5,0.25,2,-0.5
45,1,-5,0.25,2,-1
132,1,-5,0.25,2,-1.5
115,1,-5,0.25,2,-2
285,1,-5,0.25,3,-0.5
173,1,-5,0.25,3,-1
89,1,-5,0.25,3,-1.5
108,1,-5,0.25,3,-2
62,1,-5,0.25,4,-0.5
152,1,-5,0.25,4,-1
38,1,-5,0.25,4,-1.5
363,1,-5,0.25,4,-2
470,1,-5,0.25,5,-0.5
92,1,-5,0.25,5,-1
209,1,-5,0.25,5,-1.5
47,1,-5,0.25,5,-2
407,1,-5,0.75,1,-0.5
71,1,-5,0.75,1,-1
69,1,-5,0.75,1,-1.5
82,1,-5,0.75,1,-2
368,1,-5,0.75,2,-0.5
32,1,-5,0.75,2,-1
36,1,-5,0.75,2,-1.5
283,1,-5,0.75,2,-2
36,1,-5,0.75,3,-0.5
314,1,-5,0.75,3,-1
17,1,-5,0.75,3,-1.5
88,1,-5,0.75,3,-2
406,1,-5,0.75,4,-0.5
21,1,-5,0.75,4,-1
331,1,-5,0.75,4,-1.5
74,1,-5,0.75,4,-2
434,1,-5,0.75,5,-0.5
34,1,-5,0.75,5,-1
24,1,-5,0.75,5,-1.5
27,1,-5,0.75,5,-2
58,1,-5,1.25,1,-0.5
113,1,-5,1.25,1,-1
68,1,-5,1.25,1,-1.5
30,1,-5,1.25,1,-2
150,1,-5,1.25,2,-0.5
21,1,-5,1.25,2,-1
58,1,-5,1.25,2,-1.5
30,1,-5,1.25,2,-2
482,1,-5,1.25,3,-0.5
21,1,-5,1.25,3,-1
59,1,-5,1.25,3,-1.5
23,1,-5,1.25,3,-2
73,1,-5,1.25,4,-0.5
71,1,-5,1.25,4,-1
37,1,-5,1.25,4,-1.5
15,1,-5,1.25,4,-2
50,1,-5,1.25,5,-0.5
25,1,-5,1.25,5,-1
40,1,-5,1.25,5,-1.5
149,1,-5,1.25,5,-2
76,1,-5,1.75,1,-0.5
68,1,-5,1.75,1,-1
31,1,-5,1.75,1,-1.5
38,1,-5,1.75,1,-2
31,1,-5,1.75,2,-0.5
28,1,-5,1.75,2,-1
33,1,-5,1.75,2,-1.5
30,1,-5,1.75,2,-2
46,1,-5,1.75,3,-0.5
39,1,-5,1.75,3,-1
16,1,-5,1.75,3,-1.5
44,1,-5,1.75,3,-2
70,1,-5,1.75,4,-0.5
46,1,-5,1.75,4,-1
63,1,-5,1.75,4,-1.5
88,1,-5,1.75,4,-2
33,1,-5,1.75,5,-0.5
28,1,-5,1.75,5,-1
34,1,-5,1.75,5,-1.5
56,1,-5,1.75,5,-2
83,2,-1,0.25,1,-0.5
61,2,-1,0.25,1,-1
35,2,-1,0.25,1,-1.5
23,2,-1,0.25,1,-2
107,2,-1,0.25,2,-0.5
43,2,-1,0.25,2,-1
50,2,-1,0.25,2,-1.5
20,2,-1,0.25,2,-2
60,2,-1,0.25,3,-0.5
52,2,-1,0.25,3,-1
56,2,-1,0.25,3,-1.5
43,2,-1,0.25,3,-2
130,2,-1,0.25,4,-0.5
53,2,-1,0.25,4,-1
32,2,-1,0.25,4,-1.5
59,2,-1,0.25,4,-2
261,2,-1,0.25,5,-0.5
145,2,-1,0.25,5,-1
46,2,-1,0.25,5,-1.5
62,2,-1,0.25,5,-2
83,2,-1,0.75,1,-0.5
44,2,-1,0.75,1,-1
35,2,-1,0.75,1,-1.5
35,2,-1,0.75,1,-2
29,2,-1,0.75,2,-0.5
40,2,-1,0.75,2,-1
52,2,-1,0.75,2,-1.5
80,2,-1,0.75,2,-2
69,2,-1,0.75,3,-0.5
47,2,-1,0.75,3,-1
44,2,-1,0.75,3,-1.5
43,2,-1,0.75,3,-2
66,2,-1,0.75,4,-0.5
32,2,-1,0.75,4,-1
67,2,-1,0.75,4,-1.5
45,2,-1,0.75,4,-2
43,2,-1,0.75,5,-0.5
56,2,-1,0.75,5,-1
62,2,-1,0.75,5,-1.5
48,2,-1,0.75,5,-2
100,2,-1,1.25,1,-0.5
53,2,-1,1.25,1,-1
51,2,-1,1.25,1,-1.5
39,2,-1,1.25,1,-2
88,2,-1,1.25,2,-0.5
61,2,-1,1.25,2,-1
68,2,-1,1.25,2,-1.5
70,2,-1,1.25,2,-2
65,2,-1,1.25,3,-0.5
74,2,-1,1.25,3,-1
64,2,-1,1.25,3,-1.5
50,2,-1,1.25,3,-2
68,2,-1,1.25,4,-0.5
51,2,-1,1.25,4,-1
66,2,-1,1.25,4,-1.5
43,2,-1,1.25,4,-2
78,2,-1,1.25,5,-0.5
74,2,-1,1.25,5,-1
71,2,-1,1.25,5,-1.5
65,2,-1,1.25,5,-2
133,2,-1,1.75,1,-0.5
107,2,-1,1.75,1,-1
98,2,-1,1.75,1,-1.5
115,2,-1,1.75,1,-2
117,2,-1,1.75,2,-0.5
102,2,-1,1.75,2,-1
83,2,-1,1.75,2,-1.5
83,2,-1,1.75,2,-2
123,2,-1,1.75,3,-0.5
103,2,-1,1.75,3,-1
97,2,-1,1.75,3,-1.5
99,2,-1,1.75,3,-2
96,2,-1,1.75,4,-0.5
84,2,-1,1.75,4,-1
94,2,-1,1.75,4,-1.5
54,2,-1,1.75,4,-2
129,2,-1,1.75,5,-0.5
101,2,-1,1.75,5,-1
96,2,-1,1.75,5,-1.5
72,2,-1,1.75,5,-2
442,2,-2,0.25,1,-0.5
103,2,-2,0.25,1,-1
269,2,-2,0.25,1,-1.5
50,2,-2,0.25,1,-2
84,2,-2,0.25,2,-0.5
338,2,-2,0.25,2,-1
79,2,-2,0.25,2,-1.5
36,2,-2,0.25,2,-2
80,2,-2,0.25,3,-0.5
130,2,-2,0.25,3,-1
42,2,-2,0.25,3,-1.5
43,2,-2,0.25,3,-2
65,2,-2,0.25,4,-0.5
32,2,-2,0.25,4,-1
274,2,-2,0.25,4,-1.5
113,2,-2,0.25,4,-2
293,2,-2,0.25,5,-0.5
47,2,-2,0.25,5,-1
88,2,-2,0.25,5,-1.5
58,2,-2,0.25,5,-2
31,2,-2,0.75,1,-0.5
25,2,-2,0.75,1,-1
40,2,-2,0.75,1,-1.5
15,2,-2,0.75,1,-2
28,2,-2,0.75,2,-0.5
19,2,-2,0.75,2,-1
38,2,-2,0.75,2,-1.5
47,2,-2,0.75,2,-2
63,2,-2,0.75,3,-0.5
27,2,-2,0.75,3,-1
17,2,-2,0.75,3,-1.5
29,2,-2,0.75,3,-2
55,2,-2,0.75,4,-0.5
46,2,-2,0.75,4,-1
43,2,-2,0.75,4,-1.5
31,2,-2,0.75,4,-2
19,2,-2,0.75,5,-0.5
23,2,-2,0.75,5,-1
23,2,-2,0.75,5,-1.5
34,2,-2,0.75,5,-2
49,2,-2,1.25,1,-0.5
22,2,-2,1.25,1,-1
25,2,-2,1.25,1,-1.5
44,2,-2,1.25,1,-2
61,2,-2,1.25,2,-0.5
66,2,-2,1.25,2,-1
131,2,-2,1.25,2,-1.5
31,2,-2,1.25,2,-2
43,2,-2,1.25,3,-0.5
25,2,-2,1.25,3,-1
34,2,-2,1.25,3,-1.5
34,2,-2,1.25,3,-2
42,2,-2,1.25,4,-0.5
48,2,-2,1.25,4,-1
28,2,-2,1.25,4,-1.5
33,2,-2,1.25,4,-2
40,2,-2,1.25,5,-0.5
24,2,-2,1.25,5,-1
41,2,-2,1.25,5,-1.5
56,2,-2,1.25,5,-2
109,2,-2,1.75,1,-0.5
64,2,-2,1.75,1,-1
58,2,-2,1.75,1,-1.5
33,2,-2,1.75,1,-2
103,2,-2,1.75,2,-0.5
53,2,-2,1.75,2,-1
41,2,-2,1.75,2,-1.5
36,2,-2,1.75,2,-2
72,2,-2,1.75,3,-0.5
65,2,-2,1.75,3,-1
63,2,-2,1.75,3,-1.5
68,2,-2,1.75,3,-2
79,2,-2,1.75,4,-0.5
61,2,-2,1.75,4,-1
69,2,-2,1.75,4,-1.5
58,2,-2,1.75,4,-2
91,2,-2,1.75,5,-0.5
66,2,-2,1.75,5,-1
58,2,-2,1.75,5,-1.5
41,2,-2,1.75,5,-2
228,2,-3,0.25,1,-0.5
156,2,-3,0.25,1,-1
179,2,-3,0.25,1,-1.5
87,2,-3,0.25,1,-2
95,2,-3,0.25,2,-0.5
190,2,-3,0.25,2,-1
274,2,-3,0.25,2,-1.5
66,2,-3,0.25,2,-2
80,2,-3,0.25,3,-0.5
61,2,-3,0.25,3,-1
192,2,-3,0.25,3,-1.5
239,2,-3,0.25,3,-2
146,2,-3,0.25,4,-0.5
279,2,-3,0.25,4,-1
47,2,-3,0.25,4,-1.5
116,2,-3,0.25,4,-2
322,2,-3,0.25,5,-0.5
275,2,-3,0.25,5,-1
171,2,-3,0.25,5,-1.5
376,2,-3,0.25,5,-2
83,2,-3,0.75,1,-0.5
72,2,-3,0.75,1,-1
25,2,-3,0.75,1,-1.5
31,2,-3,0.75,1,-2
55,2,-3,0.75,2,-0.5
14,2,-3,0.75,2,-1
27,2,-3,0.75,2,-1.5
16,2,-3,0.75,2,-2
346,2,-3,0.75,3,-0.5
46,2,-3,0.75,3,-1
148,2,-3,0.75,3,-1.5
28,2,-3,0.75,3,-2
108,2,-3,0.75,4,-0.5
84,2,-3,0.75,4,-1
47,2,-3,0.75,4,-1.5
53,2,-3,0.75,4,-2
38,2,-3,0.75,5,-0.5
21,2,-3,0.75,5,-1
24,2,-3,0.75,5,-1.5
382,2,-3,0.75,5,-2
56,2,-3,1.25,1,-0.5
47,2,-3,1.25,1,-1
41,2,-3,1.25,1,-1.5
23,2,-3,1.25,1,-2
40,2,-3,1.25,2,-0.5
27,2,-3,1.25,2,-1
35,2,-3,1.25,2,-1.5
29,2,-3,1.25,2,-2
19,2,-3,1.25,3,-0.5
21,2,-3,1.25,3,-1
27,2,-3,1.25,3,-1.5
56,2,-3,1.25,3,-2
58,2,-3,1.25,4,-0.5
50,2,-3,1.25,4,-1
22,2,-3,1.25,4,-1.5
18,2,-3,1.25,4,-2
31,2,-3,1.25,5,-0.5
16,2,-3,1.25,5,-1
36,2,-3,1.25,5,-1.5
26,2,-3,1.25,5,-2
36,2,-3,1.75,1,-0.5
49,2,-3,1.75,1,-1
63,2,-3,1.75,1,-1.5
50,2,-3,1.75,1,-2
72,2,-3,1.75,2,-0.5
71,2,-3,1.75,2,-1
74,2,-3,1.75,2,-1.5
36,2,-3,1.75,2,-2
38,2,-3,1.75,3,-0.5
30,2,-3,1.75,3,-1
27,2,-3,1.75,3,-1.5
47,2,-3,1.75,3,-2
65,2,-3,1.75,4,-0.5
34,2,-3,1.75,4,-1
45,2,-3,1.75,4,-1.5
17,2,-3,1.75,4,-2
33,2,-3,1.75,5,-0.5
37,2,-3,1.75,5,-1
38,2,-3,1.75,5,-1.5
68,2,-3,1.75,5,-2
192,2,-4,0.25,1,-0.5
160,2,-4,0.25,1,-1
323,2,-4,0.25,1,-1.5
365,2,-4,0.25,1,-2
327,2,-4,0.25,2,-0.5
279,2,-4,0.25,2,-1
112,2,-4,0.25,2,-1.5
331,2,-4,0.25,2,-2
341,2,-4,0.25,3,-0.5
21,2,-4,0.25,3,-1
112,2,-4,0.25,3,-1.5
125,2,-4,0.25,3,-2
357,2,-4,0.25,4,-0.5
329,2,-4,0.25,4,-1
421,2,-4,0.25,4,-1.5
42,2,-4,0.25,4,-2
115,2,-4,0.25,5,-0.5
168,2,-4,0.25,5,-1
46,2,-4,0.25,5,-1.5
313,2,-4,0.25,5,-2
43,2,-4,0.75,1,-0.5
262,2,-4,0.75,1,-1
92,2,-4,0.75,1,-1.5
39,2,-4,0.75,1,-2
49,2,-4,0.75,2,-0.5
14,2,-4,0.75,2,-1
48,2,-4,0.75,2,-1.5
48,2,-4,0.75,2,-2
157,2,-4,0.75,3,-0.5
26,2,-4,0.75,3,-1
36,2,-4,0.75,3,-1.5
68,2,-4,0.75,3,-2
40,2,-4,0.75,4,-0.5
15,2,-4,0.75,4,-1
165,2,-4,0.75,4,-1.5
253,2,-4,0.75,4,-2
394,2,-4,0.75,5,-0.5
24,2,-4,0.75,5,-1
91,2,-4,0.75,5,-1.5
381,2,-4,0.75,5,-2
50,2,-4,1.25,1,-0.5
34,2,-4,1.25,1,-1
34,2,-4,1.25,1,-1.5
22,2,-4,1.25,1,-2
290,2,-4,1.25,2,-0.5
24,2,-4,1.25,2,-1
20,2,-4,1.25,2,-1.5
47,2,-4,1.25,2,-2
39,2,-4,1.25,3,-0.5
35,2,-4,1.25,3,-1
60,2,-4,1.25,3,-1.5
17,2,-4,1.25,3,-2
51,2,-4,1.25,4,-0.5
50,2,-4,1.25,4,-1
23,2,-4,1.25,4,-1.5
21,2,-4,1.25,4,-2
51,2,-4,1.25,5,-0.5
28,2,-4,1.25,5,-1
49,2,-4,1.25,5,-1.5
23,2,-4,1.25,5,-2
44,2,-4,1.75,1,-0.5
75,2,-4,1.75,1,-1
53,2,-4,1.75,1,-1.5
27,2,-4,1.75,1,-2
47,2,-4,1.75,2,-0.5
27,2,-4,1.75,2,-1
15,2,-4,1.75,2,-1.5
47,2,-4,1.75,2,-2
36,2,-4,1.75,3,-0.5
23,2,-4,1.75,3,-1
33,2,-4,1.75,3,-1.5
22,2,-4,1.75,3,-2
53,2,-4,1.75,4,-0.5
59,2,-4,1.75,4,-1
22,2,-4,1.75,4,-1.5
34,2,-4,1.75,4,-2
34,2,-4,1.75,5,-0.5
31,2,-4,1.75,5,-1
53,2,-4,1.75,5,-1.5
26,2,-4,1.75,5,-2
360,2,-5,0.25,1,-0.5
163,2,-5,0.25,1,-1
59,2,-5,0.25,1,-1.5
124,2,-5,0.25,1,-2
178,2,-5,0.25,2,-0.5
405,2,-5,0.25,2,-1
294,2,-5,0.25,2,-1.5
231,2,-5,0.25,2,-2
270,2,-5,0.25,3,-0.5
378,2,-5,0.25,3,-1
241,2,-5,0.25,3,-1.5
346,2,-5,0.25,3,-2
283,2,-5,0.25,4,-0.5
84,2,-5,0.25,4,-1
144,2,-5,0.25,4,-1.5
39,2,-5,0.25,4,-2
433,2,-5,0.25,5,-0.5
215,2,-5,0.25,5,-1
291,2,-5,0.25,5,-1.5
425,2,-5,0.25,5,-2
376,2,-5,0.75,1,-0.5
353,2,-5,0.75,1,-1
170,2,-5,0.75,1,-1.5
42,2,-5,0.75,1,-2
80,2,-5,0.75,2,-0.5
275,2,-5,0.75,2,-1
48,2,-5,0.75,2,-1.5
71,2,-5,0.75,2,-2
25,2,-5,0.75,3,-0.5
106,2,-5,0.75,3,-1
24,2,-5,0.75,3,-1.5
270,2,-5,0.75,3,-2
502,2,-5,0.75,4,-0.5
52,2,-5,0.75,4,-1
25,2,-5,0.75,4,-1.5
23,2,-5,0.75,4,-2
31,2,-5,0.75,5,-0.5
15,2,-5,0.75,5,-1
263,2,-5,0.75,5,-1.5
144,2,-5,0.75,5,-2
43,2,-5,1.25,1,-0.5
55,2,-5,1.25,1,-1
41,2,-5,1.25,1,-1.5
299,2,-5,1.25,1,-2
17,2,-5,1.25,2,-0.5
85,2,-5,1.25,2,-1
252,2,-5,1.25,2,-1.5
111,2,-5,1.25,2,-2
111,2,-5,1.25,3,-0.5
76,2,-5,1.25,3,-1
29,2,-5,1.25,3,-1.5
62,2,-5,1.25,3,-2
30,2,-5,1.25,4,-0.5
21,2,-5,1.25,4,-1
28,2,-5,1.25,4,-1.5
75,2,-5,1.25,4,-2
20,2,-5,1.25,5,-0.5
373,2,-5,1.25,5,-1
33,2,-5,1.25,5,-1.5
17,2,-5,1.25,5,-2
73,2,-5,1.75,1,-0.5
22,2,-5,1.75,1,-1
47,2,-5,1.75,1,-1.5
51,2,-5,1.75,1,-2
26,2,-5,1.75,2,-0.5
45,2,-5,1.75,2,-1
19,2,-5,1.75,2,-1.5
72,2,-5,1.75,2,-2
37,2,-5,1.75,3,-0.5
45,2,-5,1.75,3,-1
79,2,-5,1.75,3,-1.5
27,2,-5,1.75,3,-2
31,2,-5,1.75,4,-0.5
24,2,-5,1.75,4,-1
13,2,-5,1.75,4,-1.5
24,2,-5,1.75,4,-2
64,2,-5,1.75,5,-0.5
25,2,-5,1.75,5,-1
127,2,-5,1.75,5,-1.5
24,2,-5,1.75,5,-2
130,3,-1,0.25,1,-0.5
150,3,-1,0.25,1,-1
73,3,-1,0.25,1,-1.5
74,3,-1,0.25,1,-2
447,3,-1,0.25,2,-0.5
164,3,-1,0.25,2,-1
77,3,-1,0.25,2,-1.5
80,3,-1,0.25,2,-2
113,3,-1,0.25,3,-0.5
77,3,-1,0.25,3,-1
52,3,-1,0.25,3,-1.5
64,3,-1,0.25,3,-2
140,3,-1,0.25,4,-0.5
59,3,-1,0.25,4,-1
102,3,-1,0.25,4,-1.5
60,3,-1,0.25,4,-2
299,3,-1,0.25,5,-0.5
68,3,-1,0.25,5,-1
136,3,-1,0.25,5,-1.5
85,3,-1,0.25,5,-2
95,3,-1,0.75,1,-0.5
43,3,-1,0.75,1,-1
17,3,-1,0.75,1,-1.5
61,3,-1,0.75,1,-2
61,3,-1,0.75,2,-0.5
65,3,-1,0.75,2,-1
36,3,-1,0.75,2,-1.5
43,3,-1,0.75,2,-2
60,3,-1,0.75,3,-0.5
63,3,-1,0.75,3,-1
38,3,-1,0.75,3,-1.5
73,3,-1,0.75,3,-2
53,3,-1,0.75,4,-0.5
28,3,-1,0.75,4,-1
44,3,-1,0.75,4,-1.5
53,3,-1,0.75,4,-2
43,3,-1,0.75,5,-0.5
57,3,-1,0.75,5,-1
61,3,-1,0.75,5,-1.5
61,3,-1,0.75,5,-2
85,3,-1,1.25,1,-0.5
75,3,-1,1.25,1,-1
82,3,-1,1.25,1,-1.5
50,3,-1,1.25,1,-2
90,3,-1,1.25,2,-0.5
67,3,-1,1.25,2,-1
44,3,-1,1.25,2,-1.5
20,3,-1,1.25,2,-2
88,3,-1,1.25,3,-0.5
62,3,-1,1.25,3,-1
55,3,-1,1.25,3,-1.5
47,3,-1,1.25,3,-2
62,3,-1,1.25,4,-0.5
71,3,-1,1.25,4,-1
61,3,-1,1.25,4,-1.5
53,3,-1,1.25,4,-2
73,3,-1,1.25,5,-0.5
57,3,-1,1.25,5,-1
31,3,-1,1.25,5,-1.5
66,3,-1,1.25,5,-2
140,3,-1,1.75,1,-0.5
130,3,-1,1.75,1,-1
71,3,-1,1.75,1,-1.5
87,3,-1,1.75,1,-2
131,3,-1,1.75,2,-0.5
116,3,-1,1.75,2,-1
77,3,-1,1.75,2,-1.5
54,3,-1,1.75,2,-2
108,3,-1,1.75,3,-0.5
99,3,-1,1.75,3,-1
67,3,-1,1.75,3,-1.5
39,3,-1,1.75,3,-2
95,3,-1,1.75,4,-0.5
63,3,-1,1.75,4,-1
74,3,-1,1.75,4,-1.5
62,3,-1,1.75,4,-2
117,3,-1,1.75,5,-0.5
87,3,-1,1.75,5,-1
75,3,-1,1.75,5,-1.5
29,3,-1,1.75,5,-2
463,3,-2,0.25,1,-0.5
173,3,-2,0.25,1,-1
60,3,-2,0.25,1,-1.5
91,3,-2,0.25,1,-2
392,3,-2,0.25,2,-0.5
282,3,-2,0.25,2,-1
32,3,-2,0.25,2,-1.5
91,3,-2,0.25,2,-2
73,3,-2,0.25,3,-0.5
284,3,-2,0.25,3,-1
66,3,-2,0.25,3,-1.5
112,3,-2,0.25,3,-2
189,3,-2,0.25,4,-0.5
205,3,-2,0.25,4,-1
181,3,-2,0.25,4,-1.5
82,3,-2,0.25,4,-2
341,3,-2,0.25,5,-0.5
83,3,-2,0.25,5,-1
67,3,-2,0.25,5,-1.5
103,3,-2,0.25,5,-2
35,3,-2,0.75,1,-0.5
60,3,-2,0.75,1,-1
69,3,-2,0.75,1,-1.5
50,3,-2,0.75,1,-2
190,3,-2,0.75,2,-0.5
92,3,-2,0.75,2,-1
29,3,-2,0.75,2,-1.5
58,3,-2,0.75,2,-2
77,3,-2,0.75,3,-0.5
72,3,-2,0.75,3,-1
33,3,-2,0.75,3,-1.5
66,3,-2,0.75,3,-2
57,3,-2,0.75,4,-0.5
33,3,-2,0.75,4,-1
57,3,-2,0.75,4,-1.5
25,3,-2,0.75,4,-2
49,3,-2,0.75,5,-0.5
20,3,-2,0.75,5,-1
28,3,-2,0.75,5,-1.5
64,3,-2,0.75,5,-2
53,3,-2,1.25,1,-0.5
39,3,-2,1.25,1,-1
24,3,-2,1.25,1,-1.5
37,3,-2,1.25,1,-2
63,3,-2,1.25,2,-0.5
52,3,-2,1.25,2,-1
63,3,-2,1.25,2,-1.5
29,3,-2,1.25,2,-2
72,3,-2,1.25,3,-0.5
50,3,-2,1.25,3,-1
36,3,-2,1.25,3,-1.5
36,3,-2,1.25,3,-2
64,3,-2,1.25,4,-0.5
59,3,-2,1.25,4,-1
45,3,-2,1.25,4,-1.5
24,3,-2,1.25,4,-2
35,3,-2,1.25,5,-0.5
26,3,-2,1.25,5,-1
35,3,-2,1.25,5,-1.5
31,3,-2,1.25,5,-2
74,3,-2,1.75,1,-0.5
57,3,-2,1.75,1,-1
28,3,-2,1.75,1,-1.5
41,3,-2,1.75,1,-2
65,3,-2,1.75,2,-0.5
60,3,-2,1.75,2,-1
59,3,-2,1.75,2,-1.5
40,3,-2,1.75,2,-2
76,3,-2,1.75,3,-0.5
51,3,-2,1.75,3,-1
61,3,-2,1.75,3,-1.5
44,3,-2,1.75,3,-2
70,3,-2,1.75,4,-0.5
53,3,-2,1.75,4,-1
41,3,-2,1.75,4,-1.5
30,3,-2,1.75,4,-2
70,3,-2,1.75,5,-0.5
72,3,-2,1.75,5,-1
48,3,-2,1.75,5,-1.5
35,3,-2,1.75,5,-2
229,3,-3,0.25,1,-0.5
209,3,-3,0.25,1,-1
76,3,-3,0.25,1,-1.5
74,3,-3,0.25,1,-2
252,3,-3,0.25,2,-0.5
437,3,-3,0.25,2,-1
313,3,-3,0.25,2,-1.5
98,3,-3,0.25,2,-2
301,3,-3,0.25,3,-0.5
308,3,-3,0.25,3,-1
344,3,-3,0.25,3,-1.5
26,3,-3,0.25,3,-2
51,3,-3,0.25,4,-0.5
222,3,-3,0.25,4,-1
113,3,-3,0.25,4,-1.5
125,3,-3,0.25,4,-2
187,3,-3,0.25,5,-0.5
290,3,-3,0.25,5,-1
112,3,-3,0.25,5,-1.5
52,3,-3,0.25,5,-2
173,3,-3,0.75,1,-0.5
237,3,-3,0.75,1,-1
46,3,-3,0.75,1,-1.5
50,3,-3,0.75,1,-2
63,3,-3,0.75,2,-0.5
62,3,-3,0.75,2,-1
29,3,-3,0.75,2,-1.5
39,3,-3,0.75,2,-2
98,3,-3,0.75,3,-0.5
280,3,-3,0.75,3,-1
145,3,-3,0.75,3,-1.5
30,3,-3,0.75,3,-2
43,3,-3,0.75,4,-0.5
46,3,-3,0.75,4,-1
33,3,-3,0.75,4,-1.5
51,3,-3,0.75,4,-2
67,3,-3,0.75,5,-0.5
37,3,-3,0.75,5,-1
19,3,-3,0.75,5,-1.5
16,3,-3,0.75,5,-2
61,3,-3,1.25,1,-0.5
19,3,-3,1.25,1,-1
22,3,-3,1.25,1,-1.5
37,3,-3,1.25,1,-2
31,3,-3,1.25,2,-0.5
30,3,-3,1.25,2,-1
60,3,-3,1.25,2,-1.5
20,3,-3,1.25,2,-2
25,3,-3,1.25,3,-0.5
39,3,-3,1.25,3,-1
14,3,-3,1.25,3,-1.5
32,3,-3,1.25,3,-2
38,3,-3,1.25,4,-0.5
47,3,-3,1.25,4,-1
28,3,-3,1.25,4,-1.5
39,3,-3,1.25,4,-2
24,3,-3,1.25,5,-0.5
24,3,-3,1.25,5,-1
39,3,-3,1.25,5,-1.5
17,3,-3,1.25,5,-2
75,3,-3,1.75,1,-0.5
40,3,-3,1.75,1,-1
38,3,-3,1.75,1,-1.5
31,3,-3,1.75,1,-2
36,3,-3,1.75,2,-0.5
17,3,-3,1.75,2,-1
20,3,-3,1.75,2,-1.5
26,3,-3,1.75,2,-2
74,3,-3,1.75,3,-0.5
41,3,-3,1.75,3,-1
43,3,-3,1.75,3,-1.5
16,3,-3,1.75,3,-2
38,3,-3,1.75,4,-0.5
56,3,-3,1.75,4,-1
23,3,-3,1.75,4,-1.5
54,3,-3,1.75,4,-2
120,3,-3,1.75,5,-0.5
58,3,-3,1.75,5,-1
30,3,-3,1.75,5,-1.5
35,3,-3,1.75,5,-2
344,3,-4,0.25,1,-0.5
333,3,-4,0.25,1,-1
88,3,-4,0.25,1,-1.5
234,3,-4,0.25,1,-2
357,3,-4,0.25,2,-0.5
277,3,-4,0.25,2,-1
346,3,-4,0.25,2,-1.5
262,3,-4,0.25,2,-2
495,3,-4,0.25,3,-0.5
177,3,-4,0.25,3,-1
120,3,-4,0.25,3,-1.5
25,3,-4,0.25,3,-2
422,3,-4,0.25,4,-0.5
32,3,-4,0.25,4,-1
321,3,-4,0.25,4,-1.5
152,3,-4,0.25,4,-2
125,3,-4,0.25,5,-0.5
76,3,-4,0.25,5,-1
291,3,-4,0.25,5,-1.5
114,3,-4,0.25,5,-2
399,3,-4,0.75,1,-0.5
140,3,-4,0.75,1,-1
74,3,-4,0.75,1,-1.5
109,3,-4,0.75,1,-2
61,3,-4,0.75,2,-0.5
50,3,-4,0.75,2,-1
41,3,-4,0.75,2,-1.5
165,3,-4,0.75,2,-2
441,3,-4,0.75,3,-0.5
49,3,-4,0.75,3,-1
94,3,-4,0.75,3,-1.5
49,3,-4,0.75,3,-2
46,3,-4,0.75,4,-0.5
98,3,-4,0.75,4,-1
286,3,-4,0.75,4,-1.5
27,3,-4,0.75,4,-2
52,3,-4,0.75,5,-0.5
283,3,-4,0.75,5,-1
62,3,-4,0.75,5,-1.5
85,3,-4,0.75,5,-2
90,3,-4,1.25,1,-0.5
34,3,-4,1.25,1,-1
37,3,-4,1.25,1,-1.5
33,3,-4,1.25,1,-2
52,3,-4,1.25,2,-0.5
29,3,-4,1.25,2,-1
42,3,-4,1.25,2,-1.5
36,3,-4,1.25,2,-2
31,3,-4,1.25,3,-0.5
32,3,-4,1.25,3,-1
60,3,-4,1.25,3,-1.5
66,3,-4,1.25,3,-2
38,3,-4,1.25,4,-0.5
26,3,-4,1.25,4,-1
63,3,-4,1.25,4,-1.5
34,3,-4,1.25,4,-2
36,3,-4,1.25,5,-0.5
22,3,-4,1.25,5,-1
19,3,-4,1.25,5,-1.5
56,3,-4,1.25,5,-2
54,3,-4,1.75,1,-0.5
29,3,-4,1.75,1,-1
33,3,-4,1.75,1,-1.5
20,3,-4,1.75,1,-2
60,3,-4,1.75,2,-0.5
20,3,-4,1.75,2,-1
48,3,-4,1.75,2,-1.5
40,3,-4,1.75,2,-2
45,3,-4,1.75,3,-0.5
79,3,-4,1.75,3,-1
35,3,-4,1.75,3,-1.5
29,3,-4,1.75,3,-2
27,3,-4,1.75,4,-0.5
29,3,-4,1.75,4,-1
27,3,-4,1.75,4,-1.5
40,3,-4,1.75,4,-2
56,3,-4,1.75,5,-0.5
31,3,-4,1.75,5,-1
20,3,-4,1.75,5,-1.5
43,3,-4,1.75,5,-2
463,3,-5,0.25,1,-0.5
189,3,-5,0.25,1,-1
289,3,-5,0.25,1,-1.5
334,3,-5,0.25,1,-2
461,3,-5,0.25,2,-0.5
176,3,-5,0.25,2,-1
391,3,-5,0.25,2,-1.5
214,3,-5,0.25,2,-2
442,3,-5,0.25,3,-0.5
393,3,-5,0.25,3,-1
378,3,-5,0.25,3,-1.5
270,3,-5,0.25,3,-2
495,3,-5,0.25,4,-0.5
334,3,-5,0.25,4,-1
156,3,-5,0.25,4,-1.5
158,3,-5,0.25,4,-2
335,3,-5,0.25,5,-0.5
388,3,-5,0.25,5,-1
150,3,-5,0.25,5,-1.5
335,3,-5,0.25,5,-2
154,3,-5,0.75,1,-0.5
110,3,-5,0.75,1,-1
403,3,-5,0.75,1,-1.5
62,3,-5,0.75,1,-2
334,3,-5,0.75,2,-0.5
62,3,-5,0.75,2,-1
79,3,-5,0.75,2,-1.5
56,3,-5,0.75,2,-2
248,3,-5,0.75,3,-0.5
138,3,-5,0.75,3,-1
246,3,-5,0.75,3,-1.5
65,3,-5,0.75,3,-2
49,3,-5,0.75,4,-0.5
357,3,-5,0.75,4,-1
62,3,-5,0.75,4,-1.5
58,3,-5,0.75,4,-2
478,3,-5,0.75,5,-0.5
184,3,-5,0.75,5,-1
77,3,-5,0.75,5,-1.5
91,3,-5,0.75,5,-2
46,3,-5,1.25,1,-0.5
26,3,-5,1.25,1,-1
103,3,-5,1.25,1,-1.5
273,3,-5,1.25,1,-2
58,3,-5,1.25,2,-0.5
140,3,-5,1.25,2,-1
50,3,-5,1.25,2,-1.5
25,3,-5,1.25,2,-2
55,3,-5,1.25,3,-0.5
46,3,-5,1.25,3,-1
60,3,-5,1.25,3,-1.5
94,3,-5,1.25,3,-2
45,3,-5,1.25,4,-0.5
395,3,-5,1.25,4,-1
57,3,-5,1.25,4,-1.5
18,3,-5,1.25,4,-2
17,3,-5,1.25,5,-0.5
44,3,-5,1.25,5,-1
56,3,-5,1.25,5,-1.5
250,3,-5,1.25,5,-2
56,3,-5,1.75,1,-0.5
48,3,-5,1.75,1,-1
38,3,-5,1.75,1,-1.5
17,3,-5,1.75,1,-2
42,3,-5,1.75,2,-0.5
34,3,-5,1.75,2,-1
23,3,-5,1.75,2,-1.5
22,3,-5,1.75,2,-2
46,3,-5,1.75,3,-0.5
37,3,-5,1.75,3,-1
25,3,-5,1.75,3,-1.5
22,3,-5,1.75,3,-2
65,3,-5,1.75,4,-0.5
32,3,-5,1.75,4,-1
24,3,-5,1.75,4,-1.5
23,3,-5,1.75,4,-2
36,3,-5,1.75,5,-0.5
58,3,-5,1.75,5,-1
60,3,-5,1.75,5,-1.5
29,3,-5,1.75,5,-2
243,4,-1,0.25,1,-0.5
122,4,-1,0.25,1,-1
218,4,-1,0.25,1,-1.5
77,4,-1,0.25,1,-2
155,4,-1,0.25,2,-0.5
171,4,-1,0.25,2,-1
109,4,-1,0.25,2,-1.5
79,4,-1,0.25,2,-2
352,4,-1,0.25,3,-0.5
124,4,-1,0.25,3,-1
182,4,-1,0.25,3,-1.5
87,4,-1,0.25,3,-2
118,4,-1,0.25,4,-0.5
134,4,-1,0.25,4,-1
59,4,-1,0.25,4,-1.5
94,4,-1,0.25,4,-2
258,4,-1,0.25,5,-0.5
170,4,-1,0.25,5,-1
101,4,-1,0.25,5,-1.5
147,4,-1,0.25,5,-2
271,4,-1,0.75,1,-0.5
77,4,-1,0.75,1,-1
100,4,-1,0.75,1,-1.5
67,4,-1,0.75,1,-2
68,4,-1,0.75,2,-0.5
87,4,-1,0.75,2,-1
87,4,-1,0.75,2,-1.5
60,4,-1,0.75,2,-2
111,4,-1,0.75,3,-0.5
59,4,-1,0.75,3,-1
84,4,-1,0.75,3,-1.5
103,4,-1,0.75,3,-2
93,4,-1,0.75,4,-0.5
87,4,-1,0.75,4,-1
84,4,-1,0.75,4,-1.5
40,4,-1,0.75,4,-2
104,4,-1,0.75,5,-0.5
95,4,-1,0.75,5,-1
59,4,-1,0.75,5,-1.5
58,4,-1,0.75,5,-2
120,4,-1,1.25,1,-0.5
78,4,-1,1.25,1,-1
97,4,-1,1.25,1,-1.5
47,4,-1,1.25,1,-2
77,4,-1,1.25,2,-0.5
42,4,-1,1.25,2,-1
75,4,-1,1.25,2,-1.5
35,4,-1,1.25,2,-2
100,4,-1,1.25,3,-0.5
69,4,-1,1.25,3,-1
48,4,-1,1.25,3,-1.5
62,4,-1,1.25,3,-2
77,4,-1,1.25,4,-0.5
67,4,-1,1.25,4,-1
73,4,-1,1.25,4,-1.5
62,4,-1,1.25,4,-2
73,4,-1,1.25,5,-0.5
46,4,-1,1.25,5,-1
57,4,-1,1.25,5,-1.5
48,4,-1,1.25,5,-2
110,4,-1,1.75,1,-0.5
98,4,-1,1.75,1,-1
99,4,-1,1.75,1,-1.5
79,4,-1,1.75,1,-2
136,4,-1,1.75,2,-0.5
107,4,-1,1.75,2,-1
84,4,-1,1.75,2,-1.5
54,4,-1,1.75,2,-2
135,4,-1,1.75,3,-0.5
87,4,-1,1.75,3,-1
54,4,-1,1.75,3,-1.5
81,4,-1,1.75,3,-2
85,4,-1,1.75,4,-0.5
72,4,-1,1.75,4,-1
72,4,-1,1.75,4,-1.5
54,4,-1,1.75,4,-2
87,4,-1,1.75,5,-0.5
94,4,-1,1.75,5,-1
65,4,-1,1.75,5,-1.5
58,4,-1,1.75,5,-2
274,4,-2,0.25,1,-0.5
358,4,-2,0.25,1,-1
131,4,-2,0.25,1,-1.5
99,4,-2,0.25,1,-2
361,4,-2,0.25,2,-0.5
163,4,-2,0.25,2,-1
162,4,-2,0.25,2,-1.5
151,4,-2,0.25,2,-2
281,4,-2,0.25,3,-0.5
237,4,-2,0.25,3,-1
133,4,-2,0.25,3,-1.5
79,4,-2,0.25,3,-2
207,4,-2,0.25,4,-0.5
148,4,-2,0.25,4,-1
107,4,-2,0.25,4,-1.5
323,4,-2,0.25,4,-2
212,4,-2,0.25,5,-0.5
335,4,-2,0.25,5,-1
415,4,-2,0.25,5,-1.5
130,4,-2,0.25,5,-2
95,4,-2,0.75,1,-0.5
43,4,-2,0.75,1,-1
125,4,-2,0.75,1,-1.5
60,4,-2,0.75,1,-2
110,4,-2,0.75,2,-0.5
67,4,-2,0.75,2,-1
63,4,-2,0.75,2,-1.5
69,4,-2,0.75,2,-2
59,4,-2,0.75,3,-0.5
44,4,-2,0.75,3,-1
51,4,-2,0.75,3,-1.5
45,4,-2,0.75,3,-2
115,4,-2,0.75,4,-0.5
121,4,-2,0.75,4,-1
59,4,-2,0.75,4,-1.5
48,4,-2,0.75,4,-2
27,4,-2,0.75,5,-0.5
129,4,-2,0.75,5,-1
201,4,-2,0.75,5,-1.5
120,4,-2,0.75,5,-2
69,4,-2,1.25,1,-0.5
52,4,-2,1.25,1,-1
60,4,-2,1.25,1,-1.5
43,4,-2,1.25,1,-2
69,4,-2,1.25,2,-0.5
110,4,-2,1.25,2,-1
37,4,-2,1.25,2,-1.5
31,4,-2,1.25,2,-2
57,4,-2,1.25,3,-0.5
39,4,-2,1.25,3,-1
94,4,-2,1.25,3,-1.5
21,4,-2,1.25,3,-2
51,4,-2,1.25,4,-0.5
55,4,-2,1.25,4,-1
21,4,-2,1.25,4,-1.5
27,4,-2,1.25,4,-2
56,4,-2,1.25,5,-0.5
38,4,-2,1.25,5,-1
41,4,-2,1.25,5,-1.5
41,4,-2,1.25,5,-2
97,4,-2,1.75,1,-0.5
84,4,-2,1.75,1,-1
41,4,-2,1.75,1,-1.5
62,4,-2,1.75,1,-2
74,4,-2,1.75,2,-0.5
63,4,-2,1.75,2,-1
65,4,-2,1.75,2,-1.5
28,4,-2,1.75,2,-2
94,4,-2,1.75,3,-0.5
69,4,-2,1.75,3,-1
72,4,-2,1.75,3,-1.5
53,4,-2,1.75,3,-2
77,4,-2,1.75,4,-0.5
70,4,-2,1.75,4,-1
35,4,-2,1.75,4,-1.5
40,4,-2,1.75,4,-2
54,4,-2,1.75,5,-0.5
46,4,-2,1.75,5,-1
54,4,-2,1.75,5,-1.5
31,4,-2,1.75,5,-2
292,4,-3,0.25,1,-0.5
263,4,-3,0.25,1,-1
274,4,-3,0.25,1,-1.5
69,4,-3,0.25,1,-2
409,4,-3,0.25,2,-0.5
437,4,-3,0.25,2,-1
114,4,-3,0.25,2,-1.5
69,4,-3,0.25,2,-2
336,4,-3,0.25,3,-0.5
353,4,-3,0.25,3,-1
193,4,-3,0.25,3,-1.5
280,4,-3,0.25,3,-2
388,4,-3,0.25,4,-0.5
271,4,-3,0.25,4,-1
87,4,-3,0.25,4,-1.5
124,4,-3,0.25,4,-2
318,4,-3,0.25,5,-0.5
323,4,-3,0.25,5,-1
281,4,-3,0.25,5,-1.5
106,4,-3,0.25,5,-2
493,4,-3,0.75,1,-0.5
141,4,-3,0.75,1,-1
135,4,-3,0.75,1,-1.5
40,4,-3,0.75,1,-2
57,4,-3,0.75,2,-0.5
37,4,-3,0.75,2,-1
117,4,-3,0.75,2,-1.5
44,4,-3,0.75,2,-2
467,4,-3,0.75,3,-0.5
275,4,-3,0.75,3,-1
63,4,-3,0.75,3,-1.5
40,4,-3,0.75,3,-2
95,4,-3,0.75,4,-0.5
93,4,-3,0.75,4,-1
25,4,-3,0.75,4,-1.5
353,4,-3,0.75,4,-2
265,4,-3,0.75,5,-0.5
134,4,-3,0.75,5,-1
92,4,-3,0.75,5,-1.5
55,4,-3,0.75,5,-2
223,4,-3,1.25,1,-0.5
360,4,-3,1.25,1,-1
78,4,-3,1.25,1,-1.5
39,4,-3,1.25,1,-2
61,4,-3,1.25,2,-0.5
31,4,-3,1.25,2,-1
26,4,-3,1.25,2,-1.5
39,4,-3,1.25,2,-2
55,4,-3,1.25,3,-0.5
35,4,-3,1.25,3,-1
117,4,-3,1.25,3,-1.5
23,4,-3,1.25,3,-2
25,4,-3,1.25,4,-0.5
25,4,-3,1.25,4,-1
50,4,-3,1.25,4,-1.5
38,4,-3,1.25,4,-2
45,4,-3,1.25,5,-0.5
38,4,-3,1.25,5,-1
40,4,-3,1.25,5,-1.5
26,4,-3,1.25,5,-2
65,4,-3,1.75,1,-0.5
56,4,-3,1.75,1,-1
27,4,-3,1.75,1,-1.5
32,4,-3,1.75,1,-2
49,4,-3,1.75,2,-0.5
31,4,-3,1.75,2,-1
43,4,-3,1.75,2,-1.5
59,4,-3,1.75,2,-2
68,4,-3,1.75,3,-0.5
27,4,-3,1.75,3,-1
31,4,-3,1.75,3,-1.5
34,4,-3,1.75,3,-2
335,4,-3,1.75,4,-0.5
28,4,-3,1.75,4,-1
58,4,-3,1.75,4,-1.5
36,4,-3,1.75,4,-2
51,4,-3,1.75,5,-0.5
33,4,-3,1.75,5,-1
43,4,-3,1.75,5,-1.5
39,4,-3,1.75,5,-2
400,4,-4,0.25,1,-0.5
489,4,-4,0.25,1,-1
388,4,-4,0.25,1,-1.5
77,4,-4,0.25,1,-2
440,4,-4,0.25,2,-0.5
395,4,-4,0.25,2,-1
318,4,-4,0.25,2,-1.5
63,4,-4,0.25,2,-2
345,4,-4,0.25,3,-0.5
323,4,-4,0.25,3,-1
292,4,-4,0.25,3,-1.5
195,4,-4,0.25,3,-2
564,4,-4,0.25,4,-0.5
327,4,-4,0.25,4,-1
105,4,-4,0.25,4,-1.5
340,4,-4,0.25,4,-2
332,4,-4,0.25,5,-0.5
234,4,-4,0.25,5,-1
182,4,-4,0.25,5,-1.5
218,4,-4,0.25,5,-2
86,4,-4,0.75,1,-0.5
68,4,-4,0.75,1,-1
75,4,-4,0.75,1,-1.5
76,4,-4,0.75,1,-2
290,4,-4,0.75,2,-0.5
204,4,-4,0.75,2,-1
121,4,-4,0.75,2,-1.5
62,4,-4,0.75,2,-2
108,4,-4,0.75,3,-0.5
107,4,-4,0.75,3,-1
126,4,-4,0.75,3,-1.5
205,4,-4,0.75,3,-2
360,4,-4,0.75,4,-0.5
247,4,-4,0.75,4,-1
62,4,-4,0.75,4,-1.5
138,4,-4,0.75,4,-2
90,4,-4,0.75,5,-0.5
63,4,-4,0.75,5,-1
311,4,-4,0.75,5,-1.5
48,4,-4,0.75,5,-2
64,4,-4,1.25,1,-0.5
105,4,-4,1.25,1,-1
87,4,-4,1.25,1,-1.5
136,4,-4,1.25,1,-2
277,4,-4,1.25,2,-0.5
70,4,-4,1.25,2,-1
41,4,-4,1.25,2,-1.5
24,4,-4,1.25,2,-2
33,4,-4,1.25,3,-0.5
317,4,-4,1.25,3,-1
46,4,-4,1.25,3,-1.5
92,4,-4,1.25,3,-2
40,4,-4,1.25,4,-0.5
317,4,-4,1.25,4,-1
48,4,-4,1.25,4,-1.5
189,4,-4,1.25,4,-2
22,4,-4,1.25,5,-0.5
40,4,-4,1.25,5,-1
37,4,-4,1.25,5,-1.5
102,4,-4,1.25,5,-2
92,4,-4,1.75,1,-0.5
55,4,-4,1.75,1,-1
38,4,-4,1.75,1,-1.5
20,4,-4,1.75,1,-2
41,4,-4,1.75,2,-0.5
27,4,-4,1.75,2,-1
44,4,-4,1.75,2,-1.5
15,4,-4,1.75,2,-2
58,4,-4,1.75,3,-0.5
222,4,-4,1.75,3,-1
27,4,-4,1.75,3,-1.5
46,4,-4,1.75,3,-2
34,4,-4,1.75,4,-0.5
48,4,-4,1.75,4,-1
19,4,-4,1.75,4,-1.5
14,4,-4,1.75,4,-2
58,4,-4,1.75,5,-0.5
22,4,-4,1.75,5,-1
25,4,-4,1.75,5,-1.5
30,4,-4,1.75,5,-2
352,4,-5,0.25,1,-0.5
240,4,-5,0.25,1,-1
374,4,-5,0.25,1,-1.5
300,4,-5,0.25,1,-2
451,4,-5,0.25,2,-0.5
173,4,-5,0.25,2,-1
350,4,-5,0.25,2,-1.5
194,4,-5,0.25,2,-2
450,4,-5,0.25,3,-0.5
328,4,-5,0.25,3,-1
265,4,-5,0.25,3,-1.5
162,4,-5,0.25,3,-2
202,4,-5,0.25,4,-0.5
110,4,-5,0.25,4,-1
145,4,-5,0.25,4,-1.5
186,4,-5,0.25,4,-2
339,4,-5,0.25,5,-0.5
295,4,-5,0.25,5,-1
501,4,-5,0.25,5,-1.5
145,4,-5,0.25,5,-2
471,4,-5,0.75,1,-0.5
87,4,-5,0.75,1,-1
289,4,-5,0.75,1,-1.5
330,4,-5,0.75,1,-2
497,4,-5,0.75,2,-0.5
93,4,-5,0.75,2,-1
364,4,-5,0.75,2,-1.5
241,4,-5,0.75,2,-2
296,4,-5,0.75,3,-0.5
58,4,-5,0.75,3,-1
362,4,-5,0.75,3,-1.5
104,4,-5,0.75,3,-2
239,4,-5,0.75,4,-0.5
298,4,-5,0.75,4,-1
101,4,-5,0.75,4,-1.5
57,4,-5,0.75,4,-2
381,4,-5,0.75,5,-0.5
38,4,-5,0.75,5,-1
311,4,-5,0.75,5,-1.5
80,4,-5,0.75,5,-2
526,4,-5,1.25,1,-0.5
72,4,-5,1.25,1,-1
33,4,-5,1.25,1,-1.5
147,4,-5,1.25,1,-2
67,4,-5,1.25,2,-0.5
45,4,-5,1.25,2,-1
117,4,-5,1.25,2,-1.5
39,4,-5,1.25,2,-2
49,4,-5,1.25,3,-0.5
150,4,-5,1.25,3,-1
89,4,-5,1.25,3,-1.5
27,4,-5,1.25,3,-2
28,4,-5,1.25,4,-0.5
61,4,-5,1.25,4,-1
37,4,-5,1.25,4,-1.5
30,4,-5,1.25,4,-2
38,4,-5,1.25,5,-0.5
27,4,-5,1.25,5,-1
54,4,-5,1.25,5,-1.5
97,4,-5,1.25,5,-2
46,4,-5,1.75,1,-0.5
294,4,-5,1.75,1,-1
68,4,-5,1.75,1,-1.5
41,4,-5,1.75,1,-2
46,4,-5,1.75,2,-0.5
40,4,-5,1.75,2,-1
24,4,-5,1.75,2,-1.5
25,4,-5,1.75,2,-2
45,4,-5,1.75,3,-0.5
37,4,-5,1.75,3,-1
57,4,-5,1.75,3,-1.5
60,4,-5,1.75,3,-2
409,4,-5,1.75,4,-0.5
40,4,-5,1.75,4,-1
44,4,-5,1.75,4,-1.5
32,4,-5,1.75,4,-2
245,4,-5,1.75,5,-0.5
24,4,-5,1.75,5,-1
41,4,-5,1.75,5,-1.5
70,4,-5,1.75,5,-2
227,5,-1,0.25,1,-0.5
263,5,-1,0.25,1,-1
148,5,-1,0.25,1,-1.5
123,5,-1,0.25,1,-2
230,5,-1,0.25,2,-0.5
153,5,-1,0.25,2,-1
106,5,-1,0.25,2,-1.5
62,5,-1,0.25,2,-2
315,5,-1,0.25,3,-0.5
169,5,-1,0.25,3,-1
183,5,-1,0.25,3,-1.5
122,5,-1,0.25,3,-2
144,5,-1,0.25,4,-0.5
269,5,-1,0.25,4,-1
94,5,-1,0.25,4,-1.5
121,5,-1,0.25,4,-2
116,5,-1,0.25,5,-0.5
168,5,-1,0.25,5,-1
100,5,-1,0.25,5,-1.5
98,5,-1,0.25,5,-2
210,5,-1,0.75,1,-0.5
111,5,-1,0.75,1,-1
111,5,-1,0.75,1,-1.5
94,5,-1,0.75,1,-2
167,5,-1,0.75,2,-0.5
122,5,-1,0.75,2,-1
114,5,-1,0.75,2,-1.5
79,5,-1,0.75,2,-2
155,5,-1,0.75,3,-0.5
103,5,-1,0.75,3,-1
97,5,-1,0.75,3,-1.5
81,5,-1,0.75,3,-2
87,5,-1,0.75,4,-0.5
88,5,-1,0.75,4,-1
90,5,-1,0.75,4,-1.5
53,5,-1,0.75,4,-2
139,5,-1,0.75,5,-0.5
108,5,-1,0.75,5,-1
104,5,-1,0.75,5,-1.5
63,5,-1,0.75,5,-2
126,5,-1,1.25,1,-0.5
99,5,-1,1.25,1,-1
114,5,-1,1.25,1,-1.5
30,5,-1,1.25,1,-2
134,5,-1,1.25,2,-0.5
113,5,-1,1.25,2,-1
91,5,-1,1.25,2,-1.5
72,5,-1,1.25,2,-2
77,5,-1,1.25,3,-0.5
56,5,-1,1.25,3,-1
69,5,-1,1.25,3,-1.5
44,5,-1,1.25,3,-2
104,5,-1,1.25,4,-0.5
81,5,-1,1.25,4,-1
66,5,-1,1.25,4,-1.5
59,5,-1,1.25,4,-2
99,5,-1,1.25,5,-0.5
97,5,-1,1.25,5,-1
79,5,-1,1.25,5,-1.5
69,5,-1,1.25,5,-2
153,5,-1,1.75,1,-0.5
123,5,-1,1.75,1,-1
85,5,-1,1.75,1,-1.5
97,5,-1,1.75,1,-2
124,5,-1,1.75,2,-0.5
88,5,-1,1.75,2,-1
64,5,-1,1.75,2,-1.5
62,5,-1,1.75,2,-2
82,5,-1,1.75,3,-0.5
94,5,-1,1.75,3,-1
72,5,-1,1.75,3,-1.5
72,5,-1,1.75,3,-2
90,5,-1,1.75,4,-0.5
70,5,-1,1.75,4,-1
74,5,-1,1.75,4,-1.5
70,5,-1,1.75,4,-2
117,5,-1,1.75,5,-0.5
75,5,-1,1.75,5,-1
54,5,-1,1.75,5,-1.5
39,5,-1,1.75,5,-2
415,5,-2,0.25,1,-0.5
184,5,-2,0.25,1,-1
201,5,-2,0.25,1,-1.5
420,5,-2,0.25,1,-2
369,5,-2,0.25,2,-0.5
151,5,-2,0.25,2,-1
180,5,-2,0.25,2,-1.5
78,5,-2,0.25,2,-2
220,5,-2,0.25,3,-0.5
130,5,-2,0.25,3,-1
412,5,-2,0.25,3,-1.5
55,5,-2,0.25,3,-2
128,5,-2,0.25,4,-0.5
355,5,-2,0.25,4,-1
171,5,-2,0.25,4,-1.5
94,5,-2,0.25,4,-2
404,5,-2,0.25,5,-0.5
256,5,-2,0.25,5,-1
146,5,-2,0.25,5,-1.5
269,5,-2,0.25,5,-2
365,5,-2,0.75,1,-0.5
96,5,-2,0.75,1,-1
59,5,-2,0.75,1,-1.5
82,5,-2,0.75,1,-2
91,5,-2,0.75,2,-0.5
423,5,-2,0.75,2,-1
61,5,-2,0.75,2,-1.5
80,5,-2,0.75,2,-2
123,5,-2,0.75,3,-0.5
99,5,-2,0.75,3,-1
48,5,-2,0.75,3,-1.5
68,5,-2,0.75,3,-2
119,5,-2,0.75,4,-0.5
149,5,-2,0.75,4,-1
44,5,-2,0.75,4,-1.5
110,5,-2,0.75,4,-2
59,5,-2,0.75,5,-0.5
102,5,-2,0.75,5,-1
52,5,-2,0.75,5,-1.5
115,5,-2,0.75,5,-2
111,5,-2,1.25,1,-0.5
96,5,-2,1.25,1,-1
33,5,-2,1.25,1,-1.5
48,5,-2,1.25,1,-2
102,5,-2,1.25,2,-0.5
64,5,-2,1.25,2,-1
56,5,-2,1.25,2,-1.5
32,5,-2,1.25,2,-2
80,5,-2,1.25,3,-0.5
57,5,-2,1.25,3,-1
63,5,-2,1.25,3,-1.5
46,5,-2,1.25,3,-2
61,5,-2,1.25,4,-0.5
27,5,-2,1.25,4,-1
27,5,-2,1.25,4,-1.5
56,5,-2,1.25,4,-2
65,5,-2,1.25,5,-0.5
54,5,-2,1.25,5,-1
38,5,-2,1.25,5,-1.5
44,5,-2,1.25,5,-2
95,5,-2,1.75,1,-0.5
85,5,-2,1.75,1,-1
86,5,-2,1.75,1,-1.5
71,5,-2,1.75,1,-2
80,5,-2,1.75,2,-0.5
71,5,-2,1.75,2,-1
42,5,-2,1.75,2,-1.5
55,5,-2,1.75,2,-2
65,5,-2,1.75,3,-0.5
96,5,-2,1.75,3,-1
52,5,-2,1.75,3,-1.5
39,5,-2,1.75,3,-2
45,5,-2,1.75,4,-0.5
48,5,-2,1.75,4,-1
48,5,-2,1.75,4,-1.5
37,5,-2,1.75,4,-2
91,5,-2,1.75,5,-0.5
36,5,-2,1.75,5,-1
54,5,-2,1.75,5,-1.5
36,5,-2,1.75,5,-2
394,5,-3,0.25,1,-0.5
350,5,-3,0.25,1,-1
180,5,-3,0.25,1,-1.5
196,5,-3,0.25,1,-2
375,5,-3,0.25,2,-0.5
243,5,-3,0.25,2,-1
152,5,-3,0.25,2,-1.5
281,5,-3,0.25,2,-2
342,5,-3,0.25,3,-0.5
199,5,-3,0.25,3,-1
102,5,-3,0.25,3,-1.5
157,5,-3,0.25,3,-2
456,5,-3,0.25,4,-0.5
209,5,-3,0.25,4,-1
263,5,-3,0.25,4,-1.5
204,5,-3,0.25,4,-2
421,5,-3,0.25,5,-0.5
174,5,-3,0.25,5,-1
45,5,-3,0.25,5,-1.5
295,5,-3,0.25,5,-2
440,5,-3,0.75,1,-0.5
112,5,-3,0.75,1,-1
71,5,-3,0.75,1,-1.5
98,5,-3,0.75,1,-2
468,5,-3,0.75,2,-0.5
74,5,-3,0.75,2,-1
276,5,-3,0.75,2,-1.5
234,5,-3,0.75,2,-2
466,5,-3,0.75,3,-0.5
101,5,-3,0.75,3,-1
70,5,-3,0.75,3,-1.5
86,5,-3,0.75,3,-2
79,5,-3,0.75,4,-0.5
338,5,-3,0.75,4,-1
103,5,-3,0.75,4,-1.5
55,5,-3,0.75,4,-2
320,5,-3,0.75,5,-0.5
252,5,-3,0.75,5,-1
28,5,-3,0.75,5,-1.5
71,5,-3,0.75,5,-2
65,5,-3,1.25,1,-0.5
91,5,-3,1.25,1,-1
62,5,-3,1.25,1,-1.5
87,5,-3,1.25,1,-2
61,5,-3,1.25,2,-0.5
107,5,-3,1.25,2,-1
53,5,-3,1.25,2,-1.5
30,5,-3,1.25,2,-2
63,5,-3,1.25,3,-0.5
42,5,-3,1.25,3,-1
68,5,-3,1.25,3,-1.5
71,5,-3,1.25,3,-2
50,5,-3,1.25,4,-0.5
43,5,-3,1.25,4,-1
87,5,-3,1.25,4,-1.5
29,5,-3,1.25,4,-2
58,5,-3,1.25,5,-0.5
70,5,-3,1.25,5,-1
24,5,-3,1.25,5,-1.5
53,5,-3,1.25,5,-2
75,5,-3,1.75,1,-0.5
53,5,-3,1.75,1,-1
50,5,-3,1.75,1,-1.5
39,5,-3,1.75,1,-2
65,5,-3,1.75,2,-0.5
65,5,-3,1.75,2,-1
62,5,-3,1.75,2,-1.5
19,5,-3,1.75,2,-2
86,5,-3,1.75,3,-0.5
22,5,-3,1.75,3,-1
42,5,-3,1.75,3,-1.5
42,5,-3,1.75,3,-2
56,5,-3,1.75,4,-0.5
51,5,-3,1.75,4,-1
79,5,-3,1.75,4,-1.5
45,5,-3,1.75,4,-2
37,5,-3,1.75,5,-0.5
37,5,-3,1.75,5,-1
38,5,-3,1.75,5,-1.5
52,5,-3,1.75,5,-2
386,5,-4,0.25,1,-0.5
352,5,-4,0.25,1,-1
158,5,-4,0.25,1,-1.5
174,5,-4,0.25,1,-2
288,5,-4,0.25,2,-0.5
312,5,-4,0.25,2,-1
202,5,-4,0.25,2,-1.5
377,5,-4,0.25,2,-2
361,5,-4,0.25,3,-0.5
357,5,-4,0.25,3,-1
276,5,-4,0.25,3,-1.5
82,5,-4,0.25,3,-2
422,5,-4,0.25,4,-0.5
149,5,-4,0.25,4,-1
95,5,-4,0.25,4,-1.5
203,5,-4,0.25,4,-2
324,5,-4,0.25,5,-0.5
358,5,-4,0.25,5,-1
298,5,-4,0.25,5,-1.5
69,5,-4,0.25,5,-2
527,5,-4,0.75,1,-0.5
92,5,-4,0.75,1,-1
274,5,-4,0.75,1,-1.5
68,5,-4,0.75,1,-2
155,5,-4,0.75,2,-0.5
90,5,-4,0.75,2,-1
349,5,-4,0.75,2,-1.5
300,5,-4,0.75,2,-2
452,5,-4,0.75,3,-0.5
76,5,-4,0.75,3,-1
110,5,-4,0.75,3,-1.5
184,5,-4,0.75,3,-2
153,5,-4,0.75,4,-0.5
166,5,-4,0.75,4,-1
56,5,-4,0.75,4,-1.5
93,5,-4,0.75,4,-2
61,5,-4,0.75,5,-0.5
48,5,-4,0.75,5,-1
89,5,-4,0.75,5,-1.5
22,5,-4,0.75,5,-2
131,5,-4,1.25,1,-0.5
63,5,-4,1.25,1,-1
75,5,-4,1.25,1,-1.5
77,5,-4,1.25,1,-2
188,5,-4,1.25,2,-0.5
64,5,-4,1.25,2,-1
49,5,-4,1.25,2,-1.5
170,5,-4,1.25,2,-2
63,5,-4,1.25,3,-0.5
91,5,-4,1.25,3,-1
46,5,-4,1.25,3,-1.5
398,5,-4,1.25,3,-2
225,5,-4,1.25,4,-0.5
36,5,-4,1.25,4,-1
32,5,-4,1.25,4,-1.5
121,5,-4,1.25,4,-2
38,5,-4,1.25,5,-0.5
103,5,-4,1.25,5,-1
98,5,-4,1.25,5,-1.5
48,5,-4,1.25,5,-2
51,5,-4,1.75,1,-0.5
54,5,-4,1.75,1,-1
30,5,-4,1.75,1,-1.5
58,5,-4,1.75,1,-2
80,5,-4,1.75,2,-0.5
29,5,-4,1.75,2,-1
28,5,-4,1.75,2,-1.5
75,5,-4,1.75,2,-2
31,5,-4,1.75,3,-0.5
25,5,-4,1.75,3,-1
24,5,-4,1.75,3,-1.5
26,5,-4,1.75,3,-2
83,5,-4,1.75,4,-0.5
33,5,-4,1.75,4,-1
24,5,-4,1.75,4,-1.5
68,5,-4,1.75,4,-2
43,5,-4,1.75,5,-0.5
31,5,-4,1.75,5,-1
34,5,-4,1.75,5,-1.5
44,5,-4,1.75,5,-2
384,5,-5,0.25,1,-0.5
327,5,-5,0.25,1,-1
114,5,-5,0.25,1,-1.5
402,5,-5,0.25,1,-2
127,5,-5,0.25,2,-0.5
412,5,-5,0.25,2,-1
511,5,-5,0.25,2,-1.5
91,5,-5,0.25,2,-2
456,5,-5,0.25,3,-0.5
347,5,-5,0.25,3,-1
511,5,-5,0.25,3,-1.5
112,5,-5,0.25,3,-2
529,5,-5,0.25,4,-0.5
221,5,-5,0.25,4,-1
226,5,-5,0.25,4,-1.5
362,5,-5,0.25,4,-2
572,5,-5,0.25,5,-0.5
460,5,-5,0.25,5,-1
212,5,-5,0.25,5,-1.5
217,5,-5,0.25,5,-2
508,5,-5,0.75,1,-0.5
468,5,-5,0.75,1,-1
100,5,-5,0.75,1,-1.5
165,5,-5,0.75,1,-2
415,5,-5,0.75,2,-0.5
336,5,-5,0.75,2,-1
352,5,-5,0.75,2,-1.5
124,5,-5,0.75,2,-2
102,5,-5,0.75,3,-0.5
280,5,-5,0.75,3,-1
317,5,-5,0.75,3,-1.5
86,5,-5,0.75,3,-2
209,5,-5,0.75,4,-0.5
424,5,-5,0.75,4,-1
246,5,-5,0.75,4,-1.5
55,5,-5,0.75,4,-2
463,5,-5,0.75,5,-0.5
463,5,-5,0.75,5,-1
277,5,-5,0.75,5,-1.5
475,5,-5,0.75,5,-2
423,5,-5,1.25,1,-0.5
58,5,-5,1.25,1,-1
81,5,-5,1.25,1,-1.5
104,5,-5,1.25,1,-2
74,5,-5,1.25,2,-0.5
196,5,-5,1.25,2,-1
134,5,-5,1.25,2,-1.5
67,5,-5,1.25,2,-2
52,5,-5,1.25,3,-0.5
444,5,-5,1.25,3,-1
96,5,-5,1.25,3,-1.5
390,5,-5,1.25,3,-2
47,5,-5,1.25,4,-0.5
54,5,-5,1.25,4,-1
79,5,-5,1.25,4,-1.5
55,5,-5,1.25,4,-2
58,5,-5,1.25,5,-0.5
126,5,-5,1.25,5,-1
20,5,-5,1.25,5,-1.5
33,5,-5,1.25,5,-2
71,5,-5,1.75,1,-0.5
34,5,-5,1.75,1,-1
26,5,-5,1.75,1,-1.5
88,5,-5,1.75,1,-2
53,5,-5,1.75,2,-0.5
22,5,-5,1.75,2,-1
29,5,-5,1.75,2,-1.5
88,5,-5,1.75,2,-2
86,5,-5,1.75,3,-0.5
63,5,-5,1.75,3,-1
34,5,-5,1.75,3,-1.5
39,5,-5,1.75,3,-2
63,5,-5,1.75,4,-0.5
43,5,-5,1.75,4,-1
160,5,-5,1.75,4,-1.5
27,5,-5,1.75,4,-2
37,5,-5,1.75,5,-0.5
52,5,-5,1.75,5,-1
190,5,-5,1.75,5,-1.5
60,5,-5,1.75,5,-2
