31,1,-1,0.25,1,-0.5
35,1,-1,0.25,1,-1
26,1,-1,0.25,1,-1.5
36,1,-1,0.25,1,-2
63,1,-1,0.25,2,-0.5
36,1,-1,0.25,2,-1
67,1,-1,0.25,2,-1.5
17,1,-1,0.25,2,-2
33,1,-1,0.25,3,-0.5
46,1,-1,0.25,3,-1
19,1,-1,0.25,3,-1.5
47,1,-1,0.25,3,-2
76,1,-1,0.25,4,-0.5
46,1,-1,0.25,4,-1
47,1,-1,0.25,4,-1.5
51,1,-1,0.25,4,-2
35,1,-1,0.25,5,-0.5
66,1,-1,0.25,5,-1
46,1,-1,0.25,5,-1.5
41,1,-1,0.25,5,-2
28,1,-1,0.75,1,-0.5
42,1,-1,0.75,1,-1
38,1,-1,0.75,1,-1.5
61,1,-1,0.75,1,-2
42,1,-1,0.75,2,-0.5
51,1,-1,0.75,2,-1
19,1,-1,0.75,2,-1.5
54,1,-1,0.75,2,-2
80,1,-1,0.75,3,-0.5
40,1,-1,0.75,3,-1
48,1,-1,0.75,3,-1.5
42,1,-1,0.75,3,-2
56,1,-1,0.75,4,-0.5
50,1,-1,0.75,4,-1
35,1,-1,0.75,4,-1.5
81,1,-1,0.75,4,-2
66,1,-1,0.75,5,-0.5
47,1,-1,0.75,5,-1
32,1,-1,0.75,5,-1.5
73,1,-1,0.75,5,-2
141,1,-1,1.25,1,-0.5
102,1,-1,1.25,1,-1
84,1,-1,1.25,1,-1.5
65,1,-1,1.25,1,-2
105,1,-1,1.25,2,-0.5
89,1,-1,1.25,2,-1
102,1,-1,1.25,2,-1.5
47,1,-1,1.25,2,-2
89,1,-1,1.25,3,-0.5
66,1,-1,1.25,3,-1
122,1,-1,1.25,3,-1.5
66,1,-1,1.25,3,-2
96,1,-1,1.25,4,-0.5
72,1,-1,1.25,4,-1
111,1,-1,1.25,4,-1.5
91,1,-1,1.25,4,-2
112,1,-1,1.25,5,-0.5
116,1,-1,1.25,5,-1
101,1,-1,1.25,5,-1.5
54,1,-1,1.25,5,-2
174,1,-1,1.75,1,-0.5
143,1,-1,1.75,1,-1
116,1,-1,1.75,1,-1.5
99,1,-1,1.75,1,-2
142,1,-1,1.75,2,-0.5
151,1,-1,1.75,2,-1
125,1,-1,1.75,2,-1.5
124,1,-1,1.75,2,-2
159,1,-1,1.75,3,-0.5
119,1,-1,1.75,3,-1
137,1,-1,1.75,3,-1.5
105,1,-1,1.75,3,-2
130,1,-1,1.75,4,-0.5
124,1,-1,1.75,4,-1
121,1,-1,1.75,4,-1.5
118,1,-1,1.75,4,-2
160,1,-1,1.75,5,-0.5
113,1,-1,1.75,5,-1
142,1,-1,1.75,5,-1.5
120,1,-1,1.75,5,-2
78,1,-2,0.25,1,-0.5
33,1,-2,0.25,1,-1
99,1,-2,0.25,1,-1.5
73,1,-2,0.25,1,-2
108,1,-2,0.25,2,-0.5
40,1,-2,0.25,2,-1
25,1,-2,0.25,2,-1.5
27,1,-2,0.25,2,-2
97,1,-2,0.25,3,-0.5
114,1,-2,0.25,3,-1
25,1,-2,0.25,3,-1.5
131,1,-2,0.25,3,-2
28,1,-2,0.25,4,-0.5
131,1,-2,0.25,4,-1
151,1,-2,0.25,4,-1.5
60,1,-2,0.25,4,-2
345,1,-2,0.25,5,-0.5
137,1,-2,0.25,5,-1
488,1,-2,0.25,5,-1.5
52,1,-2,0.25,5,-2
20,1,-2,0.75,1,-0.5
22,1,-2,0.75,1,-1
24,1,-2,0.75,1,-1.5
25,1,-2,0.75,1,-2
27,1,-2,0.75,2,-0.5
27,1,-2,0.75,2,-1
26,1,-2,0.75,2,-1.5
37,1,-2,0.75,2,-2
29,1,-2,0.75,3,-0.5
34,1,-2,0.75,3,-1
22,1,-2,0.75,3,-1.5
42,1,-2,0.75,3,-2
71,1,-2,0.75,4,-0.5
18,1,-2,0.75,4,-1
31,1,-2,0.75,4,-1.5
73,1,-2,0.75,4,-2
49,1,-2,0.75,5,-0.5
42,1,-2,0.75,5,-1
68,1,-2,0.75,5,-1.5
55,1,-2,0.75,5,-2
59,1,-2,1.25,1,-0.5
54,1,-2,1.25,1,-1
26,1,-2,1.25,1,-1.5
30,1,-2,1.25,1,-2
87,1,-2,1.25,2,-0.5
54,1,-2,1.25,2,-1
60,1,-2,1.25,2,-1.5
23,1,-2,1.25,2,-2
63,1,-2,1.25,3,-0.5
30,1,-2,1.25,3,-1
54,1,-2,1.25,3,-1.5
41,1,-2,1.25,3,-2
66,1,-2,1.25,4,-0.5
47,1,-2,1.25,4,-1
53,1,-2,1.25,4,-1.5
43,1,-2,1.25,4,-2
48,1,-2,1.25,5,-0.5
60,1,-2,1.25,5,-1
69,1,-2,1.25,5,-1.5
71,1,-2,1.25,5,-2
127,1,-2,1.75,1,-0.5
102,1,-2,1.75,1,-1
85,1,-2,1.75,1,-1.5
98,1,-2,1.75,1,-2
88,1,-2,1.75,2,-0.5
93,1,-2,1.75,2,-1
77,1,-2,1.75,2,-1.5
78,1,-2,1.75,2,-2
110,1,-2,1.75,3,-0.5
87,1,-2,1.75,3,-1
102,1,-2,1.75,3,-1.5
88,1,-2,1.75,3,-2
118,1,-2,1.75,4,-0.5
73,1,-2,1.75,4,-1
93,1,-2,1.75,4,-1.5
80,1,-2,1.75,4,-2
109,1,-2,1.75,5,-0.5
82,1,-2,1.75,5,-1
62,1,-2,1.75,5,-1.5
92,1,-2,1.75,5,-2
31,1,-3,0.25,1,-0.5
37,1,-3,0.25,1,-1
495,1,-3,0.25,1,-1.5
28,1,-3,0.25,1,-2
241,1,-3,0.25,2,-0.5
25,1,-3,0.25,2,-1
25,1,-3,0.25,2,-1.5
83,1,-3,0.25,2,-2
239,1,-3,0.25,3,-0.5
219,1,-3,0.25,3,-1
38,1,-3,0.25,3,-1.5
39,1,-3,0.25,3,-2
319,1,-3,0.25,4,-0.5
62,1,-3,0.25,4,-1
160,1,-3,0.25,4,-1.5
90,1,-3,0.25,4,-2
252,1,-3,0.25,5,-0.5
57,1,-3,0.25,5,-1
160,1,-3,0.25,5,-1.5
42,1,-3,0.25,5,-2
17,1,-3,0.75,1,-0.5
23,1,-3,0.75,1,-1
53,1,-3,0.75,1,-1.5
22,1,-3,0.75,1,-2
38,1,-3,0.75,2,-0.5
15,1,-3,0.75,2,-1
119,1,-3,0.75,2,-1.5
29,1,-3,0.75,2,-2
26,1,-3,0.75,3,-0.5
25,1,-3,0.75,3,-1
57,1,-3,0.75,3,-1.5
28,1,-3,0.75,3,-2
90,1,-3,0.75,4,-0.5
27,1,-3,0.75,4,-1
86,1,-3,0.75,4,-1.5
28,1,-3,0.75,4,-2
45,1,-3,0.75,5,-0.5
42,1,-3,0.75,5,-1
42,1,-3,0.75,5,-1.5
41,1,-3,0.75,5,-2
40,1,-3,1.25,1,-0.5
29,1,-3,1.25,1,-1
41,1,-3,1.25,1,-1.5
59,1,-3,1.25,1,-2
62,1,-3,1.25,2,-0.5
41,1,-3,1.25,2,-1
39,1,-3,1.25,2,-1.5
36,1,-3,1.25,2,-2
48,1,-3,1.25,3,-0.5
36,1,-3,1.25,3,-1
31,1,-3,1.25,3,-1.5
44,1,-3,1.25,3,-2
32,1,-3,1.25,4,-0.5
43,1,-3,1.25,4,-1
51,1,-3,1.25,4,-1.5
48,1,-3,1.25,4,-2
31,1,-3,1.25,5,-0.5
54,1,-3,1.25,5,-1
110,1,-3,1.25,5,-1.5
48,1,-3,1.25,5,-2
79,1,-3,1.75,1,-0.5
80,1,-3,1.75,1,-1
73,1,-3,1.75,1,-1.5
41,1,-3,1.75,1,-2
89,1,-3,1.75,2,-0.5
60,1,-3,1.75,2,-1
57,1,-3,1.75,2,-1.5
39,1,-3,1.75,2,-2
82,1,-3,1.75,3,-0.5
51,1,-3,1.75,3,-1
46,1,-3,1.75,3,-1.5
53,1,-3,1.75,3,-2
99,1,-3,1.75,4,-0.5
53,1,-3,1.75,4,-1
57,1,-3,1.75,4,-1.5
47,1,-3,1.75,4,-2
74,1,-3,1.75,5,-0.5
61,1,-3,1.75,5,-1
43,1,-3,1.75,5,-1.5
35,1,-3,1.75,5,-2
369,1,-4,0.25,1,-0.5
485,1,-4,0.25,1,-1
182,1,-4,0.25,1,-1.5
243,1,-4,0.25,1,-2
433,1,-4,0.25,2,-0.5
200,1,-4,0.25,2,-1
280,1,-4,0.25,2,-1.5
112,1,-4,0.25,2,-2
357,1,-4,0.25,3,-0.5
157,1,-4,0.25,3,-1
23,1,-4,0.25,3,-1.5
241,1,-4,0.25,3,-2
106,1,-4,0.25,4,-0.5
164,1,-4,0.25,4,-1
90,1,-4,0.25,4,-1.5
45,1,-4,0.25,4,-2
257,1,-4,0.25,5,-0.5
148,1,-4,0.25,5,-1
159,1,-4,0.25,5,-1.5
113,1,-4,0.25,5,-2
42,1,-4,0.75,1,-0.5
26,1,-4,0.75,1,-1
22,1,-4,0.75,1,-1.5
118,1,-4,0.75,1,-2
66,1,-4,0.75,2,-0.5
37,1,-4,0.75,2,-1
53,1,-4,0.75,2,-1.5
40,1,-4,0.75,2,-2
147,1,-4,0.75,3,-0.5
22,1,-4,0.75,3,-1
38,1,-4,0.75,3,-1.5
64,1,-4,0.75,3,-2
32,1,-4,0.75,4,-0.5
25,1,-4,0.75,4,-1
150,1,-4,0.75,4,-1.5
52,1,-4,0.75,4,-2
30,1,-4,0.75,5,-0.5
61,1,-4,0.75,5,-1
121,1,-4,0.75,5,-1.5
32,1,-4,0.75,5,-2
38,1,-4,1.25,1,-0.5
82,1,-4,1.25,1,-1
70,1,-4,1.25,1,-1.5
71,1,-4,1.25,1,-2
160,1,-4,1.25,2,-0.5
39,1,-4,1.25,2,-1
77,1,-4,1.25,2,-1.5
23,1,-4,1.25,2,-2
29,1,-4,1.25,3,-0.5
40,1,-4,1.25,3,-1
32,1,-4,1.25,3,-1.5
19,1,-4,1.25,3,-2
75,1,-4,1.25,4,-0.5
19,1,-4,1.25,4,-1
34,1,-4,1.25,4,-1.5
44,1,-4,1.25,4,-2
43,1,-4,1.25,5,-0.5
27,1,-4,1.25,5,-1
19,1,-4,1.25,5,-1.5
18,1,-4,1.25,5,-2
59,1,-4,1.75,1,-0.5
20,1,-4,1.75,1,-1
38,1,-4,1.75,1,-1.5
42,1,-4,1.75,1,-2
62,1,-4,1.75,2,-0.5
33,1,-4,1.75,2,-1
45,1,-4,1.75,2,-1.5
37,1,-4,1.75,2,-2
64,1,-4,1.75,3,-0.5
67,1,-4,1.75,3,-1
36,1,-4,1.75,3,-1.5
39,1,-4,1.75,3,-2
34,1,-4,1.75,4,-0.5
23,1,-4,1.75,4,-1
23,1,-4,1.75,4,-1.5
32,1,-4,1.75,4,-2
52,1,-4,1.75,5,-0.5
44,1,-4,1.75,5,-1
51,1,-4,1.75,5,-1.5
40,1,-4,1.75,5,-2
640,1,-5,0.25,1,-0.5
464,1,-5,0.25,1,-1
430,1,-5,0.25,1,-1.5
70,1,-5,0.25,1,-2
228,1,-5,0.25,2,-0.5
278,1,-5,0.25,2,-1
430,1,-5,0.25,2,-1.5
185,1,-5,0.25,2,-2
228,1,-5,0.25,3,-0.5
163,1,-5,0.25,3,-1
266,1,-5,0.25,3,-1.5
37,1,-5,0.25,3,-2
294,1,-5,0.25,4,-0.5
36,1,-5,0.25,4,-1
328,1,-5,0.25,4,-1.5
52,1,-5,0.25,4,-2
275,1,-5,0.25,5,-0.5
212,1,-5,0.25,5,-1
379,1,-5,0.25,5,-1.5
86,1,-5,0.25,5,-2
348,1,-5,0.75,1,-0.5
45,1,-5,0.75,1,-1
54,1,-5,0.75,1,-1.5
114,1,-5,0.75,1,-2
44,1,-5,0.75,2,-0.5
26,1,-5,0.75,2,-1
33,1,-5,0.75,2,-1.5
23,1,-5,0.75,2,-2
68,1,-5,0.75,3,-0.5
322,1,-5,0.75,3,-1
41,1,-5,0.75,3,-1.5
28,1,-5,0.75,3,-2
55,1,-5,0.75,4,-0.5
334,1,-5,0.75,4,-1
47,1,-5,0.75,4,-1.5
138,1,-5,0.75,4,-2
310,1,-5,0.75,5,-0.5
37,1,-5,0.75,5,-1
234,1,-5,0.75,5,-1.5
46,1,-5,0.75,5,-2
60,1,-5,1.25,1,-0.5
53,1,-5,1.25,1,-1
29,1,-5,1.25,1,-1.5
31,1,-5,1.25,1,-2
40,1,-5,1.25,2,-0.5
61,1,-5,1.25,2,-1
35,1,-5,1.25,2,-1.5
23,1,-5,1.25,2,-2
31,1,-5,1.25,3,-0.5
16,1,-5,1.25,3,-1
32,1,-5,1.25,3,-1.5
23,1,-5,1.25,3,-2
47,1,-5,1.25,4,-0.5
28,1,-5,1.25,4,-1
89,1,-5,1.25,4,-1.5
18,1,-5,1.25,4,-2
45,1,-5,1.25,5,-0.5
45,1,-5,1.25,5,-1
28,1,-5,1.25,5,-1.5
45,1,-5,1.25,5,-2
73,1,-5,1.75,1,-0.5
64,1,-5,1.75,1,-1
39,1,-5,1.75,1,-1.5
71,1,-5,1.75,1,-2
46,1,-5,1.75,2,-0.5
49,1,-5,1.75,2,-1
16,1,-5,1.75,2,-1.5
30,1,-5,1.75,2,-2
36,1,-5,1.75,3,-0.5
32,1,-5,1.75,3,-1
60,1,-5,1.75,3,-1.5
61,1,-5,1.75,3,-2
39,1,-5,1.75,4,-0.5
135,1,-5,1.75,4,-1
44,1,-5,1.75,4,-1.5
22,1,-5,1.75,4,-2
29,1,-5,1.75,5,-0.5
38,1,-5,1.75,5,-1
45,1,-5,1.75,5,-1.5
30,1,-5,1.75,5,-2
115,2,-1,0.25,1,-0.5
35,2,-1,0.25,1,-1
37,2,-1,0.25,1,-1.5
34,2,-1,0.25,1,-2
94,2,-1,0.25,2,-0.5
103,2,-1,0.25,2,-1
43,2,-1,0.25,2,-1.5
32,2,-1,0.25,2,-2
466,2,-1,0.25,3,-0.5
98,2,-1,0.25,3,-1
31,2,-1,0.25,3,-1.5
31,2,-1,0.25,3,-2
88,2,-1,0.25,4,-0.5
101,2,-1,0.25,4,-1
46,2,-1,0.25,4,-1.5
58,2,-1,0.25,4,-2
145,2,-1,0.25,5,-0.5
74,2,-1,0.25,5,-1
63,2,-1,0.25,5,-1.5
65,2,-1,0.25,5,-2
86,2,-1,0.75,1,-0.5
43,2,-1,0.75,1,-1
21,2,-1,0.75,1,-1.5
18,2,-1,0.75,1,-2
50,2,-1,0.75,2,-0.5
23,2,-1,0.75,2,-1
23,2,-1,0.75,2,-1.5
41,2,-1,0.75,2,-2
59,2,-1,0.75,3,-0.5
34,2,-1,0.75,3,-1
29,2,-1,0.75,3,-1.5
62,2,-1,0.75,3,-2
78,2,-1,0.75,4,-0.5
65,2,-1,0.75,4,-1
40,2,-1,0.75,4,-1.5
32,2,-1,0.75,4,-2
73,2,-1,0.75,5,-0.5
53,2,-1,0.75,5,-1
51,2,-1,0.75,5,-1.5
52,2,-1,0.75,5,-2
100,2,-1,1.25,1,-0.5
82,2,-1,1.25,1,-1
70,2,-1,1.25,1,-1.5
77,2,-1,1.25,1,-2
82,2,-1,1.25,2,-0.5
47,2,-1,1.25,2,-1
43,2,-1,1.25,2,-1.5
24,2,-1,1.25,2,-2
82,2,-1,1.25,3,-0.5
81,2,-1,1.25,3,-1
74,2,-1,1.25,3,-1.5
48,2,-1,1.25,3,-2
77,2,-1,1.25,4,-0.5
54,2,-1,1.25,4,-1
75,2,-1,1.25,4,-1.5
43,2,-1,1.25,4,-2
84,2,-1,1.25,5,-0.5
51,2,-1,1.25,5,-1
79,2,-1,1.25,5,-1.5
46,2,-1,1.25,5,-2
143,2,-1,1.75,1,-0.5
94,2,-1,1.75,1,-1
107,2,-1,1.75,1,-1.5
114,2,-1,1.75,1,-2
140,2,-1,1.75,2,-0.5
140,2,-1,1.75,2,-1
82,2,-1,1.75,2,-1.5
106,2,-1,1.75,2,-2
122,2,-1,1.75,3,-0.5
107,2,-1,1.75,3,-1
78,2,-1,1.75,3,-1.5
54,2,-1,1.75,3,-2
112,2,-1,1.75,4,-0.5
85,2,-1,1.75,4,-1
80,2,-1,1.75,4,-1.5
80,2,-1,1.75,4,-2
126,2,-1,1.75,5,-0.5
84,2,-1,1.75,5,-1
85,2,-1,1.75,5,-1.5
64,2,-1,1.75,5,-2
534,2,-2,0.25,1,-0.5
264,2,-2,0.25,1,-1
282,2,-2,0.25,1,-1.5
390,2,-2,0.25,1,-2
174,2,-2,0.25,2,-0.5
91,2,-2,0.25,2,-1
24,2,-2,0.25,2,-1.5
17,2,-2,0.25,2,-2
285,2,-2,0.25,3,-0.5
481,2,-2,0.25,3,-1
62,2,-2,0.25,3,-1.5
25,2,-2,0.25,3,-2
47,2,-2,0.25,4,-0.5
111,2,-2,0.25,4,-1
57,2,-2,0.25,4,-1.5
49,2,-2,0.25,4,-2
64,2,-2,0.25,5,-0.5
143,2,-2,0.25,5,-1
87,2,-2,0.25,5,-1.5
32,2,-2,0.25,5,-2
36,2,-2,0.75,1,-0.5
24,2,-2,0.75,1,-1
110,2,-2,0.75,1,-1.5
19,2,-2,0.75,1,-2
46,2,-2,0.75,2,-0.5
25,2,-2,0.75,2,-1
33,2,-2,0.75,2,-1.5
22,2,-2,0.75,2,-2
53,2,-2,0.75,3,-0.5
41,2,-2,0.75,3,-1
32,2,-2,0.75,3,-1.5
32,2,-2,0.75,3,-2
26,2,-2,0.75,4,-0.5
15,2,-2,0.75,4,-1
162,2,-2,0.75,4,-1.5
55,2,-2,0.75,4,-2
38,2,-2,0.75,5,-0.5
51,2,-2,0.75,5,-1
162,2,-2,0.75,5,-1.5
45,2,-2,0.75,5,-2
48,2,-2,1.25,1,-0.5
42,2,-2,1.25,1,-1
21,2,-2,1.25,1,-1.5
24,2,-2,1.25,1,-2
49,2,-2,1.25,2,-0.5
35,2,-2,1.25,2,-1
52,2,-2,1.25,2,-1.5
36,2,-2,1.25,2,-2
44,2,-2,1.25,3,-0.5
28,2,-2,1.25,3,-1
31,2,-2,1.25,3,-1.5
27,2,-2,1.25,3,-2
30,2,-2,1.25,4,-0.5
32,2,-2,1.25,4,-1
31,2,-2,1.25,4,-1.5
36,2,-2,1.25,4,-2
57,2,-2,1.25,5,-0.5
43,2,-2,1.25,5,-1
40,2,-2,1.25,5,-1.5
24,2,-2,1.25,5,-2
92,2,-2,1.75,1,-0.5
62,2,-2,1.75,1,-1
74,2,-2,1.75,1,-1.5
49,2,-2,1.75,1,-2
72,2,-2,1.75,2,-0.5
62,2,-2,1.75,2,-1
63,2,-2,1.75,2,-1.5
37,2,-2,1.75,2,-2
69,2,-2,1.75,3,-0.5
54,2,-2,1.75,3,-1
57,2,-2,1.75,3,-1.5
59,2,-2,1.75,3,-2
43,2,-2,1.75,4,-0.5
59,2,-2,1.75,4,-1
56,2,-2,1.75,4,-1.5
34,2,-2,1.75,4,-2
95,2,-2,1.75,5,-0.5
64,2,-2,1.75,5,-1
76,2,-2,1.75,5,-1.5
41,2,-2,1.75,5,-2
406,2,-3,0.25,1,-0.5
152,2,-3,0.25,1,-1
483,2,-3,0.25,1,-1.5
165,2,-3,0.25,1,-2
303,2,-3,0.25,2,-0.5
200,2,-3,0.25,2,-1
202,2,-3,0.25,2,-1.5
44,2,-3,0.25,2,-2
328,2,-3,0.25,3,-0.5
316,2,-3,0.25,3,-1
65,2,-3,0.25,3,-1.5
36,2,-3,0.25,3,-2
327,2,-3,0.25,4,-0.5
63,2,-3,0.25,4,-1
65,2,-3,0.25,4,-1.5
170,2,-3,0.25,4,-2
420,2,-3,0.25,5,-0.5
211,2,-3,0.25,5,-1
59,2,-3,0.25,5,-1.5
151,2,-3,0.25,5,-2
150,2,-3,0.75,1,-0.5
78,2,-3,0.75,1,-1
62,2,-3,0.75,1,-1.5
23,2,-3,0.75,1,-2
176,2,-3,0.75,2,-0.5
41,2,-3,0.75,2,-1
36,2,-3,0.75,2,-1.5
49,2,-3,0.75,2,-2
21,2,-3,0.75,3,-0.5
69,2,-3,0.75,3,-1
20,2,-3,0.75,3,-1.5
195,2,-3,0.75,3,-2
221,2,-3,0.75,4,-0.5
35,2,-3,0.75,4,-1
49,2,-3,0.75,4,-1.5
35,2,-3,0.75,4,-2
226,2,-3,0.75,5,-0.5
43,2,-3,0.75,5,-1
15,2,-3,0.75,5,-1.5
51,2,-3,0.75,5,-2
42,2,-3,1.25,1,-0.5
66,2,-3,1.25,1,-1
36,2,-3,1.25,1,-1.5
26,2,-3,1.25,1,-2
46,2,-3,1.25,2,-0.5
40,2,-3,1.25,2,-1
38,2,-3,1.25,2,-1.5
29,2,-3,1.25,2,-2
43,2,-3,1.25,3,-0.5
34,2,-3,1.25,3,-1
29,2,-3,1.25,3,-1.5
26,2,-3,1.25,3,-2
81,2,-3,1.25,4,-0.5
17,2,-3,1.25,4,-1
24,2,-3,1.25,4,-1.5
78,2,-3,1.25,4,-2
388,2,-3,1.25,5,-0.5
24,2,-3,1.25,5,-1
49,2,-3,1.25,5,-1.5
45,2,-3,1.25,5,-2
93,2,-3,1.75,1,-0.5
28,2,-3,1.75,1,-1
30,2,-3,1.75,1,-1.5
32,2,-3,1.75,1,-2
68,2,-3,1.75,2,-0.5
30,2,-3,1.75,2,-1
55,2,-3,1.75,2,-1.5
42,2,-3,1.75,2,-2
61,2,-3,1.75,3,-0.5
51,2,-3,1.75,3,-1
28,2,-3,1.75,3,-1.5
38,2,-3,1.75,3,-2
107,2,-3,1.75,4,-0.5
57,2,-3,1.75,4,-1
52,2,-3,1.75,4,-1.5
28,2,-3,1.75,4,-2
49,2,-3,1.75,5,-0.5
37,2,-3,1.75,5,-1
48,2,-3,1.75,5,-1.5
55,2,-3,1.75,5,-2
554,2,-4,0.25,1,-0.5
324,2,-4,0.25,1,-1
315,2,-4,0.25,1,-1.5
53,2,-4,0.25,1,-2
389,2,-4,0.25,2,-0.5
262,2,-4,0.25,2,-1
178,2,-4,0.25,2,-1.5
150,2,-4,0.25,2,-2
428,2,-4,0.25,3,-0.5
118,2,-4,0.25,3,-1
66,2,-4,0.25,3,-1.5
103,2,-4,0.25,3,-2
634,2,-4,0.25,4,-0.5
187,2,-4,0.25,4,-1
147,2,-4,0.25,4,-1.5
125,2,-4,0.25,4,-2
633,2,-4,0.25,5,-0.5
305,2,-4,0.25,5,-1
350,2,-4,0.25,5,-1.5
80,2,-4,0.25,5,-2
178,2,-4,0.75,1,-0.5
420,2,-4,0.75,1,-1
49,2,-4,0.75,1,-1.5
35,2,-4,0.75,1,-2
45,2,-4,0.75,2,-0.5
230,2,-4,0.75,2,-1
213,2,-4,0.75,2,-1.5
35,2,-4,0.75,2,-2
56,2,-4,0.75,3,-0.5
137,2,-4,0.75,3,-1
37,2,-4,0.75,3,-1.5
40,2,-4,0.75,3,-2
134,2,-4,0.75,4,-0.5
164,2,-4,0.75,4,-1
21,2,-4,0.75,4,-1.5
25,2,-4,0.75,4,-2
64,2,-4,0.75,5,-0.5
37,2,-4,0.75,5,-1
57,2,-4,0.75,5,-1.5
88,2,-4,0.75,5,-2
35,2,-4,1.25,1,-0.5
29,2,-4,1.25,1,-1
31,2,-4,1.25,1,-1.5
17,2,-4,1.25,1,-2
32,2,-4,1.25,2,-0.5
255,2,-4,1.25,2,-1
31,2,-4,1.25,2,-1.5
27,2,-4,1.25,2,-2
39,2,-4,1.25,3,-0.5
27,2,-4,1.25,3,-1
45,2,-4,1.25,3,-1.5
25,2,-4,1.25,3,-2
35,2,-4,1.25,4,-0.5
19,2,-4,1.25,4,-1
27,2,-4,1.25,4,-1.5
32,2,-4,1.25,4,-2
95,2,-4,1.25,5,-0.5
36,2,-4,1.25,5,-1
26,2,-4,1.25,5,-1.5
35,2,-4,1.25,5,-2
53,2,-4,1.75,1,-0.5
36,2,-4,1.75,1,-1
20,2,-4,1.75,1,-1.5
21,2,-4,1.75,1,-2
57,2,-4,1.75,2,-0.5
30,2,-4,1.75,2,-1
32,2,-4,1.75,2,-1.5
19,2,-4,1.75,2,-2
66,2,-4,1.75,3,-0.5
42,2,-4,1.75,3,-1
27,2,-4,1.75,3,-1.5
20,2,-4,1.75,3,-2
64,2,-4,1.75,4,-0.5
32,2,-4,1.75,4,-1
47,2,-4,1.75,4,-1.5
21,2,-4,1.75,4,-2
38,2,-4,1.75,5,-0.5
25,2,-4,1.75,5,-1
27,2,-4,1.75,5,-1.5
29,2,-4,1.75,5,-2
507,2,-5,0.25,1,-0.5
329,2,-5,0.25,1,-1
304,2,-5,0.25,1,-1.5
100,2,-5,0.25,1,-2
496,2,-5,0.25,2,-0.5
309,2,-5,0.25,2,-1
173,2,-5,0.25,2,-1.5
214,2,-5,0.25,2,-2
299,2,-5,0.25,3,-0.5
138,2,-5,0.25,3,-1
102,2,-5,0.25,3,-1.5
254,2,-5,0.25,3,-2
278,2,-5,0.25,4,-0.5
447,2,-5,0.25,4,-1
158,2,-5,0.25,4,-1.5
251,2,-5,0.25,4,-2
185,2,-5,0.25,5,-0.5
54,2,-5,0.25,5,-1
141,2,-5,0.25,5,-1.5
59,2,-5,0.25,5,-2
349,2,-5,0.75,1,-0.5
373,2,-5,0.75,1,-1
50,2,-5,0.75,1,-1.5
33,2,-5,0.75,1,-2
48,2,-5,0.75,2,-0.5
131,2,-5,0.75,2,-1
210,2,-5,0.75,2,-1.5
164,2,-5,0.75,2,-2
107,2,-5,0.75,3,-0.5
48,2,-5,0.75,3,-1
46,2,-5,0.75,3,-1.5
420,2,-5,0.75,3,-2
168,2,-5,0.75,4,-0.5
37,2,-5,0.75,4,-1
18,2,-5,0.75,4,-1.5
62,2,-5,0.75,4,-2
103,2,-5,0.75,5,-0.5
158,2,-5,0.75,5,-1
19,2,-5,0.75,5,-1.5
171,2,-5,0.75,5,-2
71,2,-5,1.25,1,-0.5
28,2,-5,1.25,1,-1
23,2,-5,1.25,1,-1.5
44,2,-5,1.25,1,-2
34,2,-5,1.25,2,-0.5
72,2,-5,1.25,2,-1
23,2,-5,1.25,2,-1.5
141,2,-5,1.25,2,-2
72,2,-5,1.25,3,-0.5
69,2,-5,1.25,3,-1
19,2,-5,1.25,3,-1.5
24,2,-5,1.25,3,-2
153,2,-5,1.25,4,-0.5
41,2,-5,1.25,4,-1
40,2,-5,1.25,4,-1.5
28,2,-5,1.25,4,-2
80,2,-5,1.25,5,-0.5
40,2,-5,1.25,5,-1
17,2,-5,1.25,5,-1.5
28,2,-5,1.25,5,-2
51,2,-5,1.75,1,-0.5
49,2,-5,1.75,1,-1
70,2,-5,1.75,1,-1.5
107,2,-5,1.75,1,-2
48,2,-5,1.75,2,-0.5
35,2,-5,1.75,2,-1
39,2,-5,1.75,2,-1.5
23,2,-5,1.75,2,-2
79,2,-5,1.75,3,-0.5
39,2,-5,1.75,3,-1
50,2,-5,1.75,3,-1.5
23,2,-5,1.75,3,-2
50,2,-5,1.75,4,-0.5
128,2,-5,1.75,4,-1
34,2,-5,1.75,4,-1.5
24,2,-5,1.75,4,-2
62,2,-5,1.75,5,-0.5
26,2,-5,1.75,5,-1
28,2,-5,1.75,5,-1.5
28,2,-5,1.75,5,-2
217,3,-1,0.25,1,-0.5
153,3,-1,0.25,1,-1
68,3,-1,0.25,1,-1.5
68,3,-1,0.25,1,-2
81,3,-1,0.25,2,-0.5
141,3,-1,0.25,2,-1
67,3,-1,0.25,2,-1.5
50,3,-1,0.25,2,-2
76,3,-1,0.25,3,-0.5
244,3,-1,0.25,3,-1
61,3,-1,0.25,3,-1.5
62,3,-1,0.25,3,-2
160,3,-1,0.25,4,-0.5
69,3,-1,0.25,4,-1
104,3,-1,0.25,4,-1.5
115,3,-1,0.25,4,-2
146,3,-1,0.25,5,-0.5
89,3,-1,0.25,5,-1
58,3,-1,0.25,5,-1.5
54,3,-1,0.25,5,-2
64,3,-1,0.75,1,-0.5
73,3,-1,0.75,1,-1
59,3,-1,0.75,1,-1.5
36,3,-1,0.75,1,-2
63,3,-1,0.75,2,-0.5
43,3,-1,0.75,2,-1
51,3,-1,0.75,2,-1.5
15,3,-1,0.75,2,-2
60,3,-1,0.75,3,-0.5
43,3,-1,0.75,3,-1
34,3,-1,0.75,3,-1.5
39,3,-1,0.75,3,-2
49,3,-1,0.75,4,-0.5
48,3,-1,0.75,4,-1
41,3,-1,0.75,4,-1.5
58,3,-1,0.75,4,-2
76,3,-1,0.75,5,-0.5
60,3,-1,0.75,5,-1
73,3,-1,0.75,5,-1.5
53,3,-1,0.75,5,-2
94,3,-1,1.25,1,-0.5
79,3,-1,1.25,1,-1
67,3,-1,1.25,1,-1.5
50,3,-1,1.25,1,-2
78,3,-1,1.25,2,-0.5
54,3,-1,1.25,2,-1
29,3,-1,1.25,2,-1.5
44,3,-1,1.25,2,-2
79,3,-1,1.25,3,-0.5
37,3,-1,1.25,3,-1
41,3,-1,1.25,3,-1.5
41,3,-1,1.25,3,-2
108,3,-1,1.25,4,-0.5
59,3,-1,1.25,4,-1
58,3,-1,1.25,4,-1.5
48,3,-1,1.25,4,-2
74,3,-1,1.25,5,-0.5
47,3,-1,1.25,5,-1
50,3,-1,1.25,5,-1.5
69,3,-1,1.25,5,-2
111,3,-1,1.75,1,-0.5
114,3,-1,1.75,1,-1
89,3,-1,1.75,1,-1.5
77,3,-1,1.75,1,-2
96,3,-1,1.75,2,-0.5
115,3,-1,1.75,2,-1
53,3,-1,1.75,2,-1.5
58,3,-1,1.75,2,-2
81,3,-1,1.75,3,-0.5
98,3,-1,1.75,3,-1
76,3,-1,1.75,3,-1.5
66,3,-1,1.75,3,-2
97,3,-1,1.75,4,-0.5
99,3,-1,1.75,4,-1
67,3,-1,1.75,4,-1.5
55,3,-1,1.75,4,-2
100,3,-1,1.75,5,-0.5
86,3,-1,1.75,5,-1
50,3,-1,1.75,5,-1.5
70,3,-1,1.75,5,-2
244,3,-2,0.25,1,-0.5
140,3,-2,0.25,1,-1
55,3,-2,0.25,1,-1.5
97,3,-2,0.25,1,-2
441,3,-2,0.25,2,-0.5
160,3,-2,0.25,2,-1
310,3,-2,0.25,2,-1.5
227,3,-2,0.25,2,-2
361,3,-2,0.25,3,-0.5
337,3,-2,0.25,3,-1
50,3,-2,0.25,3,-1.5
105,3,-2,0.25,3,-2
216,3,-2,0.25,4,-0.5
78,3,-2,0.25,4,-1
125,3,-2,0.25,4,-1.5
68,3,-2,0.25,4,-2
92,3,-2,0.25,5,-0.5
94,3,-2,0.25,5,-1
166,3,-2,0.25,5,-1.5
84,3,-2,0.25,5,-2
92,3,-2,0.75,1,-0.5
114,3,-2,0.75,1,-1
33,3,-2,0.75,1,-1.5
79,3,-2,0.75,1,-2
43,3,-2,0.75,2,-0.5
24,3,-2,0.75,2,-1
17,3,-2,0.75,2,-1.5
56,3,-2,0.75,2,-2
441,3,-2,0.75,3,-0.5
33,3,-2,0.75,3,-1
57,3,-2,0.75,3,-1.5
30,3,-2,0.75,3,-2
62,3,-2,0.75,4,-0.5
20,3,-2,0.75,4,-1
27,3,-2,0.75,4,-1.5
75,3,-2,0.75,4,-2
60,3,-2,0.75,5,-0.5
44,3,-2,0.75,5,-1
70,3,-2,0.75,5,-1.5
29,3,-2,0.75,5,-2
70,3,-2,1.25,1,-0.5
43,3,-2,1.25,1,-1
46,3,-2,1.25,1,-1.5
19,3,-2,1.25,1,-2
41,3,-2,1.25,2,-0.5
51,3,-2,1.25,2,-1
26,3,-2,1.25,2,-1.5
23,3,-2,1.25,2,-2
50,3,-2,1.25,3,-0.5
46,3,-2,1.25,3,-1
21,3,-2,1.25,3,-1.5
32,3,-2,1.25,3,-2
30,3,-2,1.25,4,-0.5
50,3,-2,1.25,4,-1
31,3,-2,1.25,4,-1.5
21,3,-2,1.25,4,-2
52,3,-2,1.25,5,-0.5
39,3,-2,1.25,5,-1
20,3,-2,1.25,5,-1.5
43,3,-2,1.25,5,-2
86,3,-2,1.75,1,-0.5
86,3,-2,1.75,1,-1
61,3,-2,1.75,1,-1.5
53,3,-2,1.75,1,-2
69,3,-2,1.75,2,-0.5
74,3,-2,1.75,2,-1
31,3,-2,1.75,2,-1.5
39,3,-2,1.75,2,-2
67,3,-2,1.75,3,-0.5
57,3,-2,1.75,3,-1
45,3,-2,1.75,3,-1.5
33,3,-2,1.75,3,-2
66,3,-2,1.75,4,-0.5
22,3,-2,1.75,4,-1
31,3,-2,1.75,4,-1.5
52,3,-2,1.75,4,-2
57,3,-2,1.75,5,-0.5
55,3,-2,1.75,5,-1
33,3,-2,1.75,5,-1.5
52,3,-2,1.75,5,-2
170,3,-3,0.25,1,-0.5
204,3,-3,0.25,1,-1
151,3,-3,0.25,1,-1.5
81,3,-3,0.25,1,-2
423,3,-3,0.25,2,-0.5
340,3,-3,0.25,2,-1
131,3,-3,0.25,2,-1.5
377,3,-3,0.25,2,-2
313,3,-3,0.25,3,-0.5
120,3,-3,0.25,3,-1
229,3,-3,0.25,3,-1.5
76,3,-3,0.25,3,-2
317,3,-3,0.25,4,-0.5
265,3,-3,0.25,4,-1
238,3,-3,0.25,4,-1.5
147,3,-3,0.25,4,-2
187,3,-3,0.25,5,-0.5
359,3,-3,0.25,5,-1
243,3,-3,0.25,5,-1.5
56,3,-3,0.25,5,-2
34,3,-3,0.75,1,-0.5
40,3,-3,0.75,1,-1
106,3,-3,0.75,1,-1.5
36,3,-3,0.75,1,-2
117,3,-3,0.75,2,-0.5
73,3,-3,0.75,2,-1
31,3,-3,0.75,2,-1.5
67,3,-3,0.75,2,-2
40,3,-3,0.75,3,-0.5
101,3,-3,0.75,3,-1
31,3,-3,0.75,3,-1.5
344,3,-3,0.75,3,-2
58,3,-3,0.75,4,-0.5
36,3,-3,0.75,4,-1
55,3,-3,0.75,4,-1.5
25,3,-3,0.75,4,-2
46,3,-3,0.75,5,-0.5
257,3,-3,0.75,5,-1
41,3,-3,0.75,5,-1.5
52,3,-3,0.75,5,-2
326,3,-3,1.25,1,-0.5
41,3,-3,1.25,1,-1
42,3,-3,1.25,1,-1.5
32,3,-3,1.25,1,-2
41,3,-3,1.25,2,-0.5
21,3,-3,1.25,2,-1
50,3,-3,1.25,2,-1.5
26,3,-3,1.25,2,-2
46,3,-3,1.25,3,-0.5
20,3,-3,1.25,3,-1
16,3,-3,1.25,3,-1.5
70,3,-3,1.25,3,-2
34,3,-3,1.25,4,-0.5
21,3,-3,1.25,4,-1
116,3,-3,1.25,4,-1.5
20,3,-3,1.25,4,-2
133,3,-3,1.25,5,-0.5
22,3,-3,1.25,5,-1
29,3,-3,1.25,5,-1.5
29,3,-3,1.25,5,-2
84,3,-3,1.75,1,-0.5
45,3,-3,1.75,1,-1
41,3,-3,1.75,1,-1.5
47,3,-3,1.75,1,-2
61,3,-3,1.75,2,-0.5
49,3,-3,1.75,2,-1
44,3,-3,1.75,2,-1.5
29,3,-3,1.75,2,-2
44,3,-3,1.75,3,-0.5
52,3,-3,1.75,3,-1
24,3,-3,1.75,3,-1.5
22,3,-3,1.75,3,-2
55,3,-3,1.75,4,-0.5
47,3,-3,1.75,4,-1
38,3,-3,1.75,4,-1.5
64,3,-3,1.75,4,-2
42,3,-3,1.75,5,-0.5
39,3,-3,1.75,5,-1
37,3,-3,1.75,5,-1.5
38,3,-3,1.75,5,-2
382,3,-4,0.25,1,-0.5
212,3,-4,0.25,1,-1
283,3,-4,0.25,1,-1.5
136,3,-4,0.25,1,-2
328,3,-4,0.25,2,-0.5
348,3,-4,0.25,2,-1
93,3,-4,0.25,2,-1.5
98,3,-4,0.25,2,-2
616,3,-4,0.25,3,-0.5
189,3,-4,0.25,3,-1
445,3,-4,0.25,3,-1.5
156,3,-4,0.25,3,-2
461,3,-4,0.25,4,-0.5
134,3,-4,0.25,4,-1
322,3,-4,0.25,4,-1.5
124,3,-4,0.25,4,-2
175,3,-4,0.25,5,-0.5
382,3,-4,0.25,5,-1
269,3,-4,0.25,5,-1.5
194,3,-4,0.25,5,-2
153,3,-4,0.75,1,-0.5
121,3,-4,0.75,1,-1
77,3,-4,0.75,1,-1.5
57,3,-4,0.75,1,-2
206,3,-4,0.75,2,-0.5
132,3,-4,0.75,2,-1
124,3,-4,0.75,2,-1.5
72,3,-4,0.75,2,-2
329,3,-4,0.75,3,-0.5
140,3,-4,0.75,3,-1
141,3,-4,0.75,3,-1.5
127,3,-4,0.75,3,-2
22,3,-4,0.75,4,-0.5
239,3,-4,0.75,4,-1
49,3,-4,0.75,4,-1.5
132,3,-4,0.75,4,-2
216,3,-4,0.75,5,-0.5
350,3,-4,0.75,5,-1
124,3,-4,0.75,5,-1.5
43,3,-4,0.75,5,-2
64,3,-4,1.25,1,-0.5
47,3,-4,1.25,1,-1
117,3,-4,1.25,1,-1.5
57,3,-4,1.25,1,-2
73,3,-4,1.25,2,-0.5
128,3,-4,1.25,2,-1
55,3,-4,1.25,2,-1.5
38,3,-4,1.25,2,-2
49,3,-4,1.25,3,-0.5
58,3,-4,1.25,3,-1
225,3,-4,1.25,3,-1.5
127,3,-4,1.25,3,-2
37,3,-4,1.25,4,-0.5
24,3,-4,1.25,4,-1
48,3,-4,1.25,4,-1.5
22,3,-4,1.25,4,-2
32,3,-4,1.25,5,-0.5
20,3,-4,1.25,5,-1
14,3,-4,1.25,5,-1.5
18,3,-4,1.25,5,-2
50,3,-4,1.75,1,-0.5
51,3,-4,1.75,1,-1
47,3,-4,1.75,1,-1.5
40,3,-4,1.75,1,-2
20,3,-4,1.75,2,-0.5
41,3,-4,1.75,2,-1
26,3,-4,1.75,2,-1.5
37,3,-4,1.75,2,-2
43,3,-4,1.75,3,-0.5
40,3,-4,1.75,3,-1
20,3,-4,1.75,3,-1.5
22,3,-4,1.75,3,-2
42,3,-4,1.75,4,-0.5
22,3,-4,1.75,4,-1
32,3,-4,1.75,4,-1.5
24,3,-4,1.75,4,-2
58,3,-4,1.75,5,-0.5
45,3,-4,1.75,5,-1
46,3,-4,1.75,5,-1.5
36,3,-4,1.75,5,-2
555,3,-5,0.25,1,-0.5
273,3,-5,0.25,1,-1
255,3,-5,0.25,1,-1.5
464,3,-5,0.25,1,-2
212,3,-5,0.25,2,-0.5
202,3,-5,0.25,2,-1
93,3,-5,0.25,2,-1.5
100,3,-5,0.25,2,-2
424,3,-5,0.25,3,-0.5
457,3,-5,0.25,3,-1
231,3,-5,0.25,3,-1.5
55,3,-5,0.25,3,-2
81,3,-5,0.25,4,-0.5
212,3,-5,0.25,4,-1
244,3,-5,0.25,4,-1.5
146,3,-5,0.25,4,-2
186,3,-5,0.25,5,-0.5
413,3,-5,0.25,5,-1
200,3,-5,0.25,5,-1.5
106,3,-5,0.25,5,-2
107,3,-5,0.75,1,-0.5
81,3,-5,0.75,1,-1
61,3,-5,0.75,1,-1.5
155,3,-5,0.75,1,-2
251,3,-5,0.75,2,-0.5
111,3,-5,0.75,2,-1
111,3,-5,0.75,2,-1.5
85,3,-5,0.75,2,-2
285,3,-5,0.75,3,-0.5
201,3,-5,0.75,3,-1
212,3,-5,0.75,3,-1.5
58,3,-5,0.75,3,-2
60,3,-5,0.75,4,-0.5
157,3,-5,0.75,4,-1
229,3,-5,0.75,4,-1.5
41,3,-5,0.75,4,-2
370,3,-5,0.75,5,-0.5
437,3,-5,0.75,5,-1
84,3,-5,0.75,5,-1.5
35,3,-5,0.75,5,-2
36,3,-5,1.25,1,-0.5
180,3,-5,1.25,1,-1
30,3,-5,1.25,1,-1.5
30,3,-5,1.25,1,-2
42,3,-5,1.25,2,-0.5
40,3,-5,1.25,2,-1
46,3,-5,1.25,2,-1.5
51,3,-5,1.25,2,-2
72,3,-5,1.25,3,-0.5
31,3,-5,1.25,3,-1
20,3,-5,1.25,3,-1.5
71,3,-5,1.25,3,-2
30,3,-5,1.25,4,-0.5
101,3,-5,1.25,4,-1
20,3,-5,1.25,4,-1.5
16,3,-5,1.25,4,-2
60,3,-5,1.25,5,-0.5
32,3,-5,1.25,5,-1
43,3,-5,1.25,5,-1.5
30,3,-5,1.25,5,-2
54,3,-5,1.75,1,-0.5
45,3,-5,1.75,1,-1
31,3,-5,1.75,1,-1.5
45,3,-5,1.75,1,-2
43,3,-5,1.75,2,-0.5
33,3,-5,1.75,2,-1
40,3,-5,1.75,2,-1.5
36,3,-5,1.75,2,-2
177,3,-5,1.75,3,-0.5
23,3,-5,1.75,3,-1
368,3,-5,1.75,3,-1.5
18,3,-5,1.75,3,-2
66,3,-5,1.75,4,-0.5
20,3,-5,1.75,4,-1
50,3,-5,1.75,4,-1.5
25,3,-5,1.75,4,-2
35,3,-5,1.75,5,-0.5
19,3,-5,1.75,5,-1
38,3,-5,1.75,5,-1.5
31,3,-5,1.75,5,-2
294,4,-1,0.25,1,-0.5
149,4,-1,0.25,1,-1
110,4,-1,0.25,1,-1.5
79,4,-1,0.25,1,-2
535,4,-1,0.25,2,-0.5
301,4,-1,0.25,2,-1
180,4,-1,0.25,2,-1.5
85,4,-1,0.25,2,-2
162,4,-1,0.25,3,-0.5
150,4,-1,0.25,3,-1
117,4,-1,0.25,3,-1.5
98,4,-1,0.25,3,-2
174,4,-1,0.25,4,-0.5
117,4,-1,0.25,4,-1
77,4,-1,0.25,4,-1.5
85,4,-1,0.25,4,-2
320,4,-1,0.25,5,-0.5
285,4,-1,0.25,5,-1
106,4,-1,0.25,5,-1.5
130,4,-1,0.25,5,-2
83,4,-1,0.75,1,-0.5
120,4,-1,0.75,1,-1
76,4,-1,0.75,1,-1.5
55,4,-1,0.75,1,-2
99,4,-1,0.75,2,-0.5
73,4,-1,0.75,2,-1
91,4,-1,0.75,2,-1.5
38,4,-1,0.75,2,-2
87,4,-1,0.75,3,-0.5
63,4,-1,0.75,3,-1
34,4,-1,0.75,3,-1.5
59,4,-1,0.75,3,-2
83,4,-1,0.75,4,-0.5
57,4,-1,0.75,4,-1
72,4,-1,0.75,4,-1.5
52,4,-1,0.75,4,-2
98,4,-1,0.75,5,-0.5
73,4,-1,0.75,5,-1
66,4,-1,0.75,5,-1.5
47,4,-1,0.75,5,-2
110,4,-1,1.25,1,-0.5
77,4,-1,1.25,1,-1
96,4,-1,1.25,1,-1.5
61,4,-1,1.25,1,-2
66,4,-1,1.25,2,-0.5
87,4,-1,1.25,2,-1
67,4,-1,1.25,2,-1.5
46,4,-1,1.25,2,-2
86,4,-1,1.25,3,-0.5
66,4,-1,1.25,3,-1
56,4,-1,1.25,3,-1.5
64,4,-1,1.25,3,-2
111,4,-1,1.25,4,-0.5
42,4,-1,1.25,4,-1
68,4,-1,1.25,4,-1.5
80,4,-1,1.25,4,-2
66,4,-1,1.25,5,-0.5
45,4,-1,1.25,5,-1
57,4,-1,1.25,5,-1.5
68,4,-1,1.25,5,-2
140,4,-1,1.75,1,-0.5
82,4,-1,1.75,1,-1
59,4,-1,1.75,1,-1.5
88,4,-1,1.75,1,-2
111,4,-1,1.75,2,-0.5
89,4,-1,1.75,2,-1
104,4,-1,1.75,2,-1.5
57,4,-1,1.75,2,-2
108,4,-1,1.75,3,-0.5
61,4,-1,1.75,3,-1
54,4,-1,1.75,3,-1.5
72,4,-1,1.75,3,-2
75,4,-1,1.75,4,-0.5
76,4,-1,1.75,4,-1
60,4,-1,1.75,4,-1.5
83,4,-1,1.75,4,-2
108,4,-1,1.75,5,-0.5
87,4,-1,1.75,5,-1
79,4,-1,1.75,5,-1.5
63,4,-1,1.75,5,-2
113,4,-2,0.25,1,-0.5
163,4,-2,0.25,1,-1
99,4,-2,0.25,1,-1.5
136,4,-2,0.25,1,-2
274,4,-2,0.25,2,-0.5
227,4,-2,0.25,2,-1
111,4,-2,0.25,2,-1.5
177,4,-2,0.25,2,-2
233,4,-2,0.25,3,-0.5
120,4,-2,0.25,3,-1
96,4,-2,0.25,3,-1.5
108,4,-2,0.25,3,-2
180,4,-2,0.25,4,-0.5
314,4,-2,0.25,4,-1
243,4,-2,0.25,4,-1.5
74,4,-2,0.25,4,-2
399,4,-2,0.25,5,-0.5
93,4,-2,0.25,5,-1
165,4,-2,0.25,5,-1.5
237,4,-2,0.25,5,-2
370,4,-2,0.75,1,-0.5
84,4,-2,0.75,1,-1
211,4,-2,0.75,1,-1.5
48,4,-2,0.75,1,-2
90,4,-2,0.75,2,-0.5
108,4,-2,0.75,2,-1
72,4,-2,0.75,2,-1.5
96,4,-2,0.75,2,-2
78,4,-2,0.75,3,-0.5
106,4,-2,0.75,3,-1
42,4,-2,0.75,3,-1.5
43,4,-2,0.75,3,-2
88,4,-2,0.75,4,-0.5
29,4,-2,0.75,4,-1
28,4,-2,0.75,4,-1.5
23,4,-2,0.75,4,-2
151,4,-2,0.75,5,-0.5
57,4,-2,0.75,5,-1
42,4,-2,0.75,5,-1.5
78,4,-2,0.75,5,-2
77,4,-2,1.25,1,-0.5
45,4,-2,1.25,1,-1
38,4,-2,1.25,1,-1.5
43,4,-2,1.25,1,-2
114,4,-2,1.25,2,-0.5
94,4,-2,1.25,2,-1
45,4,-2,1.25,2,-1.5
107,4,-2,1.25,2,-2
98,4,-2,1.25,3,-0.5
30,4,-2,1.25,3,-1
27,4,-2,1.25,3,-1.5
26,4,-2,1.25,3,-2
41,4,-2,1.25,4,-0.5
85,4,-2,1.25,4,-1
35,4,-2,1.25,4,-1.5
54,4,-2,1.25,4,-2
73,4,-2,1.25,5,-0.5
39,4,-2,1.25,5,-1
44,4,-2,1.25,5,-1.5
28,4,-2,1.25,5,-2
74,4,-2,1.75,1,-0.5
67,4,-2,1.75,1,-1
61,4,-2,1.75,1,-1.5
65,4,-2,1.75,1,-2
99,4,-2,1.75,2,-0.5
62,4,-2,1.75,2,-1
56,4,-2,1.75,2,-1.5
37,4,-2,1.75,2,-2
68,4,-2,1.75,3,-0.5
46,4,-2,1.75,3,-1
48,4,-2,1.75,3,-1.5
33,4,-2,1.75,3,-2
97,4,-2,1.75,4,-0.5
59,4,-2,1.75,4,-1
40,4,-2,1.75,4,-1.5
26,4,-2,1.75,4,-2
65,4,-2,1.75,5,-0.5
57,4,-2,1.75,5,-1
31,4,-2,1.75,5,-1.5
32,4,-2,1.75,5,-2
417,4,-3,0.25,1,-0.5
241,4,-3,0.25,1,-1
261,4,-3,0.25,1,-1.5
72,4,-3,0.25,1,-2
306,4,-3,0.25,2,-0.5
377,4,-3,0.25,2,-1
140,4,-3,0.25,2,-1.5
103,4,-3,0.25,2,-2
401,4,-3,0.25,3,-0.5
401,4,-3,0.25,3,-1
289,4,-3,0.25,3,-1.5
186,4,-3,0.25,3,-2
244,4,-3,0.25,4,-0.5
438,4,-3,0.25,4,-1
95,4,-3,0.25,4,-1.5
89,4,-3,0.25,4,-2
326,4,-3,0.25,5,-0.5
136,4,-3,0.25,5,-1
148,4,-3,0.25,5,-1.5
47,4,-3,0.25,5,-2
223,4,-3,0.75,1,-0.5
64,4,-3,0.75,1,-1
98,4,-3,0.75,1,-1.5
61,4,-3,0.75,1,-2
86,4,-3,0.75,2,-0.5
56,4,-3,0.75,2,-1
88,4,-3,0.75,2,-1.5
78,4,-3,0.75,2,-2
242,4,-3,0.75,3,-0.5
37,4,-3,0.75,3,-1
70,4,-3,0.75,3,-1.5
75,4,-3,0.75,3,-2
53,4,-3,0.75,4,-0.5
69,4,-3,0.75,4,-1
94,4,-3,0.75,4,-1.5
90,4,-3,0.75,4,-2
192,4,-3,0.75,5,-0.5
53,4,-3,0.75,5,-1
63,4,-3,0.75,5,-1.5
127,4,-3,0.75,5,-2
92,4,-3,1.25,1,-0.5
20,4,-3,1.25,1,-1
52,4,-3,1.25,1,-1.5
29,4,-3,1.25,1,-2
66,4,-3,1.25,2,-0.5
51,4,-3,1.25,2,-1
46,4,-3,1.25,2,-1.5
38,4,-3,1.25,2,-2
92,4,-3,1.25,3,-0.5
37,4,-3,1.25,3,-1
32,4,-3,1.25,3,-1.5
56,4,-3,1.25,3,-2
78,4,-3,1.25,4,-0.5
26,4,-3,1.25,4,-1
34,4,-3,1.25,4,-1.5
34,4,-3,1.25,4,-2
59,4,-3,1.25,5,-0.5
21,4,-3,1.25,5,-1
24,4,-3,1.25,5,-1.5
173,4,-3,1.25,5,-2
64,4,-3,1.75,1,-0.5
51,4,-3,1.75,1,-1
49,4,-3,1.75,1,-1.5
42,4,-3,1.75,1,-2
64,4,-3,1.75,2,-0.5
54,4,-3,1.75,2,-1
47,4,-3,1.75,2,-1.5
27,4,-3,1.75,2,-2
90,4,-3,1.75,3,-0.5
43,4,-3,1.75,3,-1
29,4,-3,1.75,3,-1.5
45,4,-3,1.75,3,-2
48,4,-3,1.75,4,-0.5
76,4,-3,1.75,4,-1
31,4,-3,1.75,4,-1.5
16,4,-3,1.75,4,-2
59,4,-3,1.75,5,-0.5
31,4,-3,1.75,5,-1
32,4,-3,1.75,5,-1.5
40,4,-3,1.75,5,-2
480,4,-4,0.25,1,-0.5
240,4,-4,0.25,1,-1
289,4,-4,0.25,1,-1.5
78,4,-4,0.25,1,-2
349,4,-4,0.25,2,-0.5
161,4,-4,0.25,2,-1
205,4,-4,0.25,2,-1.5
103,4,-4,0.25,2,-2
382,4,-4,0.25,3,-0.5
180,4,-4,0.25,3,-1
447,4,-4,0.25,3,-1.5
50,4,-4,0.25,3,-2
352,4,-4,0.25,4,-0.5
302,4,-4,0.25,4,-1
340,4,-4,0.25,4,-1.5
353,4,-4,0.25,4,-2
454,4,-4,0.25,5,-0.5
250,4,-4,0.25,5,-1
216,4,-4,0.25,5,-1.5
191,4,-4,0.25,5,-2
97,4,-4,0.75,1,-0.5
322,4,-4,0.75,1,-1
51,4,-4,0.75,1,-1.5
42,4,-4,0.75,1,-2
261,4,-4,0.75,2,-0.5
322,4,-4,0.75,2,-1
152,4,-4,0.75,2,-1.5
85,4,-4,0.75,2,-2
441,4,-4,0.75,3,-0.5
262,4,-4,0.75,3,-1
66,4,-4,0.75,3,-1.5
221,4,-4,0.75,3,-2
104,4,-4,0.75,4,-0.5
115,4,-4,0.75,4,-1
72,4,-4,0.75,4,-1.5
101,4,-4,0.75,4,-2
87,4,-4,0.75,5,-0.5
143,4,-4,0.75,5,-1
63,4,-4,0.75,5,-1.5
81,4,-4,0.75,5,-2
54,4,-4,1.25,1,-0.5
55,4,-4,1.25,1,-1
52,4,-4,1.25,1,-1.5
46,4,-4,1.25,1,-2
325,4,-4,1.25,2,-0.5
80,4,-4,1.25,2,-1
19,4,-4,1.25,2,-1.5
46,4,-4,1.25,2,-2
43,4,-4,1.25,3,-0.5
23,4,-4,1.25,3,-1
57,4,-4,1.25,3,-1.5
92,4,-4,1.25,3,-2
70,4,-4,1.25,4,-0.5
58,4,-4,1.25,4,-1
205,4,-4,1.25,4,-1.5
39,4,-4,1.25,4,-2
37,4,-4,1.25,5,-0.5
17,4,-4,1.25,5,-1
18,4,-4,1.25,5,-1.5
14,4,-4,1.25,5,-2
83,4,-4,1.75,1,-0.5
37,4,-4,1.75,1,-1
31,4,-4,1.75,1,-1.5
53,4,-4,1.75,1,-2
70,4,-4,1.75,2,-0.5
22,4,-4,1.75,2,-1
57,4,-4,1.75,2,-1.5
35,4,-4,1.75,2,-2
30,4,-4,1.75,3,-0.5
52,4,-4,1.75,3,-1
48,4,-4,1.75,3,-1.5
69,4,-4,1.75,3,-2
20,4,-4,1.75,4,-0.5
36,4,-4,1.75,4,-1
18,4,-4,1.75,4,-1.5
16,4,-4,1.75,4,-2
77,4,-4,1.75,5,-0.5
50,4,-4,1.75,5,-1
23,4,-4,1.75,5,-1.5
24,4,-4,1.75,5,-2
369,4,-5,0.25,1,-0.5
467,4,-5,0.25,1,-1
518,4,-5,0.25,1,-1.5
328,4,-5,0.25,1,-2
335,4,-5,0.25,2,-0.5
467,4,-5,0.25,2,-1
518,4,-5,0.25,2,-1.5
81,4,-5,0.25,2,-2
397,4,-5,0.25,3,-0.5
444,4,-5,0.25,3,-1
518,4,-5,0.25,3,-1.5
47,4,-5,0.25,3,-2
327,4,-5,0.25,4,-0.5
329,4,-5,0.25,4,-1
518,4,-5,0.25,4,-1.5
167,4,-5,0.25,4,-2
292,4,-5,0.25,5,-0.5
98,4,-5,0.25,5,-1
187,4,-5,0.25,5,-1.5
158,4,-5,0.25,5,-2
366,4,-5,0.75,1,-0.5
367,4,-5,0.75,1,-1
176,4,-5,0.75,1,-1.5
87,4,-5,0.75,1,-2
452,4,-5,0.75,2,-0.5
421,4,-5,0.75,2,-1
126,4,-5,0.75,2,-1.5
103,4,-5,0.75,2,-2
216,4,-5,0.75,3,-0.5
421,4,-5,0.75,3,-1
297,4,-5,0.75,3,-1.5
95,4,-5,0.75,3,-2
516,4,-5,0.75,4,-0.5
182,4,-5,0.75,4,-1
189,4,-5,0.75,4,-1.5
61,4,-5,0.75,4,-2
427,4,-5,0.75,5,-0.5
365,4,-5,0.75,5,-1
225,4,-5,0.75,5,-1.5
206,4,-5,0.75,5,-2
266,4,-5,1.25,1,-0.5
65,4,-5,1.25,1,-1
298,4,-5,1.25,1,-1.5
40,4,-5,1.25,1,-2
59,4,-5,1.25,2,-0.5
282,4,-5,1.25,2,-1
64,4,-5,1.25,2,-1.5
41,4,-5,1.25,2,-2
78,4,-5,1.25,3,-0.5
73,4,-5,1.25,3,-1
75,4,-5,1.25,3,-1.5
129,4,-5,1.25,3,-2
79,4,-5,1.25,4,-0.5
29,4,-5,1.25,4,-1
48,4,-5,1.25,4,-1.5
55,4,-5,1.25,4,-2
104,4,-5,1.25,5,-0.5
34,4,-5,1.25,5,-1
53,4,-5,1.25,5,-1.5
30,4,-5,1.25,5,-2
60,4,-5,1.75,1,-0.5
38,4,-5,1.75,1,-1
40,4,-5,1.75,1,-1.5
32,4,-5,1.75,1,-2
53,4,-5,1.75,2,-0.5
67,4,-5,1.75,2,-1
43,4,-5,1.75,2,-1.5
40,4,-5,1.75,2,-2
68,4,-5,1.75,3,-0.5
65,4,-5,1.75,3,-1
44,4,-5,1.75,3,-1.5
433,4,-5,1.75,3,-2
56,4,-5,1.75,4,-0.5
47,4,-5,1.75,4,-1
113,4,-5,1.75,4,-1.5
44,4,-5,1.75,4,-2
25,4,-5,1.75,5,-0.5
21,4,-5,1.75,5,-1
22,4,-5,1.75,5,-1.5
84,4,-5,1.75,5,-2
492,5,-1,0.25,1,-0.5
233,5,-1,0.25,1,-1
153,5,-1,0.25,1,-1.5
132,5,-1,0.25,1,-2
219,5,-1,0.25,2,-0.5
121,5,-1,0.25,2,-1
156,5,-1,0.25,2,-1.5
149,5,-1,0.25,2,-2
264,5,-1,0.25,3,-0.5
110,5,-1,0.25,3,-1
125,5,-1,0.25,3,-1.5
99,5,-1,0.25,3,-2
166,5,-1,0.25,4,-0.5
413,5,-1,0.25,4,-1
165,5,-1,0.25,4,-1.5
79,5,-1,0.25,4,-2
245,5,-1,0.25,5,-0.5
387,5,-1,0.25,5,-1
165,5,-1,0.25,5,-1.5
111,5,-1,0.25,5,-2
131,5,-1,0.75,1,-0.5
181,5,-1,0.75,1,-1
72,5,-1,0.75,1,-1.5
52,5,-1,0.75,1,-2
101,5,-1,0.75,2,-0.5
78,5,-1,0.75,2,-1
95,5,-1,0.75,2,-1.5
78,5,-1,0.75,2,-2
118,5,-1,0.75,3,-0.5
245,5,-1,0.75,3,-1
91,5,-1,0.75,3,-1.5
72,5,-1,0.75,3,-2
127,5,-1,0.75,4,-0.5
121,5,-1,0.75,4,-1
83,5,-1,0.75,4,-1.5
71,5,-1,0.75,4,-2
81,5,-1,0.75,5,-0.5
80,5,-1,0.75,5,-1
66,5,-1,0.75,5,-1.5
65,5,-1,0.75,5,-2
120,5,-1,1.25,1,-0.5
123,5,-1,1.25,1,-1
91,5,-1,1.25,1,-1.5
93,5,-1,1.25,1,-2
135,5,-1,1.25,2,-0.5
76,5,-1,1.25,2,-1
71,5,-1,1.25,2,-1.5
63,5,-1,1.25,2,-2
119,5,-1,1.25,3,-0.5
88,5,-1,1.25,3,-1
67,5,-1,1.25,3,-1.5
73,5,-1,1.25,3,-2
107,5,-1,1.25,4,-0.5
65,5,-1,1.25,4,-1
102,5,-1,1.25,4,-1.5
56,5,-1,1.25,4,-2
78,5,-1,1.25,5,-0.5
73,5,-1,1.25,5,-1
87,5,-1,1.25,5,-1.5
58,5,-1,1.25,5,-2
109,5,-1,1.75,1,-0.5
130,5,-1,1.75,1,-1
108,5,-1,1.75,1,-1.5
78,5,-1,1.75,1,-2
114,5,-1,1.75,2,-0.5
114,5,-1,1.75,2,-1
85,5,-1,1.75,2,-1.5
89,5,-1,1.75,2,-2
108,5,-1,1.75,3,-0.5
121,5,-1,1.75,3,-1
75,5,-1,1.75,3,-1.5
37,5,-1,1.75,3,-2
133,5,-1,1.75,4,-0.5
76,5,-1,1.75,4,-1
91,5,-1,1.75,4,-1.5
74,5,-1,1.75,4,-2
111,5,-1,1.75,5,-0.5
69,5,-1,1.75,5,-1
67,5,-1,1.75,5,-1.5
61,5,-1,1.75,5,-2
362,5,-2,0.25,1,-0.5
511,5,-2,0.25,1,-1
510,5,-2,0.25,1,-1.5
197,5,-2,0.25,1,-2
204,5,-2,0.25,2,-0.5
511,5,-2,0.25,2,-1
277,5,-2,0.25,2,-1.5
123,5,-2,0.25,2,-2
173,5,-2,0.25,3,-0.5
285,5,-2,0.25,3,-1
143,5,-2,0.25,3,-1.5
93,5,-2,0.25,3,-2
370,5,-2,0.25,4,-0.5
87,5,-2,0.25,4,-1
207,5,-2,0.25,4,-1.5
241,5,-2,0.25,4,-2
170,5,-2,0.25,5,-0.5
214,5,-2,0.25,5,-1
388,5,-2,0.25,5,-1.5
136,5,-2,0.25,5,-2
343,5,-2,0.75,1,-0.5
127,5,-2,0.75,1,-1
71,5,-2,0.75,1,-1.5
83,5,-2,0.75,1,-2
108,5,-2,0.75,2,-0.5
123,5,-2,0.75,2,-1
123,5,-2,0.75,2,-1.5
72,5,-2,0.75,2,-2
92,5,-2,0.75,3,-0.5
320,5,-2,0.75,3,-1
42,5,-2,0.75,3,-1.5
71,5,-2,0.75,3,-2
75,5,-2,0.75,4,-0.5
102,5,-2,0.75,4,-1
42,5,-2,0.75,4,-1.5
89,5,-2,0.75,4,-2
220,5,-2,0.75,5,-0.5
144,5,-2,0.75,5,-1
83,5,-2,0.75,5,-1.5
72,5,-2,0.75,5,-2
101,5,-2,1.25,1,-0.5
64,5,-2,1.25,1,-1
70,5,-2,1.25,1,-1.5
48,5,-2,1.25,1,-2
106,5,-2,1.25,2,-0.5
73,5,-2,1.25,2,-1
55,5,-2,1.25,2,-1.5
42,5,-2,1.25,2,-2
68,5,-2,1.25,3,-0.5
71,5,-2,1.25,3,-1
74,5,-2,1.25,3,-1.5
30,5,-2,1.25,3,-2
49,5,-2,1.25,4,-0.5
86,5,-2,1.25,4,-1
33,5,-2,1.25,4,-1.5
39,5,-2,1.25,4,-2
151,5,-2,1.25,5,-0.5
92,5,-2,1.25,5,-1
47,5,-2,1.25,5,-1.5
44,5,-2,1.25,5,-2
117,5,-2,1.75,1,-0.5
48,5,-2,1.75,1,-1
54,5,-2,1.75,1,-1.5
75,5,-2,1.75,1,-2
107,5,-2,1.75,2,-0.5
47,5,-2,1.75,2,-1
42,5,-2,1.75,2,-1.5
43,5,-2,1.75,2,-2
86,5,-2,1.75,3,-0.5
74,5,-2,1.75,3,-1
45,5,-2,1.75,3,-1.5
36,5,-2,1.75,3,-2
62,5,-2,1.75,4,-0.5
56,5,-2,1.75,4,-1
44,5,-2,1.75,4,-1.5
48,5,-2,1.75,4,-2
72,5,-2,1.75,5,-0.5
49,5,-2,1.75,5,-1
39,5,-2,1.75,5,-1.5
24,5,-2,1.75,5,-2
214,5,-3,0.25,1,-0.5
386,5,-3,0.25,1,-1
263,5,-3,0.25,1,-1.5
102,5,-3,0.25,1,-2
225,5,-3,0.25,2,-0.5
381,5,-3,0.25,2,-1
352,5,-3,0.25,2,-1.5
275,5,-3,0.25,2,-2
222,5,-3,0.25,3,-0.5
356,5,-3,0.25,3,-1
217,5,-3,0.25,3,-1.5
92,5,-3,0.25,3,-2
365,5,-3,0.25,4,-0.5
207,5,-3,0.25,4,-1
372,5,-3,0.25,4,-1.5
161,5,-3,0.25,4,-2
306,5,-3,0.25,5,-0.5
475,5,-3,0.25,5,-1
120,5,-3,0.25,5,-1.5
186,5,-3,0.25,5,-2
292,5,-3,0.75,1,-0.5
165,5,-3,0.75,1,-1
196,5,-3,0.75,1,-1.5
96,5,-3,0.75,1,-2
334,5,-3,0.75,2,-0.5
109,5,-3,0.75,2,-1
84,5,-3,0.75,2,-1.5
80,5,-3,0.75,2,-2
339,5,-3,0.75,3,-0.5
208,5,-3,0.75,3,-1
112,5,-3,0.75,3,-1.5
63,5,-3,0.75,3,-2
88,5,-3,0.75,4,-0.5
109,5,-3,0.75,4,-1
107,5,-3,0.75,4,-1.5
90,5,-3,0.75,4,-2
137,5,-3,0.75,5,-0.5
256,5,-3,0.75,5,-1
33,5,-3,0.75,5,-1.5
37,5,-3,0.75,5,-2
57,5,-3,1.25,1,-0.5
72,5,-3,1.25,1,-1
68,5,-3,1.25,1,-1.5
32,5,-3,1.25,1,-2
38,5,-3,1.25,2,-0.5
65,5,-3,1.25,2,-1
75,5,-3,1.25,2,-1.5
56,5,-3,1.25,2,-2
49,5,-3,1.25,3,-0.5
44,5,-3,1.25,3,-1
36,5,-3,1.25,3,-1.5
64,5,-3,1.25,3,-2
104,5,-3,1.25,4,-0.5
49,5,-3,1.25,4,-1
80,5,-3,1.25,4,-1.5
48,5,-3,1.25,4,-2
33,5,-3,1.25,5,-0.5
159,5,-3,1.25,5,-1
35,5,-3,1.25,5,-1.5
14,5,-3,1.25,5,-2
69,5,-3,1.75,1,-0.5
52,5,-3,1.75,1,-1
43,5,-3,1.75,1,-1.5
24,5,-3,1.75,1,-2
69,5,-3,1.75,2,-0.5
51,5,-3,1.75,2,-1
47,5,-3,1.75,2,-1.5
52,5,-3,1.75,2,-2
47,5,-3,1.75,3,-0.5
110,5,-3,1.75,3,-1
41,5,-3,1.75,3,-1.5
38,5,-3,1.75,3,-2
66,5,-3,1.75,4,-0.5
77,5,-3,1.75,4,-1
25,5,-3,1.75,4,-1.5
47,5,-3,1.75,4,-2
53,5,-3,1.75,5,-0.5
44,5,-3,1.75,5,-1
36,5,-3,1.75,5,-1.5
37,5,-3,1.75,5,-2
350,5,-4,0.25,1,-0.5
403,5,-4,0.25,1,-1
338,5,-4,0.25,1,-1.5
105,5,-4,0.25,1,-2
375,5,-4,0.25,2,-0.5
416,5,-4,0.25,2,-1
337,5,-4,0.25,2,-1.5
85,5,-4,0.25,2,-2
375,5,-4,0.25,3,-0.5
376,5,-4,0.25,3,-1
120,5,-4,0.25,3,-1.5
85,5,-4,0.25,3,-2
434,5,-4,0.25,4,-0.5
402,5,-4,0.25,4,-1
165,5,-4,0.25,4,-1.5
259,5,-4,0.25,4,-2
368,5,-4,0.25,5,-0.5
254,5,-4,0.25,5,-1
347,5,-4,0.25,5,-1.5
143,5,-4,0.25,5,-2
289,5,-4,0.75,1,-0.5
267,5,-4,0.75,1,-1
70,5,-4,0.75,1,-1.5
49,5,-4,0.75,1,-2
92,5,-4,0.75,2,-0.5
552,5,-4,0.75,2,-1
284,5,-4,0.75,2,-1.5
42,5,-4,0.75,2,-2
163,5,-4,0.75,3,-0.5
164,5,-4,0.75,3,-1
432,5,-4,0.75,3,-1.5
43,5,-4,0.75,3,-2
520,5,-4,0.75,4,-0.5
189,5,-4,0.75,4,-1
79,5,-4,0.75,4,-1.5
437,5,-4,0.75,4,-2
52,5,-4,0.75,5,-0.5
116,5,-4,0.75,5,-1
235,5,-4,0.75,5,-1.5
355,5,-4,0.75,5,-2
65,5,-4,1.25,1,-0.5
37,5,-4,1.25,1,-1
413,5,-4,1.25,1,-1.5
86,5,-4,1.25,1,-2
260,5,-4,1.25,2,-0.5
30,5,-4,1.25,2,-1
94,5,-4,1.25,2,-1.5
77,5,-4,1.25,2,-2
57,5,-4,1.25,3,-0.5
322,5,-4,1.25,3,-1
59,5,-4,1.25,3,-1.5
25,5,-4,1.25,3,-2
85,5,-4,1.25,4,-0.5
34,5,-4,1.25,4,-1
172,5,-4,1.25,4,-1.5
23,5,-4,1.25,4,-2
65,5,-4,1.25,5,-0.5
40,5,-4,1.25,5,-1
267,5,-4,1.25,5,-1.5
46,5,-4,1.25,5,-2
42,5,-4,1.75,1,-0.5
59,5,-4,1.75,1,-1
89,5,-4,1.75,1,-1.5
41,5,-4,1.75,1,-2
51,5,-4,1.75,2,-0.5
65,5,-4,1.75,2,-1
52,5,-4,1.75,2,-1.5
52,5,-4,1.75,2,-2
76,5,-4,1.75,3,-0.5
72,5,-4,1.75,3,-1
42,5,-4,1.75,3,-1.5
36,5,-4,1.75,3,-2
42,5,-4,1.75,4,-0.5
55,5,-4,1.75,4,-1
56,5,-4,1.75,4,-1.5
26,5,-4,1.75,4,-2
71,5,-4,1.75,5,-0.5
27,5,-4,1.75,5,-1
33,5,-4,1.75,5,-1.5
28,5,-4,1.75,5,-2
358,5,-5,0.25,1,-0.5
449,5,-5,0.25,1,-1
393,5,-5,0.25,1,-1.5
474,5,-5,0.25,1,-2
534,5,-5,0.25,2,-0.5
359,5,-5,0.25,2,-1
393,5,-5,0.25,2,-1.5
474,5,-5,0.25,2,-2
309,5,-5,0.25,3,-0.5
359,5,-5,0.25,3,-1
386,5,-5,0.25,3,-1.5
474,5,-5,0.25,3,-2
284,5,-5,0.25,4,-0.5
413,5,-5,0.25,4,-1
386,5,-5,0.25,4,-1.5
474,5,-5,0.25,4,-2
118,5,-5,0.25,5,-0.5
436,5,-5,0.25,5,-1
368,5,-5,0.25,5,-1.5
171,5,-5,0.25,5,-2
233,5,-5,0.75,1,-0.5
415,5,-5,0.75,1,-1
184,5,-5,0.75,1,-1.5
122,5,-5,0.75,1,-2
167,5,-5,0.75,2,-0.5
555,5,-5,0.75,2,-1
187,5,-5,0.75,2,-1.5
220,5,-5,0.75,2,-2
348,5,-5,0.75,3,-0.5
555,5,-5,0.75,3,-1
370,5,-5,0.75,3,-1.5
138,5,-5,0.75,3,-2
204,5,-5,0.75,4,-0.5
373,5,-5,0.75,4,-1
87,5,-5,0.75,4,-1.5
149,5,-5,0.75,4,-2
484,5,-5,0.75,5,-0.5
109,5,-5,0.75,5,-1
246,5,-5,0.75,5,-1.5
263,5,-5,0.75,5,-2
71,5,-5,1.25,1,-0.5
110,5,-5,1.25,1,-1
39,5,-5,1.25,1,-1.5
117,5,-5,1.25,1,-2
695,5,-5,1.25,2,-0.5
42,5,-5,1.25,2,-1
153,5,-5,1.25,2,-1.5
78,5,-5,1.25,2,-2
65,5,-5,1.25,3,-0.5
34,5,-5,1.25,3,-1
37,5,-5,1.25,3,-1.5
61,5,-5,1.25,3,-2
81,5,-5,1.25,4,-0.5
75,5,-5,1.25,4,-1
46,5,-5,1.25,4,-1.5
89,5,-5,1.25,4,-2
55,5,-5,1.25,5,-0.5
65,5,-5,1.25,5,-1
58,5,-5,1.25,5,-1.5
196,5,-5,1.25,5,-2
104,5,-5,1.75,1,-0.5
17,5,-5,1.75,1,-1
44,5,-5,1.75,1,-1.5
53,5,-5,1.75,1,-2
57,5,-5,1.75,2,-0.5
43,5,-5,1.75,2,-1
36,5,-5,1.75,2,-1.5
33,5,-5,1.75,2,-2
97,5,-5,1.75,3,-0.5
198,5,-5,1.75,3,-1
73,5,-5,1.75,3,-1.5
29,5,-5,1.75,3,-2
30,5,-5,1.75,4,-0.5
35,5,-5,1.75,4,-1
57,5,-5,1.75,4,-1.5
30,5,-5,1.75,4,-2
37,5,-5,1.75,5,-0.5
28,5,-5,1.75,5,-1
22,5,-5,1.75,5,-1.5
20,5,-5,1.75,5,-2
