186,1,-1,0.25,1,-0.5
42,1,-1,0.25,1,-1
29,1,-1,0.25,1,-1.5
74,1,-1,0.25,1,-2
41,1,-1,0.25,2,-0.5
57,1,-1,0.25,2,-1
80,1,-1,0.25,2,-1.5
51,1,-1,0.25,2,-2
151,1,-1,0.25,3,-0.5
36,1,-1,0.25,3,-1
73,1,-1,0.25,3,-1.5
53,1,-1,0.25,3,-2
113,1,-1,0.25,4,-0.5
46,1,-1,0.25,4,-1
56,1,-1,0.25,4,-1.5
48,1,-1,0.25,4,-2
74,1,-1,0.25,5,-0.5
34,1,-1,0.25,5,-1
72,1,-1,0.25,5,-1.5
49,1,-1,0.25,5,-2
53,1,-1,0.75,1,-0.5
60,1,-1,0.75,1,-1
67,1,-1,0.75,1,-1.5
37,1,-1,0.75,1,-2
62,1,-1,0.75,2,-0.5
36,1,-1,0.75,2,-1
56,1,-1,0.75,2,-1.5
61,1,-1,0.75,2,-2
61,1,-1,0.75,3,-0.5
76,1,-1,0.75,3,-1
50,1,-1,0.75,3,-1.5
76,1,-1,0.75,3,-2
72,1,-1,0.75,4,-0.5
65,1,-1,0.75,4,-1
58,1,-1,0.75,4,-1.5
103,1,-1,0.75,4,-2
85,1,-1,0.75,5,-0.5
67,1,-1,0.75,5,-1
82,1,-1,0.75,5,-1.5
58,1,-1,0.75,5,-2
115,1,-1,1.25,1,-0.5
91,1,-1,1.25,1,-1
103,1,-1,1.25,1,-1.5
68,1,-1,1.25,1,-2
91,1,-1,1.25,2,-0.5
73,1,-1,1.25,2,-1
97,1,-1,1.25,2,-1.5
61,1,-1,1.25,2,-2
94,1,-1,1.25,3,-0.5
70,1,-1,1.25,3,-1
80,1,-1,1.25,3,-1.5
103,1,-1,1.25,3,-2
129,1,-1,1.25,4,-0.5
97,1,-1,1.25,4,-1
116,1,-1,1.25,4,-1.5
69,1,-1,1.25,4,-2
121,1,-1,1.25,5,-0.5
83,1,-1,1.25,5,-1
112,1,-1,1.25,5,-1.5
114,1,-1,1.25,5,-2
180,1,-1,1.75,1,-0.5
150,1,-1,1.75,1,-1
150,1,-1,1.75,1,-1.5
112,1,-1,1.75,1,-2
162,1,-1,1.75,2,-0.5
143,1,-1,1.75,2,-1
106,1,-1,1.75,2,-1.5
104,1,-1,1.75,2,-2
142,1,-1,1.75,3,-0.5
132,1,-1,1.75,3,-1
145,1,-1,1.75,3,-1.5
122,1,-1,1.75,3,-2
162,1,-1,1.75,4,-0.5
116,1,-1,1.75,4,-1
111,1,-1,1.75,4,-1.5
99,1,-1,1.75,4,-2
137,1,-1,1.75,5,-0.5
134,1,-1,1.75,5,-1
127,1,-1,1.75,5,-1.5
158,1,-1,1.75,5,-2
181,1,-2,0.25,1,-0.5
373,1,-2,0.25,1,-1
232,1,-2,0.25,1,-1.5
34,1,-2,0.25,1,-2
209,1,-2,0.25,2,-0.5
188,1,-2,0.25,2,-1
34,1,-2,0.25,2,-1.5
288,1,-2,0.25,2,-2
136,1,-2,0.25,3,-0.5
143,1,-2,0.25,3,-1
507,1,-2,0.25,3,-1.5
42,1,-2,0.25,3,-2
172,1,-2,0.25,4,-0.5
83,1,-2,0.25,4,-1
26,1,-2,0.25,4,-1.5
50,1,-2,0.25,4,-2
41,1,-2,0.25,5,-0.5
90,1,-2,0.25,5,-1
44,1,-2,0.25,5,-1.5
44,1,-2,0.25,5,-2
30,1,-2,0.75,1,-0.5
41,1,-2,0.75,1,-1
50,1,-2,0.75,1,-1.5
28,1,-2,0.75,1,-2
41,1,-2,0.75,2,-0.5
19,1,-2,0.75,2,-1
28,1,-2,0.75,2,-1.5
25,1,-2,0.75,2,-2
17,1,-2,0.75,3,-0.5
34,1,-2,0.75,3,-1
52,1,-2,0.75,3,-1.5
85,1,-2,0.75,3,-2
49,1,-2,0.75,4,-0.5
20,1,-2,0.75,4,-1
57,1,-2,0.75,4,-1.5
44,1,-2,0.75,4,-2
76,1,-2,0.75,5,-0.5
36,1,-2,0.75,5,-1
37,1,-2,0.75,5,-1.5
69,1,-2,0.75,5,-2
69,1,-2,1.25,1,-0.5
59,1,-2,1.25,1,-1
59,1,-2,1.25,1,-1.5
53,1,-2,1.25,1,-2
58,1,-2,1.25,2,-0.5
58,1,-2,1.25,2,-1
56,1,-2,1.25,2,-1.5
35,1,-2,1.25,2,-2
50,1,-2,1.25,3,-0.5
24,1,-2,1.25,3,-1
51,1,-2,1.25,3,-1.5
58,1,-2,1.25,3,-2
54,1,-2,1.25,4,-0.5
64,1,-2,1.25,4,-1
54,1,-2,1.25,4,-1.5
31,1,-2,1.25,4,-2
79,1,-2,1.25,5,-0.5
78,1,-2,1.25,5,-1
52,1,-2,1.25,5,-1.5
63,1,-2,1.25,5,-2
119,1,-2,1.75,1,-0.5
81,1,-2,1.75,1,-1
86,1,-2,1.75,1,-1.5
92,1,-2,1.75,1,-2
117,1,-2,1.75,2,-0.5
79,1,-2,1.75,2,-1
89,1,-2,1.75,2,-1.5
70,1,-2,1.75,2,-2
103,1,-2,1.75,3,-0.5
94,1,-2,1.75,3,-1
81,1,-2,1.75,3,-1.5
88,1,-2,1.75,3,-2
123,1,-2,1.75,4,-0.5
99,1,-2,1.75,4,-1
76,1,-2,1.75,4,-1.5
91,1,-2,1.75,4,-2
145,1,-2,1.75,5,-0.5
90,1,-2,1.75,5,-1
83,1,-2,1.75,5,-1.5
74,1,-2,1.75,5,-2
309,1,-3,0.25,1,-0.5
438,1,-3,0.25,1,-1
180,1,-3,0.25,1,-1.5
57,1,-3,0.25,1,-2
192,1,-3,0.25,2,-0.5
73,1,-3,0.25,2,-1
114,1,-3,0.25,2,-1.5
88,1,-3,0.25,2,-2
246,1,-3,0.25,3,-0.5
364,1,-3,0.25,3,-1
244,1,-3,0.25,3,-1.5
72,1,-3,0.25,3,-2
285,1,-3,0.25,4,-0.5
271,1,-3,0.25,4,-1
57,1,-3,0.25,4,-1.5
271,1,-3,0.25,4,-2
147,1,-3,0.25,5,-0.5
478,1,-3,0.25,5,-1
32,1,-3,0.25,5,-1.5
137,1,-3,0.25,5,-2
26,1,-3,0.75,1,-0.5
23,1,-3,0.75,1,-1
20,1,-3,0.75,1,-1.5
59,1,-3,0.75,1,-2
47,1,-3,0.75,2,-0.5
24,1,-3,0.75,2,-1
25,1,-3,0.75,2,-1.5
39,1,-3,0.75,2,-2
54,1,-3,0.75,3,-0.5
47,1,-3,0.75,3,-1
11,1,-3,0.75,3,-1.5
331,1,-3,0.75,3,-2
92,1,-3,0.75,4,-0.5
92,1,-3,0.75,4,-1
37,1,-3,0.75,4,-1.5
74,1,-3,0.75,4,-2
53,1,-3,0.75,5,-0.5
44,1,-3,0.75,5,-1
31,1,-3,0.75,5,-1.5
27,1,-3,0.75,5,-2
66,1,-3,1.25,1,-0.5
24,1,-3,1.25,1,-1
47,1,-3,1.25,1,-1.5
36,1,-3,1.25,1,-2
41,1,-3,1.25,2,-0.5
75,1,-3,1.25,2,-1
38,1,-3,1.25,2,-1.5
37,1,-3,1.25,2,-2
41,1,-3,1.25,3,-0.5
43,1,-3,1.25,3,-1
45,1,-3,1.25,3,-1.5
42,1,-3,1.25,3,-2
39,1,-3,1.25,4,-0.5
51,1,-3,1.25,4,-1
95,1,-3,1.25,4,-1.5
56,1,-3,1.25,4,-2
50,1,-3,1.25,5,-0.5
46,1,-3,1.25,5,-1
23,1,-3,1.25,5,-1.5
26,1,-3,1.25,5,-2
99,1,-3,1.75,1,-0.5
70,1,-3,1.75,1,-1
46,1,-3,1.75,1,-1.5
40,1,-3,1.75,1,-2
83,1,-3,1.75,2,-0.5
59,1,-3,1.75,2,-1
16,1,-3,1.75,2,-1.5
69,1,-3,1.75,2,-2
68,1,-3,1.75,3,-0.5
73,1,-3,1.75,3,-1
57,1,-3,1.75,3,-1.5
65,1,-3,1.75,3,-2
81,1,-3,1.75,4,-0.5
51,1,-3,1.75,4,-1
65,1,-3,1.75,4,-1.5
79,1,-3,1.75,4,-2
55,1,-3,1.75,5,-0.5
81,1,-3,1.75,5,-1
35,1,-3,1.75,5,-1.5
53,1,-3,1.75,5,-2
58,1,-4,0.25,1,-0.5
315,1,-4,0.25,1,-1
85,1,-4,0.25,1,-1.5
130,1,-4,0.25,1,-2
502,1,-4,0.25,2,-0.5
476,1,-4,0.25,2,-1
30,1,-4,0.25,2,-1.5
154,1,-4,0.25,2,-2
174,1,-4,0.25,3,-0.5
476,1,-4,0.25,3,-1
87,1,-4,0.25,3,-1.5
103,1,-4,0.25,3,-2
143,1,-4,0.25,4,-0.5
212,1,-4,0.25,4,-1
71,1,-4,0.25,4,-1.5
356,1,-4,0.25,4,-2
413,1,-4,0.25,5,-0.5
139,1,-4,0.25,5,-1
81,1,-4,0.25,5,-1.5
235,1,-4,0.25,5,-2
200,1,-4,0.75,1,-0.5
138,1,-4,0.75,1,-1
42,1,-4,0.75,1,-1.5
20,1,-4,0.75,1,-2
409,1,-4,0.75,2,-0.5
38,1,-4,0.75,2,-1
39,1,-4,0.75,2,-1.5
38,1,-4,0.75,2,-2
129,1,-4,0.75,3,-0.5
42,1,-4,0.75,3,-1
28,1,-4,0.75,3,-1.5
25,1,-4,0.75,3,-2
366,1,-4,0.75,4,-0.5
45,1,-4,0.75,4,-1
61,1,-4,0.75,4,-1.5
36,1,-4,0.75,4,-2
171,1,-4,0.75,5,-0.5
47,1,-4,0.75,5,-1
43,1,-4,0.75,5,-1.5
39,1,-4,0.75,5,-2
35,1,-4,1.25,1,-0.5
124,1,-4,1.25,1,-1
37,1,-4,1.25,1,-1.5
32,1,-4,1.25,1,-2
29,1,-4,1.25,2,-0.5
19,1,-4,1.25,2,-1
22,1,-4,1.25,2,-1.5
63,1,-4,1.25,2,-2
64,1,-4,1.25,3,-0.5
32,1,-4,1.25,3,-1
51,1,-4,1.25,3,-1.5
26,1,-4,1.25,3,-2
39,1,-4,1.25,4,-0.5
125,1,-4,1.25,4,-1
25,1,-4,1.25,4,-1.5
26,1,-4,1.25,4,-2
100,1,-4,1.25,5,-0.5
59,1,-4,1.25,5,-1
40,1,-4,1.25,5,-1.5
43,1,-4,1.25,5,-2
72,1,-4,1.75,1,-0.5
42,1,-4,1.75,1,-1
91,1,-4,1.75,1,-1.5
39,1,-4,1.75,1,-2
64,1,-4,1.75,2,-0.5
41,1,-4,1.75,2,-1
55,1,-4,1.75,2,-1.5
71,1,-4,1.75,2,-2
69,1,-4,1.75,3,-0.5
35,1,-4,1.75,3,-1
20,1,-4,1.75,3,-1.5
38,1,-4,1.75,3,-2
56,1,-4,1.75,4,-0.5
60,1,-4,1.75,4,-1
32,1,-4,1.75,4,-1.5
40,1,-4,1.75,4,-2
43,1,-4,1.75,5,-0.5
64,1,-4,1.75,5,-1
79,1,-4,1.75,5,-1.5
20,1,-4,1.75,5,-2
100,1,-5,0.25,1,-0.5
435,1,-5,0.25,1,-1
409,1,-5,0.25,1,-1.5
256,1,-5,0.25,1,-2
345,1,-5,0.25,2,-0.5
181,1,-5,0.25,2,-1
251,1,-5,0.25,2,-1.5
61,1,-5,0.25,2,-2
147,1,-5,0.25,3,-0.5
270,1,-5,0.25,3,-1
197,1,-5,0.25,3,-1.5
96,1,-5,0.25,3,-2
255,1,-5,0.25,4,-0.5
262,1,-5,0.25,4,-1
400,1,-5,0.25,4,-1.5
35,1,-5,0.25,4,-2
298,1,-5,0.25,5,-0.5
368,1,-5,0.25,5,-1
312,1,-5,0.25,5,-1.5
153,1,-5,0.25,5,-2
432,1,-5,0.75,1,-0.5
262,1,-5,0.75,1,-1
71,1,-5,0.75,1,-1.5
88,1,-5,0.75,1,-2
154,1,-5,0.75,2,-0.5
88,1,-5,0.75,2,-1
294,1,-5,0.75,2,-1.5
211,1,-5,0.75,2,-2
103,1,-5,0.75,3,-0.5
250,1,-5,0.75,3,-1
49,1,-5,0.75,3,-1.5
72,1,-5,0.75,3,-2
95,1,-5,0.75,4,-0.5
68,1,-5,0.75,4,-1
85,1,-5,0.75,4,-1.5
15,1,-5,0.75,4,-2
327,1,-5,0.75,5,-0.5
22,1,-5,0.75,5,-1
108,1,-5,0.75,5,-1.5
48,1,-5,0.75,5,-2
52,1,-5,1.25,1,-0.5
59,1,-5,1.25,1,-1
29,1,-5,1.25,1,-1.5
105,1,-5,1.25,1,-2
142,1,-5,1.25,2,-0.5
28,1,-5,1.25,2,-1
71,1,-5,1.25,2,-1.5
91,1,-5,1.25,2,-2
40,1,-5,1.25,3,-0.5
82,1,-5,1.25,3,-1
39,1,-5,1.25,3,-1.5
39,1,-5,1.25,3,-2
41,1,-5,1.25,4,-0.5
29,1,-5,1.25,4,-1
39,1,-5,1.25,4,-1.5
40,1,-5,1.25,4,-2
25,1,-5,1.25,5,-0.5
27,1,-5,1.25,5,-1
22,1,-5,1.25,5,-1.5
19,1,-5,1.25,5,-2
58,1,-5,1.75,1,-0.5
51,1,-5,1.75,1,-1
38,1,-5,1.75,1,-1.5
33,1,-5,1.75,1,-2
61,1,-5,1.75,2,-0.5
41,1,-5,1.75,2,-1
42,1,-5,1.75,2,-1.5
36,1,-5,1.75,2,-2
62,1,-5,1.75,3,-0.5
43,1,-5,1.75,3,-1
30,1,-5,1.75,3,-1.5
202,1,-5,1.75,3,-2
51,1,-5,1.75,4,-0.5
43,1,-5,1.75,4,-1
37,1,-5,1.75,4,-1.5
36,1,-5,1.75,4,-2
66,1,-5,1.75,5,-0.5
66,1,-5,1.75,5,-1
72,1,-5,1.75,5,-1.5
45,1,-5,1.75,5,-2
132,2,-1,0.25,1,-0.5
69,2,-1,0.25,1,-1
120,2,-1,0.25,1,-1.5
57,2,-1,0.25,1,-2
302,2,-1,0.25,2,-0.5
96,2,-1,0.25,2,-1
32,2,-1,0.25,2,-1.5
49,2,-1,0.25,2,-2
118,2,-1,0.25,3,-0.5
48,2,-1,0.25,3,-1
70,2,-1,0.25,3,-1.5
295,2,-1,0.25,3,-2
140,2,-1,0.25,4,-0.5
144,2,-1,0.25,4,-1
48,2,-1,0.25,4,-1.5
40,2,-1,0.25,4,-2
148,2,-1,0.25,5,-0.5
245,2,-1,0.25,5,-1
39,2,-1,0.25,5,-1.5
45,2,-1,0.25,5,-2
62,2,-1,0.75,1,-0.5
28,2,-1,0.75,1,-1
46,2,-1,0.75,1,-1.5
50,2,-1,0.75,1,-2
29,2,-1,0.75,2,-0.5
41,2,-1,0.75,2,-1
64,2,-1,0.75,2,-1.5
60,2,-1,0.75,2,-2
62,2,-1,0.75,3,-0.5
56,2,-1,0.75,3,-1
33,2,-1,0.75,3,-1.5
56,2,-1,0.75,3,-2
69,2,-1,0.75,4,-0.5
59,2,-1,0.75,4,-1
48,2,-1,0.75,4,-1.5
30,2,-1,0.75,4,-2
61,2,-1,0.75,5,-0.5
52,2,-1,0.75,5,-1
86,2,-1,0.75,5,-1.5
59,2,-1,0.75,5,-2
107,2,-1,1.25,1,-0.5
66,2,-1,1.25,1,-1
62,2,-1,1.25,1,-1.5
66,2,-1,1.25,1,-2
70,2,-1,1.25,2,-0.5
72,2,-1,1.25,2,-1
48,2,-1,1.25,2,-1.5
63,2,-1,1.25,2,-2
72,2,-1,1.25,3,-0.5
48,2,-1,1.25,3,-1
61,2,-1,1.25,3,-1.5
65,2,-1,1.25,3,-2
91,2,-1,1.25,4,-0.5
50,2,-1,1.25,4,-1
70,2,-1,1.25,4,-1.5
50,2,-1,1.25,4,-2
92,2,-1,1.25,5,-0.5
75,2,-1,1.25,5,-1
61,2,-1,1.25,5,-1.5
39,2,-1,1.25,5,-2
129,2,-1,1.75,1,-0.5
116,2,-1,1.75,1,-1
96,2,-1,1.75,1,-1.5
78,2,-1,1.75,1,-2
116,2,-1,1.75,2,-0.5
105,2,-1,1.75,2,-1
82,2,-1,1.75,2,-1.5
82,2,-1,1.75,2,-2
142,2,-1,1.75,3,-0.5
115,2,-1,1.75,3,-1
111,2,-1,1.75,3,-1.5
81,2,-1,1.75,3,-2
130,2,-1,1.75,4,-0.5
90,2,-1,1.75,4,-1
90,2,-1,1.75,4,-1.5
108,2,-1,1.75,4,-2
127,2,-1,1.75,5,-0.5
83,2,-1,1.75,5,-1
99,2,-1,1.75,5,-1.5
98,2,-1,1.75,5,-2
271,2,-2,0.25,1,-0.5
292,2,-2,0.25,1,-1
51,2,-2,0.25,1,-1.5
176,2,-2,0.25,1,-2
527,2,-2,0.25,2,-0.5
211,2,-2,0.25,2,-1
47,2,-2,0.25,2,-1.5
82,2,-2,0.25,2,-2
331,2,-2,0.25,3,-0.5
111,2,-2,0.25,3,-1
58,2,-2,0.25,3,-1.5
213,2,-2,0.25,3,-2
92,2,-2,0.25,4,-0.5
90,2,-2,0.25,4,-1
43,2,-2,0.25,4,-1.5
56,2,-2,0.25,4,-2
221,2,-2,0.25,5,-0.5
129,2,-2,0.25,5,-1
64,2,-2,0.25,5,-1.5
57,2,-2,0.25,5,-2
43,2,-2,0.75,1,-0.5
24,2,-2,0.75,1,-1
21,2,-2,0.75,1,-1.5
21,2,-2,0.75,1,-2
149,2,-2,0.75,2,-0.5
28,2,-2,0.75,2,-1
44,2,-2,0.75,2,-1.5
49,2,-2,0.75,2,-2
66,2,-2,0.75,3,-0.5
46,2,-2,0.75,3,-1
38,2,-2,0.75,3,-1.5
22,2,-2,0.75,3,-2
26,2,-2,0.75,4,-0.5
49,2,-2,0.75,4,-1
30,2,-2,0.75,4,-1.5
39,2,-2,0.75,4,-2
43,2,-2,0.75,5,-0.5
39,2,-2,0.75,5,-1
32,2,-2,0.75,5,-1.5
39,2,-2,0.75,5,-2
61,2,-2,1.25,1,-0.5
31,2,-2,1.25,1,-1
62,2,-2,1.25,1,-1.5
39,2,-2,1.25,1,-2
33,2,-2,1.25,2,-0.5
48,2,-2,1.25,2,-1
36,2,-2,1.25,2,-1.5
47,2,-2,1.25,2,-2
64,2,-2,1.25,3,-0.5
46,2,-2,1.25,3,-1
41,2,-2,1.25,3,-1.5
58,2,-2,1.25,3,-2
34,2,-2,1.25,4,-0.5
40,2,-2,1.25,4,-1
51,2,-2,1.25,4,-1.5
53,2,-2,1.25,4,-2
37,2,-2,1.25,5,-0.5
35,2,-2,1.25,5,-1
58,2,-2,1.25,5,-1.5
36,2,-2,1.25,5,-2
121,2,-2,1.75,1,-0.5
74,2,-2,1.75,1,-1
66,2,-2,1.75,1,-1.5
56,2,-2,1.75,1,-2
95,2,-2,1.75,2,-0.5
74,2,-2,1.75,2,-1
57,2,-2,1.75,2,-1.5
58,2,-2,1.75,2,-2
69,2,-2,1.75,3,-0.5
53,2,-2,1.75,3,-1
45,2,-2,1.75,3,-1.5
75,2,-2,1.75,3,-2
73,2,-2,1.75,4,-0.5
60,2,-2,1.75,4,-1
36,2,-2,1.75,4,-1.5
66,2,-2,1.75,4,-2
84,2,-2,1.75,5,-0.5
47,2,-2,1.75,5,-1
65,2,-2,1.75,5,-1.5
52,2,-2,1.75,5,-2
280,2,-3,0.25,1,-0.5
253,2,-3,0.25,1,-1
152,2,-3,0.25,1,-1.5
41,2,-3,0.25,1,-2
441,2,-3,0.25,2,-0.5
263,2,-3,0.25,2,-1
320,2,-3,0.25,2,-1.5
195,2,-3,0.25,2,-2
447,2,-3,0.25,3,-0.5
170,2,-3,0.25,3,-1
456,2,-3,0.25,3,-1.5
67,2,-3,0.25,3,-2
323,2,-3,0.25,4,-0.5
127,2,-3,0.25,4,-1
76,2,-3,0.25,4,-1.5
52,2,-3,0.25,4,-2
496,2,-3,0.25,5,-0.5
494,2,-3,0.25,5,-1
83,2,-3,0.25,5,-1.5
156,2,-3,0.25,5,-2
32,2,-3,0.75,1,-0.5
78,2,-3,0.75,1,-1
71,2,-3,0.75,1,-1.5
27,2,-3,0.75,1,-2
160,2,-3,0.75,2,-0.5
49,2,-3,0.75,2,-1
51,2,-3,0.75,2,-1.5
35,2,-3,0.75,2,-2
48,2,-3,0.75,3,-0.5
293,2,-3,0.75,3,-1
68,2,-3,0.75,3,-1.5
22,2,-3,0.75,3,-2
24,2,-3,0.75,4,-0.5
25,2,-3,0.75,4,-1
49,2,-3,0.75,4,-1.5
55,2,-3,0.75,4,-2
38,2,-3,0.75,5,-0.5
63,2,-3,0.75,5,-1
30,2,-3,0.75,5,-1.5
38,2,-3,0.75,5,-2
46,2,-3,1.25,1,-0.5
42,2,-3,1.25,1,-1
33,2,-3,1.25,1,-1.5
27,2,-3,1.25,1,-2
39,2,-3,1.25,2,-0.5
48,2,-3,1.25,2,-1
19,2,-3,1.25,2,-1.5
42,2,-3,1.25,2,-2
41,2,-3,1.25,3,-0.5
21,2,-3,1.25,3,-1
28,2,-3,1.25,3,-1.5
57,2,-3,1.25,3,-2
40,2,-3,1.25,4,-0.5
38,2,-3,1.25,4,-1
30,2,-3,1.25,4,-1.5
27,2,-3,1.25,4,-2
31,2,-3,1.25,5,-0.5
43,2,-3,1.25,5,-1
32,2,-3,1.25,5,-1.5
39,2,-3,1.25,5,-2
63,2,-3,1.75,1,-0.5
61,2,-3,1.75,1,-1
46,2,-3,1.75,1,-1.5
61,2,-3,1.75,1,-2
62,2,-3,1.75,2,-0.5
58,2,-3,1.75,2,-1
41,2,-3,1.75,2,-1.5
39,2,-3,1.75,2,-2
45,2,-3,1.75,3,-0.5
43,2,-3,1.75,3,-1
44,2,-3,1.75,3,-1.5
30,2,-3,1.75,3,-2
73,2,-3,1.75,4,-0.5
68,2,-3,1.75,4,-1
32,2,-3,1.75,4,-1.5
47,2,-3,1.75,4,-2
52,2,-3,1.75,5,-0.5
47,2,-3,1.75,5,-1
47,2,-3,1.75,5,-1.5
23,2,-3,1.75,5,-2
335,2,-4,0.25,1,-0.5
255,2,-4,0.25,1,-1
153,2,-4,0.25,1,-1.5
478,2,-4,0.25,1,-2
412,2,-4,0.25,2,-0.5
324,2,-4,0.25,2,-1
69,2,-4,0.25,2,-1.5
264,2,-4,0.25,2,-2
412,2,-4,0.25,3,-0.5
71,2,-4,0.25,3,-1
194,2,-4,0.25,3,-1.5
60,2,-4,0.25,3,-2
397,2,-4,0.25,4,-0.5
337,2,-4,0.25,4,-1
354,2,-4,0.25,4,-1.5
111,2,-4,0.25,4,-2
316,2,-4,0.25,5,-0.5
199,2,-4,0.25,5,-1
95,2,-4,0.25,5,-1.5
423,2,-4,0.25,5,-2
46,2,-4,0.75,1,-0.5
142,2,-4,0.75,1,-1
58,2,-4,0.75,1,-1.5
46,2,-4,0.75,1,-2
341,2,-4,0.75,2,-0.5
22,2,-4,0.75,2,-1
42,2,-4,0.75,2,-1.5
27,2,-4,0.75,2,-2
194,2,-4,0.75,3,-0.5
92,2,-4,0.75,3,-1
349,2,-4,0.75,3,-1.5
69,2,-4,0.75,3,-2
51,2,-4,0.75,4,-0.5
361,2,-4,0.75,4,-1
368,2,-4,0.75,4,-1.5
35,2,-4,0.75,4,-2
115,2,-4,0.75,5,-0.5
424,2,-4,0.75,5,-1
38,2,-4,0.75,5,-1.5
132,2,-4,0.75,5,-2
43,2,-4,1.25,1,-0.5
28,2,-4,1.25,1,-1
53,2,-4,1.25,1,-1.5
64,2,-4,1.25,1,-2
140,2,-4,1.25,2,-0.5
40,2,-4,1.25,2,-1
69,2,-4,1.25,2,-1.5
176,2,-4,1.25,2,-2
46,2,-4,1.25,3,-0.5
25,2,-4,1.25,3,-1
24,2,-4,1.25,3,-1.5
13,2,-4,1.25,3,-2
27,2,-4,1.25,4,-0.5
35,2,-4,1.25,4,-1
27,2,-4,1.25,4,-1.5
23,2,-4,1.25,4,-2
40,2,-4,1.25,5,-0.5
24,2,-4,1.25,5,-1
42,2,-4,1.25,5,-1.5
15,2,-4,1.25,5,-2
51,2,-4,1.75,1,-0.5
43,2,-4,1.75,1,-1
31,2,-4,1.75,1,-1.5
35,2,-4,1.75,1,-2
49,2,-4,1.75,2,-0.5
36,2,-4,1.75,2,-1
29,2,-4,1.75,2,-1.5
39,2,-4,1.75,2,-2
50,2,-4,1.75,3,-0.5
75,2,-4,1.75,3,-1
51,2,-4,1.75,3,-1.5
21,2,-4,1.75,3,-2
51,2,-4,1.75,4,-0.5
35,2,-4,1.75,4,-1
46,2,-4,1.75,4,-1.5
17,2,-4,1.75,4,-2
40,2,-4,1.75,5,-0.5
40,2,-4,1.75,5,-1
44,2,-4,1.75,5,-1.5
27,2,-4,1.75,5,-2
510,2,-5,0.25,1,-0.5
482,2,-5,0.25,1,-1
407,2,-5,0.25,1,-1.5
366,2,-5,0.25,1,-2
221,2,-5,0.25,2,-0.5
317,2,-5,0.25,2,-1
146,2,-5,0.25,2,-1.5
222,2,-5,0.25,2,-2
386,2,-5,0.25,3,-0.5
317,2,-5,0.25,3,-1
386,2,-5,0.25,3,-1.5
147,2,-5,0.25,3,-2
213,2,-5,0.25,4,-0.5
397,2,-5,0.25,4,-1
118,2,-5,0.25,4,-1.5
148,2,-5,0.25,4,-2
188,2,-5,0.25,5,-0.5
412,2,-5,0.25,5,-1
431,2,-5,0.25,5,-1.5
377,2,-5,0.25,5,-2
121,2,-5,0.75,1,-0.5
353,2,-5,0.75,1,-1
89,2,-5,0.75,1,-1.5
217,2,-5,0.75,1,-2
120,2,-5,0.75,2,-0.5
267,2,-5,0.75,2,-1
420,2,-5,0.75,2,-1.5
42,2,-5,0.75,2,-2
331,2,-5,0.75,3,-0.5
164,2,-5,0.75,3,-1
357,2,-5,0.75,3,-1.5
359,2,-5,0.75,3,-2
45,2,-5,0.75,4,-0.5
165,2,-5,0.75,4,-1
99,2,-5,0.75,4,-1.5
86,2,-5,0.75,4,-2
54,2,-5,0.75,5,-0.5
29,2,-5,0.75,5,-1
228,2,-5,0.75,5,-1.5
43,2,-5,0.75,5,-2
286,2,-5,1.25,1,-0.5
38,2,-5,1.25,1,-1
28,2,-5,1.25,1,-1.5
273,2,-5,1.25,1,-2
673,2,-5,1.25,2,-0.5
40,2,-5,1.25,2,-1
48,2,-5,1.25,2,-1.5
28,2,-5,1.25,2,-2
26,2,-5,1.25,3,-0.5
31,2,-5,1.25,3,-1
32,2,-5,1.25,3,-1.5
27,2,-5,1.25,3,-2
36,2,-5,1.25,4,-0.5
42,2,-5,1.25,4,-1
33,2,-5,1.25,4,-1.5
29,2,-5,1.25,4,-2
40,2,-5,1.25,5,-0.5
41,2,-5,1.25,5,-1
116,2,-5,1.25,5,-1.5
17,2,-5,1.25,5,-2
92,2,-5,1.75,1,-0.5
63,2,-5,1.75,1,-1
27,2,-5,1.75,1,-1.5
72,2,-5,1.75,1,-2
47,2,-5,1.75,2,-0.5
31,2,-5,1.75,2,-1
42,2,-5,1.75,2,-1.5
46,2,-5,1.75,2,-2
42,2,-5,1.75,3,-0.5
39,2,-5,1.75,3,-1
23,2,-5,1.75,3,-1.5
29,2,-5,1.75,3,-2
71,2,-5,1.75,4,-0.5
53,2,-5,1.75,4,-1
17,2,-5,1.75,4,-1.5
63,2,-5,1.75,4,-2
73,2,-5,1.75,5,-0.5
119,2,-5,1.75,5,-1
50,2,-5,1.75,5,-1.5
33,2,-5,1.75,5,-2
200,3,-1,0.25,1,-0.5
145,3,-1,0.25,1,-1
83,3,-1,0.25,1,-1.5
53,3,-1,0.25,1,-2
108,3,-1,0.25,2,-0.5
110,3,-1,0.25,2,-1
78,3,-1,0.25,2,-1.5
51,3,-1,0.25,2,-2
111,3,-1,0.25,3,-0.5
102,3,-1,0.25,3,-1
109,3,-1,0.25,3,-1.5
71,3,-1,0.25,3,-2
306,3,-1,0.25,4,-0.5
135,3,-1,0.25,4,-1
63,3,-1,0.25,4,-1.5
69,3,-1,0.25,4,-2
387,3,-1,0.25,5,-0.5
180,3,-1,0.25,5,-1
112,3,-1,0.25,5,-1.5
98,3,-1,0.25,5,-2
89,3,-1,0.75,1,-0.5
64,3,-1,0.75,1,-1
38,3,-1,0.75,1,-1.5
46,3,-1,0.75,1,-2
40,3,-1,0.75,2,-0.5
80,3,-1,0.75,2,-1
90,3,-1,0.75,2,-1.5
20,3,-1,0.75,2,-2
86,3,-1,0.75,3,-0.5
92,3,-1,0.75,3,-1
63,3,-1,0.75,3,-1.5
36,3,-1,0.75,3,-2
69,3,-1,0.75,4,-0.5
98,3,-1,0.75,4,-1
25,3,-1,0.75,4,-1.5
53,3,-1,0.75,4,-2
94,3,-1,0.75,5,-0.5
80,3,-1,0.75,5,-1
21,3,-1,0.75,5,-1.5
44,3,-1,0.75,5,-2
84,3,-1,1.25,1,-0.5
51,3,-1,1.25,1,-1
68,3,-1,1.25,1,-1.5
61,3,-1,1.25,1,-2
90,3,-1,1.25,2,-0.5
55,3,-1,1.25,2,-1
58,3,-1,1.25,2,-1.5
35,3,-1,1.25,2,-2
89,3,-1,1.25,3,-0.5
63,3,-1,1.25,3,-1
52,3,-1,1.25,3,-1.5
45,3,-1,1.25,3,-2
73,3,-1,1.25,4,-0.5
76,3,-1,1.25,4,-1
63,3,-1,1.25,4,-1.5
53,3,-1,1.25,4,-2
65,3,-1,1.25,5,-0.5
71,3,-1,1.25,5,-1
71,3,-1,1.25,5,-1.5
41,3,-1,1.25,5,-2
129,3,-1,1.75,1,-0.5
121,3,-1,1.75,1,-1
65,3,-1,1.75,1,-1.5
100,3,-1,1.75,1,-2
105,3,-1,1.75,2,-0.5
112,3,-1,1.75,2,-1
99,3,-1,1.75,2,-1.5
82,3,-1,1.75,2,-2
86,3,-1,1.75,3,-0.5
82,3,-1,1.75,3,-1
48,3,-1,1.75,3,-1.5
67,3,-1,1.75,3,-2
126,3,-1,1.75,4,-0.5
79,3,-1,1.75,4,-1
97,3,-1,1.75,4,-1.5
64,3,-1,1.75,4,-2
99,3,-1,1.75,5,-0.5
107,3,-1,1.75,5,-1
97,3,-1,1.75,5,-1.5
70,3,-1,1.75,5,-2
197,3,-2,0.25,1,-0.5
166,3,-2,0.25,1,-1
510,3,-2,0.25,1,-1.5
171,3,-2,0.25,1,-2
294,3,-2,0.25,2,-0.5
136,3,-2,0.25,2,-1
463,3,-2,0.25,2,-1.5
155,3,-2,0.25,2,-2
217,3,-2,0.25,3,-0.5
123,3,-2,0.25,3,-1
61,3,-2,0.25,3,-1.5
85,3,-2,0.25,3,-2
108,3,-2,0.25,4,-0.5
299,3,-2,0.25,4,-1
87,3,-2,0.25,4,-1.5
150,3,-2,0.25,4,-2
383,3,-2,0.25,5,-0.5
290,3,-2,0.25,5,-1
63,3,-2,0.25,5,-1.5
83,3,-2,0.25,5,-2
48,3,-2,0.75,1,-0.5
102,3,-2,0.75,1,-1
73,3,-2,0.75,1,-1.5
25,3,-2,0.75,1,-2
71,3,-2,0.75,2,-0.5
98,3,-2,0.75,2,-1
46,3,-2,0.75,2,-1.5
79,3,-2,0.75,2,-2
89,3,-2,0.75,3,-0.5
42,3,-2,0.75,3,-1
75,3,-2,0.75,3,-1.5
13,3,-2,0.75,3,-2
45,3,-2,0.75,4,-0.5
39,3,-2,0.75,4,-1
37,3,-2,0.75,4,-1.5
43,3,-2,0.75,4,-2
44,3,-2,0.75,5,-0.5
84,3,-2,0.75,5,-1
67,3,-2,0.75,5,-1.5
58,3,-2,0.75,5,-2
65,3,-2,1.25,1,-0.5
42,3,-2,1.25,1,-1
52,3,-2,1.25,1,-1.5
42,3,-2,1.25,1,-2
70,3,-2,1.25,2,-0.5
36,3,-2,1.25,2,-1
55,3,-2,1.25,2,-1.5
58,3,-2,1.25,2,-2
41,3,-2,1.25,3,-0.5
40,3,-2,1.25,3,-1
29,3,-2,1.25,3,-1.5
50,3,-2,1.25,3,-2
29,3,-2,1.25,4,-0.5
22,3,-2,1.25,4,-1
18,3,-2,1.25,4,-1.5
37,3,-2,1.25,4,-2
56,3,-2,1.25,5,-0.5
25,3,-2,1.25,5,-1
36,3,-2,1.25,5,-1.5
33,3,-2,1.25,5,-2
57,3,-2,1.75,1,-0.5
66,3,-2,1.75,1,-1
46,3,-2,1.75,1,-1.5
56,3,-2,1.75,1,-2
82,3,-2,1.75,2,-0.5
41,3,-2,1.75,2,-1
73,3,-2,1.75,2,-1.5
51,3,-2,1.75,2,-2
67,3,-2,1.75,3,-0.5
42,3,-2,1.75,3,-1
57,3,-2,1.75,3,-1.5
48,3,-2,1.75,3,-2
83,3,-2,1.75,4,-0.5
53,3,-2,1.75,4,-1
75,3,-2,1.75,4,-1.5
55,3,-2,1.75,4,-2
54,3,-2,1.75,5,-0.5
52,3,-2,1.75,5,-1
59,3,-2,1.75,5,-1.5
42,3,-2,1.75,5,-2
186,3,-3,0.25,1,-0.5
397,3,-3,0.25,1,-1
194,3,-3,0.25,1,-1.5
78,3,-3,0.25,1,-2
195,3,-3,0.25,2,-0.5
137,3,-3,0.25,2,-1
104,3,-3,0.25,2,-1.5
107,3,-3,0.25,2,-2
444,3,-3,0.25,3,-0.5
191,3,-3,0.25,3,-1
169,3,-3,0.25,3,-1.5
113,3,-3,0.25,3,-2
138,3,-3,0.25,4,-0.5
112,3,-3,0.25,4,-1
198,3,-3,0.25,4,-1.5
273,3,-3,0.25,4,-2
305,3,-3,0.25,5,-0.5
216,3,-3,0.25,5,-1
137,3,-3,0.25,5,-1.5
87,3,-3,0.25,5,-2
78,3,-3,0.75,1,-0.5
413,3,-3,0.75,1,-1
72,3,-3,0.75,1,-1.5
66,3,-3,0.75,1,-2
124,3,-3,0.75,2,-0.5
156,3,-3,0.75,2,-1
28,3,-3,0.75,2,-1.5
47,3,-3,0.75,2,-2
98,3,-3,0.75,3,-0.5
60,3,-3,0.75,3,-1
186,3,-3,0.75,3,-1.5
30,3,-3,0.75,3,-2
86,3,-3,0.75,4,-0.5
26,3,-3,0.75,4,-1
18,3,-3,0.75,4,-1.5
66,3,-3,0.75,4,-2
31,3,-3,0.75,5,-0.5
100,3,-3,0.75,5,-1
36,3,-3,0.75,5,-1.5
57,3,-3,0.75,5,-2
55,3,-3,1.25,1,-0.5
45,3,-3,1.25,1,-1
54,3,-3,1.25,1,-1.5
58,3,-3,1.25,1,-2
27,3,-3,1.25,2,-0.5
31,3,-3,1.25,2,-1
47,3,-3,1.25,2,-1.5
55,3,-3,1.25,2,-2
70,3,-3,1.25,3,-0.5
137,3,-3,1.25,3,-1
76,3,-3,1.25,3,-1.5
44,3,-3,1.25,3,-2
64,3,-3,1.25,4,-0.5
23,3,-3,1.25,4,-1
63,3,-3,1.25,4,-1.5
25,3,-3,1.25,4,-2
33,3,-3,1.25,5,-0.5
20,3,-3,1.25,5,-1
40,3,-3,1.25,5,-1.5
51,3,-3,1.25,5,-2
83,3,-3,1.75,1,-0.5
50,3,-3,1.75,1,-1
45,3,-3,1.75,1,-1.5
48,3,-3,1.75,1,-2
44,3,-3,1.75,2,-0.5
54,3,-3,1.75,2,-1
21,3,-3,1.75,2,-1.5
37,3,-3,1.75,2,-2
58,3,-3,1.75,3,-0.5
39,3,-3,1.75,3,-1
61,3,-3,1.75,3,-1.5
20,3,-3,1.75,3,-2
46,3,-3,1.75,4,-0.5
31,3,-3,1.75,4,-1
20,3,-3,1.75,4,-1.5
31,3,-3,1.75,4,-2
53,3,-3,1.75,5,-0.5
37,3,-3,1.75,5,-1
38,3,-3,1.75,5,-1.5
23,3,-3,1.75,5,-2
320,3,-4,0.25,1,-0.5
415,3,-4,0.25,1,-1
264,3,-4,0.25,1,-1.5
362,3,-4,0.25,1,-2
252,3,-4,0.25,2,-0.5
183,3,-4,0.25,2,-1
162,3,-4,0.25,2,-1.5
150,3,-4,0.25,2,-2
437,3,-4,0.25,3,-0.5
100,3,-4,0.25,3,-1
182,3,-4,0.25,3,-1.5
198,3,-4,0.25,3,-2
372,3,-4,0.25,4,-0.5
139,3,-4,0.25,4,-1
105,3,-4,0.25,4,-1.5
97,3,-4,0.25,4,-2
456,3,-4,0.25,5,-0.5
174,3,-4,0.25,5,-1
326,3,-4,0.25,5,-1.5
148,3,-4,0.25,5,-2
401,3,-4,0.75,1,-0.5
73,3,-4,0.75,1,-1
247,3,-4,0.75,1,-1.5
156,3,-4,0.75,1,-2
417,3,-4,0.75,2,-0.5
64,3,-4,0.75,2,-1
115,3,-4,0.75,2,-1.5
65,3,-4,0.75,2,-2
172,3,-4,0.75,3,-0.5
48,3,-4,0.75,3,-1
28,3,-4,0.75,3,-1.5
259,3,-4,0.75,3,-2
259,3,-4,0.75,4,-0.5
187,3,-4,0.75,4,-1
379,3,-4,0.75,4,-1.5
62,3,-4,0.75,4,-2
110,3,-4,0.75,5,-0.5
46,3,-4,0.75,5,-1
37,3,-4,0.75,5,-1.5
53,3,-4,0.75,5,-2
440,3,-4,1.25,1,-0.5
41,3,-4,1.25,1,-1
66,3,-4,1.25,1,-1.5
32,3,-4,1.25,1,-2
68,3,-4,1.25,2,-0.5
33,3,-4,1.25,2,-1
37,3,-4,1.25,2,-1.5
58,3,-4,1.25,2,-2
52,3,-4,1.25,3,-0.5
25,3,-4,1.25,3,-1
133,3,-4,1.25,3,-1.5
16,3,-4,1.25,3,-2
125,3,-4,1.25,4,-0.5
25,3,-4,1.25,4,-1
48,3,-4,1.25,4,-1.5
15,3,-4,1.25,4,-2
41,3,-4,1.25,5,-0.5
29,3,-4,1.25,5,-1
43,3,-4,1.25,5,-1.5
28,3,-4,1.25,5,-2
92,3,-4,1.75,1,-0.5
62,3,-4,1.75,1,-1
41,3,-4,1.75,1,-1.5
46,3,-4,1.75,1,-2
87,3,-4,1.75,2,-0.5
27,3,-4,1.75,2,-1
34,3,-4,1.75,2,-1.5
37,3,-4,1.75,2,-2
33,3,-4,1.75,3,-0.5
37,3,-4,1.75,3,-1
18,3,-4,1.75,3,-1.5
34,3,-4,1.75,3,-2
37,3,-4,1.75,4,-0.5
44,3,-4,1.75,4,-1
23,3,-4,1.75,4,-1.5
39,3,-4,1.75,4,-2
78,3,-4,1.75,5,-0.5
48,3,-4,1.75,5,-1
59,3,-4,1.75,5,-1.5
25,3,-4,1.75,5,-2
490,3,-5,0.25,1,-0.5
395,3,-5,0.25,1,-1
167,3,-5,0.25,1,-1.5
322,3,-5,0.25,1,-2
547,3,-5,0.25,2,-0.5
311,3,-5,0.25,2,-1
121,3,-5,0.25,2,-1.5
175,3,-5,0.25,2,-2
479,3,-5,0.25,3,-0.5
436,3,-5,0.25,3,-1
360,3,-5,0.25,3,-1.5
173,3,-5,0.25,3,-2
394,3,-5,0.25,4,-0.5
83,3,-5,0.25,4,-1
243,3,-5,0.25,4,-1.5
142,3,-5,0.25,4,-2
394,3,-5,0.25,5,-0.5
168,3,-5,0.25,5,-1
128,3,-5,0.25,5,-1.5
419,3,-5,0.25,5,-2
59,3,-5,0.75,1,-0.5
88,3,-5,0.75,1,-1
89,3,-5,0.75,1,-1.5
65,3,-5,0.75,1,-2
594,3,-5,0.75,2,-0.5
346,3,-5,0.75,2,-1
160,3,-5,0.75,2,-1.5
65,3,-5,0.75,2,-2
53,3,-5,0.75,3,-0.5
346,3,-5,0.75,3,-1
61,3,-5,0.75,3,-1.5
204,3,-5,0.75,3,-2
100,3,-5,0.75,4,-0.5
69,3,-5,0.75,4,-1
222,3,-5,0.75,4,-1.5
42,3,-5,0.75,4,-2
30,3,-5,0.75,5,-0.5
352,3,-5,0.75,5,-1
42,3,-5,0.75,5,-1.5
63,3,-5,0.75,5,-2
79,3,-5,1.25,1,-0.5
380,3,-5,1.25,1,-1
47,3,-5,1.25,1,-1.5
65,3,-5,1.25,1,-2
76,3,-5,1.25,2,-0.5
141,3,-5,1.25,2,-1
42,3,-5,1.25,2,-1.5
100,3,-5,1.25,2,-2
84,3,-5,1.25,3,-0.5
28,3,-5,1.25,3,-1
57,3,-5,1.25,3,-1.5
77,3,-5,1.25,3,-2
568,3,-5,1.25,4,-0.5
42,3,-5,1.25,4,-1
48,3,-5,1.25,4,-1.5
21,3,-5,1.25,4,-2
57,3,-5,1.25,5,-0.5
55,3,-5,1.25,5,-1
53,3,-5,1.25,5,-1.5
294,3,-5,1.25,5,-2
49,3,-5,1.75,1,-0.5
50,3,-5,1.75,1,-1
49,3,-5,1.75,1,-1.5
24,3,-5,1.75,1,-2
50,3,-5,1.75,2,-0.5
39,3,-5,1.75,2,-1
23,3,-5,1.75,2,-1.5
27,3,-5,1.75,2,-2
94,3,-5,1.75,3,-0.5
68,3,-5,1.75,3,-1
33,3,-5,1.75,3,-1.5
25,3,-5,1.75,3,-2
41,3,-5,1.75,4,-0.5
41,3,-5,1.75,4,-1
31,3,-5,1.75,4,-1.5
45,3,-5,1.75,4,-2
81,3,-5,1.75,5,-0.5
18,3,-5,1.75,5,-1
18,3,-5,1.75,5,-1.5
20,3,-5,1.75,5,-2
179,4,-1,0.25,1,-0.5
356,4,-1,0.25,1,-1
215,4,-1,0.25,1,-1.5
91,4,-1,0.25,1,-2
263,4,-1,0.25,2,-0.5
135,4,-1,0.25,2,-1
167,4,-1,0.25,2,-1.5
104,4,-1,0.25,2,-2
158,4,-1,0.25,3,-0.5
147,4,-1,0.25,3,-1
123,4,-1,0.25,3,-1.5
81,4,-1,0.25,3,-2
148,4,-1,0.25,4,-0.5
113,4,-1,0.25,4,-1
84,4,-1,0.25,4,-1.5
66,4,-1,0.25,4,-2
249,4,-1,0.25,5,-0.5
198,4,-1,0.25,5,-1
94,4,-1,0.25,5,-1.5
76,4,-1,0.25,5,-2
147,4,-1,0.75,1,-0.5
95,4,-1,0.75,1,-1
87,4,-1,0.75,1,-1.5
41,4,-1,0.75,1,-2
96,4,-1,0.75,2,-0.5
86,4,-1,0.75,2,-1
102,4,-1,0.75,2,-1.5
71,4,-1,0.75,2,-2
116,4,-1,0.75,3,-0.5
103,4,-1,0.75,3,-1
84,4,-1,0.75,3,-1.5
76,4,-1,0.75,3,-2
101,4,-1,0.75,4,-0.5
72,4,-1,0.75,4,-1
66,4,-1,0.75,4,-1.5
76,4,-1,0.75,4,-2
100,4,-1,0.75,5,-0.5
83,4,-1,0.75,5,-1
92,4,-1,0.75,5,-1.5
59,4,-1,0.75,5,-2
100,4,-1,1.25,1,-0.5
115,4,-1,1.25,1,-1
79,4,-1,1.25,1,-1.5
81,4,-1,1.25,1,-2
105,4,-1,1.25,2,-0.5
72,4,-1,1.25,2,-1
73,4,-1,1.25,2,-1.5
23,4,-1,1.25,2,-2
82,4,-1,1.25,3,-0.5
90,4,-1,1.25,3,-1
55,4,-1,1.25,3,-1.5
54,4,-1,1.25,3,-2
93,4,-1,1.25,4,-0.5
44,4,-1,1.25,4,-1
56,4,-1,1.25,4,-1.5
63,4,-1,1.25,4,-2
90,4,-1,1.25,5,-0.5
96,4,-1,1.25,5,-1
62,4,-1,1.25,5,-1.5
56,4,-1,1.25,5,-2
145,4,-1,1.75,1,-0.5
85,4,-1,1.75,1,-1
84,4,-1,1.75,1,-1.5
63,4,-1,1.75,1,-2
110,4,-1,1.75,2,-0.5
105,4,-1,1.75,2,-1
77,4,-1,1.75,2,-1.5
74,4,-1,1.75,2,-2
93,4,-1,1.75,3,-0.5
93,4,-1,1.75,3,-1
73,4,-1,1.75,3,-1.5
59,4,-1,1.75,3,-2
106,4,-1,1.75,4,-0.5
96,4,-1,1.75,4,-1
89,4,-1,1.75,4,-1.5
55,4,-1,1.75,4,-2
93,4,-1,1.75,5,-0.5
78,4,-1,1.75,5,-1
64,4,-1,1.75,5,-1.5
46,4,-1,1.75,5,-2
235,4,-2,0.25,1,-0.5
342,4,-2,0.25,1,-1
306,4,-2,0.25,1,-1.5
188,4,-2,0.25,1,-2
202,4,-2,0.25,2,-0.5
179,4,-2,0.25,2,-1
164,4,-2,0.25,2,-1.5
74,4,-2,0.25,2,-2
249,4,-2,0.25,3,-0.5
155,4,-2,0.25,3,-1
138,4,-2,0.25,3,-1.5
72,4,-2,0.25,3,-2
500,4,-2,0.25,4,-0.5
236,4,-2,0.25,4,-1
113,4,-2,0.25,4,-1.5
62,4,-2,0.25,4,-2
355,4,-2,0.25,5,-0.5
513,4,-2,0.25,5,-1
164,4,-2,0.25,5,-1.5
338,4,-2,0.25,5,-2
122,4,-2,0.75,1,-0.5
116,4,-2,0.75,1,-1
62,4,-2,0.75,1,-1.5
42,4,-2,0.75,1,-2
106,4,-2,0.75,2,-0.5
144,4,-2,0.75,2,-1
234,4,-2,0.75,2,-1.5
39,4,-2,0.75,2,-2
206,4,-2,0.75,3,-0.5
73,4,-2,0.75,3,-1
46,4,-2,0.75,3,-1.5
33,4,-2,0.75,3,-2
35,4,-2,0.75,4,-0.5
51,4,-2,0.75,4,-1
56,4,-2,0.75,4,-1.5
60,4,-2,0.75,4,-2
94,4,-2,0.75,5,-0.5
90,4,-2,0.75,5,-1
44,4,-2,0.75,5,-1.5
130,4,-2,0.75,5,-2
62,4,-2,1.25,1,-0.5
37,4,-2,1.25,1,-1
71,4,-2,1.25,1,-1.5
66,4,-2,1.25,1,-2
55,4,-2,1.25,2,-0.5
34,4,-2,1.25,2,-1
22,4,-2,1.25,2,-1.5
28,4,-2,1.25,2,-2
74,4,-2,1.25,3,-0.5
77,4,-2,1.25,3,-1
48,4,-2,1.25,3,-1.5
81,4,-2,1.25,3,-2
57,4,-2,1.25,4,-0.5
36,4,-2,1.25,4,-1
62,4,-2,1.25,4,-1.5
23,4,-2,1.25,4,-2
60,4,-2,1.25,5,-0.5
40,4,-2,1.25,5,-1
75,4,-2,1.25,5,-1.5
52,4,-2,1.25,5,-2
95,4,-2,1.75,1,-0.5
85,4,-2,1.75,1,-1
61,4,-2,1.75,1,-1.5
35,4,-2,1.75,1,-2
73,4,-2,1.75,2,-0.5
66,4,-2,1.75,2,-1
67,4,-2,1.75,2,-1.5
71,4,-2,1.75,2,-2
82,4,-2,1.75,3,-0.5
35,4,-2,1.75,3,-1
41,4,-2,1.75,3,-1.5
41,4,-2,1.75,3,-2
75,4,-2,1.75,4,-0.5
49,4,-2,1.75,4,-1
53,4,-2,1.75,4,-1.5
55,4,-2,1.75,4,-2
73,4,-2,1.75,5,-0.5
60,4,-2,1.75,5,-1
41,4,-2,1.75,5,-1.5
55,4,-2,1.75,5,-2
160,4,-3,0.25,1,-0.5
142,4,-3,0.25,1,-1
304,4,-3,0.25,1,-1.5
228,4,-3,0.25,1,-2
181,4,-3,0.25,2,-0.5
345,4,-3,0.25,2,-1
192,4,-3,0.25,2,-1.5
167,4,-3,0.25,2,-2
407,4,-3,0.25,3,-0.5
211,4,-3,0.25,3,-1
428,4,-3,0.25,3,-1.5
216,4,-3,0.25,3,-2
317,4,-3,0.25,4,-0.5
249,4,-3,0.25,4,-1
159,4,-3,0.25,4,-1.5
153,4,-3,0.25,4,-2
374,4,-3,0.25,5,-0.5
376,4,-3,0.25,5,-1
241,4,-3,0.25,5,-1.5
153,4,-3,0.25,5,-2
208,4,-3,0.75,1,-0.5
100,4,-3,0.75,1,-1
82,4,-3,0.75,1,-1.5
36,4,-3,0.75,1,-2
375,4,-3,0.75,2,-0.5
341,4,-3,0.75,2,-1
70,4,-3,0.75,2,-1.5
113,4,-3,0.75,2,-2
168,4,-3,0.75,3,-0.5
58,4,-3,0.75,3,-1
98,4,-3,0.75,3,-1.5
44,4,-3,0.75,3,-2
485,4,-3,0.75,4,-0.5
50,4,-3,0.75,4,-1
50,4,-3,0.75,4,-1.5
81,4,-3,0.75,4,-2
212,4,-3,0.75,5,-0.5
63,4,-3,0.75,5,-1
484,4,-3,0.75,5,-1.5
121,4,-3,0.75,5,-2
89,4,-3,1.25,1,-0.5
43,4,-3,1.25,1,-1
69,4,-3,1.25,1,-1.5
19,4,-3,1.25,1,-2
56,4,-3,1.25,2,-0.5
34,4,-3,1.25,2,-1
45,4,-3,1.25,2,-1.5
56,4,-3,1.25,2,-2
38,4,-3,1.25,3,-0.5
24,4,-3,1.25,3,-1
45,4,-3,1.25,3,-1.5
38,4,-3,1.25,3,-2
67,4,-3,1.25,4,-0.5
165,4,-3,1.25,4,-1
57,4,-3,1.25,4,-1.5
37,4,-3,1.25,4,-2
64,4,-3,1.25,5,-0.5
45,4,-3,1.25,5,-1
57,4,-3,1.25,5,-1.5
68,4,-3,1.25,5,-2
74,4,-3,1.75,1,-0.5
40,4,-3,1.75,1,-1
51,4,-3,1.75,1,-1.5
36,4,-3,1.75,1,-2
58,4,-3,1.75,2,-0.5
36,4,-3,1.75,2,-1
34,4,-3,1.75,2,-1.5
54,4,-3,1.75,2,-2
76,4,-3,1.75,3,-0.5
50,4,-3,1.75,3,-1
32,4,-3,1.75,3,-1.5
52,4,-3,1.75,3,-2
44,4,-3,1.75,4,-0.5
44,4,-3,1.75,4,-1
103,4,-3,1.75,4,-1.5
43,4,-3,1.75,4,-2
63,4,-3,1.75,5,-0.5
25,4,-3,1.75,5,-1
69,4,-3,1.75,5,-1.5
36,4,-3,1.75,5,-2
301,4,-4,0.25,1,-0.5
260,4,-4,0.25,1,-1
168,4,-4,0.25,1,-1.5
456,4,-4,0.25,1,-2
397,4,-4,0.25,2,-0.5
404,4,-4,0.25,2,-1
183,4,-4,0.25,2,-1.5
92,4,-4,0.25,2,-2
354,4,-4,0.25,3,-0.5
400,4,-4,0.25,3,-1
165,4,-4,0.25,3,-1.5
102,4,-4,0.25,3,-2
399,4,-4,0.25,4,-0.5
205,4,-4,0.25,4,-1
113,4,-4,0.25,4,-1.5
221,4,-4,0.25,4,-2
411,4,-4,0.25,5,-0.5
467,4,-4,0.25,5,-1
196,4,-4,0.25,5,-1.5
314,4,-4,0.25,5,-2
255,4,-4,0.75,1,-0.5
323,4,-4,0.75,1,-1
181,4,-4,0.75,1,-1.5
150,4,-4,0.75,1,-2
93,4,-4,0.75,2,-0.5
123,4,-4,0.75,2,-1
257,4,-4,0.75,2,-1.5
75,4,-4,0.75,2,-2
74,4,-4,0.75,3,-0.5
168,4,-4,0.75,3,-1
298,4,-4,0.75,3,-1.5
143,4,-4,0.75,3,-2
349,4,-4,0.75,4,-0.5
65,4,-4,0.75,4,-1
138,4,-4,0.75,4,-1.5
89,4,-4,0.75,4,-2
61,4,-4,0.75,5,-0.5
102,4,-4,0.75,5,-1
341,4,-4,0.75,5,-1.5
34,4,-4,0.75,5,-2
111,4,-4,1.25,1,-0.5
58,4,-4,1.25,1,-1
103,4,-4,1.25,1,-1.5
94,4,-4,1.25,1,-2
38,4,-4,1.25,2,-0.5
33,4,-4,1.25,2,-1
64,4,-4,1.25,2,-1.5
78,4,-4,1.25,2,-2
90,4,-4,1.25,3,-0.5
75,4,-4,1.25,3,-1
27,4,-4,1.25,3,-1.5
29,4,-4,1.25,3,-2
99,4,-4,1.25,4,-0.5
171,4,-4,1.25,4,-1
193,4,-4,1.25,4,-1.5
42,4,-4,1.25,4,-2
33,4,-4,1.25,5,-0.5
93,4,-4,1.25,5,-1
79,4,-4,1.25,5,-1.5
34,4,-4,1.25,5,-2
55,4,-4,1.75,1,-0.5
32,4,-4,1.75,1,-1
60,4,-4,1.75,1,-1.5
44,4,-4,1.75,1,-2
59,4,-4,1.75,2,-0.5
30,4,-4,1.75,2,-1
41,4,-4,1.75,2,-1.5
35,4,-4,1.75,2,-2
62,4,-4,1.75,3,-0.5
91,4,-4,1.75,3,-1
30,4,-4,1.75,3,-1.5
55,4,-4,1.75,3,-2
54,4,-4,1.75,4,-0.5
50,4,-4,1.75,4,-1
71,4,-4,1.75,4,-1.5
71,4,-4,1.75,4,-2
34,4,-4,1.75,5,-0.5
28,4,-4,1.75,5,-1
24,4,-4,1.75,5,-1.5
27,4,-4,1.75,5,-2
507,4,-5,0.25,1,-0.5
358,4,-5,0.25,1,-1
364,4,-5,0.25,1,-1.5
365,4,-5,0.25,1,-2
209,4,-5,0.25,2,-0.5
359,4,-5,0.25,2,-1
281,4,-5,0.25,2,-1.5
265,4,-5,0.25,2,-2
322,4,-5,0.25,3,-0.5
268,4,-5,0.25,3,-1
178,4,-5,0.25,3,-1.5
295,4,-5,0.25,3,-2
591,4,-5,0.25,4,-0.5
351,4,-5,0.25,4,-1
324,4,-5,0.25,4,-1.5
408,4,-5,0.25,4,-2
407,4,-5,0.25,5,-0.5
287,4,-5,0.25,5,-1
347,4,-5,0.25,5,-1.5
489,4,-5,0.25,5,-2
189,4,-5,0.75,1,-0.5
245,4,-5,0.75,1,-1
118,4,-5,0.75,1,-1.5
55,4,-5,0.75,1,-2
419,4,-5,0.75,2,-0.5
416,4,-5,0.75,2,-1
350,4,-5,0.75,2,-1.5
229,4,-5,0.75,2,-2
228,4,-5,0.75,3,-0.5
199,4,-5,0.75,3,-1
73,4,-5,0.75,3,-1.5
459,4,-5,0.75,3,-2
150,4,-5,0.75,4,-0.5
95,4,-5,0.75,4,-1
129,4,-5,0.75,4,-1.5
271,4,-5,0.75,4,-2
241,4,-5,0.75,5,-0.5
119,4,-5,0.75,5,-1
63,4,-5,0.75,5,-1.5
77,4,-5,0.75,5,-2
50,4,-5,1.25,1,-0.5
102,4,-5,1.25,1,-1
54,4,-5,1.25,1,-1.5
40,4,-5,1.25,1,-2
28,4,-5,1.25,2,-0.5
179,4,-5,1.25,2,-1
45,4,-5,1.25,2,-1.5
80,4,-5,1.25,2,-2
62,4,-5,1.25,3,-0.5
98,4,-5,1.25,3,-1
82,4,-5,1.25,3,-1.5
66,4,-5,1.25,3,-2
57,4,-5,1.25,4,-0.5
30,4,-5,1.25,4,-1
335,4,-5,1.25,4,-1.5
23,4,-5,1.25,4,-2
59,4,-5,1.25,5,-0.5
149,4,-5,1.25,5,-1
197,4,-5,1.25,5,-1.5
52,4,-5,1.25,5,-2
92,4,-5,1.75,1,-0.5
101,4,-5,1.75,1,-1
107,4,-5,1.75,1,-1.5
56,4,-5,1.75,1,-2
84,4,-5,1.75,2,-0.5
20,4,-5,1.75,2,-1
71,4,-5,1.75,2,-1.5
91,4,-5,1.75,2,-2
62,4,-5,1.75,3,-0.5
32,4,-5,1.75,3,-1
45,4,-5,1.75,3,-1.5
273,4,-5,1.75,3,-2
24,4,-5,1.75,4,-0.5
41,4,-5,1.75,4,-1
28,4,-5,1.75,4,-1.5
37,4,-5,1.75,4,-2
68,4,-5,1.75,5,-0.5
53,4,-5,1.75,5,-1
42,4,-5,1.75,5,-1.5
23,4,-5,1.75,5,-2
274,5,-1,0.25,1,-0.5
181,5,-1,0.25,1,-1
112,5,-1,0.25,1,-1.5
109,5,-1,0.25,1,-2
231,5,-1,0.25,2,-0.5
397,5,-1,0.25,2,-1
182,5,-1,0.25,2,-1.5
105,5,-1,0.25,2,-2
215,5,-1,0.25,3,-0.5
189,5,-1,0.25,3,-1
174,5,-1,0.25,3,-1.5
121,5,-1,0.25,3,-2
221,5,-1,0.25,4,-0.5
204,5,-1,0.25,4,-1
115,5,-1,0.25,4,-1.5
148,5,-1,0.25,4,-2
322,5,-1,0.25,5,-0.5
234,5,-1,0.25,5,-1
161,5,-1,0.25,5,-1.5
213,5,-1,0.25,5,-2
144,5,-1,0.75,1,-0.5
149,5,-1,0.75,1,-1
97,5,-1,0.75,1,-1.5
104,5,-1,0.75,1,-2
143,5,-1,0.75,2,-0.5
124,5,-1,0.75,2,-1
91,5,-1,0.75,2,-1.5
110,5,-1,0.75,2,-2
102,5,-1,0.75,3,-0.5
91,5,-1,0.75,3,-1
121,5,-1,0.75,3,-1.5
74,5,-1,0.75,3,-2
239,5,-1,0.75,4,-0.5
87,5,-1,0.75,4,-1
73,5,-1,0.75,4,-1.5
97,5,-1,0.75,4,-2
125,5,-1,0.75,5,-0.5
139,5,-1,0.75,5,-1
70,5,-1,0.75,5,-1.5
89,5,-1,0.75,5,-2
97,5,-1,1.25,1,-0.5
109,5,-1,1.25,1,-1
101,5,-1,1.25,1,-1.5
84,5,-1,1.25,1,-2
123,5,-1,1.25,2,-0.5
84,5,-1,1.25,2,-1
102,5,-1,1.25,2,-1.5
70,5,-1,1.25,2,-2
99,5,-1,1.25,3,-0.5
50,5,-1,1.25,3,-1
84,5,-1,1.25,3,-1.5
67,5,-1,1.25,3,-2
105,5,-1,1.25,4,-0.5
111,5,-1,1.25,4,-1
71,5,-1,1.25,4,-1.5
59,5,-1,1.25,4,-2
104,5,-1,1.25,5,-0.5
73,5,-1,1.25,5,-1
86,5,-1,1.25,5,-1.5
65,5,-1,1.25,5,-2
122,5,-1,1.75,1,-0.5
116,5,-1,1.75,1,-1
98,5,-1,1.75,1,-1.5
83,5,-1,1.75,1,-2
113,5,-1,1.75,2,-0.5
101,5,-1,1.75,2,-1
66,5,-1,1.75,2,-1.5
81,5,-1,1.75,2,-2
128,5,-1,1.75,3,-0.5
72,5,-1,1.75,3,-1
77,5,-1,1.75,3,-1.5
76,5,-1,1.75,3,-2
84,5,-1,1.75,4,-0.5
79,5,-1,1.75,4,-1
75,5,-1,1.75,4,-1.5
48,5,-1,1.75,4,-2
123,5,-1,1.75,5,-0.5
85,5,-1,1.75,5,-1
93,5,-1,1.75,5,-1.5
68,5,-1,1.75,5,-2
428,5,-2,0.25,1,-0.5
266,5,-2,0.25,1,-1
344,5,-2,0.25,1,-1.5
227,5,-2,0.25,1,-2
323,5,-2,0.25,2,-0.5
129,5,-2,0.25,2,-1
158,5,-2,0.25,2,-1.5
161,5,-2,0.25,2,-2
189,5,-2,0.25,3,-0.5
128,5,-2,0.25,3,-1
355,5,-2,0.25,3,-1.5
93,5,-2,0.25,3,-2
299,5,-2,0.25,4,-0.5
403,5,-2,0.25,4,-1
379,5,-2,0.25,4,-1.5
106,5,-2,0.25,4,-2
254,5,-2,0.25,5,-0.5
81,5,-2,0.25,5,-1
352,5,-2,0.25,5,-1.5
79,5,-2,0.25,5,-2
134,5,-2,0.75,1,-0.5
284,5,-2,0.75,1,-1
52,5,-2,0.75,1,-1.5
68,5,-2,0.75,1,-2
241,5,-2,0.75,2,-0.5
351,5,-2,0.75,2,-1
89,5,-2,0.75,2,-1.5
77,5,-2,0.75,2,-2
101,5,-2,0.75,3,-0.5
156,5,-2,0.75,3,-1
101,5,-2,0.75,3,-1.5
86,5,-2,0.75,3,-2
139,5,-2,0.75,4,-0.5
223,5,-2,0.75,4,-1
136,5,-2,0.75,4,-1.5
58,5,-2,0.75,4,-2
120,5,-2,0.75,5,-0.5
77,5,-2,0.75,5,-1
90,5,-2,0.75,5,-1.5
82,5,-2,0.75,5,-2
135,5,-2,1.25,1,-0.5
69,5,-2,1.25,1,-1
36,5,-2,1.25,1,-1.5
91,5,-2,1.25,1,-2
115,5,-2,1.25,2,-0.5
87,5,-2,1.25,2,-1
76,5,-2,1.25,2,-1.5
58,5,-2,1.25,2,-2
92,5,-2,1.25,3,-0.5
57,5,-2,1.25,3,-1
42,5,-2,1.25,3,-1.5
26,5,-2,1.25,3,-2
116,5,-2,1.25,4,-0.5
41,5,-2,1.25,4,-1
44,5,-2,1.25,4,-1.5
61,5,-2,1.25,4,-2
104,5,-2,1.25,5,-0.5
47,5,-2,1.25,5,-1
59,5,-2,1.25,5,-1.5
76,5,-2,1.25,5,-2
79,5,-2,1.75,1,-0.5
68,5,-2,1.75,1,-1
56,5,-2,1.75,1,-1.5
78,5,-2,1.75,1,-2
71,5,-2,1.75,2,-0.5
55,5,-2,1.75,2,-1
35,5,-2,1.75,2,-1.5
49,5,-2,1.75,2,-2
86,5,-2,1.75,3,-0.5
57,5,-2,1.75,3,-1
58,5,-2,1.75,3,-1.5
36,5,-2,1.75,3,-2
68,5,-2,1.75,4,-0.5
43,5,-2,1.75,4,-1
50,5,-2,1.75,4,-1.5
59,5,-2,1.75,4,-2
62,5,-2,1.75,5,-0.5
58,5,-2,1.75,5,-1
58,5,-2,1.75,5,-1.5
25,5,-2,1.75,5,-2
310,5,-3,0.25,1,-0.5
353,5,-3,0.25,1,-1
224,5,-3,0.25,1,-1.5
257,5,-3,0.25,1,-2
237,5,-3,0.25,2,-0.5
279,5,-3,0.25,2,-1
276,5,-3,0.25,2,-1.5
305,5,-3,0.25,2,-2
530,5,-3,0.25,3,-0.5
99,5,-3,0.25,3,-1
425,5,-3,0.25,3,-1.5
285,5,-3,0.25,3,-2
384,5,-3,0.25,4,-0.5
269,5,-3,0.25,4,-1
335,5,-3,0.25,4,-1.5
499,5,-3,0.25,4,-2
440,5,-3,0.25,5,-0.5
478,5,-3,0.25,5,-1
161,5,-3,0.25,5,-1.5
74,5,-3,0.25,5,-2
236,5,-3,0.75,1,-0.5
192,5,-3,0.75,1,-1
170,5,-3,0.75,1,-1.5
125,5,-3,0.75,1,-2
131,5,-3,0.75,2,-0.5
430,5,-3,0.75,2,-1
216,5,-3,0.75,2,-1.5
82,5,-3,0.75,2,-2
116,5,-3,0.75,3,-0.5
90,5,-3,0.75,3,-1
174,5,-3,0.75,3,-1.5
70,5,-3,0.75,3,-2
217,5,-3,0.75,4,-0.5
166,5,-3,0.75,4,-1
75,5,-3,0.75,4,-1.5
46,5,-3,0.75,4,-2
437,5,-3,0.75,5,-0.5
207,5,-3,0.75,5,-1
82,5,-3,0.75,5,-1.5
65,5,-3,0.75,5,-2
478,5,-3,1.25,1,-0.5
110,5,-3,1.25,1,-1
58,5,-3,1.25,1,-1.5
51,5,-3,1.25,1,-2
84,5,-3,1.25,2,-0.5
58,5,-3,1.25,2,-1
71,5,-3,1.25,2,-1.5
34,5,-3,1.25,2,-2
83,5,-3,1.25,3,-0.5
75,5,-3,1.25,3,-1
58,5,-3,1.25,3,-1.5
45,5,-3,1.25,3,-2
69,5,-3,1.25,4,-0.5
86,5,-3,1.25,4,-1
44,5,-3,1.25,4,-1.5
65,5,-3,1.25,4,-2
98,5,-3,1.25,5,-0.5
96,5,-3,1.25,5,-1
46,5,-3,1.25,5,-1.5
57,5,-3,1.25,5,-2
82,5,-3,1.75,1,-0.5
59,5,-3,1.75,1,-1
53,5,-3,1.75,1,-1.5
65,5,-3,1.75,1,-2
68,5,-3,1.75,2,-0.5
51,5,-3,1.75,2,-1
42,5,-3,1.75,2,-1.5
67,5,-3,1.75,2,-2
50,5,-3,1.75,3,-0.5
38,5,-3,1.75,3,-1
20,5,-3,1.75,3,-1.5
49,5,-3,1.75,3,-2
99,5,-3,1.75,4,-0.5
65,5,-3,1.75,4,-1
71,5,-3,1.75,4,-1.5
43,5,-3,1.75,4,-2
58,5,-3,1.75,5,-0.5
39,5,-3,1.75,5,-1
40,5,-3,1.75,5,-1.5
62,5,-3,1.75,5,-2
299,5,-4,0.25,1,-0.5
246,5,-4,0.25,1,-1
497,5,-4,0.25,1,-1.5
259,5,-4,0.25,1,-2
313,5,-4,0.25,2,-0.5
208,5,-4,0.25,2,-1
365,5,-4,0.25,2,-1.5
177,5,-4,0.25,2,-2
355,5,-4,0.25,3,-0.5
237,5,-4,0.25,3,-1
375,5,-4,0.25,3,-1.5
215,5,-4,0.25,3,-2
403,5,-4,0.25,4,-0.5
153,5,-4,0.25,4,-1
135,5,-4,0.25,4,-1.5
507,5,-4,0.25,4,-2
470,5,-4,0.25,5,-0.5
454,5,-4,0.25,5,-1
396,5,-4,0.25,5,-1.5
507,5,-4,0.25,5,-2
368,5,-4,0.75,1,-0.5
74,5,-4,0.75,1,-1
86,5,-4,0.75,1,-1.5
57,5,-4,0.75,1,-2
473,5,-4,0.75,2,-0.5
215,5,-4,0.75,2,-1
92,5,-4,0.75,2,-1.5
126,5,-4,0.75,2,-2
456,5,-4,0.75,3,-0.5
346,5,-4,0.75,3,-1
281,5,-4,0.75,3,-1.5
40,5,-4,0.75,3,-2
113,5,-4,0.75,4,-0.5
240,5,-4,0.75,4,-1
242,5,-4,0.75,4,-1.5
60,5,-4,0.75,4,-2
182,5,-4,0.75,5,-0.5
207,5,-4,0.75,5,-1
202,5,-4,0.75,5,-1.5
108,5,-4,0.75,5,-2
151,5,-4,1.25,1,-0.5
59,5,-4,1.25,1,-1
106,5,-4,1.25,1,-1.5
60,5,-4,1.25,1,-2
126,5,-4,1.25,2,-0.5
29,5,-4,1.25,2,-1
70,5,-4,1.25,2,-1.5
66,5,-4,1.25,2,-2
110,5,-4,1.25,3,-0.5
62,5,-4,1.25,3,-1
76,5,-4,1.25,3,-1.5
20,5,-4,1.25,3,-2
220,5,-4,1.25,4,-0.5
473,5,-4,1.25,4,-1
25,5,-4,1.25,4,-1.5
371,5,-4,1.25,4,-2
141,5,-4,1.25,5,-0.5
399,5,-4,1.25,5,-1
68,5,-4,1.25,5,-1.5
371,5,-4,1.25,5,-2
131,5,-4,1.75,1,-0.5
75,5,-4,1.75,1,-1
47,5,-4,1.75,1,-1.5
76,5,-4,1.75,1,-2
33,5,-4,1.75,2,-0.5
45,5,-4,1.75,2,-1
64,5,-4,1.75,2,-1.5
38,5,-4,1.75,2,-2
39,5,-4,1.75,3,-0.5
40,5,-4,1.75,3,-1
33,5,-4,1.75,3,-1.5
58,5,-4,1.75,3,-2
64,5,-4,1.75,4,-0.5
26,5,-4,1.75,4,-1
43,5,-4,1.75,4,-1.5
34,5,-4,1.75,4,-2
44,5,-4,1.75,5,-0.5
42,5,-4,1.75,5,-1
24,5,-4,1.75,5,-1.5
96,5,-4,1.75,5,-2
410,5,-5,0.25,1,-0.5
350,5,-5,0.25,1,-1
227,5,-5,0.25,1,-1.5
253,5,-5,0.25,1,-2
399,5,-5,0.25,2,-0.5
422,5,-5,0.25,2,-1
142,5,-5,0.25,2,-1.5
392,5,-5,0.25,2,-2
495,5,-5,0.25,3,-0.5
339,5,-5,0.25,3,-1
250,5,-5,0.25,3,-1.5
208,5,-5,0.25,3,-2
366,5,-5,0.25,4,-0.5
143,5,-5,0.25,4,-1
230,5,-5,0.25,4,-1.5
294,5,-5,0.25,4,-2
451,5,-5,0.25,5,-0.5
303,5,-5,0.25,5,-1
449,5,-5,0.25,5,-1.5
170,5,-5,0.25,5,-2
413,5,-5,0.75,1,-0.5
84,5,-5,0.75,1,-1
98,5,-5,0.75,1,-1.5
242,5,-5,0.75,1,-2
588,5,-5,0.75,2,-0.5
85,5,-5,0.75,2,-1
248,5,-5,0.75,2,-1.5
375,5,-5,0.75,2,-2
370,5,-5,0.75,3,-0.5
236,5,-5,0.75,3,-1
82,5,-5,0.75,3,-1.5
277,5,-5,0.75,3,-2
380,5,-5,0.75,4,-0.5
255,5,-5,0.75,4,-1
115,5,-5,0.75,4,-1.5
33,5,-5,0.75,4,-2
563,5,-5,0.75,5,-0.5
533,5,-5,0.75,5,-1
260,5,-5,0.75,5,-1.5
255,5,-5,0.75,5,-2
113,5,-5,1.25,1,-0.5
144,5,-5,1.25,1,-1
74,5,-5,1.25,1,-1.5
79,5,-5,1.25,1,-2
304,5,-5,1.25,2,-0.5
96,5,-5,1.25,2,-1
116,5,-5,1.25,2,-1.5
111,5,-5,1.25,2,-2
135,5,-5,1.25,3,-0.5
73,5,-5,1.25,3,-1
24,5,-5,1.25,3,-1.5
48,5,-5,1.25,3,-2
97,5,-5,1.25,4,-0.5
213,5,-5,1.25,4,-1
127,5,-5,1.25,4,-1.5
90,5,-5,1.25,4,-2
230,5,-5,1.25,5,-0.5
75,5,-5,1.25,5,-1
14,5,-5,1.25,5,-1.5
148,5,-5,1.25,5,-2
63,5,-5,1.75,1,-0.5
255,5,-5,1.75,1,-1
74,5,-5,1.75,1,-1.5
26,5,-5,1.75,1,-2
38,5,-5,1.75,2,-0.5
90,5,-5,1.75,2,-1
39,5,-5,1.75,2,-1.5
27,5,-5,1.75,2,-2
91,5,-5,1.75,3,-0.5
33,5,-5,1.75,3,-1
100,5,-5,1.75,3,-1.5
61,5,-5,1.75,3,-2
60,5,-5,1.75,4,-0.5
234,5,-5,1.75,4,-1
25,5,-5,1.75,4,-1.5
49,5,-5,1.75,4,-2
44,5,-5,1.75,5,-0.5
47,5,-5,1.75,5,-1
36,5,-5,1.75,5,-1.5
18,5,-5,1.75,5,-2
