79,1,-1,0.25,1,-0.5
107,1,-1,0.25,1,-1
41,1,-1,0.25,1,-1.5
32,1,-1,0.25,1,-2
101,1,-1,0.25,2,-0.5
82,1,-1,0.25,2,-1
89,1,-1,0.25,2,-1.5
63,1,-1,0.25,2,-2
63,1,-1,0.25,3,-0.5
51,1,-1,0.25,3,-1
72,1,-1,0.25,3,-1.5
70,1,-1,0.25,3,-2
78,1,-1,0.25,4,-0.5
69,1,-1,0.25,4,-1
51,1,-1,0.25,4,-1.5
84,1,-1,0.25,4,-2
62,1,-1,0.25,5,-0.5
70,1,-1,0.25,5,-1
64,1,-1,0.25,5,-1.5
64,1,-1,0.25,5,-2
46,1,-1,0.75,1,-0.5
48,1,-1,0.75,1,-1
82,1,-1,0.75,1,-1.5
45,1,-1,0.75,1,-2
69,1,-1,0.75,2,-0.5
58,1,-1,0.75,2,-1
61,1,-1,0.75,2,-1.5
59,1,-1,0.75,2,-2
79,1,-1,0.75,3,-0.5
53,1,-1,0.75,3,-1
66,1,-1,0.75,3,-1.5
80,1,-1,0.75,3,-2
55,1,-1,0.75,4,-0.5
80,1,-1,0.75,4,-1
76,1,-1,0.75,4,-1.5
90,1,-1,0.75,4,-2
81,1,-1,0.75,5,-0.5
80,1,-1,0.75,5,-1
76,1,-1,0.75,5,-1.5
102,1,-1,0.75,5,-2
131,1,-1,1.25,1,-0.5
98,1,-1,1.25,1,-1
102,1,-1,1.25,1,-1.5
115,1,-1,1.25,1,-2
112,1,-1,1.25,2,-0.5
73,1,-1,1.25,2,-1
92,1,-1,1.25,2,-1.5
87,1,-1,1.25,2,-2
111,1,-1,1.25,3,-0.5
115,1,-1,1.25,3,-1
91,1,-1,1.25,3,-1.5
67,1,-1,1.25,3,-2
103,1,-1,1.25,4,-0.5
105,1,-1,1.25,4,-1
109,1,-1,1.25,4,-1.5
96,1,-1,1.25,4,-2
139,1,-1,1.25,5,-0.5
118,1,-1,1.25,5,-1
97,1,-1,1.25,5,-1.5
89,1,-1,1.25,5,-2
192,1,-1,1.75,1,-0.5
136,1,-1,1.75,1,-1
171,1,-1,1.75,1,-1.5
125,1,-1,1.75,1,-2
147,1,-1,1.75,2,-0.5
124,1,-1,1.75,2,-1
139,1,-1,1.75,2,-1.5
106,1,-1,1.75,2,-2
179,1,-1,1.75,3,-0.5
122,1,-1,1.75,3,-1
132,1,-1,1.75,3,-1.5
148,1,-1,1.75,3,-2
152,1,-1,1.75,4,-0.5
115,1,-1,1.75,4,-1
115,1,-1,1.75,4,-1.5
96,1,-1,1.75,4,-2
154,1,-1,1.75,5,-0.5
133,1,-1,1.75,5,-1
116,1,-1,1.75,5,-1.5
115,1,-1,1.75,5,-2
387,1,-2,0.25,1,-0.5
280,1,-2,0.25,1,-1
90,1,-2,0.25,1,-1.5
78,1,-2,0.25,1,-2
397,1,-2,0.25,2,-0.5
130,1,-2,0.25,2,-1
77,1,-2,0.25,2,-1.5
66,1,-2,0.25,2,-2
330,1,-2,0.25,3,-0.5
74,1,-2,0.25,3,-1
172,1,-2,0.25,3,-1.5
41,1,-2,0.25,3,-2
103,1,-2,0.25,4,-0.5
102,1,-2,0.25,4,-1
497,1,-2,0.25,4,-1.5
70,1,-2,0.25,4,-2
246,1,-2,0.25,5,-0.5
55,1,-2,0.25,5,-1
392,1,-2,0.25,5,-1.5
82,1,-2,0.25,5,-2
37,1,-2,0.75,1,-0.5
226,1,-2,0.75,1,-1
40,1,-2,0.75,1,-1.5
26,1,-2,0.75,1,-2
26,1,-2,0.75,2,-0.5
39,1,-2,0.75,2,-1
39,1,-2,0.75,2,-1.5
58,1,-2,0.75,2,-2
58,1,-2,0.75,3,-0.5
53,1,-2,0.75,3,-1
53,1,-2,0.75,3,-1.5
56,1,-2,0.75,3,-2
61,1,-2,0.75,4,-0.5
38,1,-2,0.75,4,-1
57,1,-2,0.75,4,-1.5
90,1,-2,0.75,4,-2
85,1,-2,0.75,5,-0.5
62,1,-2,0.75,5,-1
73,1,-2,0.75,5,-1.5
76,1,-2,0.75,5,-2
67,1,-2,1.25,1,-0.5
75,1,-2,1.25,1,-1
64,1,-2,1.25,1,-1.5
66,1,-2,1.25,1,-2
64,1,-2,1.25,2,-0.5
52,1,-2,1.25,2,-1
53,1,-2,1.25,2,-1.5
39,1,-2,1.25,2,-2
61,1,-2,1.25,3,-0.5
57,1,-2,1.25,3,-1
53,1,-2,1.25,3,-1.5
82,1,-2,1.25,3,-2
79,1,-2,1.25,4,-0.5
68,1,-2,1.25,4,-1
74,1,-2,1.25,4,-1.5
35,1,-2,1.25,4,-2
60,1,-2,1.25,5,-0.5
90,1,-2,1.25,5,-1
78,1,-2,1.25,5,-1.5
61,1,-2,1.25,5,-2
128,1,-2,1.75,1,-0.5
94,1,-2,1.75,1,-1
102,1,-2,1.75,1,-1.5
88,1,-2,1.75,1,-2
104,1,-2,1.75,2,-0.5
88,1,-2,1.75,2,-1
118,1,-2,1.75,2,-1.5
81,1,-2,1.75,2,-2
99,1,-2,1.75,3,-0.5
101,1,-2,1.75,3,-1
80,1,-2,1.75,3,-1.5
62,1,-2,1.75,3,-2
120,1,-2,1.75,4,-0.5
91,1,-2,1.75,4,-1
97,1,-2,1.75,4,-1.5
99,1,-2,1.75,4,-2
105,1,-2,1.75,5,-0.5
79,1,-2,1.75,5,-1
89,1,-2,1.75,5,-1.5
89,1,-2,1.75,5,-2
292,1,-3,0.25,1,-0.5
194,1,-3,0.25,1,-1
148,1,-3,0.25,1,-1.5
180,1,-3,0.25,1,-2
435,1,-3,0.25,2,-0.5
356,1,-3,0.25,2,-1
47,1,-3,0.25,2,-1.5
256,1,-3,0.25,2,-2
417,1,-3,0.25,3,-0.5
305,1,-3,0.25,3,-1
136,1,-3,0.25,3,-1.5
96,1,-3,0.25,3,-2
203,1,-3,0.25,4,-0.5
342,1,-3,0.25,4,-1
175,1,-3,0.25,4,-1.5
129,1,-3,0.25,4,-2
306,1,-3,0.25,5,-0.5
114,1,-3,0.25,5,-1
68,1,-3,0.25,5,-1.5
192,1,-3,0.25,5,-2
31,1,-3,0.75,1,-0.5
32,1,-3,0.75,1,-1
63,1,-3,0.75,1,-1.5
47,1,-3,0.75,1,-2
218,1,-3,0.75,2,-0.5
71,1,-3,0.75,2,-1
30,1,-3,0.75,2,-1.5
195,1,-3,0.75,2,-2
143,1,-3,0.75,3,-0.5
34,1,-3,0.75,3,-1
59,1,-3,0.75,3,-1.5
32,1,-3,0.75,3,-2
126,1,-3,0.75,4,-0.5
41,1,-3,0.75,4,-1
139,1,-3,0.75,4,-1.5
69,1,-3,0.75,4,-2
35,1,-3,0.75,5,-0.5
61,1,-3,0.75,5,-1
282,1,-3,0.75,5,-1.5
44,1,-3,0.75,5,-2
111,1,-3,1.25,1,-0.5
47,1,-3,1.25,1,-1
54,1,-3,1.25,1,-1.5
54,1,-3,1.25,1,-2
65,1,-3,1.25,2,-0.5
48,1,-3,1.25,2,-1
41,1,-3,1.25,2,-1.5
33,1,-3,1.25,2,-2
58,1,-3,1.25,3,-0.5
112,1,-3,1.25,3,-1
88,1,-3,1.25,3,-1.5
64,1,-3,1.25,3,-2
53,1,-3,1.25,4,-0.5
35,1,-3,1.25,4,-1
50,1,-3,1.25,4,-1.5
45,1,-3,1.25,4,-2
69,1,-3,1.25,5,-0.5
84,1,-3,1.25,5,-1
71,1,-3,1.25,5,-1.5
29,1,-3,1.25,5,-2
103,1,-3,1.75,1,-0.5
79,1,-3,1.75,1,-1
70,1,-3,1.75,1,-1.5
88,1,-3,1.75,1,-2
103,1,-3,1.75,2,-0.5
82,1,-3,1.75,2,-1
36,1,-3,1.75,2,-1.5
58,1,-3,1.75,2,-2
59,1,-3,1.75,3,-0.5
66,1,-3,1.75,3,-1
51,1,-3,1.75,3,-1.5
33,1,-3,1.75,3,-2
50,1,-3,1.75,4,-0.5
59,1,-3,1.75,4,-1
70,1,-3,1.75,4,-1.5
71,1,-3,1.75,4,-2
105,1,-3,1.75,5,-0.5
82,1,-3,1.75,5,-1
57,1,-3,1.75,5,-1.5
57,1,-3,1.75,5,-2
398,1,-4,0.25,1,-0.5
466,1,-4,0.25,1,-1
208,1,-4,0.25,1,-1.5
126,1,-4,0.25,1,-2
419,1,-4,0.25,2,-0.5
225,1,-4,0.25,2,-1
103,1,-4,0.25,2,-1.5
290,1,-4,0.25,2,-2
389,1,-4,0.25,3,-0.5
236,1,-4,0.25,3,-1
225,1,-4,0.25,3,-1.5
149,1,-4,0.25,3,-2
380,1,-4,0.25,4,-0.5
389,1,-4,0.25,4,-1
70,1,-4,0.25,4,-1.5
246,1,-4,0.25,4,-2
377,1,-4,0.25,5,-0.5
388,1,-4,0.25,5,-1
47,1,-4,0.25,5,-1.5
198,1,-4,0.25,5,-2
214,1,-4,0.75,1,-0.5
116,1,-4,0.75,1,-1
25,1,-4,0.75,1,-1.5
434,1,-4,0.75,1,-2
192,1,-4,0.75,2,-0.5
322,1,-4,0.75,2,-1
34,1,-4,0.75,2,-1.5
434,1,-4,0.75,2,-2
318,1,-4,0.75,3,-0.5
154,1,-4,0.75,3,-1
46,1,-4,0.75,3,-1.5
48,1,-4,0.75,3,-2
75,1,-4,0.75,4,-0.5
49,1,-4,0.75,4,-1
115,1,-4,0.75,4,-1.5
34,1,-4,0.75,4,-2
343,1,-4,0.75,5,-0.5
231,1,-4,0.75,5,-1
222,1,-4,0.75,5,-1.5
333,1,-4,0.75,5,-2
61,1,-4,1.25,1,-0.5
440,1,-4,1.25,1,-1
45,1,-4,1.25,1,-1.5
171,1,-4,1.25,1,-2
38,1,-4,1.25,2,-0.5
47,1,-4,1.25,2,-1
20,1,-4,1.25,2,-1.5
160,1,-4,1.25,2,-2
61,1,-4,1.25,3,-0.5
51,1,-4,1.25,3,-1
22,1,-4,1.25,3,-1.5
143,1,-4,1.25,3,-2
236,1,-4,1.25,4,-0.5
53,1,-4,1.25,4,-1
42,1,-4,1.25,4,-1.5
168,1,-4,1.25,4,-2
48,1,-4,1.25,5,-0.5
49,1,-4,1.25,5,-1
46,1,-4,1.25,5,-1.5
156,1,-4,1.25,5,-2
62,1,-4,1.75,1,-0.5
49,1,-4,1.75,1,-1
33,1,-4,1.75,1,-1.5
73,1,-4,1.75,1,-2
59,1,-4,1.75,2,-0.5
48,1,-4,1.75,2,-1
63,1,-4,1.75,2,-1.5
42,1,-4,1.75,2,-2
88,1,-4,1.75,3,-0.5
49,1,-4,1.75,3,-1
132,1,-4,1.75,3,-1.5
40,1,-4,1.75,3,-2
54,1,-4,1.75,4,-0.5
76,1,-4,1.75,4,-1
35,1,-4,1.75,4,-1.5
45,1,-4,1.75,4,-2
88,1,-4,1.75,5,-0.5
68,1,-4,1.75,5,-1
74,1,-4,1.75,5,-1.5
64,1,-4,1.75,5,-2
557,1,-5,0.25,1,-0.5
519,1,-5,0.25,1,-1
231,1,-5,0.25,1,-1.5
435,1,-5,0.25,1,-2
370,1,-5,0.25,2,-0.5
310,1,-5,0.25,2,-1
276,1,-5,0.25,2,-1.5
270,1,-5,0.25,2,-2
432,1,-5,0.25,3,-0.5
277,1,-5,0.25,3,-1
463,1,-5,0.25,3,-1.5
386,1,-5,0.25,3,-2
490,1,-5,0.25,4,-0.5
182,1,-5,0.25,4,-1
154,1,-5,0.25,4,-1.5
245,1,-5,0.25,4,-2
335,1,-5,0.25,5,-0.5
177,1,-5,0.25,5,-1
226,1,-5,0.25,5,-1.5
139,1,-5,0.25,5,-2
55,1,-5,0.75,1,-0.5
91,1,-5,0.75,1,-1
49,1,-5,0.75,1,-1.5
331,1,-5,0.75,1,-2
435,1,-5,0.75,2,-0.5
47,1,-5,0.75,2,-1
35,1,-5,0.75,2,-1.5
109,1,-5,0.75,2,-2
38,1,-5,0.75,3,-0.5
207,1,-5,0.75,3,-1
501,1,-5,0.75,3,-1.5
121,1,-5,0.75,3,-2
154,1,-5,0.75,4,-0.5
158,1,-5,0.75,4,-1
168,1,-5,0.75,4,-1.5
61,1,-5,0.75,4,-2
224,1,-5,0.75,5,-0.5
115,1,-5,0.75,5,-1
50,1,-5,0.75,5,-1.5
39,1,-5,0.75,5,-2
70,1,-5,1.25,1,-0.5
92,1,-5,1.25,1,-1
47,1,-5,1.25,1,-1.5
343,1,-5,1.25,1,-2
114,1,-5,1.25,2,-0.5
54,1,-5,1.25,2,-1
28,1,-5,1.25,2,-1.5
215,1,-5,1.25,2,-2
237,1,-5,1.25,3,-0.5
45,1,-5,1.25,3,-1
60,1,-5,1.25,3,-1.5
119,1,-5,1.25,3,-2
54,1,-5,1.25,4,-0.5
16,1,-5,1.25,4,-1
33,1,-5,1.25,4,-1.5
36,1,-5,1.25,4,-2
317,1,-5,1.25,5,-0.5
37,1,-5,1.25,5,-1
55,1,-5,1.25,5,-1.5
86,1,-5,1.25,5,-2
73,1,-5,1.75,1,-0.5
36,1,-5,1.75,1,-1
49,1,-5,1.75,1,-1.5
90,1,-5,1.75,1,-2
48,1,-5,1.75,2,-0.5
59,1,-5,1.75,2,-1
73,1,-5,1.75,2,-1.5
32,1,-5,1.75,2,-2
42,1,-5,1.75,3,-0.5
31,1,-5,1.75,3,-1
44,1,-5,1.75,3,-1.5
55,1,-5,1.75,3,-2
67,1,-5,1.75,4,-0.5
54,1,-5,1.75,4,-1
41,1,-5,1.75,4,-1.5
149,1,-5,1.75,4,-2
76,1,-5,1.75,5,-0.5
36,1,-5,1.75,5,-1
32,1,-5,1.75,5,-1.5
63,1,-5,1.75,5,-2
342,2,-1,0.25,1,-0.5
68,2,-1,0.25,1,-1
67,2,-1,0.25,1,-1.5
22,2,-1,0.25,1,-2
80,2,-1,0.25,2,-0.5
81,2,-1,0.25,2,-1
48,2,-1,0.25,2,-1.5
40,2,-1,0.25,2,-2
130,2,-1,0.25,3,-0.5
161,2,-1,0.25,3,-1
77,2,-1,0.25,3,-1.5
58,2,-1,0.25,3,-2
145,2,-1,0.25,4,-0.5
540,2,-1,0.25,4,-1
109,2,-1,0.25,4,-1.5
63,2,-1,0.25,4,-2
159,2,-1,0.25,5,-0.5
149,2,-1,0.25,5,-1
104,2,-1,0.25,5,-1.5
90,2,-1,0.25,5,-2
81,2,-1,0.75,1,-0.5
81,2,-1,0.75,1,-1
71,2,-1,0.75,1,-1.5
68,2,-1,0.75,1,-2
44,2,-1,0.75,2,-0.5
50,2,-1,0.75,2,-1
64,2,-1,0.75,2,-1.5
45,2,-1,0.75,2,-2
64,2,-1,0.75,3,-0.5
50,2,-1,0.75,3,-1
66,2,-1,0.75,3,-1.5
55,2,-1,0.75,3,-2
52,2,-1,0.75,4,-0.5
49,2,-1,0.75,4,-1
65,2,-1,0.75,4,-1.5
54,2,-1,0.75,4,-2
95,2,-1,0.75,5,-0.5
78,2,-1,0.75,5,-1
37,2,-1,0.75,5,-1.5
58,2,-1,0.75,5,-2
100,2,-1,1.25,1,-0.5
86,2,-1,1.25,1,-1
58,2,-1,1.25,1,-1.5
45,2,-1,1.25,1,-2
85,2,-1,1.25,2,-0.5
78,2,-1,1.25,2,-1
82,2,-1,1.25,2,-1.5
45,2,-1,1.25,2,-2
107,2,-1,1.25,3,-0.5
64,2,-1,1.25,3,-1
69,2,-1,1.25,3,-1.5
63,2,-1,1.25,3,-2
77,2,-1,1.25,4,-0.5
59,2,-1,1.25,4,-1
53,2,-1,1.25,4,-1.5
83,2,-1,1.25,4,-2
93,2,-1,1.25,5,-0.5
79,2,-1,1.25,5,-1
82,2,-1,1.25,5,-1.5
80,2,-1,1.25,5,-2
156,2,-1,1.75,1,-0.5
121,2,-1,1.75,1,-1
90,2,-1,1.75,1,-1.5
114,2,-1,1.75,1,-2
133,2,-1,1.75,2,-0.5
124,2,-1,1.75,2,-1
92,2,-1,1.75,2,-1.5
93,2,-1,1.75,2,-2
117,2,-1,1.75,3,-0.5
107,2,-1,1.75,3,-1
83,2,-1,1.75,3,-1.5
90,2,-1,1.75,3,-2
130,2,-1,1.75,4,-0.5
116,2,-1,1.75,4,-1
86,2,-1,1.75,4,-1.5
109,2,-1,1.75,4,-2
122,2,-1,1.75,5,-0.5
117,2,-1,1.75,5,-1
98,2,-1,1.75,5,-1.5
110,2,-1,1.75,5,-2
327,2,-2,0.25,1,-0.5
368,2,-2,0.25,1,-1
116,2,-2,0.25,1,-1.5
74,2,-2,0.25,1,-2
389,2,-2,0.25,2,-0.5
236,2,-2,0.25,2,-1
110,2,-2,0.25,2,-1.5
19,2,-2,0.25,2,-2
309,2,-2,0.25,3,-0.5
171,2,-2,0.25,3,-1
339,2,-2,0.25,3,-1.5
50,2,-2,0.25,3,-2
120,2,-2,0.25,4,-0.5
47,2,-2,0.25,4,-1
76,2,-2,0.25,4,-1.5
68,2,-2,0.25,4,-2
163,2,-2,0.25,5,-0.5
167,2,-2,0.25,5,-1
82,2,-2,0.25,5,-1.5
60,2,-2,0.25,5,-2
134,2,-2,0.75,1,-0.5
85,2,-2,0.75,1,-1
17,2,-2,0.75,1,-1.5
41,2,-2,0.75,1,-2
85,2,-2,0.75,2,-0.5
51,2,-2,0.75,2,-1
36,2,-2,0.75,2,-1.5
46,2,-2,0.75,2,-2
83,2,-2,0.75,3,-0.5
24,2,-2,0.75,3,-1
75,2,-2,0.75,3,-1.5
52,2,-2,0.75,3,-2
49,2,-2,0.75,4,-0.5
27,2,-2,0.75,4,-1
38,2,-2,0.75,4,-1.5
99,2,-2,0.75,4,-2
110,2,-2,0.75,5,-0.5
26,2,-2,0.75,5,-1
64,2,-2,0.75,5,-1.5
56,2,-2,0.75,5,-2
64,2,-2,1.25,1,-0.5
73,2,-2,1.25,1,-1
46,2,-2,1.25,1,-1.5
55,2,-2,1.25,1,-2
47,2,-2,1.25,2,-0.5
41,2,-2,1.25,2,-1
22,2,-2,1.25,2,-1.5
74,2,-2,1.25,2,-2
44,2,-2,1.25,3,-0.5
49,2,-2,1.25,3,-1
33,2,-2,1.25,3,-1.5
37,2,-2,1.25,3,-2
55,2,-2,1.25,4,-0.5
35,2,-2,1.25,4,-1
22,2,-2,1.25,4,-1.5
31,2,-2,1.25,4,-2
73,2,-2,1.25,5,-0.5
63,2,-2,1.25,5,-1
39,2,-2,1.25,5,-1.5
61,2,-2,1.25,5,-2
101,2,-2,1.75,1,-0.5
71,2,-2,1.75,1,-1
68,2,-2,1.75,1,-1.5
87,2,-2,1.75,1,-2
95,2,-2,1.75,2,-0.5
64,2,-2,1.75,2,-1
68,2,-2,1.75,2,-1.5
71,2,-2,1.75,2,-2
103,2,-2,1.75,3,-0.5
82,2,-2,1.75,3,-1
78,2,-2,1.75,3,-1.5
51,2,-2,1.75,3,-2
100,2,-2,1.75,4,-0.5
66,2,-2,1.75,4,-1
57,2,-2,1.75,4,-1.5
50,2,-2,1.75,4,-2
79,2,-2,1.75,5,-0.5
78,2,-2,1.75,5,-1
63,2,-2,1.75,5,-1.5
79,2,-2,1.75,5,-2
538,2,-3,0.25,1,-0.5
251,2,-3,0.25,1,-1
296,2,-3,0.25,1,-1.5
295,2,-3,0.25,1,-2
358,2,-3,0.25,2,-0.5
308,2,-3,0.25,2,-1
58,2,-3,0.25,2,-1.5
120,2,-3,0.25,2,-2
189,2,-3,0.25,3,-0.5
98,2,-3,0.25,3,-1
346,2,-3,0.25,3,-1.5
146,2,-3,0.25,3,-2
435,2,-3,0.25,4,-0.5
317,2,-3,0.25,4,-1
377,2,-3,0.25,4,-1.5
77,2,-3,0.25,4,-2
382,2,-3,0.25,5,-0.5
74,2,-3,0.25,5,-1
310,2,-3,0.25,5,-1.5
68,2,-3,0.25,5,-2
111,2,-3,0.75,1,-0.5
93,2,-3,0.75,1,-1
19,2,-3,0.75,1,-1.5
123,2,-3,0.75,1,-2
45,2,-3,0.75,2,-0.5
108,2,-3,0.75,2,-1
47,2,-3,0.75,2,-1.5
73,2,-3,0.75,2,-2
141,2,-3,0.75,3,-0.5
358,2,-3,0.75,3,-1
87,2,-3,0.75,3,-1.5
59,2,-3,0.75,3,-2
31,2,-3,0.75,4,-0.5
29,2,-3,0.75,4,-1
82,2,-3,0.75,4,-1.5
81,2,-3,0.75,4,-2
30,2,-3,0.75,5,-0.5
254,2,-3,0.75,5,-1
59,2,-3,0.75,5,-1.5
57,2,-3,0.75,5,-2
46,2,-3,1.25,1,-0.5
56,2,-3,1.25,1,-1
145,2,-3,1.25,1,-1.5
26,2,-3,1.25,1,-2
48,2,-3,1.25,2,-0.5
50,2,-3,1.25,2,-1
25,2,-3,1.25,2,-1.5
33,2,-3,1.25,2,-2
75,2,-3,1.25,3,-0.5
47,2,-3,1.25,3,-1
61,2,-3,1.25,3,-1.5
72,2,-3,1.25,3,-2
48,2,-3,1.25,4,-0.5
47,2,-3,1.25,4,-1
46,2,-3,1.25,4,-1.5
61,2,-3,1.25,4,-2
38,2,-3,1.25,5,-0.5
32,2,-3,1.25,5,-1
49,2,-3,1.25,5,-1.5
53,2,-3,1.25,5,-2
74,2,-3,1.75,1,-0.5
70,2,-3,1.75,1,-1
51,2,-3,1.75,1,-1.5
55,2,-3,1.75,1,-2
75,2,-3,1.75,2,-0.5
48,2,-3,1.75,2,-1
57,2,-3,1.75,2,-1.5
30,2,-3,1.75,2,-2
98,2,-3,1.75,3,-0.5
52,2,-3,1.75,3,-1
41,2,-3,1.75,3,-1.5
55,2,-3,1.75,3,-2
72,2,-3,1.75,4,-0.5
60,2,-3,1.75,4,-1
49,2,-3,1.75,4,-1.5
49,2,-3,1.75,4,-2
76,2,-3,1.75,5,-0.5
99,2,-3,1.75,5,-1
30,2,-3,1.75,5,-1.5
28,2,-3,1.75,5,-2
357,2,-4,0.25,1,-0.5
526,2,-4,0.25,1,-1
294,2,-4,0.25,1,-1.5
85,2,-4,0.25,1,-2
406,2,-4,0.25,2,-0.5
376,2,-4,0.25,2,-1
307,2,-4,0.25,2,-1.5
126,2,-4,0.25,2,-2
192,2,-4,0.25,3,-0.5
465,2,-4,0.25,3,-1
145,2,-4,0.25,3,-1.5
237,2,-4,0.25,3,-2
123,2,-4,0.25,4,-0.5
200,2,-4,0.25,4,-1
105,2,-4,0.25,4,-1.5
293,2,-4,0.25,4,-2
575,2,-4,0.25,5,-0.5
438,2,-4,0.25,5,-1
211,2,-4,0.25,5,-1.5
277,2,-4,0.25,5,-2
46,2,-4,0.75,1,-0.5
358,2,-4,0.75,1,-1
124,2,-4,0.75,1,-1.5
101,2,-4,0.75,1,-2
610,2,-4,0.75,2,-0.5
170,2,-4,0.75,2,-1
237,2,-4,0.75,2,-1.5
23,2,-4,0.75,2,-2
407,2,-4,0.75,3,-0.5
438,2,-4,0.75,3,-1
69,2,-4,0.75,3,-1.5
45,2,-4,0.75,3,-2
407,2,-4,0.75,4,-0.5
150,2,-4,0.75,4,-1
53,2,-4,0.75,4,-1.5
169,2,-4,0.75,4,-2
41,2,-4,0.75,5,-0.5
64,2,-4,0.75,5,-1
404,2,-4,0.75,5,-1.5
249,2,-4,0.75,5,-2
57,2,-4,1.25,1,-0.5
95,2,-4,1.25,1,-1
50,2,-4,1.25,1,-1.5
49,2,-4,1.25,1,-2
38,2,-4,1.25,2,-0.5
171,2,-4,1.25,2,-1
33,2,-4,1.25,2,-1.5
102,2,-4,1.25,2,-2
57,2,-4,1.25,3,-0.5
42,2,-4,1.25,3,-1
67,2,-4,1.25,3,-1.5
50,2,-4,1.25,3,-2
21,2,-4,1.25,4,-0.5
170,2,-4,1.25,4,-1
28,2,-4,1.25,4,-1.5
68,2,-4,1.25,4,-2
342,2,-4,1.25,5,-0.5
50,2,-4,1.25,5,-1
39,2,-4,1.25,5,-1.5
24,2,-4,1.25,5,-2
66,2,-4,1.75,1,-0.5
51,2,-4,1.75,1,-1
43,2,-4,1.75,1,-1.5
46,2,-4,1.75,1,-2
64,2,-4,1.75,2,-0.5
62,2,-4,1.75,2,-1
60,2,-4,1.75,2,-1.5
43,2,-4,1.75,2,-2
44,2,-4,1.75,3,-0.5
44,2,-4,1.75,3,-1
28,2,-4,1.75,3,-1.5
62,2,-4,1.75,3,-2
50,2,-4,1.75,4,-0.5
45,2,-4,1.75,4,-1
50,2,-4,1.75,4,-1.5
39,2,-4,1.75,4,-2
47,2,-4,1.75,5,-0.5
49,2,-4,1.75,5,-1
33,2,-4,1.75,5,-1.5
67,2,-4,1.75,5,-2
564,2,-5,0.25,1,-0.5
260,2,-5,0.25,1,-1
271,2,-5,0.25,1,-1.5
335,2,-5,0.25,1,-2
285,2,-5,0.25,2,-0.5
302,2,-5,0.25,2,-1
444,2,-5,0.25,2,-1.5
331,2,-5,0.25,2,-2
360,2,-5,0.25,3,-0.5
280,2,-5,0.25,3,-1
333,2,-5,0.25,3,-1.5
243,2,-5,0.25,3,-2
408,2,-5,0.25,4,-0.5
356,2,-5,0.25,4,-1
264,2,-5,0.25,4,-1.5
229,2,-5,0.25,4,-2
137,2,-5,0.25,5,-0.5
379,2,-5,0.25,5,-1
205,2,-5,0.25,5,-1.5
53,2,-5,0.25,5,-2
170,2,-5,0.75,1,-0.5
209,2,-5,0.75,1,-1
202,2,-5,0.75,1,-1.5
67,2,-5,0.75,1,-2
375,2,-5,0.75,2,-0.5
312,2,-5,0.75,2,-1
268,2,-5,0.75,2,-1.5
43,2,-5,0.75,2,-2
425,2,-5,0.75,3,-0.5
222,2,-5,0.75,3,-1
563,2,-5,0.75,3,-1.5
123,2,-5,0.75,3,-2
425,2,-5,0.75,4,-0.5
40,2,-5,0.75,4,-1
158,2,-5,0.75,4,-1.5
101,2,-5,0.75,4,-2
51,2,-5,0.75,5,-0.5
222,2,-5,0.75,5,-1
52,2,-5,0.75,5,-1.5
116,2,-5,0.75,5,-2
176,2,-5,1.25,1,-0.5
57,2,-5,1.25,1,-1
38,2,-5,1.25,1,-1.5
50,2,-5,1.25,1,-2
48,2,-5,1.25,2,-0.5
52,2,-5,1.25,2,-1
113,2,-5,1.25,2,-1.5
160,2,-5,1.25,2,-2
55,2,-5,1.25,3,-0.5
57,2,-5,1.25,3,-1
57,2,-5,1.25,3,-1.5
115,2,-5,1.25,3,-2
82,2,-5,1.25,4,-0.5
224,2,-5,1.25,4,-1
102,2,-5,1.25,4,-1.5
248,2,-5,1.25,4,-2
46,2,-5,1.25,5,-0.5
59,2,-5,1.25,5,-1
120,2,-5,1.25,5,-1.5
54,2,-5,1.25,5,-2
79,2,-5,1.75,1,-0.5
43,2,-5,1.75,1,-1
51,2,-5,1.75,1,-1.5
34,2,-5,1.75,1,-2
90,2,-5,1.75,2,-0.5
23,2,-5,1.75,2,-1
33,2,-5,1.75,2,-1.5
40,2,-5,1.75,2,-2
60,2,-5,1.75,3,-0.5
68,2,-5,1.75,3,-1
56,2,-5,1.75,3,-1.5
52,2,-5,1.75,3,-2
58,2,-5,1.75,4,-0.5
54,2,-5,1.75,4,-1
107,2,-5,1.75,4,-1.5
33,2,-5,1.75,4,-2
48,2,-5,1.75,5,-0.5
57,2,-5,1.75,5,-1
57,2,-5,1.75,5,-1.5
34,2,-5,1.75,5,-2
189,3,-1,0.25,1,-0.5
197,3,-1,0.25,1,-1
135,3,-1,0.25,1,-1.5
104,3,-1,0.25,1,-2
459,3,-1,0.25,2,-0.5
140,3,-1,0.25,2,-1
96,3,-1,0.25,2,-1.5
75,3,-1,0.25,2,-2
261,3,-1,0.25,3,-0.5
271,3,-1,0.25,3,-1
82,3,-1,0.25,3,-1.5
60,3,-1,0.25,3,-2
112,3,-1,0.25,4,-0.5
123,3,-1,0.25,4,-1
130,3,-1,0.25,4,-1.5
69,3,-1,0.25,4,-2
136,3,-1,0.25,5,-0.5
123,3,-1,0.25,5,-1
120,3,-1,0.25,5,-1.5
84,3,-1,0.25,5,-2
108,3,-1,0.75,1,-0.5
85,3,-1,0.75,1,-1
92,3,-1,0.75,1,-1.5
59,3,-1,0.75,1,-2
91,3,-1,0.75,2,-0.5
29,3,-1,0.75,2,-1
79,3,-1,0.75,2,-1.5
70,3,-1,0.75,2,-2
80,3,-1,0.75,3,-0.5
91,3,-1,0.75,3,-1
53,3,-1,0.75,3,-1.5
56,3,-1,0.75,3,-2
77,3,-1,0.75,4,-0.5
55,3,-1,0.75,4,-1
63,3,-1,0.75,4,-1.5
47,3,-1,0.75,4,-2
83,3,-1,0.75,5,-0.5
67,3,-1,0.75,5,-1
58,3,-1,0.75,5,-1.5
53,3,-1,0.75,5,-2
122,3,-1,1.25,1,-0.5
53,3,-1,1.25,1,-1
75,3,-1,1.25,1,-1.5
57,3,-1,1.25,1,-2
85,3,-1,1.25,2,-0.5
60,3,-1,1.25,2,-1
40,3,-1,1.25,2,-1.5
55,3,-1,1.25,2,-2
73,3,-1,1.25,3,-0.5
44,3,-1,1.25,3,-1
65,3,-1,1.25,3,-1.5
56,3,-1,1.25,3,-2
114,3,-1,1.25,4,-0.5
49,3,-1,1.25,4,-1
55,3,-1,1.25,4,-1.5
54,3,-1,1.25,4,-2
96,3,-1,1.25,5,-0.5
67,3,-1,1.25,5,-1
65,3,-1,1.25,5,-1.5
63,3,-1,1.25,5,-2
154,3,-1,1.75,1,-0.5
99,3,-1,1.75,1,-1
75,3,-1,1.75,1,-1.5
95,3,-1,1.75,1,-2
137,3,-1,1.75,2,-0.5
115,3,-1,1.75,2,-1
86,3,-1,1.75,2,-1.5
51,3,-1,1.75,2,-2
101,3,-1,1.75,3,-0.5
117,3,-1,1.75,3,-1
106,3,-1,1.75,3,-1.5
77,3,-1,1.75,3,-2
125,3,-1,1.75,4,-0.5
104,3,-1,1.75,4,-1
87,3,-1,1.75,4,-1.5
63,3,-1,1.75,4,-2
89,3,-1,1.75,5,-0.5
103,3,-1,1.75,5,-1
83,3,-1,1.75,5,-1.5
49,3,-1,1.75,5,-2
506,3,-2,0.25,1,-0.5
130,3,-2,0.25,1,-1
331,3,-2,0.25,1,-1.5
188,3,-2,0.25,1,-2
269,3,-2,0.25,2,-0.5
266,3,-2,0.25,2,-1
71,3,-2,0.25,2,-1.5
204,3,-2,0.25,2,-2
347,3,-2,0.25,3,-0.5
186,3,-2,0.25,3,-1
66,3,-2,0.25,3,-1.5
104,3,-2,0.25,3,-2
247,3,-2,0.25,4,-0.5
159,3,-2,0.25,4,-1
196,3,-2,0.25,4,-1.5
237,3,-2,0.25,4,-2
131,3,-2,0.25,5,-0.5
369,3,-2,0.25,5,-1
159,3,-2,0.25,5,-1.5
126,3,-2,0.25,5,-2
55,3,-2,0.75,1,-0.5
43,3,-2,0.75,1,-1
110,3,-2,0.75,1,-1.5
56,3,-2,0.75,1,-2
120,3,-2,0.75,2,-0.5
61,3,-2,0.75,2,-1
119,3,-2,0.75,2,-1.5
49,3,-2,0.75,2,-2
72,3,-2,0.75,3,-0.5
61,3,-2,0.75,3,-1
108,3,-2,0.75,3,-1.5
44,3,-2,0.75,3,-2
101,3,-2,0.75,4,-0.5
38,3,-2,0.75,4,-1
33,3,-2,0.75,4,-1.5
73,3,-2,0.75,4,-2
328,3,-2,0.75,5,-0.5
177,3,-2,0.75,5,-1
498,3,-2,0.75,5,-1.5
63,3,-2,0.75,5,-2
85,3,-2,1.25,1,-0.5
66,3,-2,1.25,1,-1
73,3,-2,1.25,1,-1.5
56,3,-2,1.25,1,-2
65,3,-2,1.25,2,-0.5
19,3,-2,1.25,2,-1
78,3,-2,1.25,2,-1.5
63,3,-2,1.25,2,-2
59,3,-2,1.25,3,-0.5
69,3,-2,1.25,3,-1
76,3,-2,1.25,3,-1.5
21,3,-2,1.25,3,-2
44,3,-2,1.25,4,-0.5
37,3,-2,1.25,4,-1
31,3,-2,1.25,4,-1.5
23,3,-2,1.25,4,-2
53,3,-2,1.25,5,-0.5
68,3,-2,1.25,5,-1
45,3,-2,1.25,5,-1.5
22,3,-2,1.25,5,-2
67,3,-2,1.75,1,-0.5
84,3,-2,1.75,1,-1
50,3,-2,1.75,1,-1.5
65,3,-2,1.75,1,-2
85,3,-2,1.75,2,-0.5
75,3,-2,1.75,2,-1
60,3,-2,1.75,2,-1.5
47,3,-2,1.75,2,-2
64,3,-2,1.75,3,-0.5
47,3,-2,1.75,3,-1
46,3,-2,1.75,3,-1.5
76,3,-2,1.75,3,-2
78,3,-2,1.75,4,-0.5
50,3,-2,1.75,4,-1
59,3,-2,1.75,4,-1.5
64,3,-2,1.75,4,-2
65,3,-2,1.75,5,-0.5
40,3,-2,1.75,5,-1
52,3,-2,1.75,5,-1.5
69,3,-2,1.75,5,-2
555,3,-3,0.25,1,-0.5
197,3,-3,0.25,1,-1
409,3,-3,0.25,1,-1.5
192,3,-3,0.25,1,-2
388,3,-3,0.25,2,-0.5
141,3,-3,0.25,2,-1
148,3,-3,0.25,2,-1.5
315,3,-3,0.25,2,-2
228,3,-3,0.25,3,-0.5
188,3,-3,0.25,3,-1
220,3,-3,0.25,3,-1.5
139,3,-3,0.25,3,-2
438,3,-3,0.25,4,-0.5
380,3,-3,0.25,4,-1
354,3,-3,0.25,4,-1.5
56,3,-3,0.25,4,-2
460,3,-3,0.25,5,-0.5
311,3,-3,0.25,5,-1
157,3,-3,0.25,5,-1.5
79,3,-3,0.25,5,-2
85,3,-3,0.75,1,-0.5
89,3,-3,0.75,1,-1
138,3,-3,0.75,1,-1.5
33,3,-3,0.75,1,-2
74,3,-3,0.75,2,-0.5
78,3,-3,0.75,2,-1
102,3,-3,0.75,2,-1.5
427,3,-3,0.75,2,-2
60,3,-3,0.75,3,-0.5
84,3,-3,0.75,3,-1
79,3,-3,0.75,3,-1.5
73,3,-3,0.75,3,-2
85,3,-3,0.75,4,-0.5
45,3,-3,0.75,4,-1
116,3,-3,0.75,4,-1.5
23,3,-3,0.75,4,-2
157,3,-3,0.75,5,-0.5
118,3,-3,0.75,5,-1
88,3,-3,0.75,5,-1.5
137,3,-3,0.75,5,-2
59,3,-3,1.25,1,-0.5
34,3,-3,1.25,1,-1
111,3,-3,1.25,1,-1.5
66,3,-3,1.25,1,-2
64,3,-3,1.25,2,-0.5
39,3,-3,1.25,2,-1
48,3,-3,1.25,2,-1.5
67,3,-3,1.25,2,-2
52,3,-3,1.25,3,-0.5
39,3,-3,1.25,3,-1
48,3,-3,1.25,3,-1.5
48,3,-3,1.25,3,-2
62,3,-3,1.25,4,-0.5
50,3,-3,1.25,4,-1
342,3,-3,1.25,4,-1.5
62,3,-3,1.25,4,-2
58,3,-3,1.25,5,-0.5
22,3,-3,1.25,5,-1
29,3,-3,1.25,5,-1.5
37,3,-3,1.25,5,-2
55,3,-3,1.75,1,-0.5
63,3,-3,1.75,1,-1
52,3,-3,1.75,1,-1.5
34,3,-3,1.75,1,-2
47,3,-3,1.75,2,-0.5
54,3,-3,1.75,2,-1
64,3,-3,1.75,2,-1.5
46,3,-3,1.75,2,-2
64,3,-3,1.75,3,-0.5
48,3,-3,1.75,3,-1
17,3,-3,1.75,3,-1.5
67,3,-3,1.75,3,-2
73,3,-3,1.75,4,-0.5
76,3,-3,1.75,4,-1
34,3,-3,1.75,4,-1.5
35,3,-3,1.75,4,-2
59,3,-3,1.75,5,-0.5
32,3,-3,1.75,5,-1
48,3,-3,1.75,5,-1.5
32,3,-3,1.75,5,-2
489,3,-4,0.25,1,-0.5
513,3,-4,0.25,1,-1
312,3,-4,0.25,1,-1.5
102,3,-4,0.25,1,-2
267,3,-4,0.25,2,-0.5
170,3,-4,0.25,2,-1
400,3,-4,0.25,2,-1.5
418,3,-4,0.25,2,-2
530,3,-4,0.25,3,-0.5
427,3,-4,0.25,3,-1
123,3,-4,0.25,3,-1.5
155,3,-4,0.25,3,-2
173,3,-4,0.25,4,-0.5
426,3,-4,0.25,4,-1
508,3,-4,0.25,4,-1.5
422,3,-4,0.25,4,-2
318,3,-4,0.25,5,-0.5
278,3,-4,0.25,5,-1
264,3,-4,0.25,5,-1.5
421,3,-4,0.25,5,-2
124,3,-4,0.75,1,-0.5
129,3,-4,0.75,1,-1
190,3,-4,0.75,1,-1.5
85,3,-4,0.75,1,-2
590,3,-4,0.75,2,-0.5
155,3,-4,0.75,2,-1
210,3,-4,0.75,2,-1.5
75,3,-4,0.75,2,-2
143,3,-4,0.75,3,-0.5
198,3,-4,0.75,3,-1
289,3,-4,0.75,3,-1.5
59,3,-4,0.75,3,-2
295,3,-4,0.75,4,-0.5
171,3,-4,0.75,4,-1
128,3,-4,0.75,4,-1.5
164,3,-4,0.75,4,-2
565,3,-4,0.75,5,-0.5
269,3,-4,0.75,5,-1
163,3,-4,0.75,5,-1.5
184,3,-4,0.75,5,-2
115,3,-4,1.25,1,-0.5
56,3,-4,1.25,1,-1
196,3,-4,1.25,1,-1.5
138,3,-4,1.25,1,-2
59,3,-4,1.25,2,-0.5
145,3,-4,1.25,2,-1
105,3,-4,1.25,2,-1.5
41,3,-4,1.25,2,-2
61,3,-4,1.25,3,-0.5
71,3,-4,1.25,3,-1
123,3,-4,1.25,3,-1.5
30,3,-4,1.25,3,-2
98,3,-4,1.25,4,-0.5
25,3,-4,1.25,4,-1
37,3,-4,1.25,4,-1.5
23,3,-4,1.25,4,-2
27,3,-4,1.25,5,-0.5
105,3,-4,1.25,5,-1
22,3,-4,1.25,5,-1.5
56,3,-4,1.25,5,-2
53,3,-4,1.75,1,-0.5
68,3,-4,1.75,1,-1
40,3,-4,1.75,1,-1.5
147,3,-4,1.75,1,-2
107,3,-4,1.75,2,-0.5
52,3,-4,1.75,2,-1
45,3,-4,1.75,2,-1.5
28,3,-4,1.75,2,-2
78,3,-4,1.75,3,-0.5
41,3,-4,1.75,3,-1
43,3,-4,1.75,3,-1.5
60,3,-4,1.75,3,-2
55,3,-4,1.75,4,-0.5
53,3,-4,1.75,4,-1
62,3,-4,1.75,4,-1.5
27,3,-4,1.75,4,-2
63,3,-4,1.75,5,-0.5
32,3,-4,1.75,5,-1
28,3,-4,1.75,5,-1.5
45,3,-4,1.75,5,-2
513,3,-5,0.25,1,-0.5
276,3,-5,0.25,1,-1
269,3,-5,0.25,1,-1.5
253,3,-5,0.25,1,-2
513,3,-5,0.25,2,-0.5
228,3,-5,0.25,2,-1
111,3,-5,0.25,2,-1.5
372,3,-5,0.25,2,-2
380,3,-5,0.25,3,-0.5
312,3,-5,0.25,3,-1
419,3,-5,0.25,3,-1.5
310,3,-5,0.25,3,-2
187,3,-5,0.25,4,-0.5
203,3,-5,0.25,4,-1
376,3,-5,0.25,4,-1.5
411,3,-5,0.25,4,-2
400,3,-5,0.25,5,-0.5
263,3,-5,0.25,5,-1
313,3,-5,0.25,5,-1.5
194,3,-5,0.25,5,-2
422,3,-5,0.75,1,-0.5
483,3,-5,0.75,1,-1
370,3,-5,0.75,1,-1.5
163,3,-5,0.75,1,-2
302,3,-5,0.75,2,-0.5
301,3,-5,0.75,2,-1
276,3,-5,0.75,2,-1.5
56,3,-5,0.75,2,-2
178,3,-5,0.75,3,-0.5
218,3,-5,0.75,3,-1
394,3,-5,0.75,3,-1.5
89,3,-5,0.75,3,-2
515,3,-5,0.75,4,-0.5
116,3,-5,0.75,4,-1
56,3,-5,0.75,4,-1.5
59,3,-5,0.75,4,-2
515,3,-5,0.75,5,-0.5
366,3,-5,0.75,5,-1
531,3,-5,0.75,5,-1.5
64,3,-5,0.75,5,-2
514,3,-5,1.25,1,-0.5
49,3,-5,1.25,1,-1
39,3,-5,1.25,1,-1.5
44,3,-5,1.25,1,-2
60,3,-5,1.25,2,-0.5
120,3,-5,1.25,2,-1
78,3,-5,1.25,2,-1.5
47,3,-5,1.25,2,-2
65,3,-5,1.25,3,-0.5
47,3,-5,1.25,3,-1
85,3,-5,1.25,3,-1.5
47,3,-5,1.25,3,-2
374,3,-5,1.25,4,-0.5
138,3,-5,1.25,4,-1
55,3,-5,1.25,4,-1.5
27,3,-5,1.25,4,-2
77,3,-5,1.25,5,-0.5
35,3,-5,1.25,5,-1
28,3,-5,1.25,5,-1.5
173,3,-5,1.25,5,-2
46,3,-5,1.75,1,-0.5
371,3,-5,1.75,1,-1
39,3,-5,1.75,1,-1.5
51,3,-5,1.75,1,-2
78,3,-5,1.75,2,-0.5
62,3,-5,1.75,2,-1
364,3,-5,1.75,2,-1.5
22,3,-5,1.75,2,-2
36,3,-5,1.75,3,-0.5
86,3,-5,1.75,3,-1
87,3,-5,1.75,3,-1.5
55,3,-5,1.75,3,-2
36,3,-5,1.75,4,-0.5
68,3,-5,1.75,4,-1
31,3,-5,1.75,4,-1.5
86,3,-5,1.75,4,-2
27,3,-5,1.75,5,-0.5
42,3,-5,1.75,5,-1
24,3,-5,1.75,5,-1.5
20,3,-5,1.75,5,-2
307,4,-1,0.25,1,-0.5
315,4,-1,0.25,1,-1
137,4,-1,0.25,1,-1.5
122,4,-1,0.25,1,-2
458,4,-1,0.25,2,-0.5
204,4,-1,0.25,2,-1
175,4,-1,0.25,2,-1.5
69,4,-1,0.25,2,-2
274,4,-1,0.25,3,-0.5
235,4,-1,0.25,3,-1
163,4,-1,0.25,3,-1.5
133,4,-1,0.25,3,-2
307,4,-1,0.25,4,-0.5
292,4,-1,0.25,4,-1
149,4,-1,0.25,4,-1.5
134,4,-1,0.25,4,-2
138,4,-1,0.25,5,-0.5
174,4,-1,0.25,5,-1
88,4,-1,0.25,5,-1.5
122,4,-1,0.25,5,-2
222,4,-1,0.75,1,-0.5
101,4,-1,0.75,1,-1
79,4,-1,0.75,1,-1.5
105,4,-1,0.75,1,-2
113,4,-1,0.75,2,-0.5
102,4,-1,0.75,2,-1
63,4,-1,0.75,2,-1.5
99,4,-1,0.75,2,-2
115,4,-1,0.75,3,-0.5
107,4,-1,0.75,3,-1
98,4,-1,0.75,3,-1.5
54,4,-1,0.75,3,-2
123,4,-1,0.75,4,-0.5
78,4,-1,0.75,4,-1
95,4,-1,0.75,4,-1.5
56,4,-1,0.75,4,-2
121,4,-1,0.75,5,-0.5
82,4,-1,0.75,5,-1
70,4,-1,0.75,5,-1.5
65,4,-1,0.75,5,-2
127,4,-1,1.25,1,-0.5
104,4,-1,1.25,1,-1
88,4,-1,1.25,1,-1.5
67,4,-1,1.25,1,-2
118,4,-1,1.25,2,-0.5
95,4,-1,1.25,2,-1
52,4,-1,1.25,2,-1.5
81,4,-1,1.25,2,-2
98,4,-1,1.25,3,-0.5
73,4,-1,1.25,3,-1
50,4,-1,1.25,3,-1.5
61,4,-1,1.25,3,-2
113,4,-1,1.25,4,-0.5
90,4,-1,1.25,4,-1
72,4,-1,1.25,4,-1.5
41,4,-1,1.25,4,-2
64,4,-1,1.25,5,-0.5
68,4,-1,1.25,5,-1
57,4,-1,1.25,5,-1.5
51,4,-1,1.25,5,-2
118,4,-1,1.75,1,-0.5
97,4,-1,1.75,1,-1
105,4,-1,1.75,1,-1.5
65,4,-1,1.75,1,-2
107,4,-1,1.75,2,-0.5
112,4,-1,1.75,2,-1
67,4,-1,1.75,2,-1.5
95,4,-1,1.75,2,-2
117,4,-1,1.75,3,-0.5
66,4,-1,1.75,3,-1
100,4,-1,1.75,3,-1.5
73,4,-1,1.75,3,-2
106,4,-1,1.75,4,-0.5
100,4,-1,1.75,4,-1
59,4,-1,1.75,4,-1.5
57,4,-1,1.75,4,-2
100,4,-1,1.75,5,-0.5
78,4,-1,1.75,5,-1
71,4,-1,1.75,5,-1.5
63,4,-1,1.75,5,-2
296,4,-2,0.25,1,-0.5
207,4,-2,0.25,1,-1
287,4,-2,0.25,1,-1.5
84,4,-2,0.25,1,-2
237,4,-2,0.25,2,-0.5
296,4,-2,0.25,2,-1
122,4,-2,0.25,2,-1.5
140,4,-2,0.25,2,-2
216,4,-2,0.25,3,-0.5
248,4,-2,0.25,3,-1
252,4,-2,0.25,3,-1.5
259,4,-2,0.25,3,-2
443,4,-2,0.25,4,-0.5
337,4,-2,0.25,4,-1
240,4,-2,0.25,4,-1.5
136,4,-2,0.25,4,-2
443,4,-2,0.25,5,-0.5
273,4,-2,0.25,5,-1
317,4,-2,0.25,5,-1.5
143,4,-2,0.25,5,-2
110,4,-2,0.75,1,-0.5
91,4,-2,0.75,1,-1
320,4,-2,0.75,1,-1.5
87,4,-2,0.75,1,-2
152,4,-2,0.75,2,-0.5
104,4,-2,0.75,2,-1
154,4,-2,0.75,2,-1.5
44,4,-2,0.75,2,-2
94,4,-2,0.75,3,-0.5
97,4,-2,0.75,3,-1
34,4,-2,0.75,3,-1.5
126,4,-2,0.75,3,-2
132,4,-2,0.75,4,-0.5
64,4,-2,0.75,4,-1
71,4,-2,0.75,4,-1.5
150,4,-2,0.75,4,-2
62,4,-2,0.75,5,-0.5
59,4,-2,0.75,5,-1
151,4,-2,0.75,5,-1.5
131,4,-2,0.75,5,-2
103,4,-2,1.25,1,-0.5
52,4,-2,1.25,1,-1
89,4,-2,1.25,1,-1.5
66,4,-2,1.25,1,-2
38,4,-2,1.25,2,-0.5
70,4,-2,1.25,2,-1
41,4,-2,1.25,2,-1.5
79,4,-2,1.25,2,-2
59,4,-2,1.25,3,-0.5
69,4,-2,1.25,3,-1
75,4,-2,1.25,3,-1.5
56,4,-2,1.25,3,-2
49,4,-2,1.25,4,-0.5
89,4,-2,1.25,4,-1
35,4,-2,1.25,4,-1.5
40,4,-2,1.25,4,-2
63,4,-2,1.25,5,-0.5
60,4,-2,1.25,5,-1
66,4,-2,1.25,5,-1.5
51,4,-2,1.25,5,-2
125,4,-2,1.75,1,-0.5
68,4,-2,1.75,1,-1
84,4,-2,1.75,1,-1.5
58,4,-2,1.75,1,-2
104,4,-2,1.75,2,-0.5
70,4,-2,1.75,2,-1
54,4,-2,1.75,2,-1.5
61,4,-2,1.75,2,-2
86,4,-2,1.75,3,-0.5
63,4,-2,1.75,3,-1
63,4,-2,1.75,3,-1.5
57,4,-2,1.75,3,-2
76,4,-2,1.75,4,-0.5
61,4,-2,1.75,4,-1
66,4,-2,1.75,4,-1.5
70,4,-2,1.75,4,-2
117,4,-2,1.75,5,-0.5
58,4,-2,1.75,5,-1
41,4,-2,1.75,5,-1.5
49,4,-2,1.75,5,-2
389,4,-3,0.25,1,-0.5
235,4,-3,0.25,1,-1
173,4,-3,0.25,1,-1.5
165,4,-3,0.25,1,-2
545,4,-3,0.25,2,-0.5
272,4,-3,0.25,2,-1
191,4,-3,0.25,2,-1.5
226,4,-3,0.25,2,-2
333,4,-3,0.25,3,-0.5
514,4,-3,0.25,3,-1
162,4,-3,0.25,3,-1.5
120,4,-3,0.25,3,-2
507,4,-3,0.25,4,-0.5
209,4,-3,0.25,4,-1
380,4,-3,0.25,4,-1.5
163,4,-3,0.25,4,-2
506,4,-3,0.25,5,-0.5
129,4,-3,0.25,5,-1
220,4,-3,0.25,5,-1.5
190,4,-3,0.25,5,-2
204,4,-3,0.75,1,-0.5
99,4,-3,0.75,1,-1
194,4,-3,0.75,1,-1.5
108,4,-3,0.75,1,-2
129,4,-3,0.75,2,-0.5
102,4,-3,0.75,2,-1
245,4,-3,0.75,2,-1.5
90,4,-3,0.75,2,-2
508,4,-3,0.75,3,-0.5
69,4,-3,0.75,3,-1
184,4,-3,0.75,3,-1.5
117,4,-3,0.75,3,-2
187,4,-3,0.75,4,-0.5
80,4,-3,0.75,4,-1
63,4,-3,0.75,4,-1.5
48,4,-3,0.75,4,-2
127,4,-3,0.75,5,-0.5
68,4,-3,0.75,5,-1
21,4,-3,0.75,5,-1.5
42,4,-3,0.75,5,-2
136,4,-3,1.25,1,-0.5
83,4,-3,1.25,1,-1
103,4,-3,1.25,1,-1.5
26,4,-3,1.25,1,-2
80,4,-3,1.25,2,-0.5
51,4,-3,1.25,2,-1
84,4,-3,1.25,2,-1.5
52,4,-3,1.25,2,-2
86,4,-3,1.25,3,-0.5
66,4,-3,1.25,3,-1
37,4,-3,1.25,3,-1.5
56,4,-3,1.25,3,-2
53,4,-3,1.25,4,-0.5
19,4,-3,1.25,4,-1
53,4,-3,1.25,4,-1.5
200,4,-3,1.25,4,-2
96,4,-3,1.25,5,-0.5
167,4,-3,1.25,5,-1
89,4,-3,1.25,5,-1.5
70,4,-3,1.25,5,-2
132,4,-3,1.75,1,-0.5
82,4,-3,1.75,1,-1
56,4,-3,1.75,1,-1.5
44,4,-3,1.75,1,-2
77,4,-3,1.75,2,-0.5
49,4,-3,1.75,2,-1
52,4,-3,1.75,2,-1.5
67,4,-3,1.75,2,-2
51,4,-3,1.75,3,-0.5
80,4,-3,1.75,3,-1
60,4,-3,1.75,3,-1.5
33,4,-3,1.75,3,-2
85,4,-3,1.75,4,-0.5
33,4,-3,1.75,4,-1
77,4,-3,1.75,4,-1.5
35,4,-3,1.75,4,-2
84,4,-3,1.75,5,-0.5
43,4,-3,1.75,5,-1
52,4,-3,1.75,5,-1.5
47,4,-3,1.75,5,-2
464,4,-4,0.25,1,-0.5
418,4,-4,0.25,1,-1
222,4,-4,0.25,1,-1.5
315,4,-4,0.25,1,-2
374,4,-4,0.25,2,-0.5
436,4,-4,0.25,2,-1
269,4,-4,0.25,2,-1.5
129,4,-4,0.25,2,-2
333,4,-4,0.25,3,-0.5
445,4,-4,0.25,3,-1
108,4,-4,0.25,3,-1.5
336,4,-4,0.25,3,-2
439,4,-4,0.25,4,-0.5
144,4,-4,0.25,4,-1
383,4,-4,0.25,4,-1.5
126,4,-4,0.25,4,-2
511,4,-4,0.25,5,-0.5
206,4,-4,0.25,5,-1
383,4,-4,0.25,5,-1.5
241,4,-4,0.25,5,-2
521,4,-4,0.75,1,-0.5
181,4,-4,0.75,1,-1
132,4,-4,0.75,1,-1.5
228,4,-4,0.75,1,-2
155,4,-4,0.75,2,-0.5
296,4,-4,0.75,2,-1
164,4,-4,0.75,2,-1.5
194,4,-4,0.75,2,-2
115,4,-4,0.75,3,-0.5
198,4,-4,0.75,3,-1
67,4,-4,0.75,3,-1.5
50,4,-4,0.75,3,-2
116,4,-4,0.75,4,-0.5
350,4,-4,0.75,4,-1
126,4,-4,0.75,4,-1.5
84,4,-4,0.75,4,-2
56,4,-4,0.75,5,-0.5
328,4,-4,0.75,5,-1
280,4,-4,0.75,5,-1.5
52,4,-4,0.75,5,-2
86,4,-4,1.25,1,-0.5
71,4,-4,1.25,1,-1
113,4,-4,1.25,1,-1.5
97,4,-4,1.25,1,-2
87,4,-4,1.25,2,-0.5
179,4,-4,1.25,2,-1
63,4,-4,1.25,2,-1.5
113,4,-4,1.25,2,-2
281,4,-4,1.25,3,-0.5
28,4,-4,1.25,3,-1
43,4,-4,1.25,3,-1.5
52,4,-4,1.25,3,-2
95,4,-4,1.25,4,-0.5
113,4,-4,1.25,4,-1
67,4,-4,1.25,4,-1.5
71,4,-4,1.25,4,-2
62,4,-4,1.25,5,-0.5
114,4,-4,1.25,5,-1
84,4,-4,1.25,5,-1.5
48,4,-4,1.25,5,-2
86,4,-4,1.75,1,-0.5
39,4,-4,1.75,1,-1
47,4,-4,1.75,1,-1.5
58,4,-4,1.75,1,-2
101,4,-4,1.75,2,-0.5
33,4,-4,1.75,2,-1
88,4,-4,1.75,2,-1.5
30,4,-4,1.75,2,-2
75,4,-4,1.75,3,-0.5
62,4,-4,1.75,3,-1
89,4,-4,1.75,3,-1.5
35,4,-4,1.75,3,-2
73,4,-4,1.75,4,-0.5
58,4,-4,1.75,4,-1
50,4,-4,1.75,4,-1.5
64,4,-4,1.75,4,-2
76,4,-4,1.75,5,-0.5
26,4,-4,1.75,5,-1
65,4,-4,1.75,5,-1.5
165,4,-4,1.75,5,-2
425,4,-5,0.25,1,-0.5
406,4,-5,0.25,1,-1
227,4,-5,0.25,1,-1.5
225,4,-5,0.25,1,-2
459,4,-5,0.25,2,-0.5
423,4,-5,0.25,2,-1
246,4,-5,0.25,2,-1.5
303,4,-5,0.25,2,-2
293,4,-5,0.25,3,-0.5
462,4,-5,0.25,3,-1
445,4,-5,0.25,3,-1.5
263,4,-5,0.25,3,-2
457,4,-5,0.25,4,-0.5
350,4,-5,0.25,4,-1
213,4,-5,0.25,4,-1.5
307,4,-5,0.25,4,-2
293,4,-5,0.25,5,-0.5
389,4,-5,0.25,5,-1
440,4,-5,0.25,5,-1.5
501,4,-5,0.25,5,-2
598,4,-5,0.75,1,-0.5
464,4,-5,0.75,1,-1
421,4,-5,0.75,1,-1.5
320,4,-5,0.75,1,-2
447,4,-5,0.75,2,-0.5
441,4,-5,0.75,2,-1
388,4,-5,0.75,2,-1.5
320,4,-5,0.75,2,-2
664,4,-5,0.75,3,-0.5
350,4,-5,0.75,3,-1
167,4,-5,0.75,3,-1.5
400,4,-5,0.75,3,-2
465,4,-5,0.75,4,-0.5
271,4,-5,0.75,4,-1
64,4,-5,0.75,4,-1.5
400,4,-5,0.75,4,-2
380,4,-5,0.75,5,-0.5
209,4,-5,0.75,5,-1
320,4,-5,0.75,5,-1.5
192,4,-5,0.75,5,-2
129,4,-5,1.25,1,-0.5
97,4,-5,1.25,1,-1
178,4,-5,1.25,1,-1.5
234,4,-5,1.25,1,-2
448,4,-5,1.25,2,-0.5
295,4,-5,1.25,2,-1
238,4,-5,1.25,2,-1.5
407,4,-5,1.25,2,-2
505,4,-5,1.25,3,-0.5
310,4,-5,1.25,3,-1
233,4,-5,1.25,3,-1.5
542,4,-5,1.25,3,-2
88,4,-5,1.25,4,-0.5
249,4,-5,1.25,4,-1
81,4,-5,1.25,4,-1.5
182,4,-5,1.25,4,-2
334,4,-5,1.25,5,-0.5
499,4,-5,1.25,5,-1
44,4,-5,1.25,5,-1.5
66,4,-5,1.25,5,-2
55,4,-5,1.75,1,-0.5
69,4,-5,1.75,1,-1
23,4,-5,1.75,1,-1.5
86,4,-5,1.75,1,-2
51,4,-5,1.75,2,-0.5
50,4,-5,1.75,2,-1
55,4,-5,1.75,2,-1.5
47,4,-5,1.75,2,-2
44,4,-5,1.75,3,-0.5
25,4,-5,1.75,3,-1
27,4,-5,1.75,3,-1.5
133,4,-5,1.75,3,-2
49,4,-5,1.75,4,-0.5
48,4,-5,1.75,4,-1
58,4,-5,1.75,4,-1.5
32,4,-5,1.75,4,-2
390,4,-5,1.75,5,-0.5
83,4,-5,1.75,5,-1
30,4,-5,1.75,5,-1.5
317,4,-5,1.75,5,-2
223,5,-1,0.25,1,-0.5
152,5,-1,0.25,1,-1
191,5,-1,0.25,1,-1.5
185,5,-1,0.25,1,-2
356,5,-1,0.25,2,-0.5
217,5,-1,0.25,2,-1
200,5,-1,0.25,2,-1.5
195,5,-1,0.25,2,-2
293,5,-1,0.25,3,-0.5
154,5,-1,0.25,3,-1
217,5,-1,0.25,3,-1.5
214,5,-1,0.25,3,-2
198,5,-1,0.25,4,-0.5
196,5,-1,0.25,4,-1
151,5,-1,0.25,4,-1.5
101,5,-1,0.25,4,-2
202,5,-1,0.25,5,-0.5
152,5,-1,0.25,5,-1
158,5,-1,0.25,5,-1.5
110,5,-1,0.25,5,-2
135,5,-1,0.75,1,-0.5
175,5,-1,0.75,1,-1
112,5,-1,0.75,1,-1.5
98,5,-1,0.75,1,-2
142,5,-1,0.75,2,-0.5
126,5,-1,0.75,2,-1
158,5,-1,0.75,2,-1.5
99,5,-1,0.75,2,-2
127,5,-1,0.75,3,-0.5
154,5,-1,0.75,3,-1
103,5,-1,0.75,3,-1.5
88,5,-1,0.75,3,-2
140,5,-1,0.75,4,-0.5
142,5,-1,0.75,4,-1
91,5,-1,0.75,4,-1.5
65,5,-1,0.75,4,-2
136,5,-1,0.75,5,-0.5
332,5,-1,0.75,5,-1
96,5,-1,0.75,5,-1.5
72,5,-1,0.75,5,-2
162,5,-1,1.25,1,-0.5
87,5,-1,1.25,1,-1
77,5,-1,1.25,1,-1.5
97,5,-1,1.25,1,-2
142,5,-1,1.25,2,-0.5
89,5,-1,1.25,2,-1
80,5,-1,1.25,2,-1.5
83,5,-1,1.25,2,-2
94,5,-1,1.25,3,-0.5
96,5,-1,1.25,3,-1
74,5,-1,1.25,3,-1.5
81,5,-1,1.25,3,-2
100,5,-1,1.25,4,-0.5
77,5,-1,1.25,4,-1
64,5,-1,1.25,4,-1.5
60,5,-1,1.25,4,-2
83,5,-1,1.25,5,-0.5
100,5,-1,1.25,5,-1
71,5,-1,1.25,5,-1.5
107,5,-1,1.25,5,-2
137,5,-1,1.75,1,-0.5
113,5,-1,1.75,1,-1
96,5,-1,1.75,1,-1.5
76,5,-1,1.75,1,-2
113,5,-1,1.75,2,-0.5
98,5,-1,1.75,2,-1
93,5,-1,1.75,2,-1.5
70,5,-1,1.75,2,-2
94,5,-1,1.75,3,-0.5
106,5,-1,1.75,3,-1
77,5,-1,1.75,3,-1.5
94,5,-1,1.75,3,-2
90,5,-1,1.75,4,-0.5
82,5,-1,1.75,4,-1
95,5,-1,1.75,4,-1.5
65,5,-1,1.75,4,-2
96,5,-1,1.75,5,-0.5
89,5,-1,1.75,5,-1
75,5,-1,1.75,5,-1.5
33,5,-1,1.75,5,-2
510,5,-2,0.25,1,-0.5
460,5,-2,0.25,1,-1
424,5,-2,0.25,1,-1.5
220,5,-2,0.25,1,-2
510,5,-2,0.25,2,-0.5
557,5,-2,0.25,2,-1
147,5,-2,0.25,2,-1.5
158,5,-2,0.25,2,-2
505,5,-2,0.25,3,-0.5
159,5,-2,0.25,3,-1
230,5,-2,0.25,3,-1.5
165,5,-2,0.25,3,-2
324,5,-2,0.25,4,-0.5
157,5,-2,0.25,4,-1
199,5,-2,0.25,4,-1.5
121,5,-2,0.25,4,-2
435,5,-2,0.25,5,-0.5
208,5,-2,0.25,5,-1
489,5,-2,0.25,5,-1.5
177,5,-2,0.25,5,-2
100,5,-2,0.75,1,-0.5
141,5,-2,0.75,1,-1
154,5,-2,0.75,1,-1.5
120,5,-2,0.75,1,-2
185,5,-2,0.75,2,-0.5
153,5,-2,0.75,2,-1
146,5,-2,0.75,2,-1.5
98,5,-2,0.75,2,-2
101,5,-2,0.75,3,-0.5
195,5,-2,0.75,3,-1
87,5,-2,0.75,3,-1.5
95,5,-2,0.75,3,-2
93,5,-2,0.75,4,-0.5
141,5,-2,0.75,4,-1
63,5,-2,0.75,4,-1.5
238,5,-2,0.75,4,-2
120,5,-2,0.75,5,-0.5
282,5,-2,0.75,5,-1
130,5,-2,0.75,5,-1.5
66,5,-2,0.75,5,-2
93,5,-2,1.25,1,-0.5
80,5,-2,1.25,1,-1
51,5,-2,1.25,1,-1.5
58,5,-2,1.25,1,-2
92,5,-2,1.25,2,-0.5
104,5,-2,1.25,2,-1
74,5,-2,1.25,2,-1.5
53,5,-2,1.25,2,-2
106,5,-2,1.25,3,-0.5
75,5,-2,1.25,3,-1
73,5,-2,1.25,3,-1.5
83,5,-2,1.25,3,-2
73,5,-2,1.25,4,-0.5
46,5,-2,1.25,4,-1
194,5,-2,1.25,4,-1.5
62,5,-2,1.25,4,-2
62,5,-2,1.25,5,-0.5
102,5,-2,1.25,5,-1
91,5,-2,1.25,5,-1.5
62,5,-2,1.25,5,-2
88,5,-2,1.75,1,-0.5
87,5,-2,1.75,1,-1
98,5,-2,1.75,1,-1.5
82,5,-2,1.75,1,-2
92,5,-2,1.75,2,-0.5
88,5,-2,1.75,2,-1
88,5,-2,1.75,2,-1.5
39,5,-2,1.75,2,-2
98,5,-2,1.75,3,-0.5
89,5,-2,1.75,3,-1
71,5,-2,1.75,3,-1.5
74,5,-2,1.75,3,-2
101,5,-2,1.75,4,-0.5
69,5,-2,1.75,4,-1
55,5,-2,1.75,4,-1.5
62,5,-2,1.75,4,-2
78,5,-2,1.75,5,-0.5
66,5,-2,1.75,5,-1
43,5,-2,1.75,5,-1.5
64,5,-2,1.75,5,-2
322,5,-3,0.25,1,-0.5
459,5,-3,0.25,1,-1
548,5,-3,0.25,1,-1.5
278,5,-3,0.25,1,-2
380,5,-3,0.25,2,-0.5
393,5,-3,0.25,2,-1
195,5,-3,0.25,2,-1.5
301,5,-3,0.25,2,-2
221,5,-3,0.25,3,-0.5
393,5,-3,0.25,3,-1
445,5,-3,0.25,3,-1.5
179,5,-3,0.25,3,-2
404,5,-3,0.25,4,-0.5
145,5,-3,0.25,4,-1
196,5,-3,0.25,4,-1.5
172,5,-3,0.25,4,-2
159,5,-3,0.25,5,-0.5
254,5,-3,0.25,5,-1
299,5,-3,0.25,5,-1.5
151,5,-3,0.25,5,-2
447,5,-3,0.75,1,-0.5
146,5,-3,0.75,1,-1
168,5,-3,0.75,1,-1.5
170,5,-3,0.75,1,-2
148,5,-3,0.75,2,-0.5
87,5,-3,0.75,2,-1
93,5,-3,0.75,2,-1.5
107,5,-3,0.75,2,-2
53,5,-3,0.75,3,-0.5
119,5,-3,0.75,3,-1
192,5,-3,0.75,3,-1.5
94,5,-3,0.75,3,-2
124,5,-3,0.75,4,-0.5
156,5,-3,0.75,4,-1
60,5,-3,0.75,4,-1.5
112,5,-3,0.75,4,-2
251,5,-3,0.75,5,-0.5
123,5,-3,0.75,5,-1
60,5,-3,0.75,5,-1.5
71,5,-3,0.75,5,-2
97,5,-3,1.25,1,-0.5
70,5,-3,1.25,1,-1
89,5,-3,1.25,1,-1.5
71,5,-3,1.25,1,-2
113,5,-3,1.25,2,-0.5
78,5,-3,1.25,2,-1
89,5,-3,1.25,2,-1.5
174,5,-3,1.25,2,-2
105,5,-3,1.25,3,-0.5
70,5,-3,1.25,3,-1
52,5,-3,1.25,3,-1.5
106,5,-3,1.25,3,-2
60,5,-3,1.25,4,-0.5
109,5,-3,1.25,4,-1
43,5,-3,1.25,4,-1.5
99,5,-3,1.25,4,-2
84,5,-3,1.25,5,-0.5
126,5,-3,1.25,5,-1
78,5,-3,1.25,5,-1.5
31,5,-3,1.25,5,-2
109,5,-3,1.75,1,-0.5
90,5,-3,1.75,1,-1
67,5,-3,1.75,1,-1.5
50,5,-3,1.75,1,-2
123,5,-3,1.75,2,-0.5
92,5,-3,1.75,2,-1
81,5,-3,1.75,2,-1.5
50,5,-3,1.75,2,-2
68,5,-3,1.75,3,-0.5
66,5,-3,1.75,3,-1
77,5,-3,1.75,3,-1.5
69,5,-3,1.75,3,-2
59,5,-3,1.75,4,-0.5
51,5,-3,1.75,4,-1
177,5,-3,1.75,4,-1.5
57,5,-3,1.75,4,-2
46,5,-3,1.75,5,-0.5
74,5,-3,1.75,5,-1
86,5,-3,1.75,5,-1.5
113,5,-3,1.75,5,-2
195,5,-4,0.25,1,-0.5
355,5,-4,0.25,1,-1
486,5,-4,0.25,1,-1.5
319,5,-4,0.25,1,-2
436,5,-4,0.25,2,-0.5
223,5,-4,0.25,2,-1
348,5,-4,0.25,2,-1.5
261,5,-4,0.25,2,-2
401,5,-4,0.25,3,-0.5
400,5,-4,0.25,3,-1
296,5,-4,0.25,3,-1.5
199,5,-4,0.25,3,-2
375,5,-4,0.25,4,-0.5
358,5,-4,0.25,4,-1
258,5,-4,0.25,4,-1.5
291,5,-4,0.25,4,-2
301,5,-4,0.25,5,-0.5
240,5,-4,0.25,5,-1
352,5,-4,0.25,5,-1.5
252,5,-4,0.25,5,-2
336,5,-4,0.75,1,-0.5
329,5,-4,0.75,1,-1
247,5,-4,0.75,1,-1.5
182,5,-4,0.75,1,-2
410,5,-4,0.75,2,-0.5
368,5,-4,0.75,2,-1
89,5,-4,0.75,2,-1.5
98,5,-4,0.75,2,-2
585,5,-4,0.75,3,-0.5
303,5,-4,0.75,3,-1
84,5,-4,0.75,3,-1.5
228,5,-4,0.75,3,-2
399,5,-4,0.75,4,-0.5
261,5,-4,0.75,4,-1
358,5,-4,0.75,4,-1.5
98,5,-4,0.75,4,-2
291,5,-4,0.75,5,-0.5
239,5,-4,0.75,5,-1
138,5,-4,0.75,5,-1.5
152,5,-4,0.75,5,-2
66,5,-4,1.25,1,-0.5
313,5,-4,1.25,1,-1
142,5,-4,1.25,1,-1.5
79,5,-4,1.25,1,-2
86,5,-4,1.25,2,-0.5
105,5,-4,1.25,2,-1
137,5,-4,1.25,2,-1.5
144,5,-4,1.25,2,-2
52,5,-4,1.25,3,-0.5
81,5,-4,1.25,3,-1
71,5,-4,1.25,3,-1.5
118,5,-4,1.25,3,-2
272,5,-4,1.25,4,-0.5
122,5,-4,1.25,4,-1
135,5,-4,1.25,4,-1.5
72,5,-4,1.25,4,-2
73,5,-4,1.25,5,-0.5
44,5,-4,1.25,5,-1
86,5,-4,1.25,5,-1.5
127,5,-4,1.25,5,-2
193,5,-4,1.75,1,-0.5
72,5,-4,1.75,1,-1
57,5,-4,1.75,1,-1.5
47,5,-4,1.75,1,-2
73,5,-4,1.75,2,-0.5
98,5,-4,1.75,2,-1
64,5,-4,1.75,2,-1.5
56,5,-4,1.75,2,-2
167,5,-4,1.75,3,-0.5
70,5,-4,1.75,3,-1
37,5,-4,1.75,3,-1.5
32,5,-4,1.75,3,-2
111,5,-4,1.75,4,-0.5
64,5,-4,1.75,4,-1
263,5,-4,1.75,4,-1.5
38,5,-4,1.75,4,-2
77,5,-4,1.75,5,-0.5
63,5,-4,1.75,5,-1
68,5,-4,1.75,5,-1.5
45,5,-4,1.75,5,-2
415,5,-5,0.25,1,-0.5
373,5,-5,0.25,1,-1
264,5,-5,0.25,1,-1.5
287,5,-5,0.25,1,-2
425,5,-5,0.25,2,-0.5
373,5,-5,0.25,2,-1
259,5,-5,0.25,2,-1.5
252,5,-5,0.25,2,-2
412,5,-5,0.25,3,-0.5
356,5,-5,0.25,3,-1
209,5,-5,0.25,3,-1.5
174,5,-5,0.25,3,-2
480,5,-5,0.25,4,-0.5
357,5,-5,0.25,4,-1
344,5,-5,0.25,4,-1.5
188,5,-5,0.25,4,-2
347,5,-5,0.25,5,-0.5
282,5,-5,0.25,5,-1
213,5,-5,0.25,5,-1.5
360,5,-5,0.25,5,-2
710,5,-5,0.75,1,-0.5
127,5,-5,0.75,1,-1
392,5,-5,0.75,1,-1.5
193,5,-5,0.75,1,-2
420,5,-5,0.75,2,-0.5
129,5,-5,0.75,2,-1
210,5,-5,0.75,2,-1.5
214,5,-5,0.75,2,-2
420,5,-5,0.75,3,-0.5
177,5,-5,0.75,3,-1
122,5,-5,0.75,3,-1.5
170,5,-5,0.75,3,-2
356,5,-5,0.75,4,-0.5
193,5,-5,0.75,4,-1
178,5,-5,0.75,4,-1.5
82,5,-5,0.75,4,-2
349,5,-5,0.75,5,-0.5
430,5,-5,0.75,5,-1
141,5,-5,0.75,5,-1.5
204,5,-5,0.75,5,-2
479,5,-5,1.25,1,-0.5
224,5,-5,1.25,1,-1
93,5,-5,1.25,1,-1.5
74,5,-5,1.25,1,-2
423,5,-5,1.25,2,-0.5
342,5,-5,1.25,2,-1
194,5,-5,1.25,2,-1.5
55,5,-5,1.25,2,-2
185,5,-5,1.25,3,-0.5
55,5,-5,1.25,3,-1
311,5,-5,1.25,3,-1.5
117,5,-5,1.25,3,-2
260,5,-5,1.25,4,-0.5
336,5,-5,1.25,4,-1
384,5,-5,1.25,4,-1.5
46,5,-5,1.25,4,-2
100,5,-5,1.25,5,-0.5
202,5,-5,1.25,5,-1
81,5,-5,1.25,5,-1.5
51,5,-5,1.25,5,-2
83,5,-5,1.75,1,-0.5
106,5,-5,1.75,1,-1
60,5,-5,1.75,1,-1.5
129,5,-5,1.75,1,-2
141,5,-5,1.75,2,-0.5
101,5,-5,1.75,2,-1
82,5,-5,1.75,2,-1.5
107,5,-5,1.75,2,-2
71,5,-5,1.75,3,-0.5
87,5,-5,1.75,3,-1
67,5,-5,1.75,3,-1.5
36,5,-5,1.75,3,-2
34,5,-5,1.75,4,-0.5
38,5,-5,1.75,4,-1
38,5,-5,1.75,4,-1.5
104,5,-5,1.75,4,-2
51,5,-5,1.75,5,-0.5
56,5,-5,1.75,5,-1
72,5,-5,1.75,5,-1.5
48,5,-5,1.75,5,-2
