24,1,-1,0.25,1,-0.5
102,1,-1,0.25,1,-1
42,1,-1,0.25,1,-1.5
74,1,-1,0.25,1,-2
69,1,-1,0.25,2,-0.5
82,1,-1,0.25,2,-1
64,1,-1,0.25,2,-1.5
130,1,-1,0.25,2,-2
77,1,-1,0.25,3,-0.5
66,1,-1,0.25,3,-1
67,1,-1,0.25,3,-1.5
68,1,-1,0.25,3,-2
117,1,-1,0.25,4,-0.5
39,1,-1,0.25,4,-1
87,1,-1,0.25,4,-1.5
50,1,-1,0.25,4,-2
82,1,-1,0.25,5,-0.5
79,1,-1,0.25,5,-1
29,1,-1,0.25,5,-1.5
24,1,-1,0.25,5,-2
36,1,-1,0.75,1,-0.5
57,1,-1,0.75,1,-1
37,1,-1,0.75,1,-1.5
65,1,-1,0.75,1,-2
41,1,-1,0.75,2,-0.5
54,1,-1,0.75,2,-1
42,1,-1,0.75,2,-1.5
81,1,-1,0.75,2,-2
59,1,-1,0.75,3,-0.5
50,1,-1,0.75,3,-1
47,1,-1,0.75,3,-1.5
56,1,-1,0.75,3,-2
67,1,-1,0.75,4,-0.5
75,1,-1,0.75,4,-1
62,1,-1,0.75,4,-1.5
83,1,-1,0.75,4,-2
82,1,-1,0.75,5,-0.5
59,1,-1,0.75,5,-1
61,1,-1,0.75,5,-1.5
74,1,-1,0.75,5,-2
91,1,-1,1.25,1,-0.5
90,1,-1,1.25,1,-1
81,1,-1,1.25,1,-1.5
81,1,-1,1.25,1,-2
99,1,-1,1.25,2,-0.5
99,1,-1,1.25,2,-1
90,1,-1,1.25,2,-1.5
104,1,-1,1.25,2,-2
87,1,-1,1.25,3,-0.5
71,1,-1,1.25,3,-1
69,1,-1,1.25,3,-1.5
75,1,-1,1.25,3,-2
89,1,-1,1.25,4,-0.5
71,1,-1,1.25,4,-1
80,1,-1,1.25,4,-1.5
97,1,-1,1.25,4,-2
116,1,-1,1.25,5,-0.5
76,1,-1,1.25,5,-1
106,1,-1,1.25,5,-1.5
99,1,-1,1.25,5,-2
187,1,-1,1.75,1,-0.5
132,1,-1,1.75,1,-1
137,1,-1,1.75,1,-1.5
129,1,-1,1.75,1,-2
128,1,-1,1.75,2,-0.5
139,1,-1,1.75,2,-1
115,1,-1,1.75,2,-1.5
121,1,-1,1.75,2,-2
155,1,-1,1.75,3,-0.5
110,1,-1,1.75,3,-1
114,1,-1,1.75,3,-1.5
119,1,-1,1.75,3,-2
160,1,-1,1.75,4,-0.5
135,1,-1,1.75,4,-1
96,1,-1,1.75,4,-1.5
111,1,-1,1.75,4,-2
169,1,-1,1.75,5,-0.5
143,1,-1,1.75,5,-1
116,1,-1,1.75,5,-1.5
123,1,-1,1.75,5,-2
423,1,-2,0.25,1,-0.5
80,1,-2,0.25,1,-1
109,1,-2,0.25,1,-1.5
37,1,-2,0.25,1,-2
330,1,-2,0.25,2,-0.5
309,1,-2,0.25,2,-1
36,1,-2,0.25,2,-1.5
46,1,-2,0.25,2,-2
227,1,-2,0.25,3,-0.5
109,1,-2,0.25,3,-1
28,1,-2,0.25,3,-1.5
112,1,-2,0.25,3,-2
34,1,-2,0.25,4,-0.5
411,1,-2,0.25,4,-1
56,1,-2,0.25,4,-1.5
21,1,-2,0.25,4,-2
180,1,-2,0.25,5,-0.5
264,1,-2,0.25,5,-1
128,1,-2,0.25,5,-1.5
52,1,-2,0.25,5,-2
240,1,-2,0.75,1,-0.5
21,1,-2,0.75,1,-1
137,1,-2,0.75,1,-1.5
40,1,-2,0.75,1,-2
42,1,-2,0.75,2,-0.5
25,1,-2,0.75,2,-1
21,1,-2,0.75,2,-1.5
68,1,-2,0.75,2,-2
58,1,-2,0.75,3,-0.5
20,1,-2,0.75,3,-1
57,1,-2,0.75,3,-1.5
49,1,-2,0.75,3,-2
41,1,-2,0.75,4,-0.5
37,1,-2,0.75,4,-1
82,1,-2,0.75,4,-1.5
33,1,-2,0.75,4,-2
44,1,-2,0.75,5,-0.5
20,1,-2,0.75,5,-1
44,1,-2,0.75,5,-1.5
31,1,-2,0.75,5,-2
74,1,-2,1.25,1,-0.5
56,1,-2,1.25,1,-1
93,1,-2,1.25,1,-1.5
42,1,-2,1.25,1,-2
48,1,-2,1.25,2,-0.5
51,1,-2,1.25,2,-1
58,1,-2,1.25,2,-1.5
36,1,-2,1.25,2,-2
35,1,-2,1.25,3,-0.5
54,1,-2,1.25,3,-1
60,1,-2,1.25,3,-1.5
81,1,-2,1.25,3,-2
80,1,-2,1.25,4,-0.5
58,1,-2,1.25,4,-1
48,1,-2,1.25,4,-1.5
36,1,-2,1.25,4,-2
65,1,-2,1.25,5,-0.5
60,1,-2,1.25,5,-1
38,1,-2,1.25,5,-1.5
85,1,-2,1.25,5,-2
99,1,-2,1.75,1,-0.5
81,1,-2,1.75,1,-1
78,1,-2,1.75,1,-1.5
79,1,-2,1.75,1,-2
93,1,-2,1.75,2,-0.5
75,1,-2,1.75,2,-1
90,1,-2,1.75,2,-1.5
76,1,-2,1.75,2,-2
113,1,-2,1.75,3,-0.5
108,1,-2,1.75,3,-1
60,1,-2,1.75,3,-1.5
57,1,-2,1.75,3,-2
98,1,-2,1.75,4,-0.5
79,1,-2,1.75,4,-1
65,1,-2,1.75,4,-1.5
92,1,-2,1.75,4,-2
109,1,-2,1.75,5,-0.5
102,1,-2,1.75,5,-1
76,1,-2,1.75,5,-1.5
101,1,-2,1.75,5,-2
85,1,-3,0.25,1,-0.5
535,1,-3,0.25,1,-1
180,1,-3,0.25,1,-1.5
75,1,-3,0.25,1,-2
107,1,-3,0.25,2,-0.5
206,1,-3,0.25,2,-1
276,1,-3,0.25,2,-1.5
187,1,-3,0.25,2,-2
147,1,-3,0.25,3,-0.5
188,1,-3,0.25,3,-1
101,1,-3,0.25,3,-1.5
288,1,-3,0.25,3,-2
425,1,-3,0.25,4,-0.5
296,1,-3,0.25,4,-1
85,1,-3,0.25,4,-1.5
373,1,-3,0.25,4,-2
213,1,-3,0.25,5,-0.5
289,1,-3,0.25,5,-1
257,1,-3,0.25,5,-1.5
79,1,-3,0.25,5,-2
20,1,-3,0.75,1,-0.5
32,1,-3,0.75,1,-1
103,1,-3,0.75,1,-1.5
48,1,-3,0.75,1,-2
28,1,-3,0.75,2,-0.5
35,1,-3,0.75,2,-1
31,1,-3,0.75,2,-1.5
24,1,-3,0.75,2,-2
68,1,-3,0.75,3,-0.5
22,1,-3,0.75,3,-1
87,1,-3,0.75,3,-1.5
119,1,-3,0.75,3,-2
43,1,-3,0.75,4,-0.5
29,1,-3,0.75,4,-1
21,1,-3,0.75,4,-1.5
94,1,-3,0.75,4,-2
24,1,-3,0.75,5,-0.5
95,1,-3,0.75,5,-1
29,1,-3,0.75,5,-1.5
24,1,-3,0.75,5,-2
62,1,-3,1.25,1,-0.5
25,1,-3,1.25,1,-1
100,1,-3,1.25,1,-1.5
21,1,-3,1.25,1,-2
46,1,-3,1.25,2,-0.5
40,1,-3,1.25,2,-1
36,1,-3,1.25,2,-1.5
78,1,-3,1.25,2,-2
46,1,-3,1.25,3,-0.5
29,1,-3,1.25,3,-1
108,1,-3,1.25,3,-1.5
38,1,-3,1.25,3,-2
337,1,-3,1.25,4,-0.5
66,1,-3,1.25,4,-1
82,1,-3,1.25,4,-1.5
27,1,-3,1.25,4,-2
43,1,-3,1.25,5,-0.5
50,1,-3,1.25,5,-1
51,1,-3,1.25,5,-1.5
29,1,-3,1.25,5,-2
91,1,-3,1.75,1,-0.5
69,1,-3,1.75,1,-1
69,1,-3,1.75,1,-1.5
57,1,-3,1.75,1,-2
60,1,-3,1.75,2,-0.5
64,1,-3,1.75,2,-1
63,1,-3,1.75,2,-1.5
51,1,-3,1.75,2,-2
87,1,-3,1.75,3,-0.5
65,1,-3,1.75,3,-1
62,1,-3,1.75,3,-1.5
59,1,-3,1.75,3,-2
69,1,-3,1.75,4,-0.5
65,1,-3,1.75,4,-1
39,1,-3,1.75,4,-1.5
76,1,-3,1.75,4,-2
61,1,-3,1.75,5,-0.5
50,1,-3,1.75,5,-1
54,1,-3,1.75,5,-1.5
56,1,-3,1.75,5,-2
446,1,-4,0.25,1,-0.5
536,1,-4,0.25,1,-1
424,1,-4,0.25,1,-1.5
274,1,-4,0.25,1,-2
258,1,-4,0.25,2,-0.5
271,1,-4,0.25,2,-1
444,1,-4,0.25,2,-1.5
375,1,-4,0.25,2,-2
259,1,-4,0.25,3,-0.5
322,1,-4,0.25,3,-1
230,1,-4,0.25,3,-1.5
340,1,-4,0.25,3,-2
190,1,-4,0.25,4,-0.5
353,1,-4,0.25,4,-1
63,1,-4,0.25,4,-1.5
100,1,-4,0.25,4,-2
497,1,-4,0.25,5,-0.5
206,1,-4,0.25,5,-1
327,1,-4,0.25,5,-1.5
262,1,-4,0.25,5,-2
298,1,-4,0.75,1,-0.5
66,1,-4,0.75,1,-1
58,1,-4,0.75,1,-1.5
164,1,-4,0.75,1,-2
24,1,-4,0.75,2,-0.5
137,1,-4,0.75,2,-1
18,1,-4,0.75,2,-1.5
265,1,-4,0.75,2,-2
308,1,-4,0.75,3,-0.5
229,1,-4,0.75,3,-1
31,1,-4,0.75,3,-1.5
182,1,-4,0.75,3,-2
30,1,-4,0.75,4,-0.5
323,1,-4,0.75,4,-1
29,1,-4,0.75,4,-1.5
38,1,-4,0.75,4,-2
30,1,-4,0.75,5,-0.5
86,1,-4,0.75,5,-1
95,1,-4,0.75,5,-1.5
99,1,-4,0.75,5,-2
70,1,-4,1.25,1,-0.5
25,1,-4,1.25,1,-1
29,1,-4,1.25,1,-1.5
29,1,-4,1.25,1,-2
26,1,-4,1.25,2,-0.5
25,1,-4,1.25,2,-1
53,1,-4,1.25,2,-1.5
48,1,-4,1.25,2,-2
25,1,-4,1.25,3,-0.5
41,1,-4,1.25,3,-1
18,1,-4,1.25,3,-1.5
30,1,-4,1.25,3,-2
54,1,-4,1.25,4,-0.5
68,1,-4,1.25,4,-1
56,1,-4,1.25,4,-1.5
38,1,-4,1.25,4,-2
34,1,-4,1.25,5,-0.5
39,1,-4,1.25,5,-1
52,1,-4,1.25,5,-1.5
58,1,-4,1.25,5,-2
74,1,-4,1.75,1,-0.5
52,1,-4,1.75,1,-1
40,1,-4,1.75,1,-1.5
73,1,-4,1.75,1,-2
55,1,-4,1.75,2,-0.5
48,1,-4,1.75,2,-1
49,1,-4,1.75,2,-1.5
60,1,-4,1.75,2,-2
42,1,-4,1.75,3,-0.5
35,1,-4,1.75,3,-1
30,1,-4,1.75,3,-1.5
23,1,-4,1.75,3,-2
70,1,-4,1.75,4,-0.5
35,1,-4,1.75,4,-1
31,1,-4,1.75,4,-1.5
64,1,-4,1.75,4,-2
61,1,-4,1.75,5,-0.5
59,1,-4,1.75,5,-1
40,1,-4,1.75,5,-1.5
64,1,-4,1.75,5,-2
149,1,-5,0.25,1,-0.5
557,1,-5,0.25,1,-1
416,1,-5,0.25,1,-1.5
186,1,-5,0.25,1,-2
172,1,-5,0.25,2,-0.5
557,1,-5,0.25,2,-1
121,1,-5,0.25,2,-1.5
148,1,-5,0.25,2,-2
272,1,-5,0.25,3,-0.5
317,1,-5,0.25,3,-1
290,1,-5,0.25,3,-1.5
234,1,-5,0.25,3,-2
295,1,-5,0.25,4,-0.5
178,1,-5,0.25,4,-1
206,1,-5,0.25,4,-1.5
285,1,-5,0.25,4,-2
87,1,-5,0.25,5,-0.5
109,1,-5,0.25,5,-1
66,1,-5,0.25,5,-1.5
270,1,-5,0.25,5,-2
464,1,-5,0.75,1,-0.5
278,1,-5,0.75,1,-1
249,1,-5,0.75,1,-1.5
68,1,-5,0.75,1,-2
195,1,-5,0.75,2,-0.5
156,1,-5,0.75,2,-1
243,1,-5,0.75,2,-1.5
105,1,-5,0.75,2,-2
40,1,-5,0.75,3,-0.5
16,1,-5,0.75,3,-1
209,1,-5,0.75,3,-1.5
29,1,-5,0.75,3,-2
229,1,-5,0.75,4,-0.5
203,1,-5,0.75,4,-1
159,1,-5,0.75,4,-1.5
82,1,-5,0.75,4,-2
496,1,-5,0.75,5,-0.5
128,1,-5,0.75,5,-1
114,1,-5,0.75,5,-1.5
28,1,-5,0.75,5,-2
94,1,-5,1.25,1,-0.5
56,1,-5,1.25,1,-1
66,1,-5,1.25,1,-1.5
221,1,-5,1.25,1,-2
378,1,-5,1.25,2,-0.5
189,1,-5,1.25,2,-1
135,1,-5,1.25,2,-1.5
248,1,-5,1.25,2,-2
56,1,-5,1.25,3,-0.5
177,1,-5,1.25,3,-1
23,1,-5,1.25,3,-1.5
56,1,-5,1.25,3,-2
460,1,-5,1.25,4,-0.5
239,1,-5,1.25,4,-1
35,1,-5,1.25,4,-1.5
59,1,-5,1.25,4,-2
30,1,-5,1.25,5,-0.5
238,1,-5,1.25,5,-1
32,1,-5,1.25,5,-1.5
21,1,-5,1.25,5,-2
168,1,-5,1.75,1,-0.5
83,1,-5,1.75,1,-1
65,1,-5,1.75,1,-1.5
90,1,-5,1.75,1,-2
37,1,-5,1.75,2,-0.5
24,1,-5,1.75,2,-1
72,1,-5,1.75,2,-1.5
37,1,-5,1.75,2,-2
38,1,-5,1.75,3,-0.5
27,1,-5,1.75,3,-1
209,1,-5,1.75,3,-1.5
53,1,-5,1.75,3,-2
47,1,-5,1.75,4,-0.5
54,1,-5,1.75,4,-1
17,1,-5,1.75,4,-1.5
56,1,-5,1.75,4,-2
30,1,-5,1.75,5,-0.5
63,1,-5,1.75,5,-1
29,1,-5,1.75,5,-1.5
39,1,-5,1.75,5,-2
252,2,-1,0.25,1,-0.5
89,2,-1,0.25,1,-1
53,2,-1,0.25,1,-1.5
40,2,-1,0.25,1,-2
369,2,-1,0.25,2,-0.5
184,2,-1,0.25,2,-1
39,2,-1,0.25,2,-1.5
449,2,-1,0.25,2,-2
159,2,-1,0.25,3,-0.5
118,2,-1,0.25,3,-1
102,2,-1,0.25,3,-1.5
83,2,-1,0.25,3,-2
104,2,-1,0.25,4,-0.5
50,2,-1,0.25,4,-1
47,2,-1,0.25,4,-1.5
82,2,-1,0.25,4,-2
65,2,-1,0.25,5,-0.5
148,2,-1,0.25,5,-1
100,2,-1,0.25,5,-1.5
57,2,-1,0.25,5,-2
60,2,-1,0.75,1,-0.5
78,2,-1,0.75,1,-1
35,2,-1,0.75,1,-1.5
44,2,-1,0.75,1,-2
44,2,-1,0.75,2,-0.5
35,2,-1,0.75,2,-1
44,2,-1,0.75,2,-1.5
50,2,-1,0.75,2,-2
55,2,-1,0.75,3,-0.5
44,2,-1,0.75,3,-1
39,2,-1,0.75,3,-1.5
93,2,-1,0.75,3,-2
37,2,-1,0.75,4,-0.5
58,2,-1,0.75,4,-1
44,2,-1,0.75,4,-1.5
47,2,-1,0.75,4,-2
97,2,-1,0.75,5,-0.5
58,2,-1,0.75,5,-1
54,2,-1,0.75,5,-1.5
46,2,-1,0.75,5,-2
81,2,-1,1.25,1,-0.5
76,2,-1,1.25,1,-1
74,2,-1,1.25,1,-1.5
62,2,-1,1.25,1,-2
99,2,-1,1.25,2,-0.5
66,2,-1,1.25,2,-1
52,2,-1,1.25,2,-1.5
52,2,-1,1.25,2,-2
94,2,-1,1.25,3,-0.5
54,2,-1,1.25,3,-1
49,2,-1,1.25,3,-1.5
68,2,-1,1.25,3,-2
115,2,-1,1.25,4,-0.5
90,2,-1,1.25,4,-1
34,2,-1,1.25,4,-1.5
46,2,-1,1.25,4,-2
103,2,-1,1.25,5,-0.5
44,2,-1,1.25,5,-1
47,2,-1,1.25,5,-1.5
70,2,-1,1.25,5,-2
127,2,-1,1.75,1,-0.5
104,2,-1,1.75,1,-1
77,2,-1,1.75,1,-1.5
114,2,-1,1.75,1,-2
152,2,-1,1.75,2,-0.5
118,2,-1,1.75,2,-1
74,2,-1,1.75,2,-1.5
75,2,-1,1.75,2,-2
130,2,-1,1.75,3,-0.5
78,2,-1,1.75,3,-1
91,2,-1,1.75,3,-1.5
86,2,-1,1.75,3,-2
119,2,-1,1.75,4,-0.5
122,2,-1,1.75,4,-1
70,2,-1,1.75,4,-1.5
59,2,-1,1.75,4,-2
112,2,-1,1.75,5,-0.5
87,2,-1,1.75,5,-1
83,2,-1,1.75,5,-1.5
103,2,-1,1.75,5,-2
268,2,-2,0.25,1,-0.5
107,2,-2,0.25,1,-1
76,2,-2,0.25,1,-1.5
110,2,-2,0.25,1,-2
313,2,-2,0.25,2,-0.5
36,2,-2,0.25,2,-1
292,2,-2,0.25,2,-1.5
31,2,-2,0.25,2,-2
84,2,-2,0.25,3,-0.5
274,2,-2,0.25,3,-1
53,2,-2,0.25,3,-1.5
90,2,-2,0.25,3,-2
288,2,-2,0.25,4,-0.5
153,2,-2,0.25,4,-1
379,2,-2,0.25,4,-1.5
89,2,-2,0.25,4,-2
329,2,-2,0.25,5,-0.5
169,2,-2,0.25,5,-1
179,2,-2,0.25,5,-1.5
50,2,-2,0.25,5,-2
49,2,-2,0.75,1,-0.5
253,2,-2,0.75,1,-1
83,2,-2,0.75,1,-1.5
23,2,-2,0.75,1,-2
72,2,-2,0.75,2,-0.5
79,2,-2,0.75,2,-1
31,2,-2,0.75,2,-1.5
60,2,-2,0.75,2,-2
57,2,-2,0.75,3,-0.5
34,2,-2,0.75,3,-1
25,2,-2,0.75,3,-1.5
31,2,-2,0.75,3,-2
35,2,-2,0.75,4,-0.5
55,2,-2,0.75,4,-1
49,2,-2,0.75,4,-1.5
23,2,-2,0.75,4,-2
200,2,-2,0.75,5,-0.5
38,2,-2,0.75,5,-1
252,2,-2,0.75,5,-1.5
51,2,-2,0.75,5,-2
60,2,-2,1.25,1,-0.5
49,2,-2,1.25,1,-1
40,2,-2,1.25,1,-1.5
45,2,-2,1.25,1,-2
57,2,-2,1.25,2,-0.5
51,2,-2,1.25,2,-1
27,2,-2,1.25,2,-1.5
60,2,-2,1.25,2,-2
49,2,-2,1.25,3,-0.5
32,2,-2,1.25,3,-1
78,2,-2,1.25,3,-1.5
219,2,-2,1.25,3,-2
59,2,-2,1.25,4,-0.5
56,2,-2,1.25,4,-1
54,2,-2,1.25,4,-1.5
36,2,-2,1.25,4,-2
67,2,-2,1.25,5,-0.5
40,2,-2,1.25,5,-1
33,2,-2,1.25,5,-1.5
67,2,-2,1.25,5,-2
101,2,-2,1.75,1,-0.5
79,2,-2,1.75,1,-1
56,2,-2,1.75,1,-1.5
52,2,-2,1.75,1,-2
112,2,-2,1.75,2,-0.5
73,2,-2,1.75,2,-1
60,2,-2,1.75,2,-1.5
33,2,-2,1.75,2,-2
82,2,-2,1.75,3,-0.5
77,2,-2,1.75,3,-1
77,2,-2,1.75,3,-1.5
55,2,-2,1.75,3,-2
82,2,-2,1.75,4,-0.5
61,2,-2,1.75,4,-1
52,2,-2,1.75,4,-1.5
38,2,-2,1.75,4,-2
84,2,-2,1.75,5,-0.5
65,2,-2,1.75,5,-1
56,2,-2,1.75,5,-1.5
53,2,-2,1.75,5,-2
268,2,-3,0.25,1,-0.5
339,2,-3,0.25,1,-1
332,2,-3,0.25,1,-1.5
99,2,-3,0.25,1,-2
369,2,-3,0.25,2,-0.5
220,2,-3,0.25,2,-1
236,2,-3,0.25,2,-1.5
182,2,-3,0.25,2,-2
391,2,-3,0.25,3,-0.5
266,2,-3,0.25,3,-1
82,2,-3,0.25,3,-1.5
100,2,-3,0.25,3,-2
283,2,-3,0.25,4,-0.5
127,2,-3,0.25,4,-1
61,2,-3,0.25,4,-1.5
346,2,-3,0.25,4,-2
189,2,-3,0.25,5,-0.5
55,2,-3,0.25,5,-1
111,2,-3,0.25,5,-1.5
103,2,-3,0.25,5,-2
35,2,-3,0.75,1,-0.5
49,2,-3,0.75,1,-1
56,2,-3,0.75,1,-1.5
73,2,-3,0.75,1,-2
139,2,-3,0.75,2,-0.5
115,2,-3,0.75,2,-1
522,2,-3,0.75,2,-1.5
119,2,-3,0.75,2,-2
48,2,-3,0.75,3,-0.5
59,2,-3,0.75,3,-1
50,2,-3,0.75,3,-1.5
36,2,-3,0.75,3,-2
295,2,-3,0.75,4,-0.5
247,2,-3,0.75,4,-1
53,2,-3,0.75,4,-1.5
63,2,-3,0.75,4,-2
116,2,-3,0.75,5,-0.5
38,2,-3,0.75,5,-1
27,2,-3,0.75,5,-1.5
55,2,-3,0.75,5,-2
38,2,-3,1.25,1,-0.5
31,2,-3,1.25,1,-1
61,2,-3,1.25,1,-1.5
50,2,-3,1.25,1,-2
210,2,-3,1.25,2,-0.5
57,2,-3,1.25,2,-1
45,2,-3,1.25,2,-1.5
42,2,-3,1.25,2,-2
33,2,-3,1.25,3,-0.5
67,2,-3,1.25,3,-1
36,2,-3,1.25,3,-1.5
30,2,-3,1.25,3,-2
68,2,-3,1.25,4,-0.5
21,2,-3,1.25,4,-1
29,2,-3,1.25,4,-1.5
31,2,-3,1.25,4,-2
20,2,-3,1.25,5,-0.5
47,2,-3,1.25,5,-1
36,2,-3,1.25,5,-1.5
37,2,-3,1.25,5,-2
64,2,-3,1.75,1,-0.5
53,2,-3,1.75,1,-1
49,2,-3,1.75,1,-1.5
58,2,-3,1.75,1,-2
47,2,-3,1.75,2,-0.5
27,2,-3,1.75,2,-1
40,2,-3,1.75,2,-1.5
15,2,-3,1.75,2,-2
60,2,-3,1.75,3,-0.5
45,2,-3,1.75,3,-1
33,2,-3,1.75,3,-1.5
26,2,-3,1.75,3,-2
43,2,-3,1.75,4,-0.5
52,2,-3,1.75,4,-1
29,2,-3,1.75,4,-1.5
36,2,-3,1.75,4,-2
69,2,-3,1.75,5,-0.5
77,2,-3,1.75,5,-1
29,2,-3,1.75,5,-1.5
61,2,-3,1.75,5,-2
215,2,-4,0.25,1,-0.5
501,2,-4,0.25,1,-1
108,2,-4,0.25,1,-1.5
138,2,-4,0.25,1,-2
223,2,-4,0.25,2,-0.5
390,2,-4,0.25,2,-1
301,2,-4,0.25,2,-1.5
359,2,-4,0.25,2,-2
264,2,-4,0.25,3,-0.5
260,2,-4,0.25,3,-1
328,2,-4,0.25,3,-1.5
168,2,-4,0.25,3,-2
323,2,-4,0.25,4,-0.5
214,2,-4,0.25,4,-1
357,2,-4,0.25,4,-1.5
359,2,-4,0.25,4,-2
74,2,-4,0.25,5,-0.5
187,2,-4,0.25,5,-1
71,2,-4,0.25,5,-1.5
246,2,-4,0.25,5,-2
38,2,-4,0.75,1,-0.5
34,2,-4,0.75,1,-1
58,2,-4,0.75,1,-1.5
87,2,-4,0.75,1,-2
22,2,-4,0.75,2,-0.5
128,2,-4,0.75,2,-1
30,2,-4,0.75,2,-1.5
63,2,-4,0.75,2,-2
254,2,-4,0.75,3,-0.5
138,2,-4,0.75,3,-1
71,2,-4,0.75,3,-1.5
36,2,-4,0.75,3,-2
418,2,-4,0.75,4,-0.5
54,2,-4,0.75,4,-1
156,2,-4,0.75,4,-1.5
27,2,-4,0.75,4,-2
396,2,-4,0.75,5,-0.5
95,2,-4,0.75,5,-1
40,2,-4,0.75,5,-1.5
55,2,-4,0.75,5,-2
42,2,-4,1.25,1,-0.5
118,2,-4,1.25,1,-1
69,2,-4,1.25,1,-1.5
33,2,-4,1.25,1,-2
44,2,-4,1.25,2,-0.5
41,2,-4,1.25,2,-1
65,2,-4,1.25,2,-1.5
21,2,-4,1.25,2,-2
33,2,-4,1.25,3,-0.5
106,2,-4,1.25,3,-1
284,2,-4,1.25,3,-1.5
84,2,-4,1.25,3,-2
293,2,-4,1.25,4,-0.5
45,2,-4,1.25,4,-1
83,2,-4,1.25,4,-1.5
36,2,-4,1.25,4,-2
28,2,-4,1.25,5,-0.5
44,2,-4,1.25,5,-1
21,2,-4,1.25,5,-1.5
67,2,-4,1.25,5,-2
68,2,-4,1.75,1,-0.5
41,2,-4,1.75,1,-1
82,2,-4,1.75,1,-1.5
50,2,-4,1.75,1,-2
52,2,-4,1.75,2,-0.5
32,2,-4,1.75,2,-1
75,2,-4,1.75,2,-1.5
39,2,-4,1.75,2,-2
60,2,-4,1.75,3,-0.5
35,2,-4,1.75,3,-1
18,2,-4,1.75,3,-1.5
33,2,-4,1.75,3,-2
47,2,-4,1.75,4,-0.5
34,2,-4,1.75,4,-1
39,2,-4,1.75,4,-1.5
22,2,-4,1.75,4,-2
53,2,-4,1.75,5,-0.5
39,2,-4,1.75,5,-1
18,2,-4,1.75,5,-1.5
29,2,-4,1.75,5,-2
382,2,-5,0.25,1,-0.5
273,2,-5,0.25,1,-1
358,2,-5,0.25,1,-1.5
377,2,-5,0.25,1,-2
277,2,-5,0.25,2,-0.5
58,2,-5,0.25,2,-1
188,2,-5,0.25,2,-1.5
91,2,-5,0.25,2,-2
502,2,-5,0.25,3,-0.5
140,2,-5,0.25,3,-1
402,2,-5,0.25,3,-1.5
310,2,-5,0.25,3,-2
432,2,-5,0.25,4,-0.5
226,2,-5,0.25,4,-1
354,2,-5,0.25,4,-1.5
121,2,-5,0.25,4,-2
432,2,-5,0.25,5,-0.5
241,2,-5,0.25,5,-1
273,2,-5,0.25,5,-1.5
153,2,-5,0.25,5,-2
351,2,-5,0.75,1,-0.5
331,2,-5,0.75,1,-1
187,2,-5,0.75,1,-1.5
100,2,-5,0.75,1,-2
506,2,-5,0.75,2,-0.5
397,2,-5,0.75,2,-1
320,2,-5,0.75,2,-1.5
152,2,-5,0.75,2,-2
217,2,-5,0.75,3,-0.5
110,2,-5,0.75,3,-1
210,2,-5,0.75,3,-1.5
138,2,-5,0.75,3,-2
356,2,-5,0.75,4,-0.5
84,2,-5,0.75,4,-1
40,2,-5,0.75,4,-1.5
32,2,-5,0.75,4,-2
563,2,-5,0.75,5,-0.5
170,2,-5,0.75,5,-1
164,2,-5,0.75,5,-1.5
251,2,-5,0.75,5,-2
65,2,-5,1.25,1,-0.5
82,2,-5,1.25,1,-1
35,2,-5,1.25,1,-1.5
544,2,-5,1.25,1,-2
261,2,-5,1.25,2,-0.5
231,2,-5,1.25,2,-1
131,2,-5,1.25,2,-1.5
107,2,-5,1.25,2,-2
203,2,-5,1.25,3,-0.5
36,2,-5,1.25,3,-1
17,2,-5,1.25,3,-1.5
17,2,-5,1.25,3,-2
200,2,-5,1.25,4,-0.5
49,2,-5,1.25,4,-1
37,2,-5,1.25,4,-1.5
63,2,-5,1.25,4,-2
443,2,-5,1.25,5,-0.5
78,2,-5,1.25,5,-1
64,2,-5,1.25,5,-1.5
314,2,-5,1.25,5,-2
54,2,-5,1.75,1,-0.5
47,2,-5,1.75,1,-1
52,2,-5,1.75,1,-1.5
39,2,-5,1.75,1,-2
26,2,-5,1.75,2,-0.5
30,2,-5,1.75,2,-1
90,2,-5,1.75,2,-1.5
32,2,-5,1.75,2,-2
45,2,-5,1.75,3,-0.5
42,2,-5,1.75,3,-1
102,2,-5,1.75,3,-1.5
21,2,-5,1.75,3,-2
39,2,-5,1.75,4,-0.5
26,2,-5,1.75,4,-1
17,2,-5,1.75,4,-1.5
19,2,-5,1.75,4,-2
82,2,-5,1.75,5,-0.5
28,2,-5,1.75,5,-1
39,2,-5,1.75,5,-1.5
18,2,-5,1.75,5,-2
153,3,-1,0.25,1,-0.5
152,3,-1,0.25,1,-1
131,3,-1,0.25,1,-1.5
110,3,-1,0.25,1,-2
379,3,-1,0.25,2,-0.5
415,3,-1,0.25,2,-1
152,3,-1,0.25,2,-1.5
52,3,-1,0.25,2,-2
286,3,-1,0.25,3,-0.5
131,3,-1,0.25,3,-1
89,3,-1,0.25,3,-1.5
84,3,-1,0.25,3,-2
216,3,-1,0.25,4,-0.5
141,3,-1,0.25,4,-1
198,3,-1,0.25,4,-1.5
36,3,-1,0.25,4,-2
276,3,-1,0.25,5,-0.5
93,3,-1,0.25,5,-1
116,3,-1,0.25,5,-1.5
50,3,-1,0.25,5,-2
75,3,-1,0.75,1,-0.5
34,3,-1,0.75,1,-1
59,3,-1,0.75,1,-1.5
29,3,-1,0.75,1,-2
58,3,-1,0.75,2,-0.5
49,3,-1,0.75,2,-1
154,3,-1,0.75,2,-1.5
35,3,-1,0.75,2,-2
58,3,-1,0.75,3,-0.5
38,3,-1,0.75,3,-1
65,3,-1,0.75,3,-1.5
56,3,-1,0.75,3,-2
138,3,-1,0.75,4,-0.5
61,3,-1,0.75,4,-1
57,3,-1,0.75,4,-1.5
80,3,-1,0.75,4,-2
73,3,-1,0.75,5,-0.5
81,3,-1,0.75,5,-1
31,3,-1,0.75,5,-1.5
45,3,-1,0.75,5,-2
104,3,-1,1.25,1,-0.5
83,3,-1,1.25,1,-1
63,3,-1,1.25,1,-1.5
45,3,-1,1.25,1,-2
84,3,-1,1.25,2,-0.5
68,3,-1,1.25,2,-1
50,3,-1,1.25,2,-1.5
37,3,-1,1.25,2,-2
86,3,-1,1.25,3,-0.5
65,3,-1,1.25,3,-1
49,3,-1,1.25,3,-1.5
43,3,-1,1.25,3,-2
72,3,-1,1.25,4,-0.5
80,3,-1,1.25,4,-1
63,3,-1,1.25,4,-1.5
46,3,-1,1.25,4,-2
89,3,-1,1.25,5,-0.5
73,3,-1,1.25,5,-1
51,3,-1,1.25,5,-1.5
54,3,-1,1.25,5,-2
140,3,-1,1.75,1,-0.5
92,3,-1,1.75,1,-1
73,3,-1,1.75,1,-1.5
93,3,-1,1.75,1,-2
135,3,-1,1.75,2,-0.5
71,3,-1,1.75,2,-1
82,3,-1,1.75,2,-1.5
51,3,-1,1.75,2,-2
105,3,-1,1.75,3,-0.5
87,3,-1,1.75,3,-1
69,3,-1,1.75,3,-1.5
64,3,-1,1.75,3,-2
127,3,-1,1.75,4,-0.5
96,3,-1,1.75,4,-1
76,3,-1,1.75,4,-1.5
74,3,-1,1.75,4,-2
100,3,-1,1.75,5,-0.5
62,3,-1,1.75,5,-1
114,3,-1,1.75,5,-1.5
84,3,-1,1.75,5,-2
157,3,-2,0.25,1,-0.5
522,3,-2,0.25,1,-1
120,3,-2,0.25,1,-1.5
57,3,-2,0.25,1,-2
252,3,-2,0.25,2,-0.5
244,3,-2,0.25,2,-1
190,3,-2,0.25,2,-1.5
308,3,-2,0.25,2,-2
110,3,-2,0.25,3,-0.5
237,3,-2,0.25,3,-1
194,3,-2,0.25,3,-1.5
308,3,-2,0.25,3,-2
85,3,-2,0.25,4,-0.5
279,3,-2,0.25,4,-1
137,3,-2,0.25,4,-1.5
108,3,-2,0.25,4,-2
381,3,-2,0.25,5,-0.5
191,3,-2,0.25,5,-1
93,3,-2,0.25,5,-1.5
107,3,-2,0.25,5,-2
175,3,-2,0.75,1,-0.5
44,3,-2,0.75,1,-1
25,3,-2,0.75,1,-1.5
42,3,-2,0.75,1,-2
43,3,-2,0.75,2,-0.5
188,3,-2,0.75,2,-1
106,3,-2,0.75,2,-1.5
479,3,-2,0.75,2,-2
352,3,-2,0.75,3,-0.5
55,3,-2,0.75,3,-1
22,3,-2,0.75,3,-1.5
52,3,-2,0.75,3,-2
505,3,-2,0.75,4,-0.5
48,3,-2,0.75,4,-1
177,3,-2,0.75,4,-1.5
83,3,-2,0.75,4,-2
216,3,-2,0.75,5,-0.5
48,3,-2,0.75,5,-1
153,3,-2,0.75,5,-1.5
51,3,-2,0.75,5,-2
90,3,-2,1.25,1,-0.5
46,3,-2,1.25,1,-1
38,3,-2,1.25,1,-1.5
46,3,-2,1.25,1,-2
58,3,-2,1.25,2,-0.5
33,3,-2,1.25,2,-1
26,3,-2,1.25,2,-1.5
37,3,-2,1.25,2,-2
72,3,-2,1.25,3,-0.5
68,3,-2,1.25,3,-1
62,3,-2,1.25,3,-1.5
30,3,-2,1.25,3,-2
36,3,-2,1.25,4,-0.5
38,3,-2,1.25,4,-1
44,3,-2,1.25,4,-1.5
41,3,-2,1.25,4,-2
63,3,-2,1.25,5,-0.5
51,3,-2,1.25,5,-1
46,3,-2,1.25,5,-1.5
31,3,-2,1.25,5,-2
111,3,-2,1.75,1,-0.5
64,3,-2,1.75,1,-1
61,3,-2,1.75,1,-1.5
53,3,-2,1.75,1,-2
74,3,-2,1.75,2,-0.5
59,3,-2,1.75,2,-1
73,3,-2,1.75,2,-1.5
39,3,-2,1.75,2,-2
64,3,-2,1.75,3,-0.5
83,3,-2,1.75,3,-1
68,3,-2,1.75,3,-1.5
48,3,-2,1.75,3,-2
63,3,-2,1.75,4,-0.5
50,3,-2,1.75,4,-1
41,3,-2,1.75,4,-1.5
47,3,-2,1.75,4,-2
49,3,-2,1.75,5,-0.5
61,3,-2,1.75,5,-1
78,3,-2,1.75,5,-1.5
48,3,-2,1.75,5,-2
391,3,-3,0.25,1,-0.5
515,3,-3,0.25,1,-1
132,3,-3,0.25,1,-1.5
360,3,-3,0.25,1,-2
308,3,-3,0.25,2,-0.5
515,3,-3,0.25,2,-1
384,3,-3,0.25,2,-1.5
360,3,-3,0.25,2,-2
556,3,-3,0.25,3,-0.5
410,3,-3,0.25,3,-1
370,3,-3,0.25,3,-1.5
177,3,-3,0.25,3,-2
170,3,-3,0.25,4,-0.5
232,3,-3,0.25,4,-1
257,3,-3,0.25,4,-1.5
283,3,-3,0.25,4,-2
336,3,-3,0.25,5,-0.5
395,3,-3,0.25,5,-1
444,3,-3,0.25,5,-1.5
172,3,-3,0.25,5,-2
277,3,-3,0.75,1,-0.5
79,3,-3,0.75,1,-1
219,3,-3,0.75,1,-1.5
103,3,-3,0.75,1,-2
357,3,-3,0.75,2,-0.5
59,3,-3,0.75,2,-1
46,3,-3,0.75,2,-1.5
71,3,-3,0.75,2,-2
42,3,-3,0.75,3,-0.5
146,3,-3,0.75,3,-1
24,3,-3,0.75,3,-1.5
78,3,-3,0.75,3,-2
240,3,-3,0.75,4,-0.5
37,3,-3,0.75,4,-1
55,3,-3,0.75,4,-1.5
83,3,-3,0.75,4,-2
116,3,-3,0.75,5,-0.5
46,3,-3,0.75,5,-1
364,3,-3,0.75,5,-1.5
59,3,-3,0.75,5,-2
95,3,-3,1.25,1,-0.5
74,3,-3,1.25,1,-1
24,3,-3,1.25,1,-1.5
70,3,-3,1.25,1,-2
40,3,-3,1.25,2,-0.5
62,3,-3,1.25,2,-1
21,3,-3,1.25,2,-1.5
22,3,-3,1.25,2,-2
70,3,-3,1.25,3,-0.5
50,3,-3,1.25,3,-1
27,3,-3,1.25,3,-1.5
119,3,-3,1.25,3,-2
30,3,-3,1.25,4,-0.5
38,3,-3,1.25,4,-1
32,3,-3,1.25,4,-1.5
36,3,-3,1.25,4,-2
26,3,-3,1.25,5,-0.5
38,3,-3,1.25,5,-1
52,3,-3,1.25,5,-1.5
25,3,-3,1.25,5,-2
92,3,-3,1.75,1,-0.5
73,3,-3,1.75,1,-1
154,3,-3,1.75,1,-1.5
97,3,-3,1.75,1,-2
85,3,-3,1.75,2,-0.5
34,3,-3,1.75,2,-1
35,3,-3,1.75,2,-1.5
79,3,-3,1.75,2,-2
54,3,-3,1.75,3,-0.5
46,3,-3,1.75,3,-1
53,3,-3,1.75,3,-1.5
42,3,-3,1.75,3,-2
59,3,-3,1.75,4,-0.5
47,3,-3,1.75,4,-1
30,3,-3,1.75,4,-1.5
41,3,-3,1.75,4,-2
35,3,-3,1.75,5,-0.5
58,3,-3,1.75,5,-1
36,3,-3,1.75,5,-1.5
34,3,-3,1.75,5,-2
479,3,-4,0.25,1,-0.5
283,3,-4,0.25,1,-1
357,3,-4,0.25,1,-1.5
468,3,-4,0.25,1,-2
447,3,-4,0.25,2,-0.5
329,3,-4,0.25,2,-1
372,3,-4,0.25,2,-1.5
366,3,-4,0.25,2,-2
554,3,-4,0.25,3,-0.5
317,3,-4,0.25,3,-1
369,3,-4,0.25,3,-1.5
366,3,-4,0.25,3,-2
249,3,-4,0.25,4,-0.5
260,3,-4,0.25,4,-1
255,3,-4,0.25,4,-1.5
160,3,-4,0.25,4,-2
501,3,-4,0.25,5,-0.5
168,3,-4,0.25,5,-1
86,3,-4,0.25,5,-1.5
422,3,-4,0.25,5,-2
66,3,-4,0.75,1,-0.5
69,3,-4,0.75,1,-1
500,3,-4,0.75,1,-1.5
347,3,-4,0.75,1,-2
430,3,-4,0.75,2,-0.5
328,3,-4,0.75,2,-1
498,3,-4,0.75,2,-1.5
65,3,-4,0.75,2,-2
240,3,-4,0.75,3,-0.5
311,3,-4,0.75,3,-1
104,3,-4,0.75,3,-1.5
178,3,-4,0.75,3,-2
48,3,-4,0.75,4,-0.5
55,3,-4,0.75,4,-1
73,3,-4,0.75,4,-1.5
153,3,-4,0.75,4,-2
45,3,-4,0.75,5,-0.5
64,3,-4,0.75,5,-1
156,3,-4,0.75,5,-1.5
52,3,-4,0.75,5,-2
154,3,-4,1.25,1,-0.5
28,3,-4,1.25,1,-1
188,3,-4,1.25,1,-1.5
321,3,-4,1.25,1,-2
65,3,-4,1.25,2,-0.5
177,3,-4,1.25,2,-1
73,3,-4,1.25,2,-1.5
66,3,-4,1.25,2,-2
62,3,-4,1.25,3,-0.5
179,3,-4,1.25,3,-1
21,3,-4,1.25,3,-1.5
35,3,-4,1.25,3,-2
30,3,-4,1.25,4,-0.5
138,3,-4,1.25,4,-1
67,3,-4,1.25,4,-1.5
58,3,-4,1.25,4,-2
100,3,-4,1.25,5,-0.5
23,3,-4,1.25,5,-1
70,3,-4,1.25,5,-1.5
22,3,-4,1.25,5,-2
80,3,-4,1.75,1,-0.5
46,3,-4,1.75,1,-1
51,3,-4,1.75,1,-1.5
59,3,-4,1.75,1,-2
44,3,-4,1.75,2,-0.5
17,3,-4,1.75,2,-1
28,3,-4,1.75,2,-1.5
31,3,-4,1.75,2,-2
71,3,-4,1.75,3,-0.5
75,3,-4,1.75,3,-1
18,3,-4,1.75,3,-1.5
21,3,-4,1.75,3,-2
41,3,-4,1.75,4,-0.5
63,3,-4,1.75,4,-1
71,3,-4,1.75,4,-1.5
51,3,-4,1.75,4,-2
141,3,-4,1.75,5,-0.5
98,3,-4,1.75,5,-1
60,3,-4,1.75,5,-1.5
112,3,-4,1.75,5,-2
347,3,-5,0.25,1,-0.5
322,3,-5,0.25,1,-1
169,3,-5,0.25,1,-1.5
265,3,-5,0.25,1,-2
463,3,-5,0.25,2,-0.5
181,3,-5,0.25,2,-1
262,3,-5,0.25,2,-1.5
122,3,-5,0.25,2,-2
550,3,-5,0.25,3,-0.5
329,3,-5,0.25,3,-1
341,3,-5,0.25,3,-1.5
155,3,-5,0.25,3,-2
304,3,-5,0.25,4,-0.5
354,3,-5,0.25,4,-1
242,3,-5,0.25,4,-1.5
120,3,-5,0.25,4,-2
406,3,-5,0.25,5,-0.5
354,3,-5,0.25,5,-1
266,3,-5,0.25,5,-1.5
247,3,-5,0.25,5,-2
335,3,-5,0.75,1,-0.5
224,3,-5,0.75,1,-1
123,3,-5,0.75,1,-1.5
148,3,-5,0.75,1,-2
388,3,-5,0.75,2,-0.5
385,3,-5,0.75,2,-1
202,3,-5,0.75,2,-1.5
134,3,-5,0.75,2,-2
265,3,-5,0.75,3,-0.5
182,3,-5,0.75,3,-1
111,3,-5,0.75,3,-1.5
195,3,-5,0.75,3,-2
434,3,-5,0.75,4,-0.5
274,3,-5,0.75,4,-1
126,3,-5,0.75,4,-1.5
451,3,-5,0.75,4,-2
424,3,-5,0.75,5,-0.5
25,3,-5,0.75,5,-1
43,3,-5,0.75,5,-1.5
114,3,-5,0.75,5,-2
69,3,-5,1.25,1,-0.5
30,3,-5,1.25,1,-1
95,3,-5,1.25,1,-1.5
18,3,-5,1.25,1,-2
84,3,-5,1.25,2,-0.5
66,3,-5,1.25,2,-1
75,3,-5,1.25,2,-1.5
115,3,-5,1.25,2,-2
59,3,-5,1.25,3,-0.5
281,3,-5,1.25,3,-1
266,3,-5,1.25,3,-1.5
60,3,-5,1.25,3,-2
43,3,-5,1.25,4,-0.5
28,3,-5,1.25,4,-1
21,3,-5,1.25,4,-1.5
145,3,-5,1.25,4,-2
53,3,-5,1.25,5,-0.5
33,3,-5,1.25,5,-1
143,3,-5,1.25,5,-1.5
20,3,-5,1.25,5,-2
173,3,-5,1.75,1,-0.5
30,3,-5,1.75,1,-1
246,3,-5,1.75,1,-1.5
20,3,-5,1.75,1,-2
79,3,-5,1.75,2,-0.5
121,3,-5,1.75,2,-1
52,3,-5,1.75,2,-1.5
17,3,-5,1.75,2,-2
82,3,-5,1.75,3,-0.5
28,3,-5,1.75,3,-1
29,3,-5,1.75,3,-1.5
17,3,-5,1.75,3,-2
50,3,-5,1.75,4,-0.5
155,3,-5,1.75,4,-1
121,3,-5,1.75,4,-1.5
17,3,-5,1.75,4,-2
33,3,-5,1.75,5,-0.5
25,3,-5,1.75,5,-1
37,3,-5,1.75,5,-1.5
20,3,-5,1.75,5,-2
235,4,-1,0.25,1,-0.5
358,4,-1,0.25,1,-1
191,4,-1,0.25,1,-1.5
119,4,-1,0.25,1,-2
173,4,-1,0.25,2,-0.5
337,4,-1,0.25,2,-1
182,4,-1,0.25,2,-1.5
80,4,-1,0.25,2,-2
201,4,-1,0.25,3,-0.5
208,4,-1,0.25,3,-1
161,4,-1,0.25,3,-1.5
81,4,-1,0.25,3,-2
172,4,-1,0.25,4,-0.5
95,4,-1,0.25,4,-1
85,4,-1,0.25,4,-1.5
93,4,-1,0.25,4,-2
120,4,-1,0.25,5,-0.5
143,4,-1,0.25,5,-1
148,4,-1,0.25,5,-1.5
199,4,-1,0.25,5,-2
190,4,-1,0.75,1,-0.5
169,4,-1,0.75,1,-1
52,4,-1,0.75,1,-1.5
74,4,-1,0.75,1,-2
97,4,-1,0.75,2,-0.5
266,4,-1,0.75,2,-1
77,4,-1,0.75,2,-1.5
53,4,-1,0.75,2,-2
122,4,-1,0.75,3,-0.5
64,4,-1,0.75,3,-1
57,4,-1,0.75,3,-1.5
48,4,-1,0.75,3,-2
164,4,-1,0.75,4,-0.5
69,4,-1,0.75,4,-1
69,4,-1,0.75,4,-1.5
39,4,-1,0.75,4,-2
217,4,-1,0.75,5,-0.5
74,4,-1,0.75,5,-1
121,4,-1,0.75,5,-1.5
67,4,-1,0.75,5,-2
91,4,-1,1.25,1,-0.5
91,4,-1,1.25,1,-1
76,4,-1,1.25,1,-1.5
76,4,-1,1.25,1,-2
79,4,-1,1.25,2,-0.5
58,4,-1,1.25,2,-1
93,4,-1,1.25,2,-1.5
45,4,-1,1.25,2,-2
73,4,-1,1.25,3,-0.5
96,4,-1,1.25,3,-1
62,4,-1,1.25,3,-1.5
50,4,-1,1.25,3,-2
104,4,-1,1.25,4,-0.5
87,4,-1,1.25,4,-1
37,4,-1,1.25,4,-1.5
71,4,-1,1.25,4,-2
70,4,-1,1.25,5,-0.5
77,4,-1,1.25,5,-1
48,4,-1,1.25,5,-1.5
69,4,-1,1.25,5,-2
142,4,-1,1.75,1,-0.5
99,4,-1,1.75,1,-1
65,4,-1,1.75,1,-1.5
59,4,-1,1.75,1,-2
148,4,-1,1.75,2,-0.5
72,4,-1,1.75,2,-1
99,4,-1,1.75,2,-1.5
80,4,-1,1.75,2,-2
74,4,-1,1.75,3,-0.5
93,4,-1,1.75,3,-1
50,4,-1,1.75,3,-1.5
56,4,-1,1.75,3,-2
81,4,-1,1.75,4,-0.5
74,4,-1,1.75,4,-1
61,4,-1,1.75,4,-1.5
73,4,-1,1.75,4,-2
89,4,-1,1.75,5,-0.5
69,4,-1,1.75,5,-1
62,4,-1,1.75,5,-1.5
73,4,-1,1.75,5,-2
229,4,-2,0.25,1,-0.5
103,4,-2,0.25,1,-1
279,4,-2,0.25,1,-1.5
146,4,-2,0.25,1,-2
476,4,-2,0.25,2,-0.5
291,4,-2,0.25,2,-1
258,4,-2,0.25,2,-1.5
320,4,-2,0.25,2,-2
476,4,-2,0.25,3,-0.5
133,4,-2,0.25,3,-1
130,4,-2,0.25,3,-1.5
201,4,-2,0.25,3,-2
115,4,-2,0.25,4,-0.5
104,4,-2,0.25,4,-1
310,4,-2,0.25,4,-1.5
92,4,-2,0.25,4,-2
303,4,-2,0.25,5,-0.5
268,4,-2,0.25,5,-1
136,4,-2,0.25,5,-1.5
131,4,-2,0.25,5,-2
109,4,-2,0.75,1,-0.5
71,4,-2,0.75,1,-1
122,4,-2,0.75,1,-1.5
104,4,-2,0.75,1,-2
109,4,-2,0.75,2,-0.5
199,4,-2,0.75,2,-1
109,4,-2,0.75,2,-1.5
87,4,-2,0.75,2,-2
104,4,-2,0.75,3,-0.5
106,4,-2,0.75,3,-1
69,4,-2,0.75,3,-1.5
47,4,-2,0.75,3,-2
412,4,-2,0.75,4,-0.5
126,4,-2,0.75,4,-1
100,4,-2,0.75,4,-1.5
95,4,-2,0.75,4,-2
379,4,-2,0.75,5,-0.5
28,4,-2,0.75,5,-1
127,4,-2,0.75,5,-1.5
51,4,-2,0.75,5,-2
68,4,-2,1.25,1,-0.5
63,4,-2,1.25,1,-1
71,4,-2,1.25,1,-1.5
22,4,-2,1.25,1,-2
83,4,-2,1.25,2,-0.5
165,4,-2,1.25,2,-1
37,4,-2,1.25,2,-1.5
41,4,-2,1.25,2,-2
52,4,-2,1.25,3,-0.5
41,4,-2,1.25,3,-1
76,4,-2,1.25,3,-1.5
51,4,-2,1.25,3,-2
130,4,-2,1.25,4,-0.5
52,4,-2,1.25,4,-1
48,4,-2,1.25,4,-1.5
49,4,-2,1.25,4,-2
43,4,-2,1.25,5,-0.5
35,4,-2,1.25,5,-1
33,4,-2,1.25,5,-1.5
13,4,-2,1.25,5,-2
90,4,-2,1.75,1,-0.5
91,4,-2,1.75,1,-1
60,4,-2,1.75,1,-1.5
60,4,-2,1.75,1,-2
80,4,-2,1.75,2,-0.5
47,4,-2,1.75,2,-1
56,4,-2,1.75,2,-1.5
42,4,-2,1.75,2,-2
71,4,-2,1.75,3,-0.5
74,4,-2,1.75,3,-1
64,4,-2,1.75,3,-1.5
19,4,-2,1.75,3,-2
74,4,-2,1.75,4,-0.5
41,4,-2,1.75,4,-1
84,4,-2,1.75,4,-1.5
25,4,-2,1.75,4,-2
69,4,-2,1.75,5,-0.5
59,4,-2,1.75,5,-1
30,4,-2,1.75,5,-1.5
61,4,-2,1.75,5,-2
433,4,-3,0.25,1,-0.5
525,4,-3,0.25,1,-1
300,4,-3,0.25,1,-1.5
175,4,-3,0.25,1,-2
506,4,-3,0.25,2,-0.5
525,4,-3,0.25,2,-1
347,4,-3,0.25,2,-1.5
353,4,-3,0.25,2,-2
179,4,-3,0.25,3,-0.5
524,4,-3,0.25,3,-1
217,4,-3,0.25,3,-1.5
432,4,-3,0.25,3,-2
277,4,-3,0.25,4,-0.5
372,4,-3,0.25,4,-1
133,4,-3,0.25,4,-1.5
548,4,-3,0.25,4,-2
353,4,-3,0.25,5,-0.5
329,4,-3,0.25,5,-1
89,4,-3,0.25,5,-1.5
548,4,-3,0.25,5,-2
213,4,-3,0.75,1,-0.5
255,4,-3,0.75,1,-1
114,4,-3,0.75,1,-1.5
65,4,-3,0.75,1,-2
313,4,-3,0.75,2,-0.5
43,4,-3,0.75,2,-1
92,4,-3,0.75,2,-1.5
91,4,-3,0.75,2,-2
606,4,-3,0.75,3,-0.5
111,4,-3,0.75,3,-1
297,4,-3,0.75,3,-1.5
35,4,-3,0.75,3,-2
606,4,-3,0.75,4,-0.5
87,4,-3,0.75,4,-1
90,4,-3,0.75,4,-1.5
176,4,-3,0.75,4,-2
79,4,-3,0.75,5,-0.5
54,4,-3,0.75,5,-1
494,4,-3,0.75,5,-1.5
234,4,-3,0.75,5,-2
54,4,-3,1.25,1,-0.5
127,4,-3,1.25,1,-1
34,4,-3,1.25,1,-1.5
53,4,-3,1.25,1,-2
74,4,-3,1.25,2,-0.5
61,4,-3,1.25,2,-1
39,4,-3,1.25,2,-1.5
57,4,-3,1.25,2,-2
365,4,-3,1.25,3,-0.5
172,4,-3,1.25,3,-1
45,4,-3,1.25,3,-1.5
24,4,-3,1.25,3,-2
30,4,-3,1.25,4,-0.5
29,4,-3,1.25,4,-1
75,4,-3,1.25,4,-1.5
24,4,-3,1.25,4,-2
66,4,-3,1.25,5,-0.5
57,4,-3,1.25,5,-1
37,4,-3,1.25,5,-1.5
32,4,-3,1.25,5,-2
70,4,-3,1.75,1,-0.5
46,4,-3,1.75,1,-1
50,4,-3,1.75,1,-1.5
36,4,-3,1.75,1,-2
104,4,-3,1.75,2,-0.5
56,4,-3,1.75,2,-1
30,4,-3,1.75,2,-1.5
34,4,-3,1.75,2,-2
55,4,-3,1.75,3,-0.5
39,4,-3,1.75,3,-1
59,4,-3,1.75,3,-1.5
50,4,-3,1.75,3,-2
34,4,-3,1.75,4,-0.5
62,4,-3,1.75,4,-1
55,4,-3,1.75,4,-1.5
49,4,-3,1.75,4,-2
58,4,-3,1.75,5,-0.5
49,4,-3,1.75,5,-1
67,4,-3,1.75,5,-1.5
31,4,-3,1.75,5,-2
285,4,-4,0.25,1,-0.5
198,4,-4,0.25,1,-1
112,4,-4,0.25,1,-1.5
193,4,-4,0.25,1,-2
408,4,-4,0.25,2,-0.5
529,4,-4,0.25,2,-1
499,4,-4,0.25,2,-1.5
317,4,-4,0.25,2,-2
531,4,-4,0.25,3,-0.5
529,4,-4,0.25,3,-1
360,4,-4,0.25,3,-1.5
134,4,-4,0.25,3,-2
547,4,-4,0.25,4,-0.5
341,4,-4,0.25,4,-1
254,4,-4,0.25,4,-1.5
154,4,-4,0.25,4,-2
359,4,-4,0.25,5,-0.5
341,4,-4,0.25,5,-1
169,4,-4,0.25,5,-1.5
342,4,-4,0.25,5,-2
124,4,-4,0.75,1,-0.5
199,4,-4,0.75,1,-1
263,4,-4,0.75,1,-1.5
292,4,-4,0.75,1,-2
79,4,-4,0.75,2,-0.5
68,4,-4,0.75,2,-1
472,4,-4,0.75,2,-1.5
88,4,-4,0.75,2,-2
177,4,-4,0.75,3,-0.5
189,4,-4,0.75,3,-1
193,4,-4,0.75,3,-1.5
80,4,-4,0.75,3,-2
424,4,-4,0.75,4,-0.5
136,4,-4,0.75,4,-1
371,4,-4,0.75,4,-1.5
71,4,-4,0.75,4,-2
277,4,-4,0.75,5,-0.5
99,4,-4,0.75,5,-1
138,4,-4,0.75,5,-1.5
91,4,-4,0.75,5,-2
131,4,-4,1.25,1,-0.5
88,4,-4,1.25,1,-1
208,4,-4,1.25,1,-1.5
65,4,-4,1.25,1,-2
134,4,-4,1.25,2,-0.5
45,4,-4,1.25,2,-1
38,4,-4,1.25,2,-1.5
69,4,-4,1.25,2,-2
58,4,-4,1.25,3,-0.5
133,4,-4,1.25,3,-1
145,4,-4,1.25,3,-1.5
86,4,-4,1.25,3,-2
197,4,-4,1.25,4,-0.5
31,4,-4,1.25,4,-1
168,4,-4,1.25,4,-1.5
41,4,-4,1.25,4,-2
98,4,-4,1.25,5,-0.5
124,4,-4,1.25,5,-1
82,4,-4,1.25,5,-1.5
26,4,-4,1.25,5,-2
73,4,-4,1.75,1,-0.5
53,4,-4,1.75,1,-1
58,4,-4,1.75,1,-1.5
26,4,-4,1.75,1,-2
66,4,-4,1.75,2,-0.5
74,4,-4,1.75,2,-1
44,4,-4,1.75,2,-1.5
45,4,-4,1.75,2,-2
68,4,-4,1.75,3,-0.5
38,4,-4,1.75,3,-1
27,4,-4,1.75,3,-1.5
21,4,-4,1.75,3,-2
87,4,-4,1.75,4,-0.5
28,4,-4,1.75,4,-1
58,4,-4,1.75,4,-1.5
27,4,-4,1.75,4,-2
307,4,-4,1.75,5,-0.5
48,4,-4,1.75,5,-1
72,4,-4,1.75,5,-1.5
22,4,-4,1.75,5,-2
477,4,-5,0.25,1,-0.5
297,4,-5,0.25,1,-1
335,4,-5,0.25,1,-1.5
326,4,-5,0.25,1,-2
293,4,-5,0.25,2,-0.5
324,4,-5,0.25,2,-1
416,4,-5,0.25,2,-1.5
396,4,-5,0.25,2,-2
443,4,-5,0.25,3,-0.5
527,4,-5,0.25,3,-1
288,4,-5,0.25,3,-1.5
267,4,-5,0.25,3,-2
554,4,-5,0.25,4,-0.5
527,4,-5,0.25,4,-1
222,4,-5,0.25,4,-1.5
229,4,-5,0.25,4,-2
361,4,-5,0.25,5,-0.5
432,4,-5,0.25,5,-1
346,4,-5,0.25,5,-1.5
197,4,-5,0.25,5,-2
414,4,-5,0.75,1,-0.5
196,4,-5,0.75,1,-1
247,4,-5,0.75,1,-1.5
244,4,-5,0.75,1,-2
417,4,-5,0.75,2,-0.5
367,4,-5,0.75,2,-1
237,4,-5,0.75,2,-1.5
96,4,-5,0.75,2,-2
533,4,-5,0.75,3,-0.5
308,4,-5,0.75,3,-1
287,4,-5,0.75,3,-1.5
246,4,-5,0.75,3,-2
365,4,-5,0.75,4,-0.5
319,4,-5,0.75,4,-1
287,4,-5,0.75,4,-1.5
246,4,-5,0.75,4,-2
326,4,-5,0.75,5,-0.5
80,4,-5,0.75,5,-1
281,4,-5,0.75,5,-1.5
80,4,-5,0.75,5,-2
153,4,-5,1.25,1,-0.5
78,4,-5,1.25,1,-1
299,4,-5,1.25,1,-1.5
77,4,-5,1.25,1,-2
375,4,-5,1.25,2,-0.5
56,4,-5,1.25,2,-1
26,4,-5,1.25,2,-1.5
124,4,-5,1.25,2,-2
397,4,-5,1.25,3,-0.5
40,4,-5,1.25,3,-1
23,4,-5,1.25,3,-1.5
194,4,-5,1.25,3,-2
69,4,-5,1.25,4,-0.5
122,4,-5,1.25,4,-1
78,4,-5,1.25,4,-1.5
35,4,-5,1.25,4,-2
68,4,-5,1.25,5,-0.5
253,4,-5,1.25,5,-1
397,4,-5,1.25,5,-1.5
56,4,-5,1.25,5,-2
55,4,-5,1.75,1,-0.5
63,4,-5,1.75,1,-1
45,4,-5,1.75,1,-1.5
60,4,-5,1.75,1,-2
105,4,-5,1.75,2,-0.5
139,4,-5,1.75,2,-1
36,4,-5,1.75,2,-1.5
141,4,-5,1.75,2,-2
64,4,-5,1.75,3,-0.5
50,4,-5,1.75,3,-1
24,4,-5,1.75,3,-1.5
58,4,-5,1.75,3,-2
507,4,-5,1.75,4,-0.5
47,4,-5,1.75,4,-1
33,4,-5,1.75,4,-1.5
30,4,-5,1.75,4,-2
567,4,-5,1.75,5,-0.5
45,4,-5,1.75,5,-1
23,4,-5,1.75,5,-1.5
58,4,-5,1.75,5,-2
219,5,-1,0.25,1,-0.5
340,5,-1,0.25,1,-1
323,5,-1,0.25,1,-1.5
135,5,-1,0.25,1,-2
213,5,-1,0.25,2,-0.5
150,5,-1,0.25,2,-1
114,5,-1,0.25,2,-1.5
141,5,-1,0.25,2,-2
196,5,-1,0.25,3,-0.5
142,5,-1,0.25,3,-1
83,5,-1,0.25,3,-1.5
115,5,-1,0.25,3,-2
270,5,-1,0.25,4,-0.5
138,5,-1,0.25,4,-1
114,5,-1,0.25,4,-1.5
86,5,-1,0.25,4,-2
148,5,-1,0.25,5,-0.5
306,5,-1,0.25,5,-1
162,5,-1,0.25,5,-1.5
414,5,-1,0.25,5,-2
161,5,-1,0.75,1,-0.5
155,5,-1,0.75,1,-1
134,5,-1,0.75,1,-1.5
107,5,-1,0.75,1,-2
117,5,-1,0.75,2,-0.5
109,5,-1,0.75,2,-1
129,5,-1,0.75,2,-1.5
104,5,-1,0.75,2,-2
139,5,-1,0.75,3,-0.5
84,5,-1,0.75,3,-1
110,5,-1,0.75,3,-1.5
59,5,-1,0.75,3,-2
133,5,-1,0.75,4,-0.5
74,5,-1,0.75,4,-1
94,5,-1,0.75,4,-1.5
105,5,-1,0.75,4,-2
249,5,-1,0.75,5,-0.5
70,5,-1,0.75,5,-1
137,5,-1,0.75,5,-1.5
64,5,-1,0.75,5,-2
158,5,-1,1.25,1,-0.5
150,5,-1,1.25,1,-1
99,5,-1,1.25,1,-1.5
102,5,-1,1.25,1,-2
152,5,-1,1.25,2,-0.5
98,5,-1,1.25,2,-1
93,5,-1,1.25,2,-1.5
68,5,-1,1.25,2,-2
131,5,-1,1.25,3,-0.5
93,5,-1,1.25,3,-1
70,5,-1,1.25,3,-1.5
64,5,-1,1.25,3,-2
91,5,-1,1.25,4,-0.5
80,5,-1,1.25,4,-1
90,5,-1,1.25,4,-1.5
55,5,-1,1.25,4,-2
81,5,-1,1.25,5,-0.5
100,5,-1,1.25,5,-1
52,5,-1,1.25,5,-1.5
70,5,-1,1.25,5,-2
160,5,-1,1.75,1,-0.5
91,5,-1,1.75,1,-1
91,5,-1,1.75,1,-1.5
79,5,-1,1.75,1,-2
143,5,-1,1.75,2,-0.5
118,5,-1,1.75,2,-1
76,5,-1,1.75,2,-1.5
63,5,-1,1.75,2,-2
140,5,-1,1.75,3,-0.5
70,5,-1,1.75,3,-1
78,5,-1,1.75,3,-1.5
54,5,-1,1.75,3,-2
113,5,-1,1.75,4,-0.5
77,5,-1,1.75,4,-1
88,5,-1,1.75,4,-1.5
35,5,-1,1.75,4,-2
125,5,-1,1.75,5,-0.5
91,5,-1,1.75,5,-1
74,5,-1,1.75,5,-1.5
36,5,-1,1.75,5,-2
441,5,-2,0.25,1,-0.5
313,5,-2,0.25,1,-1
291,5,-2,0.25,1,-1.5
173,5,-2,0.25,1,-2
364,5,-2,0.25,2,-0.5
167,5,-2,0.25,2,-1
227,5,-2,0.25,2,-1.5
270,5,-2,0.25,2,-2
346,5,-2,0.25,3,-0.5
451,5,-2,0.25,3,-1
103,5,-2,0.25,3,-1.5
297,5,-2,0.25,3,-2
219,5,-2,0.25,4,-0.5
180,5,-2,0.25,4,-1
137,5,-2,0.25,4,-1.5
94,5,-2,0.25,4,-2
334,5,-2,0.25,5,-0.5
248,5,-2,0.25,5,-1
211,5,-2,0.25,5,-1.5
113,5,-2,0.25,5,-2
165,5,-2,0.75,1,-0.5
282,5,-2,0.75,1,-1
125,5,-2,0.75,1,-1.5
107,5,-2,0.75,1,-2
131,5,-2,0.75,2,-0.5
104,5,-2,0.75,2,-1
175,5,-2,0.75,2,-1.5
71,5,-2,0.75,2,-2
195,5,-2,0.75,3,-0.5
462,5,-2,0.75,3,-1
78,5,-2,0.75,3,-1.5
36,5,-2,0.75,3,-2
393,5,-2,0.75,4,-0.5
175,5,-2,0.75,4,-1
66,5,-2,0.75,4,-1.5
145,5,-2,0.75,4,-2
317,5,-2,0.75,5,-0.5
77,5,-2,0.75,5,-1
63,5,-2,0.75,5,-1.5
66,5,-2,0.75,5,-2
101,5,-2,1.25,1,-0.5
71,5,-2,1.25,1,-1
133,5,-2,1.25,1,-1.5
55,5,-2,1.25,1,-2
124,5,-2,1.25,2,-0.5
79,5,-2,1.25,2,-1
59,5,-2,1.25,2,-1.5
30,5,-2,1.25,2,-2
74,5,-2,1.25,3,-0.5
47,5,-2,1.25,3,-1
62,5,-2,1.25,3,-1.5
35,5,-2,1.25,3,-2
206,5,-2,1.25,4,-0.5
42,5,-2,1.25,4,-1
48,5,-2,1.25,4,-1.5
38,5,-2,1.25,4,-2
112,5,-2,1.25,5,-0.5
79,5,-2,1.25,5,-1
62,5,-2,1.25,5,-1.5
50,5,-2,1.25,5,-2
136,5,-2,1.75,1,-0.5
80,5,-2,1.75,1,-1
51,5,-2,1.75,1,-1.5
52,5,-2,1.75,1,-2
116,5,-2,1.75,2,-0.5
94,5,-2,1.75,2,-1
83,5,-2,1.75,2,-1.5
44,5,-2,1.75,2,-2
91,5,-2,1.75,3,-0.5
44,5,-2,1.75,3,-1
56,5,-2,1.75,3,-1.5
78,5,-2,1.75,3,-2
69,5,-2,1.75,4,-0.5
52,5,-2,1.75,4,-1
30,5,-2,1.75,4,-1.5
64,5,-2,1.75,4,-2
68,5,-2,1.75,5,-0.5
48,5,-2,1.75,5,-1
45,5,-2,1.75,5,-1.5
28,5,-2,1.75,5,-2
359,5,-3,0.25,1,-0.5
270,5,-3,0.25,1,-1
277,5,-3,0.25,1,-1.5
154,5,-3,0.25,1,-2
550,5,-3,0.25,2,-0.5
192,5,-3,0.25,2,-1
445,5,-3,0.25,2,-1.5
280,5,-3,0.25,2,-2
416,5,-3,0.25,3,-0.5
354,5,-3,0.25,3,-1
390,5,-3,0.25,3,-1.5
175,5,-3,0.25,3,-2
536,5,-3,0.25,4,-0.5
347,5,-3,0.25,4,-1
299,5,-3,0.25,4,-1.5
169,5,-3,0.25,4,-2
348,5,-3,0.25,5,-0.5
461,5,-3,0.25,5,-1
109,5,-3,0.25,5,-1.5
145,5,-3,0.25,5,-2
232,5,-3,0.75,1,-0.5
170,5,-3,0.75,1,-1
136,5,-3,0.75,1,-1.5
88,5,-3,0.75,1,-2
288,5,-3,0.75,2,-0.5
182,5,-3,0.75,2,-1
129,5,-3,0.75,2,-1.5
125,5,-3,0.75,2,-2
305,5,-3,0.75,3,-0.5
119,5,-3,0.75,3,-1
209,5,-3,0.75,3,-1.5
258,5,-3,0.75,3,-2
142,5,-3,0.75,4,-0.5
159,5,-3,0.75,4,-1
120,5,-3,0.75,4,-1.5
66,5,-3,0.75,4,-2
622,5,-3,0.75,5,-0.5
136,5,-3,0.75,5,-1
89,5,-3,0.75,5,-1.5
138,5,-3,0.75,5,-2
371,5,-3,1.25,1,-0.5
75,5,-3,1.25,1,-1
49,5,-3,1.25,1,-1.5
204,5,-3,1.25,1,-2
64,5,-3,1.25,2,-0.5
45,5,-3,1.25,2,-1
91,5,-3,1.25,2,-1.5
104,5,-3,1.25,2,-2
130,5,-3,1.25,3,-0.5
70,5,-3,1.25,3,-1
48,5,-3,1.25,3,-1.5
133,5,-3,1.25,3,-2
106,5,-3,1.25,4,-0.5
48,5,-3,1.25,4,-1
57,5,-3,1.25,4,-1.5
217,5,-3,1.25,4,-2
154,5,-3,1.25,5,-0.5
316,5,-3,1.25,5,-1
72,5,-3,1.25,5,-1.5
51,5,-3,1.25,5,-2
84,5,-3,1.75,1,-0.5
45,5,-3,1.75,1,-1
66,5,-3,1.75,1,-1.5
78,5,-3,1.75,1,-2
120,5,-3,1.75,2,-0.5
61,5,-3,1.75,2,-1
191,5,-3,1.75,2,-1.5
68,5,-3,1.75,2,-2
110,5,-3,1.75,3,-0.5
39,5,-3,1.75,3,-1
99,5,-3,1.75,3,-1.5
72,5,-3,1.75,3,-2
49,5,-3,1.75,4,-0.5
53,5,-3,1.75,4,-1
65,5,-3,1.75,4,-1.5
60,5,-3,1.75,4,-2
162,5,-3,1.75,5,-0.5
53,5,-3,1.75,5,-1
33,5,-3,1.75,5,-1.5
33,5,-3,1.75,5,-2
491,5,-4,0.25,1,-0.5
376,5,-4,0.25,1,-1
206,5,-4,0.25,1,-1.5
266,5,-4,0.25,1,-2
524,5,-4,0.25,2,-0.5
524,5,-4,0.25,2,-1
362,5,-4,0.25,2,-1.5
257,5,-4,0.25,2,-2
367,5,-4,0.25,3,-0.5
524,5,-4,0.25,3,-1
362,5,-4,0.25,3,-1.5
163,5,-4,0.25,3,-2
338,5,-4,0.25,4,-0.5
524,5,-4,0.25,4,-1
346,5,-4,0.25,4,-1.5
217,5,-4,0.25,4,-2
551,5,-4,0.25,5,-0.5
307,5,-4,0.25,5,-1
243,5,-4,0.25,5,-1.5
146,5,-4,0.25,5,-2
77,5,-4,0.75,1,-0.5
234,5,-4,0.75,1,-1
219,5,-4,0.75,1,-1.5
111,5,-4,0.75,1,-2
246,5,-4,0.75,2,-0.5
240,5,-4,0.75,2,-1
145,5,-4,0.75,2,-1.5
278,5,-4,0.75,2,-2
118,5,-4,0.75,3,-0.5
380,5,-4,0.75,3,-1
446,5,-4,0.75,3,-1.5
32,5,-4,0.75,3,-2
292,5,-4,0.75,4,-0.5
149,5,-4,0.75,4,-1
300,5,-4,0.75,4,-1.5
336,5,-4,0.75,4,-2
194,5,-4,0.75,5,-0.5
164,5,-4,0.75,5,-1
106,5,-4,0.75,5,-1.5
198,5,-4,0.75,5,-2
97,5,-4,1.25,1,-0.5
32,5,-4,1.25,1,-1
39,5,-4,1.25,1,-1.5
167,5,-4,1.25,1,-2
190,5,-4,1.25,2,-0.5
66,5,-4,1.25,2,-1
69,5,-4,1.25,2,-1.5
122,5,-4,1.25,2,-2
33,5,-4,1.25,3,-0.5
84,5,-4,1.25,3,-1
74,5,-4,1.25,3,-1.5
58,5,-4,1.25,3,-2
63,5,-4,1.25,4,-0.5
283,5,-4,1.25,4,-1
36,5,-4,1.25,4,-1.5
140,5,-4,1.25,4,-2
146,5,-4,1.25,5,-0.5
213,5,-4,1.25,5,-1
84,5,-4,1.25,5,-1.5
67,5,-4,1.25,5,-2
105,5,-4,1.75,1,-0.5
77,5,-4,1.75,1,-1
50,5,-4,1.75,1,-1.5
76,5,-4,1.75,1,-2
83,5,-4,1.75,2,-0.5
39,5,-4,1.75,2,-1
24,5,-4,1.75,2,-1.5
31,5,-4,1.75,2,-2
67,5,-4,1.75,3,-0.5
66,5,-4,1.75,3,-1
42,5,-4,1.75,3,-1.5
114,5,-4,1.75,3,-2
33,5,-4,1.75,4,-0.5
53,5,-4,1.75,4,-1
43,5,-4,1.75,4,-1.5
79,5,-4,1.75,4,-2
39,5,-4,1.75,5,-0.5
49,5,-4,1.75,5,-1
31,5,-4,1.75,5,-1.5
24,5,-4,1.75,5,-2
431,5,-5,0.25,1,-0.5
455,5,-5,0.25,1,-1
211,5,-5,0.25,1,-1.5
60,5,-5,0.25,1,-2
523,5,-5,0.25,2,-0.5
403,5,-5,0.25,2,-1
137,5,-5,0.25,2,-1.5
505,5,-5,0.25,2,-2
434,5,-5,0.25,3,-0.5
527,5,-5,0.25,3,-1
312,5,-5,0.25,3,-1.5
505,5,-5,0.25,3,-2
264,5,-5,0.25,4,-0.5
527,5,-5,0.25,4,-1
312,5,-5,0.25,4,-1.5
335,5,-5,0.25,4,-2
554,5,-5,0.25,5,-0.5
299,5,-5,0.25,5,-1
312,5,-5,0.25,5,-1.5
278,5,-5,0.25,5,-2
384,5,-5,0.75,1,-0.5
165,5,-5,0.75,1,-1
533,5,-5,0.75,1,-1.5
146,5,-5,0.75,1,-2
606,5,-5,0.75,2,-0.5
285,5,-5,0.75,2,-1
533,5,-5,0.75,2,-1.5
219,5,-5,0.75,2,-2
493,5,-5,0.75,3,-0.5
369,5,-5,0.75,3,-1
533,5,-5,0.75,3,-1.5
220,5,-5,0.75,3,-2
189,5,-5,0.75,4,-0.5
353,5,-5,0.75,4,-1
293,5,-5,0.75,4,-1.5
278,5,-5,0.75,4,-2
355,5,-5,0.75,5,-0.5
309,5,-5,0.75,5,-1
295,5,-5,0.75,5,-1.5
123,5,-5,0.75,5,-2
580,5,-5,1.25,1,-0.5
110,5,-5,1.25,1,-1
247,5,-5,1.25,1,-1.5
130,5,-5,1.25,1,-2
163,5,-5,1.25,2,-0.5
183,5,-5,1.25,2,-1
223,5,-5,1.25,2,-1.5
51,5,-5,1.25,2,-2
429,5,-5,1.25,3,-0.5
211,5,-5,1.25,3,-1
86,5,-5,1.25,3,-1.5
50,5,-5,1.25,3,-2
313,5,-5,1.25,4,-0.5
28,5,-5,1.25,4,-1
21,5,-5,1.25,4,-1.5
40,5,-5,1.25,4,-2
424,5,-5,1.25,5,-0.5
98,5,-5,1.25,5,-1
59,5,-5,1.25,5,-1.5
52,5,-5,1.25,5,-2
156,5,-5,1.75,1,-0.5
127,5,-5,1.75,1,-1
85,5,-5,1.75,1,-1.5
93,5,-5,1.75,1,-2
67,5,-5,1.75,2,-0.5
61,5,-5,1.75,2,-1
61,5,-5,1.75,2,-1.5
120,5,-5,1.75,2,-2
76,5,-5,1.75,3,-0.5
207,5,-5,1.75,3,-1
18,5,-5,1.75,3,-1.5
92,5,-5,1.75,3,-2
135,5,-5,1.75,4,-0.5
30,5,-5,1.75,4,-1
32,5,-5,1.75,4,-1.5
174,5,-5,1.75,4,-2
55,5,-5,1.75,5,-0.5
48,5,-5,1.75,5,-1
21,5,-5,1.75,5,-1.5
39,5,-5,1.75,5,-2
