68,1,-1,0.25,1,-0.5
87,1,-1,0.25,1,-1
33,1,-1,0.25,1,-1.5
26,1,-1,0.25,1,-2
24,1,-1,0.25,2,-0.5
55,1,-1,0.25,2,-1
27,1,-1,0.25,2,-1.5
48,1,-1,0.25,2,-2
58,1,-1,0.25,3,-0.5
53,1,-1,0.25,3,-1
41,1,-1,0.25,3,-1.5
58,1,-1,0.25,3,-2
90,1,-1,0.25,4,-0.5
62,1,-1,0.25,4,-1
40,1,-1,0.25,4,-1.5
50,1,-1,0.25,4,-2
75,1,-1,0.25,5,-0.5
46,1,-1,0.25,5,-1
59,1,-1,0.25,5,-1.5
53,1,-1,0.25,5,-2
48,1,-1,0.75,1,-0.5
40,1,-1,0.75,1,-1
22,1,-1,0.75,1,-1.5
65,1,-1,0.75,1,-2
54,1,-1,0.75,2,-0.5
31,1,-1,0.75,2,-1
46,1,-1,0.75,2,-1.5
68,1,-1,0.75,2,-2
75,1,-1,0.75,3,-0.5
66,1,-1,0.75,3,-1
77,1,-1,0.75,3,-1.5
61,1,-1,0.75,3,-2
79,1,-1,0.75,4,-0.5
64,1,-1,0.75,4,-1
81,1,-1,0.75,4,-1.5
105,1,-1,0.75,4,-2
76,1,-1,0.75,5,-0.5
50,1,-1,0.75,5,-1
77,1,-1,0.75,5,-1.5
84,1,-1,0.75,5,-2
80,1,-1,1.25,1,-0.5
95,1,-1,1.25,1,-1
108,1,-1,1.25,1,-1.5
85,1,-1,1.25,1,-2
118,1,-1,1.25,2,-0.5
80,1,-1,1.25,2,-1
99,1,-1,1.25,2,-1.5
73,1,-1,1.25,2,-2
116,1,-1,1.25,3,-0.5
79,1,-1,1.25,3,-1
87,1,-1,1.25,3,-1.5
80,1,-1,1.25,3,-2
109,1,-1,1.25,4,-0.5
112,1,-1,1.25,4,-1
107,1,-1,1.25,4,-1.5
101,1,-1,1.25,4,-2
111,1,-1,1.25,5,-0.5
74,1,-1,1.25,5,-1
74,1,-1,1.25,5,-1.5
104,1,-1,1.25,5,-2
164,1,-1,1.75,1,-0.5
148,1,-1,1.75,1,-1
159,1,-1,1.75,1,-1.5
132,1,-1,1.75,1,-2
157,1,-1,1.75,2,-0.5
130,1,-1,1.75,2,-1
109,1,-1,1.75,2,-1.5
106,1,-1,1.75,2,-2
177,1,-1,1.75,3,-0.5
129,1,-1,1.75,3,-1
123,1,-1,1.75,3,-1.5
122,1,-1,1.75,3,-2
140,1,-1,1.75,4,-0.5
137,1,-1,1.75,4,-1
128,1,-1,1.75,4,-1.5
132,1,-1,1.75,4,-2
152,1,-1,1.75,5,-0.5
134,1,-1,1.75,5,-1
129,1,-1,1.75,5,-1.5
137,1,-1,1.75,5,-2
367,1,-2,0.25,1,-0.5
106,1,-2,0.25,1,-1
162,1,-2,0.25,1,-1.5
53,1,-2,0.25,1,-2
168,1,-2,0.25,2,-0.5
164,1,-2,0.25,2,-1
98,1,-2,0.25,2,-1.5
83,1,-2,0.25,2,-2
190,1,-2,0.25,3,-0.5
282,1,-2,0.25,3,-1
61,1,-2,0.25,3,-1.5
65,1,-2,0.25,3,-2
134,1,-2,0.25,4,-0.5
52,1,-2,0.25,4,-1
74,1,-2,0.25,4,-1.5
126,1,-2,0.25,4,-2
60,1,-2,0.25,5,-0.5
252,1,-2,0.25,5,-1
77,1,-2,0.25,5,-1.5
157,1,-2,0.25,5,-2
262,1,-2,0.75,1,-0.5
26,1,-2,0.75,1,-1
47,1,-2,0.75,1,-1.5
36,1,-2,0.75,1,-2
48,1,-2,0.75,2,-0.5
59,1,-2,0.75,2,-1
83,1,-2,0.75,2,-1.5
41,1,-2,0.75,2,-2
59,1,-2,0.75,3,-0.5
58,1,-2,0.75,3,-1
39,1,-2,0.75,3,-1.5
33,1,-2,0.75,3,-2
39,1,-2,0.75,4,-0.5
62,1,-2,0.75,4,-1
65,1,-2,0.75,4,-1.5
61,1,-2,0.75,4,-2
44,1,-2,0.75,5,-0.5
59,1,-2,0.75,5,-1
36,1,-2,0.75,5,-1.5
53,1,-2,0.75,5,-2
59,1,-2,1.25,1,-0.5
47,1,-2,1.25,1,-1
58,1,-2,1.25,1,-1.5
73,1,-2,1.25,1,-2
59,1,-2,1.25,2,-0.5
54,1,-2,1.25,2,-1
53,1,-2,1.25,2,-1.5
43,1,-2,1.25,2,-2
45,1,-2,1.25,3,-0.5
25,1,-2,1.25,3,-1
57,1,-2,1.25,3,-1.5
46,1,-2,1.25,3,-2
76,1,-2,1.25,4,-0.5
63,1,-2,1.25,4,-1
50,1,-2,1.25,4,-1.5
42,1,-2,1.25,4,-2
64,1,-2,1.25,5,-0.5
60,1,-2,1.25,5,-1
86,1,-2,1.25,5,-1.5
70,1,-2,1.25,5,-2
99,1,-2,1.75,1,-0.5
82,1,-2,1.75,1,-1
78,1,-2,1.75,1,-1.5
83,1,-2,1.75,1,-2
115,1,-2,1.75,2,-0.5
97,1,-2,1.75,2,-1
75,1,-2,1.75,2,-1.5
104,1,-2,1.75,2,-2
102,1,-2,1.75,3,-0.5
86,1,-2,1.75,3,-1
94,1,-2,1.75,3,-1.5
69,1,-2,1.75,3,-2
82,1,-2,1.75,4,-0.5
74,1,-2,1.75,4,-1
64,1,-2,1.75,4,-1.5
91,1,-2,1.75,4,-2
86,1,-2,1.75,5,-0.5
77,1,-2,1.75,5,-1
80,1,-2,1.75,5,-1.5
84,1,-2,1.75,5,-2
109,1,-3,0.25,1,-0.5
321,1,-3,0.25,1,-1
76,1,-3,0.25,1,-1.5
46,1,-3,0.25,1,-2
319,1,-3,0.25,2,-0.5
173,1,-3,0.25,2,-1
134,1,-3,0.25,2,-1.5
96,1,-3,0.25,2,-2
51,1,-3,0.25,3,-0.5
249,1,-3,0.25,3,-1
173,1,-3,0.25,3,-1.5
36,1,-3,0.25,3,-2
304,1,-3,0.25,4,-0.5
84,1,-3,0.25,4,-1
383,1,-3,0.25,4,-1.5
90,1,-3,0.25,4,-2
70,1,-3,0.25,5,-0.5
314,1,-3,0.25,5,-1
378,1,-3,0.25,5,-1.5
259,1,-3,0.25,5,-2
114,1,-3,0.75,1,-0.5
65,1,-3,0.75,1,-1
73,1,-3,0.75,1,-1.5
61,1,-3,0.75,1,-2
54,1,-3,0.75,2,-0.5
41,1,-3,0.75,2,-1
143,1,-3,0.75,2,-1.5
43,1,-3,0.75,2,-2
66,1,-3,0.75,3,-0.5
42,1,-3,0.75,3,-1
68,1,-3,0.75,3,-1.5
89,1,-3,0.75,3,-2
16,1,-3,0.75,4,-0.5
45,1,-3,0.75,4,-1
35,1,-3,0.75,4,-1.5
34,1,-3,0.75,4,-2
38,1,-3,0.75,5,-0.5
32,1,-3,0.75,5,-1
52,1,-3,0.75,5,-1.5
24,1,-3,0.75,5,-2
58,1,-3,1.25,1,-0.5
46,1,-3,1.25,1,-1
51,1,-3,1.25,1,-1.5
36,1,-3,1.25,1,-2
46,1,-3,1.25,2,-0.5
48,1,-3,1.25,2,-1
35,1,-3,1.25,2,-1.5
55,1,-3,1.25,2,-2
64,1,-3,1.25,3,-0.5
39,1,-3,1.25,3,-1
69,1,-3,1.25,3,-1.5
45,1,-3,1.25,3,-2
53,1,-3,1.25,4,-0.5
43,1,-3,1.25,4,-1
36,1,-3,1.25,4,-1.5
72,1,-3,1.25,4,-2
72,1,-3,1.25,5,-0.5
51,1,-3,1.25,5,-1
57,1,-3,1.25,5,-1.5
64,1,-3,1.25,5,-2
97,1,-3,1.75,1,-0.5
91,1,-3,1.75,1,-1
82,1,-3,1.75,1,-1.5
54,1,-3,1.75,1,-2
75,1,-3,1.75,2,-0.5
70,1,-3,1.75,2,-1
56,1,-3,1.75,2,-1.5
56,1,-3,1.75,2,-2
76,1,-3,1.75,3,-0.5
66,1,-3,1.75,3,-1
30,1,-3,1.75,3,-1.5
57,1,-3,1.75,3,-2
69,1,-3,1.75,4,-0.5
87,1,-3,1.75,4,-1
59,1,-3,1.75,4,-1.5
57,1,-3,1.75,4,-2
82,1,-3,1.75,5,-0.5
57,1,-3,1.75,5,-1
61,1,-3,1.75,5,-1.5
69,1,-3,1.75,5,-2
224,1,-4,0.25,1,-0.5
210,1,-4,0.25,1,-1
150,1,-4,0.25,1,-1.5
93,1,-4,0.25,1,-2
268,1,-4,0.25,2,-0.5
462,1,-4,0.25,2,-1
40,1,-4,0.25,2,-1.5
59,1,-4,0.25,2,-2
204,1,-4,0.25,3,-0.5
462,1,-4,0.25,3,-1
197,1,-4,0.25,3,-1.5
428,1,-4,0.25,3,-2
89,1,-4,0.25,4,-0.5
161,1,-4,0.25,4,-1
146,1,-4,0.25,4,-1.5
198,1,-4,0.25,4,-2
123,1,-4,0.25,5,-0.5
499,1,-4,0.25,5,-1
475,1,-4,0.25,5,-1.5
263,1,-4,0.25,5,-2
322,1,-4,0.75,1,-0.5
57,1,-4,0.75,1,-1
61,1,-4,0.75,1,-1.5
336,1,-4,0.75,1,-2
423,1,-4,0.75,2,-0.5
27,1,-4,0.75,2,-1
60,1,-4,0.75,2,-1.5
160,1,-4,0.75,2,-2
48,1,-4,0.75,3,-0.5
110,1,-4,0.75,3,-1
50,1,-4,0.75,3,-1.5
95,1,-4,0.75,3,-2
37,1,-4,0.75,4,-0.5
51,1,-4,0.75,4,-1
319,1,-4,0.75,4,-1.5
99,1,-4,0.75,4,-2
61,1,-4,0.75,5,-0.5
143,1,-4,0.75,5,-1
460,1,-4,0.75,5,-1.5
442,1,-4,0.75,5,-2
69,1,-4,1.25,1,-0.5
55,1,-4,1.25,1,-1
95,1,-4,1.25,1,-1.5
44,1,-4,1.25,1,-2
39,1,-4,1.25,2,-0.5
43,1,-4,1.25,2,-1
52,1,-4,1.25,2,-1.5
80,1,-4,1.25,2,-2
59,1,-4,1.25,3,-0.5
20,1,-4,1.25,3,-1
59,1,-4,1.25,3,-1.5
26,1,-4,1.25,3,-2
60,1,-4,1.25,4,-0.5
29,1,-4,1.25,4,-1
47,1,-4,1.25,4,-1.5
31,1,-4,1.25,4,-2
46,1,-4,1.25,5,-0.5
23,1,-4,1.25,5,-1
20,1,-4,1.25,5,-1.5
40,1,-4,1.25,5,-2
79,1,-4,1.75,1,-0.5
62,1,-4,1.75,1,-1
50,1,-4,1.75,1,-1.5
53,1,-4,1.75,1,-2
59,1,-4,1.75,2,-0.5
64,1,-4,1.75,2,-1
51,1,-4,1.75,2,-1.5
33,1,-4,1.75,2,-2
53,1,-4,1.75,3,-0.5
46,1,-4,1.75,3,-1
48,1,-4,1.75,3,-1.5
41,1,-4,1.75,3,-2
43,1,-4,1.75,4,-0.5
59,1,-4,1.75,4,-1
52,1,-4,1.75,4,-1.5
40,1,-4,1.75,4,-2
50,1,-4,1.75,5,-0.5
53,1,-4,1.75,5,-1
57,1,-4,1.75,5,-1.5
71,1,-4,1.75,5,-2
510,1,-5,0.25,1,-0.5
505,1,-5,0.25,1,-1
466,1,-5,0.25,1,-1.5
231,1,-5,0.25,1,-2
157,1,-5,0.25,2,-0.5
354,1,-5,0.25,2,-1
257,1,-5,0.25,2,-1.5
248,1,-5,0.25,2,-2
229,1,-5,0.25,3,-0.5
364,1,-5,0.25,3,-1
351,1,-5,0.25,3,-1.5
53,1,-5,0.25,3,-2
319,1,-5,0.25,4,-0.5
348,1,-5,0.25,4,-1
346,1,-5,0.25,4,-1.5
537,1,-5,0.25,4,-2
138,1,-5,0.25,5,-0.5
363,1,-5,0.25,5,-1
190,1,-5,0.25,5,-1.5
93,1,-5,0.25,5,-2
379,1,-5,0.75,1,-0.5
200,1,-5,0.75,1,-1
60,1,-5,0.75,1,-1.5
89,1,-5,0.75,1,-2
38,1,-5,0.75,2,-0.5
70,1,-5,0.75,2,-1
105,1,-5,0.75,2,-1.5
50,1,-5,0.75,2,-2
60,1,-5,0.75,3,-0.5
22,1,-5,0.75,3,-1
131,1,-5,0.75,3,-1.5
32,1,-5,0.75,3,-2
227,1,-5,0.75,4,-0.5
211,1,-5,0.75,4,-1
57,1,-5,0.75,4,-1.5
103,1,-5,0.75,4,-2
139,1,-5,0.75,5,-0.5
301,1,-5,0.75,5,-1
69,1,-5,0.75,5,-1.5
33,1,-5,0.75,5,-2
58,1,-5,1.25,1,-0.5
26,1,-5,1.25,1,-1
37,1,-5,1.25,1,-1.5
24,1,-5,1.25,1,-2
46,1,-5,1.25,2,-0.5
35,1,-5,1.25,2,-1
57,1,-5,1.25,2,-1.5
87,1,-5,1.25,2,-2
54,1,-5,1.25,3,-0.5
66,1,-5,1.25,3,-1
121,1,-5,1.25,3,-1.5
38,1,-5,1.25,3,-2
56,1,-5,1.25,4,-0.5
24,1,-5,1.25,4,-1
56,1,-5,1.25,4,-1.5
33,1,-5,1.25,4,-2
48,1,-5,1.25,5,-0.5
61,1,-5,1.25,5,-1
54,1,-5,1.25,5,-1.5
55,1,-5,1.25,5,-2
45,1,-5,1.75,1,-0.5
52,1,-5,1.75,1,-1
30,1,-5,1.75,1,-1.5
34,1,-5,1.75,1,-2
44,1,-5,1.75,2,-0.5
57,1,-5,1.75,2,-1
43,1,-5,1.75,2,-1.5
62,1,-5,1.75,2,-2
76,1,-5,1.75,3,-0.5
58,1,-5,1.75,3,-1
32,1,-5,1.75,3,-1.5
35,1,-5,1.75,3,-2
51,1,-5,1.75,4,-0.5
34,1,-5,1.75,4,-1
23,1,-5,1.75,4,-1.5
40,1,-5,1.75,4,-2
60,1,-5,1.75,5,-0.5
64,1,-5,1.75,5,-1
24,1,-5,1.75,5,-1.5
42,1,-5,1.75,5,-2
152,2,-1,0.25,1,-0.5
77,2,-1,0.25,1,-1
53,2,-1,0.25,1,-1.5
41,2,-1,0.25,1,-2
177,2,-1,0.25,2,-0.5
38,2,-1,0.25,2,-1
48,2,-1,0.25,2,-1.5
59,2,-1,0.25,2,-2
112,2,-1,0.25,3,-0.5
59,2,-1,0.25,3,-1
47,2,-1,0.25,3,-1.5
41,2,-1,0.25,3,-2
221,2,-1,0.25,4,-0.5
61,2,-1,0.25,4,-1
89,2,-1,0.25,4,-1.5
84,2,-1,0.25,4,-2
105,2,-1,0.25,5,-0.5
61,2,-1,0.25,5,-1
96,2,-1,0.25,5,-1.5
81,2,-1,0.25,5,-2
54,2,-1,0.75,1,-0.5
41,2,-1,0.75,1,-1
34,2,-1,0.75,1,-1.5
29,2,-1,0.75,1,-2
65,2,-1,0.75,2,-0.5
48,2,-1,0.75,2,-1
37,2,-1,0.75,2,-1.5
28,2,-1,0.75,2,-2
41,2,-1,0.75,3,-0.5
43,2,-1,0.75,3,-1
34,2,-1,0.75,3,-1.5
63,2,-1,0.75,3,-2
67,2,-1,0.75,4,-0.5
43,2,-1,0.75,4,-1
70,2,-1,0.75,4,-1.5
33,2,-1,0.75,4,-2
86,2,-1,0.75,5,-0.5
86,2,-1,0.75,5,-1
45,2,-1,0.75,5,-1.5
51,2,-1,0.75,5,-2
96,2,-1,1.25,1,-0.5
86,2,-1,1.25,1,-1
62,2,-1,1.25,1,-1.5
81,2,-1,1.25,1,-2
75,2,-1,1.25,2,-0.5
64,2,-1,1.25,2,-1
73,2,-1,1.25,2,-1.5
57,2,-1,1.25,2,-2
90,2,-1,1.25,3,-0.5
61,2,-1,1.25,3,-1
83,2,-1,1.25,3,-1.5
71,2,-1,1.25,3,-2
69,2,-1,1.25,4,-0.5
66,2,-1,1.25,4,-1
50,2,-1,1.25,4,-1.5
80,2,-1,1.25,4,-2
71,2,-1,1.25,5,-0.5
59,2,-1,1.25,5,-1
58,2,-1,1.25,5,-1.5
83,2,-1,1.25,5,-2
130,2,-1,1.75,1,-0.5
83,2,-1,1.75,1,-1
94,2,-1,1.75,1,-1.5
92,2,-1,1.75,1,-2
114,2,-1,1.75,2,-0.5
75,2,-1,1.75,2,-1
108,2,-1,1.75,2,-1.5
116,2,-1,1.75,2,-2
126,2,-1,1.75,3,-0.5
121,2,-1,1.75,3,-1
95,2,-1,1.75,3,-1.5
107,2,-1,1.75,3,-2
105,2,-1,1.75,4,-0.5
78,2,-1,1.75,4,-1
96,2,-1,1.75,4,-1.5
114,2,-1,1.75,4,-2
124,2,-1,1.75,5,-0.5
112,2,-1,1.75,5,-1
107,2,-1,1.75,5,-1.5
94,2,-1,1.75,5,-2
416,2,-2,0.25,1,-0.5
91,2,-2,0.25,1,-1
56,2,-2,0.25,1,-1.5
78,2,-2,0.25,1,-2
416,2,-2,0.25,2,-0.5
291,2,-2,0.25,2,-1
84,2,-2,0.25,2,-1.5
22,2,-2,0.25,2,-2
390,2,-2,0.25,3,-0.5
83,2,-2,0.25,3,-1
434,2,-2,0.25,3,-1.5
53,2,-2,0.25,3,-2
244,2,-2,0.25,4,-0.5
531,2,-2,0.25,4,-1
95,2,-2,0.25,4,-1.5
80,2,-2,0.25,4,-2
393,2,-2,0.25,5,-0.5
151,2,-2,0.25,5,-1
279,2,-2,0.25,5,-1.5
131,2,-2,0.25,5,-2
33,2,-2,0.75,1,-0.5
56,2,-2,0.75,1,-1
45,2,-2,0.75,1,-1.5
41,2,-2,0.75,1,-2
33,2,-2,0.75,2,-0.5
29,2,-2,0.75,2,-1
50,2,-2,0.75,2,-1.5
49,2,-2,0.75,2,-2
24,2,-2,0.75,3,-0.5
53,2,-2,0.75,3,-1
44,2,-2,0.75,3,-1.5
54,2,-2,0.75,3,-2
73,2,-2,0.75,4,-0.5
18,2,-2,0.75,4,-1
35,2,-2,0.75,4,-1.5
19,2,-2,0.75,4,-2
128,2,-2,0.75,5,-0.5
38,2,-2,0.75,5,-1
37,2,-2,0.75,5,-1.5
77,2,-2,0.75,5,-2
66,2,-2,1.25,1,-0.5
50,2,-2,1.25,1,-1
64,2,-2,1.25,1,-1.5
43,2,-2,1.25,1,-2
48,2,-2,1.25,2,-0.5
55,2,-2,1.25,2,-1
50,2,-2,1.25,2,-1.5
55,2,-2,1.25,2,-2
70,2,-2,1.25,3,-0.5
40,2,-2,1.25,3,-1
66,2,-2,1.25,3,-1.5
29,2,-2,1.25,3,-2
42,2,-2,1.25,4,-0.5
32,2,-2,1.25,4,-1
58,2,-2,1.25,4,-1.5
41,2,-2,1.25,4,-2
49,2,-2,1.25,5,-0.5
75,2,-2,1.25,5,-1
31,2,-2,1.25,5,-1.5
36,2,-2,1.25,5,-2
107,2,-2,1.75,1,-0.5
82,2,-2,1.75,1,-1
76,2,-2,1.75,1,-1.5
72,2,-2,1.75,1,-2
97,2,-2,1.75,2,-0.5
81,2,-2,1.75,2,-1
57,2,-2,1.75,2,-1.5
34,2,-2,1.75,2,-2
110,2,-2,1.75,3,-0.5
63,2,-2,1.75,3,-1
85,2,-2,1.75,3,-1.5
67,2,-2,1.75,3,-2
82,2,-2,1.75,4,-0.5
55,2,-2,1.75,4,-1
48,2,-2,1.75,4,-1.5
58,2,-2,1.75,4,-2
84,2,-2,1.75,5,-0.5
65,2,-2,1.75,5,-1
91,2,-2,1.75,5,-1.5
42,2,-2,1.75,5,-2
218,2,-3,0.25,1,-0.5
250,2,-3,0.25,1,-1
138,2,-3,0.25,1,-1.5
97,2,-3,0.25,1,-2
206,2,-3,0.25,2,-0.5
177,2,-3,0.25,2,-1
130,2,-3,0.25,2,-1.5
232,2,-3,0.25,2,-2
460,2,-3,0.25,3,-0.5
97,2,-3,0.25,3,-1
97,2,-3,0.25,3,-1.5
33,2,-3,0.25,3,-2
428,2,-3,0.25,4,-0.5
333,2,-3,0.25,4,-1
134,2,-3,0.25,4,-1.5
338,2,-3,0.25,4,-2
104,2,-3,0.25,5,-0.5
333,2,-3,0.25,5,-1
139,2,-3,0.25,5,-1.5
61,2,-3,0.25,5,-2
24,2,-3,0.75,1,-0.5
39,2,-3,0.75,1,-1
44,2,-3,0.75,1,-1.5
73,2,-3,0.75,1,-2
39,2,-3,0.75,2,-0.5
36,2,-3,0.75,2,-1
136,2,-3,0.75,2,-1.5
17,2,-3,0.75,2,-2
102,2,-3,0.75,3,-0.5
101,2,-3,0.75,3,-1
28,2,-3,0.75,3,-1.5
33,2,-3,0.75,3,-2
129,2,-3,0.75,4,-0.5
367,2,-3,0.75,4,-1
70,2,-3,0.75,4,-1.5
31,2,-3,0.75,4,-2
57,2,-3,0.75,5,-0.5
177,2,-3,0.75,5,-1
23,2,-3,0.75,5,-1.5
78,2,-3,0.75,5,-2
61,2,-3,1.25,1,-0.5
39,2,-3,1.25,1,-1
47,2,-3,1.25,1,-1.5
39,2,-3,1.25,1,-2
29,2,-3,1.25,2,-0.5
24,2,-3,1.25,2,-1
40,2,-3,1.25,2,-1.5
20,2,-3,1.25,2,-2
17,2,-3,1.25,3,-0.5
48,2,-3,1.25,3,-1
63,2,-3,1.25,3,-1.5
31,2,-3,1.25,3,-2
32,2,-3,1.25,4,-0.5
35,2,-3,1.25,4,-1
43,2,-3,1.25,4,-1.5
43,2,-3,1.25,4,-2
38,2,-3,1.25,5,-0.5
30,2,-3,1.25,5,-1
59,2,-3,1.25,5,-1.5
33,2,-3,1.25,5,-2
83,2,-3,1.75,1,-0.5
65,2,-3,1.75,1,-1
54,2,-3,1.75,1,-1.5
52,2,-3,1.75,1,-2
84,2,-3,1.75,2,-0.5
27,2,-3,1.75,2,-1
59,2,-3,1.75,2,-1.5
46,2,-3,1.75,2,-2
45,2,-3,1.75,3,-0.5
46,2,-3,1.75,3,-1
37,2,-3,1.75,3,-1.5
48,2,-3,1.75,3,-2
68,2,-3,1.75,4,-0.5
42,2,-3,1.75,4,-1
29,2,-3,1.75,4,-1.5
41,2,-3,1.75,4,-2
63,2,-3,1.75,5,-0.5
53,2,-3,1.75,5,-1
54,2,-3,1.75,5,-1.5
55,2,-3,1.75,5,-2
202,2,-4,0.25,1,-0.5
164,2,-4,0.25,1,-1
475,2,-4,0.25,1,-1.5
106,2,-4,0.25,1,-2
182,2,-4,0.25,2,-0.5
272,2,-4,0.25,2,-1
463,2,-4,0.25,2,-1.5
247,2,-4,0.25,2,-2
410,2,-4,0.25,3,-0.5
142,2,-4,0.25,3,-1
181,2,-4,0.25,3,-1.5
331,2,-4,0.25,3,-2
349,2,-4,0.25,4,-0.5
441,2,-4,0.25,4,-1
456,2,-4,0.25,4,-1.5
55,2,-4,0.25,4,-2
304,2,-4,0.25,5,-0.5
231,2,-4,0.25,5,-1
181,2,-4,0.25,5,-1.5
259,2,-4,0.25,5,-2
116,2,-4,0.75,1,-0.5
180,2,-4,0.75,1,-1
515,2,-4,0.75,1,-1.5
33,2,-4,0.75,1,-2
52,2,-4,0.75,2,-0.5
145,2,-4,0.75,2,-1
75,2,-4,0.75,2,-1.5
55,2,-4,0.75,2,-2
45,2,-4,0.75,3,-0.5
129,2,-4,0.75,3,-1
54,2,-4,0.75,3,-1.5
23,2,-4,0.75,3,-2
444,2,-4,0.75,4,-0.5
176,2,-4,0.75,4,-1
21,2,-4,0.75,4,-1.5
57,2,-4,0.75,4,-2
314,2,-4,0.75,5,-0.5
194,2,-4,0.75,5,-1
39,2,-4,0.75,5,-1.5
37,2,-4,0.75,5,-2
57,2,-4,1.25,1,-0.5
30,2,-4,1.25,1,-1
66,2,-4,1.25,1,-1.5
27,2,-4,1.25,1,-2
148,2,-4,1.25,2,-0.5
33,2,-4,1.25,2,-1
28,2,-4,1.25,2,-1.5
37,2,-4,1.25,2,-2
39,2,-4,1.25,3,-0.5
64,2,-4,1.25,3,-1
151,2,-4,1.25,3,-1.5
52,2,-4,1.25,3,-2
87,2,-4,1.25,4,-0.5
104,2,-4,1.25,4,-1
58,2,-4,1.25,4,-1.5
33,2,-4,1.25,4,-2
41,2,-4,1.25,5,-0.5
33,2,-4,1.25,5,-1
25,2,-4,1.25,5,-1.5
23,2,-4,1.25,5,-2
63,2,-4,1.75,1,-0.5
40,2,-4,1.75,1,-1
47,2,-4,1.75,1,-1.5
46,2,-4,1.75,1,-2
415,2,-4,1.75,2,-0.5
60,2,-4,1.75,2,-1
47,2,-4,1.75,2,-1.5
46,2,-4,1.75,2,-2
51,2,-4,1.75,3,-0.5
48,2,-4,1.75,3,-1
47,2,-4,1.75,3,-1.5
39,2,-4,1.75,3,-2
62,2,-4,1.75,4,-0.5
52,2,-4,1.75,4,-1
29,2,-4,1.75,4,-1.5
30,2,-4,1.75,4,-2
54,2,-4,1.75,5,-0.5
19,2,-4,1.75,5,-1
58,2,-4,1.75,5,-1.5
36,2,-4,1.75,5,-2
259,2,-5,0.25,1,-0.5
328,2,-5,0.25,1,-1
171,2,-5,0.25,1,-1.5
394,2,-5,0.25,1,-2
364,2,-5,0.25,2,-0.5
207,2,-5,0.25,2,-1
303,2,-5,0.25,2,-1.5
217,2,-5,0.25,2,-2
412,2,-5,0.25,3,-0.5
410,2,-5,0.25,3,-1
516,2,-5,0.25,3,-1.5
112,2,-5,0.25,3,-2
412,2,-5,0.25,4,-0.5
400,2,-5,0.25,4,-1
258,2,-5,0.25,4,-1.5
238,2,-5,0.25,4,-2
236,2,-5,0.25,5,-0.5
239,2,-5,0.25,5,-1
157,2,-5,0.25,5,-1.5
233,2,-5,0.25,5,-2
307,2,-5,0.75,1,-0.5
257,2,-5,0.75,1,-1
111,2,-5,0.75,1,-1.5
188,2,-5,0.75,1,-2
234,2,-5,0.75,2,-0.5
119,2,-5,0.75,2,-1
106,2,-5,0.75,2,-1.5
171,2,-5,0.75,2,-2
63,2,-5,0.75,3,-0.5
400,2,-5,0.75,3,-1
207,2,-5,0.75,3,-1.5
230,2,-5,0.75,3,-2
423,2,-5,0.75,4,-0.5
101,2,-5,0.75,4,-1
287,2,-5,0.75,4,-1.5
125,2,-5,0.75,4,-2
533,2,-5,0.75,5,-0.5
239,2,-5,0.75,5,-1
166,2,-5,0.75,5,-1.5
78,2,-5,0.75,5,-2
47,2,-5,1.25,1,-0.5
143,2,-5,1.25,1,-1
33,2,-5,1.25,1,-1.5
507,2,-5,1.25,1,-2
266,2,-5,1.25,2,-0.5
347,2,-5,1.25,2,-1
56,2,-5,1.25,2,-1.5
49,2,-5,1.25,2,-2
372,2,-5,1.25,3,-0.5
73,2,-5,1.25,3,-1
27,2,-5,1.25,3,-1.5
107,2,-5,1.25,3,-2
100,2,-5,1.25,4,-0.5
77,2,-5,1.25,4,-1
51,2,-5,1.25,4,-1.5
32,2,-5,1.25,4,-2
37,2,-5,1.25,5,-0.5
78,2,-5,1.25,5,-1
179,2,-5,1.25,5,-1.5
30,2,-5,1.25,5,-2
272,2,-5,1.75,1,-0.5
72,2,-5,1.75,1,-1
34,2,-5,1.75,1,-1.5
28,2,-5,1.75,1,-2
43,2,-5,1.75,2,-0.5
33,2,-5,1.75,2,-1
27,2,-5,1.75,2,-1.5
32,2,-5,1.75,2,-2
48,2,-5,1.75,3,-0.5
82,2,-5,1.75,3,-1
75,2,-5,1.75,3,-1.5
27,2,-5,1.75,3,-2
317,2,-5,1.75,4,-0.5
179,2,-5,1.75,4,-1
49,2,-5,1.75,4,-1.5
46,2,-5,1.75,4,-2
41,2,-5,1.75,5,-0.5
35,2,-5,1.75,5,-1
22,2,-5,1.75,5,-1.5
46,2,-5,1.75,5,-2
196,3,-1,0.25,1,-0.5
192,3,-1,0.25,1,-1
88,3,-1,0.25,1,-1.5
39,3,-1,0.25,1,-2
186,3,-1,0.25,2,-0.5
238,3,-1,0.25,2,-1
41,3,-1,0.25,2,-1.5
106,3,-1,0.25,2,-2
173,3,-1,0.25,3,-0.5
174,3,-1,0.25,3,-1
95,3,-1,0.25,3,-1.5
60,3,-1,0.25,3,-2
183,3,-1,0.25,4,-0.5
141,3,-1,0.25,4,-1
91,3,-1,0.25,4,-1.5
64,3,-1,0.25,4,-2
115,3,-1,0.25,5,-0.5
109,3,-1,0.25,5,-1
137,3,-1,0.25,5,-1.5
64,3,-1,0.25,5,-2
97,3,-1,0.75,1,-0.5
77,3,-1,0.75,1,-1
54,3,-1,0.75,1,-1.5
46,3,-1,0.75,1,-2
61,3,-1,0.75,2,-0.5
54,3,-1,0.75,2,-1
25,3,-1,0.75,2,-1.5
70,3,-1,0.75,2,-2
71,3,-1,0.75,3,-0.5
62,3,-1,0.75,3,-1
64,3,-1,0.75,3,-1.5
60,3,-1,0.75,3,-2
59,3,-1,0.75,4,-0.5
63,3,-1,0.75,4,-1
37,3,-1,0.75,4,-1.5
81,3,-1,0.75,4,-2
80,3,-1,0.75,5,-0.5
57,3,-1,0.75,5,-1
31,3,-1,0.75,5,-1.5
58,3,-1,0.75,5,-2
115,3,-1,1.25,1,-0.5
54,3,-1,1.25,1,-1
32,3,-1,1.25,1,-1.5
54,3,-1,1.25,1,-2
91,3,-1,1.25,2,-0.5
67,3,-1,1.25,2,-1
62,3,-1,1.25,2,-1.5
41,3,-1,1.25,2,-2
80,3,-1,1.25,3,-0.5
76,3,-1,1.25,3,-1
58,3,-1,1.25,3,-1.5
60,3,-1,1.25,3,-2
74,3,-1,1.25,4,-0.5
75,3,-1,1.25,4,-1
43,3,-1,1.25,4,-1.5
58,3,-1,1.25,4,-2
62,3,-1,1.25,5,-0.5
63,3,-1,1.25,5,-1
54,3,-1,1.25,5,-1.5
44,3,-1,1.25,5,-2
126,3,-1,1.75,1,-0.5
95,3,-1,1.75,1,-1
99,3,-1,1.75,1,-1.5
82,3,-1,1.75,1,-2
120,3,-1,1.75,2,-0.5
101,3,-1,1.75,2,-1
61,3,-1,1.75,2,-1.5
95,3,-1,1.75,2,-2
98,3,-1,1.75,3,-0.5
80,3,-1,1.75,3,-1
85,3,-1,1.75,3,-1.5
62,3,-1,1.75,3,-2
109,3,-1,1.75,4,-0.5
79,3,-1,1.75,4,-1
75,3,-1,1.75,4,-1.5
57,3,-1,1.75,4,-2
117,3,-1,1.75,5,-0.5
89,3,-1,1.75,5,-1
76,3,-1,1.75,5,-1.5
45,3,-1,1.75,5,-2
269,3,-2,0.25,1,-0.5
180,3,-2,0.25,1,-1
127,3,-2,0.25,1,-1.5
190,3,-2,0.25,1,-2
275,3,-2,0.25,2,-0.5
233,3,-2,0.25,2,-1
126,3,-2,0.25,2,-1.5
126,3,-2,0.25,2,-2
500,3,-2,0.25,3,-0.5
170,3,-2,0.25,3,-1
231,3,-2,0.25,3,-1.5
87,3,-2,0.25,3,-2
165,3,-2,0.25,4,-0.5
164,3,-2,0.25,4,-1
365,3,-2,0.25,4,-1.5
438,3,-2,0.25,4,-2
308,3,-2,0.25,5,-0.5
104,3,-2,0.25,5,-1
156,3,-2,0.25,5,-1.5
131,3,-2,0.25,5,-2
105,3,-2,0.75,1,-0.5
67,3,-2,0.75,1,-1
44,3,-2,0.75,1,-1.5
60,3,-2,0.75,1,-2
31,3,-2,0.75,2,-0.5
51,3,-2,0.75,2,-1
46,3,-2,0.75,2,-1.5
32,3,-2,0.75,2,-2
257,3,-2,0.75,3,-0.5
43,3,-2,0.75,3,-1
68,3,-2,0.75,3,-1.5
35,3,-2,0.75,3,-2
72,3,-2,0.75,4,-0.5
46,3,-2,0.75,4,-1
301,3,-2,0.75,4,-1.5
63,3,-2,0.75,4,-2
258,3,-2,0.75,5,-0.5
100,3,-2,0.75,5,-1
68,3,-2,0.75,5,-1.5
74,3,-2,0.75,5,-2
80,3,-2,1.25,1,-0.5
43,3,-2,1.25,1,-1
43,3,-2,1.25,1,-1.5
18,3,-2,1.25,1,-2
57,3,-2,1.25,2,-0.5
47,3,-2,1.25,2,-1
26,3,-2,1.25,2,-1.5
52,3,-2,1.25,2,-2
55,3,-2,1.25,3,-0.5
42,3,-2,1.25,3,-1
24,3,-2,1.25,3,-1.5
46,3,-2,1.25,3,-2
94,3,-2,1.25,4,-0.5
49,3,-2,1.25,4,-1
41,3,-2,1.25,4,-1.5
38,3,-2,1.25,4,-2
50,3,-2,1.25,5,-0.5
29,3,-2,1.25,5,-1
43,3,-2,1.25,5,-1.5
36,3,-2,1.25,5,-2
102,3,-2,1.75,1,-0.5
71,3,-2,1.75,1,-1
45,3,-2,1.75,1,-1.5
65,3,-2,1.75,1,-2
67,3,-2,1.75,2,-0.5
52,3,-2,1.75,2,-1
75,3,-2,1.75,2,-1.5
32,3,-2,1.75,2,-2
72,3,-2,1.75,3,-0.5
60,3,-2,1.75,3,-1
38,3,-2,1.75,3,-1.5
43,3,-2,1.75,3,-2
96,3,-2,1.75,4,-0.5
64,3,-2,1.75,4,-1
50,3,-2,1.75,4,-1.5
59,3,-2,1.75,4,-2
62,3,-2,1.75,5,-0.5
69,3,-2,1.75,5,-1
49,3,-2,1.75,5,-1.5
44,3,-2,1.75,5,-2
477,3,-3,0.25,1,-0.5
241,3,-3,0.25,1,-1
321,3,-3,0.25,1,-1.5
212,3,-3,0.25,1,-2
213,3,-3,0.25,2,-0.5
267,3,-3,0.25,2,-1
104,3,-3,0.25,2,-1.5
120,3,-3,0.25,2,-2
182,3,-3,0.25,3,-0.5
326,3,-3,0.25,3,-1
76,3,-3,0.25,3,-1.5
181,3,-3,0.25,3,-2
369,3,-3,0.25,4,-0.5
354,3,-3,0.25,4,-1
83,3,-3,0.25,4,-1.5
147,3,-3,0.25,4,-2
271,3,-3,0.25,5,-0.5
227,3,-3,0.25,5,-1
226,3,-3,0.25,5,-1.5
111,3,-3,0.25,5,-2
264,3,-3,0.75,1,-0.5
240,3,-3,0.75,1,-1
156,3,-3,0.75,1,-1.5
23,3,-3,0.75,1,-2
86,3,-3,0.75,2,-0.5
113,3,-3,0.75,2,-1
128,3,-3,0.75,2,-1.5
109,3,-3,0.75,2,-2
40,3,-3,0.75,3,-0.5
43,3,-3,0.75,3,-1
68,3,-3,0.75,3,-1.5
58,3,-3,0.75,3,-2
48,3,-3,0.75,4,-0.5
30,3,-3,0.75,4,-1
169,3,-3,0.75,4,-1.5
57,3,-3,0.75,4,-2
87,3,-3,0.75,5,-0.5
248,3,-3,0.75,5,-1
52,3,-3,0.75,5,-1.5
24,3,-3,0.75,5,-2
61,3,-3,1.25,1,-0.5
304,3,-3,1.25,1,-1
55,3,-3,1.25,1,-1.5
54,3,-3,1.25,1,-2
59,3,-3,1.25,2,-0.5
68,3,-3,1.25,2,-1
69,3,-3,1.25,2,-1.5
33,3,-3,1.25,2,-2
48,3,-3,1.25,3,-0.5
32,3,-3,1.25,3,-1
59,3,-3,1.25,3,-1.5
17,3,-3,1.25,3,-2
35,3,-3,1.25,4,-0.5
44,3,-3,1.25,4,-1
38,3,-3,1.25,4,-1.5
29,3,-3,1.25,4,-2
29,3,-3,1.25,5,-0.5
55,3,-3,1.25,5,-1
33,3,-3,1.25,5,-1.5
23,3,-3,1.25,5,-2
65,3,-3,1.75,1,-0.5
83,3,-3,1.75,1,-1
41,3,-3,1.75,1,-1.5
49,3,-3,1.75,1,-2
72,3,-3,1.75,2,-0.5
51,3,-3,1.75,2,-1
34,3,-3,1.75,2,-1.5
28,3,-3,1.75,2,-2
45,3,-3,1.75,3,-0.5
31,3,-3,1.75,3,-1
41,3,-3,1.75,3,-1.5
58,3,-3,1.75,3,-2
79,3,-3,1.75,4,-0.5
55,3,-3,1.75,4,-1
25,3,-3,1.75,4,-1.5
59,3,-3,1.75,4,-2
54,3,-3,1.75,5,-0.5
62,3,-3,1.75,5,-1
42,3,-3,1.75,5,-1.5
67,3,-3,1.75,5,-2
489,3,-4,0.25,1,-0.5
219,3,-4,0.25,1,-1
329,3,-4,0.25,1,-1.5
145,3,-4,0.25,1,-2
283,3,-4,0.25,2,-0.5
173,3,-4,0.25,2,-1
352,3,-4,0.25,2,-1.5
207,3,-4,0.25,2,-2
402,3,-4,0.25,3,-0.5
223,3,-4,0.25,3,-1
160,3,-4,0.25,3,-1.5
222,3,-4,0.25,3,-2
347,3,-4,0.25,4,-0.5
223,3,-4,0.25,4,-1
134,3,-4,0.25,4,-1.5
184,3,-4,0.25,4,-2
366,3,-4,0.25,5,-0.5
213,3,-4,0.25,5,-1
276,3,-4,0.25,5,-1.5
490,3,-4,0.25,5,-2
146,3,-4,0.75,1,-0.5
175,3,-4,0.75,1,-1
46,3,-4,0.75,1,-1.5
112,3,-4,0.75,1,-2
118,3,-4,0.75,2,-0.5
407,3,-4,0.75,2,-1
78,3,-4,0.75,2,-1.5
438,3,-4,0.75,2,-2
388,3,-4,0.75,3,-0.5
46,3,-4,0.75,3,-1
422,3,-4,0.75,3,-1.5
100,3,-4,0.75,3,-2
54,3,-4,0.75,4,-0.5
49,3,-4,0.75,4,-1
113,3,-4,0.75,4,-1.5
41,3,-4,0.75,4,-2
341,3,-4,0.75,5,-0.5
426,3,-4,0.75,5,-1
93,3,-4,0.75,5,-1.5
186,3,-4,0.75,5,-2
37,3,-4,1.25,1,-0.5
89,3,-4,1.25,1,-1
61,3,-4,1.25,1,-1.5
43,3,-4,1.25,1,-2
205,3,-4,1.25,2,-0.5
55,3,-4,1.25,2,-1
42,3,-4,1.25,2,-1.5
73,3,-4,1.25,2,-2
216,3,-4,1.25,3,-0.5
207,3,-4,1.25,3,-1
196,3,-4,1.25,3,-1.5
56,3,-4,1.25,3,-2
186,3,-4,1.25,4,-0.5
69,3,-4,1.25,4,-1
36,3,-4,1.25,4,-1.5
108,3,-4,1.25,4,-2
140,3,-4,1.25,5,-0.5
270,3,-4,1.25,5,-1
40,3,-4,1.25,5,-1.5
71,3,-4,1.25,5,-2
67,3,-4,1.75,1,-0.5
90,3,-4,1.75,1,-1
18,3,-4,1.75,1,-1.5
96,3,-4,1.75,1,-2
50,3,-4,1.75,2,-0.5
52,3,-4,1.75,2,-1
37,3,-4,1.75,2,-1.5
60,3,-4,1.75,2,-2
48,3,-4,1.75,3,-0.5
18,3,-4,1.75,3,-1
59,3,-4,1.75,3,-1.5
46,3,-4,1.75,3,-2
43,3,-4,1.75,4,-0.5
58,3,-4,1.75,4,-1
22,3,-4,1.75,4,-1.5
48,3,-4,1.75,4,-2
71,3,-4,1.75,5,-0.5
24,3,-4,1.75,5,-1
37,3,-4,1.75,5,-1.5
43,3,-4,1.75,5,-2
559,3,-5,0.25,1,-0.5
496,3,-5,0.25,1,-1
280,3,-5,0.25,1,-1.5
159,3,-5,0.25,1,-2
517,3,-5,0.25,2,-0.5
496,3,-5,0.25,2,-1
270,3,-5,0.25,2,-1.5
185,3,-5,0.25,2,-2
408,3,-5,0.25,3,-0.5
496,3,-5,0.25,3,-1
303,3,-5,0.25,3,-1.5
138,3,-5,0.25,3,-2
128,3,-5,0.25,4,-0.5
496,3,-5,0.25,4,-1
218,3,-5,0.25,4,-1.5
107,3,-5,0.25,4,-2
452,3,-5,0.25,5,-0.5
496,3,-5,0.25,5,-1
294,3,-5,0.25,5,-1.5
340,3,-5,0.25,5,-2
432,3,-5,0.75,1,-0.5
110,3,-5,0.75,1,-1
390,3,-5,0.75,1,-1.5
338,3,-5,0.75,1,-2
449,3,-5,0.75,2,-0.5
104,3,-5,0.75,2,-1
94,3,-5,0.75,2,-1.5
159,3,-5,0.75,2,-2
515,3,-5,0.75,3,-0.5
237,3,-5,0.75,3,-1
294,3,-5,0.75,3,-1.5
41,3,-5,0.75,3,-2
445,3,-5,0.75,4,-0.5
298,3,-5,0.75,4,-1
284,3,-5,0.75,4,-1.5
46,3,-5,0.75,4,-2
421,3,-5,0.75,5,-0.5
62,3,-5,0.75,5,-1
202,3,-5,0.75,5,-1.5
23,3,-5,0.75,5,-2
47,3,-5,1.25,1,-0.5
132,3,-5,1.25,1,-1
200,3,-5,1.25,1,-1.5
51,3,-5,1.25,1,-2
66,3,-5,1.25,2,-0.5
38,3,-5,1.25,2,-1
23,3,-5,1.25,2,-1.5
74,3,-5,1.25,2,-2
81,3,-5,1.25,3,-0.5
163,3,-5,1.25,3,-1
43,3,-5,1.25,3,-1.5
49,3,-5,1.25,3,-2
105,3,-5,1.25,4,-0.5
137,3,-5,1.25,4,-1
163,3,-5,1.25,4,-1.5
40,3,-5,1.25,4,-2
477,3,-5,1.25,5,-0.5
26,3,-5,1.25,5,-1
198,3,-5,1.25,5,-1.5
54,3,-5,1.25,5,-2
67,3,-5,1.75,1,-0.5
64,3,-5,1.75,1,-1
70,3,-5,1.75,1,-1.5
63,3,-5,1.75,1,-2
62,3,-5,1.75,2,-0.5
43,3,-5,1.75,2,-1
39,3,-5,1.75,2,-1.5
57,3,-5,1.75,2,-2
40,3,-5,1.75,3,-0.5
23,3,-5,1.75,3,-1
33,3,-5,1.75,3,-1.5
86,3,-5,1.75,3,-2
44,3,-5,1.75,4,-0.5
28,3,-5,1.75,4,-1
50,3,-5,1.75,4,-1.5
36,3,-5,1.75,4,-2
314,3,-5,1.75,5,-0.5
132,3,-5,1.75,5,-1
70,3,-5,1.75,5,-1.5
42,3,-5,1.75,5,-2
278,4,-1,0.25,1,-0.5
134,4,-1,0.25,1,-1
401,4,-1,0.25,1,-1.5
79,4,-1,0.25,1,-2
403,4,-1,0.25,2,-0.5
143,4,-1,0.25,2,-1
80,4,-1,0.25,2,-1.5
138,4,-1,0.25,2,-2
378,4,-1,0.25,3,-0.5
503,4,-1,0.25,3,-1
128,4,-1,0.25,3,-1.5
117,4,-1,0.25,3,-2
158,4,-1,0.25,4,-0.5
320,4,-1,0.25,4,-1
148,4,-1,0.25,4,-1.5
94,4,-1,0.25,4,-2
112,4,-1,0.25,5,-0.5
147,4,-1,0.25,5,-1
155,4,-1,0.25,5,-1.5
73,4,-1,0.25,5,-2
113,4,-1,0.75,1,-0.5
92,4,-1,0.75,1,-1
62,4,-1,0.75,1,-1.5
58,4,-1,0.75,1,-2
95,4,-1,0.75,2,-0.5
90,4,-1,0.75,2,-1
78,4,-1,0.75,2,-1.5
46,4,-1,0.75,2,-2
95,4,-1,0.75,3,-0.5
63,4,-1,0.75,3,-1
109,4,-1,0.75,3,-1.5
63,4,-1,0.75,3,-2
103,4,-1,0.75,4,-0.5
65,4,-1,0.75,4,-1
62,4,-1,0.75,4,-1.5
73,4,-1,0.75,4,-2
106,4,-1,0.75,5,-0.5
87,4,-1,0.75,5,-1
96,4,-1,0.75,5,-1.5
64,4,-1,0.75,5,-2
90,4,-1,1.25,1,-0.5
84,4,-1,1.25,1,-1
76,4,-1,1.25,1,-1.5
83,4,-1,1.25,1,-2
81,4,-1,1.25,2,-0.5
92,4,-1,1.25,2,-1
62,4,-1,1.25,2,-1.5
78,4,-1,1.25,2,-2
85,4,-1,1.25,3,-0.5
78,4,-1,1.25,3,-1
51,4,-1,1.25,3,-1.5
59,4,-1,1.25,3,-2
100,4,-1,1.25,4,-0.5
98,4,-1,1.25,4,-1
65,4,-1,1.25,4,-1.5
63,4,-1,1.25,4,-2
95,4,-1,1.25,5,-0.5
65,4,-1,1.25,5,-1
71,4,-1,1.25,5,-1.5
48,4,-1,1.25,5,-2
156,4,-1,1.75,1,-0.5
113,4,-1,1.75,1,-1
83,4,-1,1.75,1,-1.5
77,4,-1,1.75,1,-2
120,4,-1,1.75,2,-0.5
114,4,-1,1.75,2,-1
90,4,-1,1.75,2,-1.5
73,4,-1,1.75,2,-2
113,4,-1,1.75,3,-0.5
109,4,-1,1.75,3,-1
71,4,-1,1.75,3,-1.5
106,4,-1,1.75,3,-2
59,4,-1,1.75,4,-0.5
103,4,-1,1.75,4,-1
59,4,-1,1.75,4,-1.5
54,4,-1,1.75,4,-2
115,4,-1,1.75,5,-0.5
43,4,-1,1.75,5,-1
65,4,-1,1.75,5,-1.5
99,4,-1,1.75,5,-2
330,4,-2,0.25,1,-0.5
222,4,-2,0.25,1,-1
202,4,-2,0.25,1,-1.5
155,4,-2,0.25,1,-2
311,4,-2,0.25,2,-0.5
159,4,-2,0.25,2,-1
73,4,-2,0.25,2,-1.5
298,4,-2,0.25,2,-2
341,4,-2,0.25,3,-0.5
159,4,-2,0.25,3,-1
328,4,-2,0.25,3,-1.5
82,4,-2,0.25,3,-2
240,4,-2,0.25,4,-0.5
374,4,-2,0.25,4,-1
50,4,-2,0.25,4,-1.5
42,4,-2,0.25,4,-2
229,4,-2,0.25,5,-0.5
83,4,-2,0.25,5,-1
101,4,-2,0.25,5,-1.5
51,4,-2,0.25,5,-2
98,4,-2,0.75,1,-0.5
60,4,-2,0.75,1,-1
87,4,-2,0.75,1,-1.5
69,4,-2,0.75,1,-2
84,4,-2,0.75,2,-0.5
52,4,-2,0.75,2,-1
75,4,-2,0.75,2,-1.5
77,4,-2,0.75,2,-2
87,4,-2,0.75,3,-0.5
65,4,-2,0.75,3,-1
82,4,-2,0.75,3,-1.5
91,4,-2,0.75,3,-2
73,4,-2,0.75,4,-0.5
132,4,-2,0.75,4,-1
68,4,-2,0.75,4,-1.5
71,4,-2,0.75,4,-2
109,4,-2,0.75,5,-0.5
257,4,-2,0.75,5,-1
52,4,-2,0.75,5,-1.5
80,4,-2,0.75,5,-2
86,4,-2,1.25,1,-0.5
41,4,-2,1.25,1,-1
51,4,-2,1.25,1,-1.5
55,4,-2,1.25,1,-2
65,4,-2,1.25,2,-0.5
59,4,-2,1.25,2,-1
49,4,-2,1.25,2,-1.5
41,4,-2,1.25,2,-2
68,4,-2,1.25,3,-0.5
48,4,-2,1.25,3,-1
68,4,-2,1.25,3,-1.5
78,4,-2,1.25,3,-2
65,4,-2,1.25,4,-0.5
67,4,-2,1.25,4,-1
48,4,-2,1.25,4,-1.5
34,4,-2,1.25,4,-2
65,4,-2,1.25,5,-0.5
60,4,-2,1.25,5,-1
40,4,-2,1.25,5,-1.5
54,4,-2,1.25,5,-2
81,4,-2,1.75,1,-0.5
62,4,-2,1.75,1,-1
69,4,-2,1.75,1,-1.5
59,4,-2,1.75,1,-2
87,4,-2,1.75,2,-0.5
41,4,-2,1.75,2,-1
46,4,-2,1.75,2,-1.5
38,4,-2,1.75,2,-2
92,4,-2,1.75,3,-0.5
68,4,-2,1.75,3,-1
21,4,-2,1.75,3,-1.5
69,4,-2,1.75,3,-2
61,4,-2,1.75,4,-0.5
50,4,-2,1.75,4,-1
41,4,-2,1.75,4,-1.5
38,4,-2,1.75,4,-2
69,4,-2,1.75,5,-0.5
40,4,-2,1.75,5,-1
70,4,-2,1.75,5,-1.5
45,4,-2,1.75,5,-2
539,4,-3,0.25,1,-0.5
387,4,-3,0.25,1,-1
279,4,-3,0.25,1,-1.5
187,4,-3,0.25,1,-2
277,4,-3,0.25,2,-0.5
231,4,-3,0.25,2,-1
139,4,-3,0.25,2,-1.5
123,4,-3,0.25,2,-2
245,4,-3,0.25,3,-0.5
386,4,-3,0.25,3,-1
113,4,-3,0.25,3,-1.5
324,4,-3,0.25,3,-2
474,4,-3,0.25,4,-0.5
386,4,-3,0.25,4,-1
171,4,-3,0.25,4,-1.5
146,4,-3,0.25,4,-2
474,4,-3,0.25,5,-0.5
230,4,-3,0.25,5,-1
217,4,-3,0.25,5,-1.5
106,4,-3,0.25,5,-2
135,4,-3,0.75,1,-0.5
98,4,-3,0.75,1,-1
68,4,-3,0.75,1,-1.5
119,4,-3,0.75,1,-2
106,4,-3,0.75,2,-0.5
179,4,-3,0.75,2,-1
281,4,-3,0.75,2,-1.5
98,4,-3,0.75,2,-2
140,4,-3,0.75,3,-0.5
92,4,-3,0.75,3,-1
185,4,-3,0.75,3,-1.5
25,4,-3,0.75,3,-2
184,4,-3,0.75,4,-0.5
141,4,-3,0.75,4,-1
203,4,-3,0.75,4,-1.5
483,4,-3,0.75,4,-2
76,4,-3,0.75,5,-0.5
161,4,-3,0.75,5,-1
71,4,-3,0.75,5,-1.5
143,4,-3,0.75,5,-2
78,4,-3,1.25,1,-0.5
78,4,-3,1.25,1,-1
88,4,-3,1.25,1,-1.5
38,4,-3,1.25,1,-2
91,4,-3,1.25,2,-0.5
20,4,-3,1.25,2,-1
158,4,-3,1.25,2,-1.5
45,4,-3,1.25,2,-2
80,4,-3,1.25,3,-0.5
34,4,-3,1.25,3,-1
48,4,-3,1.25,3,-1.5
113,4,-3,1.25,3,-2
77,4,-3,1.25,4,-0.5
20,4,-3,1.25,4,-1
28,4,-3,1.25,4,-1.5
112,4,-3,1.25,4,-2
372,4,-3,1.25,5,-0.5
42,4,-3,1.25,5,-1
76,4,-3,1.25,5,-1.5
58,4,-3,1.25,5,-2
82,4,-3,1.75,1,-0.5
62,4,-3,1.75,1,-1
30,4,-3,1.75,1,-1.5
58,4,-3,1.75,1,-2
48,4,-3,1.75,2,-0.5
46,4,-3,1.75,2,-1
68,4,-3,1.75,2,-1.5
33,4,-3,1.75,2,-2
49,4,-3,1.75,3,-0.5
41,4,-3,1.75,3,-1
21,4,-3,1.75,3,-1.5
32,4,-3,1.75,3,-2
37,4,-3,1.75,4,-0.5
57,4,-3,1.75,4,-1
50,4,-3,1.75,4,-1.5
54,4,-3,1.75,4,-2
80,4,-3,1.75,5,-0.5
32,4,-3,1.75,5,-1
16,4,-3,1.75,5,-1.5
37,4,-3,1.75,5,-2
523,4,-4,0.25,1,-0.5
360,4,-4,0.25,1,-1
487,4,-4,0.25,1,-1.5
507,4,-4,0.25,1,-2
427,4,-4,0.25,2,-0.5
343,4,-4,0.25,2,-1
487,4,-4,0.25,2,-1.5
212,4,-4,0.25,2,-2
466,4,-4,0.25,3,-0.5
221,4,-4,0.25,3,-1
191,4,-4,0.25,3,-1.5
224,4,-4,0.25,3,-2
268,4,-4,0.25,4,-0.5
260,4,-4,0.25,4,-1
299,4,-4,0.25,4,-1.5
171,4,-4,0.25,4,-2
277,4,-4,0.25,5,-0.5
196,4,-4,0.25,5,-1
170,4,-4,0.25,5,-1.5
97,4,-4,0.25,5,-2
277,4,-4,0.75,1,-0.5
368,4,-4,0.75,1,-1
161,4,-4,0.75,1,-1.5
112,4,-4,0.75,1,-2
210,4,-4,0.75,2,-0.5
89,4,-4,0.75,2,-1
80,4,-4,0.75,2,-1.5
35,4,-4,0.75,2,-2
337,4,-4,0.75,3,-0.5
167,4,-4,0.75,3,-1
111,4,-4,0.75,3,-1.5
113,4,-4,0.75,3,-2
252,4,-4,0.75,4,-0.5
260,4,-4,0.75,4,-1
77,4,-4,0.75,4,-1.5
166,4,-4,0.75,4,-2
104,4,-4,0.75,5,-0.5
55,4,-4,0.75,5,-1
192,4,-4,0.75,5,-1.5
83,4,-4,0.75,5,-2
47,4,-4,1.25,1,-0.5
30,4,-4,1.25,1,-1
57,4,-4,1.25,1,-1.5
52,4,-4,1.25,1,-2
43,4,-4,1.25,2,-0.5
81,4,-4,1.25,2,-1
169,4,-4,1.25,2,-1.5
22,4,-4,1.25,2,-2
65,4,-4,1.25,3,-0.5
119,4,-4,1.25,3,-1
52,4,-4,1.25,3,-1.5
68,4,-4,1.25,3,-2
43,4,-4,1.25,4,-0.5
98,4,-4,1.25,4,-1
509,4,-4,1.25,4,-1.5
205,4,-4,1.25,4,-2
72,4,-4,1.25,5,-0.5
107,4,-4,1.25,5,-1
58,4,-4,1.25,5,-1.5
21,4,-4,1.25,5,-2
71,4,-4,1.75,1,-0.5
51,4,-4,1.75,1,-1
124,4,-4,1.75,1,-1.5
43,4,-4,1.75,1,-2
88,4,-4,1.75,2,-0.5
177,4,-4,1.75,2,-1
69,4,-4,1.75,2,-1.5
76,4,-4,1.75,2,-2
287,4,-4,1.75,3,-0.5
82,4,-4,1.75,3,-1
26,4,-4,1.75,3,-1.5
44,4,-4,1.75,3,-2
56,4,-4,1.75,4,-0.5
78,4,-4,1.75,4,-1
41,4,-4,1.75,4,-1.5
59,4,-4,1.75,4,-2
57,4,-4,1.75,5,-0.5
28,4,-4,1.75,5,-1
23,4,-4,1.75,5,-1.5
53,4,-4,1.75,5,-2
450,4,-5,0.25,1,-0.5
438,4,-5,0.25,1,-1
165,4,-5,0.25,1,-1.5
397,4,-5,0.25,1,-2
481,4,-5,0.25,2,-0.5
438,4,-5,0.25,2,-1
355,4,-5,0.25,2,-1.5
221,4,-5,0.25,2,-2
348,4,-5,0.25,3,-0.5
438,4,-5,0.25,3,-1
220,4,-5,0.25,3,-1.5
232,4,-5,0.25,3,-2
267,4,-5,0.25,4,-0.5
290,4,-5,0.25,4,-1
208,4,-5,0.25,4,-1.5
222,4,-5,0.25,4,-2
149,4,-5,0.25,5,-0.5
290,4,-5,0.25,5,-1
243,4,-5,0.25,5,-1.5
251,4,-5,0.25,5,-2
108,4,-5,0.75,1,-0.5
126,4,-5,0.75,1,-1
153,4,-5,0.75,1,-1.5
147,4,-5,0.75,1,-2
202,4,-5,0.75,2,-0.5
164,4,-5,0.75,2,-1
215,4,-5,0.75,2,-1.5
72,4,-5,0.75,2,-2
161,4,-5,0.75,3,-0.5
103,4,-5,0.75,3,-1
95,4,-5,0.75,3,-1.5
189,4,-5,0.75,3,-2
592,4,-5,0.75,4,-0.5
146,4,-5,0.75,4,-1
313,4,-5,0.75,4,-1.5
493,4,-5,0.75,4,-2
592,4,-5,0.75,5,-0.5
132,4,-5,0.75,5,-1
242,4,-5,0.75,5,-1.5
109,4,-5,0.75,5,-2
353,4,-5,1.25,1,-0.5
85,4,-5,1.25,1,-1
349,4,-5,1.25,1,-1.5
79,4,-5,1.25,1,-2
66,4,-5,1.25,2,-0.5
96,4,-5,1.25,2,-1
31,4,-5,1.25,2,-1.5
272,4,-5,1.25,2,-2
64,4,-5,1.25,3,-0.5
90,4,-5,1.25,3,-1
110,4,-5,1.25,3,-1.5
61,4,-5,1.25,3,-2
39,4,-5,1.25,4,-0.5
47,4,-5,1.25,4,-1
80,4,-5,1.25,4,-1.5
30,4,-5,1.25,4,-2
84,4,-5,1.25,5,-0.5
36,4,-5,1.25,5,-1
100,4,-5,1.25,5,-1.5
310,4,-5,1.25,5,-2
80,4,-5,1.75,1,-0.5
79,4,-5,1.75,1,-1
61,4,-5,1.75,1,-1.5
81,4,-5,1.75,1,-2
120,4,-5,1.75,2,-0.5
56,4,-5,1.75,2,-1
89,4,-5,1.75,2,-1.5
41,4,-5,1.75,2,-2
205,4,-5,1.75,3,-0.5
38,4,-5,1.75,3,-1
84,4,-5,1.75,3,-1.5
40,4,-5,1.75,3,-2
38,4,-5,1.75,4,-0.5
29,4,-5,1.75,4,-1
69,4,-5,1.75,4,-1.5
47,4,-5,1.75,4,-2
80,4,-5,1.75,5,-0.5
60,4,-5,1.75,5,-1
49,4,-5,1.75,5,-1.5
43,4,-5,1.75,5,-2
241,5,-1,0.25,1,-0.5
392,5,-1,0.25,1,-1
110,5,-1,0.25,1,-1.5
134,5,-1,0.25,1,-2
223,5,-1,0.25,2,-0.5
169,5,-1,0.25,2,-1
186,5,-1,0.25,2,-1.5
120,5,-1,0.25,2,-2
281,5,-1,0.25,3,-0.5
203,5,-1,0.25,3,-1
137,5,-1,0.25,3,-1.5
91,5,-1,0.25,3,-2
245,5,-1,0.25,4,-0.5
196,5,-1,0.25,4,-1
145,5,-1,0.25,4,-1.5
97,5,-1,0.25,4,-2
206,5,-1,0.25,5,-0.5
216,5,-1,0.25,5,-1
166,5,-1,0.25,5,-1.5
93,5,-1,0.25,5,-2
240,5,-1,0.75,1,-0.5
112,5,-1,0.75,1,-1
118,5,-1,0.75,1,-1.5
84,5,-1,0.75,1,-2
129,5,-1,0.75,2,-0.5
258,5,-1,0.75,2,-1
80,5,-1,0.75,2,-1.5
84,5,-1,0.75,2,-2
141,5,-1,0.75,3,-0.5
93,5,-1,0.75,3,-1
102,5,-1,0.75,3,-1.5
92,5,-1,0.75,3,-2
139,5,-1,0.75,4,-0.5
136,5,-1,0.75,4,-1
88,5,-1,0.75,4,-1.5
70,5,-1,0.75,4,-2
131,5,-1,0.75,5,-0.5
225,5,-1,0.75,5,-1
135,5,-1,0.75,5,-1.5
69,5,-1,0.75,5,-2
161,5,-1,1.25,1,-0.5
93,5,-1,1.25,1,-1
94,5,-1,1.25,1,-1.5
94,5,-1,1.25,1,-2
89,5,-1,1.25,2,-0.5
78,5,-1,1.25,2,-1
93,5,-1,1.25,2,-1.5
95,5,-1,1.25,2,-2
83,5,-1,1.25,3,-0.5
137,5,-1,1.25,3,-1
66,5,-1,1.25,3,-1.5
65,5,-1,1.25,3,-2
103,5,-1,1.25,4,-0.5
113,5,-1,1.25,4,-1
84,5,-1,1.25,4,-1.5
89,5,-1,1.25,4,-2
79,5,-1,1.25,5,-0.5
93,5,-1,1.25,5,-1
74,5,-1,1.25,5,-1.5
68,5,-1,1.25,5,-2
116,5,-1,1.75,1,-0.5
90,5,-1,1.75,1,-1
125,5,-1,1.75,1,-1.5
70,5,-1,1.75,1,-2
94,5,-1,1.75,2,-0.5
63,5,-1,1.75,2,-1
75,5,-1,1.75,2,-1.5
70,5,-1,1.75,2,-2
87,5,-1,1.75,3,-0.5
124,5,-1,1.75,3,-1
102,5,-1,1.75,3,-1.5
63,5,-1,1.75,3,-2
118,5,-1,1.75,4,-0.5
126,5,-1,1.75,4,-1
76,5,-1,1.75,4,-1.5
67,5,-1,1.75,4,-2
81,5,-1,1.75,5,-0.5
115,5,-1,1.75,5,-1
79,5,-1,1.75,5,-1.5
62,5,-1,1.75,5,-2
339,5,-2,0.25,1,-0.5
203,5,-2,0.25,1,-1
191,5,-2,0.25,1,-1.5
156,5,-2,0.25,1,-2
438,5,-2,0.25,2,-0.5
451,5,-2,0.25,2,-1
145,5,-2,0.25,2,-1.5
191,5,-2,0.25,2,-2
151,5,-2,0.25,3,-0.5
299,5,-2,0.25,3,-1
243,5,-2,0.25,3,-1.5
93,5,-2,0.25,3,-2
387,5,-2,0.25,4,-0.5
352,5,-2,0.25,4,-1
230,5,-2,0.25,4,-1.5
117,5,-2,0.25,4,-2
234,5,-2,0.25,5,-0.5
243,5,-2,0.25,5,-1
319,5,-2,0.25,5,-1.5
201,5,-2,0.25,5,-2
107,5,-2,0.75,1,-0.5
133,5,-2,0.75,1,-1
149,5,-2,0.75,1,-1.5
73,5,-2,0.75,1,-2
189,5,-2,0.75,2,-0.5
168,5,-2,0.75,2,-1
120,5,-2,0.75,2,-1.5
107,5,-2,0.75,2,-2
161,5,-2,0.75,3,-0.5
214,5,-2,0.75,3,-1
147,5,-2,0.75,3,-1.5
323,5,-2,0.75,3,-2
113,5,-2,0.75,4,-0.5
209,5,-2,0.75,4,-1
85,5,-2,0.75,4,-1.5
47,5,-2,0.75,4,-2
107,5,-2,0.75,5,-0.5
66,5,-2,0.75,5,-1
162,5,-2,0.75,5,-1.5
49,5,-2,0.75,5,-2
110,5,-2,1.25,1,-0.5
92,5,-2,1.25,1,-1
72,5,-2,1.25,1,-1.5
85,5,-2,1.25,1,-2
73,5,-2,1.25,2,-0.5
105,5,-2,1.25,2,-1
65,5,-2,1.25,2,-1.5
56,5,-2,1.25,2,-2
88,5,-2,1.25,3,-0.5
48,5,-2,1.25,3,-1
66,5,-2,1.25,3,-1.5
38,5,-2,1.25,3,-2
63,5,-2,1.25,4,-0.5
76,5,-2,1.25,4,-1
55,5,-2,1.25,4,-1.5
44,5,-2,1.25,4,-2
61,5,-2,1.25,5,-0.5
81,5,-2,1.25,5,-1
37,5,-2,1.25,5,-1.5
46,5,-2,1.25,5,-2
89,5,-2,1.75,1,-0.5
91,5,-2,1.75,1,-1
91,5,-2,1.75,1,-1.5
63,5,-2,1.75,1,-2
87,5,-2,1.75,2,-0.5
75,5,-2,1.75,2,-1
69,5,-2,1.75,2,-1.5
75,5,-2,1.75,2,-2
76,5,-2,1.75,3,-0.5
61,5,-2,1.75,3,-1
48,5,-2,1.75,3,-1.5
38,5,-2,1.75,3,-2
70,5,-2,1.75,4,-0.5
53,5,-2,1.75,4,-1
55,5,-2,1.75,4,-1.5
65,5,-2,1.75,4,-2
85,5,-2,1.75,5,-0.5
49,5,-2,1.75,5,-1
41,5,-2,1.75,5,-1.5
42,5,-2,1.75,5,-2
444,5,-3,0.25,1,-0.5
364,5,-3,0.25,1,-1
395,5,-3,0.25,1,-1.5
482,5,-3,0.25,1,-2
448,5,-3,0.25,2,-0.5
338,5,-3,0.25,2,-1
157,5,-3,0.25,2,-1.5
230,5,-3,0.25,2,-2
155,5,-3,0.25,3,-0.5
446,5,-3,0.25,3,-1
198,5,-3,0.25,3,-1.5
228,5,-3,0.25,3,-2
196,5,-3,0.25,4,-0.5
446,5,-3,0.25,4,-1
79,5,-3,0.25,4,-1.5
222,5,-3,0.25,4,-2
348,5,-3,0.25,5,-0.5
446,5,-3,0.25,5,-1
465,5,-3,0.25,5,-1.5
158,5,-3,0.25,5,-2
251,5,-3,0.75,1,-0.5
210,5,-3,0.75,1,-1
157,5,-3,0.75,1,-1.5
89,5,-3,0.75,1,-2
156,5,-3,0.75,2,-0.5
188,5,-3,0.75,2,-1
150,5,-3,0.75,2,-1.5
55,5,-3,0.75,2,-2
315,5,-3,0.75,3,-0.5
113,5,-3,0.75,3,-1
153,5,-3,0.75,3,-1.5
76,5,-3,0.75,3,-2
613,5,-3,0.75,4,-0.5
53,5,-3,0.75,4,-1
52,5,-3,0.75,4,-1.5
151,5,-3,0.75,4,-2
613,5,-3,0.75,5,-0.5
83,5,-3,0.75,5,-1
59,5,-3,0.75,5,-1.5
45,5,-3,0.75,5,-2
123,5,-3,1.25,1,-0.5
135,5,-3,1.25,1,-1
85,5,-3,1.25,1,-1.5
130,5,-3,1.25,1,-2
176,5,-3,1.25,2,-0.5
77,5,-3,1.25,2,-1
48,5,-3,1.25,2,-1.5
68,5,-3,1.25,2,-2
137,5,-3,1.25,3,-0.5
177,5,-3,1.25,3,-1
151,5,-3,1.25,3,-1.5
31,5,-3,1.25,3,-2
115,5,-3,1.25,4,-0.5
45,5,-3,1.25,4,-1
114,5,-3,1.25,4,-1.5
36,5,-3,1.25,4,-2
139,5,-3,1.25,5,-0.5
37,5,-3,1.25,5,-1
54,5,-3,1.25,5,-1.5
35,5,-3,1.25,5,-2
74,5,-3,1.75,1,-0.5
49,5,-3,1.75,1,-1
106,5,-3,1.75,1,-1.5
64,5,-3,1.75,1,-2
79,5,-3,1.75,2,-0.5
48,5,-3,1.75,2,-1
52,5,-3,1.75,2,-1.5
51,5,-3,1.75,2,-2
91,5,-3,1.75,3,-0.5
60,5,-3,1.75,3,-1
60,5,-3,1.75,3,-1.5
69,5,-3,1.75,3,-2
46,5,-3,1.75,4,-0.5
44,5,-3,1.75,4,-1
53,5,-3,1.75,4,-1.5
33,5,-3,1.75,4,-2
52,5,-3,1.75,5,-0.5
44,5,-3,1.75,5,-1
26,5,-3,1.75,5,-1.5
28,5,-3,1.75,5,-2
519,5,-4,0.25,1,-0.5
252,5,-4,0.25,1,-1
202,5,-4,0.25,1,-1.5
229,5,-4,0.25,1,-2
365,5,-4,0.25,2,-0.5
252,5,-4,0.25,2,-1
228,5,-4,0.25,2,-1.5
152,5,-4,0.25,2,-2
367,5,-4,0.25,3,-0.5
341,5,-4,0.25,3,-1
253,5,-4,0.25,3,-1.5
391,5,-4,0.25,3,-2
357,5,-4,0.25,4,-0.5
331,5,-4,0.25,4,-1
273,5,-4,0.25,4,-1.5
391,5,-4,0.25,4,-2
472,5,-4,0.25,5,-0.5
370,5,-4,0.25,5,-1
195,5,-4,0.25,5,-1.5
271,5,-4,0.25,5,-2
433,5,-4,0.75,1,-0.5
159,5,-4,0.75,1,-1
254,5,-4,0.75,1,-1.5
73,5,-4,0.75,1,-2
571,5,-4,0.75,2,-0.5
183,5,-4,0.75,2,-1
144,5,-4,0.75,2,-1.5
177,5,-4,0.75,2,-2
545,5,-4,0.75,3,-0.5
111,5,-4,0.75,3,-1
91,5,-4,0.75,3,-1.5
84,5,-4,0.75,3,-2
545,5,-4,0.75,4,-0.5
207,5,-4,0.75,4,-1
153,5,-4,0.75,4,-1.5
139,5,-4,0.75,4,-2
545,5,-4,0.75,5,-0.5
92,5,-4,0.75,5,-1
165,5,-4,0.75,5,-1.5
67,5,-4,0.75,5,-2
365,5,-4,1.25,1,-0.5
373,5,-4,1.25,1,-1
239,5,-4,1.25,1,-1.5
40,5,-4,1.25,1,-2
59,5,-4,1.25,2,-0.5
156,5,-4,1.25,2,-1
97,5,-4,1.25,2,-1.5
151,5,-4,1.25,2,-2
347,5,-4,1.25,3,-0.5
81,5,-4,1.25,3,-1
91,5,-4,1.25,3,-1.5
72,5,-4,1.25,3,-2
777,5,-4,1.25,4,-0.5
122,5,-4,1.25,4,-1
21,5,-4,1.25,4,-1.5
32,5,-4,1.25,4,-2
777,5,-4,1.25,5,-0.5
63,5,-4,1.25,5,-1
55,5,-4,1.25,5,-1.5
65,5,-4,1.25,5,-2
64,5,-4,1.75,1,-0.5
117,5,-4,1.75,1,-1
26,5,-4,1.75,1,-1.5
37,5,-4,1.75,1,-2
51,5,-4,1.75,2,-0.5
72,5,-4,1.75,2,-1
53,5,-4,1.75,2,-1.5
28,5,-4,1.75,2,-2
58,5,-4,1.75,3,-0.5
230,5,-4,1.75,3,-1
63,5,-4,1.75,3,-1.5
45,5,-4,1.75,3,-2
35,5,-4,1.75,4,-0.5
34,5,-4,1.75,4,-1
29,5,-4,1.75,4,-1.5
37,5,-4,1.75,4,-2
102,5,-4,1.75,5,-0.5
44,5,-4,1.75,5,-1
34,5,-4,1.75,5,-1.5
35,5,-4,1.75,5,-2
493,5,-5,0.25,1,-0.5
265,5,-5,0.25,1,-1
485,5,-5,0.25,1,-1.5
223,5,-5,0.25,1,-2
497,5,-5,0.25,2,-0.5
349,5,-5,0.25,2,-1
200,5,-5,0.25,2,-1.5
321,5,-5,0.25,2,-2
460,5,-5,0.25,3,-0.5
349,5,-5,0.25,3,-1
303,5,-5,0.25,3,-1.5
321,5,-5,0.25,3,-2
407,5,-5,0.25,4,-0.5
364,5,-5,0.25,4,-1
325,5,-5,0.25,4,-1.5
270,5,-5,0.25,4,-2
525,5,-5,0.25,5,-0.5
454,5,-5,0.25,5,-1
268,5,-5,0.25,5,-1.5
243,5,-5,0.25,5,-2
297,5,-5,0.75,1,-0.5
120,5,-5,0.75,1,-1
188,5,-5,0.75,1,-1.5
143,5,-5,0.75,1,-2
487,5,-5,0.75,2,-0.5
216,5,-5,0.75,2,-1
110,5,-5,0.75,2,-1.5
128,5,-5,0.75,2,-2
708,5,-5,0.75,3,-0.5
332,5,-5,0.75,3,-1
96,5,-5,0.75,3,-1.5
183,5,-5,0.75,3,-2
708,5,-5,0.75,4,-0.5
291,5,-5,0.75,4,-1
92,5,-5,0.75,4,-1.5
166,5,-5,0.75,4,-2
708,5,-5,0.75,5,-0.5
334,5,-5,0.75,5,-1
369,5,-5,0.75,5,-1.5
491,5,-5,0.75,5,-2
535,5,-5,1.25,1,-0.5
529,5,-5,1.25,1,-1
79,5,-5,1.25,1,-1.5
29,5,-5,1.25,1,-2
78,5,-5,1.25,2,-0.5
377,5,-5,1.25,2,-1
169,5,-5,1.25,2,-1.5
82,5,-5,1.25,2,-2
116,5,-5,1.25,3,-0.5
267,5,-5,1.25,3,-1
364,5,-5,1.25,3,-1.5
161,5,-5,1.25,3,-2
490,5,-5,1.25,4,-0.5
154,5,-5,1.25,4,-1
52,5,-5,1.25,4,-1.5
279,5,-5,1.25,4,-2
477,5,-5,1.25,5,-0.5
56,5,-5,1.25,5,-1
373,5,-5,1.25,5,-1.5
215,5,-5,1.25,5,-2
136,5,-5,1.75,1,-0.5
50,5,-5,1.75,1,-1
273,5,-5,1.75,1,-1.5
47,5,-5,1.75,1,-2
42,5,-5,1.75,2,-0.5
31,5,-5,1.75,2,-1
38,5,-5,1.75,2,-1.5
60,5,-5,1.75,2,-2
55,5,-5,1.75,3,-0.5
58,5,-5,1.75,3,-1
36,5,-5,1.75,3,-1.5
30,5,-5,1.75,3,-2
145,5,-5,1.75,4,-0.5
78,5,-5,1.75,4,-1
43,5,-5,1.75,4,-1.5
44,5,-5,1.75,4,-2
52,5,-5,1.75,5,-0.5
85,5,-5,1.75,5,-1
40,5,-5,1.75,5,-1.5
94,5,-5,1.75,5,-2
