34,1,-1,0.25,1,-0.5
32,1,-1,0.25,1,-1
31,1,-1,0.25,1,-1.5
34,1,-1,0.25,1,-2
23,1,-1,0.25,2,-0.5
14,1,-1,0.25,2,-1
39,1,-1,0.25,2,-1.5
64,1,-1,0.25,2,-2
37,1,-1,0.25,3,-0.5
25,1,-1,0.25,3,-1
34,1,-1,0.25,3,-1.5
60,1,-1,0.25,3,-2
52,1,-1,0.25,4,-0.5
27,1,-1,0.25,4,-1
22,1,-1,0.25,4,-1.5
47,1,-1,0.25,4,-2
89,1,-1,0.25,5,-0.5
24,1,-1,0.25,5,-1
54,1,-1,0.25,5,-1.5
56,1,-1,0.25,5,-2
42,1,-1,0.75,1,-0.5
67,1,-1,0.75,1,-1
35,1,-1,0.75,1,-1.5
59,1,-1,0.75,1,-2
56,1,-1,0.75,2,-0.5
17,1,-1,0.75,2,-1
29,1,-1,0.75,2,-1.5
55,1,-1,0.75,2,-2
52,1,-1,0.75,3,-0.5
28,1,-1,0.75,3,-1
46,1,-1,0.75,3,-1.5
44,1,-1,0.75,3,-2
49,1,-1,0.75,4,-0.5
57,1,-1,0.75,4,-1
69,1,-1,0.75,4,-1.5
58,1,-1,0.75,4,-2
45,1,-1,0.75,5,-0.5
68,1,-1,0.75,5,-1
36,1,-1,0.75,5,-1.5
70,1,-1,0.75,5,-2
124,1,-1,1.25,1,-0.5
57,1,-1,1.25,1,-1
76,1,-1,1.25,1,-1.5
76,1,-1,1.25,1,-2
111,1,-1,1.25,2,-0.5
94,1,-1,1.25,2,-1
94,1,-1,1.25,2,-1.5
77,1,-1,1.25,2,-2
76,1,-1,1.25,3,-0.5
85,1,-1,1.25,3,-1
92,1,-1,1.25,3,-1.5
77,1,-1,1.25,3,-2
101,1,-1,1.25,4,-0.5
114,1,-1,1.25,4,-1
90,1,-1,1.25,4,-1.5
69,1,-1,1.25,4,-2
100,1,-1,1.25,5,-0.5
111,1,-1,1.25,5,-1
97,1,-1,1.25,5,-1.5
62,1,-1,1.25,5,-2
164,1,-1,1.75,1,-0.5
148,1,-1,1.75,1,-1
118,1,-1,1.75,1,-1.5
132,1,-1,1.75,1,-2
130,1,-1,1.75,2,-0.5
140,1,-1,1.75,2,-1
124,1,-1,1.75,2,-1.5
103,1,-1,1.75,2,-2
151,1,-1,1.75,3,-0.5
128,1,-1,1.75,3,-1
95,1,-1,1.75,3,-1.5
121,1,-1,1.75,3,-2
138,1,-1,1.75,4,-0.5
126,1,-1,1.75,4,-1
89,1,-1,1.75,4,-1.5
93,1,-1,1.75,4,-2
138,1,-1,1.75,5,-0.5
139,1,-1,1.75,5,-1
83,1,-1,1.75,5,-1.5
108,1,-1,1.75,5,-2
252,1,-2,0.25,1,-0.5
26,1,-2,0.25,1,-1
118,1,-2,0.25,1,-1.5
32,1,-2,0.25,1,-2
378,1,-2,0.25,2,-0.5
136,1,-2,0.25,2,-1
30,1,-2,0.25,2,-1.5
92,1,-2,0.25,2,-2
142,1,-2,0.25,3,-0.5
31,1,-2,0.25,3,-1
143,1,-2,0.25,3,-1.5
37,1,-2,0.25,3,-2
17,1,-2,0.25,4,-0.5
40,1,-2,0.25,4,-1
18,1,-2,0.25,4,-1.5
56,1,-2,0.25,4,-2
38,1,-2,0.25,5,-0.5
59,1,-2,0.25,5,-1
392,1,-2,0.25,5,-1.5
30,1,-2,0.25,5,-2
27,1,-2,0.75,1,-0.5
50,1,-2,0.75,1,-1
21,1,-2,0.75,1,-1.5
41,1,-2,0.75,1,-2
45,1,-2,0.75,2,-0.5
23,1,-2,0.75,2,-1
19,1,-2,0.75,2,-1.5
57,1,-2,0.75,2,-2
43,1,-2,0.75,3,-0.5
28,1,-2,0.75,3,-1
28,1,-2,0.75,3,-1.5
43,1,-2,0.75,3,-2
20,1,-2,0.75,4,-0.5
22,1,-2,0.75,4,-1
34,1,-2,0.75,4,-1.5
54,1,-2,0.75,4,-2
22,1,-2,0.75,5,-0.5
259,1,-2,0.75,5,-1
30,1,-2,0.75,5,-1.5
36,1,-2,0.75,5,-2
61,1,-2,1.25,1,-0.5
43,1,-2,1.25,1,-1
39,1,-2,1.25,1,-1.5
44,1,-2,1.25,1,-2
54,1,-2,1.25,2,-0.5
44,1,-2,1.25,2,-1
46,1,-2,1.25,2,-1.5
25,1,-2,1.25,2,-2
50,1,-2,1.25,3,-0.5
61,1,-2,1.25,3,-1
51,1,-2,1.25,3,-1.5
33,1,-2,1.25,3,-2
75,1,-2,1.25,4,-0.5
55,1,-2,1.25,4,-1
30,1,-2,1.25,4,-1.5
63,1,-2,1.25,4,-2
80,1,-2,1.25,5,-0.5
79,1,-2,1.25,5,-1
50,1,-2,1.25,5,-1.5
45,1,-2,1.25,5,-2
119,1,-2,1.75,1,-0.5
70,1,-2,1.75,1,-1
55,1,-2,1.75,1,-1.5
94,1,-2,1.75,1,-2
105,1,-2,1.75,2,-0.5
63,1,-2,1.75,2,-1
72,1,-2,1.75,2,-1.5
66,1,-2,1.75,2,-2
78,1,-2,1.75,3,-0.5
56,1,-2,1.75,3,-1
65,1,-2,1.75,3,-1.5
42,1,-2,1.75,3,-2
95,1,-2,1.75,4,-0.5
76,1,-2,1.75,4,-1
95,1,-2,1.75,4,-1.5
89,1,-2,1.75,4,-2
106,1,-2,1.75,5,-0.5
82,1,-2,1.75,5,-1
74,1,-2,1.75,5,-1.5
80,1,-2,1.75,5,-2
68,1,-3,0.25,1,-0.5
89,1,-3,0.25,1,-1
115,1,-3,0.25,1,-1.5
55,1,-3,0.25,1,-2
139,1,-3,0.25,2,-0.5
155,1,-3,0.25,2,-1
51,1,-3,0.25,2,-1.5
102,1,-3,0.25,2,-2
206,1,-3,0.25,3,-0.5
71,1,-3,0.25,3,-1
30,1,-3,0.25,3,-1.5
45,1,-3,0.25,3,-2
30,1,-3,0.25,4,-0.5
108,1,-3,0.25,4,-1
90,1,-3,0.25,4,-1.5
60,1,-3,0.25,4,-2
73,1,-3,0.25,5,-0.5
362,1,-3,0.25,5,-1
57,1,-3,0.25,5,-1.5
26,1,-3,0.25,5,-2
28,1,-3,0.75,1,-0.5
33,1,-3,0.75,1,-1
54,1,-3,0.75,1,-1.5
37,1,-3,0.75,1,-2
22,1,-3,0.75,2,-0.5
31,1,-3,0.75,2,-1
12,1,-3,0.75,2,-1.5
34,1,-3,0.75,2,-2
63,1,-3,0.75,3,-0.5
17,1,-3,0.75,3,-1
33,1,-3,0.75,3,-1.5
15,1,-3,0.75,3,-2
31,1,-3,0.75,4,-0.5
95,1,-3,0.75,4,-1
25,1,-3,0.75,4,-1.5
39,1,-3,0.75,4,-2
144,1,-3,0.75,5,-0.5
18,1,-3,0.75,5,-1
35,1,-3,0.75,5,-1.5
26,1,-3,0.75,5,-2
48,1,-3,1.25,1,-0.5
54,1,-3,1.25,1,-1
35,1,-3,1.25,1,-1.5
21,1,-3,1.25,1,-2
48,1,-3,1.25,2,-0.5
38,1,-3,1.25,2,-1
35,1,-3,1.25,2,-1.5
23,1,-3,1.25,2,-2
36,1,-3,1.25,3,-0.5
14,1,-3,1.25,3,-1
56,1,-3,1.25,3,-1.5
15,1,-3,1.25,3,-2
26,1,-3,1.25,4,-0.5
36,1,-3,1.25,4,-1
24,1,-3,1.25,4,-1.5
33,1,-3,1.25,4,-2
32,1,-3,1.25,5,-0.5
36,1,-3,1.25,5,-1
20,1,-3,1.25,5,-1.5
25,1,-3,1.25,5,-2
87,1,-3,1.75,1,-0.5
54,1,-3,1.75,1,-1
45,1,-3,1.75,1,-1.5
50,1,-3,1.75,1,-2
95,1,-3,1.75,2,-0.5
63,1,-3,1.75,2,-1
37,1,-3,1.75,2,-1.5
46,1,-3,1.75,2,-2
97,1,-3,1.75,3,-0.5
50,1,-3,1.75,3,-1
30,1,-3,1.75,3,-1.5
57,1,-3,1.75,3,-2
49,1,-3,1.75,4,-0.5
61,1,-3,1.75,4,-1
58,1,-3,1.75,4,-1.5
47,1,-3,1.75,4,-2
74,1,-3,1.75,5,-0.5
34,1,-3,1.75,5,-1
24,1,-3,1.75,5,-1.5
46,1,-3,1.75,5,-2
64,1,-4,0.25,1,-0.5
94,1,-4,0.25,1,-1
70,1,-4,0.25,1,-1.5
36,1,-4,0.25,1,-2
52,1,-4,0.25,2,-0.5
389,1,-4,0.25,2,-1
143,1,-4,0.25,2,-1.5
295,1,-4,0.25,2,-2
164,1,-4,0.25,3,-0.5
145,1,-4,0.25,3,-1
261,1,-4,0.25,3,-1.5
164,1,-4,0.25,3,-2
205,1,-4,0.25,4,-0.5
193,1,-4,0.25,4,-1
176,1,-4,0.25,4,-1.5
43,1,-4,0.25,4,-2
25,1,-4,0.25,5,-0.5
18,1,-4,0.25,5,-1
93,1,-4,0.25,5,-1.5
53,1,-4,0.25,5,-2
84,1,-4,0.75,1,-0.5
110,1,-4,0.75,1,-1
24,1,-4,0.75,1,-1.5
110,1,-4,0.75,1,-2
28,1,-4,0.75,2,-0.5
24,1,-4,0.75,2,-1
30,1,-4,0.75,2,-1.5
30,1,-4,0.75,2,-2
294,1,-4,0.75,3,-0.5
84,1,-4,0.75,3,-1
40,1,-4,0.75,3,-1.5
23,1,-4,0.75,3,-2
125,1,-4,0.75,4,-0.5
25,1,-4,0.75,4,-1
19,1,-4,0.75,4,-1.5
128,1,-4,0.75,4,-2
20,1,-4,0.75,5,-0.5
147,1,-4,0.75,5,-1
44,1,-4,0.75,5,-1.5
28,1,-4,0.75,5,-2
41,1,-4,1.25,1,-0.5
41,1,-4,1.25,1,-1
34,1,-4,1.25,1,-1.5
26,1,-4,1.25,1,-2
48,1,-4,1.25,2,-0.5
23,1,-4,1.25,2,-1
105,1,-4,1.25,2,-1.5
14,1,-4,1.25,2,-2
21,1,-4,1.25,3,-0.5
26,1,-4,1.25,3,-1
35,1,-4,1.25,3,-1.5
22,1,-4,1.25,3,-2
39,1,-4,1.25,4,-0.5
18,1,-4,1.25,4,-1
38,1,-4,1.25,4,-1.5
37,1,-4,1.25,4,-2
22,1,-4,1.25,5,-0.5
22,1,-4,1.25,5,-1
33,1,-4,1.25,5,-1.5
35,1,-4,1.25,5,-2
66,1,-4,1.75,1,-0.5
40,1,-4,1.75,1,-1
27,1,-4,1.75,1,-1.5
34,1,-4,1.75,1,-2
64,1,-4,1.75,2,-0.5
48,1,-4,1.75,2,-1
33,1,-4,1.75,2,-1.5
27,1,-4,1.75,2,-2
42,1,-4,1.75,3,-0.5
39,1,-4,1.75,3,-1
30,1,-4,1.75,3,-1.5
48,1,-4,1.75,3,-2
49,1,-4,1.75,4,-0.5
42,1,-4,1.75,4,-1
42,1,-4,1.75,4,-1.5
35,1,-4,1.75,4,-2
57,1,-4,1.75,5,-0.5
34,1,-4,1.75,5,-1
42,1,-4,1.75,5,-1.5
20,1,-4,1.75,5,-2
184,1,-5,0.25,1,-0.5
72,1,-5,0.25,1,-1
79,1,-5,0.25,1,-1.5
38,1,-5,0.25,1,-2
334,1,-5,0.25,2,-0.5
28,1,-5,0.25,2,-1
110,1,-5,0.25,2,-1.5
279,1,-5,0.25,2,-2
168,1,-5,0.25,3,-0.5
69,1,-5,0.25,3,-1
70,1,-5,0.25,3,-1.5
71,1,-5,0.25,3,-2
130,1,-5,0.25,4,-0.5
145,1,-5,0.25,4,-1
208,1,-5,0.25,4,-1.5
136,1,-5,0.25,4,-2
119,1,-5,0.25,5,-0.5
196,1,-5,0.25,5,-1
128,1,-5,0.25,5,-1.5
62,1,-5,0.25,5,-2
49,1,-5,0.75,1,-0.5
26,1,-5,0.75,1,-1
33,1,-5,0.75,1,-1.5
68,1,-5,0.75,1,-2
428,1,-5,0.75,2,-0.5
33,1,-5,0.75,2,-1
25,1,-5,0.75,2,-1.5
93,1,-5,0.75,2,-2
41,1,-5,0.75,3,-0.5
107,1,-5,0.75,3,-1
26,1,-5,0.75,3,-1.5
23,1,-5,0.75,3,-2
205,1,-5,0.75,4,-0.5
22,1,-5,0.75,4,-1
27,1,-5,0.75,4,-1.5
57,1,-5,0.75,4,-2
146,1,-5,0.75,5,-0.5
80,1,-5,0.75,5,-1
22,1,-5,0.75,5,-1.5
62,1,-5,0.75,5,-2
98,1,-5,1.25,1,-0.5
43,1,-5,1.25,1,-1
35,1,-5,1.25,1,-1.5
36,1,-5,1.25,1,-2
49,1,-5,1.25,2,-0.5
96,1,-5,1.25,2,-1
75,1,-5,1.25,2,-1.5
52,1,-5,1.25,2,-2
19,1,-5,1.25,3,-0.5
30,1,-5,1.25,3,-1
32,1,-5,1.25,3,-1.5
27,1,-5,1.25,3,-2
80,1,-5,1.25,4,-0.5
297,1,-5,1.25,4,-1
17,1,-5,1.25,4,-1.5
57,1,-5,1.25,4,-2
28,1,-5,1.25,5,-0.5
42,1,-5,1.25,5,-1
20,1,-5,1.25,5,-1.5
36,1,-5,1.25,5,-2
54,1,-5,1.75,1,-0.5
35,1,-5,1.75,1,-1
43,1,-5,1.75,1,-1.5
36,1,-5,1.75,1,-2
52,1,-5,1.75,2,-0.5
32,1,-5,1.75,2,-1
107,1,-5,1.75,2,-1.5
49,1,-5,1.75,2,-2
38,1,-5,1.75,3,-0.5
21,1,-5,1.75,3,-1
36,1,-5,1.75,3,-1.5
22,1,-5,1.75,3,-2
30,1,-5,1.75,4,-0.5
41,1,-5,1.75,4,-1
35,1,-5,1.75,4,-1.5
34,1,-5,1.75,4,-2
45,1,-5,1.75,5,-0.5
29,1,-5,1.75,5,-1
97,1,-5,1.75,5,-1.5
33,1,-5,1.75,5,-2
88,2,-1,0.25,1,-0.5
43,2,-1,0.25,1,-1
45,2,-1,0.25,1,-1.5
17,2,-1,0.25,1,-2
79,2,-1,0.25,2,-0.5
52,2,-1,0.25,2,-1
32,2,-1,0.25,2,-1.5
43,2,-1,0.25,2,-2
275,2,-1,0.25,3,-0.5
45,2,-1,0.25,3,-1
38,2,-1,0.25,3,-1.5
41,2,-1,0.25,3,-2
56,2,-1,0.25,4,-0.5
63,2,-1,0.25,4,-1
38,2,-1,0.25,4,-1.5
40,2,-1,0.25,4,-2
36,2,-1,0.25,5,-0.5
65,2,-1,0.25,5,-1
86,2,-1,0.25,5,-1.5
44,2,-1,0.25,5,-2
50,2,-1,0.75,1,-0.5
45,2,-1,0.75,1,-1
48,2,-1,0.75,1,-1.5
23,2,-1,0.75,1,-2
49,2,-1,0.75,2,-0.5
43,2,-1,0.75,2,-1
37,2,-1,0.75,2,-1.5
34,2,-1,0.75,2,-2
40,2,-1,0.75,3,-0.5
30,2,-1,0.75,3,-1
33,2,-1,0.75,3,-1.5
32,2,-1,0.75,3,-2
66,2,-1,0.75,4,-0.5
29,2,-1,0.75,4,-1
34,2,-1,0.75,4,-1.5
50,2,-1,0.75,4,-2
37,2,-1,0.75,5,-0.5
53,2,-1,0.75,5,-1
39,2,-1,0.75,5,-1.5
59,2,-1,0.75,5,-2
67,2,-1,1.25,1,-0.5
69,2,-1,1.25,1,-1
45,2,-1,1.25,1,-1.5
44,2,-1,1.25,1,-2
41,2,-1,1.25,2,-0.5
68,2,-1,1.25,2,-1
49,2,-1,1.25,2,-1.5
54,2,-1,1.25,2,-2
67,2,-1,1.25,3,-0.5
44,2,-1,1.25,3,-1
35,2,-1,1.25,3,-1.5
25,2,-1,1.25,3,-2
100,2,-1,1.25,4,-0.5
71,2,-1,1.25,4,-1
43,2,-1,1.25,4,-1.5
63,2,-1,1.25,4,-2
45,2,-1,1.25,5,-0.5
63,2,-1,1.25,5,-1
87,2,-1,1.25,5,-1.5
43,2,-1,1.25,5,-2
131,2,-1,1.75,1,-0.5
93,2,-1,1.75,1,-1
95,2,-1,1.75,1,-1.5
64,2,-1,1.75,1,-2
88,2,-1,1.75,2,-0.5
112,2,-1,1.75,2,-1
83,2,-1,1.75,2,-1.5
81,2,-1,1.75,2,-2
103,2,-1,1.75,3,-0.5
99,2,-1,1.75,3,-1
91,2,-1,1.75,3,-1.5
59,2,-1,1.75,3,-2
119,2,-1,1.75,4,-0.5
110,2,-1,1.75,4,-1
86,2,-1,1.75,4,-1.5
69,2,-1,1.75,4,-2
117,2,-1,1.75,5,-0.5
94,2,-1,1.75,5,-1
89,2,-1,1.75,5,-1.5
83,2,-1,1.75,5,-2
97,2,-2,0.25,1,-0.5
65,2,-2,0.25,1,-1
407,2,-2,0.25,1,-1.5
104,2,-2,0.25,1,-2
204,2,-2,0.25,2,-0.5
44,2,-2,0.25,2,-1
134,2,-2,0.25,2,-1.5
18,2,-2,0.25,2,-2
64,2,-2,0.25,3,-0.5
46,2,-2,0.25,3,-1
49,2,-2,0.25,3,-1.5
135,2,-2,0.25,3,-2
102,2,-2,0.25,4,-0.5
52,2,-2,0.25,4,-1
97,2,-2,0.25,4,-1.5
73,2,-2,0.25,4,-2
309,2,-2,0.25,5,-0.5
87,2,-2,0.25,5,-1
77,2,-2,0.25,5,-1.5
51,2,-2,0.25,5,-2
47,2,-2,0.75,1,-0.5
23,2,-2,0.75,1,-1
16,2,-2,0.75,1,-1.5
18,2,-2,0.75,1,-2
22,2,-2,0.75,2,-0.5
24,2,-2,0.75,2,-1
36,2,-2,0.75,2,-1.5
34,2,-2,0.75,2,-2
40,2,-2,0.75,3,-0.5
28,2,-2,0.75,3,-1
62,2,-2,0.75,3,-1.5
15,2,-2,0.75,3,-2
43,2,-2,0.75,4,-0.5
102,2,-2,0.75,4,-1
107,2,-2,0.75,4,-1.5
33,2,-2,0.75,4,-2
29,2,-2,0.75,5,-0.5
45,2,-2,0.75,5,-1
29,2,-2,0.75,5,-1.5
30,2,-2,0.75,5,-2
46,2,-2,1.25,1,-0.5
29,2,-2,1.25,1,-1
18,2,-2,1.25,1,-1.5
40,2,-2,1.25,1,-2
45,2,-2,1.25,2,-0.5
44,2,-2,1.25,2,-1
35,2,-2,1.25,2,-1.5
24,2,-2,1.25,2,-2
47,2,-2,1.25,3,-0.5
37,2,-2,1.25,3,-1
26,2,-2,1.25,3,-1.5
25,2,-2,1.25,3,-2
34,2,-2,1.25,4,-0.5
28,2,-2,1.25,4,-1
23,2,-2,1.25,4,-1.5
50,2,-2,1.25,4,-2
51,2,-2,1.25,5,-0.5
53,2,-2,1.25,5,-1
23,2,-2,1.25,5,-1.5
25,2,-2,1.25,5,-2
81,2,-2,1.75,1,-0.5
37,2,-2,1.75,1,-1
56,2,-2,1.75,1,-1.5
48,2,-2,1.75,1,-2
57,2,-2,1.75,2,-0.5
74,2,-2,1.75,2,-1
65,2,-2,1.75,2,-1.5
48,2,-2,1.75,2,-2
62,2,-2,1.75,3,-0.5
48,2,-2,1.75,3,-1
38,2,-2,1.75,3,-1.5
36,2,-2,1.75,3,-2
68,2,-2,1.75,4,-0.5
80,2,-2,1.75,4,-1
45,2,-2,1.75,4,-1.5
17,2,-2,1.75,4,-2
65,2,-2,1.75,5,-0.5
53,2,-2,1.75,5,-1
38,2,-2,1.75,5,-1.5
23,2,-2,1.75,5,-2
125,2,-3,0.25,1,-0.5
68,2,-3,0.25,1,-1
433,2,-3,0.25,1,-1.5
25,2,-3,0.25,1,-2
249,2,-3,0.25,2,-0.5
106,2,-3,0.25,2,-1
71,2,-3,0.25,2,-1.5
22,2,-3,0.25,2,-2
98,2,-3,0.25,3,-0.5
23,2,-3,0.25,3,-1
137,2,-3,0.25,3,-1.5
59,2,-3,0.25,3,-2
121,2,-3,0.25,4,-0.5
75,2,-3,0.25,4,-1
52,2,-3,0.25,4,-1.5
145,2,-3,0.25,4,-2
83,2,-3,0.25,5,-0.5
100,2,-3,0.25,5,-1
18,2,-3,0.25,5,-1.5
31,2,-3,0.25,5,-2
29,2,-3,0.75,1,-0.5
16,2,-3,0.75,1,-1
111,2,-3,0.75,1,-1.5
50,2,-3,0.75,1,-2
26,2,-3,0.75,2,-0.5
42,2,-3,0.75,2,-1
36,2,-3,0.75,2,-1.5
98,2,-3,0.75,2,-2
36,2,-3,0.75,3,-0.5
27,2,-3,0.75,3,-1
58,2,-3,0.75,3,-1.5
26,2,-3,0.75,3,-2
23,2,-3,0.75,4,-0.5
23,2,-3,0.75,4,-1
35,2,-3,0.75,4,-1.5
115,2,-3,0.75,4,-2
90,2,-3,0.75,5,-0.5
40,2,-3,0.75,5,-1
17,2,-3,0.75,5,-1.5
37,2,-3,0.75,5,-2
41,2,-3,1.25,1,-0.5
20,2,-3,1.25,1,-1
28,2,-3,1.25,1,-1.5
16,2,-3,1.25,1,-2
35,2,-3,1.25,2,-0.5
21,2,-3,1.25,2,-1
24,2,-3,1.25,2,-1.5
29,2,-3,1.25,2,-2
18,2,-3,1.25,3,-0.5
34,2,-3,1.25,3,-1
29,2,-3,1.25,3,-1.5
13,2,-3,1.25,3,-2
24,2,-3,1.25,4,-0.5
15,2,-3,1.25,4,-1
32,2,-3,1.25,4,-1.5
31,2,-3,1.25,4,-2
33,2,-3,1.25,5,-0.5
35,2,-3,1.25,5,-1
21,2,-3,1.25,5,-1.5
42,2,-3,1.25,5,-2
67,2,-3,1.75,1,-0.5
50,2,-3,1.75,1,-1
29,2,-3,1.75,1,-1.5
50,2,-3,1.75,1,-2
72,2,-3,1.75,2,-0.5
53,2,-3,1.75,2,-1
27,2,-3,1.75,2,-1.5
20,2,-3,1.75,2,-2
43,2,-3,1.75,3,-0.5
37,2,-3,1.75,3,-1
32,2,-3,1.75,3,-1.5
24,2,-3,1.75,3,-2
44,2,-3,1.75,4,-0.5
44,2,-3,1.75,4,-1
31,2,-3,1.75,4,-1.5
58,2,-3,1.75,4,-2
51,2,-3,1.75,5,-0.5
41,2,-3,1.75,5,-1
27,2,-3,1.75,5,-1.5
24,2,-3,1.75,5,-2
137,2,-4,0.25,1,-0.5
247,2,-4,0.25,1,-1
127,2,-4,0.25,1,-1.5
46,2,-4,0.25,1,-2
372,2,-4,0.25,2,-0.5
77,2,-4,0.25,2,-1
85,2,-4,0.25,2,-1.5
197,2,-4,0.25,2,-2
229,2,-4,0.25,3,-0.5
123,2,-4,0.25,3,-1
333,2,-4,0.25,3,-1.5
19,2,-4,0.25,3,-2
226,2,-4,0.25,4,-0.5
206,2,-4,0.25,4,-1
29,2,-4,0.25,4,-1.5
117,2,-4,0.25,4,-2
47,2,-4,0.25,5,-0.5
342,2,-4,0.25,5,-1
148,2,-4,0.25,5,-1.5
122,2,-4,0.25,5,-2
426,2,-4,0.75,1,-0.5
44,2,-4,0.75,1,-1
18,2,-4,0.75,1,-1.5
62,2,-4,0.75,1,-2
148,2,-4,0.75,2,-0.5
133,2,-4,0.75,2,-1
27,2,-4,0.75,2,-1.5
31,2,-4,0.75,2,-2
94,2,-4,0.75,3,-0.5
18,2,-4,0.75,3,-1
67,2,-4,0.75,3,-1.5
22,2,-4,0.75,3,-2
30,2,-4,0.75,4,-0.5
355,2,-4,0.75,4,-1
38,2,-4,0.75,4,-1.5
103,2,-4,0.75,4,-2
115,2,-4,0.75,5,-0.5
117,2,-4,0.75,5,-1
16,2,-4,0.75,5,-1.5
13,2,-4,0.75,5,-2
48,2,-4,1.25,1,-0.5
35,2,-4,1.25,1,-1
151,2,-4,1.25,1,-1.5
48,2,-4,1.25,1,-2
21,2,-4,1.25,2,-0.5
102,2,-4,1.25,2,-1
48,2,-4,1.25,2,-1.5
23,2,-4,1.25,2,-2
34,2,-4,1.25,3,-0.5
19,2,-4,1.25,3,-1
16,2,-4,1.25,3,-1.5
51,2,-4,1.25,3,-2
23,2,-4,1.25,4,-0.5
36,2,-4,1.25,4,-1
14,2,-4,1.25,4,-1.5
16,2,-4,1.25,4,-2
18,2,-4,1.25,5,-0.5
21,2,-4,1.25,5,-1
132,2,-4,1.25,5,-1.5
15,2,-4,1.25,5,-2
35,2,-4,1.75,1,-0.5
43,2,-4,1.75,1,-1
25,2,-4,1.75,1,-1.5
49,2,-4,1.75,1,-2
44,2,-4,1.75,2,-0.5
23,2,-4,1.75,2,-1
16,2,-4,1.75,2,-1.5
20,2,-4,1.75,2,-2
44,2,-4,1.75,3,-0.5
32,2,-4,1.75,3,-1
24,2,-4,1.75,3,-1.5
26,2,-4,1.75,3,-2
41,2,-4,1.75,4,-0.5
22,2,-4,1.75,4,-1
26,2,-4,1.75,4,-1.5
24,2,-4,1.75,4,-2
27,2,-4,1.75,5,-0.5
19,2,-4,1.75,5,-1
45,2,-4,1.75,5,-1.5
23,2,-4,1.75,5,-2
446,2,-5,0.25,1,-0.5
227,2,-5,0.25,1,-1
189,2,-5,0.25,1,-1.5
179,2,-5,0.25,1,-2
97,2,-5,0.25,2,-0.5
156,2,-5,0.25,2,-1
235,2,-5,0.25,2,-1.5
367,2,-5,0.25,2,-2
214,2,-5,0.25,3,-0.5
172,2,-5,0.25,3,-1
89,2,-5,0.25,3,-1.5
24,2,-5,0.25,3,-2
459,2,-5,0.25,4,-0.5
159,2,-5,0.25,4,-1
53,2,-5,0.25,4,-1.5
277,2,-5,0.25,4,-2
398,2,-5,0.25,5,-0.5
97,2,-5,0.25,5,-1
183,2,-5,0.25,5,-1.5
34,2,-5,0.25,5,-2
140,2,-5,0.75,1,-0.5
128,2,-5,0.75,1,-1
60,2,-5,0.75,1,-1.5
239,2,-5,0.75,1,-2
81,2,-5,0.75,2,-0.5
22,2,-5,0.75,2,-1
42,2,-5,0.75,2,-1.5
26,2,-5,0.75,2,-2
35,2,-5,0.75,3,-0.5
73,2,-5,0.75,3,-1
79,2,-5,0.75,3,-1.5
51,2,-5,0.75,3,-2
28,2,-5,0.75,4,-0.5
16,2,-5,0.75,4,-1
55,2,-5,0.75,4,-1.5
57,2,-5,0.75,4,-2
48,2,-5,0.75,5,-0.5
32,2,-5,0.75,5,-1
89,2,-5,0.75,5,-1.5
115,2,-5,0.75,5,-2
55,2,-5,1.25,1,-0.5
30,2,-5,1.25,1,-1
54,2,-5,1.25,1,-1.5
82,2,-5,1.25,1,-2
25,2,-5,1.25,2,-0.5
53,2,-5,1.25,2,-1
18,2,-5,1.25,2,-1.5
22,2,-5,1.25,2,-2
37,2,-5,1.25,3,-0.5
24,2,-5,1.25,3,-1
23,2,-5,1.25,3,-1.5
20,2,-5,1.25,3,-2
35,2,-5,1.25,4,-0.5
83,2,-5,1.25,4,-1
25,2,-5,1.25,4,-1.5
15,2,-5,1.25,4,-2
48,2,-5,1.25,5,-0.5
40,2,-5,1.25,5,-1
25,2,-5,1.25,5,-1.5
49,2,-5,1.25,5,-2
74,2,-5,1.75,1,-0.5
53,2,-5,1.75,1,-1
41,2,-5,1.75,1,-1.5
21,2,-5,1.75,1,-2
30,2,-5,1.75,2,-0.5
25,2,-5,1.75,2,-1
33,2,-5,1.75,2,-1.5
53,2,-5,1.75,2,-2
52,2,-5,1.75,3,-0.5
31,2,-5,1.75,3,-1
25,2,-5,1.75,3,-1.5
20,2,-5,1.75,3,-2
41,2,-5,1.75,4,-0.5
53,2,-5,1.75,4,-1
23,2,-5,1.75,4,-1.5
37,2,-5,1.75,4,-2
36,2,-5,1.75,5,-0.5
15,2,-5,1.75,5,-1
35,2,-5,1.75,5,-1.5
25,2,-5,1.75,5,-2
141,3,-1,0.25,1,-0.5
99,3,-1,0.25,1,-1
107,3,-1,0.25,1,-1.5
59,3,-1,0.25,1,-2
180,3,-1,0.25,2,-0.5
95,3,-1,0.25,2,-1
62,3,-1,0.25,2,-1.5
53,3,-1,0.25,2,-2
470,3,-1,0.25,3,-0.5
136,3,-1,0.25,3,-1
203,3,-1,0.25,3,-1.5
45,3,-1,0.25,3,-2
181,3,-1,0.25,4,-0.5
129,3,-1,0.25,4,-1
134,3,-1,0.25,4,-1.5
183,3,-1,0.25,4,-2
92,3,-1,0.25,5,-0.5
116,3,-1,0.25,5,-1
77,3,-1,0.25,5,-1.5
56,3,-1,0.25,5,-2
93,3,-1,0.75,1,-0.5
59,3,-1,0.75,1,-1
33,3,-1,0.75,1,-1.5
19,3,-1,0.75,1,-2
71,3,-1,0.75,2,-0.5
17,3,-1,0.75,2,-1
34,3,-1,0.75,2,-1.5
26,3,-1,0.75,2,-2
65,3,-1,0.75,3,-0.5
41,3,-1,0.75,3,-1
36,3,-1,0.75,3,-1.5
24,3,-1,0.75,3,-2
38,3,-1,0.75,4,-0.5
31,3,-1,0.75,4,-1
26,3,-1,0.75,4,-1.5
52,3,-1,0.75,4,-2
76,3,-1,0.75,5,-0.5
55,3,-1,0.75,5,-1
32,3,-1,0.75,5,-1.5
41,3,-1,0.75,5,-2
113,3,-1,1.25,1,-0.5
51,3,-1,1.25,1,-1
35,3,-1,1.25,1,-1.5
63,3,-1,1.25,1,-2
58,3,-1,1.25,2,-0.5
62,3,-1,1.25,2,-1
68,3,-1,1.25,2,-1.5
36,3,-1,1.25,2,-2
71,3,-1,1.25,3,-0.5
45,3,-1,1.25,3,-1
50,3,-1,1.25,3,-1.5
35,3,-1,1.25,3,-2
41,3,-1,1.25,4,-0.5
46,3,-1,1.25,4,-1
58,3,-1,1.25,4,-1.5
47,3,-1,1.25,4,-2
77,3,-1,1.25,5,-0.5
75,3,-1,1.25,5,-1
43,3,-1,1.25,5,-1.5
60,3,-1,1.25,5,-2
144,3,-1,1.75,1,-0.5
111,3,-1,1.75,1,-1
62,3,-1,1.75,1,-1.5
80,3,-1,1.75,1,-2
102,3,-1,1.75,2,-0.5
86,3,-1,1.75,2,-1
75,3,-1,1.75,2,-1.5
76,3,-1,1.75,2,-2
111,3,-1,1.75,3,-0.5
88,3,-1,1.75,3,-1
72,3,-1,1.75,3,-1.5
38,3,-1,1.75,3,-2
94,3,-1,1.75,4,-0.5
77,3,-1,1.75,4,-1
55,3,-1,1.75,4,-1.5
63,3,-1,1.75,4,-2
115,3,-1,1.75,5,-0.5
53,3,-1,1.75,5,-1
78,3,-1,1.75,5,-1.5
82,3,-1,1.75,5,-2
163,3,-2,0.25,1,-0.5
193,3,-2,0.25,1,-1
80,3,-2,0.25,1,-1.5
39,3,-2,0.25,1,-2
375,3,-2,0.25,2,-0.5
252,3,-2,0.25,2,-1
316,3,-2,0.25,2,-1.5
114,3,-2,0.25,2,-2
92,3,-2,0.25,3,-0.5
67,3,-2,0.25,3,-1
110,3,-2,0.25,3,-1.5
35,3,-2,0.25,3,-2
163,3,-2,0.25,4,-0.5
343,3,-2,0.25,4,-1
128,3,-2,0.25,4,-1.5
75,3,-2,0.25,4,-2
179,3,-2,0.25,5,-0.5
144,3,-2,0.25,5,-1
359,3,-2,0.25,5,-1.5
28,3,-2,0.25,5,-2
60,3,-2,0.75,1,-0.5
25,3,-2,0.75,1,-1
40,3,-2,0.75,1,-1.5
28,3,-2,0.75,1,-2
63,3,-2,0.75,2,-0.5
51,3,-2,0.75,2,-1
17,3,-2,0.75,2,-1.5
44,3,-2,0.75,2,-2
40,3,-2,0.75,3,-0.5
51,3,-2,0.75,3,-1
42,3,-2,0.75,3,-1.5
53,3,-2,0.75,3,-2
29,3,-2,0.75,4,-0.5
29,3,-2,0.75,4,-1
34,3,-2,0.75,4,-1.5
21,3,-2,0.75,4,-2
63,3,-2,0.75,5,-0.5
64,3,-2,0.75,5,-1
43,3,-2,0.75,5,-1.5
38,3,-2,0.75,5,-2
42,3,-2,1.25,1,-0.5
27,3,-2,1.25,1,-1
47,3,-2,1.25,1,-1.5
46,3,-2,1.25,1,-2
36,3,-2,1.25,2,-0.5
39,3,-2,1.25,2,-1
25,3,-2,1.25,2,-1.5
14,3,-2,1.25,2,-2
57,3,-2,1.25,3,-0.5
27,3,-2,1.25,3,-1
45,3,-2,1.25,3,-1.5
14,3,-2,1.25,3,-2
45,3,-2,1.25,4,-0.5
52,3,-2,1.25,4,-1
38,3,-2,1.25,4,-1.5
22,3,-2,1.25,4,-2
38,3,-2,1.25,5,-0.5
24,3,-2,1.25,5,-1
34,3,-2,1.25,5,-1.5
40,3,-2,1.25,5,-2
84,3,-2,1.75,1,-0.5
83,3,-2,1.75,1,-1
58,3,-2,1.75,1,-1.5
36,3,-2,1.75,1,-2
39,3,-2,1.75,2,-0.5
61,3,-2,1.75,2,-1
66,3,-2,1.75,2,-1.5
32,3,-2,1.75,2,-2
81,3,-2,1.75,3,-0.5
54,3,-2,1.75,3,-1
34,3,-2,1.75,3,-1.5
27,3,-2,1.75,3,-2
30,3,-2,1.75,4,-0.5
47,3,-2,1.75,4,-1
52,3,-2,1.75,4,-1.5
30,3,-2,1.75,4,-2
63,3,-2,1.75,5,-0.5
66,3,-2,1.75,5,-1
39,3,-2,1.75,5,-1.5
27,3,-2,1.75,5,-2
388,3,-3,0.25,1,-0.5
296,3,-3,0.25,1,-1
120,3,-3,0.25,1,-1.5
56,3,-3,0.25,1,-2
455,3,-3,0.25,2,-0.5
163,3,-3,0.25,2,-1
87,3,-3,0.25,2,-1.5
19,3,-3,0.25,2,-2
72,3,-3,0.25,3,-0.5
291,3,-3,0.25,3,-1
64,3,-3,0.25,3,-1.5
66,3,-3,0.25,3,-2
47,3,-3,0.25,4,-0.5
160,3,-3,0.25,4,-1
104,3,-3,0.25,4,-1.5
113,3,-3,0.25,4,-2
106,3,-3,0.25,5,-0.5
61,3,-3,0.25,5,-1
363,3,-3,0.25,5,-1.5
97,3,-3,0.25,5,-2
87,3,-3,0.75,1,-0.5
59,3,-3,0.75,1,-1
46,3,-3,0.75,1,-1.5
31,3,-3,0.75,1,-2
40,3,-3,0.75,2,-0.5
45,3,-3,0.75,2,-1
27,3,-3,0.75,2,-1.5
36,3,-3,0.75,2,-2
210,3,-3,0.75,3,-0.5
117,3,-3,0.75,3,-1
34,3,-3,0.75,3,-1.5
19,3,-3,0.75,3,-2
70,3,-3,0.75,4,-0.5
65,3,-3,0.75,4,-1
39,3,-3,0.75,4,-1.5
27,3,-3,0.75,4,-2
313,3,-3,0.75,5,-0.5
38,3,-3,0.75,5,-1
60,3,-3,0.75,5,-1.5
39,3,-3,0.75,5,-2
46,3,-3,1.25,1,-0.5
20,3,-3,1.25,1,-1
54,3,-3,1.25,1,-1.5
41,3,-3,1.25,1,-2
36,3,-3,1.25,2,-0.5
19,3,-3,1.25,2,-1
19,3,-3,1.25,2,-1.5
30,3,-3,1.25,2,-2
27,3,-3,1.25,3,-0.5
27,3,-3,1.25,3,-1
24,3,-3,1.25,3,-1.5
22,3,-3,1.25,3,-2
48,3,-3,1.25,4,-0.5
39,3,-3,1.25,4,-1
25,3,-3,1.25,4,-1.5
26,3,-3,1.25,4,-2
59,3,-3,1.25,5,-0.5
29,3,-3,1.25,5,-1
21,3,-3,1.25,5,-1.5
18,3,-3,1.25,5,-2
52,3,-3,1.75,1,-0.5
60,3,-3,1.75,1,-1
27,3,-3,1.75,1,-1.5
27,3,-3,1.75,1,-2
59,3,-3,1.75,2,-0.5
33,3,-3,1.75,2,-1
33,3,-3,1.75,2,-1.5
17,3,-3,1.75,2,-2
61,3,-3,1.75,3,-0.5
34,3,-3,1.75,3,-1
30,3,-3,1.75,3,-1.5
51,3,-3,1.75,3,-2
30,3,-3,1.75,4,-0.5
70,3,-3,1.75,4,-1
25,3,-3,1.75,4,-1.5
21,3,-3,1.75,4,-2
40,3,-3,1.75,5,-0.5
39,3,-3,1.75,5,-1
26,3,-3,1.75,5,-1.5
46,3,-3,1.75,5,-2
209,3,-4,0.25,1,-0.5
113,3,-4,0.25,1,-1
147,3,-4,0.25,1,-1.5
55,3,-4,0.25,1,-2
336,3,-4,0.25,2,-0.5
227,3,-4,0.25,2,-1
53,3,-4,0.25,2,-1.5
68,3,-4,0.25,2,-2
405,3,-4,0.25,3,-0.5
145,3,-4,0.25,3,-1
100,3,-4,0.25,3,-1.5
64,3,-4,0.25,3,-2
197,3,-4,0.25,4,-0.5
430,3,-4,0.25,4,-1
183,3,-4,0.25,4,-1.5
240,3,-4,0.25,4,-2
163,3,-4,0.25,5,-0.5
430,3,-4,0.25,5,-1
117,3,-4,0.25,5,-1.5
145,3,-4,0.25,5,-2
64,3,-4,0.75,1,-0.5
38,3,-4,0.75,1,-1
66,3,-4,0.75,1,-1.5
22,3,-4,0.75,1,-2
116,3,-4,0.75,2,-0.5
65,3,-4,0.75,2,-1
52,3,-4,0.75,2,-1.5
56,3,-4,0.75,2,-2
26,3,-4,0.75,3,-0.5
35,3,-4,0.75,3,-1
65,3,-4,0.75,3,-1.5
56,3,-4,0.75,3,-2
59,3,-4,0.75,4,-0.5
19,3,-4,0.75,4,-1
77,3,-4,0.75,4,-1.5
20,3,-4,0.75,4,-2
33,3,-4,0.75,5,-0.5
57,3,-4,0.75,5,-1
213,3,-4,0.75,5,-1.5
24,3,-4,0.75,5,-2
31,3,-4,1.25,1,-0.5
62,3,-4,1.25,1,-1
22,3,-4,1.25,1,-1.5
18,3,-4,1.25,1,-2
21,3,-4,1.25,2,-0.5
39,3,-4,1.25,2,-1
30,3,-4,1.25,2,-1.5
39,3,-4,1.25,2,-2
129,3,-4,1.25,3,-0.5
19,3,-4,1.25,3,-1
18,3,-4,1.25,3,-1.5
18,3,-4,1.25,3,-2
39,3,-4,1.25,4,-0.5
18,3,-4,1.25,4,-1
28,3,-4,1.25,4,-1.5
17,3,-4,1.25,4,-2
34,3,-4,1.25,5,-0.5
20,3,-4,1.25,5,-1
40,3,-4,1.25,5,-1.5
23,3,-4,1.25,5,-2
44,3,-4,1.75,1,-0.5
28,3,-4,1.75,1,-1
28,3,-4,1.75,1,-1.5
20,3,-4,1.75,1,-2
66,3,-4,1.75,2,-0.5
20,3,-4,1.75,2,-1
23,3,-4,1.75,2,-1.5
44,3,-4,1.75,2,-2
50,3,-4,1.75,3,-0.5
53,3,-4,1.75,3,-1
19,3,-4,1.75,3,-1.5
32,3,-4,1.75,3,-2
22,3,-4,1.75,4,-0.5
23,3,-4,1.75,4,-1
49,3,-4,1.75,4,-1.5
25,3,-4,1.75,4,-2
30,3,-4,1.75,5,-0.5
24,3,-4,1.75,5,-1
15,3,-4,1.75,5,-1.5
30,3,-4,1.75,5,-2
313,3,-5,0.25,1,-0.5
408,3,-5,0.25,1,-1
347,3,-5,0.25,1,-1.5
355,3,-5,0.25,1,-2
293,3,-5,0.25,2,-0.5
217,3,-5,0.25,2,-1
157,3,-5,0.25,2,-1.5
280,3,-5,0.25,2,-2
271,3,-5,0.25,3,-0.5
240,3,-5,0.25,3,-1
155,3,-5,0.25,3,-1.5
242,3,-5,0.25,3,-2
411,3,-5,0.25,4,-0.5
342,3,-5,0.25,4,-1
150,3,-5,0.25,4,-1.5
201,3,-5,0.25,4,-2
411,3,-5,0.25,5,-0.5
340,3,-5,0.25,5,-1
206,3,-5,0.25,5,-1.5
185,3,-5,0.25,5,-2
75,3,-5,0.75,1,-0.5
31,3,-5,0.75,1,-1
29,3,-5,0.75,1,-1.5
35,3,-5,0.75,1,-2
44,3,-5,0.75,2,-0.5
190,3,-5,0.75,2,-1
68,3,-5,0.75,2,-1.5
55,3,-5,0.75,2,-2
74,3,-5,0.75,3,-0.5
391,3,-5,0.75,3,-1
63,3,-5,0.75,3,-1.5
325,3,-5,0.75,3,-2
30,3,-5,0.75,4,-0.5
200,3,-5,0.75,4,-1
32,3,-5,0.75,4,-1.5
91,3,-5,0.75,4,-2
332,3,-5,0.75,5,-0.5
47,3,-5,0.75,5,-1
361,3,-5,0.75,5,-1.5
40,3,-5,0.75,5,-2
128,3,-5,1.25,1,-0.5
28,3,-5,1.25,1,-1
25,3,-5,1.25,1,-1.5
82,3,-5,1.25,1,-2
58,3,-5,1.25,2,-0.5
24,3,-5,1.25,2,-1
31,3,-5,1.25,2,-1.5
50,3,-5,1.25,2,-2
36,3,-5,1.25,3,-0.5
33,3,-5,1.25,3,-1
68,3,-5,1.25,3,-1.5
22,3,-5,1.25,3,-2
29,3,-5,1.25,4,-0.5
25,3,-5,1.25,4,-1
23,3,-5,1.25,4,-1.5
15,3,-5,1.25,4,-2
139,3,-5,1.25,5,-0.5
23,3,-5,1.25,5,-1
24,3,-5,1.25,5,-1.5
23,3,-5,1.25,5,-2
40,3,-5,1.75,1,-0.5
24,3,-5,1.75,1,-1
28,3,-5,1.75,1,-1.5
23,3,-5,1.75,1,-2
45,3,-5,1.75,2,-0.5
20,3,-5,1.75,2,-1
23,3,-5,1.75,2,-1.5
51,3,-5,1.75,2,-2
64,3,-5,1.75,3,-0.5
22,3,-5,1.75,3,-1
20,3,-5,1.75,3,-1.5
31,3,-5,1.75,3,-2
16,3,-5,1.75,4,-0.5
53,3,-5,1.75,4,-1
24,3,-5,1.75,4,-1.5
24,3,-5,1.75,4,-2
33,3,-5,1.75,5,-0.5
18,3,-5,1.75,5,-1
15,3,-5,1.75,5,-1.5
29,3,-5,1.75,5,-2
419,4,-1,0.25,1,-0.5
169,4,-1,0.25,1,-1
132,4,-1,0.25,1,-1.5
60,4,-1,0.25,1,-2
140,4,-1,0.25,2,-0.5
125,4,-1,0.25,2,-1
135,4,-1,0.25,2,-1.5
54,4,-1,0.25,2,-2
195,4,-1,0.25,3,-0.5
187,4,-1,0.25,3,-1
50,4,-1,0.25,3,-1.5
79,4,-1,0.25,3,-2
130,4,-1,0.25,4,-0.5
73,4,-1,0.25,4,-1
105,4,-1,0.25,4,-1.5
68,4,-1,0.25,4,-2
272,4,-1,0.25,5,-0.5
100,4,-1,0.25,5,-1
97,4,-1,0.25,5,-1.5
74,4,-1,0.25,5,-2
79,4,-1,0.75,1,-0.5
61,4,-1,0.75,1,-1
64,4,-1,0.75,1,-1.5
42,4,-1,0.75,1,-2
122,4,-1,0.75,2,-0.5
76,4,-1,0.75,2,-1
78,4,-1,0.75,2,-1.5
52,4,-1,0.75,2,-2
129,4,-1,0.75,3,-0.5
109,4,-1,0.75,3,-1
37,4,-1,0.75,3,-1.5
46,4,-1,0.75,3,-2
66,4,-1,0.75,4,-0.5
57,4,-1,0.75,4,-1
69,4,-1,0.75,4,-1.5
61,4,-1,0.75,4,-2
63,4,-1,0.75,5,-0.5
68,4,-1,0.75,5,-1
57,4,-1,0.75,5,-1.5
41,4,-1,0.75,5,-2
98,4,-1,1.25,1,-0.5
95,4,-1,1.25,1,-1
58,4,-1,1.25,1,-1.5
53,4,-1,1.25,1,-2
85,4,-1,1.25,2,-0.5
82,4,-1,1.25,2,-1
61,4,-1,1.25,2,-1.5
66,4,-1,1.25,2,-2
82,4,-1,1.25,3,-0.5
48,4,-1,1.25,3,-1
76,4,-1,1.25,3,-1.5
57,4,-1,1.25,3,-2
38,4,-1,1.25,4,-0.5
66,4,-1,1.25,4,-1
61,4,-1,1.25,4,-1.5
35,4,-1,1.25,4,-2
85,4,-1,1.25,5,-0.5
76,4,-1,1.25,5,-1
53,4,-1,1.25,5,-1.5
56,4,-1,1.25,5,-2
111,4,-1,1.75,1,-0.5
96,4,-1,1.75,1,-1
76,4,-1,1.75,1,-1.5
54,4,-1,1.75,1,-2
101,4,-1,1.75,2,-0.5
88,4,-1,1.75,2,-1
86,4,-1,1.75,2,-1.5
65,4,-1,1.75,2,-2
67,4,-1,1.75,3,-0.5
82,4,-1,1.75,3,-1
57,4,-1,1.75,3,-1.5
67,4,-1,1.75,3,-2
77,4,-1,1.75,4,-0.5
58,4,-1,1.75,4,-1
86,4,-1,1.75,4,-1.5
37,4,-1,1.75,4,-2
84,4,-1,1.75,5,-0.5
73,4,-1,1.75,5,-1
46,4,-1,1.75,5,-1.5
51,4,-1,1.75,5,-2
440,4,-2,0.25,1,-0.5
244,4,-2,0.25,1,-1
355,4,-2,0.25,1,-1.5
57,4,-2,0.25,1,-2
129,4,-2,0.25,2,-0.5
109,4,-2,0.25,2,-1
72,4,-2,0.25,2,-1.5
74,4,-2,0.25,2,-2
130,4,-2,0.25,3,-0.5
398,4,-2,0.25,3,-1
29,4,-2,0.25,3,-1.5
22,4,-2,0.25,3,-2
156,4,-2,0.25,4,-0.5
155,4,-2,0.25,4,-1
107,4,-2,0.25,4,-1.5
159,4,-2,0.25,4,-2
181,4,-2,0.25,5,-0.5
119,4,-2,0.25,5,-1
92,4,-2,0.25,5,-1.5
111,4,-2,0.25,5,-2
153,4,-2,0.75,1,-0.5
82,4,-2,0.75,1,-1
51,4,-2,0.75,1,-1.5
56,4,-2,0.75,1,-2
81,4,-2,0.75,2,-0.5
65,4,-2,0.75,2,-1
34,4,-2,0.75,2,-1.5
21,4,-2,0.75,2,-2
62,4,-2,0.75,3,-0.5
53,4,-2,0.75,3,-1
23,4,-2,0.75,3,-1.5
42,4,-2,0.75,3,-2
72,4,-2,0.75,4,-0.5
40,4,-2,0.75,4,-1
62,4,-2,0.75,4,-1.5
62,4,-2,0.75,4,-2
122,4,-2,0.75,5,-0.5
99,4,-2,0.75,5,-1
30,4,-2,0.75,5,-1.5
32,4,-2,0.75,5,-2
87,4,-2,1.25,1,-0.5
50,4,-2,1.25,1,-1
79,4,-2,1.25,1,-1.5
26,4,-2,1.25,1,-2
50,4,-2,1.25,2,-0.5
34,4,-2,1.25,2,-1
51,4,-2,1.25,2,-1.5
46,4,-2,1.25,2,-2
32,4,-2,1.25,3,-0.5
25,4,-2,1.25,3,-1
43,4,-2,1.25,3,-1.5
25,4,-2,1.25,3,-2
50,4,-2,1.25,4,-0.5
19,4,-2,1.25,4,-1
19,4,-2,1.25,4,-1.5
35,4,-2,1.25,4,-2
39,4,-2,1.25,5,-0.5
40,4,-2,1.25,5,-1
31,4,-2,1.25,5,-1.5
42,4,-2,1.25,5,-2
102,4,-2,1.75,1,-0.5
72,4,-2,1.75,1,-1
56,4,-2,1.75,1,-1.5
31,4,-2,1.75,1,-2
89,4,-2,1.75,2,-0.5
66,4,-2,1.75,2,-1
58,4,-2,1.75,2,-1.5
27,4,-2,1.75,2,-2
59,4,-2,1.75,3,-0.5
39,4,-2,1.75,3,-1
28,4,-2,1.75,3,-1.5
27,4,-2,1.75,3,-2
64,4,-2,1.75,4,-0.5
65,4,-2,1.75,4,-1
44,4,-2,1.75,4,-1.5
36,4,-2,1.75,4,-2
52,4,-2,1.75,5,-0.5
43,4,-2,1.75,5,-1
36,4,-2,1.75,5,-1.5
32,4,-2,1.75,5,-2
240,4,-3,0.25,1,-0.5
76,4,-3,0.25,1,-1
200,4,-3,0.25,1,-1.5
99,4,-3,0.25,1,-2
316,4,-3,0.25,2,-0.5
269,4,-3,0.25,2,-1
149,4,-3,0.25,2,-1.5
32,4,-3,0.25,2,-2
131,4,-3,0.25,3,-0.5
321,4,-3,0.25,3,-1
305,4,-3,0.25,3,-1.5
148,4,-3,0.25,3,-2
93,4,-3,0.25,4,-0.5
85,4,-3,0.25,4,-1
133,4,-3,0.25,4,-1.5
31,4,-3,0.25,4,-2
368,4,-3,0.25,5,-0.5
156,4,-3,0.25,5,-1
139,4,-3,0.25,5,-1.5
86,4,-3,0.25,5,-2
95,4,-3,0.75,1,-0.5
153,4,-3,0.75,1,-1
19,4,-3,0.75,1,-1.5
148,4,-3,0.75,1,-2
517,4,-3,0.75,2,-0.5
25,4,-3,0.75,2,-1
44,4,-3,0.75,2,-1.5
218,4,-3,0.75,2,-2
417,4,-3,0.75,3,-0.5
31,4,-3,0.75,3,-1
24,4,-3,0.75,3,-1.5
28,4,-3,0.75,3,-2
153,4,-3,0.75,4,-0.5
46,4,-3,0.75,4,-1
24,4,-3,0.75,4,-1.5
169,4,-3,0.75,4,-2
65,4,-3,0.75,5,-0.5
32,4,-3,0.75,5,-1
23,4,-3,0.75,5,-1.5
16,4,-3,0.75,5,-2
51,4,-3,1.25,1,-0.5
30,4,-3,1.25,1,-1
43,4,-3,1.25,1,-1.5
48,4,-3,1.25,1,-2
15,4,-3,1.25,2,-0.5
33,4,-3,1.25,2,-1
45,4,-3,1.25,2,-1.5
24,4,-3,1.25,2,-2
56,4,-3,1.25,3,-0.5
59,4,-3,1.25,3,-1
67,4,-3,1.25,3,-1.5
31,4,-3,1.25,3,-2
33,4,-3,1.25,4,-0.5
91,4,-3,1.25,4,-1
25,4,-3,1.25,4,-1.5
20,4,-3,1.25,4,-2
18,4,-3,1.25,5,-0.5
17,4,-3,1.25,5,-1
27,4,-3,1.25,5,-1.5
23,4,-3,1.25,5,-2
70,4,-3,1.75,1,-0.5
30,4,-3,1.75,1,-1
23,4,-3,1.75,1,-1.5
36,4,-3,1.75,1,-2
62,4,-3,1.75,2,-0.5
36,4,-3,1.75,2,-1
30,4,-3,1.75,2,-1.5
19,4,-3,1.75,2,-2
40,4,-3,1.75,3,-0.5
44,4,-3,1.75,3,-1
27,4,-3,1.75,3,-1.5
28,4,-3,1.75,3,-2
51,4,-3,1.75,4,-0.5
34,4,-3,1.75,4,-1
48,4,-3,1.75,4,-1.5
23,4,-3,1.75,4,-2
49,4,-3,1.75,5,-0.5
21,4,-3,1.75,5,-1
28,4,-3,1.75,5,-1.5
34,4,-3,1.75,5,-2
356,4,-4,0.25,1,-0.5
245,4,-4,0.25,1,-1
389,4,-4,0.25,1,-1.5
355,4,-4,0.25,1,-2
384,4,-4,0.25,2,-0.5
256,4,-4,0.25,2,-1
89,4,-4,0.25,2,-1.5
122,4,-4,0.25,2,-2
212,4,-4,0.25,3,-0.5
151,4,-4,0.25,3,-1
365,4,-4,0.25,3,-1.5
91,4,-4,0.25,3,-2
326,4,-4,0.25,4,-0.5
84,4,-4,0.25,4,-1
322,4,-4,0.25,4,-1.5
95,4,-4,0.25,4,-2
189,4,-4,0.25,5,-0.5
204,4,-4,0.25,5,-1
368,4,-4,0.25,5,-1.5
157,4,-4,0.25,5,-2
337,4,-4,0.75,1,-0.5
39,4,-4,0.75,1,-1
82,4,-4,0.75,1,-1.5
34,4,-4,0.75,1,-2
43,4,-4,0.75,2,-0.5
39,4,-4,0.75,2,-1
414,4,-4,0.75,2,-1.5
85,4,-4,0.75,2,-2
357,4,-4,0.75,3,-0.5
176,4,-4,0.75,3,-1
53,4,-4,0.75,3,-1.5
24,4,-4,0.75,3,-2
398,4,-4,0.75,4,-0.5
49,4,-4,0.75,4,-1
49,4,-4,0.75,4,-1.5
87,4,-4,0.75,4,-2
158,4,-4,0.75,5,-0.5
23,4,-4,0.75,5,-1
86,4,-4,0.75,5,-1.5
112,4,-4,0.75,5,-2
52,4,-4,1.25,1,-0.5
59,4,-4,1.25,1,-1
42,4,-4,1.25,1,-1.5
45,4,-4,1.25,1,-2
35,4,-4,1.25,2,-0.5
87,4,-4,1.25,2,-1
110,4,-4,1.25,2,-1.5
60,4,-4,1.25,2,-2
54,4,-4,1.25,3,-0.5
42,4,-4,1.25,3,-1
21,4,-4,1.25,3,-1.5
73,4,-4,1.25,3,-2
43,4,-4,1.25,4,-0.5
75,4,-4,1.25,4,-1
60,4,-4,1.25,4,-1.5
26,4,-4,1.25,4,-2
105,4,-4,1.25,5,-0.5
26,4,-4,1.25,5,-1
25,4,-4,1.25,5,-1.5
18,4,-4,1.25,5,-2
68,4,-4,1.75,1,-0.5
45,4,-4,1.75,1,-1
38,4,-4,1.75,1,-1.5
27,4,-4,1.75,1,-2
43,4,-4,1.75,2,-0.5
27,4,-4,1.75,2,-1
24,4,-4,1.75,2,-1.5
45,4,-4,1.75,2,-2
44,4,-4,1.75,3,-0.5
22,4,-4,1.75,3,-1
52,4,-4,1.75,3,-1.5
73,4,-4,1.75,3,-2
41,4,-4,1.75,4,-0.5
32,4,-4,1.75,4,-1
260,4,-4,1.75,4,-1.5
24,4,-4,1.75,4,-2
47,4,-4,1.75,5,-0.5
32,4,-4,1.75,5,-1
23,4,-4,1.75,5,-1.5
26,4,-4,1.75,5,-2
312,4,-5,0.25,1,-0.5
308,4,-5,0.25,1,-1
72,4,-5,0.25,1,-1.5
77,4,-5,0.25,1,-2
231,4,-5,0.25,2,-0.5
293,4,-5,0.25,2,-1
404,4,-5,0.25,2,-1.5
112,4,-5,0.25,2,-2
274,4,-5,0.25,3,-0.5
79,4,-5,0.25,3,-1
116,4,-5,0.25,3,-1.5
116,4,-5,0.25,3,-2
136,4,-5,0.25,4,-0.5
391,4,-5,0.25,4,-1
348,4,-5,0.25,4,-1.5
49,4,-5,0.25,4,-2
178,4,-5,0.25,5,-0.5
382,4,-5,0.25,5,-1
357,4,-5,0.25,5,-1.5
75,4,-5,0.25,5,-2
391,4,-5,0.75,1,-0.5
202,4,-5,0.75,1,-1
173,4,-5,0.75,1,-1.5
149,4,-5,0.75,1,-2
284,4,-5,0.75,2,-0.5
51,4,-5,0.75,2,-1
113,4,-5,0.75,2,-1.5
95,4,-5,0.75,2,-2
70,4,-5,0.75,3,-0.5
41,4,-5,0.75,3,-1
51,4,-5,0.75,3,-1.5
107,4,-5,0.75,3,-2
180,4,-5,0.75,4,-0.5
330,4,-5,0.75,4,-1
157,4,-5,0.75,4,-1.5
30,4,-5,0.75,4,-2
96,4,-5,0.75,5,-0.5
351,4,-5,0.75,5,-1
50,4,-5,0.75,5,-1.5
251,4,-5,0.75,5,-2
48,4,-5,1.25,1,-0.5
100,4,-5,1.25,1,-1
27,4,-5,1.25,1,-1.5
208,4,-5,1.25,1,-2
27,4,-5,1.25,2,-0.5
38,4,-5,1.25,2,-1
135,4,-5,1.25,2,-1.5
20,4,-5,1.25,2,-2
351,4,-5,1.25,3,-0.5
32,4,-5,1.25,3,-1
38,4,-5,1.25,3,-1.5
16,4,-5,1.25,3,-2
106,4,-5,1.25,4,-0.5
263,4,-5,1.25,4,-1
81,4,-5,1.25,4,-1.5
17,4,-5,1.25,4,-2
100,4,-5,1.25,5,-0.5
341,4,-5,1.25,5,-1
25,4,-5,1.25,5,-1.5
23,4,-5,1.25,5,-2
90,4,-5,1.75,1,-0.5
30,4,-5,1.75,1,-1
35,4,-5,1.75,1,-1.5
26,4,-5,1.75,1,-2
46,4,-5,1.75,2,-0.5
27,4,-5,1.75,2,-1
28,4,-5,1.75,2,-1.5
18,4,-5,1.75,2,-2
29,4,-5,1.75,3,-0.5
30,4,-5,1.75,3,-1
52,4,-5,1.75,3,-1.5
20,4,-5,1.75,3,-2
38,4,-5,1.75,4,-0.5
53,4,-5,1.75,4,-1
21,4,-5,1.75,4,-1.5
16,4,-5,1.75,4,-2
26,4,-5,1.75,5,-0.5
15,4,-5,1.75,5,-1
31,4,-5,1.75,5,-1.5
21,4,-5,1.75,5,-2
196,5,-1,0.25,1,-0.5
153,5,-1,0.25,1,-1
101,5,-1,0.25,1,-1.5
155,5,-1,0.25,1,-2
162,5,-1,0.25,2,-0.5
117,5,-1,0.25,2,-1
188,5,-1,0.25,2,-1.5
84,5,-1,0.25,2,-2
218,5,-1,0.25,3,-0.5
207,5,-1,0.25,3,-1
148,5,-1,0.25,3,-1.5
88,5,-1,0.25,3,-2
190,5,-1,0.25,4,-0.5
127,5,-1,0.25,4,-1
82,5,-1,0.25,4,-1.5
92,5,-1,0.25,4,-2
179,5,-1,0.25,5,-0.5
148,5,-1,0.25,5,-1
106,5,-1,0.25,5,-1.5
122,5,-1,0.25,5,-2
141,5,-1,0.75,1,-0.5
135,5,-1,0.75,1,-1
113,5,-1,0.75,1,-1.5
75,5,-1,0.75,1,-2
114,5,-1,0.75,2,-0.5
94,5,-1,0.75,2,-1
117,5,-1,0.75,2,-1.5
53,5,-1,0.75,2,-2
117,5,-1,0.75,3,-0.5
102,5,-1,0.75,3,-1
82,5,-1,0.75,3,-1.5
63,5,-1,0.75,3,-2
115,5,-1,0.75,4,-0.5
132,5,-1,0.75,4,-1
106,5,-1,0.75,4,-1.5
46,5,-1,0.75,4,-2
72,5,-1,0.75,5,-0.5
58,5,-1,0.75,5,-1
41,5,-1,0.75,5,-1.5
80,5,-1,0.75,5,-2
132,5,-1,1.25,1,-0.5
127,5,-1,1.25,1,-1
68,5,-1,1.25,1,-1.5
85,5,-1,1.25,1,-2
116,5,-1,1.25,2,-0.5
85,5,-1,1.25,2,-1
78,5,-1,1.25,2,-1.5
48,5,-1,1.25,2,-2
82,5,-1,1.25,3,-0.5
59,5,-1,1.25,3,-1
59,5,-1,1.25,3,-1.5
42,5,-1,1.25,3,-2
88,5,-1,1.25,4,-0.5
91,5,-1,1.25,4,-1
47,5,-1,1.25,4,-1.5
86,5,-1,1.25,4,-2
96,5,-1,1.25,5,-0.5
97,5,-1,1.25,5,-1
24,5,-1,1.25,5,-1.5
38,5,-1,1.25,5,-2
131,5,-1,1.75,1,-0.5
76,5,-1,1.75,1,-1
120,5,-1,1.75,1,-1.5
71,5,-1,1.75,1,-2
121,5,-1,1.75,2,-0.5
111,5,-1,1.75,2,-1
64,5,-1,1.75,2,-1.5
79,5,-1,1.75,2,-2
69,5,-1,1.75,3,-0.5
97,5,-1,1.75,3,-1
69,5,-1,1.75,3,-1.5
70,5,-1,1.75,3,-2
126,5,-1,1.75,4,-0.5
56,5,-1,1.75,4,-1
41,5,-1,1.75,4,-1.5
73,5,-1,1.75,4,-2
56,5,-1,1.75,5,-0.5
83,5,-1,1.75,5,-1
66,5,-1,1.75,5,-1.5
71,5,-1,1.75,5,-2
362,5,-2,0.25,1,-0.5
257,5,-2,0.25,1,-1
115,5,-2,0.25,1,-1.5
122,5,-2,0.25,1,-2
152,5,-2,0.25,2,-0.5
123,5,-2,0.25,2,-1
103,5,-2,0.25,2,-1.5
106,5,-2,0.25,2,-2
248,5,-2,0.25,3,-0.5
373,5,-2,0.25,3,-1
174,5,-2,0.25,3,-1.5
100,5,-2,0.25,3,-2
81,5,-2,0.25,4,-0.5
233,5,-2,0.25,4,-1
146,5,-2,0.25,4,-1.5
52,5,-2,0.25,4,-2
247,5,-2,0.25,5,-0.5
79,5,-2,0.25,5,-1
312,5,-2,0.25,5,-1.5
194,5,-2,0.25,5,-2
123,5,-2,0.75,1,-0.5
113,5,-2,0.75,1,-1
92,5,-2,0.75,1,-1.5
64,5,-2,0.75,1,-2
115,5,-2,0.75,2,-0.5
124,5,-2,0.75,2,-1
121,5,-2,0.75,2,-1.5
61,5,-2,0.75,2,-2
109,5,-2,0.75,3,-0.5
189,5,-2,0.75,3,-1
83,5,-2,0.75,3,-1.5
56,5,-2,0.75,3,-2
376,5,-2,0.75,4,-0.5
107,5,-2,0.75,4,-1
83,5,-2,0.75,4,-1.5
65,5,-2,0.75,4,-2
83,5,-2,0.75,5,-0.5
96,5,-2,0.75,5,-1
81,5,-2,0.75,5,-1.5
101,5,-2,0.75,5,-2
75,5,-2,1.25,1,-0.5
66,5,-2,1.25,1,-1
43,5,-2,1.25,1,-1.5
94,5,-2,1.25,1,-2
92,5,-2,1.25,2,-0.5
86,5,-2,1.25,2,-1
47,5,-2,1.25,2,-1.5
58,5,-2,1.25,2,-2
72,5,-2,1.25,3,-0.5
32,5,-2,1.25,3,-1
25,5,-2,1.25,3,-1.5
64,5,-2,1.25,3,-2
90,5,-2,1.25,4,-0.5
62,5,-2,1.25,4,-1
62,5,-2,1.25,4,-1.5
24,5,-2,1.25,4,-2
49,5,-2,1.25,5,-0.5
63,5,-2,1.25,5,-1
38,5,-2,1.25,5,-1.5
47,5,-2,1.25,5,-2
54,5,-2,1.75,1,-0.5
48,5,-2,1.75,1,-1
54,5,-2,1.75,1,-1.5
47,5,-2,1.75,1,-2
86,5,-2,1.75,2,-0.5
46,5,-2,1.75,2,-1
59,5,-2,1.75,2,-1.5
31,5,-2,1.75,2,-2
69,5,-2,1.75,3,-0.5
56,5,-2,1.75,3,-1
45,5,-2,1.75,3,-1.5
24,5,-2,1.75,3,-2
85,5,-2,1.75,4,-0.5
61,5,-2,1.75,4,-1
54,5,-2,1.75,4,-1.5
32,5,-2,1.75,4,-2
55,5,-2,1.75,5,-0.5
70,5,-2,1.75,5,-1
40,5,-2,1.75,5,-1.5
25,5,-2,1.75,5,-2
410,5,-3,0.25,1,-0.5
127,5,-3,0.25,1,-1
106,5,-3,0.25,1,-1.5
127,5,-3,0.25,1,-2
157,5,-3,0.25,2,-0.5
176,5,-3,0.25,2,-1
224,5,-3,0.25,2,-1.5
55,5,-3,0.25,2,-2
349,5,-3,0.25,3,-0.5
202,5,-3,0.25,3,-1
171,5,-3,0.25,3,-1.5
403,5,-3,0.25,3,-2
226,5,-3,0.25,4,-0.5
408,5,-3,0.25,4,-1
43,5,-3,0.25,4,-1.5
88,5,-3,0.25,4,-2
260,5,-3,0.25,5,-0.5
72,5,-3,0.25,5,-1
99,5,-3,0.25,5,-1.5
118,5,-3,0.25,5,-2
81,5,-3,0.75,1,-0.5
146,5,-3,0.75,1,-1
73,5,-3,0.75,1,-1.5
219,5,-3,0.75,1,-2
104,5,-3,0.75,2,-0.5
90,5,-3,0.75,2,-1
61,5,-3,0.75,2,-1.5
57,5,-3,0.75,2,-2
64,5,-3,0.75,3,-0.5
197,5,-3,0.75,3,-1
91,5,-3,0.75,3,-1.5
70,5,-3,0.75,3,-2
64,5,-3,0.75,4,-0.5
60,5,-3,0.75,4,-1
49,5,-3,0.75,4,-1.5
97,5,-3,0.75,4,-2
61,5,-3,0.75,5,-0.5
104,5,-3,0.75,5,-1
64,5,-3,0.75,5,-1.5
22,5,-3,0.75,5,-2
88,5,-3,1.25,1,-0.5
151,5,-3,1.25,1,-1
75,5,-3,1.25,1,-1.5
74,5,-3,1.25,1,-2
55,5,-3,1.25,2,-0.5
71,5,-3,1.25,2,-1
34,5,-3,1.25,2,-1.5
26,5,-3,1.25,2,-2
52,5,-3,1.25,3,-0.5
44,5,-3,1.25,3,-1
25,5,-3,1.25,3,-1.5
54,5,-3,1.25,3,-2
52,5,-3,1.25,4,-0.5
73,5,-3,1.25,4,-1
56,5,-3,1.25,4,-1.5
93,5,-3,1.25,4,-2
94,5,-3,1.25,5,-0.5
73,5,-3,1.25,5,-1
34,5,-3,1.25,5,-1.5
39,5,-3,1.25,5,-2
98,5,-3,1.75,1,-0.5
40,5,-3,1.75,1,-1
59,5,-3,1.75,1,-1.5
60,5,-3,1.75,1,-2
53,5,-3,1.75,2,-0.5
55,5,-3,1.75,2,-1
35,5,-3,1.75,2,-1.5
53,5,-3,1.75,2,-2
50,5,-3,1.75,3,-0.5
52,5,-3,1.75,3,-1
37,5,-3,1.75,3,-1.5
22,5,-3,1.75,3,-2
73,5,-3,1.75,4,-0.5
62,5,-3,1.75,4,-1
20,5,-3,1.75,4,-1.5
31,5,-3,1.75,4,-2
32,5,-3,1.75,5,-0.5
22,5,-3,1.75,5,-1
38,5,-3,1.75,5,-1.5
62,5,-3,1.75,5,-2
165,5,-4,0.25,1,-0.5
391,5,-4,0.25,1,-1
184,5,-4,0.25,1,-1.5
95,5,-4,0.25,1,-2
480,5,-4,0.25,2,-0.5
291,5,-4,0.25,2,-1
172,5,-4,0.25,2,-1.5
58,5,-4,0.25,2,-2
507,5,-4,0.25,3,-0.5
266,5,-4,0.25,3,-1
158,5,-4,0.25,3,-1.5
132,5,-4,0.25,3,-2
145,5,-4,0.25,4,-0.5
398,5,-4,0.25,4,-1
158,5,-4,0.25,4,-1.5
154,5,-4,0.25,4,-2
193,5,-4,0.25,5,-0.5
311,5,-4,0.25,5,-1
71,5,-4,0.25,5,-1.5
185,5,-4,0.25,5,-2
200,5,-4,0.75,1,-0.5
99,5,-4,0.75,1,-1
85,5,-4,0.75,1,-1.5
169,5,-4,0.75,1,-2
510,5,-4,0.75,2,-0.5
86,5,-4,0.75,2,-1
186,5,-4,0.75,2,-1.5
63,5,-4,0.75,2,-2
57,5,-4,0.75,3,-0.5
105,5,-4,0.75,3,-1
26,5,-4,0.75,3,-1.5
150,5,-4,0.75,3,-2
44,5,-4,0.75,4,-0.5
81,5,-4,0.75,4,-1
45,5,-4,0.75,4,-1.5
92,5,-4,0.75,4,-2
164,5,-4,0.75,5,-0.5
182,5,-4,0.75,5,-1
57,5,-4,0.75,5,-1.5
177,5,-4,0.75,5,-2
64,5,-4,1.25,1,-0.5
29,5,-4,1.25,1,-1
41,5,-4,1.25,1,-1.5
39,5,-4,1.25,1,-2
42,5,-4,1.25,2,-0.5
97,5,-4,1.25,2,-1
49,5,-4,1.25,2,-1.5
45,5,-4,1.25,2,-2
83,5,-4,1.25,3,-0.5
40,5,-4,1.25,3,-1
44,5,-4,1.25,3,-1.5
105,5,-4,1.25,3,-2
58,5,-4,1.25,4,-0.5
62,5,-4,1.25,4,-1
33,5,-4,1.25,4,-1.5
33,5,-4,1.25,4,-2
32,5,-4,1.25,5,-0.5
99,5,-4,1.25,5,-1
30,5,-4,1.25,5,-1.5
37,5,-4,1.25,5,-2
68,5,-4,1.75,1,-0.5
50,5,-4,1.75,1,-1
32,5,-4,1.75,1,-1.5
33,5,-4,1.75,1,-2
51,5,-4,1.75,2,-0.5
55,5,-4,1.75,2,-1
118,5,-4,1.75,2,-1.5
29,5,-4,1.75,2,-2
59,5,-4,1.75,3,-0.5
35,5,-4,1.75,3,-1
39,5,-4,1.75,3,-1.5
29,5,-4,1.75,3,-2
32,5,-4,1.75,4,-0.5
23,5,-4,1.75,4,-1
35,5,-4,1.75,4,-1.5
18,5,-4,1.75,4,-2
23,5,-4,1.75,5,-0.5
33,5,-4,1.75,5,-1
31,5,-4,1.75,5,-1.5
31,5,-4,1.75,5,-2
374,5,-5,0.25,1,-0.5
225,5,-5,0.25,1,-1
376,5,-5,0.25,1,-1.5
247,5,-5,0.25,1,-2
412,5,-5,0.25,2,-0.5
140,5,-5,0.25,2,-1
300,5,-5,0.25,2,-1.5
78,5,-5,0.25,2,-2
97,5,-5,0.25,3,-0.5
399,5,-5,0.25,3,-1
244,5,-5,0.25,3,-1.5
59,5,-5,0.25,3,-2
450,5,-5,0.25,4,-0.5
271,5,-5,0.25,4,-1
161,5,-5,0.25,4,-1.5
143,5,-5,0.25,4,-2
296,5,-5,0.25,5,-0.5
178,5,-5,0.25,5,-1
77,5,-5,0.25,5,-1.5
149,5,-5,0.25,5,-2
164,5,-5,0.75,1,-0.5
128,5,-5,0.75,1,-1
73,5,-5,0.75,1,-1.5
196,5,-5,0.75,1,-2
56,5,-5,0.75,2,-0.5
145,5,-5,0.75,2,-1
99,5,-5,0.75,2,-1.5
241,5,-5,0.75,2,-2
113,5,-5,0.75,3,-0.5
155,5,-5,0.75,3,-1
332,5,-5,0.75,3,-1.5
25,5,-5,0.75,3,-2
165,5,-5,0.75,4,-0.5
60,5,-5,0.75,4,-1
136,5,-5,0.75,4,-1.5
123,5,-5,0.75,4,-2
181,5,-5,0.75,5,-0.5
107,5,-5,0.75,5,-1
65,5,-5,0.75,5,-1.5
62,5,-5,0.75,5,-2
98,5,-5,1.25,1,-0.5
163,5,-5,1.25,1,-1
26,5,-5,1.25,1,-1.5
53,5,-5,1.25,1,-2
124,5,-5,1.25,2,-0.5
110,5,-5,1.25,2,-1
89,5,-5,1.25,2,-1.5
112,5,-5,1.25,2,-2
170,5,-5,1.25,3,-0.5
239,5,-5,1.25,3,-1
42,5,-5,1.25,3,-1.5
78,5,-5,1.25,3,-2
56,5,-5,1.25,4,-0.5
36,5,-5,1.25,4,-1
148,5,-5,1.25,4,-1.5
33,5,-5,1.25,4,-2
54,5,-5,1.25,5,-0.5
84,5,-5,1.25,5,-1
28,5,-5,1.25,5,-1.5
174,5,-5,1.25,5,-2
41,5,-5,1.75,1,-0.5
77,5,-5,1.75,1,-1
129,5,-5,1.75,1,-1.5
20,5,-5,1.75,1,-2
52,5,-5,1.75,2,-0.5
49,5,-5,1.75,2,-1
27,5,-5,1.75,2,-1.5
45,5,-5,1.75,2,-2
173,5,-5,1.75,3,-0.5
22,5,-5,1.75,3,-1
23,5,-5,1.75,3,-1.5
64,5,-5,1.75,3,-2
32,5,-5,1.75,4,-0.5
58,5,-5,1.75,4,-1
41,5,-5,1.75,4,-1.5
43,5,-5,1.75,4,-2
24,5,-5,1.75,5,-0.5
60,5,-5,1.75,5,-1
36,5,-5,1.75,5,-1.5
20,5,-5,1.75,5,-2
