33,1,-1,0.25,1,-0.5
23,1,-1,0.25,1,-1
20,1,-1,0.25,1,-1.5
25,1,-1,0.25,1,-2
20,1,-1,0.25,2,-0.5
36,1,-1,0.25,2,-1
43,1,-1,0.25,2,-1.5
34,1,-1,0.25,2,-2
49,1,-1,0.25,3,-0.5
60,1,-1,0.25,3,-1
25,1,-1,0.25,3,-1.5
23,1,-1,0.25,3,-2
44,1,-1,0.25,4,-0.5
67,1,-1,0.25,4,-1
32,1,-1,0.25,4,-1.5
75,1,-1,0.25,4,-2
97,1,-1,0.25,5,-0.5
45,1,-1,0.25,5,-1
43,1,-1,0.25,5,-1.5
43,1,-1,0.25,5,-2
46,1,-1,0.75,1,-0.5
31,1,-1,0.75,1,-1
38,1,-1,0.75,1,-1.5
32,1,-1,0.75,1,-2
21,1,-1,0.75,2,-0.5
57,1,-1,0.75,2,-1
31,1,-1,0.75,2,-1.5
46,1,-1,0.75,2,-2
60,1,-1,0.75,3,-0.5
63,1,-1,0.75,3,-1
38,1,-1,0.75,3,-1.5
39,1,-1,0.75,3,-2
53,1,-1,0.75,4,-0.5
51,1,-1,0.75,4,-1
72,1,-1,0.75,4,-1.5
55,1,-1,0.75,4,-2
89,1,-1,0.75,5,-0.5
95,1,-1,0.75,5,-1
57,1,-1,0.75,5,-1.5
50,1,-1,0.75,5,-2
108,1,-1,1.25,1,-0.5
85,1,-1,1.25,1,-1
106,1,-1,1.25,1,-1.5
78,1,-1,1.25,1,-2
109,1,-1,1.25,2,-0.5
85,1,-1,1.25,2,-1
98,1,-1,1.25,2,-1.5
97,1,-1,1.25,2,-2
109,1,-1,1.25,3,-0.5
99,1,-1,1.25,3,-1
116,1,-1,1.25,3,-1.5
74,1,-1,1.25,3,-2
79,1,-1,1.25,4,-0.5
73,1,-1,1.25,4,-1
83,1,-1,1.25,4,-1.5
94,1,-1,1.25,4,-2
103,1,-1,1.25,5,-0.5
109,1,-1,1.25,5,-1
107,1,-1,1.25,5,-1.5
94,1,-1,1.25,5,-2
195,1,-1,1.75,1,-0.5
147,1,-1,1.75,1,-1
132,1,-1,1.75,1,-1.5
137,1,-1,1.75,1,-2
152,1,-1,1.75,2,-0.5
116,1,-1,1.75,2,-1
118,1,-1,1.75,2,-1.5
116,1,-1,1.75,2,-2
157,1,-1,1.75,3,-0.5
106,1,-1,1.75,3,-1
138,1,-1,1.75,3,-1.5
128,1,-1,1.75,3,-2
164,1,-1,1.75,4,-0.5
138,1,-1,1.75,4,-1
124,1,-1,1.75,4,-1.5
107,1,-1,1.75,4,-2
131,1,-1,1.75,5,-0.5
118,1,-1,1.75,5,-1
137,1,-1,1.75,5,-1.5
132,1,-1,1.75,5,-2
419,1,-2,0.25,1,-0.5
209,1,-2,0.25,1,-1
124,1,-2,0.25,1,-1.5
21,1,-2,0.25,1,-2
415,1,-2,0.25,2,-0.5
71,1,-2,0.25,2,-1
56,1,-2,0.25,2,-1.5
51,1,-2,0.25,2,-2
173,1,-2,0.25,3,-0.5
30,1,-2,0.25,3,-1
94,1,-2,0.25,3,-1.5
62,1,-2,0.25,3,-2
167,1,-2,0.25,4,-0.5
90,1,-2,0.25,4,-1
74,1,-2,0.25,4,-1.5
56,1,-2,0.25,4,-2
82,1,-2,0.25,5,-0.5
108,1,-2,0.25,5,-1
30,1,-2,0.25,5,-1.5
72,1,-2,0.25,5,-2
24,1,-2,0.75,1,-0.5
25,1,-2,0.75,1,-1
41,1,-2,0.75,1,-1.5
25,1,-2,0.75,1,-2
31,1,-2,0.75,2,-0.5
448,1,-2,0.75,2,-1
28,1,-2,0.75,2,-1.5
17,1,-2,0.75,2,-2
44,1,-2,0.75,3,-0.5
37,1,-2,0.75,3,-1
21,1,-2,0.75,3,-1.5
36,1,-2,0.75,3,-2
33,1,-2,0.75,4,-0.5
47,1,-2,0.75,4,-1
35,1,-2,0.75,4,-1.5
28,1,-2,0.75,4,-2
39,1,-2,0.75,5,-0.5
40,1,-2,0.75,5,-1
39,1,-2,0.75,5,-1.5
21,1,-2,0.75,5,-2
52,1,-2,1.25,1,-0.5
65,1,-2,1.25,1,-1
37,1,-2,1.25,1,-1.5
56,1,-2,1.25,1,-2
64,1,-2,1.25,2,-0.5
75,1,-2,1.25,2,-1
40,1,-2,1.25,2,-1.5
41,1,-2,1.25,2,-2
98,1,-2,1.25,3,-0.5
47,1,-2,1.25,3,-1
25,1,-2,1.25,3,-1.5
51,1,-2,1.25,3,-2
65,1,-2,1.25,4,-0.5
62,1,-2,1.25,4,-1
36,1,-2,1.25,4,-1.5
54,1,-2,1.25,4,-2
76,1,-2,1.25,5,-0.5
79,1,-2,1.25,5,-1
28,1,-2,1.25,5,-1.5
71,1,-2,1.25,5,-2
89,1,-2,1.75,1,-0.5
101,1,-2,1.75,1,-1
84,1,-2,1.75,1,-1.5
63,1,-2,1.75,1,-2
134,1,-2,1.75,2,-0.5
91,1,-2,1.75,2,-1
66,1,-2,1.75,2,-1.5
80,1,-2,1.75,2,-2
116,1,-2,1.75,3,-0.5
74,1,-2,1.75,3,-1
75,1,-2,1.75,3,-1.5
55,1,-2,1.75,3,-2
96,1,-2,1.75,4,-0.5
84,1,-2,1.75,4,-1
78,1,-2,1.75,4,-1.5
50,1,-2,1.75,4,-2
95,1,-2,1.75,5,-0.5
64,1,-2,1.75,5,-1
63,1,-2,1.75,5,-1.5
76,1,-2,1.75,5,-2
55,1,-3,0.25,1,-0.5
358,1,-3,0.25,1,-1
274,1,-3,0.25,1,-1.5
64,1,-3,0.25,1,-2
55,1,-3,0.25,2,-0.5
96,1,-3,0.25,2,-1
77,1,-3,0.25,2,-1.5
64,1,-3,0.25,2,-2
292,1,-3,0.25,3,-0.5
244,1,-3,0.25,3,-1
72,1,-3,0.25,3,-1.5
52,1,-3,0.25,3,-2
300,1,-3,0.25,4,-0.5
385,1,-3,0.25,4,-1
52,1,-3,0.25,4,-1.5
70,1,-3,0.25,4,-2
91,1,-3,0.25,5,-0.5
103,1,-3,0.25,5,-1
74,1,-3,0.25,5,-1.5
32,1,-3,0.25,5,-2
104,1,-3,0.75,1,-0.5
39,1,-3,0.75,1,-1
39,1,-3,0.75,1,-1.5
23,1,-3,0.75,1,-2
97,1,-3,0.75,2,-0.5
35,1,-3,0.75,2,-1
21,1,-3,0.75,2,-1.5
22,1,-3,0.75,2,-2
136,1,-3,0.75,3,-0.5
63,1,-3,0.75,3,-1
28,1,-3,0.75,3,-1.5
28,1,-3,0.75,3,-2
41,1,-3,0.75,4,-0.5
62,1,-3,0.75,4,-1
28,1,-3,0.75,4,-1.5
24,1,-3,0.75,4,-2
39,1,-3,0.75,5,-0.5
107,1,-3,0.75,5,-1
24,1,-3,0.75,5,-1.5
27,1,-3,0.75,5,-2
74,1,-3,1.25,1,-0.5
39,1,-3,1.25,1,-1
19,1,-3,1.25,1,-1.5
51,1,-3,1.25,1,-2
28,1,-3,1.25,2,-0.5
20,1,-3,1.25,2,-1
23,1,-3,1.25,2,-1.5
39,1,-3,1.25,2,-2
37,1,-3,1.25,3,-0.5
41,1,-3,1.25,3,-1
39,1,-3,1.25,3,-1.5
48,1,-3,1.25,3,-2
37,1,-3,1.25,4,-0.5
44,1,-3,1.25,4,-1
32,1,-3,1.25,4,-1.5
24,1,-3,1.25,4,-2
80,1,-3,1.25,5,-0.5
40,1,-3,1.25,5,-1
49,1,-3,1.25,5,-1.5
51,1,-3,1.25,5,-2
105,1,-3,1.75,1,-0.5
75,1,-3,1.75,1,-1
72,1,-3,1.75,1,-1.5
73,1,-3,1.75,1,-2
73,1,-3,1.75,2,-0.5
43,1,-3,1.75,2,-1
56,1,-3,1.75,2,-1.5
78,1,-3,1.75,2,-2
59,1,-3,1.75,3,-0.5
52,1,-3,1.75,3,-1
49,1,-3,1.75,3,-1.5
53,1,-3,1.75,3,-2
79,1,-3,1.75,4,-0.5
60,1,-3,1.75,4,-1
59,1,-3,1.75,4,-1.5
42,1,-3,1.75,4,-2
67,1,-3,1.75,5,-0.5
53,1,-3,1.75,5,-1
52,1,-3,1.75,5,-1.5
43,1,-3,1.75,5,-2
207,1,-4,0.25,1,-0.5
347,1,-4,0.25,1,-1
132,1,-4,0.25,1,-1.5
136,1,-4,0.25,1,-2
478,1,-4,0.25,2,-0.5
347,1,-4,0.25,2,-1
458,1,-4,0.25,2,-1.5
114,1,-4,0.25,2,-2
120,1,-4,0.25,3,-0.5
149,1,-4,0.25,3,-1
325,1,-4,0.25,3,-1.5
50,1,-4,0.25,3,-2
222,1,-4,0.25,4,-0.5
154,1,-4,0.25,4,-1
209,1,-4,0.25,4,-1.5
133,1,-4,0.25,4,-2
411,1,-4,0.25,5,-0.5
90,1,-4,0.25,5,-1
56,1,-4,0.25,5,-1.5
66,1,-4,0.25,5,-2
39,1,-4,0.75,1,-0.5
75,1,-4,0.75,1,-1
28,1,-4,0.75,1,-1.5
126,1,-4,0.75,1,-2
30,1,-4,0.75,2,-0.5
50,1,-4,0.75,2,-1
85,1,-4,0.75,2,-1.5
24,1,-4,0.75,2,-2
20,1,-4,0.75,3,-0.5
21,1,-4,0.75,3,-1
21,1,-4,0.75,3,-1.5
44,1,-4,0.75,3,-2
49,1,-4,0.75,4,-0.5
15,1,-4,0.75,4,-1
46,1,-4,0.75,4,-1.5
85,1,-4,0.75,4,-2
91,1,-4,0.75,5,-0.5
70,1,-4,0.75,5,-1
35,1,-4,0.75,5,-1.5
47,1,-4,0.75,5,-2
43,1,-4,1.25,1,-0.5
109,1,-4,1.25,1,-1
46,1,-4,1.25,1,-1.5
27,1,-4,1.25,1,-2
78,1,-4,1.25,2,-0.5
25,1,-4,1.25,2,-1
31,1,-4,1.25,2,-1.5
32,1,-4,1.25,2,-2
42,1,-4,1.25,3,-0.5
92,1,-4,1.25,3,-1
22,1,-4,1.25,3,-1.5
26,1,-4,1.25,3,-2
35,1,-4,1.25,4,-0.5
49,1,-4,1.25,4,-1
39,1,-4,1.25,4,-1.5
23,1,-4,1.25,4,-2
40,1,-4,1.25,5,-0.5
20,1,-4,1.25,5,-1
76,1,-4,1.25,5,-1.5
35,1,-4,1.25,5,-2
51,1,-4,1.75,1,-0.5
49,1,-4,1.75,1,-1
41,1,-4,1.75,1,-1.5
74,1,-4,1.75,1,-2
67,1,-4,1.75,2,-0.5
48,1,-4,1.75,2,-1
55,1,-4,1.75,2,-1.5
40,1,-4,1.75,2,-2
78,1,-4,1.75,3,-0.5
37,1,-4,1.75,3,-1
34,1,-4,1.75,3,-1.5
44,1,-4,1.75,3,-2
41,1,-4,1.75,4,-0.5
38,1,-4,1.75,4,-1
42,1,-4,1.75,4,-1.5
20,1,-4,1.75,4,-2
43,1,-4,1.75,5,-0.5
39,1,-4,1.75,5,-1
40,1,-4,1.75,5,-1.5
39,1,-4,1.75,5,-2
126,1,-5,0.25,1,-0.5
427,1,-5,0.25,1,-1
245,1,-5,0.25,1,-1.5
326,1,-5,0.25,1,-2
334,1,-5,0.25,2,-0.5
85,1,-5,0.25,2,-1
91,1,-5,0.25,2,-1.5
46,1,-5,0.25,2,-2
64,1,-5,0.25,3,-0.5
300,1,-5,0.25,3,-1
51,1,-5,0.25,3,-1.5
24,1,-5,0.25,3,-2
49,1,-5,0.25,4,-0.5
216,1,-5,0.25,4,-1
43,1,-5,0.25,4,-1.5
151,1,-5,0.25,4,-2
396,1,-5,0.25,5,-0.5
136,1,-5,0.25,5,-1
379,1,-5,0.25,5,-1.5
186,1,-5,0.25,5,-2
57,1,-5,0.75,1,-0.5
92,1,-5,0.75,1,-1
47,1,-5,0.75,1,-1.5
239,1,-5,0.75,1,-2
31,1,-5,0.75,2,-0.5
219,1,-5,0.75,2,-1
131,1,-5,0.75,2,-1.5
36,1,-5,0.75,2,-2
68,1,-5,0.75,3,-0.5
21,1,-5,0.75,3,-1
124,1,-5,0.75,3,-1.5
28,1,-5,0.75,3,-2
18,1,-5,0.75,4,-0.5
27,1,-5,0.75,4,-1
285,1,-5,0.75,4,-1.5
38,1,-5,0.75,4,-2
109,1,-5,0.75,5,-0.5
367,1,-5,0.75,5,-1
43,1,-5,0.75,5,-1.5
20,1,-5,0.75,5,-2
41,1,-5,1.25,1,-0.5
31,1,-5,1.25,1,-1
53,1,-5,1.25,1,-1.5
49,1,-5,1.25,1,-2
37,1,-5,1.25,2,-0.5
50,1,-5,1.25,2,-1
75,1,-5,1.25,2,-1.5
78,1,-5,1.25,2,-2
40,1,-5,1.25,3,-0.5
21,1,-5,1.25,3,-1
49,1,-5,1.25,3,-1.5
28,1,-5,1.25,3,-2
25,1,-5,1.25,4,-0.5
66,1,-5,1.25,4,-1
29,1,-5,1.25,4,-1.5
62,1,-5,1.25,4,-2
29,1,-5,1.25,5,-0.5
33,1,-5,1.25,5,-1
113,1,-5,1.25,5,-1.5
24,1,-5,1.25,5,-2
65,1,-5,1.75,1,-0.5
48,1,-5,1.75,1,-1
156,1,-5,1.75,1,-1.5
38,1,-5,1.75,1,-2
37,1,-5,1.75,2,-0.5
34,1,-5,1.75,2,-1
54,1,-5,1.75,2,-1.5
50,1,-5,1.75,2,-2
63,1,-5,1.75,3,-0.5
30,1,-5,1.75,3,-1
40,1,-5,1.75,3,-1.5
22,1,-5,1.75,3,-2
31,1,-5,1.75,4,-0.5
27,1,-5,1.75,4,-1
34,1,-5,1.75,4,-1.5
20,1,-5,1.75,4,-2
27,1,-5,1.75,5,-0.5
45,1,-5,1.75,5,-1
36,1,-5,1.75,5,-1.5
57,1,-5,1.75,5,-2
132,2,-1,0.25,1,-0.5
145,2,-1,0.25,1,-1
34,2,-1,0.25,1,-1.5
25,2,-1,0.25,1,-2
206,2,-1,0.25,2,-0.5
78,2,-1,0.25,2,-1
50,2,-1,0.25,2,-1.5
35,2,-1,0.25,2,-2
169,2,-1,0.25,3,-0.5
335,2,-1,0.25,3,-1
110,2,-1,0.25,3,-1.5
58,2,-1,0.25,3,-2
108,2,-1,0.25,4,-0.5
59,2,-1,0.25,4,-1
18,2,-1,0.25,4,-1.5
37,2,-1,0.25,4,-2
172,2,-1,0.25,5,-0.5
105,2,-1,0.25,5,-1
72,2,-1,0.25,5,-1.5
24,2,-1,0.25,5,-2
31,2,-1,0.75,1,-0.5
49,2,-1,0.75,1,-1
42,2,-1,0.75,1,-1.5
34,2,-1,0.75,1,-2
51,2,-1,0.75,2,-0.5
42,2,-1,0.75,2,-1
38,2,-1,0.75,2,-1.5
44,2,-1,0.75,2,-2
22,2,-1,0.75,3,-0.5
29,2,-1,0.75,3,-1
29,2,-1,0.75,3,-1.5
41,2,-1,0.75,3,-2
75,2,-1,0.75,4,-0.5
40,2,-1,0.75,4,-1
39,2,-1,0.75,4,-1.5
55,2,-1,0.75,4,-2
64,2,-1,0.75,5,-0.5
27,2,-1,0.75,5,-1
56,2,-1,0.75,5,-1.5
40,2,-1,0.75,5,-2
120,2,-1,1.25,1,-0.5
64,2,-1,1.25,1,-1
68,2,-1,1.25,1,-1.5
81,2,-1,1.25,1,-2
96,2,-1,1.25,2,-0.5
31,2,-1,1.25,2,-1
65,2,-1,1.25,2,-1.5
71,2,-1,1.25,2,-2
61,2,-1,1.25,3,-0.5
71,2,-1,1.25,3,-1
59,2,-1,1.25,3,-1.5
73,2,-1,1.25,3,-2
90,2,-1,1.25,4,-0.5
67,2,-1,1.25,4,-1
62,2,-1,1.25,4,-1.5
38,2,-1,1.25,4,-2
113,2,-1,1.25,5,-0.5
73,2,-1,1.25,5,-1
58,2,-1,1.25,5,-1.5
69,2,-1,1.25,5,-2
146,2,-1,1.75,1,-0.5
116,2,-1,1.75,1,-1
101,2,-1,1.75,1,-1.5
113,2,-1,1.75,1,-2
107,2,-1,1.75,2,-0.5
96,2,-1,1.75,2,-1
115,2,-1,1.75,2,-1.5
76,2,-1,1.75,2,-2
121,2,-1,1.75,3,-0.5
106,2,-1,1.75,3,-1
97,2,-1,1.75,3,-1.5
98,2,-1,1.75,3,-2
104,2,-1,1.75,4,-0.5
116,2,-1,1.75,4,-1
100,2,-1,1.75,4,-1.5
94,2,-1,1.75,4,-2
108,2,-1,1.75,5,-0.5
114,2,-1,1.75,5,-1
89,2,-1,1.75,5,-1.5
90,2,-1,1.75,5,-2
354,2,-2,0.25,1,-0.5
225,2,-2,0.25,1,-1
28,2,-2,0.25,1,-1.5
52,2,-2,0.25,1,-2
208,2,-2,0.25,2,-0.5
90,2,-2,0.25,2,-1
210,2,-2,0.25,2,-1.5
25,2,-2,0.25,2,-2
89,2,-2,0.25,3,-0.5
52,2,-2,0.25,3,-1
44,2,-2,0.25,3,-1.5
126,2,-2,0.25,3,-2
140,2,-2,0.25,4,-0.5
52,2,-2,0.25,4,-1
425,2,-2,0.25,4,-1.5
46,2,-2,0.25,4,-2
85,2,-2,0.25,5,-0.5
100,2,-2,0.25,5,-1
118,2,-2,0.25,5,-1.5
63,2,-2,0.25,5,-2
39,2,-2,0.75,1,-0.5
49,2,-2,0.75,1,-1
45,2,-2,0.75,1,-1.5
39,2,-2,0.75,1,-2
18,2,-2,0.75,2,-0.5
39,2,-2,0.75,2,-1
31,2,-2,0.75,2,-1.5
19,2,-2,0.75,2,-2
31,2,-2,0.75,3,-0.5
36,2,-2,0.75,3,-1
29,2,-2,0.75,3,-1.5
34,2,-2,0.75,3,-2
37,2,-2,0.75,4,-0.5
27,2,-2,0.75,4,-1
27,2,-2,0.75,4,-1.5
39,2,-2,0.75,4,-2
28,2,-2,0.75,5,-0.5
74,2,-2,0.75,5,-1
21,2,-2,0.75,5,-1.5
26,2,-2,0.75,5,-2
41,2,-2,1.25,1,-0.5
38,2,-2,1.25,1,-1
38,2,-2,1.25,1,-1.5
34,2,-2,1.25,1,-2
53,2,-2,1.25,2,-0.5
36,2,-2,1.25,2,-1
31,2,-2,1.25,2,-1.5
33,2,-2,1.25,2,-2
36,2,-2,1.25,3,-0.5
25,2,-2,1.25,3,-1
16,2,-2,1.25,3,-1.5
52,2,-2,1.25,3,-2
43,2,-2,1.25,4,-0.5
24,2,-2,1.25,4,-1
49,2,-2,1.25,4,-1.5
22,2,-2,1.25,4,-2
37,2,-2,1.25,5,-0.5
46,2,-2,1.25,5,-1
40,2,-2,1.25,5,-1.5
47,2,-2,1.25,5,-2
83,2,-2,1.75,1,-0.5
45,2,-2,1.75,1,-1
45,2,-2,1.75,1,-1.5
36,2,-2,1.75,1,-2
85,2,-2,1.75,2,-0.5
62,2,-2,1.75,2,-1
51,2,-2,1.75,2,-1.5
43,2,-2,1.75,2,-2
97,2,-2,1.75,3,-0.5
68,2,-2,1.75,3,-1
50,2,-2,1.75,3,-1.5
37,2,-2,1.75,3,-2
96,2,-2,1.75,4,-0.5
39,2,-2,1.75,4,-1
56,2,-2,1.75,4,-1.5
67,2,-2,1.75,4,-2
58,2,-2,1.75,5,-0.5
64,2,-2,1.75,5,-1
53,2,-2,1.75,5,-1.5
63,2,-2,1.75,5,-2
335,2,-3,0.25,1,-0.5
277,2,-3,0.25,1,-1
167,2,-3,0.25,1,-1.5
55,2,-3,0.25,1,-2
135,2,-3,0.25,2,-0.5
154,2,-3,0.25,2,-1
408,2,-3,0.25,2,-1.5
78,2,-3,0.25,2,-2
340,2,-3,0.25,3,-0.5
133,2,-3,0.25,3,-1
198,2,-3,0.25,3,-1.5
103,2,-3,0.25,3,-2
299,2,-3,0.25,4,-0.5
113,2,-3,0.25,4,-1
52,2,-3,0.25,4,-1.5
36,2,-3,0.25,4,-2
265,2,-3,0.25,5,-0.5
80,2,-3,0.25,5,-1
214,2,-3,0.25,5,-1.5
64,2,-3,0.25,5,-2
32,2,-3,0.75,1,-0.5
53,2,-3,0.75,1,-1
32,2,-3,0.75,1,-1.5
22,2,-3,0.75,1,-2
27,2,-3,0.75,2,-0.5
45,2,-3,0.75,2,-1
22,2,-3,0.75,2,-1.5
75,2,-3,0.75,2,-2
53,2,-3,0.75,3,-0.5
124,2,-3,0.75,3,-1
26,2,-3,0.75,3,-1.5
22,2,-3,0.75,3,-2
32,2,-3,0.75,4,-0.5
22,2,-3,0.75,4,-1
96,2,-3,0.75,4,-1.5
33,2,-3,0.75,4,-2
77,2,-3,0.75,5,-0.5
24,2,-3,0.75,5,-1
12,2,-3,0.75,5,-1.5
23,2,-3,0.75,5,-2
80,2,-3,1.25,1,-0.5
44,2,-3,1.25,1,-1
22,2,-3,1.25,1,-1.5
46,2,-3,1.25,1,-2
39,2,-3,1.25,2,-0.5
37,2,-3,1.25,2,-1
34,2,-3,1.25,2,-1.5
50,2,-3,1.25,2,-2
32,2,-3,1.25,3,-0.5
41,2,-3,1.25,3,-1
71,2,-3,1.25,3,-1.5
27,2,-3,1.25,3,-2
26,2,-3,1.25,4,-0.5
46,2,-3,1.25,4,-1
38,2,-3,1.25,4,-1.5
37,2,-3,1.25,4,-2
73,2,-3,1.25,5,-0.5
43,2,-3,1.25,5,-1
25,2,-3,1.25,5,-1.5
150,2,-3,1.25,5,-2
68,2,-3,1.75,1,-0.5
50,2,-3,1.75,1,-1
32,2,-3,1.75,1,-1.5
45,2,-3,1.75,1,-2
84,2,-3,1.75,2,-0.5
53,2,-3,1.75,2,-1
26,2,-3,1.75,2,-1.5
31,2,-3,1.75,2,-2
51,2,-3,1.75,3,-0.5
67,2,-3,1.75,3,-1
21,2,-3,1.75,3,-1.5
68,2,-3,1.75,3,-2
69,2,-3,1.75,4,-0.5
29,2,-3,1.75,4,-1
56,2,-3,1.75,4,-1.5
68,2,-3,1.75,4,-2
47,2,-3,1.75,5,-0.5
50,2,-3,1.75,5,-1
42,2,-3,1.75,5,-1.5
80,2,-3,1.75,5,-2
402,2,-4,0.25,1,-0.5
521,2,-4,0.25,1,-1
110,2,-4,0.25,1,-1.5
117,2,-4,0.25,1,-2
497,2,-4,0.25,2,-0.5
370,2,-4,0.25,2,-1
155,2,-4,0.25,2,-1.5
116,2,-4,0.25,2,-2
265,2,-4,0.25,3,-0.5
351,2,-4,0.25,3,-1
186,2,-4,0.25,3,-1.5
58,2,-4,0.25,3,-2
317,2,-4,0.25,4,-0.5
351,2,-4,0.25,4,-1
115,2,-4,0.25,4,-1.5
133,2,-4,0.25,4,-2
428,2,-4,0.25,5,-0.5
276,2,-4,0.25,5,-1
43,2,-4,0.25,5,-1.5
428,2,-4,0.25,5,-2
69,2,-4,0.75,1,-0.5
163,2,-4,0.75,1,-1
111,2,-4,0.75,1,-1.5
56,2,-4,0.75,1,-2
34,2,-4,0.75,2,-0.5
307,2,-4,0.75,2,-1
37,2,-4,0.75,2,-1.5
83,2,-4,0.75,2,-2
63,2,-4,0.75,3,-0.5
307,2,-4,0.75,3,-1
22,2,-4,0.75,3,-1.5
92,2,-4,0.75,3,-2
303,2,-4,0.75,4,-0.5
307,2,-4,0.75,4,-1
40,2,-4,0.75,4,-1.5
49,2,-4,0.75,4,-2
42,2,-4,0.75,5,-0.5
25,2,-4,0.75,5,-1
11,2,-4,0.75,5,-1.5
53,2,-4,0.75,5,-2
60,2,-4,1.25,1,-0.5
25,2,-4,1.25,1,-1
45,2,-4,1.25,1,-1.5
24,2,-4,1.25,1,-2
29,2,-4,1.25,2,-0.5
28,2,-4,1.25,2,-1
54,2,-4,1.25,2,-1.5
20,2,-4,1.25,2,-2
31,2,-4,1.25,3,-0.5
37,2,-4,1.25,3,-1
72,2,-4,1.25,3,-1.5
52,2,-4,1.25,3,-2
101,2,-4,1.25,4,-0.5
555,2,-4,1.25,4,-1
59,2,-4,1.25,4,-1.5
44,2,-4,1.25,4,-2
26,2,-4,1.25,5,-0.5
37,2,-4,1.25,5,-1
52,2,-4,1.25,5,-1.5
24,2,-4,1.25,5,-2
75,2,-4,1.75,1,-0.5
40,2,-4,1.75,1,-1
38,2,-4,1.75,1,-1.5
38,2,-4,1.75,1,-2
42,2,-4,1.75,2,-0.5
49,2,-4,1.75,2,-1
39,2,-4,1.75,2,-1.5
35,2,-4,1.75,2,-2
44,2,-4,1.75,3,-0.5
25,2,-4,1.75,3,-1
50,2,-4,1.75,3,-1.5
59,2,-4,1.75,3,-2
43,2,-4,1.75,4,-0.5
82,2,-4,1.75,4,-1
41,2,-4,1.75,4,-1.5
36,2,-4,1.75,4,-2
32,2,-4,1.75,5,-0.5
38,2,-4,1.75,5,-1
29,2,-4,1.75,5,-1.5
40,2,-4,1.75,5,-2
148,2,-5,0.25,1,-0.5
400,2,-5,0.25,1,-1
518,2,-5,0.25,1,-1.5
376,2,-5,0.25,1,-2
493,2,-5,0.25,2,-0.5
481,2,-5,0.25,2,-1
229,2,-5,0.25,2,-1.5
376,2,-5,0.25,2,-2
367,2,-5,0.25,3,-0.5
152,2,-5,0.25,3,-1
140,2,-5,0.25,3,-1.5
424,2,-5,0.25,3,-2
116,2,-5,0.25,4,-0.5
311,2,-5,0.25,4,-1
82,2,-5,0.25,4,-1.5
424,2,-5,0.25,4,-2
231,2,-5,0.25,5,-0.5
283,2,-5,0.25,5,-1
171,2,-5,0.25,5,-1.5
352,2,-5,0.25,5,-2
72,2,-5,0.75,1,-0.5
77,2,-5,0.75,1,-1
212,2,-5,0.75,1,-1.5
145,2,-5,0.75,1,-2
102,2,-5,0.75,2,-0.5
103,2,-5,0.75,2,-1
131,2,-5,0.75,2,-1.5
59,2,-5,0.75,2,-2
55,2,-5,0.75,3,-0.5
355,2,-5,0.75,3,-1
65,2,-5,0.75,3,-1.5
42,2,-5,0.75,3,-2
127,2,-5,0.75,4,-0.5
355,2,-5,0.75,4,-1
241,2,-5,0.75,4,-1.5
22,2,-5,0.75,4,-2
31,2,-5,0.75,5,-0.5
353,2,-5,0.75,5,-1
241,2,-5,0.75,5,-1.5
85,2,-5,0.75,5,-2
131,2,-5,1.25,1,-0.5
78,2,-5,1.25,1,-1
24,2,-5,1.25,1,-1.5
38,2,-5,1.25,1,-2
639,2,-5,1.25,2,-0.5
58,2,-5,1.25,2,-1
45,2,-5,1.25,2,-1.5
21,2,-5,1.25,2,-2
44,2,-5,1.25,3,-0.5
38,2,-5,1.25,3,-1
47,2,-5,1.25,3,-1.5
67,2,-5,1.25,3,-2
76,2,-5,1.25,4,-0.5
47,2,-5,1.25,4,-1
112,2,-5,1.25,4,-1.5
38,2,-5,1.25,4,-2
37,2,-5,1.25,5,-0.5
47,2,-5,1.25,5,-1
19,2,-5,1.25,5,-1.5
18,2,-5,1.25,5,-2
57,2,-5,1.75,1,-0.5
31,2,-5,1.75,1,-1
58,2,-5,1.75,1,-1.5
42,2,-5,1.75,1,-2
48,2,-5,1.75,2,-0.5
25,2,-5,1.75,2,-1
16,2,-5,1.75,2,-1.5
35,2,-5,1.75,2,-2
40,2,-5,1.75,3,-0.5
23,2,-5,1.75,3,-1
22,2,-5,1.75,3,-1.5
44,2,-5,1.75,3,-2
26,2,-5,1.75,4,-0.5
79,2,-5,1.75,4,-1
19,2,-5,1.75,4,-1.5
28,2,-5,1.75,4,-2
43,2,-5,1.75,5,-0.5
27,2,-5,1.75,5,-1
28,2,-5,1.75,5,-1.5
447,2,-5,1.75,5,-2
165,3,-1,0.25,1,-0.5
193,3,-1,0.25,1,-1
93,3,-1,0.25,1,-1.5
46,3,-1,0.25,1,-2
414,3,-1,0.25,2,-0.5
142,3,-1,0.25,2,-1
66,3,-1,0.25,2,-1.5
48,3,-1,0.25,2,-2
182,3,-1,0.25,3,-0.5
135,3,-1,0.25,3,-1
36,3,-1,0.25,3,-1.5
66,3,-1,0.25,3,-2
443,3,-1,0.25,4,-0.5
111,3,-1,0.25,4,-1
79,3,-1,0.25,4,-1.5
68,3,-1,0.25,4,-2
73,3,-1,0.25,5,-0.5
187,3,-1,0.25,5,-1
76,3,-1,0.25,5,-1.5
101,3,-1,0.25,5,-2
86,3,-1,0.75,1,-0.5
79,3,-1,0.75,1,-1
57,3,-1,0.75,1,-1.5
53,3,-1,0.75,1,-2
67,3,-1,0.75,2,-0.5
28,3,-1,0.75,2,-1
31,3,-1,0.75,2,-1.5
54,3,-1,0.75,2,-2
75,3,-1,0.75,3,-0.5
56,3,-1,0.75,3,-1
40,3,-1,0.75,3,-1.5
46,3,-1,0.75,3,-2
89,3,-1,0.75,4,-0.5
69,3,-1,0.75,4,-1
42,3,-1,0.75,4,-1.5
41,3,-1,0.75,4,-2
68,3,-1,0.75,5,-0.5
84,3,-1,0.75,5,-1
34,3,-1,0.75,5,-1.5
45,3,-1,0.75,5,-2
80,3,-1,1.25,1,-0.5
79,3,-1,1.25,1,-1
50,3,-1,1.25,1,-1.5
42,3,-1,1.25,1,-2
94,3,-1,1.25,2,-0.5
66,3,-1,1.25,2,-1
51,3,-1,1.25,2,-1.5
38,3,-1,1.25,2,-2
56,3,-1,1.25,3,-0.5
34,3,-1,1.25,3,-1
75,3,-1,1.25,3,-1.5
21,3,-1,1.25,3,-2
69,3,-1,1.25,4,-0.5
48,3,-1,1.25,4,-1
44,3,-1,1.25,4,-1.5
86,3,-1,1.25,4,-2
68,3,-1,1.25,5,-0.5
50,3,-1,1.25,5,-1
32,3,-1,1.25,5,-1.5
56,3,-1,1.25,5,-2
109,3,-1,1.75,1,-0.5
114,3,-1,1.75,1,-1
75,3,-1,1.75,1,-1.5
80,3,-1,1.75,1,-2
133,3,-1,1.75,2,-0.5
68,3,-1,1.75,2,-1
80,3,-1,1.75,2,-1.5
71,3,-1,1.75,2,-2
121,3,-1,1.75,3,-0.5
83,3,-1,1.75,3,-1
99,3,-1,1.75,3,-1.5
62,3,-1,1.75,3,-2
112,3,-1,1.75,4,-0.5
78,3,-1,1.75,4,-1
65,3,-1,1.75,4,-1.5
46,3,-1,1.75,4,-2
99,3,-1,1.75,5,-0.5
79,3,-1,1.75,5,-1
83,3,-1,1.75,5,-1.5
83,3,-1,1.75,5,-2
226,3,-2,0.25,1,-0.5
371,3,-2,0.25,1,-1
118,3,-2,0.25,1,-1.5
117,3,-2,0.25,1,-2
110,3,-2,0.25,2,-0.5
126,3,-2,0.25,2,-1
70,3,-2,0.25,2,-1.5
31,3,-2,0.25,2,-2
149,3,-2,0.25,3,-0.5
77,3,-2,0.25,3,-1
67,3,-2,0.25,3,-1.5
63,3,-2,0.25,3,-2
144,3,-2,0.25,4,-0.5
57,3,-2,0.25,4,-1
70,3,-2,0.25,4,-1.5
64,3,-2,0.25,4,-2
222,3,-2,0.25,5,-0.5
340,3,-2,0.25,5,-1
328,3,-2,0.25,5,-1.5
28,3,-2,0.25,5,-2
167,3,-2,0.75,1,-0.5
64,3,-2,0.75,1,-1
39,3,-2,0.75,1,-1.5
34,3,-2,0.75,1,-2
103,3,-2,0.75,2,-0.5
37,3,-2,0.75,2,-1
30,3,-2,0.75,2,-1.5
46,3,-2,0.75,2,-2
70,3,-2,0.75,3,-0.5
50,3,-2,0.75,3,-1
30,3,-2,0.75,3,-1.5
49,3,-2,0.75,3,-2
62,3,-2,0.75,4,-0.5
41,3,-2,0.75,4,-1
38,3,-2,0.75,4,-1.5
43,3,-2,0.75,4,-2
138,3,-2,0.75,5,-0.5
75,3,-2,0.75,5,-1
22,3,-2,0.75,5,-1.5
18,3,-2,0.75,5,-2
86,3,-2,1.25,1,-0.5
77,3,-2,1.25,1,-1
36,3,-2,1.25,1,-1.5
31,3,-2,1.25,1,-2
44,3,-2,1.25,2,-0.5
46,3,-2,1.25,2,-1
55,3,-2,1.25,2,-1.5
31,3,-2,1.25,2,-2
85,3,-2,1.25,3,-0.5
55,3,-2,1.25,3,-1
34,3,-2,1.25,3,-1.5
18,3,-2,1.25,3,-2
42,3,-2,1.25,4,-0.5
55,3,-2,1.25,4,-1
26,3,-2,1.25,4,-1.5
42,3,-2,1.25,4,-2
47,3,-2,1.25,5,-0.5
48,3,-2,1.25,5,-1
18,3,-2,1.25,5,-1.5
21,3,-2,1.25,5,-2
92,3,-2,1.75,1,-0.5
69,3,-2,1.75,1,-1
67,3,-2,1.75,1,-1.5
60,3,-2,1.75,1,-2
106,3,-2,1.75,2,-0.5
37,3,-2,1.75,2,-1
42,3,-2,1.75,2,-1.5
47,3,-2,1.75,2,-2
88,3,-2,1.75,3,-0.5
64,3,-2,1.75,3,-1
62,3,-2,1.75,3,-1.5
46,3,-2,1.75,3,-2
50,3,-2,1.75,4,-0.5
58,3,-2,1.75,4,-1
23,3,-2,1.75,4,-1.5
34,3,-2,1.75,4,-2
78,3,-2,1.75,5,-0.5
43,3,-2,1.75,5,-1
55,3,-2,1.75,5,-1.5
33,3,-2,1.75,5,-2
174,3,-3,0.25,1,-0.5
215,3,-3,0.25,1,-1
105,3,-3,0.25,1,-1.5
77,3,-3,0.25,1,-2
477,3,-3,0.25,2,-0.5
130,3,-3,0.25,2,-1
132,3,-3,0.25,2,-1.5
83,3,-3,0.25,2,-2
90,3,-3,0.25,3,-0.5
373,3,-3,0.25,3,-1
182,3,-3,0.25,3,-1.5
288,3,-3,0.25,3,-2
77,3,-3,0.25,4,-0.5
373,3,-3,0.25,4,-1
115,3,-3,0.25,4,-1.5
54,3,-3,0.25,4,-2
105,3,-3,0.25,5,-0.5
353,3,-3,0.25,5,-1
164,3,-3,0.25,5,-1.5
47,3,-3,0.25,5,-2
64,3,-3,0.75,1,-0.5
105,3,-3,0.75,1,-1
71,3,-3,0.75,1,-1.5
40,3,-3,0.75,1,-2
63,3,-3,0.75,2,-0.5
69,3,-3,0.75,2,-1
125,3,-3,0.75,2,-1.5
131,3,-3,0.75,2,-2
28,3,-3,0.75,3,-0.5
325,3,-3,0.75,3,-1
33,3,-3,0.75,3,-1.5
31,3,-3,0.75,3,-2
69,3,-3,0.75,4,-0.5
33,3,-3,0.75,4,-1
16,3,-3,0.75,4,-1.5
111,3,-3,0.75,4,-2
75,3,-3,0.75,5,-0.5
76,3,-3,0.75,5,-1
171,3,-3,0.75,5,-1.5
64,3,-3,0.75,5,-2
31,3,-3,1.25,1,-0.5
15,3,-3,1.25,1,-1
26,3,-3,1.25,1,-1.5
61,3,-3,1.25,1,-2
37,3,-3,1.25,2,-0.5
50,3,-3,1.25,2,-1
70,3,-3,1.25,2,-1.5
36,3,-3,1.25,2,-2
32,3,-3,1.25,3,-0.5
25,3,-3,1.25,3,-1
27,3,-3,1.25,3,-1.5
24,3,-3,1.25,3,-2
139,3,-3,1.25,4,-0.5
26,3,-3,1.25,4,-1
37,3,-3,1.25,4,-1.5
17,3,-3,1.25,4,-2
57,3,-3,1.25,5,-0.5
275,3,-3,1.25,5,-1
39,3,-3,1.25,5,-1.5
32,3,-3,1.25,5,-2
70,3,-3,1.75,1,-0.5
57,3,-3,1.75,1,-1
36,3,-3,1.75,1,-1.5
46,3,-3,1.75,1,-2
32,3,-3,1.75,2,-0.5
93,3,-3,1.75,2,-1
34,3,-3,1.75,2,-1.5
24,3,-3,1.75,2,-2
53,3,-3,1.75,3,-0.5
33,3,-3,1.75,3,-1
30,3,-3,1.75,3,-1.5
20,3,-3,1.75,3,-2
51,3,-3,1.75,4,-0.5
36,3,-3,1.75,4,-1
31,3,-3,1.75,4,-1.5
48,3,-3,1.75,4,-2
43,3,-3,1.75,5,-0.5
45,3,-3,1.75,5,-1
37,3,-3,1.75,5,-1.5
36,3,-3,1.75,5,-2
406,3,-4,0.25,1,-0.5
436,3,-4,0.25,1,-1
378,3,-4,0.25,1,-1.5
233,3,-4,0.25,1,-2
244,3,-4,0.25,2,-0.5
178,3,-4,0.25,2,-1
95,3,-4,0.25,2,-1.5
122,3,-4,0.25,2,-2
420,3,-4,0.25,3,-0.5
100,3,-4,0.25,3,-1
194,3,-4,0.25,3,-1.5
36,3,-4,0.25,3,-2
490,3,-4,0.25,4,-0.5
243,3,-4,0.25,4,-1
278,3,-4,0.25,4,-1.5
40,3,-4,0.25,4,-2
490,3,-4,0.25,5,-0.5
244,3,-4,0.25,5,-1
193,3,-4,0.25,5,-1.5
296,3,-4,0.25,5,-2
57,3,-4,0.75,1,-0.5
61,3,-4,0.75,1,-1
61,3,-4,0.75,1,-1.5
528,3,-4,0.75,1,-2
38,3,-4,0.75,2,-0.5
269,3,-4,0.75,2,-1
88,3,-4,0.75,2,-1.5
47,3,-4,0.75,2,-2
64,3,-4,0.75,3,-0.5
183,3,-4,0.75,3,-1
358,3,-4,0.75,3,-1.5
87,3,-4,0.75,3,-2
124,3,-4,0.75,4,-0.5
161,3,-4,0.75,4,-1
196,3,-4,0.75,4,-1.5
33,3,-4,0.75,4,-2
96,3,-4,0.75,5,-0.5
67,3,-4,0.75,5,-1
33,3,-4,0.75,5,-1.5
56,3,-4,0.75,5,-2
41,3,-4,1.25,1,-0.5
51,3,-4,1.25,1,-1
30,3,-4,1.25,1,-1.5
32,3,-4,1.25,1,-2
48,3,-4,1.25,2,-0.5
22,3,-4,1.25,2,-1
32,3,-4,1.25,2,-1.5
32,3,-4,1.25,2,-2
40,3,-4,1.25,3,-0.5
31,3,-4,1.25,3,-1
28,3,-4,1.25,3,-1.5
20,3,-4,1.25,3,-2
51,3,-4,1.25,4,-0.5
20,3,-4,1.25,4,-1
100,3,-4,1.25,4,-1.5
24,3,-4,1.25,4,-2
48,3,-4,1.25,5,-0.5
83,3,-4,1.25,5,-1
41,3,-4,1.25,5,-1.5
13,3,-4,1.25,5,-2
89,3,-4,1.75,1,-0.5
57,3,-4,1.75,1,-1
19,3,-4,1.75,1,-1.5
70,3,-4,1.75,1,-2
61,3,-4,1.75,2,-0.5
35,3,-4,1.75,2,-1
41,3,-4,1.75,2,-1.5
24,3,-4,1.75,2,-2
64,3,-4,1.75,3,-0.5
35,3,-4,1.75,3,-1
31,3,-4,1.75,3,-1.5
46,3,-4,1.75,3,-2
38,3,-4,1.75,4,-0.5
20,3,-4,1.75,4,-1
41,3,-4,1.75,4,-1.5
30,3,-4,1.75,4,-2
55,3,-4,1.75,5,-0.5
59,3,-4,1.75,5,-1
58,3,-4,1.75,5,-1.5
40,3,-4,1.75,5,-2
349,3,-5,0.25,1,-0.5
309,3,-5,0.25,1,-1
516,3,-5,0.25,1,-1.5
425,3,-5,0.25,1,-2
310,3,-5,0.25,2,-0.5
309,3,-5,0.25,2,-1
403,3,-5,0.25,2,-1.5
84,3,-5,0.25,2,-2
470,3,-5,0.25,3,-0.5
219,3,-5,0.25,3,-1
355,3,-5,0.25,3,-1.5
266,3,-5,0.25,3,-2
331,3,-5,0.25,4,-0.5
185,3,-5,0.25,4,-1
355,3,-5,0.25,4,-1.5
403,3,-5,0.25,4,-2
181,3,-5,0.25,5,-0.5
163,3,-5,0.25,5,-1
178,3,-5,0.25,5,-1.5
402,3,-5,0.25,5,-2
271,3,-5,0.75,1,-0.5
49,3,-5,0.75,1,-1
55,3,-5,0.75,1,-1.5
503,3,-5,0.75,1,-2
68,3,-5,0.75,2,-0.5
106,3,-5,0.75,2,-1
484,3,-5,0.75,2,-1.5
532,3,-5,0.75,2,-2
115,3,-5,0.75,3,-0.5
158,3,-5,0.75,3,-1
191,3,-5,0.75,3,-1.5
305,3,-5,0.75,3,-2
130,3,-5,0.75,4,-0.5
120,3,-5,0.75,4,-1
202,3,-5,0.75,4,-1.5
65,3,-5,0.75,4,-2
105,3,-5,0.75,5,-0.5
26,3,-5,0.75,5,-1
46,3,-5,0.75,5,-1.5
29,3,-5,0.75,5,-2
71,3,-5,1.25,1,-0.5
42,3,-5,1.25,1,-1
28,3,-5,1.25,1,-1.5
48,3,-5,1.25,1,-2
31,3,-5,1.25,2,-0.5
66,3,-5,1.25,2,-1
309,3,-5,1.25,2,-1.5
206,3,-5,1.25,2,-2
38,3,-5,1.25,3,-0.5
34,3,-5,1.25,3,-1
309,3,-5,1.25,3,-1.5
175,3,-5,1.25,3,-2
42,3,-5,1.25,4,-0.5
42,3,-5,1.25,4,-1
309,3,-5,1.25,4,-1.5
285,3,-5,1.25,4,-2
35,3,-5,1.25,5,-0.5
33,3,-5,1.25,5,-1
309,3,-5,1.25,5,-1.5
43,3,-5,1.25,5,-2
50,3,-5,1.75,1,-0.5
64,3,-5,1.75,1,-1
63,3,-5,1.75,1,-1.5
53,3,-5,1.75,1,-2
26,3,-5,1.75,2,-0.5
76,3,-5,1.75,2,-1
62,3,-5,1.75,2,-1.5
28,3,-5,1.75,2,-2
41,3,-5,1.75,3,-0.5
25,3,-5,1.75,3,-1
35,3,-5,1.75,3,-1.5
60,3,-5,1.75,3,-2
21,3,-5,1.75,4,-0.5
28,3,-5,1.75,4,-1
26,3,-5,1.75,4,-1.5
42,3,-5,1.75,4,-2
45,3,-5,1.75,5,-0.5
34,3,-5,1.75,5,-1
70,3,-5,1.75,5,-1.5
47,3,-5,1.75,5,-2
311,4,-1,0.25,1,-0.5
131,4,-1,0.25,1,-1
103,4,-1,0.25,1,-1.5
64,4,-1,0.25,1,-2
135,4,-1,0.25,2,-0.5
170,4,-1,0.25,2,-1
207,4,-1,0.25,2,-1.5
81,4,-1,0.25,2,-2
120,4,-1,0.25,3,-0.5
207,4,-1,0.25,3,-1
88,4,-1,0.25,3,-1.5
60,4,-1,0.25,3,-2
347,4,-1,0.25,4,-0.5
114,4,-1,0.25,4,-1
121,4,-1,0.25,4,-1.5
93,4,-1,0.25,4,-2
183,4,-1,0.25,5,-0.5
124,4,-1,0.25,5,-1
129,4,-1,0.25,5,-1.5
58,4,-1,0.25,5,-2
145,4,-1,0.75,1,-0.5
94,4,-1,0.75,1,-1
61,4,-1,0.75,1,-1.5
68,4,-1,0.75,1,-2
92,4,-1,0.75,2,-0.5
84,4,-1,0.75,2,-1
59,4,-1,0.75,2,-1.5
53,4,-1,0.75,2,-2
102,4,-1,0.75,3,-0.5
92,4,-1,0.75,3,-1
63,4,-1,0.75,3,-1.5
78,4,-1,0.75,3,-2
121,4,-1,0.75,4,-0.5
74,4,-1,0.75,4,-1
39,4,-1,0.75,4,-1.5
29,4,-1,0.75,4,-2
98,4,-1,0.75,5,-0.5
104,4,-1,0.75,5,-1
38,4,-1,0.75,5,-1.5
34,4,-1,0.75,5,-2
115,4,-1,1.25,1,-0.5
91,4,-1,1.25,1,-1
87,4,-1,1.25,1,-1.5
35,4,-1,1.25,1,-2
109,4,-1,1.25,2,-0.5
73,4,-1,1.25,2,-1
56,4,-1,1.25,2,-1.5
27,4,-1,1.25,2,-2
71,4,-1,1.25,3,-0.5
60,4,-1,1.25,3,-1
61,4,-1,1.25,3,-1.5
78,4,-1,1.25,3,-2
75,4,-1,1.25,4,-0.5
42,4,-1,1.25,4,-1
65,4,-1,1.25,4,-1.5
42,4,-1,1.25,4,-2
131,4,-1,1.25,5,-0.5
70,4,-1,1.25,5,-1
54,4,-1,1.25,5,-1.5
43,4,-1,1.25,5,-2
114,4,-1,1.75,1,-0.5
102,4,-1,1.75,1,-1
85,4,-1,1.75,1,-1.5
95,4,-1,1.75,1,-2
111,4,-1,1.75,2,-0.5
98,4,-1,1.75,2,-1
87,4,-1,1.75,2,-1.5
74,4,-1,1.75,2,-2
117,4,-1,1.75,3,-0.5
51,4,-1,1.75,3,-1
69,4,-1,1.75,3,-1.5
74,4,-1,1.75,3,-2
80,4,-1,1.75,4,-0.5
70,4,-1,1.75,4,-1
58,4,-1,1.75,4,-1.5
53,4,-1,1.75,4,-2
74,4,-1,1.75,5,-0.5
75,4,-1,1.75,5,-1
49,4,-1,1.75,5,-1.5
79,4,-1,1.75,5,-2
220,4,-2,0.25,1,-0.5
447,4,-2,0.25,1,-1
142,4,-2,0.25,1,-1.5
118,4,-2,0.25,1,-2
159,4,-2,0.25,2,-0.5
426,4,-2,0.25,2,-1
85,4,-2,0.25,2,-1.5
132,4,-2,0.25,2,-2
166,4,-2,0.25,3,-0.5
292,4,-2,0.25,3,-1
87,4,-2,0.25,3,-1.5
316,4,-2,0.25,3,-2
161,4,-2,0.25,4,-0.5
116,4,-2,0.25,4,-1
207,4,-2,0.25,4,-1.5
51,4,-2,0.25,4,-2
141,4,-2,0.25,5,-0.5
185,4,-2,0.25,5,-1
138,4,-2,0.25,5,-1.5
70,4,-2,0.25,5,-2
121,4,-2,0.75,1,-0.5
134,4,-2,0.75,1,-1
56,4,-2,0.75,1,-1.5
72,4,-2,0.75,1,-2
98,4,-2,0.75,2,-0.5
55,4,-2,0.75,2,-1
42,4,-2,0.75,2,-1.5
92,4,-2,0.75,2,-2
101,4,-2,0.75,3,-0.5
51,4,-2,0.75,3,-1
63,4,-2,0.75,3,-1.5
34,4,-2,0.75,3,-2
117,4,-2,0.75,4,-0.5
34,4,-2,0.75,4,-1
48,4,-2,0.75,4,-1.5
42,4,-2,0.75,4,-2
64,4,-2,0.75,5,-0.5
47,4,-2,0.75,5,-1
99,4,-2,0.75,5,-1.5
63,4,-2,0.75,5,-2
81,4,-2,1.25,1,-0.5
64,4,-2,1.25,1,-1
38,4,-2,1.25,1,-1.5
64,4,-2,1.25,1,-2
58,4,-2,1.25,2,-0.5
47,4,-2,1.25,2,-1
56,4,-2,1.25,2,-1.5
19,4,-2,1.25,2,-2
64,4,-2,1.25,3,-0.5
56,4,-2,1.25,3,-1
54,4,-2,1.25,3,-1.5
51,4,-2,1.25,3,-2
76,4,-2,1.25,4,-0.5
27,4,-2,1.25,4,-1
43,4,-2,1.25,4,-1.5
39,4,-2,1.25,4,-2
36,4,-2,1.25,5,-0.5
52,4,-2,1.25,5,-1
49,4,-2,1.25,5,-1.5
30,4,-2,1.25,5,-2
81,4,-2,1.75,1,-0.5
63,4,-2,1.75,1,-1
68,4,-2,1.75,1,-1.5
45,4,-2,1.75,1,-2
101,4,-2,1.75,2,-0.5
45,4,-2,1.75,2,-1
45,4,-2,1.75,2,-1.5
35,4,-2,1.75,2,-2
57,4,-2,1.75,3,-0.5
53,4,-2,1.75,3,-1
44,4,-2,1.75,3,-1.5
65,4,-2,1.75,3,-2
59,4,-2,1.75,4,-0.5
59,4,-2,1.75,4,-1
51,4,-2,1.75,4,-1.5
37,4,-2,1.75,4,-2
72,4,-2,1.75,5,-0.5
68,4,-2,1.75,5,-1
70,4,-2,1.75,5,-1.5
50,4,-2,1.75,5,-2
229,4,-3,0.25,1,-0.5
224,4,-3,0.25,1,-1
84,4,-3,0.25,1,-1.5
111,4,-3,0.25,1,-2
168,4,-3,0.25,2,-0.5
219,4,-3,0.25,2,-1
189,4,-3,0.25,2,-1.5
117,4,-3,0.25,2,-2
205,4,-3,0.25,3,-0.5
88,4,-3,0.25,3,-1
119,4,-3,0.25,3,-1.5
73,4,-3,0.25,3,-2
308,4,-3,0.25,4,-0.5
111,4,-3,0.25,4,-1
145,4,-3,0.25,4,-1.5
419,4,-3,0.25,4,-2
222,4,-3,0.25,5,-0.5
180,4,-3,0.25,5,-1
120,4,-3,0.25,5,-1.5
271,4,-3,0.25,5,-2
121,4,-3,0.75,1,-0.5
46,4,-3,0.75,1,-1
72,4,-3,0.75,1,-1.5
61,4,-3,0.75,1,-2
117,4,-3,0.75,2,-0.5
453,4,-3,0.75,2,-1
37,4,-3,0.75,2,-1.5
94,4,-3,0.75,2,-2
168,4,-3,0.75,3,-0.5
52,4,-3,0.75,3,-1
52,4,-3,0.75,3,-1.5
47,4,-3,0.75,3,-2
120,4,-3,0.75,4,-0.5
41,4,-3,0.75,4,-1
179,4,-3,0.75,4,-1.5
65,4,-3,0.75,4,-2
100,4,-3,0.75,5,-0.5
304,4,-3,0.75,5,-1
85,4,-3,0.75,5,-1.5
102,4,-3,0.75,5,-2
38,4,-3,1.25,1,-0.5
38,4,-3,1.25,1,-1
38,4,-3,1.25,1,-1.5
89,4,-3,1.25,1,-2
69,4,-3,1.25,2,-0.5
31,4,-3,1.25,2,-1
67,4,-3,1.25,2,-1.5
35,4,-3,1.25,2,-2
127,4,-3,1.25,3,-0.5
55,4,-3,1.25,3,-1
79,4,-3,1.25,3,-1.5
42,4,-3,1.25,3,-2
36,4,-3,1.25,4,-0.5
89,4,-3,1.25,4,-1
49,4,-3,1.25,4,-1.5
21,4,-3,1.25,4,-2
62,4,-3,1.25,5,-0.5
70,4,-3,1.25,5,-1
38,4,-3,1.25,5,-1.5
45,4,-3,1.25,5,-2
91,4,-3,1.75,1,-0.5
72,4,-3,1.75,1,-1
50,4,-3,1.75,1,-1.5
37,4,-3,1.75,1,-2
89,4,-3,1.75,2,-0.5
30,4,-3,1.75,2,-1
45,4,-3,1.75,2,-1.5
35,4,-3,1.75,2,-2
37,4,-3,1.75,3,-0.5
47,4,-3,1.75,3,-1
81,4,-3,1.75,3,-1.5
68,4,-3,1.75,3,-2
70,4,-3,1.75,4,-0.5
46,4,-3,1.75,4,-1
65,4,-3,1.75,4,-1.5
49,4,-3,1.75,4,-2
51,4,-3,1.75,5,-0.5
162,4,-3,1.75,5,-1
42,4,-3,1.75,5,-1.5
40,4,-3,1.75,5,-2
348,4,-4,0.25,1,-0.5
241,4,-4,0.25,1,-1
189,4,-4,0.25,1,-1.5
429,4,-4,0.25,1,-2
229,4,-4,0.25,2,-0.5
184,4,-4,0.25,2,-1
225,4,-4,0.25,2,-1.5
130,4,-4,0.25,2,-2
228,4,-4,0.25,3,-0.5
319,4,-4,0.25,3,-1
89,4,-4,0.25,3,-1.5
154,4,-4,0.25,3,-2
406,4,-4,0.25,4,-0.5
232,4,-4,0.25,4,-1
175,4,-4,0.25,4,-1.5
262,4,-4,0.25,4,-2
406,4,-4,0.25,5,-0.5
113,4,-4,0.25,5,-1
327,4,-4,0.25,5,-1.5
105,4,-4,0.25,5,-2
443,4,-4,0.75,1,-0.5
138,4,-4,0.75,1,-1
39,4,-4,0.75,1,-1.5
35,4,-4,0.75,1,-2
443,4,-4,0.75,2,-0.5
24,4,-4,0.75,2,-1
58,4,-4,0.75,2,-1.5
91,4,-4,0.75,2,-2
95,4,-4,0.75,3,-0.5
495,4,-4,0.75,3,-1
29,4,-4,0.75,3,-1.5
75,4,-4,0.75,3,-2
54,4,-4,0.75,4,-0.5
495,4,-4,0.75,4,-1
64,4,-4,0.75,4,-1.5
176,4,-4,0.75,4,-2
57,4,-4,0.75,5,-0.5
495,4,-4,0.75,5,-1
257,4,-4,0.75,5,-1.5
97,4,-4,0.75,5,-2
89,4,-4,1.25,1,-0.5
86,4,-4,1.25,1,-1
77,4,-4,1.25,1,-1.5
37,4,-4,1.25,1,-2
183,4,-4,1.25,2,-0.5
44,4,-4,1.25,2,-1
72,4,-4,1.25,2,-1.5
54,4,-4,1.25,2,-2
55,4,-4,1.25,3,-0.5
29,4,-4,1.25,3,-1
104,4,-4,1.25,3,-1.5
77,4,-4,1.25,3,-2
79,4,-4,1.25,4,-0.5
33,4,-4,1.25,4,-1
32,4,-4,1.25,4,-1.5
182,4,-4,1.25,4,-2
68,4,-4,1.25,5,-0.5
37,4,-4,1.25,5,-1
22,4,-4,1.25,5,-1.5
59,4,-4,1.25,5,-2
32,4,-4,1.75,1,-0.5
52,4,-4,1.75,1,-1
57,4,-4,1.75,1,-1.5
44,4,-4,1.75,1,-2
112,4,-4,1.75,2,-0.5
57,4,-4,1.75,2,-1
69,4,-4,1.75,2,-1.5
27,4,-4,1.75,2,-2
42,4,-4,1.75,3,-0.5
29,4,-4,1.75,3,-1
30,4,-4,1.75,3,-1.5
34,4,-4,1.75,3,-2
54,4,-4,1.75,4,-0.5
43,4,-4,1.75,4,-1
29,4,-4,1.75,4,-1.5
27,4,-4,1.75,4,-2
38,4,-4,1.75,5,-0.5
30,4,-4,1.75,5,-1
34,4,-4,1.75,5,-1.5
37,4,-4,1.75,5,-2
430,4,-5,0.25,1,-0.5
209,4,-5,0.25,1,-1
261,4,-5,0.25,1,-1.5
406,4,-5,0.25,1,-2
270,4,-5,0.25,2,-0.5
240,4,-5,0.25,2,-1
244,4,-5,0.25,2,-1.5
180,4,-5,0.25,2,-2
161,4,-5,0.25,3,-0.5
437,4,-5,0.25,3,-1
511,4,-5,0.25,3,-1.5
149,4,-5,0.25,3,-2
318,4,-5,0.25,4,-0.5
230,4,-5,0.25,4,-1
81,4,-5,0.25,4,-1.5
178,4,-5,0.25,4,-2
332,4,-5,0.25,5,-0.5
229,4,-5,0.25,5,-1
278,4,-5,0.25,5,-1.5
172,4,-5,0.25,5,-2
467,4,-5,0.75,1,-0.5
53,4,-5,0.75,1,-1
238,4,-5,0.75,1,-1.5
47,4,-5,0.75,1,-2
333,4,-5,0.75,2,-0.5
88,4,-5,0.75,2,-1
410,4,-5,0.75,2,-1.5
533,4,-5,0.75,2,-2
206,4,-5,0.75,3,-0.5
477,4,-5,0.75,3,-1
47,4,-5,0.75,3,-1.5
533,4,-5,0.75,3,-2
201,4,-5,0.75,4,-0.5
242,4,-5,0.75,4,-1
31,4,-5,0.75,4,-1.5
117,4,-5,0.75,4,-2
231,4,-5,0.75,5,-0.5
95,4,-5,0.75,5,-1
71,4,-5,0.75,5,-1.5
55,4,-5,0.75,5,-2
42,4,-5,1.25,1,-0.5
43,4,-5,1.25,1,-1
48,4,-5,1.25,1,-1.5
21,4,-5,1.25,1,-2
125,4,-5,1.25,2,-0.5
38,4,-5,1.25,2,-1
56,4,-5,1.25,2,-1.5
32,4,-5,1.25,2,-2
52,4,-5,1.25,3,-0.5
57,4,-5,1.25,3,-1
106,4,-5,1.25,3,-1.5
125,4,-5,1.25,3,-2
35,4,-5,1.25,4,-0.5
43,4,-5,1.25,4,-1
37,4,-5,1.25,4,-1.5
36,4,-5,1.25,4,-2
78,4,-5,1.25,5,-0.5
40,4,-5,1.25,5,-1
383,4,-5,1.25,5,-1.5
29,4,-5,1.25,5,-2
60,4,-5,1.75,1,-0.5
81,4,-5,1.75,1,-1
40,4,-5,1.75,1,-1.5
51,4,-5,1.75,1,-2
57,4,-5,1.75,2,-0.5
62,4,-5,1.75,2,-1
69,4,-5,1.75,2,-1.5
35,4,-5,1.75,2,-2
65,4,-5,1.75,3,-0.5
77,4,-5,1.75,3,-1
38,4,-5,1.75,3,-1.5
43,4,-5,1.75,3,-2
31,4,-5,1.75,4,-0.5
82,4,-5,1.75,4,-1
23,4,-5,1.75,4,-1.5
30,4,-5,1.75,4,-2
44,4,-5,1.75,5,-0.5
28,4,-5,1.75,5,-1
31,4,-5,1.75,5,-1.5
30,4,-5,1.75,5,-2
300,5,-1,0.25,1,-0.5
157,5,-1,0.25,1,-1
164,5,-1,0.25,1,-1.5
150,5,-1,0.25,1,-2
289,5,-1,0.25,2,-0.5
155,5,-1,0.25,2,-1
114,5,-1,0.25,2,-1.5
90,5,-1,0.25,2,-2
233,5,-1,0.25,3,-0.5
201,5,-1,0.25,3,-1
127,5,-1,0.25,3,-1.5
146,5,-1,0.25,3,-2
164,5,-1,0.25,4,-0.5
455,5,-1,0.25,4,-1
119,5,-1,0.25,4,-1.5
140,5,-1,0.25,4,-2
232,5,-1,0.25,5,-0.5
169,5,-1,0.25,5,-1
131,5,-1,0.25,5,-1.5
103,5,-1,0.25,5,-2
119,5,-1,0.75,1,-0.5
138,5,-1,0.75,1,-1
106,5,-1,0.75,1,-1.5
102,5,-1,0.75,1,-2
125,5,-1,0.75,2,-0.5
101,5,-1,0.75,2,-1
101,5,-1,0.75,2,-1.5
90,5,-1,0.75,2,-2
114,5,-1,0.75,3,-0.5
96,5,-1,0.75,3,-1
89,5,-1,0.75,3,-1.5
57,5,-1,0.75,3,-2
116,5,-1,0.75,4,-0.5
89,5,-1,0.75,4,-1
98,5,-1,0.75,4,-1.5
69,5,-1,0.75,4,-2
90,5,-1,0.75,5,-0.5
95,5,-1,0.75,5,-1
67,5,-1,0.75,5,-1.5
49,5,-1,0.75,5,-2
123,5,-1,1.25,1,-0.5
121,5,-1,1.25,1,-1
76,5,-1,1.25,1,-1.5
57,5,-1,1.25,1,-2
105,5,-1,1.25,2,-0.5
137,5,-1,1.25,2,-1
88,5,-1,1.25,2,-1.5
60,5,-1,1.25,2,-2
117,5,-1,1.25,3,-0.5
101,5,-1,1.25,3,-1
95,5,-1,1.25,3,-1.5
48,5,-1,1.25,3,-2
92,5,-1,1.25,4,-0.5
79,5,-1,1.25,4,-1
56,5,-1,1.25,4,-1.5
72,5,-1,1.25,4,-2
126,5,-1,1.25,5,-0.5
51,5,-1,1.25,5,-1
71,5,-1,1.25,5,-1.5
41,5,-1,1.25,5,-2
130,5,-1,1.75,1,-0.5
89,5,-1,1.75,1,-1
80,5,-1,1.75,1,-1.5
77,5,-1,1.75,1,-2
119,5,-1,1.75,2,-0.5
94,5,-1,1.75,2,-1
62,5,-1,1.75,2,-1.5
96,5,-1,1.75,2,-2
128,5,-1,1.75,3,-0.5
89,5,-1,1.75,3,-1
70,5,-1,1.75,3,-1.5
52,5,-1,1.75,3,-2
125,5,-1,1.75,4,-0.5
66,5,-1,1.75,4,-1
78,5,-1,1.75,4,-1.5
37,5,-1,1.75,4,-2
79,5,-1,1.75,5,-0.5
106,5,-1,1.75,5,-1
57,5,-1,1.75,5,-1.5
78,5,-1,1.75,5,-2
133,5,-2,0.25,1,-0.5
245,5,-2,0.25,1,-1
189,5,-2,0.25,1,-1.5
271,5,-2,0.25,1,-2
413,5,-2,0.25,2,-0.5
136,5,-2,0.25,2,-1
136,5,-2,0.25,2,-1.5
115,5,-2,0.25,2,-2
352,5,-2,0.25,3,-0.5
117,5,-2,0.25,3,-1
129,5,-2,0.25,3,-1.5
90,5,-2,0.25,3,-2
148,5,-2,0.25,4,-0.5
199,5,-2,0.25,4,-1
420,5,-2,0.25,4,-1.5
224,5,-2,0.25,4,-2
169,5,-2,0.25,5,-0.5
148,5,-2,0.25,5,-1
104,5,-2,0.25,5,-1.5
306,5,-2,0.25,5,-2
119,5,-2,0.75,1,-0.5
148,5,-2,0.75,1,-1
72,5,-2,0.75,1,-1.5
51,5,-2,0.75,1,-2
443,5,-2,0.75,2,-0.5
116,5,-2,0.75,2,-1
98,5,-2,0.75,2,-1.5
48,5,-2,0.75,2,-2
100,5,-2,0.75,3,-0.5
84,5,-2,0.75,3,-1
48,5,-2,0.75,3,-1.5
42,5,-2,0.75,3,-2
80,5,-2,0.75,4,-0.5
87,5,-2,0.75,4,-1
85,5,-2,0.75,4,-1.5
53,5,-2,0.75,4,-2
84,5,-2,0.75,5,-0.5
70,5,-2,0.75,5,-1
73,5,-2,0.75,5,-1.5
34,5,-2,0.75,5,-2
122,5,-2,1.25,1,-0.5
85,5,-2,1.25,1,-1
61,5,-2,1.25,1,-1.5
54,5,-2,1.25,1,-2
48,5,-2,1.25,2,-0.5
55,5,-2,1.25,2,-1
60,5,-2,1.25,2,-1.5
22,5,-2,1.25,2,-2
76,5,-2,1.25,3,-0.5
61,5,-2,1.25,3,-1
46,5,-2,1.25,3,-1.5
38,5,-2,1.25,3,-2
80,5,-2,1.25,4,-0.5
66,5,-2,1.25,4,-1
44,5,-2,1.25,4,-1.5
46,5,-2,1.25,4,-2
56,5,-2,1.25,5,-0.5
76,5,-2,1.25,5,-1
27,5,-2,1.25,5,-1.5
60,5,-2,1.25,5,-2
98,5,-2,1.75,1,-0.5
84,5,-2,1.75,1,-1
97,5,-2,1.75,1,-1.5
68,5,-2,1.75,1,-2
53,5,-2,1.75,2,-0.5
66,5,-2,1.75,2,-1
77,5,-2,1.75,2,-1.5
48,5,-2,1.75,2,-2
84,5,-2,1.75,3,-0.5
108,5,-2,1.75,3,-1
40,5,-2,1.75,3,-1.5
71,5,-2,1.75,3,-2
66,5,-2,1.75,4,-0.5
32,5,-2,1.75,4,-1
53,5,-2,1.75,4,-1.5
55,5,-2,1.75,4,-2
79,5,-2,1.75,5,-0.5
49,5,-2,1.75,5,-1
28,5,-2,1.75,5,-1.5
49,5,-2,1.75,5,-2
188,5,-3,0.25,1,-0.5
228,5,-3,0.25,1,-1
488,5,-3,0.25,1,-1.5
354,5,-3,0.25,1,-2
296,5,-3,0.25,2,-0.5
250,5,-3,0.25,2,-1
385,5,-3,0.25,2,-1.5
194,5,-3,0.25,2,-2
198,5,-3,0.25,3,-0.5
164,5,-3,0.25,3,-1
144,5,-3,0.25,3,-1.5
380,5,-3,0.25,3,-2
325,5,-3,0.25,4,-0.5
146,5,-3,0.25,4,-1
443,5,-3,0.25,4,-1.5
84,5,-3,0.25,4,-2
317,5,-3,0.25,5,-0.5
132,5,-3,0.25,5,-1
73,5,-3,0.25,5,-1.5
229,5,-3,0.25,5,-2
210,5,-3,0.75,1,-0.5
92,5,-3,0.75,1,-1
130,5,-3,0.75,1,-1.5
103,5,-3,0.75,1,-2
108,5,-3,0.75,2,-0.5
190,5,-3,0.75,2,-1
33,5,-3,0.75,2,-1.5
116,5,-3,0.75,2,-2
195,5,-3,0.75,3,-0.5
107,5,-3,0.75,3,-1
446,5,-3,0.75,3,-1.5
95,5,-3,0.75,3,-2
133,5,-3,0.75,4,-0.5
94,5,-3,0.75,4,-1
85,5,-3,0.75,4,-1.5
42,5,-3,0.75,4,-2
87,5,-3,0.75,5,-0.5
126,5,-3,0.75,5,-1
31,5,-3,0.75,5,-1.5
65,5,-3,0.75,5,-2
89,5,-3,1.25,1,-0.5
87,5,-3,1.25,1,-1
50,5,-3,1.25,1,-1.5
75,5,-3,1.25,1,-2
82,5,-3,1.25,2,-0.5
38,5,-3,1.25,2,-1
68,5,-3,1.25,2,-1.5
35,5,-3,1.25,2,-2
112,5,-3,1.25,3,-0.5
37,5,-3,1.25,3,-1
177,5,-3,1.25,3,-1.5
31,5,-3,1.25,3,-2
38,5,-3,1.25,4,-0.5
45,5,-3,1.25,4,-1
55,5,-3,1.25,4,-1.5
50,5,-3,1.25,4,-2
78,5,-3,1.25,5,-0.5
83,5,-3,1.25,5,-1
50,5,-3,1.25,5,-1.5
35,5,-3,1.25,5,-2
44,5,-3,1.75,1,-0.5
64,5,-3,1.75,1,-1
67,5,-3,1.75,1,-1.5
55,5,-3,1.75,1,-2
88,5,-3,1.75,2,-0.5
72,5,-3,1.75,2,-1
51,5,-3,1.75,2,-1.5
47,5,-3,1.75,2,-2
69,5,-3,1.75,3,-0.5
64,5,-3,1.75,3,-1
50,5,-3,1.75,3,-1.5
72,5,-3,1.75,3,-2
64,5,-3,1.75,4,-0.5
26,5,-3,1.75,4,-1
33,5,-3,1.75,4,-1.5
33,5,-3,1.75,4,-2
70,5,-3,1.75,5,-0.5
48,5,-3,1.75,5,-1
50,5,-3,1.75,5,-1.5
47,5,-3,1.75,5,-2
280,5,-4,0.25,1,-0.5
235,5,-4,0.25,1,-1
207,5,-4,0.25,1,-1.5
166,5,-4,0.25,1,-2
187,5,-4,0.25,2,-0.5
236,5,-4,0.25,2,-1
203,5,-4,0.25,2,-1.5
411,5,-4,0.25,2,-2
311,5,-4,0.25,3,-0.5
174,5,-4,0.25,3,-1
96,5,-4,0.25,3,-1.5
150,5,-4,0.25,3,-2
96,5,-4,0.25,4,-0.5
282,5,-4,0.25,4,-1
505,5,-4,0.25,4,-1.5
175,5,-4,0.25,4,-2
313,5,-4,0.25,5,-0.5
404,5,-4,0.25,5,-1
372,5,-4,0.25,5,-1.5
197,5,-4,0.25,5,-2
132,5,-4,0.75,1,-0.5
112,5,-4,0.75,1,-1
131,5,-4,0.75,1,-1.5
441,5,-4,0.75,1,-2
502,5,-4,0.75,2,-0.5
89,5,-4,0.75,2,-1
67,5,-4,0.75,2,-1.5
91,5,-4,0.75,2,-2
183,5,-4,0.75,3,-0.5
116,5,-4,0.75,3,-1
486,5,-4,0.75,3,-1.5
82,5,-4,0.75,3,-2
208,5,-4,0.75,4,-0.5
109,5,-4,0.75,4,-1
205,5,-4,0.75,4,-1.5
109,5,-4,0.75,4,-2
60,5,-4,0.75,5,-0.5
310,5,-4,0.75,5,-1
75,5,-4,0.75,5,-1.5
93,5,-4,0.75,5,-2
482,5,-4,1.25,1,-0.5
62,5,-4,1.25,1,-1
78,5,-4,1.25,1,-1.5
58,5,-4,1.25,1,-2
179,5,-4,1.25,2,-0.5
42,5,-4,1.25,2,-1
24,5,-4,1.25,2,-1.5
59,5,-4,1.25,2,-2
33,5,-4,1.25,3,-0.5
66,5,-4,1.25,3,-1
35,5,-4,1.25,3,-1.5
48,5,-4,1.25,3,-2
95,5,-4,1.25,4,-0.5
49,5,-4,1.25,4,-1
44,5,-4,1.25,4,-1.5
44,5,-4,1.25,4,-2
107,5,-4,1.25,5,-0.5
77,5,-4,1.25,5,-1
29,5,-4,1.25,5,-1.5
57,5,-4,1.25,5,-2
71,5,-4,1.75,1,-0.5
87,5,-4,1.75,1,-1
61,5,-4,1.75,1,-1.5
78,5,-4,1.75,1,-2
34,5,-4,1.75,2,-0.5
49,5,-4,1.75,2,-1
59,5,-4,1.75,2,-1.5
72,5,-4,1.75,2,-2
75,5,-4,1.75,3,-0.5
53,5,-4,1.75,3,-1
40,5,-4,1.75,3,-1.5
48,5,-4,1.75,3,-2
49,5,-4,1.75,4,-0.5
29,5,-4,1.75,4,-1
17,5,-4,1.75,4,-1.5
35,5,-4,1.75,4,-2
33,5,-4,1.75,5,-0.5
69,5,-4,1.75,5,-1
26,5,-4,1.75,5,-1.5
139,5,-4,1.75,5,-2
472,5,-5,0.25,1,-0.5
423,5,-5,0.25,1,-1
354,5,-5,0.25,1,-1.5
357,5,-5,0.25,1,-2
334,5,-5,0.25,2,-0.5
422,5,-5,0.25,2,-1
265,5,-5,0.25,2,-1.5
355,5,-5,0.25,2,-2
194,5,-5,0.25,3,-0.5
405,5,-5,0.25,3,-1
354,5,-5,0.25,3,-1.5
345,5,-5,0.25,3,-2
492,5,-5,0.25,4,-0.5
165,5,-5,0.25,4,-1
515,5,-5,0.25,4,-1.5
158,5,-5,0.25,4,-2
196,5,-5,0.25,5,-0.5
157,5,-5,0.25,5,-1
494,5,-5,0.25,5,-1.5
367,5,-5,0.25,5,-2
403,5,-5,0.75,1,-0.5
376,5,-5,0.75,1,-1
133,5,-5,0.75,1,-1.5
308,5,-5,0.75,1,-2
219,5,-5,0.75,2,-0.5
375,5,-5,0.75,2,-1
80,5,-5,0.75,2,-1.5
104,5,-5,0.75,2,-2
554,5,-5,0.75,3,-0.5
133,5,-5,0.75,3,-1
48,5,-5,0.75,3,-1.5
98,5,-5,0.75,3,-2
480,5,-5,0.75,4,-0.5
132,5,-5,0.75,4,-1
118,5,-5,0.75,4,-1.5
93,5,-5,0.75,4,-2
153,5,-5,0.75,5,-0.5
542,5,-5,0.75,5,-1
96,5,-5,0.75,5,-1.5
90,5,-5,0.75,5,-2
109,5,-5,1.25,1,-0.5
66,5,-5,1.25,1,-1
83,5,-5,1.25,1,-1.5
90,5,-5,1.25,1,-2
75,5,-5,1.25,2,-0.5
38,5,-5,1.25,2,-1
144,5,-5,1.25,2,-1.5
60,5,-5,1.25,2,-2
86,5,-5,1.25,3,-0.5
37,5,-5,1.25,3,-1
89,5,-5,1.25,3,-1.5
55,5,-5,1.25,3,-2
701,5,-5,1.25,4,-0.5
95,5,-5,1.25,4,-1
47,5,-5,1.25,4,-1.5
54,5,-5,1.25,4,-2
54,5,-5,1.25,5,-0.5
73,5,-5,1.25,5,-1
45,5,-5,1.25,5,-1.5
35,5,-5,1.25,5,-2
76,5,-5,1.75,1,-0.5
48,5,-5,1.75,1,-1
41,5,-5,1.75,1,-1.5
51,5,-5,1.75,1,-2
42,5,-5,1.75,2,-0.5
39,5,-5,1.75,2,-1
39,5,-5,1.75,2,-1.5
108,5,-5,1.75,2,-2
34,5,-5,1.75,3,-0.5
27,5,-5,1.75,3,-1
21,5,-5,1.75,3,-1.5
108,5,-5,1.75,3,-2
63,5,-5,1.75,4,-0.5
64,5,-5,1.75,4,-1
44,5,-5,1.75,4,-1.5
95,5,-5,1.75,4,-2
74,5,-5,1.75,5,-0.5
109,5,-5,1.75,5,-1
29,5,-5,1.75,5,-1.5
47,5,-5,1.75,5,-2
