48,1,-1,0.25,1,-0.5
14,1,-1,0.25,1,-1
27,1,-1,0.25,1,-1.5
30,1,-1,0.25,1,-2
22,1,-1,0.25,2,-0.5
28,1,-1,0.25,2,-1
51,1,-1,0.25,2,-1.5
28,1,-1,0.25,2,-2
27,1,-1,0.25,3,-0.5
33,1,-1,0.25,3,-1
32,1,-1,0.25,3,-1.5
27,1,-1,0.25,3,-2
46,1,-1,0.25,4,-0.5
53,1,-1,0.25,4,-1
38,1,-1,0.25,4,-1.5
41,1,-1,0.25,4,-2
50,1,-1,0.25,5,-0.5
52,1,-1,0.25,5,-1
92,1,-1,0.25,5,-1.5
47,1,-1,0.25,5,-2
49,1,-1,0.75,1,-0.5
31,1,-1,0.75,1,-1
52,1,-1,0.75,1,-1.5
27,1,-1,0.75,1,-2
23,1,-1,0.75,2,-0.5
42,1,-1,0.75,2,-1
60,1,-1,0.75,2,-1.5
51,1,-1,0.75,2,-2
47,1,-1,0.75,3,-0.5
40,1,-1,0.75,3,-1
37,1,-1,0.75,3,-1.5
45,1,-1,0.75,3,-2
50,1,-1,0.75,4,-0.5
45,1,-1,0.75,4,-1
52,1,-1,0.75,4,-1.5
60,1,-1,0.75,4,-2
69,1,-1,0.75,5,-0.5
53,1,-1,0.75,5,-1
64,1,-1,0.75,5,-1.5
64,1,-1,0.75,5,-2
113,1,-1,1.25,1,-0.5
104,1,-1,1.25,1,-1
90,1,-1,1.25,1,-1.5
69,1,-1,1.25,1,-2
113,1,-1,1.25,2,-0.5
77,1,-1,1.25,2,-1
79,1,-1,1.25,2,-1.5
102,1,-1,1.25,2,-2
89,1,-1,1.25,3,-0.5
68,1,-1,1.25,3,-1
91,1,-1,1.25,3,-1.5
56,1,-1,1.25,3,-2
90,1,-1,1.25,4,-0.5
87,1,-1,1.25,4,-1
89,1,-1,1.25,4,-1.5
79,1,-1,1.25,4,-2
90,1,-1,1.25,5,-0.5
83,1,-1,1.25,5,-1
86,1,-1,1.25,5,-1.5
67,1,-1,1.25,5,-2
168,1,-1,1.75,1,-0.5
119,1,-1,1.75,1,-1
74,1,-1,1.75,1,-1.5
133,1,-1,1.75,1,-2
148,1,-1,1.75,2,-0.5
123,1,-1,1.75,2,-1
117,1,-1,1.75,2,-1.5
118,1,-1,1.75,2,-2
155,1,-1,1.75,3,-0.5
108,1,-1,1.75,3,-1
134,1,-1,1.75,3,-1.5
95,1,-1,1.75,3,-2
139,1,-1,1.75,4,-0.5
102,1,-1,1.75,4,-1
110,1,-1,1.75,4,-1.5
85,1,-1,1.75,4,-2
145,1,-1,1.75,5,-0.5
90,1,-1,1.75,5,-1
94,1,-1,1.75,5,-1.5
97,1,-1,1.75,5,-2
44,1,-2,0.25,1,-0.5
95,1,-2,0.25,1,-1
300,1,-2,0.25,1,-1.5
17,1,-2,0.25,1,-2
239,1,-2,0.25,2,-0.5
46,1,-2,0.25,2,-1
100,1,-2,0.25,2,-1.5
35,1,-2,0.25,2,-2
18,1,-2,0.25,3,-0.5
39,1,-2,0.25,3,-1
39,1,-2,0.25,3,-1.5
18,1,-2,0.25,3,-2
47,1,-2,0.25,4,-0.5
118,1,-2,0.25,4,-1
55,1,-2,0.25,4,-1.5
58,1,-2,0.25,4,-2
41,1,-2,0.25,5,-0.5
42,1,-2,0.25,5,-1
53,1,-2,0.25,5,-1.5
41,1,-2,0.25,5,-2
37,1,-2,0.75,1,-0.5
16,1,-2,0.75,1,-1
52,1,-2,0.75,1,-1.5
29,1,-2,0.75,1,-2
18,1,-2,0.75,2,-0.5
20,1,-2,0.75,2,-1
26,1,-2,0.75,2,-1.5
19,1,-2,0.75,2,-2
44,1,-2,0.75,3,-0.5
18,1,-2,0.75,3,-1
43,1,-2,0.75,3,-1.5
33,1,-2,0.75,3,-2
42,1,-2,0.75,4,-0.5
22,1,-2,0.75,4,-1
32,1,-2,0.75,4,-1.5
60,1,-2,0.75,4,-2
29,1,-2,0.75,5,-0.5
26,1,-2,0.75,5,-1
62,1,-2,0.75,5,-1.5
21,1,-2,0.75,5,-2
70,1,-2,1.25,1,-0.5
49,1,-2,1.25,1,-1
55,1,-2,1.25,1,-1.5
56,1,-2,1.25,1,-2
82,1,-2,1.25,2,-0.5
49,1,-2,1.25,2,-1
42,1,-2,1.25,2,-1.5
62,1,-2,1.25,2,-2
62,1,-2,1.25,3,-0.5
30,1,-2,1.25,3,-1
42,1,-2,1.25,3,-1.5
69,1,-2,1.25,3,-2
57,1,-2,1.25,4,-0.5
68,1,-2,1.25,4,-1
75,1,-2,1.25,4,-1.5
42,1,-2,1.25,4,-2
65,1,-2,1.25,5,-0.5
34,1,-2,1.25,5,-1
58,1,-2,1.25,5,-1.5
86,1,-2,1.25,5,-2
81,1,-2,1.75,1,-0.5
94,1,-2,1.75,1,-1
69,1,-2,1.75,1,-1.5
100,1,-2,1.75,1,-2
96,1,-2,1.75,2,-0.5
77,1,-2,1.75,2,-1
70,1,-2,1.75,2,-1.5
66,1,-2,1.75,2,-2
84,1,-2,1.75,3,-0.5
115,1,-2,1.75,3,-1
60,1,-2,1.75,3,-1.5
98,1,-2,1.75,3,-2
107,1,-2,1.75,4,-0.5
79,1,-2,1.75,4,-1
69,1,-2,1.75,4,-1.5
53,1,-2,1.75,4,-2
96,1,-2,1.75,5,-0.5
90,1,-2,1.75,5,-1
79,1,-2,1.75,5,-1.5
81,1,-2,1.75,5,-2
81,1,-3,0.25,1,-0.5
90,1,-3,0.25,1,-1
30,1,-3,0.25,1,-1.5
212,1,-3,0.25,1,-2
263,1,-3,0.25,2,-0.5
45,1,-3,0.25,2,-1
334,1,-3,0.25,2,-1.5
69,1,-3,0.25,2,-2
53,1,-3,0.25,3,-0.5
24,1,-3,0.25,3,-1
83,1,-3,0.25,3,-1.5
26,1,-3,0.25,3,-2
35,1,-3,0.25,4,-0.5
29,1,-3,0.25,4,-1
318,1,-3,0.25,4,-1.5
84,1,-3,0.25,4,-2
27,1,-3,0.25,5,-0.5
236,1,-3,0.25,5,-1
344,1,-3,0.25,5,-1.5
20,1,-3,0.25,5,-2
46,1,-3,0.75,1,-0.5
27,1,-3,0.75,1,-1
82,1,-3,0.75,1,-1.5
34,1,-3,0.75,1,-2
25,1,-3,0.75,2,-0.5
32,1,-3,0.75,2,-1
24,1,-3,0.75,2,-1.5
83,1,-3,0.75,2,-2
17,1,-3,0.75,3,-0.5
14,1,-3,0.75,3,-1
134,1,-3,0.75,3,-1.5
130,1,-3,0.75,3,-2
32,1,-3,0.75,4,-0.5
44,1,-3,0.75,4,-1
27,1,-3,0.75,4,-1.5
63,1,-3,0.75,4,-2
26,1,-3,0.75,5,-0.5
23,1,-3,0.75,5,-1
57,1,-3,0.75,5,-1.5
44,1,-3,0.75,5,-2
25,1,-3,1.25,1,-0.5
40,1,-3,1.25,1,-1
16,1,-3,1.25,1,-1.5
41,1,-3,1.25,1,-2
33,1,-3,1.25,2,-0.5
25,1,-3,1.25,2,-1
35,1,-3,1.25,2,-1.5
35,1,-3,1.25,2,-2
33,1,-3,1.25,3,-0.5
33,1,-3,1.25,3,-1
29,1,-3,1.25,3,-1.5
26,1,-3,1.25,3,-2
21,1,-3,1.25,4,-0.5
20,1,-3,1.25,4,-1
19,1,-3,1.25,4,-1.5
39,1,-3,1.25,4,-2
21,1,-3,1.25,5,-0.5
85,1,-3,1.25,5,-1
24,1,-3,1.25,5,-1.5
30,1,-3,1.25,5,-2
74,1,-3,1.75,1,-0.5
45,1,-3,1.75,1,-1
52,1,-3,1.75,1,-1.5
30,1,-3,1.75,1,-2
73,1,-3,1.75,2,-0.5
41,1,-3,1.75,2,-1
32,1,-3,1.75,2,-1.5
38,1,-3,1.75,2,-2
70,1,-3,1.75,3,-0.5
38,1,-3,1.75,3,-1
56,1,-3,1.75,3,-1.5
56,1,-3,1.75,3,-2
78,1,-3,1.75,4,-0.5
52,1,-3,1.75,4,-1
34,1,-3,1.75,4,-1.5
53,1,-3,1.75,4,-2
89,1,-3,1.75,5,-0.5
62,1,-3,1.75,5,-1
43,1,-3,1.75,5,-1.5
45,1,-3,1.75,5,-2
256,1,-4,0.25,1,-0.5
461,1,-4,0.25,1,-1
240,1,-4,0.25,1,-1.5
76,1,-4,0.25,1,-2
79,1,-4,0.25,2,-0.5
467,1,-4,0.25,2,-1
164,1,-4,0.25,2,-1.5
70,1,-4,0.25,2,-2
37,1,-4,0.25,3,-0.5
359,1,-4,0.25,3,-1
211,1,-4,0.25,3,-1.5
52,1,-4,0.25,3,-2
31,1,-4,0.25,4,-0.5
426,1,-4,0.25,4,-1
20,1,-4,0.25,4,-1.5
214,1,-4,0.25,4,-2
21,1,-4,0.25,5,-0.5
426,1,-4,0.25,5,-1
56,1,-4,0.25,5,-1.5
287,1,-4,0.25,5,-2
528,1,-4,0.75,1,-0.5
134,1,-4,0.75,1,-1
75,1,-4,0.75,1,-1.5
451,1,-4,0.75,1,-2
30,1,-4,0.75,2,-0.5
44,1,-4,0.75,2,-1
15,1,-4,0.75,2,-1.5
27,1,-4,0.75,2,-2
46,1,-4,0.75,3,-0.5
173,1,-4,0.75,3,-1
89,1,-4,0.75,3,-1.5
23,1,-4,0.75,3,-2
24,1,-4,0.75,4,-0.5
27,1,-4,0.75,4,-1
35,1,-4,0.75,4,-1.5
40,1,-4,0.75,4,-2
23,1,-4,0.75,5,-0.5
22,1,-4,0.75,5,-1
33,1,-4,0.75,5,-1.5
28,1,-4,0.75,5,-2
51,1,-4,1.25,1,-0.5
38,1,-4,1.25,1,-1
103,1,-4,1.25,1,-1.5
21,1,-4,1.25,1,-2
21,1,-4,1.25,2,-0.5
28,1,-4,1.25,2,-1
22,1,-4,1.25,2,-1.5
39,1,-4,1.25,2,-2
25,1,-4,1.25,3,-0.5
19,1,-4,1.25,3,-1
21,1,-4,1.25,3,-1.5
16,1,-4,1.25,3,-2
26,1,-4,1.25,4,-0.5
15,1,-4,1.25,4,-1
25,1,-4,1.25,4,-1.5
25,1,-4,1.25,4,-2
32,1,-4,1.25,5,-0.5
24,1,-4,1.25,5,-1
18,1,-4,1.25,5,-1.5
36,1,-4,1.25,5,-2
75,1,-4,1.75,1,-0.5
25,1,-4,1.75,1,-1
37,1,-4,1.75,1,-1.5
44,1,-4,1.75,1,-2
72,1,-4,1.75,2,-0.5
53,1,-4,1.75,2,-1
27,1,-4,1.75,2,-1.5
55,1,-4,1.75,2,-2
50,1,-4,1.75,3,-0.5
50,1,-4,1.75,3,-1
24,1,-4,1.75,3,-1.5
44,1,-4,1.75,3,-2
50,1,-4,1.75,4,-0.5
22,1,-4,1.75,4,-1
52,1,-4,1.75,4,-1.5
43,1,-4,1.75,4,-2
45,1,-4,1.75,5,-0.5
37,1,-4,1.75,5,-1
38,1,-4,1.75,5,-1.5
34,1,-4,1.75,5,-2
291,1,-5,0.25,1,-0.5
97,1,-5,0.25,1,-1
25,1,-5,0.25,1,-1.5
37,1,-5,0.25,1,-2
362,1,-5,0.25,2,-0.5
314,1,-5,0.25,2,-1
307,1,-5,0.25,2,-1.5
89,1,-5,0.25,2,-2
347,1,-5,0.25,3,-0.5
307,1,-5,0.25,3,-1
369,1,-5,0.25,3,-1.5
335,1,-5,0.25,3,-2
135,1,-5,0.25,4,-0.5
400,1,-5,0.25,4,-1
158,1,-5,0.25,4,-1.5
40,1,-5,0.25,4,-2
194,1,-5,0.25,5,-0.5
226,1,-5,0.25,5,-1
244,1,-5,0.25,5,-1.5
42,1,-5,0.25,5,-2
24,1,-5,0.75,1,-0.5
49,1,-5,0.75,1,-1
194,1,-5,0.75,1,-1.5
27,1,-5,0.75,1,-2
363,1,-5,0.75,2,-0.5
45,1,-5,0.75,2,-1
24,1,-5,0.75,2,-1.5
122,1,-5,0.75,2,-2
216,1,-5,0.75,3,-0.5
36,1,-5,0.75,3,-1
269,1,-5,0.75,3,-1.5
71,1,-5,0.75,3,-2
82,1,-5,0.75,4,-0.5
14,1,-5,0.75,4,-1
125,1,-5,0.75,4,-1.5
335,1,-5,0.75,4,-2
24,1,-5,0.75,5,-0.5
34,1,-5,0.75,5,-1
32,1,-5,0.75,5,-1.5
22,1,-5,0.75,5,-2
39,1,-5,1.25,1,-0.5
51,1,-5,1.25,1,-1
34,1,-5,1.25,1,-1.5
22,1,-5,1.25,1,-2
29,1,-5,1.25,2,-0.5
142,1,-5,1.25,2,-1
19,1,-5,1.25,2,-1.5
21,1,-5,1.25,2,-2
38,1,-5,1.25,3,-0.5
24,1,-5,1.25,3,-1
24,1,-5,1.25,3,-1.5
61,1,-5,1.25,3,-2
17,1,-5,1.25,4,-0.5
26,1,-5,1.25,4,-1
27,1,-5,1.25,4,-1.5
26,1,-5,1.25,4,-2
30,1,-5,1.25,5,-0.5
25,1,-5,1.25,5,-1
54,1,-5,1.25,5,-1.5
42,1,-5,1.25,5,-2
56,1,-5,1.75,1,-0.5
39,1,-5,1.75,1,-1
44,1,-5,1.75,1,-1.5
129,1,-5,1.75,1,-2
43,1,-5,1.75,2,-0.5
34,1,-5,1.75,2,-1
34,1,-5,1.75,2,-1.5
42,1,-5,1.75,2,-2
55,1,-5,1.75,3,-0.5
26,1,-5,1.75,3,-1
27,1,-5,1.75,3,-1.5
30,1,-5,1.75,3,-2
33,1,-5,1.75,4,-0.5
19,1,-5,1.75,4,-1
14,1,-5,1.75,4,-1.5
18,1,-5,1.75,4,-2
38,1,-5,1.75,5,-0.5
34,1,-5,1.75,5,-1
30,1,-5,1.75,5,-1.5
30,1,-5,1.75,5,-2
55,2,-1,0.25,1,-0.5
61,2,-1,0.25,1,-1
98,2,-1,0.25,1,-1.5
31,2,-1,0.25,1,-2
82,2,-1,0.25,2,-0.5
464,2,-1,0.25,2,-1
54,2,-1,0.25,2,-1.5
21,2,-1,0.25,2,-2
100,2,-1,0.25,3,-0.5
70,2,-1,0.25,3,-1
22,2,-1,0.25,3,-1.5
27,2,-1,0.25,3,-2
62,2,-1,0.25,4,-0.5
51,2,-1,0.25,4,-1
38,2,-1,0.25,4,-1.5
42,2,-1,0.25,4,-2
160,2,-1,0.25,5,-0.5
83,2,-1,0.25,5,-1
56,2,-1,0.25,5,-1.5
47,2,-1,0.25,5,-2
27,2,-1,0.75,1,-0.5
31,2,-1,0.75,1,-1
17,2,-1,0.75,1,-1.5
32,2,-1,0.75,1,-2
24,2,-1,0.75,2,-0.5
40,2,-1,0.75,2,-1
21,2,-1,0.75,2,-1.5
41,2,-1,0.75,2,-2
39,2,-1,0.75,3,-0.5
29,2,-1,0.75,3,-1
24,2,-1,0.75,3,-1.5
33,2,-1,0.75,3,-2
54,2,-1,0.75,4,-0.5
25,2,-1,0.75,4,-1
58,2,-1,0.75,4,-1.5
41,2,-1,0.75,4,-2
66,2,-1,0.75,5,-0.5
36,2,-1,0.75,5,-1
25,2,-1,0.75,5,-1.5
35,2,-1,0.75,5,-2
72,2,-1,1.25,1,-0.5
28,2,-1,1.25,1,-1
47,2,-1,1.25,1,-1.5
32,2,-1,1.25,1,-2
57,2,-1,1.25,2,-0.5
49,2,-1,1.25,2,-1
62,2,-1,1.25,2,-1.5
47,2,-1,1.25,2,-2
76,2,-1,1.25,3,-0.5
37,2,-1,1.25,3,-1
77,2,-1,1.25,3,-1.5
58,2,-1,1.25,3,-2
53,2,-1,1.25,4,-0.5
54,2,-1,1.25,4,-1
79,2,-1,1.25,4,-1.5
40,2,-1,1.25,4,-2
77,2,-1,1.25,5,-0.5
55,2,-1,1.25,5,-1
50,2,-1,1.25,5,-1.5
63,2,-1,1.25,5,-2
113,2,-1,1.75,1,-0.5
110,2,-1,1.75,1,-1
82,2,-1,1.75,1,-1.5
103,2,-1,1.75,1,-2
85,2,-1,1.75,2,-0.5
80,2,-1,1.75,2,-1
80,2,-1,1.75,2,-1.5
80,2,-1,1.75,2,-2
121,2,-1,1.75,3,-0.5
58,2,-1,1.75,3,-1
92,2,-1,1.75,3,-1.5
81,2,-1,1.75,3,-2
109,2,-1,1.75,4,-0.5
108,2,-1,1.75,4,-1
77,2,-1,1.75,4,-1.5
91,2,-1,1.75,4,-2
118,2,-1,1.75,5,-0.5
103,2,-1,1.75,5,-1
77,2,-1,1.75,5,-1.5
76,2,-1,1.75,5,-2
187,2,-2,0.25,1,-0.5
368,2,-2,0.25,1,-1
28,2,-2,0.25,1,-1.5
51,2,-2,0.25,1,-2
352,2,-2,0.25,2,-0.5
76,2,-2,0.25,2,-1
60,2,-2,0.25,2,-1.5
51,2,-2,0.25,2,-2
356,2,-2,0.25,3,-0.5
80,2,-2,0.25,3,-1
98,2,-2,0.25,3,-1.5
43,2,-2,0.25,3,-2
346,2,-2,0.25,4,-0.5
34,2,-2,0.25,4,-1
41,2,-2,0.25,4,-1.5
30,2,-2,0.25,4,-2
346,2,-2,0.25,5,-0.5
66,2,-2,0.25,5,-1
51,2,-2,0.25,5,-1.5
90,2,-2,0.25,5,-2
39,2,-2,0.75,1,-0.5
31,2,-2,0.75,1,-1
20,2,-2,0.75,1,-1.5
18,2,-2,0.75,1,-2
32,2,-2,0.75,2,-0.5
30,2,-2,0.75,2,-1
43,2,-2,0.75,2,-1.5
34,2,-2,0.75,2,-2
26,2,-2,0.75,3,-0.5
25,2,-2,0.75,3,-1
22,2,-2,0.75,3,-1.5
41,2,-2,0.75,3,-2
48,2,-2,0.75,4,-0.5
29,2,-2,0.75,4,-1
28,2,-2,0.75,4,-1.5
30,2,-2,0.75,4,-2
28,2,-2,0.75,5,-0.5
63,2,-2,0.75,5,-1
31,2,-2,0.75,5,-1.5
47,2,-2,0.75,5,-2
29,2,-2,1.25,1,-0.5
23,2,-2,1.25,1,-1
14,2,-2,1.25,1,-1.5
21,2,-2,1.25,1,-2
27,2,-2,1.25,2,-0.5
39,2,-2,1.25,2,-1
32,2,-2,1.25,2,-1.5
23,2,-2,1.25,2,-2
31,2,-2,1.25,3,-0.5
29,2,-2,1.25,3,-1
35,2,-2,1.25,3,-1.5
38,2,-2,1.25,3,-2
32,2,-2,1.25,4,-0.5
38,2,-2,1.25,4,-1
17,2,-2,1.25,4,-1.5
26,2,-2,1.25,4,-2
49,2,-2,1.25,5,-0.5
31,2,-2,1.25,5,-1
34,2,-2,1.25,5,-1.5
20,2,-2,1.25,5,-2
88,2,-2,1.75,1,-0.5
79,2,-2,1.75,1,-1
50,2,-2,1.75,1,-1.5
53,2,-2,1.75,1,-2
74,2,-2,1.75,2,-0.5
61,2,-2,1.75,2,-1
51,2,-2,1.75,2,-1.5
33,2,-2,1.75,2,-2
94,2,-2,1.75,3,-0.5
65,2,-2,1.75,3,-1
64,2,-2,1.75,3,-1.5
35,2,-2,1.75,3,-2
47,2,-2,1.75,4,-0.5
73,2,-2,1.75,4,-1
66,2,-2,1.75,4,-1.5
46,2,-2,1.75,4,-2
70,2,-2,1.75,5,-0.5
61,2,-2,1.75,5,-1
52,2,-2,1.75,5,-1.5
24,2,-2,1.75,5,-2
112,2,-3,0.25,1,-0.5
74,2,-3,0.25,1,-1
73,2,-3,0.25,1,-1.5
129,2,-3,0.25,1,-2
394,2,-3,0.25,2,-0.5
48,2,-3,0.25,2,-1
120,2,-3,0.25,2,-1.5
181,2,-3,0.25,2,-2
354,2,-3,0.25,3,-0.5
115,2,-3,0.25,3,-1
19,2,-3,0.25,3,-1.5
105,2,-3,0.25,3,-2
354,2,-3,0.25,4,-0.5
52,2,-3,0.25,4,-1
19,2,-3,0.25,4,-1.5
62,2,-3,0.25,4,-2
377,2,-3,0.25,5,-0.5
198,2,-3,0.25,5,-1
431,2,-3,0.25,5,-1.5
26,2,-3,0.25,5,-2
155,2,-3,0.75,1,-0.5
16,2,-3,0.75,1,-1
17,2,-3,0.75,1,-1.5
49,2,-3,0.75,1,-2
31,2,-3,0.75,2,-0.5
15,2,-3,0.75,2,-1
18,2,-3,0.75,2,-1.5
21,2,-3,0.75,2,-2
34,2,-3,0.75,3,-0.5
75,2,-3,0.75,3,-1
15,2,-3,0.75,3,-1.5
17,2,-3,0.75,3,-2
25,2,-3,0.75,4,-0.5
17,2,-3,0.75,4,-1
19,2,-3,0.75,4,-1.5
19,2,-3,0.75,4,-2
108,2,-3,0.75,5,-0.5
20,2,-3,0.75,5,-1
36,2,-3,0.75,5,-1.5
21,2,-3,0.75,5,-2
33,2,-3,1.25,1,-0.5
18,2,-3,1.25,1,-1
62,2,-3,1.25,1,-1.5
24,2,-3,1.25,1,-2
27,2,-3,1.25,2,-0.5
20,2,-3,1.25,2,-1
30,2,-3,1.25,2,-1.5
29,2,-3,1.25,2,-2
42,2,-3,1.25,3,-0.5
44,2,-3,1.25,3,-1
18,2,-3,1.25,3,-1.5
83,2,-3,1.25,3,-2
46,2,-3,1.25,4,-0.5
26,2,-3,1.25,4,-1
16,2,-3,1.25,4,-1.5
26,2,-3,1.25,4,-2
32,2,-3,1.25,5,-0.5
22,2,-3,1.25,5,-1
23,2,-3,1.25,5,-1.5
29,2,-3,1.25,5,-2
89,2,-3,1.75,1,-0.5
48,2,-3,1.75,1,-1
56,2,-3,1.75,1,-1.5
29,2,-3,1.75,1,-2
64,2,-3,1.75,2,-0.5
53,2,-3,1.75,2,-1
39,2,-3,1.75,2,-1.5
39,2,-3,1.75,2,-2
51,2,-3,1.75,3,-0.5
35,2,-3,1.75,3,-1
36,2,-3,1.75,3,-1.5
42,2,-3,1.75,3,-2
43,2,-3,1.75,4,-0.5
55,2,-3,1.75,4,-1
34,2,-3,1.75,4,-1.5
29,2,-3,1.75,4,-2
57,2,-3,1.75,5,-0.5
49,2,-3,1.75,5,-1
33,2,-3,1.75,5,-1.5
34,2,-3,1.75,5,-2
144,2,-4,0.25,1,-0.5
185,2,-4,0.25,1,-1
125,2,-4,0.25,1,-1.5
105,2,-4,0.25,1,-2
350,2,-4,0.25,2,-0.5
202,2,-4,0.25,2,-1
381,2,-4,0.25,2,-1.5
440,2,-4,0.25,2,-2
288,2,-4,0.25,3,-0.5
127,2,-4,0.25,3,-1
29,2,-4,0.25,3,-1.5
68,2,-4,0.25,3,-2
300,2,-4,0.25,4,-0.5
67,2,-4,0.25,4,-1
63,2,-4,0.25,4,-1.5
76,2,-4,0.25,4,-2
345,2,-4,0.25,5,-0.5
31,2,-4,0.25,5,-1
124,2,-4,0.25,5,-1.5
57,2,-4,0.25,5,-2
68,2,-4,0.75,1,-0.5
130,2,-4,0.75,1,-1
62,2,-4,0.75,1,-1.5
68,2,-4,0.75,1,-2
35,2,-4,0.75,2,-0.5
23,2,-4,0.75,2,-1
22,2,-4,0.75,2,-1.5
28,2,-4,0.75,2,-2
49,2,-4,0.75,3,-0.5
40,2,-4,0.75,3,-1
74,2,-4,0.75,3,-1.5
326,2,-4,0.75,3,-2
319,2,-4,0.75,4,-0.5
25,2,-4,0.75,4,-1
20,2,-4,0.75,4,-1.5
22,2,-4,0.75,4,-2
29,2,-4,0.75,5,-0.5
46,2,-4,0.75,5,-1
25,2,-4,0.75,5,-1.5
18,2,-4,0.75,5,-2
443,2,-4,1.25,1,-0.5
35,2,-4,1.25,1,-1
27,2,-4,1.25,1,-1.5
15,2,-4,1.25,1,-2
443,2,-4,1.25,2,-0.5
17,2,-4,1.25,2,-1
21,2,-4,1.25,2,-1.5
49,2,-4,1.25,2,-2
25,2,-4,1.25,3,-0.5
28,2,-4,1.25,3,-1
14,2,-4,1.25,3,-1.5
49,2,-4,1.25,3,-2
37,2,-4,1.25,4,-0.5
34,2,-4,1.25,4,-1
32,2,-4,1.25,4,-1.5
19,2,-4,1.25,4,-2
17,2,-4,1.25,5,-0.5
18,2,-4,1.25,5,-1
31,2,-4,1.25,5,-1.5
39,2,-4,1.25,5,-2
69,2,-4,1.75,1,-0.5
33,2,-4,1.75,1,-1
27,2,-4,1.75,1,-1.5
22,2,-4,1.75,1,-2
51,2,-4,1.75,2,-0.5
20,2,-4,1.75,2,-1
62,2,-4,1.75,2,-1.5
19,2,-4,1.75,2,-2
28,2,-4,1.75,3,-0.5
25,2,-4,1.75,3,-1
16,2,-4,1.75,3,-1.5
26,2,-4,1.75,3,-2
30,2,-4,1.75,4,-0.5
20,2,-4,1.75,4,-1
32,2,-4,1.75,4,-1.5
19,2,-4,1.75,4,-2
57,2,-4,1.75,5,-0.5
18,2,-4,1.75,5,-1
25,2,-4,1.75,5,-1.5
19,2,-4,1.75,5,-2
363,2,-5,0.25,1,-0.5
163,2,-5,0.25,1,-1
189,2,-5,0.25,1,-1.5
87,2,-5,0.25,1,-2
471,2,-5,0.25,2,-0.5
148,2,-5,0.25,2,-1
129,2,-5,0.25,2,-1.5
220,2,-5,0.25,2,-2
392,2,-5,0.25,3,-0.5
25,2,-5,0.25,3,-1
131,2,-5,0.25,3,-1.5
63,2,-5,0.25,3,-2
392,2,-5,0.25,4,-0.5
464,2,-5,0.25,4,-1
40,2,-5,0.25,4,-1.5
88,2,-5,0.25,4,-2
383,2,-5,0.25,5,-0.5
132,2,-5,0.25,5,-1
41,2,-5,0.25,5,-1.5
357,2,-5,0.25,5,-2
703,2,-5,0.75,1,-0.5
26,2,-5,0.75,1,-1
33,2,-5,0.75,1,-1.5
53,2,-5,0.75,1,-2
375,2,-5,0.75,2,-0.5
70,2,-5,0.75,2,-1
18,2,-5,0.75,2,-1.5
259,2,-5,0.75,2,-2
126,2,-5,0.75,3,-0.5
24,2,-5,0.75,3,-1
44,2,-5,0.75,3,-1.5
55,2,-5,0.75,3,-2
235,2,-5,0.75,4,-0.5
155,2,-5,0.75,4,-1
39,2,-5,0.75,4,-1.5
64,2,-5,0.75,4,-2
66,2,-5,0.75,5,-0.5
44,2,-5,0.75,5,-1
23,2,-5,0.75,5,-1.5
60,2,-5,0.75,5,-2
21,2,-5,1.25,1,-0.5
21,2,-5,1.25,1,-1
20,2,-5,1.25,1,-1.5
17,2,-5,1.25,1,-2
515,2,-5,1.25,2,-0.5
38,2,-5,1.25,2,-1
37,2,-5,1.25,2,-1.5
26,2,-5,1.25,2,-2
39,2,-5,1.25,3,-0.5
107,2,-5,1.25,3,-1
443,2,-5,1.25,3,-1.5
76,2,-5,1.25,3,-2
34,2,-5,1.25,4,-0.5
36,2,-5,1.25,4,-1
71,2,-5,1.25,4,-1.5
31,2,-5,1.25,4,-2
39,2,-5,1.25,5,-0.5
21,2,-5,1.25,5,-1
12,2,-5,1.25,5,-1.5
26,2,-5,1.25,5,-2
47,2,-5,1.75,1,-0.5
36,2,-5,1.75,1,-1
22,2,-5,1.75,1,-1.5
35,2,-5,1.75,1,-2
52,2,-5,1.75,2,-0.5
21,2,-5,1.75,2,-1
47,2,-5,1.75,2,-1.5
25,2,-5,1.75,2,-2
54,2,-5,1.75,3,-0.5
16,2,-5,1.75,3,-1
29,2,-5,1.75,3,-1.5
18,2,-5,1.75,3,-2
30,2,-5,1.75,4,-0.5
17,2,-5,1.75,4,-1
54,2,-5,1.75,4,-1.5
37,2,-5,1.75,4,-2
32,2,-5,1.75,5,-0.5
37,2,-5,1.75,5,-1
27,2,-5,1.75,5,-1.5
24,2,-5,1.75,5,-2
117,3,-1,0.25,1,-0.5
154,3,-1,0.25,1,-1
65,3,-1,0.25,1,-1.5
35,3,-1,0.25,1,-2
82,3,-1,0.25,2,-0.5
94,3,-1,0.25,2,-1
87,3,-1,0.25,2,-1.5
32,3,-1,0.25,2,-2
104,3,-1,0.25,3,-0.5
82,3,-1,0.25,3,-1
99,3,-1,0.25,3,-1.5
40,3,-1,0.25,3,-2
128,3,-1,0.25,4,-0.5
57,3,-1,0.25,4,-1
50,3,-1,0.25,4,-1.5
48,3,-1,0.25,4,-2
88,3,-1,0.25,5,-0.5
130,3,-1,0.25,5,-1
46,3,-1,0.25,5,-1.5
54,3,-1,0.25,5,-2
81,3,-1,0.75,1,-0.5
67,3,-1,0.75,1,-1
37,3,-1,0.75,1,-1.5
19,3,-1,0.75,1,-2
62,3,-1,0.75,2,-0.5
24,3,-1,0.75,2,-1
51,3,-1,0.75,2,-1.5
30,3,-1,0.75,2,-2
92,3,-1,0.75,3,-0.5
36,3,-1,0.75,3,-1
66,3,-1,0.75,3,-1.5
21,3,-1,0.75,3,-2
69,3,-1,0.75,4,-0.5
75,3,-1,0.75,4,-1
53,3,-1,0.75,4,-1.5
24,3,-1,0.75,4,-2
32,3,-1,0.75,5,-0.5
42,3,-1,0.75,5,-1
60,3,-1,0.75,5,-1.5
29,3,-1,0.75,5,-2
61,3,-1,1.25,1,-0.5
85,3,-1,1.25,1,-1
33,3,-1,1.25,1,-1.5
51,3,-1,1.25,1,-2
50,3,-1,1.25,2,-0.5
56,3,-1,1.25,2,-1
55,3,-1,1.25,2,-1.5
43,3,-1,1.25,2,-2
57,3,-1,1.25,3,-0.5
64,3,-1,1.25,3,-1
32,3,-1,1.25,3,-1.5
27,3,-1,1.25,3,-2
74,3,-1,1.25,4,-0.5
28,3,-1,1.25,4,-1
41,3,-1,1.25,4,-1.5
28,3,-1,1.25,4,-2
63,3,-1,1.25,5,-0.5
79,3,-1,1.25,5,-1
56,3,-1,1.25,5,-1.5
38,3,-1,1.25,5,-2
120,3,-1,1.75,1,-0.5
111,3,-1,1.75,1,-1
72,3,-1,1.75,1,-1.5
86,3,-1,1.75,1,-2
108,3,-1,1.75,2,-0.5
73,3,-1,1.75,2,-1
62,3,-1,1.75,2,-1.5
54,3,-1,1.75,2,-2
98,3,-1,1.75,3,-0.5
92,3,-1,1.75,3,-1
46,3,-1,1.75,3,-1.5
66,3,-1,1.75,3,-2
74,3,-1,1.75,4,-0.5
96,3,-1,1.75,4,-1
71,3,-1,1.75,4,-1.5
68,3,-1,1.75,4,-2
95,3,-1,1.75,5,-0.5
83,3,-1,1.75,5,-1
42,3,-1,1.75,5,-1.5
67,3,-1,1.75,5,-2
100,3,-2,0.25,1,-0.5
245,3,-2,0.25,1,-1
87,3,-2,0.25,1,-1.5
97,3,-2,0.25,1,-2
343,3,-2,0.25,2,-0.5
229,3,-2,0.25,2,-1
52,3,-2,0.25,2,-1.5
66,3,-2,0.25,2,-2
351,3,-2,0.25,3,-0.5
48,3,-2,0.25,3,-1
126,3,-2,0.25,3,-1.5
124,3,-2,0.25,3,-2
351,3,-2,0.25,4,-0.5
38,3,-2,0.25,4,-1
44,3,-2,0.25,4,-1.5
135,3,-2,0.25,4,-2
141,3,-2,0.25,5,-0.5
50,3,-2,0.25,5,-1
455,3,-2,0.25,5,-1.5
56,3,-2,0.25,5,-2
87,3,-2,0.75,1,-0.5
149,3,-2,0.75,1,-1
23,3,-2,0.75,1,-1.5
35,3,-2,0.75,1,-2
36,3,-2,0.75,2,-0.5
34,3,-2,0.75,2,-1
24,3,-2,0.75,2,-1.5
23,3,-2,0.75,2,-2
33,3,-2,0.75,3,-0.5
42,3,-2,0.75,3,-1
27,3,-2,0.75,3,-1.5
29,3,-2,0.75,3,-2
47,3,-2,0.75,4,-0.5
26,3,-2,0.75,4,-1
43,3,-2,0.75,4,-1.5
31,3,-2,0.75,4,-2
99,3,-2,0.75,5,-0.5
30,3,-2,0.75,5,-1
58,3,-2,0.75,5,-1.5
31,3,-2,0.75,5,-2
50,3,-2,1.25,1,-0.5
40,3,-2,1.25,1,-1
31,3,-2,1.25,1,-1.5
28,3,-2,1.25,1,-2
37,3,-2,1.25,2,-0.5
29,3,-2,1.25,2,-1
40,3,-2,1.25,2,-1.5
32,3,-2,1.25,2,-2
52,3,-2,1.25,3,-0.5
33,3,-2,1.25,3,-1
126,3,-2,1.25,3,-1.5
16,3,-2,1.25,3,-2
30,3,-2,1.25,4,-0.5
26,3,-2,1.25,4,-1
35,3,-2,1.25,4,-1.5
45,3,-2,1.25,4,-2
44,3,-2,1.25,5,-0.5
25,3,-2,1.25,5,-1
21,3,-2,1.25,5,-1.5
37,3,-2,1.25,5,-2
79,3,-2,1.75,1,-0.5
49,3,-2,1.75,1,-1
63,3,-2,1.75,1,-1.5
55,3,-2,1.75,1,-2
68,3,-2,1.75,2,-0.5
65,3,-2,1.75,2,-1
57,3,-2,1.75,2,-1.5
41,3,-2,1.75,2,-2
76,3,-2,1.75,3,-0.5
54,3,-2,1.75,3,-1
58,3,-2,1.75,3,-1.5
44,3,-2,1.75,3,-2
53,3,-2,1.75,4,-0.5
40,3,-2,1.75,4,-1
38,3,-2,1.75,4,-1.5
50,3,-2,1.75,4,-2
74,3,-2,1.75,5,-0.5
24,3,-2,1.75,5,-1
45,3,-2,1.75,5,-1.5
49,3,-2,1.75,5,-2
324,3,-3,0.25,1,-0.5
430,3,-3,0.25,1,-1
83,3,-3,0.25,1,-1.5
126,3,-3,0.25,1,-2
370,3,-3,0.25,2,-0.5
370,3,-3,0.25,2,-1
488,3,-3,0.25,2,-1.5
215,3,-3,0.25,2,-2
350,3,-3,0.25,3,-0.5
343,3,-3,0.25,3,-1
66,3,-3,0.25,3,-1.5
384,3,-3,0.25,3,-2
472,3,-3,0.25,4,-0.5
169,3,-3,0.25,4,-1
236,3,-3,0.25,4,-1.5
79,3,-3,0.25,4,-2
132,3,-3,0.25,5,-0.5
248,3,-3,0.25,5,-1
35,3,-3,0.25,5,-1.5
93,3,-3,0.25,5,-2
297,3,-3,0.75,1,-0.5
22,3,-3,0.75,1,-1
47,3,-3,0.75,1,-1.5
49,3,-3,0.75,1,-2
67,3,-3,0.75,2,-0.5
159,3,-3,0.75,2,-1
54,3,-3,0.75,2,-1.5
32,3,-3,0.75,2,-2
112,3,-3,0.75,3,-0.5
33,3,-3,0.75,3,-1
48,3,-3,0.75,3,-1.5
133,3,-3,0.75,3,-2
69,3,-3,0.75,4,-0.5
27,3,-3,0.75,4,-1
34,3,-3,0.75,4,-1.5
121,3,-3,0.75,4,-2
47,3,-3,0.75,5,-0.5
72,3,-3,0.75,5,-1
36,3,-3,0.75,5,-1.5
45,3,-3,0.75,5,-2
56,3,-3,1.25,1,-0.5
21,3,-3,1.25,1,-1
26,3,-3,1.25,1,-1.5
20,3,-3,1.25,1,-2
46,3,-3,1.25,2,-0.5
23,3,-3,1.25,2,-1
25,3,-3,1.25,2,-1.5
19,3,-3,1.25,2,-2
63,3,-3,1.25,3,-0.5
26,3,-3,1.25,3,-1
17,3,-3,1.25,3,-1.5
20,3,-3,1.25,3,-2
42,3,-3,1.25,4,-0.5
20,3,-3,1.25,4,-1
27,3,-3,1.25,4,-1.5
16,3,-3,1.25,4,-2
19,3,-3,1.25,5,-0.5
49,3,-3,1.25,5,-1
32,3,-3,1.25,5,-1.5
37,3,-3,1.25,5,-2
39,3,-3,1.75,1,-0.5
37,3,-3,1.75,1,-1
43,3,-3,1.75,1,-1.5
35,3,-3,1.75,1,-2
66,3,-3,1.75,2,-0.5
34,3,-3,1.75,2,-1
32,3,-3,1.75,2,-1.5
19,3,-3,1.75,2,-2
45,3,-3,1.75,3,-0.5
25,3,-3,1.75,3,-1
39,3,-3,1.75,3,-1.5
22,3,-3,1.75,3,-2
51,3,-3,1.75,4,-0.5
21,3,-3,1.75,4,-1
23,3,-3,1.75,4,-1.5
15,3,-3,1.75,4,-2
24,3,-3,1.75,5,-0.5
32,3,-3,1.75,5,-1
24,3,-3,1.75,5,-1.5
41,3,-3,1.75,5,-2
254,3,-4,0.25,1,-0.5
152,3,-4,0.25,1,-1
209,3,-4,0.25,1,-1.5
101,3,-4,0.25,1,-2
272,3,-4,0.25,2,-0.5
379,3,-4,0.25,2,-1
90,3,-4,0.25,2,-1.5
185,3,-4,0.25,2,-2
493,3,-4,0.25,3,-0.5
109,3,-4,0.25,3,-1
364,3,-4,0.25,3,-1.5
117,3,-4,0.25,3,-2
440,3,-4,0.25,4,-0.5
197,3,-4,0.25,4,-1
467,3,-4,0.25,4,-1.5
76,3,-4,0.25,4,-2
468,3,-4,0.25,5,-0.5
145,3,-4,0.25,5,-1
467,3,-4,0.25,5,-1.5
423,3,-4,0.25,5,-2
75,3,-4,0.75,1,-0.5
59,3,-4,0.75,1,-1
80,3,-4,0.75,1,-1.5
113,3,-4,0.75,1,-2
533,3,-4,0.75,2,-0.5
44,3,-4,0.75,2,-1
466,3,-4,0.75,2,-1.5
30,3,-4,0.75,2,-2
89,3,-4,0.75,3,-0.5
40,3,-4,0.75,3,-1
466,3,-4,0.75,3,-1.5
163,3,-4,0.75,3,-2
125,3,-4,0.75,4,-0.5
33,3,-4,0.75,4,-1
431,3,-4,0.75,4,-1.5
225,3,-4,0.75,4,-2
270,3,-4,0.75,5,-0.5
28,3,-4,0.75,5,-1
49,3,-4,0.75,5,-1.5
16,3,-4,0.75,5,-2
44,3,-4,1.25,1,-0.5
61,3,-4,1.25,1,-1
19,3,-4,1.25,1,-1.5
169,3,-4,1.25,1,-2
18,3,-4,1.25,2,-0.5
13,3,-4,1.25,2,-1
41,3,-4,1.25,2,-1.5
58,3,-4,1.25,2,-2
27,3,-4,1.25,3,-0.5
132,3,-4,1.25,3,-1
23,3,-4,1.25,3,-1.5
85,3,-4,1.25,3,-2
29,3,-4,1.25,4,-0.5
30,3,-4,1.25,4,-1
13,3,-4,1.25,4,-1.5
37,3,-4,1.25,4,-2
20,3,-4,1.25,5,-0.5
50,3,-4,1.25,5,-1
17,3,-4,1.25,5,-1.5
53,3,-4,1.25,5,-2
51,3,-4,1.75,1,-0.5
31,3,-4,1.75,1,-1
32,3,-4,1.75,1,-1.5
16,3,-4,1.75,1,-2
23,3,-4,1.75,2,-0.5
34,3,-4,1.75,2,-1
25,3,-4,1.75,2,-1.5
40,3,-4,1.75,2,-2
46,3,-4,1.75,3,-0.5
34,3,-4,1.75,3,-1
38,3,-4,1.75,3,-1.5
30,3,-4,1.75,3,-2
37,3,-4,1.75,4,-0.5
15,3,-4,1.75,4,-1
23,3,-4,1.75,4,-1.5
53,3,-4,1.75,4,-2
31,3,-4,1.75,5,-0.5
13,3,-4,1.75,5,-1
31,3,-4,1.75,5,-1.5
27,3,-4,1.75,5,-2
510,3,-5,0.25,1,-0.5
521,3,-5,0.25,1,-1
339,3,-5,0.25,1,-1.5
244,3,-5,0.25,1,-2
575,3,-5,0.25,2,-0.5
521,3,-5,0.25,2,-1
225,3,-5,0.25,2,-1.5
183,3,-5,0.25,2,-2
582,3,-5,0.25,3,-0.5
521,3,-5,0.25,3,-1
74,3,-5,0.25,3,-1.5
309,3,-5,0.25,3,-2
479,3,-5,0.25,4,-0.5
519,3,-5,0.25,4,-1
464,3,-5,0.25,4,-1.5
83,3,-5,0.25,4,-2
352,3,-5,0.25,5,-0.5
519,3,-5,0.25,5,-1
464,3,-5,0.25,5,-1.5
313,3,-5,0.25,5,-2
557,3,-5,0.75,1,-0.5
85,3,-5,0.75,1,-1
430,3,-5,0.75,1,-1.5
41,3,-5,0.75,1,-2
538,3,-5,0.75,2,-0.5
21,3,-5,0.75,2,-1
42,3,-5,0.75,2,-1.5
30,3,-5,0.75,2,-2
538,3,-5,0.75,3,-0.5
44,3,-5,0.75,3,-1
13,3,-5,0.75,3,-1.5
19,3,-5,0.75,3,-2
26,3,-5,0.75,4,-0.5
157,3,-5,0.75,4,-1
63,3,-5,0.75,4,-1.5
77,3,-5,0.75,4,-2
29,3,-5,0.75,5,-0.5
325,3,-5,0.75,5,-1
20,3,-5,0.75,5,-1.5
63,3,-5,0.75,5,-2
58,3,-5,1.25,1,-0.5
40,3,-5,1.25,1,-1
69,3,-5,1.25,1,-1.5
41,3,-5,1.25,1,-2
37,3,-5,1.25,2,-0.5
53,3,-5,1.25,2,-1
21,3,-5,1.25,2,-1.5
23,3,-5,1.25,2,-2
18,3,-5,1.25,3,-0.5
42,3,-5,1.25,3,-1
41,3,-5,1.25,3,-1.5
85,3,-5,1.25,3,-2
32,3,-5,1.25,4,-0.5
35,3,-5,1.25,4,-1
14,3,-5,1.25,4,-1.5
216,3,-5,1.25,4,-2
25,3,-5,1.25,5,-0.5
26,3,-5,1.25,5,-1
40,3,-5,1.25,5,-1.5
19,3,-5,1.25,5,-2
33,3,-5,1.75,1,-0.5
57,3,-5,1.75,1,-1
31,3,-5,1.75,1,-1.5
24,3,-5,1.75,1,-2
30,3,-5,1.75,2,-0.5
23,3,-5,1.75,2,-1
24,3,-5,1.75,2,-1.5
22,3,-5,1.75,2,-2
46,3,-5,1.75,3,-0.5
38,3,-5,1.75,3,-1
26,3,-5,1.75,3,-1.5
24,3,-5,1.75,3,-2
38,3,-5,1.75,4,-0.5
25,3,-5,1.75,4,-1
39,3,-5,1.75,4,-1.5
72,3,-5,1.75,4,-2
18,3,-5,1.75,5,-0.5
28,3,-5,1.75,5,-1
25,3,-5,1.75,5,-1.5
22,3,-5,1.75,5,-2
172,4,-1,0.25,1,-0.5
200,4,-1,0.25,1,-1
149,4,-1,0.25,1,-1.5
105,4,-1,0.25,1,-2
128,4,-1,0.25,2,-0.5
104,4,-1,0.25,2,-1
101,4,-1,0.25,2,-1.5
47,4,-1,0.25,2,-2
471,4,-1,0.25,3,-0.5
142,4,-1,0.25,3,-1
288,4,-1,0.25,3,-1.5
154,4,-1,0.25,3,-2
136,4,-1,0.25,4,-0.5
58,4,-1,0.25,4,-1
84,4,-1,0.25,4,-1.5
93,4,-1,0.25,4,-2
155,4,-1,0.25,5,-0.5
111,4,-1,0.25,5,-1
75,4,-1,0.25,5,-1.5
110,4,-1,0.25,5,-2
110,4,-1,0.75,1,-0.5
79,4,-1,0.75,1,-1
78,4,-1,0.75,1,-1.5
63,4,-1,0.75,1,-2
73,4,-1,0.75,2,-0.5
72,4,-1,0.75,2,-1
69,4,-1,0.75,2,-1.5
71,4,-1,0.75,2,-2
100,4,-1,0.75,3,-0.5
68,4,-1,0.75,3,-1
82,4,-1,0.75,3,-1.5
55,4,-1,0.75,3,-2
125,4,-1,0.75,4,-0.5
89,4,-1,0.75,4,-1
54,4,-1,0.75,4,-1.5
68,4,-1,0.75,4,-2
70,4,-1,0.75,5,-0.5
79,4,-1,0.75,5,-1
79,4,-1,0.75,5,-1.5
48,4,-1,0.75,5,-2
76,4,-1,1.25,1,-0.5
80,4,-1,1.25,1,-1
82,4,-1,1.25,1,-1.5
38,4,-1,1.25,1,-2
85,4,-1,1.25,2,-0.5
66,4,-1,1.25,2,-1
56,4,-1,1.25,2,-1.5
68,4,-1,1.25,2,-2
70,4,-1,1.25,3,-0.5
49,4,-1,1.25,3,-1
55,4,-1,1.25,3,-1.5
30,4,-1,1.25,3,-2
74,4,-1,1.25,4,-0.5
61,4,-1,1.25,4,-1
64,4,-1,1.25,4,-1.5
28,4,-1,1.25,4,-2
111,4,-1,1.25,5,-0.5
90,4,-1,1.25,5,-1
74,4,-1,1.25,5,-1.5
31,4,-1,1.25,5,-2
130,4,-1,1.75,1,-0.5
106,4,-1,1.75,1,-1
78,4,-1,1.75,1,-1.5
47,4,-1,1.75,1,-2
126,4,-1,1.75,2,-0.5
70,4,-1,1.75,2,-1
100,4,-1,1.75,2,-1.5
54,4,-1,1.75,2,-2
98,4,-1,1.75,3,-0.5
72,4,-1,1.75,3,-1
63,4,-1,1.75,3,-1.5
51,4,-1,1.75,3,-2
106,4,-1,1.75,4,-0.5
78,4,-1,1.75,4,-1
76,4,-1,1.75,4,-1.5
49,4,-1,1.75,4,-2
107,4,-1,1.75,5,-0.5
53,4,-1,1.75,5,-1
47,4,-1,1.75,5,-1.5
62,4,-1,1.75,5,-2
379,4,-2,0.25,1,-0.5
219,4,-2,0.25,1,-1
108,4,-2,0.25,1,-1.5
91,4,-2,0.25,1,-2
396,4,-2,0.25,2,-0.5
271,4,-2,0.25,2,-1
456,4,-2,0.25,2,-1.5
88,4,-2,0.25,2,-2
347,4,-2,0.25,3,-0.5
80,4,-2,0.25,3,-1
369,4,-2,0.25,3,-1.5
65,4,-2,0.25,3,-2
370,4,-2,0.25,4,-0.5
96,4,-2,0.25,4,-1
87,4,-2,0.25,4,-1.5
50,4,-2,0.25,4,-2
350,4,-2,0.25,5,-0.5
476,4,-2,0.25,5,-1
95,4,-2,0.25,5,-1.5
64,4,-2,0.25,5,-2
87,4,-2,0.75,1,-0.5
59,4,-2,0.75,1,-1
477,4,-2,0.75,1,-1.5
463,4,-2,0.75,1,-2
78,4,-2,0.75,2,-0.5
67,4,-2,0.75,2,-1
77,4,-2,0.75,2,-1.5
101,4,-2,0.75,2,-2
154,4,-2,0.75,3,-0.5
62,4,-2,0.75,3,-1
29,4,-2,0.75,3,-1.5
19,4,-2,0.75,3,-2
80,4,-2,0.75,4,-0.5
39,4,-2,0.75,4,-1
51,4,-2,0.75,4,-1.5
48,4,-2,0.75,4,-2
223,4,-2,0.75,5,-0.5
143,4,-2,0.75,5,-1
31,4,-2,0.75,5,-1.5
38,4,-2,0.75,5,-2
62,4,-2,1.25,1,-0.5
47,4,-2,1.25,1,-1
93,4,-2,1.25,1,-1.5
35,4,-2,1.25,1,-2
51,4,-2,1.25,2,-0.5
26,4,-2,1.25,2,-1
30,4,-2,1.25,2,-1.5
45,4,-2,1.25,2,-2
34,4,-2,1.25,3,-0.5
44,4,-2,1.25,3,-1
39,4,-2,1.25,3,-1.5
18,4,-2,1.25,3,-2
60,4,-2,1.25,4,-0.5
44,4,-2,1.25,4,-1
26,4,-2,1.25,4,-1.5
21,4,-2,1.25,4,-2
59,4,-2,1.25,5,-0.5
31,4,-2,1.25,5,-1
31,4,-2,1.25,5,-1.5
33,4,-2,1.25,5,-2
90,4,-2,1.75,1,-0.5
106,4,-2,1.75,1,-1
66,4,-2,1.75,1,-1.5
51,4,-2,1.75,1,-2
72,4,-2,1.75,2,-0.5
75,4,-2,1.75,2,-1
52,4,-2,1.75,2,-1.5
30,4,-2,1.75,2,-2
72,4,-2,1.75,3,-0.5
60,4,-2,1.75,3,-1
35,4,-2,1.75,3,-1.5
51,4,-2,1.75,3,-2
78,4,-2,1.75,4,-0.5
32,4,-2,1.75,4,-1
44,4,-2,1.75,4,-1.5
42,4,-2,1.75,4,-2
93,4,-2,1.75,5,-0.5
59,4,-2,1.75,5,-1
53,4,-2,1.75,5,-1.5
23,4,-2,1.75,5,-2
328,4,-3,0.25,1,-0.5
162,4,-3,0.25,1,-1
244,4,-3,0.25,1,-1.5
387,4,-3,0.25,1,-2
230,4,-3,0.25,2,-0.5
290,4,-3,0.25,2,-1
351,4,-3,0.25,2,-1.5
168,4,-3,0.25,2,-2
361,4,-3,0.25,3,-0.5
142,4,-3,0.25,3,-1
513,4,-3,0.25,3,-1.5
111,4,-3,0.25,3,-2
362,4,-3,0.25,4,-0.5
304,4,-3,0.25,4,-1
373,4,-3,0.25,4,-1.5
117,4,-3,0.25,4,-2
326,4,-3,0.25,5,-0.5
304,4,-3,0.25,5,-1
108,4,-3,0.25,5,-1.5
46,4,-3,0.25,5,-2
86,4,-3,0.75,1,-0.5
471,4,-3,0.75,1,-1
73,4,-3,0.75,1,-1.5
55,4,-3,0.75,1,-2
90,4,-3,0.75,2,-0.5
97,4,-3,0.75,2,-1
56,4,-3,0.75,2,-1.5
24,4,-3,0.75,2,-2
75,4,-3,0.75,3,-0.5
35,4,-3,0.75,3,-1
32,4,-3,0.75,3,-1.5
40,4,-3,0.75,3,-2
28,4,-3,0.75,4,-0.5
95,4,-3,0.75,4,-1
56,4,-3,0.75,4,-1.5
60,4,-3,0.75,4,-2
46,4,-3,0.75,5,-0.5
53,4,-3,0.75,5,-1
56,4,-3,0.75,5,-1.5
43,4,-3,0.75,5,-2
44,4,-3,1.25,1,-0.5
37,4,-3,1.25,1,-1
34,4,-3,1.25,1,-1.5
34,4,-3,1.25,1,-2
43,4,-3,1.25,2,-0.5
35,4,-3,1.25,2,-1
25,4,-3,1.25,2,-1.5
17,4,-3,1.25,2,-2
42,4,-3,1.25,3,-0.5
17,4,-3,1.25,3,-1
25,4,-3,1.25,3,-1.5
30,4,-3,1.25,3,-2
50,4,-3,1.25,4,-0.5
44,4,-3,1.25,4,-1
20,4,-3,1.25,4,-1.5
18,4,-3,1.25,4,-2
32,4,-3,1.25,5,-0.5
25,4,-3,1.25,5,-1
509,4,-3,1.25,5,-1.5
27,4,-3,1.25,5,-2
64,4,-3,1.75,1,-0.5
22,4,-3,1.75,1,-1
30,4,-3,1.75,1,-1.5
33,4,-3,1.75,1,-2
37,4,-3,1.75,2,-0.5
30,4,-3,1.75,2,-1
41,4,-3,1.75,2,-1.5
25,4,-3,1.75,2,-2
31,4,-3,1.75,3,-0.5
39,4,-3,1.75,3,-1
40,4,-3,1.75,3,-1.5
34,4,-3,1.75,3,-2
63,4,-3,1.75,4,-0.5
68,4,-3,1.75,4,-1
32,4,-3,1.75,4,-1.5
26,4,-3,1.75,4,-2
39,4,-3,1.75,5,-0.5
36,4,-3,1.75,5,-1
12,4,-3,1.75,5,-1.5
43,4,-3,1.75,5,-2
540,4,-4,0.25,1,-0.5
194,4,-4,0.25,1,-1
327,4,-4,0.25,1,-1.5
144,4,-4,0.25,1,-2
540,4,-4,0.25,2,-0.5
207,4,-4,0.25,2,-1
303,4,-4,0.25,2,-1.5
247,4,-4,0.25,2,-2
540,4,-4,0.25,3,-0.5
242,4,-4,0.25,3,-1
268,4,-4,0.25,3,-1.5
432,4,-4,0.25,3,-2
540,4,-4,0.25,4,-0.5
227,4,-4,0.25,4,-1
267,4,-4,0.25,4,-1.5
154,4,-4,0.25,4,-2
540,4,-4,0.25,5,-0.5
209,4,-4,0.25,5,-1
73,4,-4,0.25,5,-1.5
195,4,-4,0.25,5,-2
458,4,-4,0.75,1,-0.5
109,4,-4,0.75,1,-1
43,4,-4,0.75,1,-1.5
39,4,-4,0.75,1,-2
64,4,-4,0.75,2,-0.5
33,4,-4,0.75,2,-1
41,4,-4,0.75,2,-1.5
56,4,-4,0.75,2,-2
539,4,-4,0.75,3,-0.5
150,4,-4,0.75,3,-1
96,4,-4,0.75,3,-1.5
22,4,-4,0.75,3,-2
185,4,-4,0.75,4,-0.5
452,4,-4,0.75,4,-1
60,4,-4,0.75,4,-1.5
43,4,-4,0.75,4,-2
26,4,-4,0.75,5,-0.5
81,4,-4,0.75,5,-1
106,4,-4,0.75,5,-1.5
46,4,-4,0.75,5,-2
54,4,-4,1.25,1,-0.5
21,4,-4,1.25,1,-1
88,4,-4,1.25,1,-1.5
32,4,-4,1.25,1,-2
92,4,-4,1.25,2,-0.5
80,4,-4,1.25,2,-1
23,4,-4,1.25,2,-1.5
23,4,-4,1.25,2,-2
38,4,-4,1.25,3,-0.5
39,4,-4,1.25,3,-1
21,4,-4,1.25,3,-1.5
17,4,-4,1.25,3,-2
30,4,-4,1.25,4,-0.5
48,4,-4,1.25,4,-1
23,4,-4,1.25,4,-1.5
21,4,-4,1.25,4,-2
28,4,-4,1.25,5,-0.5
54,4,-4,1.25,5,-1
42,4,-4,1.25,5,-1.5
48,4,-4,1.25,5,-2
73,4,-4,1.75,1,-0.5
52,4,-4,1.75,1,-1
23,4,-4,1.75,1,-1.5
95,4,-4,1.75,1,-2
67,4,-4,1.75,2,-0.5
28,4,-4,1.75,2,-1
19,4,-4,1.75,2,-1.5
26,4,-4,1.75,2,-2
25,4,-4,1.75,3,-0.5
51,4,-4,1.75,3,-1
44,4,-4,1.75,3,-1.5
22,4,-4,1.75,3,-2
32,4,-4,1.75,4,-0.5
34,4,-4,1.75,4,-1
43,4,-4,1.75,4,-1.5
17,4,-4,1.75,4,-2
54,4,-4,1.75,5,-0.5
52,4,-4,1.75,5,-1
13,4,-4,1.75,5,-1.5
51,4,-4,1.75,5,-2
366,4,-5,0.25,1,-0.5
216,4,-5,0.25,1,-1
262,4,-5,0.25,1,-1.5
153,4,-5,0.25,1,-2
442,4,-5,0.25,2,-0.5
246,4,-5,0.25,2,-1
371,4,-5,0.25,2,-1.5
209,4,-5,0.25,2,-2
353,4,-5,0.25,3,-0.5
220,4,-5,0.25,3,-1
248,4,-5,0.25,3,-1.5
154,4,-5,0.25,3,-2
388,4,-5,0.25,4,-0.5
280,4,-5,0.25,4,-1
248,4,-5,0.25,4,-1.5
186,4,-5,0.25,4,-2
388,4,-5,0.25,5,-0.5
395,4,-5,0.25,5,-1
206,4,-5,0.25,5,-1.5
462,4,-5,0.25,5,-2
117,4,-5,0.75,1,-0.5
149,4,-5,0.75,1,-1
36,4,-5,0.75,1,-1.5
64,4,-5,0.75,1,-2
101,4,-5,0.75,2,-0.5
109,4,-5,0.75,2,-1
106,4,-5,0.75,2,-1.5
52,4,-5,0.75,2,-2
535,4,-5,0.75,3,-0.5
314,4,-5,0.75,3,-1
40,4,-5,0.75,3,-1.5
80,4,-5,0.75,3,-2
535,4,-5,0.75,4,-0.5
122,4,-5,0.75,4,-1
233,4,-5,0.75,4,-1.5
24,4,-5,0.75,4,-2
57,4,-5,0.75,5,-0.5
115,4,-5,0.75,5,-1
59,4,-5,0.75,5,-1.5
45,4,-5,0.75,5,-2
332,4,-5,1.25,1,-0.5
33,4,-5,1.25,1,-1
86,4,-5,1.25,1,-1.5
82,4,-5,1.25,1,-2
60,4,-5,1.25,2,-0.5
57,4,-5,1.25,2,-1
27,4,-5,1.25,2,-1.5
27,4,-5,1.25,2,-2
27,4,-5,1.25,3,-0.5
31,4,-5,1.25,3,-1
27,4,-5,1.25,3,-1.5
27,4,-5,1.25,3,-2
110,4,-5,1.25,4,-0.5
23,4,-5,1.25,4,-1
14,4,-5,1.25,4,-1.5
27,4,-5,1.25,4,-2
29,4,-5,1.25,5,-0.5
32,4,-5,1.25,5,-1
19,4,-5,1.25,5,-1.5
131,4,-5,1.25,5,-2
59,4,-5,1.75,1,-0.5
151,4,-5,1.75,1,-1
33,4,-5,1.75,1,-1.5
70,4,-5,1.75,1,-2
64,4,-5,1.75,2,-0.5
25,4,-5,1.75,2,-1
44,4,-5,1.75,2,-1.5
26,4,-5,1.75,2,-2
36,4,-5,1.75,3,-0.5
28,4,-5,1.75,3,-1
48,4,-5,1.75,3,-1.5
20,4,-5,1.75,3,-2
34,4,-5,1.75,4,-0.5
42,4,-5,1.75,4,-1
19,4,-5,1.75,4,-1.5
17,4,-5,1.75,4,-2
37,4,-5,1.75,5,-0.5
46,4,-5,1.75,5,-1
22,4,-5,1.75,5,-1.5
24,4,-5,1.75,5,-2
194,5,-1,0.25,1,-0.5
145,5,-1,0.25,1,-1
132,5,-1,0.25,1,-1.5
113,5,-1,0.25,1,-2
143,5,-1,0.25,2,-0.5
201,5,-1,0.25,2,-1
180,5,-1,0.25,2,-1.5
78,5,-1,0.25,2,-2
334,5,-1,0.25,3,-0.5
189,5,-1,0.25,3,-1
123,5,-1,0.25,3,-1.5
79,5,-1,0.25,3,-2
126,5,-1,0.25,4,-0.5
154,5,-1,0.25,4,-1
139,5,-1,0.25,4,-1.5
136,5,-1,0.25,4,-2
120,5,-1,0.25,5,-0.5
138,5,-1,0.25,5,-1
92,5,-1,0.25,5,-1.5
84,5,-1,0.25,5,-2
184,5,-1,0.75,1,-0.5
113,5,-1,0.75,1,-1
125,5,-1,0.75,1,-1.5
77,5,-1,0.75,1,-2
112,5,-1,0.75,2,-0.5
115,5,-1,0.75,2,-1
89,5,-1,0.75,2,-1.5
53,5,-1,0.75,2,-2
108,5,-1,0.75,3,-0.5
86,5,-1,0.75,3,-1
69,5,-1,0.75,3,-1.5
69,5,-1,0.75,3,-2
104,5,-1,0.75,4,-0.5
58,5,-1,0.75,4,-1
93,5,-1,0.75,4,-1.5
49,5,-1,0.75,4,-2
131,5,-1,0.75,5,-0.5
86,5,-1,0.75,5,-1
83,5,-1,0.75,5,-1.5
70,5,-1,0.75,5,-2
135,5,-1,1.25,1,-0.5
106,5,-1,1.25,1,-1
76,5,-1,1.25,1,-1.5
75,5,-1,1.25,1,-2
119,5,-1,1.25,2,-0.5
98,5,-1,1.25,2,-1
95,5,-1,1.25,2,-1.5
57,5,-1,1.25,2,-2
128,5,-1,1.25,3,-0.5
69,5,-1,1.25,3,-1
70,5,-1,1.25,3,-1.5
58,5,-1,1.25,3,-2
89,5,-1,1.25,4,-0.5
71,5,-1,1.25,4,-1
49,5,-1,1.25,4,-1.5
45,5,-1,1.25,4,-2
99,5,-1,1.25,5,-0.5
85,5,-1,1.25,5,-1
39,5,-1,1.25,5,-1.5
47,5,-1,1.25,5,-2
121,5,-1,1.75,1,-0.5
117,5,-1,1.75,1,-1
78,5,-1,1.75,1,-1.5
50,5,-1,1.75,1,-2
134,5,-1,1.75,2,-0.5
96,5,-1,1.75,2,-1
99,5,-1,1.75,2,-1.5
56,5,-1,1.75,2,-2
105,5,-1,1.75,3,-0.5
69,5,-1,1.75,3,-1
73,5,-1,1.75,3,-1.5
47,5,-1,1.75,3,-2
92,5,-1,1.75,4,-0.5
49,5,-1,1.75,4,-1
62,5,-1,1.75,4,-1.5
59,5,-1,1.75,4,-2
67,5,-1,1.75,5,-0.5
90,5,-1,1.75,5,-1
93,5,-1,1.75,5,-1.5
61,5,-1,1.75,5,-2
179,5,-2,0.25,1,-0.5
232,5,-2,0.25,1,-1
325,5,-2,0.25,1,-1.5
325,5,-2,0.25,1,-2
161,5,-2,0.25,2,-0.5
198,5,-2,0.25,2,-1
107,5,-2,0.25,2,-1.5
119,5,-2,0.25,2,-2
204,5,-2,0.25,3,-0.5
182,5,-2,0.25,3,-1
110,5,-2,0.25,3,-1.5
80,5,-2,0.25,3,-2
333,5,-2,0.25,4,-0.5
139,5,-2,0.25,4,-1
163,5,-2,0.25,4,-1.5
233,5,-2,0.25,4,-2
124,5,-2,0.25,5,-0.5
469,5,-2,0.25,5,-1
217,5,-2,0.25,5,-1.5
80,5,-2,0.25,5,-2
93,5,-2,0.75,1,-0.5
154,5,-2,0.75,1,-1
59,5,-2,0.75,1,-1.5
91,5,-2,0.75,1,-2
158,5,-2,0.75,2,-0.5
83,5,-2,0.75,2,-1
58,5,-2,0.75,2,-1.5
82,5,-2,0.75,2,-2
107,5,-2,0.75,3,-0.5
146,5,-2,0.75,3,-1
34,5,-2,0.75,3,-1.5
74,5,-2,0.75,3,-2
142,5,-2,0.75,4,-0.5
90,5,-2,0.75,4,-1
47,5,-2,0.75,4,-1.5
55,5,-2,0.75,4,-2
157,5,-2,0.75,5,-0.5
61,5,-2,0.75,5,-1
42,5,-2,0.75,5,-1.5
36,5,-2,0.75,5,-2
92,5,-2,1.25,1,-0.5
61,5,-2,1.25,1,-1
47,5,-2,1.25,1,-1.5
50,5,-2,1.25,1,-2
66,5,-2,1.25,2,-0.5
92,5,-2,1.25,2,-1
45,5,-2,1.25,2,-1.5
58,5,-2,1.25,2,-2
45,5,-2,1.25,3,-0.5
33,5,-2,1.25,3,-1
41,5,-2,1.25,3,-1.5
43,5,-2,1.25,3,-2
39,5,-2,1.25,4,-0.5
45,5,-2,1.25,4,-1
82,5,-2,1.25,4,-1.5
61,5,-2,1.25,4,-2
66,5,-2,1.25,5,-0.5
58,5,-2,1.25,5,-1
35,5,-2,1.25,5,-1.5
28,5,-2,1.25,5,-2
103,5,-2,1.75,1,-0.5
85,5,-2,1.75,1,-1
81,5,-2,1.75,1,-1.5
55,5,-2,1.75,1,-2
74,5,-2,1.75,2,-0.5
51,5,-2,1.75,2,-1
41,5,-2,1.75,2,-1.5
37,5,-2,1.75,2,-2
73,5,-2,1.75,3,-0.5
80,5,-2,1.75,3,-1
40,5,-2,1.75,3,-1.5
38,5,-2,1.75,3,-2
57,5,-2,1.75,4,-0.5
55,5,-2,1.75,4,-1
24,5,-2,1.75,4,-1.5
33,5,-2,1.75,4,-2
49,5,-2,1.75,5,-0.5
75,5,-2,1.75,5,-1
55,5,-2,1.75,5,-1.5
37,5,-2,1.75,5,-2
361,5,-3,0.25,1,-0.5
322,5,-3,0.25,1,-1
187,5,-3,0.25,1,-1.5
307,5,-3,0.25,1,-2
295,5,-3,0.25,2,-0.5
402,5,-3,0.25,2,-1
129,5,-3,0.25,2,-1.5
454,5,-3,0.25,2,-2
225,5,-3,0.25,3,-0.5
122,5,-3,0.25,3,-1
290,5,-3,0.25,3,-1.5
161,5,-3,0.25,3,-2
156,5,-3,0.25,4,-0.5
233,5,-3,0.25,4,-1
128,5,-3,0.25,4,-1.5
64,5,-3,0.25,4,-2
376,5,-3,0.25,5,-0.5
144,5,-3,0.25,5,-1
100,5,-3,0.25,5,-1.5
252,5,-3,0.25,5,-2
96,5,-3,0.75,1,-0.5
141,5,-3,0.75,1,-1
55,5,-3,0.75,1,-1.5
66,5,-3,0.75,1,-2
138,5,-3,0.75,2,-0.5
73,5,-3,0.75,2,-1
113,5,-3,0.75,2,-1.5
242,5,-3,0.75,2,-2
222,5,-3,0.75,3,-0.5
60,5,-3,0.75,3,-1
54,5,-3,0.75,3,-1.5
75,5,-3,0.75,3,-2
102,5,-3,0.75,4,-0.5
141,5,-3,0.75,4,-1
55,5,-3,0.75,4,-1.5
75,5,-3,0.75,4,-2
57,5,-3,0.75,5,-0.5
169,5,-3,0.75,5,-1
106,5,-3,0.75,5,-1.5
65,5,-3,0.75,5,-2
76,5,-3,1.25,1,-0.5
133,5,-3,1.25,1,-1
32,5,-3,1.25,1,-1.5
75,5,-3,1.25,1,-2
66,5,-3,1.25,2,-0.5
141,5,-3,1.25,2,-1
40,5,-3,1.25,2,-1.5
21,5,-3,1.25,2,-2
63,5,-3,1.25,3,-0.5
57,5,-3,1.25,3,-1
17,5,-3,1.25,3,-1.5
46,5,-3,1.25,3,-2
69,5,-3,1.25,4,-0.5
22,5,-3,1.25,4,-1
32,5,-3,1.25,4,-1.5
58,5,-3,1.25,4,-2
42,5,-3,1.25,5,-0.5
35,5,-3,1.25,5,-1
37,5,-3,1.25,5,-1.5
23,5,-3,1.25,5,-2
95,5,-3,1.75,1,-0.5
40,5,-3,1.75,1,-1
40,5,-3,1.75,1,-1.5
39,5,-3,1.75,1,-2
57,5,-3,1.75,2,-0.5
28,5,-3,1.75,2,-1
36,5,-3,1.75,2,-1.5
29,5,-3,1.75,2,-2
78,5,-3,1.75,3,-0.5
45,5,-3,1.75,3,-1
25,5,-3,1.75,3,-1.5
32,5,-3,1.75,3,-2
67,5,-3,1.75,4,-0.5
36,5,-3,1.75,4,-1
45,5,-3,1.75,4,-1.5
16,5,-3,1.75,4,-2
28,5,-3,1.75,5,-0.5
41,5,-3,1.75,5,-1
65,5,-3,1.75,5,-1.5
34,5,-3,1.75,5,-2
498,5,-4,0.25,1,-0.5
371,5,-4,0.25,1,-1
168,5,-4,0.25,1,-1.5
267,5,-4,0.25,1,-2
498,5,-4,0.25,2,-0.5
371,5,-4,0.25,2,-1
368,5,-4,0.25,2,-1.5
267,5,-4,0.25,2,-2
494,5,-4,0.25,3,-0.5
370,5,-4,0.25,3,-1
368,5,-4,0.25,3,-1.5
287,5,-4,0.25,3,-2
494,5,-4,0.25,4,-0.5
91,5,-4,0.25,4,-1
176,5,-4,0.25,4,-1.5
510,5,-4,0.25,4,-2
494,5,-4,0.25,5,-0.5
199,5,-4,0.25,5,-1
291,5,-4,0.25,5,-1.5
339,5,-4,0.25,5,-2
426,5,-4,0.75,1,-0.5
76,5,-4,0.75,1,-1
38,5,-4,0.75,1,-1.5
44,5,-4,0.75,1,-2
153,5,-4,0.75,2,-0.5
161,5,-4,0.75,2,-1
67,5,-4,0.75,2,-1.5
58,5,-4,0.75,2,-2
71,5,-4,0.75,3,-0.5
156,5,-4,0.75,3,-1
339,5,-4,0.75,3,-1.5
84,5,-4,0.75,3,-2
406,5,-4,0.75,4,-0.5
100,5,-4,0.75,4,-1
120,5,-4,0.75,4,-1.5
67,5,-4,0.75,4,-2
110,5,-4,0.75,5,-0.5
63,5,-4,0.75,5,-1
145,5,-4,0.75,5,-1.5
490,5,-4,0.75,5,-2
75,5,-4,1.25,1,-0.5
39,5,-4,1.25,1,-1
54,5,-4,1.25,1,-1.5
41,5,-4,1.25,1,-2
53,5,-4,1.25,2,-0.5
53,5,-4,1.25,2,-1
24,5,-4,1.25,2,-1.5
62,5,-4,1.25,2,-2
67,5,-4,1.25,3,-0.5
34,5,-4,1.25,3,-1
39,5,-4,1.25,3,-1.5
55,5,-4,1.25,3,-2
41,5,-4,1.25,4,-0.5
75,5,-4,1.25,4,-1
36,5,-4,1.25,4,-1.5
24,5,-4,1.25,4,-2
53,5,-4,1.25,5,-0.5
29,5,-4,1.25,5,-1
24,5,-4,1.25,5,-1.5
17,5,-4,1.25,5,-2
72,5,-4,1.75,1,-0.5
28,5,-4,1.75,1,-1
28,5,-4,1.75,1,-1.5
43,5,-4,1.75,1,-2
28,5,-4,1.75,2,-0.5
32,5,-4,1.75,2,-1
24,5,-4,1.75,2,-1.5
64,5,-4,1.75,2,-2
98,5,-4,1.75,3,-0.5
14,5,-4,1.75,3,-1
35,5,-4,1.75,3,-1.5
40,5,-4,1.75,3,-2
46,5,-4,1.75,4,-0.5
39,5,-4,1.75,4,-1
27,5,-4,1.75,4,-1.5
40,5,-4,1.75,4,-2
76,5,-4,1.75,5,-0.5
27,5,-4,1.75,5,-1
25,5,-4,1.75,5,-1.5
51,5,-4,1.75,5,-2
389,5,-5,0.25,1,-0.5
182,5,-5,0.25,1,-1
474,5,-5,0.25,1,-1.5
338,5,-5,0.25,1,-2
368,5,-5,0.25,2,-0.5
472,5,-5,0.25,2,-1
251,5,-5,0.25,2,-1.5
338,5,-5,0.25,2,-2
368,5,-5,0.25,3,-0.5
472,5,-5,0.25,3,-1
340,5,-5,0.25,3,-1.5
89,5,-5,0.25,3,-2
355,5,-5,0.25,4,-0.5
472,5,-5,0.25,4,-1
249,5,-5,0.25,4,-1.5
313,5,-5,0.25,4,-2
360,5,-5,0.25,5,-0.5
472,5,-5,0.25,5,-1
240,5,-5,0.25,5,-1.5
371,5,-5,0.25,5,-2
567,5,-5,0.75,1,-0.5
362,5,-5,0.75,1,-1
170,5,-5,0.75,1,-1.5
47,5,-5,0.75,1,-2
242,5,-5,0.75,2,-0.5
362,5,-5,0.75,2,-1
202,5,-5,0.75,2,-1.5
95,5,-5,0.75,2,-2
88,5,-5,0.75,3,-0.5
405,5,-5,0.75,3,-1
75,5,-5,0.75,3,-1.5
49,5,-5,0.75,3,-2
582,5,-5,0.75,4,-0.5
106,5,-5,0.75,4,-1
102,5,-5,0.75,4,-1.5
325,5,-5,0.75,4,-2
515,5,-5,0.75,5,-0.5
68,5,-5,0.75,5,-1
38,5,-5,0.75,5,-1.5
56,5,-5,0.75,5,-2
59,5,-5,1.25,1,-0.5
64,5,-5,1.25,1,-1
58,5,-5,1.25,1,-1.5
31,5,-5,1.25,1,-2
49,5,-5,1.25,2,-0.5
88,5,-5,1.25,2,-1
20,5,-5,1.25,2,-1.5
100,5,-5,1.25,2,-2
61,5,-5,1.25,3,-0.5
155,5,-5,1.25,3,-1
32,5,-5,1.25,3,-1.5
46,5,-5,1.25,3,-2
88,5,-5,1.25,4,-0.5
34,5,-5,1.25,4,-1
27,5,-5,1.25,4,-1.5
32,5,-5,1.25,4,-2
32,5,-5,1.25,5,-0.5
76,5,-5,1.25,5,-1
153,5,-5,1.25,5,-1.5
44,5,-5,1.25,5,-2
65,5,-5,1.75,1,-0.5
56,5,-5,1.75,1,-1
20,5,-5,1.75,1,-1.5
36,5,-5,1.75,1,-2
45,5,-5,1.75,2,-0.5
91,5,-5,1.75,2,-1
45,5,-5,1.75,2,-1.5
42,5,-5,1.75,2,-2
57,5,-5,1.75,3,-0.5
39,5,-5,1.75,3,-1
20,5,-5,1.75,3,-1.5
19,5,-5,1.75,3,-2
49,5,-5,1.75,4,-0.5
24,5,-5,1.75,4,-1
43,5,-5,1.75,4,-1.5
19,5,-5,1.75,4,-2
261,5,-5,1.75,5,-0.5
19,5,-5,1.75,5,-1
37,5,-5,1.75,5,-1.5
23,5,-5,1.75,5,-2
