61,1,-1,0.25,1,-0.5
60,1,-1,0.25,1,-1
25,1,-1,0.25,1,-1.5
39,1,-1,0.25,1,-2
31,1,-1,0.25,2,-0.5
49,1,-1,0.25,2,-1
33,1,-1,0.25,2,-1.5
52,1,-1,0.25,2,-2
32,1,-1,0.25,3,-0.5
50,1,-1,0.25,3,-1
27,1,-1,0.25,3,-1.5
62,1,-1,0.25,3,-2
71,1,-1,0.25,4,-0.5
39,1,-1,0.25,4,-1
55,1,-1,0.25,4,-1.5
45,1,-1,0.25,4,-2
48,1,-1,0.25,5,-0.5
40,1,-1,0.25,5,-1
38,1,-1,0.25,5,-1.5
39,1,-1,0.25,5,-2
35,1,-1,0.75,1,-0.5
16,1,-1,0.75,1,-1
70,1,-1,0.75,1,-1.5
42,1,-1,0.75,1,-2
44,1,-1,0.75,2,-0.5
49,1,-1,0.75,2,-1
53,1,-1,0.75,2,-1.5
42,1,-1,0.75,2,-2
44,1,-1,0.75,3,-0.5
47,1,-1,0.75,3,-1
64,1,-1,0.75,3,-1.5
37,1,-1,0.75,3,-2
50,1,-1,0.75,4,-0.5
74,1,-1,0.75,4,-1
61,1,-1,0.75,4,-1.5
43,1,-1,0.75,4,-2
54,1,-1,0.75,5,-0.5
67,1,-1,0.75,5,-1
70,1,-1,0.75,5,-1.5
62,1,-1,0.75,5,-2
98,1,-1,1.25,1,-0.5
99,1,-1,1.25,1,-1
90,1,-1,1.25,1,-1.5
68,1,-1,1.25,1,-2
103,1,-1,1.25,2,-0.5
92,1,-1,1.25,2,-1
82,1,-1,1.25,2,-1.5
70,1,-1,1.25,2,-2
119,1,-1,1.25,3,-0.5
61,1,-1,1.25,3,-1
77,1,-1,1.25,3,-1.5
86,1,-1,1.25,3,-2
136,1,-1,1.25,4,-0.5
103,1,-1,1.25,4,-1
106,1,-1,1.25,4,-1.5
79,1,-1,1.25,4,-2
116,1,-1,1.25,5,-0.5
68,1,-1,1.25,5,-1
107,1,-1,1.25,5,-1.5
91,1,-1,1.25,5,-2
170,1,-1,1.75,1,-0.5
152,1,-1,1.75,1,-1
107,1,-1,1.75,1,-1.5
147,1,-1,1.75,1,-2
143,1,-1,1.75,2,-0.5
144,1,-1,1.75,2,-1
111,1,-1,1.75,2,-1.5
121,1,-1,1.75,2,-2
148,1,-1,1.75,3,-0.5
133,1,-1,1.75,3,-1
105,1,-1,1.75,3,-1.5
132,1,-1,1.75,3,-2
163,1,-1,1.75,4,-0.5
133,1,-1,1.75,4,-1
120,1,-1,1.75,4,-1.5
127,1,-1,1.75,4,-2
157,1,-1,1.75,5,-0.5
115,1,-1,1.75,5,-1
104,1,-1,1.75,5,-1.5
109,1,-1,1.75,5,-2
172,1,-2,0.25,1,-0.5
497,1,-2,0.25,1,-1
79,1,-2,0.25,1,-1.5
36,1,-2,0.25,1,-2
47,1,-2,0.25,2,-0.5
32,1,-2,0.25,2,-1
43,1,-2,0.25,2,-1.5
28,1,-2,0.25,2,-2
384,1,-2,0.25,3,-0.5
47,1,-2,0.25,3,-1
52,1,-2,0.25,3,-1.5
29,1,-2,0.25,3,-2
384,1,-2,0.25,4,-0.5
151,1,-2,0.25,4,-1
25,1,-2,0.25,4,-1.5
265,1,-2,0.25,4,-2
33,1,-2,0.25,5,-0.5
43,1,-2,0.25,5,-1
60,1,-2,0.25,5,-1.5
44,1,-2,0.25,5,-2
46,1,-2,0.75,1,-0.5
35,1,-2,0.75,1,-1
52,1,-2,0.75,1,-1.5
22,1,-2,0.75,1,-2
27,1,-2,0.75,2,-0.5
20,1,-2,0.75,2,-1
19,1,-2,0.75,2,-1.5
26,1,-2,0.75,2,-2
24,1,-2,0.75,3,-0.5
23,1,-2,0.75,3,-1
31,1,-2,0.75,3,-1.5
29,1,-2,0.75,3,-2
44,1,-2,0.75,4,-0.5
50,1,-2,0.75,4,-1
69,1,-2,0.75,4,-1.5
23,1,-2,0.75,4,-2
56,1,-2,0.75,5,-0.5
181,1,-2,0.75,5,-1
43,1,-2,0.75,5,-1.5
38,1,-2,0.75,5,-2
73,1,-2,1.25,1,-0.5
43,1,-2,1.25,1,-1
38,1,-2,1.25,1,-1.5
34,1,-2,1.25,1,-2
44,1,-2,1.25,2,-0.5
40,1,-2,1.25,2,-1
65,1,-2,1.25,2,-1.5
58,1,-2,1.25,2,-2
64,1,-2,1.25,3,-0.5
55,1,-2,1.25,3,-1
30,1,-2,1.25,3,-1.5
41,1,-2,1.25,3,-2
54,1,-2,1.25,4,-0.5
57,1,-2,1.25,4,-1
45,1,-2,1.25,4,-1.5
85,1,-2,1.25,4,-2
69,1,-2,1.25,5,-0.5
95,1,-2,1.25,5,-1
79,1,-2,1.25,5,-1.5
66,1,-2,1.25,5,-2
118,1,-2,1.75,1,-0.5
94,1,-2,1.75,1,-1
110,1,-2,1.75,1,-1.5
85,1,-2,1.75,1,-2
101,1,-2,1.75,2,-0.5
82,1,-2,1.75,2,-1
84,1,-2,1.75,2,-1.5
89,1,-2,1.75,2,-2
141,1,-2,1.75,3,-0.5
83,1,-2,1.75,3,-1
87,1,-2,1.75,3,-1.5
69,1,-2,1.75,3,-2
76,1,-2,1.75,4,-0.5
92,1,-2,1.75,4,-1
79,1,-2,1.75,4,-1.5
72,1,-2,1.75,4,-2
116,1,-2,1.75,5,-0.5
100,1,-2,1.75,5,-1
62,1,-2,1.75,5,-1.5
75,1,-2,1.75,5,-2
499,1,-3,0.25,1,-0.5
255,1,-3,0.25,1,-1
269,1,-3,0.25,1,-1.5
128,1,-3,0.25,1,-2
230,1,-3,0.25,2,-0.5
377,1,-3,0.25,2,-1
380,1,-3,0.25,2,-1.5
279,1,-3,0.25,2,-2
363,1,-3,0.25,3,-0.5
196,1,-3,0.25,3,-1
90,1,-3,0.25,3,-1.5
111,1,-3,0.25,3,-2
104,1,-3,0.25,4,-0.5
33,1,-3,0.25,4,-1
41,1,-3,0.25,4,-1.5
36,1,-3,0.25,4,-2
132,1,-3,0.25,5,-0.5
92,1,-3,0.25,5,-1
70,1,-3,0.25,5,-1.5
22,1,-3,0.25,5,-2
42,1,-3,0.75,1,-0.5
23,1,-3,0.75,1,-1
22,1,-3,0.75,1,-1.5
45,1,-3,0.75,1,-2
307,1,-3,0.75,2,-0.5
41,1,-3,0.75,2,-1
22,1,-3,0.75,2,-1.5
13,1,-3,0.75,2,-2
32,1,-3,0.75,3,-0.5
34,1,-3,0.75,3,-1
22,1,-3,0.75,3,-1.5
18,1,-3,0.75,3,-2
32,1,-3,0.75,4,-0.5
30,1,-3,0.75,4,-1
32,1,-3,0.75,4,-1.5
43,1,-3,0.75,4,-2
19,1,-3,0.75,5,-0.5
42,1,-3,0.75,5,-1
44,1,-3,0.75,5,-1.5
23,1,-3,0.75,5,-2
76,1,-3,1.25,1,-0.5
40,1,-3,1.25,1,-1
23,1,-3,1.25,1,-1.5
26,1,-3,1.25,1,-2
29,1,-3,1.25,2,-0.5
71,1,-3,1.25,2,-1
28,1,-3,1.25,2,-1.5
70,1,-3,1.25,2,-2
23,1,-3,1.25,3,-0.5
52,1,-3,1.25,3,-1
33,1,-3,1.25,3,-1.5
53,1,-3,1.25,3,-2
41,1,-3,1.25,4,-0.5
22,1,-3,1.25,4,-1
20,1,-3,1.25,4,-1.5
16,1,-3,1.25,4,-2
44,1,-3,1.25,5,-0.5
42,1,-3,1.25,5,-1
49,1,-3,1.25,5,-1.5
33,1,-3,1.25,5,-2
101,1,-3,1.75,1,-0.5
58,1,-3,1.75,1,-1
74,1,-3,1.75,1,-1.5
46,1,-3,1.75,1,-2
80,1,-3,1.75,2,-0.5
67,1,-3,1.75,2,-1
54,1,-3,1.75,2,-1.5
48,1,-3,1.75,2,-2
82,1,-3,1.75,3,-0.5
82,1,-3,1.75,3,-1
65,1,-3,1.75,3,-1.5
49,1,-3,1.75,3,-2
87,1,-3,1.75,4,-0.5
68,1,-3,1.75,4,-1
39,1,-3,1.75,4,-1.5
54,1,-3,1.75,4,-2
86,1,-3,1.75,5,-0.5
74,1,-3,1.75,5,-1
62,1,-3,1.75,5,-1.5
42,1,-3,1.75,5,-2
353,1,-4,0.25,1,-0.5
115,1,-4,0.25,1,-1
366,1,-4,0.25,1,-1.5
322,1,-4,0.25,1,-2
307,1,-4,0.25,2,-0.5
147,1,-4,0.25,2,-1
43,1,-4,0.25,2,-1.5
123,1,-4,0.25,2,-2
272,1,-4,0.25,3,-0.5
156,1,-4,0.25,3,-1
159,1,-4,0.25,3,-1.5
76,1,-4,0.25,3,-2
390,1,-4,0.25,4,-0.5
190,1,-4,0.25,4,-1
59,1,-4,0.25,4,-1.5
54,1,-4,0.25,4,-2
320,1,-4,0.25,5,-0.5
244,1,-4,0.25,5,-1
22,1,-4,0.25,5,-1.5
378,1,-4,0.25,5,-2
514,1,-4,0.75,1,-0.5
29,1,-4,0.75,1,-1
37,1,-4,0.75,1,-1.5
101,1,-4,0.75,1,-2
26,1,-4,0.75,2,-0.5
42,1,-4,0.75,2,-1
49,1,-4,0.75,2,-1.5
126,1,-4,0.75,2,-2
46,1,-4,0.75,3,-0.5
35,1,-4,0.75,3,-1
37,1,-4,0.75,3,-1.5
89,1,-4,0.75,3,-2
29,1,-4,0.75,4,-0.5
65,1,-4,0.75,4,-1
46,1,-4,0.75,4,-1.5
48,1,-4,0.75,4,-2
148,1,-4,0.75,5,-0.5
73,1,-4,0.75,5,-1
72,1,-4,0.75,5,-1.5
307,1,-4,0.75,5,-2
59,1,-4,1.25,1,-0.5
39,1,-4,1.25,1,-1
24,1,-4,1.25,1,-1.5
40,1,-4,1.25,1,-2
46,1,-4,1.25,2,-0.5
48,1,-4,1.25,2,-1
28,1,-4,1.25,2,-1.5
28,1,-4,1.25,2,-2
28,1,-4,1.25,3,-0.5
49,1,-4,1.25,3,-1
21,1,-4,1.25,3,-1.5
49,1,-4,1.25,3,-2
25,1,-4,1.25,4,-0.5
24,1,-4,1.25,4,-1
46,1,-4,1.25,4,-1.5
35,1,-4,1.25,4,-2
17,1,-4,1.25,5,-0.5
35,1,-4,1.25,5,-1
55,1,-4,1.25,5,-1.5
28,1,-4,1.25,5,-2
53,1,-4,1.75,1,-0.5
35,1,-4,1.75,1,-1
46,1,-4,1.75,1,-1.5
30,1,-4,1.75,1,-2
63,1,-4,1.75,2,-0.5
35,1,-4,1.75,2,-1
47,1,-4,1.75,2,-1.5
39,1,-4,1.75,2,-2
55,1,-4,1.75,3,-0.5
55,1,-4,1.75,3,-1
36,1,-4,1.75,3,-1.5
37,1,-4,1.75,3,-2
47,1,-4,1.75,4,-0.5
47,1,-4,1.75,4,-1
46,1,-4,1.75,4,-1.5
51,1,-4,1.75,4,-2
49,1,-4,1.75,5,-0.5
60,1,-4,1.75,5,-1
38,1,-4,1.75,5,-1.5
67,1,-4,1.75,5,-2
533,1,-5,0.25,1,-0.5
378,1,-5,0.25,1,-1
161,1,-5,0.25,1,-1.5
408,1,-5,0.25,1,-2
396,1,-5,0.25,2,-0.5
427,1,-5,0.25,2,-1
242,1,-5,0.25,2,-1.5
223,1,-5,0.25,2,-2
118,1,-5,0.25,3,-0.5
427,1,-5,0.25,3,-1
453,1,-5,0.25,3,-1.5
77,1,-5,0.25,3,-2
519,1,-5,0.25,4,-0.5
298,1,-5,0.25,4,-1
359,1,-5,0.25,4,-1.5
104,1,-5,0.25,4,-2
73,1,-5,0.25,5,-0.5
71,1,-5,0.25,5,-1
99,1,-5,0.25,5,-1.5
339,1,-5,0.25,5,-2
34,1,-5,0.75,1,-0.5
28,1,-5,0.75,1,-1
42,1,-5,0.75,1,-1.5
32,1,-5,0.75,1,-2
267,1,-5,0.75,2,-0.5
75,1,-5,0.75,2,-1
25,1,-5,0.75,2,-1.5
288,1,-5,0.75,2,-2
149,1,-5,0.75,3,-0.5
375,1,-5,0.75,3,-1
110,1,-5,0.75,3,-1.5
288,1,-5,0.75,3,-2
33,1,-5,0.75,4,-0.5
95,1,-5,0.75,4,-1
23,1,-5,0.75,4,-1.5
119,1,-5,0.75,4,-2
53,1,-5,0.75,5,-0.5
46,1,-5,0.75,5,-1
37,1,-5,0.75,5,-1.5
75,1,-5,0.75,5,-2
37,1,-5,1.25,1,-0.5
44,1,-5,1.25,1,-1
16,1,-5,1.25,1,-1.5
22,1,-5,1.25,1,-2
664,1,-5,1.25,2,-0.5
23,1,-5,1.25,2,-1
97,1,-5,1.25,2,-1.5
28,1,-5,1.25,2,-2
79,1,-5,1.25,3,-0.5
42,1,-5,1.25,3,-1
45,1,-5,1.25,3,-1.5
22,1,-5,1.25,3,-2
28,1,-5,1.25,4,-0.5
24,1,-5,1.25,4,-1
18,1,-5,1.25,4,-1.5
45,1,-5,1.25,4,-2
22,1,-5,1.25,5,-0.5
36,1,-5,1.25,5,-1
24,1,-5,1.25,5,-1.5
277,1,-5,1.25,5,-2
53,1,-5,1.75,1,-0.5
28,1,-5,1.75,1,-1
46,1,-5,1.75,1,-1.5
49,1,-5,1.75,1,-2
72,1,-5,1.75,2,-0.5
42,1,-5,1.75,2,-1
30,1,-5,1.75,2,-1.5
58,1,-5,1.75,2,-2
54,1,-5,1.75,3,-0.5
34,1,-5,1.75,3,-1
25,1,-5,1.75,3,-1.5
46,1,-5,1.75,3,-2
45,1,-5,1.75,4,-0.5
31,1,-5,1.75,4,-1
26,1,-5,1.75,4,-1.5
38,1,-5,1.75,4,-2
36,1,-5,1.75,5,-0.5
23,1,-5,1.75,5,-1
21,1,-5,1.75,5,-1.5
50,1,-5,1.75,5,-2
155,2,-1,0.25,1,-0.5
76,2,-1,0.25,1,-1
109,2,-1,0.25,1,-1.5
53,2,-1,0.25,1,-2
156,2,-1,0.25,2,-0.5
20,2,-1,0.25,2,-1
112,2,-1,0.25,2,-1.5
48,2,-1,0.25,2,-2
95,2,-1,0.25,3,-0.5
49,2,-1,0.25,3,-1
65,2,-1,0.25,3,-1.5
53,2,-1,0.25,3,-2
90,2,-1,0.25,4,-0.5
101,2,-1,0.25,4,-1
49,2,-1,0.25,4,-1.5
66,2,-1,0.25,4,-2
106,2,-1,0.25,5,-0.5
82,2,-1,0.25,5,-1
70,2,-1,0.25,5,-1.5
81,2,-1,0.25,5,-2
49,2,-1,0.75,1,-0.5
57,2,-1,0.75,1,-1
30,2,-1,0.75,1,-1.5
23,2,-1,0.75,1,-2
36,2,-1,0.75,2,-0.5
60,2,-1,0.75,2,-1
28,2,-1,0.75,2,-1.5
36,2,-1,0.75,2,-2
53,2,-1,0.75,3,-0.5
53,2,-1,0.75,3,-1
31,2,-1,0.75,3,-1.5
21,2,-1,0.75,3,-2
67,2,-1,0.75,4,-0.5
31,2,-1,0.75,4,-1
45,2,-1,0.75,4,-1.5
27,2,-1,0.75,4,-2
54,2,-1,0.75,5,-0.5
74,2,-1,0.75,5,-1
42,2,-1,0.75,5,-1.5
62,2,-1,0.75,5,-2
77,2,-1,1.25,1,-0.5
66,2,-1,1.25,1,-1
67,2,-1,1.25,1,-1.5
22,2,-1,1.25,1,-2
83,2,-1,1.25,2,-0.5
71,2,-1,1.25,2,-1
63,2,-1,1.25,2,-1.5
64,2,-1,1.25,2,-2
74,2,-1,1.25,3,-0.5
65,2,-1,1.25,3,-1
72,2,-1,1.25,3,-1.5
59,2,-1,1.25,3,-2
85,2,-1,1.25,4,-0.5
49,2,-1,1.25,4,-1
58,2,-1,1.25,4,-1.5
38,2,-1,1.25,4,-2
67,2,-1,1.25,5,-0.5
41,2,-1,1.25,5,-1
51,2,-1,1.25,5,-1.5
85,2,-1,1.25,5,-2
123,2,-1,1.75,1,-0.5
116,2,-1,1.75,1,-1
117,2,-1,1.75,1,-1.5
78,2,-1,1.75,1,-2
127,2,-1,1.75,2,-0.5
110,2,-1,1.75,2,-1
110,2,-1,1.75,2,-1.5
91,2,-1,1.75,2,-2
121,2,-1,1.75,3,-0.5
99,2,-1,1.75,3,-1
88,2,-1,1.75,3,-1.5
106,2,-1,1.75,3,-2
105,2,-1,1.75,4,-0.5
102,2,-1,1.75,4,-1
111,2,-1,1.75,4,-1.5
95,2,-1,1.75,4,-2
145,2,-1,1.75,5,-0.5
110,2,-1,1.75,5,-1
90,2,-1,1.75,5,-1.5
79,2,-1,1.75,5,-2
171,2,-2,0.25,1,-0.5
149,2,-2,0.25,1,-1
85,2,-2,0.25,1,-1.5
56,2,-2,0.25,1,-2
102,2,-2,0.25,2,-0.5
57,2,-2,0.25,2,-1
98,2,-2,0.25,2,-1.5
63,2,-2,0.25,2,-2
115,2,-2,0.25,3,-0.5
101,2,-2,0.25,3,-1
172,2,-2,0.25,3,-1.5
57,2,-2,0.25,3,-2
519,2,-2,0.25,4,-0.5
98,2,-2,0.25,4,-1
175,2,-2,0.25,4,-1.5
21,2,-2,0.25,4,-2
166,2,-2,0.25,5,-0.5
54,2,-2,0.25,5,-1
68,2,-2,0.25,5,-1.5
59,2,-2,0.25,5,-2
22,2,-2,0.75,1,-0.5
26,2,-2,0.75,1,-1
33,2,-2,0.75,1,-1.5
17,2,-2,0.75,1,-2
20,2,-2,0.75,2,-0.5
64,2,-2,0.75,2,-1
21,2,-2,0.75,2,-1.5
27,2,-2,0.75,2,-2
56,2,-2,0.75,3,-0.5
35,2,-2,0.75,3,-1
31,2,-2,0.75,3,-1.5
19,2,-2,0.75,3,-2
114,2,-2,0.75,4,-0.5
42,2,-2,0.75,4,-1
67,2,-2,0.75,4,-1.5
26,2,-2,0.75,4,-2
34,2,-2,0.75,5,-0.5
44,2,-2,0.75,5,-1
37,2,-2,0.75,5,-1.5
24,2,-2,0.75,5,-2
43,2,-2,1.25,1,-0.5
30,2,-2,1.25,1,-1
36,2,-2,1.25,1,-1.5
47,2,-2,1.25,1,-2
37,2,-2,1.25,2,-0.5
28,2,-2,1.25,2,-1
50,2,-2,1.25,2,-1.5
31,2,-2,1.25,2,-2
39,2,-2,1.25,3,-0.5
19,2,-2,1.25,3,-1
33,2,-2,1.25,3,-1.5
40,2,-2,1.25,3,-2
41,2,-2,1.25,4,-0.5
56,2,-2,1.25,4,-1
36,2,-2,1.25,4,-1.5
47,2,-2,1.25,4,-2
54,2,-2,1.25,5,-0.5
30,2,-2,1.25,5,-1
42,2,-2,1.25,5,-1.5
46,2,-2,1.25,5,-2
80,2,-2,1.75,1,-0.5
66,2,-2,1.75,1,-1
61,2,-2,1.75,1,-1.5
41,2,-2,1.75,1,-2
92,2,-2,1.75,2,-0.5
66,2,-2,1.75,2,-1
36,2,-2,1.75,2,-1.5
40,2,-2,1.75,2,-2
80,2,-2,1.75,3,-0.5
93,2,-2,1.75,3,-1
41,2,-2,1.75,3,-1.5
28,2,-2,1.75,3,-2
71,2,-2,1.75,4,-0.5
68,2,-2,1.75,4,-1
80,2,-2,1.75,4,-1.5
67,2,-2,1.75,4,-2
82,2,-2,1.75,5,-0.5
88,2,-2,1.75,5,-1
59,2,-2,1.75,5,-1.5
65,2,-2,1.75,5,-2
319,2,-3,0.25,1,-0.5
255,2,-3,0.25,1,-1
59,2,-3,0.25,1,-1.5
112,2,-3,0.25,1,-2
280,2,-3,0.25,2,-0.5
44,2,-3,0.25,2,-1
379,2,-3,0.25,2,-1.5
75,2,-3,0.25,2,-2
293,2,-3,0.25,3,-0.5
137,2,-3,0.25,3,-1
434,2,-3,0.25,3,-1.5
199,2,-3,0.25,3,-2
60,2,-3,0.25,4,-0.5
34,2,-3,0.25,4,-1
345,2,-3,0.25,4,-1.5
74,2,-3,0.25,4,-2
370,2,-3,0.25,5,-0.5
99,2,-3,0.25,5,-1
82,2,-3,0.25,5,-1.5
182,2,-3,0.25,5,-2
80,2,-3,0.75,1,-0.5
27,2,-3,0.75,1,-1
66,2,-3,0.75,1,-1.5
39,2,-3,0.75,1,-2
101,2,-3,0.75,2,-0.5
58,2,-3,0.75,2,-1
32,2,-3,0.75,2,-1.5
49,2,-3,0.75,2,-2
24,2,-3,0.75,3,-0.5
36,2,-3,0.75,3,-1
53,2,-3,0.75,3,-1.5
28,2,-3,0.75,3,-2
17,2,-3,0.75,4,-0.5
22,2,-3,0.75,4,-1
66,2,-3,0.75,4,-1.5
45,2,-3,0.75,4,-2
34,2,-3,0.75,5,-0.5
31,2,-3,0.75,5,-1
39,2,-3,0.75,5,-1.5
37,2,-3,0.75,5,-2
25,2,-3,1.25,1,-0.5
29,2,-3,1.25,1,-1
45,2,-3,1.25,1,-1.5
33,2,-3,1.25,1,-2
69,2,-3,1.25,2,-0.5
29,2,-3,1.25,2,-1
35,2,-3,1.25,2,-1.5
16,2,-3,1.25,2,-2
21,2,-3,1.25,3,-0.5
37,2,-3,1.25,3,-1
21,2,-3,1.25,3,-1.5
36,2,-3,1.25,3,-2
31,2,-3,1.25,4,-0.5
17,2,-3,1.25,4,-1
16,2,-3,1.25,4,-1.5
27,2,-3,1.25,4,-2
20,2,-3,1.25,5,-0.5
19,2,-3,1.25,5,-1
34,2,-3,1.25,5,-1.5
24,2,-3,1.25,5,-2
52,2,-3,1.75,1,-0.5
60,2,-3,1.75,1,-1
38,2,-3,1.75,1,-1.5
34,2,-3,1.75,1,-2
51,2,-3,1.75,2,-0.5
53,2,-3,1.75,2,-1
20,2,-3,1.75,2,-1.5
41,2,-3,1.75,2,-2
45,2,-3,1.75,3,-0.5
57,2,-3,1.75,3,-1
24,2,-3,1.75,3,-1.5
42,2,-3,1.75,3,-2
49,2,-3,1.75,4,-0.5
44,2,-3,1.75,4,-1
50,2,-3,1.75,4,-1.5
52,2,-3,1.75,4,-2
105,2,-3,1.75,5,-0.5
43,2,-3,1.75,5,-1
25,2,-3,1.75,5,-1.5
55,2,-3,1.75,5,-2
404,2,-4,0.25,1,-0.5
118,2,-4,0.25,1,-1
398,2,-4,0.25,1,-1.5
451,2,-4,0.25,1,-2
234,2,-4,0.25,2,-0.5
102,2,-4,0.25,2,-1
396,2,-4,0.25,2,-1.5
25,2,-4,0.25,2,-2
119,2,-4,0.25,3,-0.5
152,2,-4,0.25,3,-1
396,2,-4,0.25,3,-1.5
48,2,-4,0.25,3,-2
273,2,-4,0.25,4,-0.5
161,2,-4,0.25,4,-1
500,2,-4,0.25,4,-1.5
169,2,-4,0.25,4,-2
387,2,-4,0.25,5,-0.5
449,2,-4,0.25,5,-1
102,2,-4,0.25,5,-1.5
62,2,-4,0.25,5,-2
43,2,-4,0.75,1,-0.5
59,2,-4,0.75,1,-1
24,2,-4,0.75,1,-1.5
48,2,-4,0.75,1,-2
45,2,-4,0.75,2,-0.5
45,2,-4,0.75,2,-1
30,2,-4,0.75,2,-1.5
27,2,-4,0.75,2,-2
28,2,-4,0.75,3,-0.5
60,2,-4,0.75,3,-1
34,2,-4,0.75,3,-1.5
26,2,-4,0.75,3,-2
31,2,-4,0.75,4,-0.5
46,2,-4,0.75,4,-1
33,2,-4,0.75,4,-1.5
49,2,-4,0.75,4,-2
34,2,-4,0.75,5,-0.5
23,2,-4,0.75,5,-1
98,2,-4,0.75,5,-1.5
41,2,-4,0.75,5,-2
36,2,-4,1.25,1,-0.5
23,2,-4,1.25,1,-1
29,2,-4,1.25,1,-1.5
43,2,-4,1.25,1,-2
38,2,-4,1.25,2,-0.5
33,2,-4,1.25,2,-1
18,2,-4,1.25,2,-1.5
473,2,-4,1.25,2,-2
39,2,-4,1.25,3,-0.5
16,2,-4,1.25,3,-1
23,2,-4,1.25,3,-1.5
30,2,-4,1.25,3,-2
26,2,-4,1.25,4,-0.5
42,2,-4,1.25,4,-1
25,2,-4,1.25,4,-1.5
22,2,-4,1.25,4,-2
34,2,-4,1.25,5,-0.5
19,2,-4,1.25,5,-1
35,2,-4,1.25,5,-1.5
53,2,-4,1.25,5,-2
75,2,-4,1.75,1,-0.5
94,2,-4,1.75,1,-1
31,2,-4,1.75,1,-1.5
39,2,-4,1.75,1,-2
50,2,-4,1.75,2,-0.5
33,2,-4,1.75,2,-1
16,2,-4,1.75,2,-1.5
28,2,-4,1.75,2,-2
52,2,-4,1.75,3,-0.5
41,2,-4,1.75,3,-1
27,2,-4,1.75,3,-1.5
30,2,-4,1.75,3,-2
33,2,-4,1.75,4,-0.5
35,2,-4,1.75,4,-1
18,2,-4,1.75,4,-1.5
59,2,-4,1.75,4,-2
48,2,-4,1.75,5,-0.5
206,2,-4,1.75,5,-1
31,2,-4,1.75,5,-1.5
34,2,-4,1.75,5,-2
537,2,-5,0.25,1,-0.5
54,2,-5,0.25,1,-1
231,2,-5,0.25,1,-1.5
446,2,-5,0.25,1,-2
475,2,-5,0.25,2,-0.5
293,2,-5,0.25,2,-1
231,2,-5,0.25,2,-1.5
444,2,-5,0.25,2,-2
376,2,-5,0.25,3,-0.5
299,2,-5,0.25,3,-1
285,2,-5,0.25,3,-1.5
96,2,-5,0.25,3,-2
97,2,-5,0.25,4,-0.5
69,2,-5,0.25,4,-1
121,2,-5,0.25,4,-1.5
224,2,-5,0.25,4,-2
279,2,-5,0.25,5,-0.5
495,2,-5,0.25,5,-1
108,2,-5,0.25,5,-1.5
91,2,-5,0.25,5,-2
257,2,-5,0.75,1,-0.5
124,2,-5,0.75,1,-1
34,2,-5,0.75,1,-1.5
23,2,-5,0.75,1,-2
51,2,-5,0.75,2,-0.5
105,2,-5,0.75,2,-1
307,2,-5,0.75,2,-1.5
90,2,-5,0.75,2,-2
30,2,-5,0.75,3,-0.5
22,2,-5,0.75,3,-1
23,2,-5,0.75,3,-1.5
156,2,-5,0.75,3,-2
422,2,-5,0.75,4,-0.5
30,2,-5,0.75,4,-1
47,2,-5,0.75,4,-1.5
54,2,-5,0.75,4,-2
28,2,-5,0.75,5,-0.5
244,2,-5,0.75,5,-1
24,2,-5,0.75,5,-1.5
24,2,-5,0.75,5,-2
42,2,-5,1.25,1,-0.5
246,2,-5,1.25,1,-1
34,2,-5,1.25,1,-1.5
38,2,-5,1.25,1,-2
41,2,-5,1.25,2,-0.5
33,2,-5,1.25,2,-1
20,2,-5,1.25,2,-1.5
29,2,-5,1.25,2,-2
87,2,-5,1.25,3,-0.5
106,2,-5,1.25,3,-1
160,2,-5,1.25,3,-1.5
474,2,-5,1.25,3,-2
60,2,-5,1.25,4,-0.5
34,2,-5,1.25,4,-1
20,2,-5,1.25,4,-1.5
23,2,-5,1.25,4,-2
529,2,-5,1.25,5,-0.5
30,2,-5,1.25,5,-1
32,2,-5,1.25,5,-1.5
67,2,-5,1.25,5,-2
59,2,-5,1.75,1,-0.5
55,2,-5,1.75,1,-1
51,2,-5,1.75,1,-1.5
28,2,-5,1.75,1,-2
56,2,-5,1.75,2,-0.5
34,2,-5,1.75,2,-1
50,2,-5,1.75,2,-1.5
56,2,-5,1.75,2,-2
691,2,-5,1.75,3,-0.5
59,2,-5,1.75,3,-1
36,2,-5,1.75,3,-1.5
62,2,-5,1.75,3,-2
30,2,-5,1.75,4,-0.5
47,2,-5,1.75,4,-1
20,2,-5,1.75,4,-1.5
29,2,-5,1.75,4,-2
60,2,-5,1.75,5,-0.5
28,2,-5,1.75,5,-1
20,2,-5,1.75,5,-1.5
21,2,-5,1.75,5,-2
264,3,-1,0.25,1,-0.5
117,3,-1,0.25,1,-1
48,3,-1,0.25,1,-1.5
79,3,-1,0.25,1,-2
118,3,-1,0.25,2,-0.5
101,3,-1,0.25,2,-1
106,3,-1,0.25,2,-1.5
45,3,-1,0.25,2,-2
85,3,-1,0.25,3,-0.5
55,3,-1,0.25,3,-1
55,3,-1,0.25,3,-1.5
44,3,-1,0.25,3,-2
88,3,-1,0.25,4,-0.5
173,3,-1,0.25,4,-1
78,3,-1,0.25,4,-1.5
40,3,-1,0.25,4,-2
102,3,-1,0.25,5,-0.5
308,3,-1,0.25,5,-1
94,3,-1,0.25,5,-1.5
64,3,-1,0.25,5,-2
84,3,-1,0.75,1,-0.5
64,3,-1,0.75,1,-1
51,3,-1,0.75,1,-1.5
44,3,-1,0.75,1,-2
95,3,-1,0.75,2,-0.5
46,3,-1,0.75,2,-1
31,3,-1,0.75,2,-1.5
41,3,-1,0.75,2,-2
80,3,-1,0.75,3,-0.5
52,3,-1,0.75,3,-1
26,3,-1,0.75,3,-1.5
43,3,-1,0.75,3,-2
53,3,-1,0.75,4,-0.5
60,3,-1,0.75,4,-1
31,3,-1,0.75,4,-1.5
48,3,-1,0.75,4,-2
88,3,-1,0.75,5,-0.5
62,3,-1,0.75,5,-1
68,3,-1,0.75,5,-1.5
53,3,-1,0.75,5,-2
55,3,-1,1.25,1,-0.5
70,3,-1,1.25,1,-1
65,3,-1,1.25,1,-1.5
36,3,-1,1.25,1,-2
83,3,-1,1.25,2,-0.5
48,3,-1,1.25,2,-1
50,3,-1,1.25,2,-1.5
15,3,-1,1.25,2,-2
68,3,-1,1.25,3,-0.5
71,3,-1,1.25,3,-1
40,3,-1,1.25,3,-1.5
20,3,-1,1.25,3,-2
69,3,-1,1.25,4,-0.5
58,3,-1,1.25,4,-1
47,3,-1,1.25,4,-1.5
37,3,-1,1.25,4,-2
73,3,-1,1.25,5,-0.5
61,3,-1,1.25,5,-1
41,3,-1,1.25,5,-1.5
69,3,-1,1.25,5,-2
130,3,-1,1.75,1,-0.5
120,3,-1,1.75,1,-1
87,3,-1,1.75,1,-1.5
75,3,-1,1.75,1,-2
133,3,-1,1.75,2,-0.5
68,3,-1,1.75,2,-1
82,3,-1,1.75,2,-1.5
58,3,-1,1.75,2,-2
102,3,-1,1.75,3,-0.5
85,3,-1,1.75,3,-1
73,3,-1,1.75,3,-1.5
91,3,-1,1.75,3,-2
118,3,-1,1.75,4,-0.5
70,3,-1,1.75,4,-1
96,3,-1,1.75,4,-1.5
81,3,-1,1.75,4,-2
111,3,-1,1.75,5,-0.5
95,3,-1,1.75,5,-1
82,3,-1,1.75,5,-1.5
74,3,-1,1.75,5,-2
229,3,-2,0.25,1,-0.5
122,3,-2,0.25,1,-1
142,3,-2,0.25,1,-1.5
60,3,-2,0.25,1,-2
255,3,-2,0.25,2,-0.5
314,3,-2,0.25,2,-1
90,3,-2,0.25,2,-1.5
119,3,-2,0.25,2,-2
464,3,-2,0.25,3,-0.5
81,3,-2,0.25,3,-1
409,3,-2,0.25,3,-1.5
61,3,-2,0.25,3,-2
109,3,-2,0.25,4,-0.5
205,3,-2,0.25,4,-1
65,3,-2,0.25,4,-1.5
69,3,-2,0.25,4,-2
124,3,-2,0.25,5,-0.5
300,3,-2,0.25,5,-1
71,3,-2,0.25,5,-1.5
83,3,-2,0.25,5,-2
76,3,-2,0.75,1,-0.5
62,3,-2,0.75,1,-1
66,3,-2,0.75,1,-1.5
34,3,-2,0.75,1,-2
56,3,-2,0.75,2,-0.5
39,3,-2,0.75,2,-1
25,3,-2,0.75,2,-1.5
63,3,-2,0.75,2,-2
51,3,-2,0.75,3,-0.5
45,3,-2,0.75,3,-1
49,3,-2,0.75,3,-1.5
32,3,-2,0.75,3,-2
58,3,-2,0.75,4,-0.5
61,3,-2,0.75,4,-1
23,3,-2,0.75,4,-1.5
43,3,-2,0.75,4,-2
43,3,-2,0.75,5,-0.5
41,3,-2,0.75,5,-1
26,3,-2,0.75,5,-1.5
35,3,-2,0.75,5,-2
47,3,-2,1.25,1,-0.5
53,3,-2,1.25,1,-1
41,3,-2,1.25,1,-1.5
27,3,-2,1.25,1,-2
37,3,-2,1.25,2,-0.5
31,3,-2,1.25,2,-1
23,3,-2,1.25,2,-1.5
29,3,-2,1.25,2,-2
40,3,-2,1.25,3,-0.5
36,3,-2,1.25,3,-1
26,3,-2,1.25,3,-1.5
21,3,-2,1.25,3,-2
70,3,-2,1.25,4,-0.5
25,3,-2,1.25,4,-1
42,3,-2,1.25,4,-1.5
36,3,-2,1.25,4,-2
31,3,-2,1.25,5,-0.5
27,3,-2,1.25,5,-1
54,3,-2,1.25,5,-1.5
34,3,-2,1.25,5,-2
54,3,-2,1.75,1,-0.5
55,3,-2,1.75,1,-1
67,3,-2,1.75,1,-1.5
45,3,-2,1.75,1,-2
67,3,-2,1.75,2,-0.5
53,3,-2,1.75,2,-1
39,3,-2,1.75,2,-1.5
53,3,-2,1.75,2,-2
57,3,-2,1.75,3,-0.5
36,3,-2,1.75,3,-1
42,3,-2,1.75,3,-1.5
46,3,-2,1.75,3,-2
58,3,-2,1.75,4,-0.5
34,3,-2,1.75,4,-1
86,3,-2,1.75,4,-1.5
48,3,-2,1.75,4,-2
75,3,-2,1.75,5,-0.5
54,3,-2,1.75,5,-1
49,3,-2,1.75,5,-1.5
36,3,-2,1.75,5,-2
152,3,-3,0.25,1,-0.5
120,3,-3,0.25,1,-1
181,3,-3,0.25,1,-1.5
103,3,-3,0.25,1,-2
237,3,-3,0.25,2,-0.5
327,3,-3,0.25,2,-1
144,3,-3,0.25,2,-1.5
371,3,-3,0.25,2,-2
289,3,-3,0.25,3,-0.5
390,3,-3,0.25,3,-1
115,3,-3,0.25,3,-1.5
75,3,-3,0.25,3,-2
407,3,-3,0.25,4,-0.5
184,3,-3,0.25,4,-1
119,3,-3,0.25,4,-1.5
175,3,-3,0.25,4,-2
168,3,-3,0.25,5,-0.5
143,3,-3,0.25,5,-1
80,3,-3,0.25,5,-1.5
458,3,-3,0.25,5,-2
372,3,-3,0.75,1,-0.5
192,3,-3,0.75,1,-1
124,3,-3,0.75,1,-1.5
17,3,-3,0.75,1,-2
95,3,-3,0.75,2,-0.5
48,3,-3,0.75,2,-1
79,3,-3,0.75,2,-1.5
32,3,-3,0.75,2,-2
58,3,-3,0.75,3,-0.5
48,3,-3,0.75,3,-1
61,3,-3,0.75,3,-1.5
66,3,-3,0.75,3,-2
571,3,-3,0.75,4,-0.5
57,3,-3,0.75,4,-1
34,3,-3,0.75,4,-1.5
67,3,-3,0.75,4,-2
571,3,-3,0.75,5,-0.5
61,3,-3,0.75,5,-1
188,3,-3,0.75,5,-1.5
27,3,-3,0.75,5,-2
68,3,-3,1.25,1,-0.5
25,3,-3,1.25,1,-1
25,3,-3,1.25,1,-1.5
45,3,-3,1.25,1,-2
37,3,-3,1.25,2,-0.5
44,3,-3,1.25,2,-1
168,3,-3,1.25,2,-1.5
23,3,-3,1.25,2,-2
56,3,-3,1.25,3,-0.5
18,3,-3,1.25,3,-1
23,3,-3,1.25,3,-1.5
30,3,-3,1.25,3,-2
58,3,-3,1.25,4,-0.5
22,3,-3,1.25,4,-1
17,3,-3,1.25,4,-1.5
30,3,-3,1.25,4,-2
19,3,-3,1.25,5,-0.5
32,3,-3,1.25,5,-1
23,3,-3,1.25,5,-1.5
25,3,-3,1.25,5,-2
71,3,-3,1.75,1,-0.5
48,3,-3,1.75,1,-1
52,3,-3,1.75,1,-1.5
46,3,-3,1.75,1,-2
58,3,-3,1.75,2,-0.5
46,3,-3,1.75,2,-1
46,3,-3,1.75,2,-1.5
27,3,-3,1.75,2,-2
95,3,-3,1.75,3,-0.5
18,3,-3,1.75,3,-1
28,3,-3,1.75,3,-1.5
40,3,-3,1.75,3,-2
58,3,-3,1.75,4,-0.5
37,3,-3,1.75,4,-1
26,3,-3,1.75,4,-1.5
39,3,-3,1.75,4,-2
30,3,-3,1.75,5,-0.5
23,3,-3,1.75,5,-1
19,3,-3,1.75,5,-1.5
24,3,-3,1.75,5,-2
183,3,-4,0.25,1,-0.5
295,3,-4,0.25,1,-1
164,3,-4,0.25,1,-1.5
39,3,-4,0.25,1,-2
481,3,-4,0.25,2,-0.5
155,3,-4,0.25,2,-1
126,3,-4,0.25,2,-1.5
39,3,-4,0.25,2,-2
223,3,-4,0.25,3,-0.5
344,3,-4,0.25,3,-1
482,3,-4,0.25,3,-1.5
92,3,-4,0.25,3,-2
107,3,-4,0.25,4,-0.5
490,3,-4,0.25,4,-1
480,3,-4,0.25,4,-1.5
350,3,-4,0.25,4,-2
278,3,-4,0.25,5,-0.5
309,3,-4,0.25,5,-1
480,3,-4,0.25,5,-1.5
223,3,-4,0.25,5,-2
502,3,-4,0.75,1,-0.5
44,3,-4,0.75,1,-1
218,3,-4,0.75,1,-1.5
55,3,-4,0.75,1,-2
50,3,-4,0.75,2,-0.5
79,3,-4,0.75,2,-1
55,3,-4,0.75,2,-1.5
27,3,-4,0.75,2,-2
554,3,-4,0.75,3,-0.5
33,3,-4,0.75,3,-1
154,3,-4,0.75,3,-1.5
72,3,-4,0.75,3,-2
74,3,-4,0.75,4,-0.5
35,3,-4,0.75,4,-1
83,3,-4,0.75,4,-1.5
28,3,-4,0.75,4,-2
333,3,-4,0.75,5,-0.5
299,3,-4,0.75,5,-1
68,3,-4,0.75,5,-1.5
19,3,-4,0.75,5,-2
84,3,-4,1.25,1,-0.5
54,3,-4,1.25,1,-1
73,3,-4,1.25,1,-1.5
23,3,-4,1.25,1,-2
98,3,-4,1.25,2,-0.5
74,3,-4,1.25,2,-1
23,3,-4,1.25,2,-1.5
58,3,-4,1.25,2,-2
52,3,-4,1.25,3,-0.5
64,3,-4,1.25,3,-1
34,3,-4,1.25,3,-1.5
25,3,-4,1.25,3,-2
44,3,-4,1.25,4,-0.5
31,3,-4,1.25,4,-1
16,3,-4,1.25,4,-1.5
29,3,-4,1.25,4,-2
30,3,-4,1.25,5,-0.5
15,3,-4,1.25,5,-1
33,3,-4,1.25,5,-1.5
44,3,-4,1.25,5,-2
59,3,-4,1.75,1,-0.5
51,3,-4,1.75,1,-1
65,3,-4,1.75,1,-1.5
34,3,-4,1.75,1,-2
59,3,-4,1.75,2,-0.5
37,3,-4,1.75,2,-1
44,3,-4,1.75,2,-1.5
16,3,-4,1.75,2,-2
63,3,-4,1.75,3,-0.5
32,3,-4,1.75,3,-1
19,3,-4,1.75,3,-1.5
17,3,-4,1.75,3,-2
37,3,-4,1.75,4,-0.5
62,3,-4,1.75,4,-1
16,3,-4,1.75,4,-1.5
44,3,-4,1.75,4,-2
36,3,-4,1.75,5,-0.5
47,3,-4,1.75,5,-1
22,3,-4,1.75,5,-1.5
26,3,-4,1.75,5,-2
260,3,-5,0.25,1,-0.5
149,3,-5,0.25,1,-1
399,3,-5,0.25,1,-1.5
142,3,-5,0.25,1,-2
335,3,-5,0.25,2,-0.5
217,3,-5,0.25,2,-1
321,3,-5,0.25,2,-1.5
54,3,-5,0.25,2,-2
395,3,-5,0.25,3,-0.5
137,3,-5,0.25,3,-1
147,3,-5,0.25,3,-1.5
313,3,-5,0.25,3,-2
369,3,-5,0.25,4,-0.5
513,3,-5,0.25,4,-1
280,3,-5,0.25,4,-1.5
103,3,-5,0.25,4,-2
77,3,-5,0.25,5,-0.5
365,3,-5,0.25,5,-1
371,3,-5,0.25,5,-1.5
184,3,-5,0.25,5,-2
495,3,-5,0.75,1,-0.5
183,3,-5,0.75,1,-1
25,3,-5,0.75,1,-1.5
73,3,-5,0.75,1,-2
614,3,-5,0.75,2,-0.5
128,3,-5,0.75,2,-1
27,3,-5,0.75,2,-1.5
103,3,-5,0.75,2,-2
87,3,-5,0.75,3,-0.5
407,3,-5,0.75,3,-1
35,3,-5,0.75,3,-1.5
26,3,-5,0.75,3,-2
109,3,-5,0.75,4,-0.5
40,3,-5,0.75,4,-1
165,3,-5,0.75,4,-1.5
51,3,-5,0.75,4,-2
44,3,-5,0.75,5,-0.5
164,3,-5,0.75,5,-1
120,3,-5,0.75,5,-1.5
73,3,-5,0.75,5,-2
45,3,-5,1.25,1,-0.5
176,3,-5,1.25,1,-1
366,3,-5,1.25,1,-1.5
17,3,-5,1.25,1,-2
42,3,-5,1.25,2,-0.5
28,3,-5,1.25,2,-1
51,3,-5,1.25,2,-1.5
93,3,-5,1.25,2,-2
44,3,-5,1.25,3,-0.5
112,3,-5,1.25,3,-1
47,3,-5,1.25,3,-1.5
72,3,-5,1.25,3,-2
50,3,-5,1.25,4,-0.5
69,3,-5,1.25,4,-1
101,3,-5,1.25,4,-1.5
18,3,-5,1.25,4,-2
257,3,-5,1.25,5,-0.5
40,3,-5,1.25,5,-1
27,3,-5,1.25,5,-1.5
45,3,-5,1.25,5,-2
34,3,-5,1.75,1,-0.5
49,3,-5,1.75,1,-1
44,3,-5,1.75,1,-1.5
51,3,-5,1.75,1,-2
51,3,-5,1.75,2,-0.5
22,3,-5,1.75,2,-1
54,3,-5,1.75,2,-1.5
48,3,-5,1.75,2,-2
40,3,-5,1.75,3,-0.5
23,3,-5,1.75,3,-1
35,3,-5,1.75,3,-1.5
39,3,-5,1.75,3,-2
67,3,-5,1.75,4,-0.5
27,3,-5,1.75,4,-1
19,3,-5,1.75,4,-1.5
78,3,-5,1.75,4,-2
25,3,-5,1.75,5,-0.5
43,3,-5,1.75,5,-1
16,3,-5,1.75,5,-1.5
29,3,-5,1.75,5,-2
159,4,-1,0.25,1,-0.5
129,4,-1,0.25,1,-1
131,4,-1,0.25,1,-1.5
131,4,-1,0.25,1,-2
199,4,-1,0.25,2,-0.5
190,4,-1,0.25,2,-1
109,4,-1,0.25,2,-1.5
88,4,-1,0.25,2,-2
138,4,-1,0.25,3,-0.5
174,4,-1,0.25,3,-1
148,4,-1,0.25,3,-1.5
97,4,-1,0.25,3,-2
161,4,-1,0.25,4,-0.5
198,4,-1,0.25,4,-1
92,4,-1,0.25,4,-1.5
113,4,-1,0.25,4,-2
140,4,-1,0.25,5,-0.5
110,4,-1,0.25,5,-1
149,4,-1,0.25,5,-1.5
93,4,-1,0.25,5,-2
129,4,-1,0.75,1,-0.5
152,4,-1,0.75,1,-1
80,4,-1,0.75,1,-1.5
29,4,-1,0.75,1,-2
149,4,-1,0.75,2,-0.5
101,4,-1,0.75,2,-1
84,4,-1,0.75,2,-1.5
47,4,-1,0.75,2,-2
86,4,-1,0.75,3,-0.5
59,4,-1,0.75,3,-1
65,4,-1,0.75,3,-1.5
72,4,-1,0.75,3,-2
85,4,-1,0.75,4,-0.5
72,4,-1,0.75,4,-1
65,4,-1,0.75,4,-1.5
64,4,-1,0.75,4,-2
179,4,-1,0.75,5,-0.5
81,4,-1,0.75,5,-1
79,4,-1,0.75,5,-1.5
42,4,-1,0.75,5,-2
106,4,-1,1.25,1,-0.5
72,4,-1,1.25,1,-1
51,4,-1,1.25,1,-1.5
67,4,-1,1.25,1,-2
99,4,-1,1.25,2,-0.5
89,4,-1,1.25,2,-1
25,4,-1,1.25,2,-1.5
48,4,-1,1.25,2,-2
58,4,-1,1.25,3,-0.5
67,4,-1,1.25,3,-1
93,4,-1,1.25,3,-1.5
61,4,-1,1.25,3,-2
60,4,-1,1.25,4,-0.5
84,4,-1,1.25,4,-1
55,4,-1,1.25,4,-1.5
33,4,-1,1.25,4,-2
69,4,-1,1.25,5,-0.5
47,4,-1,1.25,5,-1
50,4,-1,1.25,5,-1.5
48,4,-1,1.25,5,-2
124,4,-1,1.75,1,-0.5
76,4,-1,1.75,1,-1
76,4,-1,1.75,1,-1.5
57,4,-1,1.75,1,-2
103,4,-1,1.75,2,-0.5
91,4,-1,1.75,2,-1
70,4,-1,1.75,2,-1.5
82,4,-1,1.75,2,-2
110,4,-1,1.75,3,-0.5
90,4,-1,1.75,3,-1
72,4,-1,1.75,3,-1.5
81,4,-1,1.75,3,-2
90,4,-1,1.75,4,-0.5
62,4,-1,1.75,4,-1
75,4,-1,1.75,4,-1.5
74,4,-1,1.75,4,-2
84,4,-1,1.75,5,-0.5
78,4,-1,1.75,5,-1
88,4,-1,1.75,5,-1.5
60,4,-1,1.75,5,-2
188,4,-2,0.25,1,-0.5
134,4,-2,0.25,1,-1
162,4,-2,0.25,1,-1.5
195,4,-2,0.25,1,-2
356,4,-2,0.25,2,-0.5
129,4,-2,0.25,2,-1
128,4,-2,0.25,2,-1.5
420,4,-2,0.25,2,-2
513,4,-2,0.25,3,-0.5
510,4,-2,0.25,3,-1
89,4,-2,0.25,3,-1.5
343,4,-2,0.25,3,-2
373,4,-2,0.25,4,-0.5
357,4,-2,0.25,4,-1
96,4,-2,0.25,4,-1.5
125,4,-2,0.25,4,-2
225,4,-2,0.25,5,-0.5
303,4,-2,0.25,5,-1
95,4,-2,0.25,5,-1.5
93,4,-2,0.25,5,-2
122,4,-2,0.75,1,-0.5
76,4,-2,0.75,1,-1
435,4,-2,0.75,1,-1.5
71,4,-2,0.75,1,-2
63,4,-2,0.75,2,-0.5
57,4,-2,0.75,2,-1
104,4,-2,0.75,2,-1.5
72,4,-2,0.75,2,-2
127,4,-2,0.75,3,-0.5
22,4,-2,0.75,3,-1
38,4,-2,0.75,3,-1.5
73,4,-2,0.75,3,-2
203,4,-2,0.75,4,-0.5
460,4,-2,0.75,4,-1
50,4,-2,0.75,4,-1.5
59,4,-2,0.75,4,-2
147,4,-2,0.75,5,-0.5
45,4,-2,0.75,5,-1
115,4,-2,0.75,5,-1.5
168,4,-2,0.75,5,-2
75,4,-2,1.25,1,-0.5
63,4,-2,1.25,1,-1
55,4,-2,1.25,1,-1.5
57,4,-2,1.25,1,-2
67,4,-2,1.25,2,-0.5
67,4,-2,1.25,2,-1
115,4,-2,1.25,2,-1.5
55,4,-2,1.25,2,-2
29,4,-2,1.25,3,-0.5
59,4,-2,1.25,3,-1
44,4,-2,1.25,3,-1.5
60,4,-2,1.25,3,-2
82,4,-2,1.25,4,-0.5
38,4,-2,1.25,4,-1
35,4,-2,1.25,4,-1.5
23,4,-2,1.25,4,-2
47,4,-2,1.25,5,-0.5
39,4,-2,1.25,5,-1
34,4,-2,1.25,5,-1.5
44,4,-2,1.25,5,-2
90,4,-2,1.75,1,-0.5
63,4,-2,1.75,1,-1
68,4,-2,1.75,1,-1.5
54,4,-2,1.75,1,-2
61,4,-2,1.75,2,-0.5
54,4,-2,1.75,2,-1
36,4,-2,1.75,2,-1.5
37,4,-2,1.75,2,-2
48,4,-2,1.75,3,-0.5
52,4,-2,1.75,3,-1
44,4,-2,1.75,3,-1.5
24,4,-2,1.75,3,-2
70,4,-2,1.75,4,-0.5
53,4,-2,1.75,4,-1
42,4,-2,1.75,4,-1.5
27,4,-2,1.75,4,-2
46,4,-2,1.75,5,-0.5
56,4,-2,1.75,5,-1
44,4,-2,1.75,5,-1.5
32,4,-2,1.75,5,-2
333,4,-3,0.25,1,-0.5
194,4,-3,0.25,1,-1
376,4,-3,0.25,1,-1.5
180,4,-3,0.25,1,-2
243,4,-3,0.25,2,-0.5
185,4,-3,0.25,2,-1
253,4,-3,0.25,2,-1.5
142,4,-3,0.25,2,-2
451,4,-3,0.25,3,-0.5
286,4,-3,0.25,3,-1
173,4,-3,0.25,3,-1.5
125,4,-3,0.25,3,-2
366,4,-3,0.25,4,-0.5
115,4,-3,0.25,4,-1
302,4,-3,0.25,4,-1.5
345,4,-3,0.25,4,-2
212,4,-3,0.25,5,-0.5
181,4,-3,0.25,5,-1
234,4,-3,0.25,5,-1.5
436,4,-3,0.25,5,-2
191,4,-3,0.75,1,-0.5
42,4,-3,0.75,1,-1
80,4,-3,0.75,1,-1.5
54,4,-3,0.75,1,-2
207,4,-3,0.75,2,-0.5
168,4,-3,0.75,2,-1
48,4,-3,0.75,2,-1.5
69,4,-3,0.75,2,-2
31,4,-3,0.75,3,-0.5
162,4,-3,0.75,3,-1
77,4,-3,0.75,3,-1.5
35,4,-3,0.75,3,-2
178,4,-3,0.75,4,-0.5
494,4,-3,0.75,4,-1
97,4,-3,0.75,4,-1.5
43,4,-3,0.75,4,-2
149,4,-3,0.75,5,-0.5
494,4,-3,0.75,5,-1
54,4,-3,0.75,5,-1.5
185,4,-3,0.75,5,-2
41,4,-3,1.25,1,-0.5
44,4,-3,1.25,1,-1
53,4,-3,1.25,1,-1.5
20,4,-3,1.25,1,-2
47,4,-3,1.25,2,-0.5
32,4,-3,1.25,2,-1
60,4,-3,1.25,2,-1.5
38,4,-3,1.25,2,-2
577,4,-3,1.25,3,-0.5
55,4,-3,1.25,3,-1
21,4,-3,1.25,3,-1.5
44,4,-3,1.25,3,-2
577,4,-3,1.25,4,-0.5
23,4,-3,1.25,4,-1
43,4,-3,1.25,4,-1.5
20,4,-3,1.25,4,-2
577,4,-3,1.25,5,-0.5
57,4,-3,1.25,5,-1
62,4,-3,1.25,5,-1.5
34,4,-3,1.25,5,-2
53,4,-3,1.75,1,-0.5
37,4,-3,1.75,1,-1
24,4,-3,1.75,1,-1.5
16,4,-3,1.75,1,-2
48,4,-3,1.75,2,-0.5
49,4,-3,1.75,2,-1
54,4,-3,1.75,2,-1.5
49,4,-3,1.75,2,-2
74,4,-3,1.75,3,-0.5
59,4,-3,1.75,3,-1
34,4,-3,1.75,3,-1.5
86,4,-3,1.75,3,-2
64,4,-3,1.75,4,-0.5
24,4,-3,1.75,4,-1
37,4,-3,1.75,4,-1.5
32,4,-3,1.75,4,-2
51,4,-3,1.75,5,-0.5
35,4,-3,1.75,5,-1
38,4,-3,1.75,5,-1.5
30,4,-3,1.75,5,-2
364,4,-4,0.25,1,-0.5
423,4,-4,0.25,1,-1
331,4,-4,0.25,1,-1.5
161,4,-4,0.25,1,-2
365,4,-4,0.25,2,-0.5
263,4,-4,0.25,2,-1
370,4,-4,0.25,2,-1.5
156,4,-4,0.25,2,-2
308,4,-4,0.25,3,-0.5
103,4,-4,0.25,3,-1
335,4,-4,0.25,3,-1.5
230,4,-4,0.25,3,-2
221,4,-4,0.25,4,-0.5
128,4,-4,0.25,4,-1
390,4,-4,0.25,4,-1.5
117,4,-4,0.25,4,-2
221,4,-4,0.25,5,-0.5
199,4,-4,0.25,5,-1
390,4,-4,0.25,5,-1.5
383,4,-4,0.25,5,-2
506,4,-4,0.75,1,-0.5
215,4,-4,0.75,1,-1
89,4,-4,0.75,1,-1.5
70,4,-4,0.75,1,-2
398,4,-4,0.75,2,-0.5
140,4,-4,0.75,2,-1
81,4,-4,0.75,2,-1.5
305,4,-4,0.75,2,-2
63,4,-4,0.75,3,-0.5
419,4,-4,0.75,3,-1
198,4,-4,0.75,3,-1.5
148,4,-4,0.75,3,-2
156,4,-4,0.75,4,-0.5
57,4,-4,0.75,4,-1
28,4,-4,0.75,4,-1.5
85,4,-4,0.75,4,-2
166,4,-4,0.75,5,-0.5
65,4,-4,0.75,5,-1
69,4,-4,0.75,5,-1.5
393,4,-4,0.75,5,-2
140,4,-4,1.25,1,-0.5
54,4,-4,1.25,1,-1
19,4,-4,1.25,1,-1.5
113,4,-4,1.25,1,-2
26,4,-4,1.25,2,-0.5
52,4,-4,1.25,2,-1
81,4,-4,1.25,2,-1.5
34,4,-4,1.25,2,-2
52,4,-4,1.25,3,-0.5
53,4,-4,1.25,3,-1
33,4,-4,1.25,3,-1.5
35,4,-4,1.25,3,-2
572,4,-4,1.25,4,-0.5
72,4,-4,1.25,4,-1
53,4,-4,1.25,4,-1.5
25,4,-4,1.25,4,-2
572,4,-4,1.25,5,-0.5
41,4,-4,1.25,5,-1
16,4,-4,1.25,5,-1.5
44,4,-4,1.25,5,-2
409,4,-4,1.75,1,-0.5
45,4,-4,1.75,1,-1
30,4,-4,1.75,1,-1.5
44,4,-4,1.75,1,-2
33,4,-4,1.75,2,-0.5
54,4,-4,1.75,2,-1
22,4,-4,1.75,2,-1.5
38,4,-4,1.75,2,-2
25,4,-4,1.75,3,-0.5
29,4,-4,1.75,3,-1
28,4,-4,1.75,3,-1.5
41,4,-4,1.75,3,-2
37,4,-4,1.75,4,-0.5
36,4,-4,1.75,4,-1
18,4,-4,1.75,4,-1.5
23,4,-4,1.75,4,-2
49,4,-4,1.75,5,-0.5
25,4,-4,1.75,5,-1
26,4,-4,1.75,5,-1.5
17,4,-4,1.75,5,-2
498,4,-5,0.25,1,-0.5
219,4,-5,0.25,1,-1
225,4,-5,0.25,1,-1.5
311,4,-5,0.25,1,-2
412,4,-5,0.25,2,-0.5
317,4,-5,0.25,2,-1
386,4,-5,0.25,2,-1.5
305,4,-5,0.25,2,-2
447,4,-5,0.25,3,-0.5
251,4,-5,0.25,3,-1
209,4,-5,0.25,3,-1.5
199,4,-5,0.25,3,-2
220,4,-5,0.25,4,-0.5
271,4,-5,0.25,4,-1
301,4,-5,0.25,4,-1.5
482,4,-5,0.25,4,-2
584,4,-5,0.25,5,-0.5
277,4,-5,0.25,5,-1
202,4,-5,0.25,5,-1.5
482,4,-5,0.25,5,-2
232,4,-5,0.75,1,-0.5
120,4,-5,0.75,1,-1
133,4,-5,0.75,1,-1.5
202,4,-5,0.75,1,-2
432,4,-5,0.75,2,-0.5
298,4,-5,0.75,2,-1
347,4,-5,0.75,2,-1.5
104,4,-5,0.75,2,-2
767,4,-5,0.75,3,-0.5
112,4,-5,0.75,3,-1
97,4,-5,0.75,3,-1.5
135,4,-5,0.75,3,-2
767,4,-5,0.75,4,-0.5
57,4,-5,0.75,4,-1
48,4,-5,0.75,4,-1.5
25,4,-5,0.75,4,-2
767,4,-5,0.75,5,-0.5
296,4,-5,0.75,5,-1
470,4,-5,0.75,5,-1.5
256,4,-5,0.75,5,-2
567,4,-5,1.25,1,-0.5
86,4,-5,1.25,1,-1
26,4,-5,1.25,1,-1.5
58,4,-5,1.25,1,-2
80,4,-5,1.25,2,-0.5
340,4,-5,1.25,2,-1
49,4,-5,1.25,2,-1.5
77,4,-5,1.25,2,-2
63,4,-5,1.25,3,-0.5
82,4,-5,1.25,3,-1
70,4,-5,1.25,3,-1.5
17,4,-5,1.25,3,-2
39,4,-5,1.25,4,-0.5
46,4,-5,1.25,4,-1
35,4,-5,1.25,4,-1.5
38,4,-5,1.25,4,-2
55,4,-5,1.25,5,-0.5
38,4,-5,1.25,5,-1
20,4,-5,1.25,5,-1.5
26,4,-5,1.25,5,-2
78,4,-5,1.75,1,-0.5
39,4,-5,1.75,1,-1
51,4,-5,1.75,1,-1.5
45,4,-5,1.75,1,-2
45,4,-5,1.75,2,-0.5
30,4,-5,1.75,2,-1
61,4,-5,1.75,2,-1.5
38,4,-5,1.75,2,-2
383,4,-5,1.75,3,-0.5
62,4,-5,1.75,3,-1
30,4,-5,1.75,3,-1.5
90,4,-5,1.75,3,-2
52,4,-5,1.75,4,-0.5
24,4,-5,1.75,4,-1
32,4,-5,1.75,4,-1.5
31,4,-5,1.75,4,-2
54,4,-5,1.75,5,-0.5
23,4,-5,1.75,5,-1
38,4,-5,1.75,5,-1.5
33,4,-5,1.75,5,-2
269,5,-1,0.25,1,-0.5
203,5,-1,0.25,1,-1
145,5,-1,0.25,1,-1.5
90,5,-1,0.25,1,-2
420,5,-1,0.25,2,-0.5
318,5,-1,0.25,2,-1
162,5,-1,0.25,2,-1.5
113,5,-1,0.25,2,-2
290,5,-1,0.25,3,-0.5
399,5,-1,0.25,3,-1
115,5,-1,0.25,3,-1.5
155,5,-1,0.25,3,-2
229,5,-1,0.25,4,-0.5
147,5,-1,0.25,4,-1
82,5,-1,0.25,4,-1.5
75,5,-1,0.25,4,-2
339,5,-1,0.25,5,-0.5
458,5,-1,0.25,5,-1
97,5,-1,0.25,5,-1.5
97,5,-1,0.25,5,-2
158,5,-1,0.75,1,-0.5
130,5,-1,0.75,1,-1
121,5,-1,0.75,1,-1.5
124,5,-1,0.75,1,-2
100,5,-1,0.75,2,-0.5
107,5,-1,0.75,2,-1
110,5,-1,0.75,2,-1.5
67,5,-1,0.75,2,-2
131,5,-1,0.75,3,-0.5
92,5,-1,0.75,3,-1
74,5,-1,0.75,3,-1.5
57,5,-1,0.75,3,-2
69,5,-1,0.75,4,-0.5
117,5,-1,0.75,4,-1
51,5,-1,0.75,4,-1.5
61,5,-1,0.75,4,-2
160,5,-1,0.75,5,-0.5
113,5,-1,0.75,5,-1
73,5,-1,0.75,5,-1.5
70,5,-1,0.75,5,-2
140,5,-1,1.25,1,-0.5
108,5,-1,1.25,1,-1
71,5,-1,1.25,1,-1.5
60,5,-1,1.25,1,-2
120,5,-1,1.25,2,-0.5
108,5,-1,1.25,2,-1
100,5,-1,1.25,2,-1.5
53,5,-1,1.25,2,-2
106,5,-1,1.25,3,-0.5
53,5,-1,1.25,3,-1
80,5,-1,1.25,3,-1.5
38,5,-1,1.25,3,-2
117,5,-1,1.25,4,-0.5
97,5,-1,1.25,4,-1
61,5,-1,1.25,4,-1.5
82,5,-1,1.25,4,-2
67,5,-1,1.25,5,-0.5
77,5,-1,1.25,5,-1
43,5,-1,1.25,5,-1.5
59,5,-1,1.25,5,-2
114,5,-1,1.75,1,-0.5
77,5,-1,1.75,1,-1
78,5,-1,1.75,1,-1.5
86,5,-1,1.75,1,-2
133,5,-1,1.75,2,-0.5
106,5,-1,1.75,2,-1
98,5,-1,1.75,2,-1.5
89,5,-1,1.75,2,-2
117,5,-1,1.75,3,-0.5
78,5,-1,1.75,3,-1
71,5,-1,1.75,3,-1.5
67,5,-1,1.75,3,-2
90,5,-1,1.75,4,-0.5
95,5,-1,1.75,4,-1
60,5,-1,1.75,4,-1.5
69,5,-1,1.75,4,-2
118,5,-1,1.75,5,-0.5
89,5,-1,1.75,5,-1
82,5,-1,1.75,5,-1.5
63,5,-1,1.75,5,-2
332,5,-2,0.25,1,-0.5
132,5,-2,0.25,1,-1
106,5,-2,0.25,1,-1.5
133,5,-2,0.25,1,-2
331,5,-2,0.25,2,-0.5
412,5,-2,0.25,2,-1
170,5,-2,0.25,2,-1.5
127,5,-2,0.25,2,-2
384,5,-2,0.25,3,-0.5
188,5,-2,0.25,3,-1
513,5,-2,0.25,3,-1.5
162,5,-2,0.25,3,-2
394,5,-2,0.25,4,-0.5
79,5,-2,0.25,4,-1
155,5,-2,0.25,4,-1.5
447,5,-2,0.25,4,-2
189,5,-2,0.25,5,-0.5
349,5,-2,0.25,5,-1
47,5,-2,0.25,5,-1.5
69,5,-2,0.25,5,-2
220,5,-2,0.75,1,-0.5
413,5,-2,0.75,1,-1
128,5,-2,0.75,1,-1.5
118,5,-2,0.75,1,-2
155,5,-2,0.75,2,-0.5
149,5,-2,0.75,2,-1
122,5,-2,0.75,2,-1.5
30,5,-2,0.75,2,-2
87,5,-2,0.75,3,-0.5
141,5,-2,0.75,3,-1
87,5,-2,0.75,3,-1.5
127,5,-2,0.75,3,-2
93,5,-2,0.75,4,-0.5
107,5,-2,0.75,4,-1
57,5,-2,0.75,4,-1.5
103,5,-2,0.75,4,-2
83,5,-2,0.75,5,-0.5
108,5,-2,0.75,5,-1
70,5,-2,0.75,5,-1.5
55,5,-2,0.75,5,-2
104,5,-2,1.25,1,-0.5
69,5,-2,1.25,1,-1
47,5,-2,1.25,1,-1.5
83,5,-2,1.25,1,-2
66,5,-2,1.25,2,-0.5
88,5,-2,1.25,2,-1
57,5,-2,1.25,2,-1.5
56,5,-2,1.25,2,-2
110,5,-2,1.25,3,-0.5
111,5,-2,1.25,3,-1
41,5,-2,1.25,3,-1.5
55,5,-2,1.25,3,-2
84,5,-2,1.25,4,-0.5
76,5,-2,1.25,4,-1
81,5,-2,1.25,4,-1.5
40,5,-2,1.25,4,-2
87,5,-2,1.25,5,-0.5
81,5,-2,1.25,5,-1
40,5,-2,1.25,5,-1.5
42,5,-2,1.25,5,-2
71,5,-2,1.75,1,-0.5
69,5,-2,1.75,1,-1
66,5,-2,1.75,1,-1.5
44,5,-2,1.75,1,-2
70,5,-2,1.75,2,-0.5
72,5,-2,1.75,2,-1
67,5,-2,1.75,2,-1.5
32,5,-2,1.75,2,-2
67,5,-2,1.75,3,-0.5
62,5,-2,1.75,3,-1
42,5,-2,1.75,3,-1.5
20,5,-2,1.75,3,-2
79,5,-2,1.75,4,-0.5
63,5,-2,1.75,4,-1
42,5,-2,1.75,4,-1.5
42,5,-2,1.75,4,-2
72,5,-2,1.75,5,-0.5
78,5,-2,1.75,5,-1
33,5,-2,1.75,5,-1.5
43,5,-2,1.75,5,-2
147,5,-3,0.25,1,-0.5
293,5,-3,0.25,1,-1
278,5,-3,0.25,1,-1.5
107,5,-3,0.25,1,-2
154,5,-3,0.25,2,-0.5
165,5,-3,0.25,2,-1
112,5,-3,0.25,2,-1.5
278,5,-3,0.25,2,-2
470,5,-3,0.25,3,-0.5
186,5,-3,0.25,3,-1
179,5,-3,0.25,3,-1.5
108,5,-3,0.25,3,-2
264,5,-3,0.25,4,-0.5
348,5,-3,0.25,4,-1
193,5,-3,0.25,4,-1.5
126,5,-3,0.25,4,-2
286,5,-3,0.25,5,-0.5
260,5,-3,0.25,5,-1
276,5,-3,0.25,5,-1.5
413,5,-3,0.25,5,-2
596,5,-3,0.75,1,-0.5
124,5,-3,0.75,1,-1
93,5,-3,0.75,1,-1.5
180,5,-3,0.75,1,-2
291,5,-3,0.75,2,-0.5
91,5,-3,0.75,2,-1
431,5,-3,0.75,2,-1.5
47,5,-3,0.75,2,-2
208,5,-3,0.75,3,-0.5
314,5,-3,0.75,3,-1
112,5,-3,0.75,3,-1.5
104,5,-3,0.75,3,-2
84,5,-3,0.75,4,-0.5
175,5,-3,0.75,4,-1
397,5,-3,0.75,4,-1.5
61,5,-3,0.75,4,-2
347,5,-3,0.75,5,-0.5
162,5,-3,0.75,5,-1
139,5,-3,0.75,5,-1.5
85,5,-3,0.75,5,-2
77,5,-3,1.25,1,-0.5
65,5,-3,1.25,1,-1
49,5,-3,1.25,1,-1.5
64,5,-3,1.25,1,-2
88,5,-3,1.25,2,-0.5
101,5,-3,1.25,2,-1
93,5,-3,1.25,2,-1.5
44,5,-3,1.25,2,-2
67,5,-3,1.25,3,-0.5
72,5,-3,1.25,3,-1
85,5,-3,1.25,3,-1.5
42,5,-3,1.25,3,-2
36,5,-3,1.25,4,-0.5
38,5,-3,1.25,4,-1
31,5,-3,1.25,4,-1.5
62,5,-3,1.25,4,-2
56,5,-3,1.25,5,-0.5
77,5,-3,1.25,5,-1
65,5,-3,1.25,5,-1.5
34,5,-3,1.25,5,-2
75,5,-3,1.75,1,-0.5
71,5,-3,1.75,1,-1
45,5,-3,1.75,1,-1.5
35,5,-3,1.75,1,-2
52,5,-3,1.75,2,-0.5
81,5,-3,1.75,2,-1
54,5,-3,1.75,2,-1.5
39,5,-3,1.75,2,-2
106,5,-3,1.75,3,-0.5
24,5,-3,1.75,3,-1
44,5,-3,1.75,3,-1.5
40,5,-3,1.75,3,-2
80,5,-3,1.75,4,-0.5
31,5,-3,1.75,4,-1
25,5,-3,1.75,4,-1.5
34,5,-3,1.75,4,-2
69,5,-3,1.75,5,-0.5
98,5,-3,1.75,5,-1
44,5,-3,1.75,5,-1.5
20,5,-3,1.75,5,-2
261,5,-4,0.25,1,-0.5
183,5,-4,0.25,1,-1
318,5,-4,0.25,1,-1.5
264,5,-4,0.25,1,-2
142,5,-4,0.25,2,-0.5
176,5,-4,0.25,2,-1
380,5,-4,0.25,2,-1.5
285,5,-4,0.25,2,-2
366,5,-4,0.25,3,-0.5
125,5,-4,0.25,3,-1
275,5,-4,0.25,3,-1.5
148,5,-4,0.25,3,-2
431,5,-4,0.25,4,-0.5
116,5,-4,0.25,4,-1
453,5,-4,0.25,4,-1.5
352,5,-4,0.25,4,-2
353,5,-4,0.25,5,-0.5
237,5,-4,0.25,5,-1
453,5,-4,0.25,5,-1.5
306,5,-4,0.25,5,-2
586,5,-4,0.75,1,-0.5
131,5,-4,0.75,1,-1
92,5,-4,0.75,1,-1.5
108,5,-4,0.75,1,-2
188,5,-4,0.75,2,-0.5
109,5,-4,0.75,2,-1
542,5,-4,0.75,2,-1.5
58,5,-4,0.75,2,-2
303,5,-4,0.75,3,-0.5
173,5,-4,0.75,3,-1
67,5,-4,0.75,3,-1.5
95,5,-4,0.75,3,-2
99,5,-4,0.75,4,-0.5
160,5,-4,0.75,4,-1
365,5,-4,0.75,4,-1.5
57,5,-4,0.75,4,-2
77,5,-4,0.75,5,-0.5
50,5,-4,0.75,5,-1
143,5,-4,0.75,5,-1.5
98,5,-4,0.75,5,-2
92,5,-4,1.25,1,-0.5
64,5,-4,1.25,1,-1
67,5,-4,1.25,1,-1.5
49,5,-4,1.25,1,-2
275,5,-4,1.25,2,-0.5
57,5,-4,1.25,2,-1
98,5,-4,1.25,2,-1.5
43,5,-4,1.25,2,-2
55,5,-4,1.25,3,-0.5
72,5,-4,1.25,3,-1
42,5,-4,1.25,3,-1.5
44,5,-4,1.25,3,-2
52,5,-4,1.25,4,-0.5
566,5,-4,1.25,4,-1
82,5,-4,1.25,4,-1.5
43,5,-4,1.25,4,-2
572,5,-4,1.25,5,-0.5
566,5,-4,1.25,5,-1
96,5,-4,1.25,5,-1.5
25,5,-4,1.25,5,-2
68,5,-4,1.75,1,-0.5
39,5,-4,1.75,1,-1
158,5,-4,1.75,1,-1.5
24,5,-4,1.75,1,-2
51,5,-4,1.75,2,-0.5
35,5,-4,1.75,2,-1
33,5,-4,1.75,2,-1.5
79,5,-4,1.75,2,-2
57,5,-4,1.75,3,-0.5
41,5,-4,1.75,3,-1
86,5,-4,1.75,3,-1.5
31,5,-4,1.75,3,-2
69,5,-4,1.75,4,-0.5
37,5,-4,1.75,4,-1
35,5,-4,1.75,4,-1.5
26,5,-4,1.75,4,-2
33,5,-4,1.75,5,-0.5
23,5,-4,1.75,5,-1
21,5,-4,1.75,5,-1.5
21,5,-4,1.75,5,-2
305,5,-5,0.25,1,-0.5
255,5,-5,0.25,1,-1
442,5,-5,0.25,1,-1.5
238,5,-5,0.25,1,-2
258,5,-5,0.25,2,-0.5
284,5,-5,0.25,2,-1
316,5,-5,0.25,2,-1.5
124,5,-5,0.25,2,-2
237,5,-5,0.25,3,-0.5
381,5,-5,0.25,3,-1
156,5,-5,0.25,3,-1.5
239,5,-5,0.25,3,-2
593,5,-5,0.25,4,-0.5
300,5,-5,0.25,4,-1
266,5,-5,0.25,4,-1.5
249,5,-5,0.25,4,-2
511,5,-5,0.25,5,-0.5
110,5,-5,0.25,5,-1
280,5,-5,0.25,5,-1.5
476,5,-5,0.25,5,-2
413,5,-5,0.75,1,-0.5
353,5,-5,0.75,1,-1
242,5,-5,0.75,1,-1.5
295,5,-5,0.75,1,-2
322,5,-5,0.75,2,-0.5
127,5,-5,0.75,2,-1
84,5,-5,0.75,2,-1.5
346,5,-5,0.75,2,-2
63,5,-5,0.75,3,-0.5
274,5,-5,0.75,3,-1
110,5,-5,0.75,3,-1.5
103,5,-5,0.75,3,-2
88,5,-5,0.75,4,-0.5
198,5,-5,0.75,4,-1
389,5,-5,0.75,4,-1.5
234,5,-5,0.75,4,-2
532,5,-5,0.75,5,-0.5
108,5,-5,0.75,5,-1
121,5,-5,0.75,5,-1.5
98,5,-5,0.75,5,-2
368,5,-5,1.25,1,-0.5
89,5,-5,1.25,1,-1
46,5,-5,1.25,1,-1.5
57,5,-5,1.25,1,-2
94,5,-5,1.25,2,-0.5
37,5,-5,1.25,2,-1
175,5,-5,1.25,2,-1.5
66,5,-5,1.25,2,-2
50,5,-5,1.25,3,-0.5
97,5,-5,1.25,3,-1
109,5,-5,1.25,3,-1.5
68,5,-5,1.25,3,-2
137,5,-5,1.25,4,-0.5
68,5,-5,1.25,4,-1
42,5,-5,1.25,4,-1.5
96,5,-5,1.25,4,-2
124,5,-5,1.25,5,-0.5
561,5,-5,1.25,5,-1
340,5,-5,1.25,5,-1.5
29,5,-5,1.25,5,-2
62,5,-5,1.75,1,-0.5
209,5,-5,1.75,1,-1
41,5,-5,1.75,1,-1.5
24,5,-5,1.75,1,-2
91,5,-5,1.75,2,-0.5
30,5,-5,1.75,2,-1
33,5,-5,1.75,2,-1.5
44,5,-5,1.75,2,-2
66,5,-5,1.75,3,-0.5
60,5,-5,1.75,3,-1
29,5,-5,1.75,3,-1.5
61,5,-5,1.75,3,-2
164,5,-5,1.75,4,-0.5
573,5,-5,1.75,4,-1
66,5,-5,1.75,4,-1.5
32,5,-5,1.75,4,-2
63,5,-5,1.75,5,-0.5
573,5,-5,1.75,5,-1
46,5,-5,1.75,5,-1.5
28,5,-5,1.75,5,-2
