128,1,-1,0.25,1,-0.5
40,1,-1,0.25,1,-1
23,1,-1,0.25,1,-1.5
50,1,-1,0.25,1,-2
75,1,-1,0.25,2,-0.5
46,1,-1,0.25,2,-1
65,1,-1,0.25,2,-1.5
29,1,-1,0.25,2,-2
123,1,-1,0.25,3,-0.5
63,1,-1,0.25,3,-1
59,1,-1,0.25,3,-1.5
67,1,-1,0.25,3,-2
194,1,-1,0.25,4,-0.5
61,1,-1,0.25,4,-1
54,1,-1,0.25,4,-1.5
61,1,-1,0.25,4,-2
243,1,-1,0.25,5,-0.5
198,1,-1,0.25,5,-1
56,1,-1,0.25,5,-1.5
73,1,-1,0.25,5,-2
54,1,-1,0.75,1,-0.5
43,1,-1,0.75,1,-1
56,1,-1,0.75,1,-1.5
43,1,-1,0.75,1,-2
40,1,-1,0.75,2,-0.5
51,1,-1,0.75,2,-1
56,1,-1,0.75,2,-1.5
59,1,-1,0.75,2,-2
63,1,-1,0.75,3,-0.5
56,1,-1,0.75,3,-1
53,1,-1,0.75,3,-1.5
69,1,-1,0.75,3,-2
59,1,-1,0.75,4,-0.5
63,1,-1,0.75,4,-1
76,1,-1,0.75,4,-1.5
56,1,-1,0.75,4,-2
69,1,-1,0.75,5,-0.5
81,1,-1,0.75,5,-1
80,1,-1,0.75,5,-1.5
71,1,-1,0.75,5,-2
91,1,-1,1.25,1,-0.5
121,1,-1,1.25,1,-1
83,1,-1,1.25,1,-1.5
80,1,-1,1.25,1,-2
109,1,-1,1.25,2,-0.5
78,1,-1,1.25,2,-1
103,1,-1,1.25,2,-1.5
88,1,-1,1.25,2,-2
79,1,-1,1.25,3,-0.5
63,1,-1,1.25,3,-1
93,1,-1,1.25,3,-1.5
76,1,-1,1.25,3,-2
100,1,-1,1.25,4,-0.5
114,1,-1,1.25,4,-1
106,1,-1,1.25,4,-1.5
90,1,-1,1.25,4,-2
134,1,-1,1.25,5,-0.5
97,1,-1,1.25,5,-1
97,1,-1,1.25,5,-1.5
69,1,-1,1.25,5,-2
153,1,-1,1.75,1,-0.5
117,1,-1,1.75,1,-1
116,1,-1,1.75,1,-1.5
101,1,-1,1.75,1,-2
120,1,-1,1.75,2,-0.5
126,1,-1,1.75,2,-1
142,1,-1,1.75,2,-1.5
107,1,-1,1.75,2,-2
151,1,-1,1.75,3,-0.5
121,1,-1,1.75,3,-1
126,1,-1,1.75,3,-1.5
104,1,-1,1.75,3,-2
111,1,-1,1.75,4,-0.5
118,1,-1,1.75,4,-1
99,1,-1,1.75,4,-1.5
103,1,-1,1.75,4,-2
140,1,-1,1.75,5,-0.5
113,1,-1,1.75,5,-1
141,1,-1,1.75,5,-1.5
97,1,-1,1.75,5,-2
526,1,-2,0.25,1,-0.5
387,1,-2,0.25,1,-1
75,1,-2,0.25,1,-1.5
65,1,-2,0.25,1,-2
135,1,-2,0.25,2,-0.5
389,1,-2,0.25,2,-1
41,1,-2,0.25,2,-1.5
508,1,-2,0.25,2,-2
82,1,-2,0.25,3,-0.5
52,1,-2,0.25,3,-1
55,1,-2,0.25,3,-1.5
124,1,-2,0.25,3,-2
202,1,-2,0.25,4,-0.5
61,1,-2,0.25,4,-1
57,1,-2,0.25,4,-1.5
52,1,-2,0.25,4,-2
30,1,-2,0.25,5,-0.5
85,1,-2,0.25,5,-1
93,1,-2,0.25,5,-1.5
36,1,-2,0.25,5,-2
30,1,-2,0.75,1,-0.5
26,1,-2,0.75,1,-1
46,1,-2,0.75,1,-1.5
25,1,-2,0.75,1,-2
20,1,-2,0.75,2,-0.5
14,1,-2,0.75,2,-1
35,1,-2,0.75,2,-1.5
36,1,-2,0.75,2,-2
34,1,-2,0.75,3,-0.5
73,1,-2,0.75,3,-1
56,1,-2,0.75,3,-1.5
35,1,-2,0.75,3,-2
42,1,-2,0.75,4,-0.5
36,1,-2,0.75,4,-1
93,1,-2,0.75,4,-1.5
65,1,-2,0.75,4,-2
53,1,-2,0.75,5,-0.5
64,1,-2,0.75,5,-1
26,1,-2,0.75,5,-1.5
65,1,-2,0.75,5,-2
86,1,-2,1.25,1,-0.5
85,1,-2,1.25,1,-1
36,1,-2,1.25,1,-1.5
34,1,-2,1.25,1,-2
55,1,-2,1.25,2,-0.5
53,1,-2,1.25,2,-1
47,1,-2,1.25,2,-1.5
55,1,-2,1.25,2,-2
96,1,-2,1.25,3,-0.5
70,1,-2,1.25,3,-1
70,1,-2,1.25,3,-1.5
32,1,-2,1.25,3,-2
77,1,-2,1.25,4,-0.5
52,1,-2,1.25,4,-1
52,1,-2,1.25,4,-1.5
62,1,-2,1.25,4,-2
85,1,-2,1.25,5,-0.5
45,1,-2,1.25,5,-1
55,1,-2,1.25,5,-1.5
68,1,-2,1.25,5,-2
122,1,-2,1.75,1,-0.5
103,1,-2,1.75,1,-1
75,1,-2,1.75,1,-1.5
72,1,-2,1.75,1,-2
98,1,-2,1.75,2,-0.5
96,1,-2,1.75,2,-1
89,1,-2,1.75,2,-1.5
99,1,-2,1.75,2,-2
84,1,-2,1.75,3,-0.5
75,1,-2,1.75,3,-1
85,1,-2,1.75,3,-1.5
74,1,-2,1.75,3,-2
125,1,-2,1.75,4,-0.5
96,1,-2,1.75,4,-1
73,1,-2,1.75,4,-1.5
74,1,-2,1.75,4,-2
110,1,-2,1.75,5,-0.5
103,1,-2,1.75,5,-1
87,1,-2,1.75,5,-1.5
97,1,-2,1.75,5,-2
174,1,-3,0.25,1,-0.5
60,1,-3,0.25,1,-1
84,1,-3,0.25,1,-1.5
264,1,-3,0.25,1,-2
97,1,-3,0.25,2,-0.5
122,1,-3,0.25,2,-1
504,1,-3,0.25,2,-1.5
58,1,-3,0.25,2,-2
35,1,-3,0.25,3,-0.5
30,1,-3,0.25,3,-1
502,1,-3,0.25,3,-1.5
126,1,-3,0.25,3,-2
86,1,-3,0.25,4,-0.5
150,1,-3,0.25,4,-1
53,1,-3,0.25,4,-1.5
50,1,-3,0.25,4,-2
194,1,-3,0.25,5,-0.5
126,1,-3,0.25,5,-1
141,1,-3,0.25,5,-1.5
97,1,-3,0.25,5,-2
23,1,-3,0.75,1,-0.5
54,1,-3,0.75,1,-1
24,1,-3,0.75,1,-1.5
50,1,-3,0.75,1,-2
62,1,-3,0.75,2,-0.5
59,1,-3,0.75,2,-1
37,1,-3,0.75,2,-1.5
45,1,-3,0.75,2,-2
20,1,-3,0.75,3,-0.5
59,1,-3,0.75,3,-1
39,1,-3,0.75,3,-1.5
31,1,-3,0.75,3,-2
53,1,-3,0.75,4,-0.5
116,1,-3,0.75,4,-1
37,1,-3,0.75,4,-1.5
52,1,-3,0.75,4,-2
35,1,-3,0.75,5,-0.5
31,1,-3,0.75,5,-1
48,1,-3,0.75,5,-1.5
51,1,-3,0.75,5,-2
73,1,-3,1.25,1,-0.5
47,1,-3,1.25,1,-1
37,1,-3,1.25,1,-1.5
58,1,-3,1.25,1,-2
35,1,-3,1.25,2,-0.5
20,1,-3,1.25,2,-1
48,1,-3,1.25,2,-1.5
77,1,-3,1.25,2,-2
31,1,-3,1.25,3,-0.5
19,1,-3,1.25,3,-1
52,1,-3,1.25,3,-1.5
64,1,-3,1.25,3,-2
60,1,-3,1.25,4,-0.5
22,1,-3,1.25,4,-1
46,1,-3,1.25,4,-1.5
43,1,-3,1.25,4,-2
61,1,-3,1.25,5,-0.5
31,1,-3,1.25,5,-1
20,1,-3,1.25,5,-1.5
22,1,-3,1.25,5,-2
102,1,-3,1.75,1,-0.5
59,1,-3,1.75,1,-1
62,1,-3,1.75,1,-1.5
25,1,-3,1.75,1,-2
67,1,-3,1.75,2,-0.5
70,1,-3,1.75,2,-1
65,1,-3,1.75,2,-1.5
64,1,-3,1.75,2,-2
80,1,-3,1.75,3,-0.5
60,1,-3,1.75,3,-1
61,1,-3,1.75,3,-1.5
43,1,-3,1.75,3,-2
65,1,-3,1.75,4,-0.5
45,1,-3,1.75,4,-1
60,1,-3,1.75,4,-1.5
38,1,-3,1.75,4,-2
76,1,-3,1.75,5,-0.5
92,1,-3,1.75,5,-1
34,1,-3,1.75,5,-1.5
52,1,-3,1.75,5,-2
490,1,-4,0.25,1,-0.5
152,1,-4,0.25,1,-1
278,1,-4,0.25,1,-1.5
208,1,-4,0.25,1,-2
27,1,-4,0.25,2,-0.5
191,1,-4,0.25,2,-1
125,1,-4,0.25,2,-1.5
198,1,-4,0.25,2,-2
123,1,-4,0.25,3,-0.5
121,1,-4,0.25,3,-1
501,1,-4,0.25,3,-1.5
205,1,-4,0.25,3,-2
116,1,-4,0.25,4,-0.5
396,1,-4,0.25,4,-1
501,1,-4,0.25,4,-1.5
144,1,-4,0.25,4,-2
202,1,-4,0.25,5,-0.5
344,1,-4,0.25,5,-1
127,1,-4,0.25,5,-1.5
148,1,-4,0.25,5,-2
32,1,-4,0.75,1,-0.5
107,1,-4,0.75,1,-1
62,1,-4,0.75,1,-1.5
34,1,-4,0.75,1,-2
136,1,-4,0.75,2,-0.5
46,1,-4,0.75,2,-1
33,1,-4,0.75,2,-1.5
197,1,-4,0.75,2,-2
43,1,-4,0.75,3,-0.5
29,1,-4,0.75,3,-1
68,1,-4,0.75,3,-1.5
150,1,-4,0.75,3,-2
29,1,-4,0.75,4,-0.5
92,1,-4,0.75,4,-1
73,1,-4,0.75,4,-1.5
49,1,-4,0.75,4,-2
239,1,-4,0.75,5,-0.5
38,1,-4,0.75,5,-1
89,1,-4,0.75,5,-1.5
14,1,-4,0.75,5,-2
71,1,-4,1.25,1,-0.5
61,1,-4,1.25,1,-1
118,1,-4,1.25,1,-1.5
29,1,-4,1.25,1,-2
44,1,-4,1.25,2,-0.5
49,1,-4,1.25,2,-1
29,1,-4,1.25,2,-1.5
57,1,-4,1.25,2,-2
39,1,-4,1.25,3,-0.5
20,1,-4,1.25,3,-1
35,1,-4,1.25,3,-1.5
66,1,-4,1.25,3,-2
50,1,-4,1.25,4,-0.5
30,1,-4,1.25,4,-1
21,1,-4,1.25,4,-1.5
82,1,-4,1.25,4,-2
61,1,-4,1.25,5,-0.5
68,1,-4,1.25,5,-1
42,1,-4,1.25,5,-1.5
49,1,-4,1.25,5,-2
71,1,-4,1.75,1,-0.5
59,1,-4,1.75,1,-1
34,1,-4,1.75,1,-1.5
45,1,-4,1.75,1,-2
36,1,-4,1.75,2,-0.5
46,1,-4,1.75,2,-1
39,1,-4,1.75,2,-1.5
47,1,-4,1.75,2,-2
47,1,-4,1.75,3,-0.5
32,1,-4,1.75,3,-1
35,1,-4,1.75,3,-1.5
50,1,-4,1.75,3,-2
44,1,-4,1.75,4,-0.5
43,1,-4,1.75,4,-1
43,1,-4,1.75,4,-1.5
51,1,-4,1.75,4,-2
74,1,-4,1.75,5,-0.5
58,1,-4,1.75,5,-1
50,1,-4,1.75,5,-1.5
36,1,-4,1.75,5,-2
419,1,-5,0.25,1,-0.5
60,1,-5,0.25,1,-1
176,1,-5,0.25,1,-1.5
347,1,-5,0.25,1,-2
215,1,-5,0.25,2,-0.5
124,1,-5,0.25,2,-1
43,1,-5,0.25,2,-1.5
287,1,-5,0.25,2,-2
472,1,-5,0.25,3,-0.5
38,1,-5,0.25,3,-1
53,1,-5,0.25,3,-1.5
285,1,-5,0.25,3,-2
336,1,-5,0.25,4,-0.5
236,1,-5,0.25,4,-1
135,1,-5,0.25,4,-1.5
227,1,-5,0.25,4,-2
46,1,-5,0.25,5,-0.5
314,1,-5,0.25,5,-1
217,1,-5,0.25,5,-1.5
245,1,-5,0.25,5,-2
33,1,-5,0.75,1,-0.5
41,1,-5,0.75,1,-1
125,1,-5,0.75,1,-1.5
34,1,-5,0.75,1,-2
66,1,-5,0.75,2,-0.5
217,1,-5,0.75,2,-1
46,1,-5,0.75,2,-1.5
60,1,-5,0.75,2,-2
34,1,-5,0.75,3,-0.5
417,1,-5,0.75,3,-1
55,1,-5,0.75,3,-1.5
177,1,-5,0.75,3,-2
35,1,-5,0.75,4,-0.5
65,1,-5,0.75,4,-1
87,1,-5,0.75,4,-1.5
240,1,-5,0.75,4,-2
371,1,-5,0.75,5,-0.5
21,1,-5,0.75,5,-1
54,1,-5,0.75,5,-1.5
161,1,-5,0.75,5,-2
71,1,-5,1.25,1,-0.5
47,1,-5,1.25,1,-1
108,1,-5,1.25,1,-1.5
57,1,-5,1.25,1,-2
314,1,-5,1.25,2,-0.5
71,1,-5,1.25,2,-1
36,1,-5,1.25,2,-1.5
42,1,-5,1.25,2,-2
86,1,-5,1.25,3,-0.5
55,1,-5,1.25,3,-1
30,1,-5,1.25,3,-1.5
41,1,-5,1.25,3,-2
47,1,-5,1.25,4,-0.5
30,1,-5,1.25,4,-1
277,1,-5,1.25,4,-1.5
108,1,-5,1.25,4,-2
31,1,-5,1.25,5,-0.5
24,1,-5,1.25,5,-1
51,1,-5,1.25,5,-1.5
211,1,-5,1.25,5,-2
89,1,-5,1.75,1,-0.5
78,1,-5,1.75,1,-1
28,1,-5,1.75,1,-1.5
76,1,-5,1.75,1,-2
59,1,-5,1.75,2,-0.5
37,1,-5,1.75,2,-1
45,1,-5,1.75,2,-1.5
60,1,-5,1.75,2,-2
55,1,-5,1.75,3,-0.5
25,1,-5,1.75,3,-1
48,1,-5,1.75,3,-1.5
29,1,-5,1.75,3,-2
34,1,-5,1.75,4,-0.5
383,1,-5,1.75,4,-1
44,1,-5,1.75,4,-1.5
25,1,-5,1.75,4,-2
59,1,-5,1.75,5,-0.5
40,1,-5,1.75,5,-1
67,1,-5,1.75,5,-1.5
52,1,-5,1.75,5,-2
79,2,-1,0.25,1,-0.5
68,2,-1,0.25,1,-1
44,2,-1,0.25,1,-1.5
29,2,-1,0.25,1,-2
154,2,-1,0.25,2,-0.5
74,2,-1,0.25,2,-1
46,2,-1,0.25,2,-1.5
29,2,-1,0.25,2,-2
110,2,-1,0.25,3,-0.5
30,2,-1,0.25,3,-1
52,2,-1,0.25,3,-1.5
42,2,-1,0.25,3,-2
187,2,-1,0.25,4,-0.5
264,2,-1,0.25,4,-1
60,2,-1,0.25,4,-1.5
48,2,-1,0.25,4,-2
449,2,-1,0.25,5,-0.5
99,2,-1,0.25,5,-1
70,2,-1,0.25,5,-1.5
38,2,-1,0.25,5,-2
49,2,-1,0.75,1,-0.5
49,2,-1,0.75,1,-1
47,2,-1,0.75,1,-1.5
28,2,-1,0.75,1,-2
50,2,-1,0.75,2,-0.5
49,2,-1,0.75,2,-1
26,2,-1,0.75,2,-1.5
42,2,-1,0.75,2,-2
55,2,-1,0.75,3,-0.5
46,2,-1,0.75,3,-1
37,2,-1,0.75,3,-1.5
21,2,-1,0.75,3,-2
80,2,-1,0.75,4,-0.5
30,2,-1,0.75,4,-1
57,2,-1,0.75,4,-1.5
41,2,-1,0.75,4,-2
72,2,-1,0.75,5,-0.5
36,2,-1,0.75,5,-1
44,2,-1,0.75,5,-1.5
39,2,-1,0.75,5,-2
112,2,-1,1.25,1,-0.5
77,2,-1,1.25,1,-1
65,2,-1,1.25,1,-1.5
60,2,-1,1.25,1,-2
101,2,-1,1.25,2,-0.5
49,2,-1,1.25,2,-1
74,2,-1,1.25,2,-1.5
45,2,-1,1.25,2,-2
65,2,-1,1.25,3,-0.5
66,2,-1,1.25,3,-1
39,2,-1,1.25,3,-1.5
42,2,-1,1.25,3,-2
77,2,-1,1.25,4,-0.5
78,2,-1,1.25,4,-1
77,2,-1,1.25,4,-1.5
67,2,-1,1.25,4,-2
75,2,-1,1.25,5,-0.5
72,2,-1,1.25,5,-1
38,2,-1,1.25,5,-1.5
65,2,-1,1.25,5,-2
122,2,-1,1.75,1,-0.5
136,2,-1,1.75,1,-1
90,2,-1,1.75,1,-1.5
114,2,-1,1.75,1,-2
131,2,-1,1.75,2,-0.5
82,2,-1,1.75,2,-1
89,2,-1,1.75,2,-1.5
76,2,-1,1.75,2,-2
96,2,-1,1.75,3,-0.5
93,2,-1,1.75,3,-1
74,2,-1,1.75,3,-1.5
87,2,-1,1.75,3,-2
85,2,-1,1.75,4,-0.5
127,2,-1,1.75,4,-1
123,2,-1,1.75,4,-1.5
69,2,-1,1.75,4,-2
134,2,-1,1.75,5,-0.5
100,2,-1,1.75,5,-1
108,2,-1,1.75,5,-1.5
82,2,-1,1.75,5,-2
276,2,-2,0.25,1,-0.5
245,2,-2,0.25,1,-1
199,2,-2,0.25,1,-1.5
67,2,-2,0.25,1,-2
216,2,-2,0.25,2,-0.5
250,2,-2,0.25,2,-1
68,2,-2,0.25,2,-1.5
89,2,-2,0.25,2,-2
69,2,-2,0.25,3,-0.5
511,2,-2,0.25,3,-1
222,2,-2,0.25,3,-1.5
177,2,-2,0.25,3,-2
441,2,-2,0.25,4,-0.5
97,2,-2,0.25,4,-1
312,2,-2,0.25,4,-1.5
55,2,-2,0.25,4,-2
240,2,-2,0.25,5,-0.5
318,2,-2,0.25,5,-1
57,2,-2,0.25,5,-1.5
52,2,-2,0.25,5,-2
42,2,-2,0.75,1,-0.5
36,2,-2,0.75,1,-1
57,2,-2,0.75,1,-1.5
52,2,-2,0.75,1,-2
217,2,-2,0.75,2,-0.5
64,2,-2,0.75,2,-1
31,2,-2,0.75,2,-1.5
21,2,-2,0.75,2,-2
31,2,-2,0.75,3,-0.5
30,2,-2,0.75,3,-1
26,2,-2,0.75,3,-1.5
41,2,-2,0.75,3,-2
27,2,-2,0.75,4,-0.5
31,2,-2,0.75,4,-1
26,2,-2,0.75,4,-1.5
23,2,-2,0.75,4,-2
53,2,-2,0.75,5,-0.5
48,2,-2,0.75,5,-1
59,2,-2,0.75,5,-1.5
39,2,-2,0.75,5,-2
57,2,-2,1.25,1,-0.5
46,2,-2,1.25,1,-1
26,2,-2,1.25,1,-1.5
35,2,-2,1.25,1,-2
40,2,-2,1.25,2,-0.5
72,2,-2,1.25,2,-1
37,2,-2,1.25,2,-1.5
33,2,-2,1.25,2,-2
30,2,-2,1.25,3,-0.5
58,2,-2,1.25,3,-1
27,2,-2,1.25,3,-1.5
26,2,-2,1.25,3,-2
32,2,-2,1.25,4,-0.5
25,2,-2,1.25,4,-1
43,2,-2,1.25,4,-1.5
35,2,-2,1.25,4,-2
53,2,-2,1.25,5,-0.5
69,2,-2,1.25,5,-1
28,2,-2,1.25,5,-1.5
54,2,-2,1.25,5,-2
92,2,-2,1.75,1,-0.5
78,2,-2,1.75,1,-1
58,2,-2,1.75,1,-1.5
36,2,-2,1.75,1,-2
93,2,-2,1.75,2,-0.5
67,2,-2,1.75,2,-1
50,2,-2,1.75,2,-1.5
55,2,-2,1.75,2,-2
71,2,-2,1.75,3,-0.5
86,2,-2,1.75,3,-1
66,2,-2,1.75,3,-1.5
42,2,-2,1.75,3,-2
83,2,-2,1.75,4,-0.5
81,2,-2,1.75,4,-1
78,2,-2,1.75,4,-1.5
36,2,-2,1.75,4,-2
86,2,-2,1.75,5,-0.5
71,2,-2,1.75,5,-1
47,2,-2,1.75,5,-1.5
44,2,-2,1.75,5,-2
283,2,-3,0.25,1,-0.5
43,2,-3,0.25,1,-1
162,2,-3,0.25,1,-1.5
106,2,-3,0.25,1,-2
330,2,-3,0.25,2,-0.5
497,2,-3,0.25,2,-1
64,2,-3,0.25,2,-1.5
50,2,-3,0.25,2,-2
562,2,-3,0.25,3,-0.5
497,2,-3,0.25,3,-1
82,2,-3,0.25,3,-1.5
117,2,-3,0.25,3,-2
106,2,-3,0.25,4,-0.5
99,2,-3,0.25,4,-1
119,2,-3,0.25,4,-1.5
77,2,-3,0.25,4,-2
179,2,-3,0.25,5,-0.5
282,2,-3,0.25,5,-1
33,2,-3,0.25,5,-1.5
83,2,-3,0.25,5,-2
74,2,-3,0.75,1,-0.5
65,2,-3,0.75,1,-1
39,2,-3,0.75,1,-1.5
41,2,-3,0.75,1,-2
27,2,-3,0.75,2,-0.5
15,2,-3,0.75,2,-1
47,2,-3,0.75,2,-1.5
19,2,-3,0.75,2,-2
47,2,-3,0.75,3,-0.5
27,2,-3,0.75,3,-1
54,2,-3,0.75,3,-1.5
18,2,-3,0.75,3,-2
29,2,-3,0.75,4,-0.5
35,2,-3,0.75,4,-1
15,2,-3,0.75,4,-1.5
12,2,-3,0.75,4,-2
21,2,-3,0.75,5,-0.5
49,2,-3,0.75,5,-1
32,2,-3,0.75,5,-1.5
159,2,-3,0.75,5,-2
43,2,-3,1.25,1,-0.5
46,2,-3,1.25,1,-1
20,2,-3,1.25,1,-1.5
49,2,-3,1.25,1,-2
74,2,-3,1.25,2,-0.5
48,2,-3,1.25,2,-1
32,2,-3,1.25,2,-1.5
58,2,-3,1.25,2,-2
40,2,-3,1.25,3,-0.5
33,2,-3,1.25,3,-1
30,2,-3,1.25,3,-1.5
28,2,-3,1.25,3,-2
43,2,-3,1.25,4,-0.5
32,2,-3,1.25,4,-1
51,2,-3,1.25,4,-1.5
41,2,-3,1.25,4,-2
53,2,-3,1.25,5,-0.5
34,2,-3,1.25,5,-1
36,2,-3,1.25,5,-1.5
37,2,-3,1.25,5,-2
62,2,-3,1.75,1,-0.5
36,2,-3,1.75,1,-1
55,2,-3,1.75,1,-1.5
58,2,-3,1.75,1,-2
63,2,-3,1.75,2,-0.5
66,2,-3,1.75,2,-1
46,2,-3,1.75,2,-1.5
28,2,-3,1.75,2,-2
52,2,-3,1.75,3,-0.5
60,2,-3,1.75,3,-1
43,2,-3,1.75,3,-1.5
27,2,-3,1.75,3,-2
54,2,-3,1.75,4,-0.5
62,2,-3,1.75,4,-1
42,2,-3,1.75,4,-1.5
47,2,-3,1.75,4,-2
68,2,-3,1.75,5,-0.5
62,2,-3,1.75,5,-1
37,2,-3,1.75,5,-1.5
37,2,-3,1.75,5,-2
448,2,-4,0.25,1,-0.5
437,2,-4,0.25,1,-1
46,2,-4,0.25,1,-1.5
127,2,-4,0.25,1,-2
330,2,-4,0.25,2,-0.5
487,2,-4,0.25,2,-1
171,2,-4,0.25,2,-1.5
247,2,-4,0.25,2,-2
391,2,-4,0.25,3,-0.5
487,2,-4,0.25,3,-1
35,2,-4,0.25,3,-1.5
137,2,-4,0.25,3,-2
256,2,-4,0.25,4,-0.5
485,2,-4,0.25,4,-1
133,2,-4,0.25,4,-1.5
204,2,-4,0.25,4,-2
146,2,-4,0.25,5,-0.5
153,2,-4,0.25,5,-1
39,2,-4,0.25,5,-1.5
49,2,-4,0.25,5,-2
48,2,-4,0.75,1,-0.5
118,2,-4,0.75,1,-1
95,2,-4,0.75,1,-1.5
92,2,-4,0.75,1,-2
62,2,-4,0.75,2,-0.5
168,2,-4,0.75,2,-1
61,2,-4,0.75,2,-1.5
22,2,-4,0.75,2,-2
65,2,-4,0.75,3,-0.5
52,2,-4,0.75,3,-1
53,2,-4,0.75,3,-1.5
79,2,-4,0.75,3,-2
126,2,-4,0.75,4,-0.5
172,2,-4,0.75,4,-1
20,2,-4,0.75,4,-1.5
40,2,-4,0.75,4,-2
429,2,-4,0.75,5,-0.5
52,2,-4,0.75,5,-1
30,2,-4,0.75,5,-1.5
49,2,-4,0.75,5,-2
398,2,-4,1.25,1,-0.5
69,2,-4,1.25,1,-1
68,2,-4,1.25,1,-1.5
78,2,-4,1.25,1,-2
75,2,-4,1.25,2,-0.5
60,2,-4,1.25,2,-1
18,2,-4,1.25,2,-1.5
156,2,-4,1.25,2,-2
28,2,-4,1.25,3,-0.5
47,2,-4,1.25,3,-1
27,2,-4,1.25,3,-1.5
165,2,-4,1.25,3,-2
23,2,-4,1.25,4,-0.5
16,2,-4,1.25,4,-1
46,2,-4,1.25,4,-1.5
154,2,-4,1.25,4,-2
60,2,-4,1.25,5,-0.5
32,2,-4,1.25,5,-1
24,2,-4,1.25,5,-1.5
32,2,-4,1.25,5,-2
60,2,-4,1.75,1,-0.5
66,2,-4,1.75,1,-1
54,2,-4,1.75,1,-1.5
33,2,-4,1.75,1,-2
54,2,-4,1.75,2,-0.5
56,2,-4,1.75,2,-1
31,2,-4,1.75,2,-1.5
44,2,-4,1.75,2,-2
56,2,-4,1.75,3,-0.5
25,2,-4,1.75,3,-1
36,2,-4,1.75,3,-1.5
52,2,-4,1.75,3,-2
29,2,-4,1.75,4,-0.5
52,2,-4,1.75,4,-1
34,2,-4,1.75,4,-1.5
13,2,-4,1.75,4,-2
41,2,-4,1.75,5,-0.5
40,2,-4,1.75,5,-1
20,2,-4,1.75,5,-1.5
33,2,-4,1.75,5,-2
647,2,-5,0.25,1,-0.5
286,2,-5,0.25,1,-1
213,2,-5,0.25,1,-1.5
180,2,-5,0.25,1,-2
517,2,-5,0.25,2,-0.5
389,2,-5,0.25,2,-1
372,2,-5,0.25,2,-1.5
96,2,-5,0.25,2,-2
411,2,-5,0.25,3,-0.5
386,2,-5,0.25,3,-1
372,2,-5,0.25,3,-1.5
78,2,-5,0.25,3,-2
456,2,-5,0.25,4,-0.5
352,2,-5,0.25,4,-1
280,2,-5,0.25,4,-1.5
126,2,-5,0.25,4,-2
457,2,-5,0.25,5,-0.5
238,2,-5,0.25,5,-1
448,2,-5,0.25,5,-1.5
68,2,-5,0.25,5,-2
127,2,-5,0.75,1,-0.5
159,2,-5,0.75,1,-1
47,2,-5,0.75,1,-1.5
42,2,-5,0.75,1,-2
56,2,-5,0.75,2,-0.5
362,2,-5,0.75,2,-1
43,2,-5,0.75,2,-1.5
67,2,-5,0.75,2,-2
51,2,-5,0.75,3,-0.5
52,2,-5,0.75,3,-1
83,2,-5,0.75,3,-1.5
198,2,-5,0.75,3,-2
178,2,-5,0.75,4,-0.5
32,2,-5,0.75,4,-1
43,2,-5,0.75,4,-1.5
344,2,-5,0.75,4,-2
26,2,-5,0.75,5,-0.5
69,2,-5,0.75,5,-1
24,2,-5,0.75,5,-1.5
188,2,-5,0.75,5,-2
222,2,-5,1.25,1,-0.5
34,2,-5,1.25,1,-1
65,2,-5,1.25,1,-1.5
85,2,-5,1.25,1,-2
34,2,-5,1.25,2,-0.5
32,2,-5,1.25,2,-1
35,2,-5,1.25,2,-1.5
60,2,-5,1.25,2,-2
57,2,-5,1.25,3,-0.5
41,2,-5,1.25,3,-1
37,2,-5,1.25,3,-1.5
40,2,-5,1.25,3,-2
34,2,-5,1.25,4,-0.5
37,2,-5,1.25,4,-1
23,2,-5,1.25,4,-1.5
43,2,-5,1.25,4,-2
27,2,-5,1.25,5,-0.5
32,2,-5,1.25,5,-1
18,2,-5,1.25,5,-1.5
143,2,-5,1.25,5,-2
65,2,-5,1.75,1,-0.5
139,2,-5,1.75,1,-1
26,2,-5,1.75,1,-1.5
49,2,-5,1.75,1,-2
47,2,-5,1.75,2,-0.5
21,2,-5,1.75,2,-1
78,2,-5,1.75,2,-1.5
28,2,-5,1.75,2,-2
47,2,-5,1.75,3,-0.5
33,2,-5,1.75,3,-1
39,2,-5,1.75,3,-1.5
19,2,-5,1.75,3,-2
52,2,-5,1.75,4,-0.5
29,2,-5,1.75,4,-1
21,2,-5,1.75,4,-1.5
34,2,-5,1.75,4,-2
33,2,-5,1.75,5,-0.5
37,2,-5,1.75,5,-1
34,2,-5,1.75,5,-1.5
31,2,-5,1.75,5,-2
176,3,-1,0.25,1,-0.5
202,3,-1,0.25,1,-1
79,3,-1,0.25,1,-1.5
47,3,-1,0.25,1,-2
186,3,-1,0.25,2,-0.5
144,3,-1,0.25,2,-1
83,3,-1,0.25,2,-1.5
79,3,-1,0.25,2,-2
137,3,-1,0.25,3,-0.5
68,3,-1,0.25,3,-1
74,3,-1,0.25,3,-1.5
40,3,-1,0.25,3,-2
191,3,-1,0.25,4,-0.5
131,3,-1,0.25,4,-1
117,3,-1,0.25,4,-1.5
67,3,-1,0.25,4,-2
167,3,-1,0.25,5,-0.5
110,3,-1,0.25,5,-1
65,3,-1,0.25,5,-1.5
58,3,-1,0.25,5,-2
80,3,-1,0.75,1,-0.5
39,3,-1,0.75,1,-1
73,3,-1,0.75,1,-1.5
34,3,-1,0.75,1,-2
69,3,-1,0.75,2,-0.5
30,3,-1,0.75,2,-1
63,3,-1,0.75,2,-1.5
42,3,-1,0.75,2,-2
58,3,-1,0.75,3,-0.5
38,3,-1,0.75,3,-1
34,3,-1,0.75,3,-1.5
21,3,-1,0.75,3,-2
50,3,-1,0.75,4,-0.5
61,3,-1,0.75,4,-1
25,3,-1,0.75,4,-1.5
52,3,-1,0.75,4,-2
97,3,-1,0.75,5,-0.5
50,3,-1,0.75,5,-1
65,3,-1,0.75,5,-1.5
62,3,-1,0.75,5,-2
106,3,-1,1.25,1,-0.5
63,3,-1,1.25,1,-1
62,3,-1,1.25,1,-1.5
65,3,-1,1.25,1,-2
86,3,-1,1.25,2,-0.5
53,3,-1,1.25,2,-1
59,3,-1,1.25,2,-1.5
47,3,-1,1.25,2,-2
76,3,-1,1.25,3,-0.5
76,3,-1,1.25,3,-1
33,3,-1,1.25,3,-1.5
39,3,-1,1.25,3,-2
77,3,-1,1.25,4,-0.5
61,3,-1,1.25,4,-1
63,3,-1,1.25,4,-1.5
83,3,-1,1.25,4,-2
78,3,-1,1.25,5,-0.5
24,3,-1,1.25,5,-1
63,3,-1,1.25,5,-1.5
58,3,-1,1.25,5,-2
120,3,-1,1.75,1,-0.5
117,3,-1,1.75,1,-1
89,3,-1,1.75,1,-1.5
80,3,-1,1.75,1,-2
111,3,-1,1.75,2,-0.5
114,3,-1,1.75,2,-1
93,3,-1,1.75,2,-1.5
73,3,-1,1.75,2,-2
107,3,-1,1.75,3,-0.5
66,3,-1,1.75,3,-1
94,3,-1,1.75,3,-1.5
81,3,-1,1.75,3,-2
96,3,-1,1.75,4,-0.5
80,3,-1,1.75,4,-1
111,3,-1,1.75,4,-1.5
86,3,-1,1.75,4,-2
120,3,-1,1.75,5,-0.5
110,3,-1,1.75,5,-1
88,3,-1,1.75,5,-1.5
96,3,-1,1.75,5,-2
439,3,-2,0.25,1,-0.5
279,3,-2,0.25,1,-1
242,3,-2,0.25,1,-1.5
151,3,-2,0.25,1,-2
168,3,-2,0.25,2,-0.5
369,3,-2,0.25,2,-1
89,3,-2,0.25,2,-1.5
122,3,-2,0.25,2,-2
447,3,-2,0.25,3,-0.5
149,3,-2,0.25,3,-1
502,3,-2,0.25,3,-1.5
64,3,-2,0.25,3,-2
338,3,-2,0.25,4,-0.5
137,3,-2,0.25,4,-1
501,3,-2,0.25,4,-1.5
70,3,-2,0.25,4,-2
103,3,-2,0.25,5,-0.5
55,3,-2,0.25,5,-1
212,3,-2,0.25,5,-1.5
52,3,-2,0.25,5,-2
51,3,-2,0.75,1,-0.5
37,3,-2,0.75,1,-1
40,3,-2,0.75,1,-1.5
65,3,-2,0.75,1,-2
83,3,-2,0.75,2,-0.5
44,3,-2,0.75,2,-1
66,3,-2,0.75,2,-1.5
29,3,-2,0.75,2,-2
48,3,-2,0.75,3,-0.5
48,3,-2,0.75,3,-1
21,3,-2,0.75,3,-1.5
74,3,-2,0.75,3,-2
101,3,-2,0.75,4,-0.5
109,3,-2,0.75,4,-1
124,3,-2,0.75,4,-1.5
61,3,-2,0.75,4,-2
79,3,-2,0.75,5,-0.5
32,3,-2,0.75,5,-1
52,3,-2,0.75,5,-1.5
51,3,-2,0.75,5,-2
75,3,-2,1.25,1,-0.5
33,3,-2,1.25,1,-1
42,3,-2,1.25,1,-1.5
23,3,-2,1.25,1,-2
56,3,-2,1.25,2,-0.5
29,3,-2,1.25,2,-1
49,3,-2,1.25,2,-1.5
33,3,-2,1.25,2,-2
31,3,-2,1.25,3,-0.5
47,3,-2,1.25,3,-1
50,3,-2,1.25,3,-1.5
38,3,-2,1.25,3,-2
34,3,-2,1.25,4,-0.5
48,3,-2,1.25,4,-1
39,3,-2,1.25,4,-1.5
23,3,-2,1.25,4,-2
44,3,-2,1.25,5,-0.5
41,3,-2,1.25,5,-1
18,3,-2,1.25,5,-1.5
37,3,-2,1.25,5,-2
80,3,-2,1.75,1,-0.5
66,3,-2,1.75,1,-1
59,3,-2,1.75,1,-1.5
62,3,-2,1.75,1,-2
96,3,-2,1.75,2,-0.5
48,3,-2,1.75,2,-1
45,3,-2,1.75,2,-1.5
51,3,-2,1.75,2,-2
50,3,-2,1.75,3,-0.5
54,3,-2,1.75,3,-1
55,3,-2,1.75,3,-1.5
43,3,-2,1.75,3,-2
55,3,-2,1.75,4,-0.5
51,3,-2,1.75,4,-1
30,3,-2,1.75,4,-1.5
61,3,-2,1.75,4,-2
77,3,-2,1.75,5,-0.5
52,3,-2,1.75,5,-1
26,3,-2,1.75,5,-1.5
69,3,-2,1.75,5,-2
531,3,-3,0.25,1,-0.5
319,3,-3,0.25,1,-1
293,3,-3,0.25,1,-1.5
95,3,-3,0.25,1,-2
531,3,-3,0.25,2,-0.5
122,3,-3,0.25,2,-1
63,3,-3,0.25,2,-1.5
204,3,-3,0.25,2,-2
212,3,-3,0.25,3,-0.5
150,3,-3,0.25,3,-1
285,3,-3,0.25,3,-1.5
58,3,-3,0.25,3,-2
70,3,-3,0.25,4,-0.5
250,3,-3,0.25,4,-1
472,3,-3,0.25,4,-1.5
511,3,-3,0.25,4,-2
460,3,-3,0.25,5,-0.5
77,3,-3,0.25,5,-1
309,3,-3,0.25,5,-1.5
511,3,-3,0.25,5,-2
42,3,-3,0.75,1,-0.5
69,3,-3,0.75,1,-1
63,3,-3,0.75,1,-1.5
86,3,-3,0.75,1,-2
88,3,-3,0.75,2,-0.5
168,3,-3,0.75,2,-1
42,3,-3,0.75,2,-1.5
136,3,-3,0.75,2,-2
72,3,-3,0.75,3,-0.5
39,3,-3,0.75,3,-1
128,3,-3,0.75,3,-1.5
146,3,-3,0.75,3,-2
51,3,-3,0.75,4,-0.5
121,3,-3,0.75,4,-1
43,3,-3,0.75,4,-1.5
31,3,-3,0.75,4,-2
64,3,-3,0.75,5,-0.5
23,3,-3,0.75,5,-1
67,3,-3,0.75,5,-1.5
74,3,-3,0.75,5,-2
44,3,-3,1.25,1,-0.5
50,3,-3,1.25,1,-1
24,3,-3,1.25,1,-1.5
43,3,-3,1.25,1,-2
47,3,-3,1.25,2,-0.5
39,3,-3,1.25,2,-1
52,3,-3,1.25,2,-1.5
50,3,-3,1.25,2,-2
38,3,-3,1.25,3,-0.5
299,3,-3,1.25,3,-1
46,3,-3,1.25,3,-1.5
30,3,-3,1.25,3,-2
24,3,-3,1.25,4,-0.5
66,3,-3,1.25,4,-1
36,3,-3,1.25,4,-1.5
19,3,-3,1.25,4,-2
119,3,-3,1.25,5,-0.5
48,3,-3,1.25,5,-1
31,3,-3,1.25,5,-1.5
34,3,-3,1.25,5,-2
83,3,-3,1.75,1,-0.5
59,3,-3,1.75,1,-1
30,3,-3,1.75,1,-1.5
44,3,-3,1.75,1,-2
55,3,-3,1.75,2,-0.5
51,3,-3,1.75,2,-1
53,3,-3,1.75,2,-1.5
50,3,-3,1.75,2,-2
30,3,-3,1.75,3,-0.5
50,3,-3,1.75,3,-1
19,3,-3,1.75,3,-1.5
20,3,-3,1.75,3,-2
64,3,-3,1.75,4,-0.5
18,3,-3,1.75,4,-1
36,3,-3,1.75,4,-1.5
40,3,-3,1.75,4,-2
64,3,-3,1.75,5,-0.5
36,3,-3,1.75,5,-1
28,3,-3,1.75,5,-1.5
45,3,-3,1.75,5,-2
537,3,-4,0.25,1,-0.5
288,3,-4,0.25,1,-1
402,3,-4,0.25,1,-1.5
112,3,-4,0.25,1,-2
344,3,-4,0.25,2,-0.5
332,3,-4,0.25,2,-1
401,3,-4,0.25,2,-1.5
286,3,-4,0.25,2,-2
344,3,-4,0.25,3,-0.5
59,3,-4,0.25,3,-1
443,3,-4,0.25,3,-1.5
91,3,-4,0.25,3,-2
59,3,-4,0.25,4,-0.5
337,3,-4,0.25,4,-1
67,3,-4,0.25,4,-1.5
66,3,-4,0.25,4,-2
169,3,-4,0.25,5,-0.5
132,3,-4,0.25,5,-1
124,3,-4,0.25,5,-1.5
506,3,-4,0.25,5,-2
276,3,-4,0.75,1,-0.5
293,3,-4,0.75,1,-1
89,3,-4,0.75,1,-1.5
61,3,-4,0.75,1,-2
85,3,-4,0.75,2,-0.5
353,3,-4,0.75,2,-1
30,3,-4,0.75,2,-1.5
35,3,-4,0.75,2,-2
57,3,-4,0.75,3,-0.5
46,3,-4,0.75,3,-1
31,3,-4,0.75,3,-1.5
27,3,-4,0.75,3,-2
65,3,-4,0.75,4,-0.5
176,3,-4,0.75,4,-1
83,3,-4,0.75,4,-1.5
151,3,-4,0.75,4,-2
335,3,-4,0.75,5,-0.5
33,3,-4,0.75,5,-1
69,3,-4,0.75,5,-1.5
36,3,-4,0.75,5,-2
118,3,-4,1.25,1,-0.5
315,3,-4,1.25,1,-1
42,3,-4,1.25,1,-1.5
56,3,-4,1.25,1,-2
38,3,-4,1.25,2,-0.5
212,3,-4,1.25,2,-1
50,3,-4,1.25,2,-1.5
127,3,-4,1.25,2,-2
22,3,-4,1.25,3,-0.5
27,3,-4,1.25,3,-1
25,3,-4,1.25,3,-1.5
120,3,-4,1.25,3,-2
36,3,-4,1.25,4,-0.5
48,3,-4,1.25,4,-1
35,3,-4,1.25,4,-1.5
17,3,-4,1.25,4,-2
35,3,-4,1.25,5,-0.5
15,3,-4,1.25,5,-1
45,3,-4,1.25,5,-1.5
60,3,-4,1.25,5,-2
74,3,-4,1.75,1,-0.5
48,3,-4,1.75,1,-1
64,3,-4,1.75,1,-1.5
26,3,-4,1.75,1,-2
34,3,-4,1.75,2,-0.5
50,3,-4,1.75,2,-1
27,3,-4,1.75,2,-1.5
31,3,-4,1.75,2,-2
44,3,-4,1.75,3,-0.5
39,3,-4,1.75,3,-1
23,3,-4,1.75,3,-1.5
33,3,-4,1.75,3,-2
59,3,-4,1.75,4,-0.5
60,3,-4,1.75,4,-1
63,3,-4,1.75,4,-1.5
25,3,-4,1.75,4,-2
54,3,-4,1.75,5,-0.5
60,3,-4,1.75,5,-1
32,3,-4,1.75,5,-1.5
55,3,-4,1.75,5,-2
650,3,-5,0.25,1,-0.5
405,3,-5,0.25,1,-1
340,3,-5,0.25,1,-1.5
114,3,-5,0.25,1,-2
513,3,-5,0.25,2,-0.5
309,3,-5,0.25,2,-1
412,3,-5,0.25,2,-1.5
320,3,-5,0.25,2,-2
503,3,-5,0.25,3,-0.5
372,3,-5,0.25,3,-1
431,3,-5,0.25,3,-1.5
182,3,-5,0.25,3,-2
264,3,-5,0.25,4,-0.5
372,3,-5,0.25,4,-1
252,3,-5,0.25,4,-1.5
59,3,-5,0.25,4,-2
317,3,-5,0.25,5,-0.5
370,3,-5,0.25,5,-1
65,3,-5,0.25,5,-1.5
89,3,-5,0.25,5,-2
348,3,-5,0.75,1,-0.5
215,3,-5,0.75,1,-1
182,3,-5,0.75,1,-1.5
66,3,-5,0.75,1,-2
584,3,-5,0.75,2,-0.5
43,3,-5,0.75,2,-1
156,3,-5,0.75,2,-1.5
65,3,-5,0.75,2,-2
392,3,-5,0.75,3,-0.5
77,3,-5,0.75,3,-1
386,3,-5,0.75,3,-1.5
66,3,-5,0.75,3,-2
30,3,-5,0.75,4,-0.5
173,3,-5,0.75,4,-1
338,3,-5,0.75,4,-1.5
178,3,-5,0.75,4,-2
396,3,-5,0.75,5,-0.5
66,3,-5,0.75,5,-1
55,3,-5,0.75,5,-1.5
41,3,-5,0.75,5,-2
624,3,-5,1.25,1,-0.5
91,3,-5,1.25,1,-1
33,3,-5,1.25,1,-1.5
46,3,-5,1.25,1,-2
51,3,-5,1.25,2,-0.5
24,3,-5,1.25,2,-1
27,3,-5,1.25,2,-1.5
58,3,-5,1.25,2,-2
99,3,-5,1.25,3,-0.5
60,3,-5,1.25,3,-1
27,3,-5,1.25,3,-1.5
100,3,-5,1.25,3,-2
50,3,-5,1.25,4,-0.5
42,3,-5,1.25,4,-1
48,3,-5,1.25,4,-1.5
31,3,-5,1.25,4,-2
135,3,-5,1.25,5,-0.5
61,3,-5,1.25,5,-1
21,3,-5,1.25,5,-1.5
35,3,-5,1.25,5,-2
70,3,-5,1.75,1,-0.5
37,3,-5,1.75,1,-1
40,3,-5,1.75,1,-1.5
23,3,-5,1.75,1,-2
36,3,-5,1.75,2,-0.5
45,3,-5,1.75,2,-1
37,3,-5,1.75,2,-1.5
190,3,-5,1.75,2,-2
35,3,-5,1.75,3,-0.5
75,3,-5,1.75,3,-1
83,3,-5,1.75,3,-1.5
45,3,-5,1.75,3,-2
67,3,-5,1.75,4,-0.5
68,3,-5,1.75,4,-1
33,3,-5,1.75,4,-1.5
26,3,-5,1.75,4,-2
37,3,-5,1.75,5,-0.5
29,3,-5,1.75,5,-1
47,3,-5,1.75,5,-1.5
41,3,-5,1.75,5,-2
162,4,-1,0.25,1,-0.5
318,4,-1,0.25,1,-1
124,4,-1,0.25,1,-1.5
85,4,-1,0.25,1,-2
505,4,-1,0.25,2,-0.5
173,4,-1,0.25,2,-1
68,4,-1,0.25,2,-1.5
79,4,-1,0.25,2,-2
198,4,-1,0.25,3,-0.5
137,4,-1,0.25,3,-1
78,4,-1,0.25,3,-1.5
85,4,-1,0.25,3,-2
139,4,-1,0.25,4,-0.5
125,4,-1,0.25,4,-1
71,4,-1,0.25,4,-1.5
72,4,-1,0.25,4,-2
241,4,-1,0.25,5,-0.5
113,4,-1,0.25,5,-1
93,4,-1,0.25,5,-1.5
96,4,-1,0.25,5,-2
130,4,-1,0.75,1,-0.5
95,4,-1,0.75,1,-1
109,4,-1,0.75,1,-1.5
62,4,-1,0.75,1,-2
86,4,-1,0.75,2,-0.5
111,4,-1,0.75,2,-1
66,4,-1,0.75,2,-1.5
53,4,-1,0.75,2,-2
108,4,-1,0.75,3,-0.5
97,4,-1,0.75,3,-1
68,4,-1,0.75,3,-1.5
61,4,-1,0.75,3,-2
103,4,-1,0.75,4,-0.5
78,4,-1,0.75,4,-1
138,4,-1,0.75,4,-1.5
46,4,-1,0.75,4,-2
120,4,-1,0.75,5,-0.5
85,4,-1,0.75,5,-1
34,4,-1,0.75,5,-1.5
34,4,-1,0.75,5,-2
90,4,-1,1.25,1,-0.5
94,4,-1,1.25,1,-1
84,4,-1,1.25,1,-1.5
66,4,-1,1.25,1,-2
103,4,-1,1.25,2,-0.5
82,4,-1,1.25,2,-1
71,4,-1,1.25,2,-1.5
64,4,-1,1.25,2,-2
54,4,-1,1.25,3,-0.5
76,4,-1,1.25,3,-1
66,4,-1,1.25,3,-1.5
54,4,-1,1.25,3,-2
71,4,-1,1.25,4,-0.5
67,4,-1,1.25,4,-1
27,4,-1,1.25,4,-1.5
51,4,-1,1.25,4,-2
97,4,-1,1.25,5,-0.5
67,4,-1,1.25,5,-1
48,4,-1,1.25,5,-1.5
63,4,-1,1.25,5,-2
105,4,-1,1.75,1,-0.5
112,4,-1,1.75,1,-1
78,4,-1,1.75,1,-1.5
94,4,-1,1.75,1,-2
111,4,-1,1.75,2,-0.5
63,4,-1,1.75,2,-1
108,4,-1,1.75,2,-1.5
62,4,-1,1.75,2,-2
114,4,-1,1.75,3,-0.5
75,4,-1,1.75,3,-1
88,4,-1,1.75,3,-1.5
91,4,-1,1.75,3,-2
84,4,-1,1.75,4,-0.5
81,4,-1,1.75,4,-1
87,4,-1,1.75,4,-1.5
90,4,-1,1.75,4,-2
97,4,-1,1.75,5,-0.5
79,4,-1,1.75,5,-1
64,4,-1,1.75,5,-1.5
71,4,-1,1.75,5,-2
357,4,-2,0.25,1,-0.5
332,4,-2,0.25,1,-1
113,4,-2,0.25,1,-1.5
96,4,-2,0.25,1,-2
355,4,-2,0.25,2,-0.5
255,4,-2,0.25,2,-1
112,4,-2,0.25,2,-1.5
79,4,-2,0.25,2,-2
259,4,-2,0.25,3,-0.5
429,4,-2,0.25,3,-1
105,4,-2,0.25,3,-1.5
311,4,-2,0.25,3,-2
253,4,-2,0.25,4,-0.5
160,4,-2,0.25,4,-1
100,4,-2,0.25,4,-1.5
63,4,-2,0.25,4,-2
176,4,-2,0.25,5,-0.5
92,4,-2,0.25,5,-1
95,4,-2,0.25,5,-1.5
65,4,-2,0.25,5,-2
82,4,-2,0.75,1,-0.5
46,4,-2,0.75,1,-1
65,4,-2,0.75,1,-1.5
64,4,-2,0.75,1,-2
85,4,-2,0.75,2,-0.5
112,4,-2,0.75,2,-1
58,4,-2,0.75,2,-1.5
56,4,-2,0.75,2,-2
97,4,-2,0.75,3,-0.5
56,4,-2,0.75,3,-1
66,4,-2,0.75,3,-1.5
53,4,-2,0.75,3,-2
318,4,-2,0.75,4,-0.5
93,4,-2,0.75,4,-1
90,4,-2,0.75,4,-1.5
82,4,-2,0.75,4,-2
70,4,-2,0.75,5,-0.5
69,4,-2,0.75,5,-1
67,4,-2,0.75,5,-1.5
53,4,-2,0.75,5,-2
70,4,-2,1.25,1,-0.5
69,4,-2,1.25,1,-1
36,4,-2,1.25,1,-1.5
59,4,-2,1.25,1,-2
98,4,-2,1.25,2,-0.5
62,4,-2,1.25,2,-1
41,4,-2,1.25,2,-1.5
28,4,-2,1.25,2,-2
73,4,-2,1.25,3,-0.5
19,4,-2,1.25,3,-1
73,4,-2,1.25,3,-1.5
23,4,-2,1.25,3,-2
91,4,-2,1.25,4,-0.5
53,4,-2,1.25,4,-1
51,4,-2,1.25,4,-1.5
54,4,-2,1.25,4,-2
45,4,-2,1.25,5,-0.5
27,4,-2,1.25,5,-1
52,4,-2,1.25,5,-1.5
44,4,-2,1.25,5,-2
85,4,-2,1.75,1,-0.5
88,4,-2,1.75,1,-1
33,4,-2,1.75,1,-1.5
48,4,-2,1.75,1,-2
81,4,-2,1.75,2,-0.5
48,4,-2,1.75,2,-1
35,4,-2,1.75,2,-1.5
66,4,-2,1.75,2,-2
50,4,-2,1.75,3,-0.5
63,4,-2,1.75,3,-1
58,4,-2,1.75,3,-1.5
30,4,-2,1.75,3,-2
77,4,-2,1.75,4,-0.5
36,4,-2,1.75,4,-1
49,4,-2,1.75,4,-1.5
56,4,-2,1.75,4,-2
81,4,-2,1.75,5,-0.5
56,4,-2,1.75,5,-1
44,4,-2,1.75,5,-1.5
54,4,-2,1.75,5,-2
463,4,-3,0.25,1,-0.5
165,4,-3,0.25,1,-1
193,4,-3,0.25,1,-1.5
89,4,-3,0.25,1,-2
478,4,-3,0.25,2,-0.5
181,4,-3,0.25,2,-1
408,4,-3,0.25,2,-1.5
402,4,-3,0.25,2,-2
278,4,-3,0.25,3,-0.5
205,4,-3,0.25,3,-1
190,4,-3,0.25,3,-1.5
76,4,-3,0.25,3,-2
474,4,-3,0.25,4,-0.5
331,4,-3,0.25,4,-1
424,4,-3,0.25,4,-1.5
93,4,-3,0.25,4,-2
211,4,-3,0.25,5,-0.5
239,4,-3,0.25,5,-1
121,4,-3,0.25,5,-1.5
503,4,-3,0.25,5,-2
128,4,-3,0.75,1,-0.5
103,4,-3,0.75,1,-1
120,4,-3,0.75,1,-1.5
131,4,-3,0.75,1,-2
61,4,-3,0.75,2,-0.5
136,4,-3,0.75,2,-1
78,4,-3,0.75,2,-1.5
53,4,-3,0.75,2,-2
145,4,-3,0.75,3,-0.5
68,4,-3,0.75,3,-1
477,4,-3,0.75,3,-1.5
25,4,-3,0.75,3,-2
60,4,-3,0.75,4,-0.5
228,4,-3,0.75,4,-1
371,4,-3,0.75,4,-1.5
56,4,-3,0.75,4,-2
49,4,-3,0.75,5,-0.5
180,4,-3,0.75,5,-1
113,4,-3,0.75,5,-1.5
46,4,-3,0.75,5,-2
39,4,-3,1.25,1,-0.5
40,4,-3,1.25,1,-1
26,4,-3,1.25,1,-1.5
32,4,-3,1.25,1,-2
79,4,-3,1.25,2,-0.5
48,4,-3,1.25,2,-1
71,4,-3,1.25,2,-1.5
46,4,-3,1.25,2,-2
61,4,-3,1.25,3,-0.5
38,4,-3,1.25,3,-1
34,4,-3,1.25,3,-1.5
37,4,-3,1.25,3,-2
88,4,-3,1.25,4,-0.5
217,4,-3,1.25,4,-1
25,4,-3,1.25,4,-1.5
33,4,-3,1.25,4,-2
98,4,-3,1.25,5,-0.5
40,4,-3,1.25,5,-1
33,4,-3,1.25,5,-1.5
18,4,-3,1.25,5,-2
51,4,-3,1.75,1,-0.5
43,4,-3,1.75,1,-1
50,4,-3,1.75,1,-1.5
44,4,-3,1.75,1,-2
78,4,-3,1.75,2,-0.5
52,4,-3,1.75,2,-1
34,4,-3,1.75,2,-1.5
47,4,-3,1.75,2,-2
47,4,-3,1.75,3,-0.5
34,4,-3,1.75,3,-1
40,4,-3,1.75,3,-1.5
25,4,-3,1.75,3,-2
67,4,-3,1.75,4,-0.5
71,4,-3,1.75,4,-1
30,4,-3,1.75,4,-1.5
53,4,-3,1.75,4,-2
66,4,-3,1.75,5,-0.5
54,4,-3,1.75,5,-1
41,4,-3,1.75,5,-1.5
33,4,-3,1.75,5,-2
328,4,-4,0.25,1,-0.5
426,4,-4,0.25,1,-1
265,4,-4,0.25,1,-1.5
75,4,-4,0.25,1,-2
442,4,-4,0.25,2,-0.5
426,4,-4,0.25,2,-1
314,4,-4,0.25,2,-1.5
244,4,-4,0.25,2,-2
391,4,-4,0.25,3,-0.5
426,4,-4,0.25,3,-1
219,4,-4,0.25,3,-1.5
239,4,-4,0.25,3,-2
230,4,-4,0.25,4,-0.5
150,4,-4,0.25,4,-1
118,4,-4,0.25,4,-1.5
175,4,-4,0.25,4,-2
351,4,-4,0.25,5,-0.5
206,4,-4,0.25,5,-1
257,4,-4,0.25,5,-1.5
259,4,-4,0.25,5,-2
170,4,-4,0.75,1,-0.5
114,4,-4,0.75,1,-1
27,4,-4,0.75,1,-1.5
157,4,-4,0.75,1,-2
77,4,-4,0.75,2,-0.5
56,4,-4,0.75,2,-1
63,4,-4,0.75,2,-1.5
356,4,-4,0.75,2,-2
62,4,-4,0.75,3,-0.5
165,4,-4,0.75,3,-1
82,4,-4,0.75,3,-1.5
125,4,-4,0.75,3,-2
113,4,-4,0.75,4,-0.5
160,4,-4,0.75,4,-1
41,4,-4,0.75,4,-1.5
134,4,-4,0.75,4,-2
157,4,-4,0.75,5,-0.5
68,4,-4,0.75,5,-1
147,4,-4,0.75,5,-1.5
61,4,-4,0.75,5,-2
65,4,-4,1.25,1,-0.5
79,4,-4,1.25,1,-1
84,4,-4,1.25,1,-1.5
39,4,-4,1.25,1,-2
337,4,-4,1.25,2,-0.5
29,4,-4,1.25,2,-1
18,4,-4,1.25,2,-1.5
43,4,-4,1.25,2,-2
76,4,-4,1.25,3,-0.5
35,4,-4,1.25,3,-1
64,4,-4,1.25,3,-1.5
18,4,-4,1.25,3,-2
65,4,-4,1.25,4,-0.5
72,4,-4,1.25,4,-1
49,4,-4,1.25,4,-1.5
40,4,-4,1.25,4,-2
72,4,-4,1.25,5,-0.5
131,4,-4,1.25,5,-1
33,4,-4,1.25,5,-1.5
41,4,-4,1.25,5,-2
59,4,-4,1.75,1,-0.5
58,4,-4,1.75,1,-1
116,4,-4,1.75,1,-1.5
72,4,-4,1.75,1,-2
41,4,-4,1.75,2,-0.5
34,4,-4,1.75,2,-1
34,4,-4,1.75,2,-1.5
24,4,-4,1.75,2,-2
36,4,-4,1.75,3,-0.5
56,4,-4,1.75,3,-1
48,4,-4,1.75,3,-1.5
51,4,-4,1.75,3,-2
45,4,-4,1.75,4,-0.5
56,4,-4,1.75,4,-1
51,4,-4,1.75,4,-1.5
46,4,-4,1.75,4,-2
30,4,-4,1.75,5,-0.5
48,4,-4,1.75,5,-1
20,4,-4,1.75,5,-1.5
26,4,-4,1.75,5,-2
525,4,-5,0.25,1,-0.5
430,4,-5,0.25,1,-1
309,4,-5,0.25,1,-1.5
398,4,-5,0.25,1,-2
410,4,-5,0.25,2,-0.5
430,4,-5,0.25,2,-1
316,4,-5,0.25,2,-1.5
90,4,-5,0.25,2,-2
410,4,-5,0.25,3,-0.5
430,4,-5,0.25,3,-1
296,4,-5,0.25,3,-1.5
172,4,-5,0.25,3,-2
393,4,-5,0.25,4,-0.5
134,4,-5,0.25,4,-1
348,4,-5,0.25,4,-1.5
437,4,-5,0.25,4,-2
202,4,-5,0.25,5,-0.5
169,4,-5,0.25,5,-1
348,4,-5,0.25,5,-1.5
437,4,-5,0.25,5,-2
623,4,-5,0.75,1,-0.5
447,4,-5,0.75,1,-1
182,4,-5,0.75,1,-1.5
308,4,-5,0.75,1,-2
95,4,-5,0.75,2,-0.5
445,4,-5,0.75,2,-1
167,4,-5,0.75,2,-1.5
350,4,-5,0.75,2,-2
281,4,-5,0.75,3,-0.5
445,4,-5,0.75,3,-1
182,4,-5,0.75,3,-1.5
340,4,-5,0.75,3,-2
63,4,-5,0.75,4,-0.5
38,4,-5,0.75,4,-1
42,4,-5,0.75,4,-1.5
38,4,-5,0.75,4,-2
190,4,-5,0.75,5,-0.5
330,4,-5,0.75,5,-1
72,4,-5,0.75,5,-1.5
100,4,-5,0.75,5,-2
134,4,-5,1.25,1,-0.5
47,4,-5,1.25,1,-1
19,4,-5,1.25,1,-1.5
22,4,-5,1.25,1,-2
29,4,-5,1.25,2,-0.5
265,4,-5,1.25,2,-1
39,4,-5,1.25,2,-1.5
30,4,-5,1.25,2,-2
69,4,-5,1.25,3,-0.5
25,4,-5,1.25,3,-1
60,4,-5,1.25,3,-1.5
37,4,-5,1.25,3,-2
46,4,-5,1.25,4,-0.5
223,4,-5,1.25,4,-1
154,4,-5,1.25,4,-1.5
71,4,-5,1.25,4,-2
187,4,-5,1.25,5,-0.5
89,4,-5,1.25,5,-1
49,4,-5,1.25,5,-1.5
39,4,-5,1.25,5,-2
186,4,-5,1.75,1,-0.5
65,4,-5,1.75,1,-1
80,4,-5,1.75,1,-1.5
36,4,-5,1.75,1,-2
56,4,-5,1.75,2,-0.5
80,4,-5,1.75,2,-1
40,4,-5,1.75,2,-1.5
47,4,-5,1.75,2,-2
43,4,-5,1.75,3,-0.5
40,4,-5,1.75,3,-1
70,4,-5,1.75,3,-1.5
96,4,-5,1.75,3,-2
33,4,-5,1.75,4,-0.5
68,4,-5,1.75,4,-1
19,4,-5,1.75,4,-1.5
39,4,-5,1.75,4,-2
35,4,-5,1.75,5,-0.5
29,4,-5,1.75,5,-1
45,4,-5,1.75,5,-1.5
34,4,-5,1.75,5,-2
178,5,-1,0.25,1,-0.5
158,5,-1,0.25,1,-1
132,5,-1,0.25,1,-1.5
127,5,-1,0.25,1,-2
227,5,-1,0.25,2,-0.5
220,5,-1,0.25,2,-1
139,5,-1,0.25,2,-1.5
117,5,-1,0.25,2,-2
210,5,-1,0.25,3,-0.5
156,5,-1,0.25,3,-1
134,5,-1,0.25,3,-1.5
141,5,-1,0.25,3,-2
202,5,-1,0.25,4,-0.5
143,5,-1,0.25,4,-1
90,5,-1,0.25,4,-1.5
180,5,-1,0.25,4,-2
151,5,-1,0.25,5,-0.5
114,5,-1,0.25,5,-1
92,5,-1,0.25,5,-1.5
98,5,-1,0.25,5,-2
110,5,-1,0.75,1,-0.5
102,5,-1,0.75,1,-1
104,5,-1,0.75,1,-1.5
83,5,-1,0.75,1,-2
108,5,-1,0.75,2,-0.5
106,5,-1,0.75,2,-1
75,5,-1,0.75,2,-1.5
102,5,-1,0.75,2,-2
176,5,-1,0.75,3,-0.5
119,5,-1,0.75,3,-1
63,5,-1,0.75,3,-1.5
70,5,-1,0.75,3,-2
139,5,-1,0.75,4,-0.5
103,5,-1,0.75,4,-1
77,5,-1,0.75,4,-1.5
64,5,-1,0.75,4,-2
97,5,-1,0.75,5,-0.5
123,5,-1,0.75,5,-1
125,5,-1,0.75,5,-1.5
62,5,-1,0.75,5,-2
140,5,-1,1.25,1,-0.5
78,5,-1,1.25,1,-1
80,5,-1,1.25,1,-1.5
77,5,-1,1.25,1,-2
104,5,-1,1.25,2,-0.5
101,5,-1,1.25,2,-1
86,5,-1,1.25,2,-1.5
42,5,-1,1.25,2,-2
97,5,-1,1.25,3,-0.5
54,5,-1,1.25,3,-1
66,5,-1,1.25,3,-1.5
44,5,-1,1.25,3,-2
94,5,-1,1.25,4,-0.5
75,5,-1,1.25,4,-1
75,5,-1,1.25,4,-1.5
67,5,-1,1.25,4,-2
109,5,-1,1.25,5,-0.5
49,5,-1,1.25,5,-1
68,5,-1,1.25,5,-1.5
55,5,-1,1.25,5,-2
144,5,-1,1.75,1,-0.5
113,5,-1,1.75,1,-1
99,5,-1,1.75,1,-1.5
82,5,-1,1.75,1,-2
124,5,-1,1.75,2,-0.5
94,5,-1,1.75,2,-1
85,5,-1,1.75,2,-1.5
60,5,-1,1.75,2,-2
107,5,-1,1.75,3,-0.5
70,5,-1,1.75,3,-1
64,5,-1,1.75,3,-1.5
72,5,-1,1.75,3,-2
91,5,-1,1.75,4,-0.5
63,5,-1,1.75,4,-1
77,5,-1,1.75,4,-1.5
71,5,-1,1.75,4,-2
100,5,-1,1.75,5,-0.5
115,5,-1,1.75,5,-1
89,5,-1,1.75,5,-1.5
70,5,-1,1.75,5,-2
252,5,-2,0.25,1,-0.5
493,5,-2,0.25,1,-1
220,5,-2,0.25,1,-1.5
167,5,-2,0.25,1,-2
138,5,-2,0.25,2,-0.5
493,5,-2,0.25,2,-1
265,5,-2,0.25,2,-1.5
130,5,-2,0.25,2,-2
222,5,-2,0.25,3,-0.5
493,5,-2,0.25,3,-1
95,5,-2,0.25,3,-1.5
194,5,-2,0.25,3,-2
140,5,-2,0.25,4,-0.5
493,5,-2,0.25,4,-1
129,5,-2,0.25,4,-1.5
115,5,-2,0.25,4,-2
184,5,-2,0.25,5,-0.5
152,5,-2,0.25,5,-1
151,5,-2,0.25,5,-1.5
64,5,-2,0.25,5,-2
152,5,-2,0.75,1,-0.5
132,5,-2,0.75,1,-1
65,5,-2,0.75,1,-1.5
121,5,-2,0.75,1,-2
150,5,-2,0.75,2,-0.5
83,5,-2,0.75,2,-1
92,5,-2,0.75,2,-1.5
102,5,-2,0.75,2,-2
177,5,-2,0.75,3,-0.5
116,5,-2,0.75,3,-1
97,5,-2,0.75,3,-1.5
152,5,-2,0.75,3,-2
117,5,-2,0.75,4,-0.5
177,5,-2,0.75,4,-1
40,5,-2,0.75,4,-1.5
76,5,-2,0.75,4,-2
75,5,-2,0.75,5,-0.5
90,5,-2,0.75,5,-1
86,5,-2,0.75,5,-1.5
52,5,-2,0.75,5,-2
90,5,-2,1.25,1,-0.5
114,5,-2,1.25,1,-1
49,5,-2,1.25,1,-1.5
91,5,-2,1.25,1,-2
86,5,-2,1.25,2,-0.5
47,5,-2,1.25,2,-1
35,5,-2,1.25,2,-1.5
60,5,-2,1.25,2,-2
84,5,-2,1.25,3,-0.5
66,5,-2,1.25,3,-1
417,5,-2,1.25,3,-1.5
70,5,-2,1.25,3,-2
80,5,-2,1.25,4,-0.5
76,5,-2,1.25,4,-1
38,5,-2,1.25,4,-1.5
50,5,-2,1.25,4,-2
136,5,-2,1.25,5,-0.5
76,5,-2,1.25,5,-1
45,5,-2,1.25,5,-1.5
40,5,-2,1.25,5,-2
95,5,-2,1.75,1,-0.5
100,5,-2,1.75,1,-1
163,5,-2,1.75,1,-1.5
64,5,-2,1.75,1,-2
118,5,-2,1.75,2,-0.5
47,5,-2,1.75,2,-1
84,5,-2,1.75,2,-1.5
62,5,-2,1.75,2,-2
52,5,-2,1.75,3,-0.5
38,5,-2,1.75,3,-1
61,5,-2,1.75,3,-1.5
48,5,-2,1.75,3,-2
48,5,-2,1.75,4,-0.5
78,5,-2,1.75,4,-1
65,5,-2,1.75,4,-1.5
52,5,-2,1.75,4,-2
59,5,-2,1.75,5,-0.5
40,5,-2,1.75,5,-1
60,5,-2,1.75,5,-1.5
50,5,-2,1.75,5,-2
212,5,-3,0.25,1,-0.5
386,5,-3,0.25,1,-1
175,5,-3,0.25,1,-1.5
298,5,-3,0.25,1,-2
208,5,-3,0.25,2,-0.5
386,5,-3,0.25,2,-1
108,5,-3,0.25,2,-1.5
83,5,-3,0.25,2,-2
395,5,-3,0.25,3,-0.5
386,5,-3,0.25,3,-1
300,5,-3,0.25,3,-1.5
251,5,-3,0.25,3,-2
481,5,-3,0.25,4,-0.5
386,5,-3,0.25,4,-1
396,5,-3,0.25,4,-1.5
184,5,-3,0.25,4,-2
129,5,-3,0.25,5,-0.5
502,5,-3,0.25,5,-1
192,5,-3,0.25,5,-1.5
63,5,-3,0.25,5,-2
268,5,-3,0.75,1,-0.5
192,5,-3,0.75,1,-1
83,5,-3,0.75,1,-1.5
514,5,-3,0.75,1,-2
42,5,-3,0.75,2,-0.5
151,5,-3,0.75,2,-1
58,5,-3,0.75,2,-1.5
86,5,-3,0.75,2,-2
138,5,-3,0.75,3,-0.5
225,5,-3,0.75,3,-1
53,5,-3,0.75,3,-1.5
52,5,-3,0.75,3,-2
109,5,-3,0.75,4,-0.5
264,5,-3,0.75,4,-1
93,5,-3,0.75,4,-1.5
57,5,-3,0.75,4,-2
351,5,-3,0.75,5,-0.5
78,5,-3,0.75,5,-1
82,5,-3,0.75,5,-1.5
84,5,-3,0.75,5,-2
243,5,-3,1.25,1,-0.5
109,5,-3,1.25,1,-1
99,5,-3,1.25,1,-1.5
40,5,-3,1.25,1,-2
37,5,-3,1.25,2,-0.5
204,5,-3,1.25,2,-1
37,5,-3,1.25,2,-1.5
52,5,-3,1.25,2,-2
109,5,-3,1.25,3,-0.5
70,5,-3,1.25,3,-1
54,5,-3,1.25,3,-1.5
50,5,-3,1.25,3,-2
87,5,-3,1.25,4,-0.5
76,5,-3,1.25,4,-1
82,5,-3,1.25,4,-1.5
60,5,-3,1.25,4,-2
112,5,-3,1.25,5,-0.5
74,5,-3,1.25,5,-1
40,5,-3,1.25,5,-1.5
42,5,-3,1.25,5,-2
132,5,-3,1.75,1,-0.5
99,5,-3,1.75,1,-1
43,5,-3,1.75,1,-1.5
58,5,-3,1.75,1,-2
47,5,-3,1.75,2,-0.5
36,5,-3,1.75,2,-1
58,5,-3,1.75,2,-1.5
42,5,-3,1.75,2,-2
71,5,-3,1.75,3,-0.5
45,5,-3,1.75,3,-1
36,5,-3,1.75,3,-1.5
43,5,-3,1.75,3,-2
44,5,-3,1.75,4,-0.5
33,5,-3,1.75,4,-1
90,5,-3,1.75,4,-1.5
23,5,-3,1.75,4,-2
36,5,-3,1.75,5,-0.5
42,5,-3,1.75,5,-1
56,5,-3,1.75,5,-1.5
44,5,-3,1.75,5,-2
439,5,-4,0.25,1,-0.5
237,5,-4,0.25,1,-1
294,5,-4,0.25,1,-1.5
238,5,-4,0.25,1,-2
654,5,-4,0.25,2,-0.5
137,5,-4,0.25,2,-1
438,5,-4,0.25,2,-1.5
299,5,-4,0.25,2,-2
289,5,-4,0.25,3,-0.5
285,5,-4,0.25,3,-1
343,5,-4,0.25,3,-1.5
284,5,-4,0.25,3,-2
267,5,-4,0.25,4,-0.5
206,5,-4,0.25,4,-1
113,5,-4,0.25,4,-1.5
356,5,-4,0.25,4,-2
465,5,-4,0.25,5,-0.5
171,5,-4,0.25,5,-1
196,5,-4,0.25,5,-1.5
346,5,-4,0.25,5,-2
555,5,-4,0.75,1,-0.5
189,5,-4,0.75,1,-1
381,5,-4,0.75,1,-1.5
216,5,-4,0.75,1,-2
450,5,-4,0.75,2,-0.5
100,5,-4,0.75,2,-1
111,5,-4,0.75,2,-1.5
99,5,-4,0.75,2,-2
87,5,-4,0.75,3,-0.5
156,5,-4,0.75,3,-1
142,5,-4,0.75,3,-1.5
112,5,-4,0.75,3,-2
92,5,-4,0.75,4,-0.5
305,5,-4,0.75,4,-1
331,5,-4,0.75,4,-1.5
85,5,-4,0.75,4,-2
77,5,-4,0.75,5,-0.5
206,5,-4,0.75,5,-1
87,5,-4,0.75,5,-1.5
108,5,-4,0.75,5,-2
114,5,-4,1.25,1,-0.5
62,5,-4,1.25,1,-1
50,5,-4,1.25,1,-1.5
41,5,-4,1.25,1,-2
407,5,-4,1.25,2,-0.5
37,5,-4,1.25,2,-1
114,5,-4,1.25,2,-1.5
88,5,-4,1.25,2,-2
117,5,-4,1.25,3,-0.5
46,5,-4,1.25,3,-1
54,5,-4,1.25,3,-1.5
32,5,-4,1.25,3,-2
75,5,-4,1.25,4,-0.5
59,5,-4,1.25,4,-1
57,5,-4,1.25,4,-1.5
66,5,-4,1.25,4,-2
102,5,-4,1.25,5,-0.5
63,5,-4,1.25,5,-1
53,5,-4,1.25,5,-1.5
54,5,-4,1.25,5,-2
64,5,-4,1.75,1,-0.5
56,5,-4,1.75,1,-1
23,5,-4,1.75,1,-1.5
83,5,-4,1.75,1,-2
92,5,-4,1.75,2,-0.5
20,5,-4,1.75,2,-1
52,5,-4,1.75,2,-1.5
27,5,-4,1.75,2,-2
85,5,-4,1.75,3,-0.5
26,5,-4,1.75,3,-1
34,5,-4,1.75,3,-1.5
37,5,-4,1.75,3,-2
73,5,-4,1.75,4,-0.5
37,5,-4,1.75,4,-1
27,5,-4,1.75,4,-1.5
55,5,-4,1.75,4,-2
42,5,-4,1.75,5,-0.5
31,5,-4,1.75,5,-1
36,5,-4,1.75,5,-1.5
34,5,-4,1.75,5,-2
636,5,-5,0.25,1,-0.5
429,5,-5,0.25,1,-1
404,5,-5,0.25,1,-1.5
44,5,-5,0.25,1,-2
636,5,-5,0.25,2,-0.5
429,5,-5,0.25,2,-1
404,5,-5,0.25,2,-1.5
355,5,-5,0.25,2,-2
467,5,-5,0.25,3,-0.5
429,5,-5,0.25,3,-1
404,5,-5,0.25,3,-1.5
234,5,-5,0.25,3,-2
467,5,-5,0.25,4,-0.5
393,5,-5,0.25,4,-1
404,5,-5,0.25,4,-1.5
333,5,-5,0.25,4,-2
276,5,-5,0.25,5,-0.5
284,5,-5,0.25,5,-1
316,5,-5,0.25,5,-1.5
149,5,-5,0.25,5,-2
548,5,-5,0.75,1,-0.5
62,5,-5,0.75,1,-1
240,5,-5,0.75,1,-1.5
237,5,-5,0.75,1,-2
117,5,-5,0.75,2,-0.5
168,5,-5,0.75,2,-1
105,5,-5,0.75,2,-1.5
238,5,-5,0.75,2,-2
474,5,-5,0.75,3,-0.5
103,5,-5,0.75,3,-1
201,5,-5,0.75,3,-1.5
240,5,-5,0.75,3,-2
261,5,-5,0.75,4,-0.5
100,5,-5,0.75,4,-1
98,5,-5,0.75,4,-1.5
227,5,-5,0.75,4,-2
165,5,-5,0.75,5,-0.5
101,5,-5,0.75,5,-1
333,5,-5,0.75,5,-1.5
164,5,-5,0.75,5,-2
434,5,-5,1.25,1,-0.5
89,5,-5,1.25,1,-1
100,5,-5,1.25,1,-1.5
47,5,-5,1.25,1,-2
89,5,-5,1.25,2,-0.5
70,5,-5,1.25,2,-1
120,5,-5,1.25,2,-1.5
57,5,-5,1.25,2,-2
88,5,-5,1.25,3,-0.5
60,5,-5,1.25,3,-1
49,5,-5,1.25,3,-1.5
27,5,-5,1.25,3,-2
78,5,-5,1.25,4,-0.5
50,5,-5,1.25,4,-1
60,5,-5,1.25,4,-1.5
46,5,-5,1.25,4,-2
74,5,-5,1.25,5,-0.5
175,5,-5,1.25,5,-1
31,5,-5,1.25,5,-1.5
26,5,-5,1.25,5,-2
72,5,-5,1.75,1,-0.5
389,5,-5,1.75,1,-1
48,5,-5,1.75,1,-1.5
32,5,-5,1.75,1,-2
48,5,-5,1.75,2,-0.5
60,5,-5,1.75,2,-1
37,5,-5,1.75,2,-1.5
39,5,-5,1.75,2,-2
22,5,-5,1.75,3,-0.5
38,5,-5,1.75,3,-1
69,5,-5,1.75,3,-1.5
20,5,-5,1.75,3,-2
68,5,-5,1.75,4,-0.5
41,5,-5,1.75,4,-1
39,5,-5,1.75,4,-1.5
27,5,-5,1.75,4,-2
48,5,-5,1.75,5,-0.5
59,5,-5,1.75,5,-1
64,5,-5,1.75,5,-1.5
28,5,-5,1.75,5,-2
