38,1,-1,0.25,1,-0.5
46,1,-1,0.25,1,-1
32,1,-1,0.25,1,-1.5
37,1,-1,0.25,1,-2
46,1,-1,0.25,2,-0.5
16,1,-1,0.25,2,-1
41,1,-1,0.25,2,-1.5
32,1,-1,0.25,2,-2
46,1,-1,0.25,3,-0.5
22,1,-1,0.25,3,-1
27,1,-1,0.25,3,-1.5
41,1,-1,0.25,3,-2
51,1,-1,0.25,4,-0.5
61,1,-1,0.25,4,-1
60,1,-1,0.25,4,-1.5
39,1,-1,0.25,4,-2
116,1,-1,0.25,5,-0.5
64,1,-1,0.25,5,-1
22,1,-1,0.25,5,-1.5
38,1,-1,0.25,5,-2
41,1,-1,0.75,1,-0.5
43,1,-1,0.75,1,-1
21,1,-1,0.75,1,-1.5
53,1,-1,0.75,1,-2
49,1,-1,0.75,2,-0.5
41,1,-1,0.75,2,-1
84,1,-1,0.75,2,-1.5
64,1,-1,0.75,2,-2
56,1,-1,0.75,3,-0.5
40,1,-1,0.75,3,-1
61,1,-1,0.75,3,-1.5
67,1,-1,0.75,3,-2
39,1,-1,0.75,4,-0.5
50,1,-1,0.75,4,-1
49,1,-1,0.75,4,-1.5
66,1,-1,0.75,4,-2
58,1,-1,0.75,5,-0.5
42,1,-1,0.75,5,-1
57,1,-1,0.75,5,-1.5
60,1,-1,0.75,5,-2
105,1,-1,1.25,1,-0.5
81,1,-1,1.25,1,-1
87,1,-1,1.25,1,-1.5
66,1,-1,1.25,1,-2
81,1,-1,1.25,2,-0.5
97,1,-1,1.25,2,-1
84,1,-1,1.25,2,-1.5
87,1,-1,1.25,2,-2
104,1,-1,1.25,3,-0.5
82,1,-1,1.25,3,-1
93,1,-1,1.25,3,-1.5
72,1,-1,1.25,3,-2
106,1,-1,1.25,4,-0.5
68,1,-1,1.25,4,-1
79,1,-1,1.25,4,-1.5
113,1,-1,1.25,4,-2
122,1,-1,1.25,5,-0.5
78,1,-1,1.25,5,-1
90,1,-1,1.25,5,-1.5
126,1,-1,1.25,5,-2
171,1,-1,1.75,1,-0.5
90,1,-1,1.75,1,-1
140,1,-1,1.75,1,-1.5
126,1,-1,1.75,1,-2
140,1,-1,1.75,2,-0.5
122,1,-1,1.75,2,-1
108,1,-1,1.75,2,-1.5
91,1,-1,1.75,2,-2
147,1,-1,1.75,3,-0.5
109,1,-1,1.75,3,-1
119,1,-1,1.75,3,-1.5
126,1,-1,1.75,3,-2
166,1,-1,1.75,4,-0.5
90,1,-1,1.75,4,-1
115,1,-1,1.75,4,-1.5
107,1,-1,1.75,4,-2
167,1,-1,1.75,5,-0.5
120,1,-1,1.75,5,-1
131,1,-1,1.75,5,-1.5
114,1,-1,1.75,5,-2
34,1,-2,0.25,1,-0.5
41,1,-2,0.25,1,-1
36,1,-2,0.25,1,-1.5
22,1,-2,0.25,1,-2
122,1,-2,0.25,2,-0.5
26,1,-2,0.25,2,-1
171,1,-2,0.25,2,-1.5
20,1,-2,0.25,2,-2
40,1,-2,0.25,3,-0.5
70,1,-2,0.25,3,-1
30,1,-2,0.25,3,-1.5
73,1,-2,0.25,3,-2
382,1,-2,0.25,4,-0.5
41,1,-2,0.25,4,-1
44,1,-2,0.25,4,-1.5
36,1,-2,0.25,4,-2
64,1,-2,0.25,5,-0.5
88,1,-2,0.25,5,-1
52,1,-2,0.25,5,-1.5
45,1,-2,0.25,5,-2
28,1,-2,0.75,1,-0.5
18,1,-2,0.75,1,-1
17,1,-2,0.75,1,-1.5
20,1,-2,0.75,1,-2
38,1,-2,0.75,2,-0.5
37,1,-2,0.75,2,-1
16,1,-2,0.75,2,-1.5
30,1,-2,0.75,2,-2
22,1,-2,0.75,3,-0.5
16,1,-2,0.75,3,-1
21,1,-2,0.75,3,-1.5
28,1,-2,0.75,3,-2
34,1,-2,0.75,4,-0.5
21,1,-2,0.75,4,-1
26,1,-2,0.75,4,-1.5
25,1,-2,0.75,4,-2
48,1,-2,0.75,5,-0.5
44,1,-2,0.75,5,-1
51,1,-2,0.75,5,-1.5
50,1,-2,0.75,5,-2
68,1,-2,1.25,1,-0.5
71,1,-2,1.25,1,-1
37,1,-2,1.25,1,-1.5
45,1,-2,1.25,1,-2
50,1,-2,1.25,2,-0.5
42,1,-2,1.25,2,-1
59,1,-2,1.25,2,-1.5
26,1,-2,1.25,2,-2
53,1,-2,1.25,3,-0.5
28,1,-2,1.25,3,-1
59,1,-2,1.25,3,-1.5
51,1,-2,1.25,3,-2
34,1,-2,1.25,4,-0.5
44,1,-2,1.25,4,-1
38,1,-2,1.25,4,-1.5
58,1,-2,1.25,4,-2
80,1,-2,1.25,5,-0.5
30,1,-2,1.25,5,-1
56,1,-2,1.25,5,-1.5
44,1,-2,1.25,5,-2
106,1,-2,1.75,1,-0.5
90,1,-2,1.75,1,-1
102,1,-2,1.75,1,-1.5
84,1,-2,1.75,1,-2
120,1,-2,1.75,2,-0.5
82,1,-2,1.75,2,-1
77,1,-2,1.75,2,-1.5
76,1,-2,1.75,2,-2
114,1,-2,1.75,3,-0.5
81,1,-2,1.75,3,-1
54,1,-2,1.75,3,-1.5
80,1,-2,1.75,3,-2
95,1,-2,1.75,4,-0.5
82,1,-2,1.75,4,-1
90,1,-2,1.75,4,-1.5
85,1,-2,1.75,4,-2
105,1,-2,1.75,5,-0.5
79,1,-2,1.75,5,-1
73,1,-2,1.75,5,-1.5
61,1,-2,1.75,5,-2
302,1,-3,0.25,1,-0.5
98,1,-3,0.25,1,-1
29,1,-3,0.25,1,-1.5
32,1,-3,0.25,1,-2
47,1,-3,0.25,2,-0.5
135,1,-3,0.25,2,-1
46,1,-3,0.25,2,-1.5
19,1,-3,0.25,2,-2
23,1,-3,0.25,3,-0.5
30,1,-3,0.25,3,-1
26,1,-3,0.25,3,-1.5
21,1,-3,0.25,3,-2
126,1,-3,0.25,4,-0.5
31,1,-3,0.25,4,-1
39,1,-3,0.25,4,-1.5
31,1,-3,0.25,4,-2
31,1,-3,0.25,5,-0.5
18,1,-3,0.25,5,-1
89,1,-3,0.25,5,-1.5
92,1,-3,0.25,5,-2
45,1,-3,0.75,1,-0.5
63,1,-3,0.75,1,-1
492,1,-3,0.75,1,-1.5
52,1,-3,0.75,1,-2
66,1,-3,0.75,2,-0.5
14,1,-3,0.75,2,-1
19,1,-3,0.75,2,-1.5
32,1,-3,0.75,2,-2
22,1,-3,0.75,3,-0.5
26,1,-3,0.75,3,-1
19,1,-3,0.75,3,-1.5
23,1,-3,0.75,3,-2
49,1,-3,0.75,4,-0.5
68,1,-3,0.75,4,-1
54,1,-3,0.75,4,-1.5
29,1,-3,0.75,4,-2
36,1,-3,0.75,5,-0.5
49,1,-3,0.75,5,-1
39,1,-3,0.75,5,-1.5
34,1,-3,0.75,5,-2
42,1,-3,1.25,1,-0.5
26,1,-3,1.25,1,-1
28,1,-3,1.25,1,-1.5
18,1,-3,1.25,1,-2
312,1,-3,1.25,2,-0.5
30,1,-3,1.25,2,-1
37,1,-3,1.25,2,-1.5
57,1,-3,1.25,2,-2
53,1,-3,1.25,3,-0.5
40,1,-3,1.25,3,-1
41,1,-3,1.25,3,-1.5
67,1,-3,1.25,3,-2
34,1,-3,1.25,4,-0.5
46,1,-3,1.25,4,-1
45,1,-3,1.25,4,-1.5
50,1,-3,1.25,4,-2
54,1,-3,1.25,5,-0.5
22,1,-3,1.25,5,-1
35,1,-3,1.25,5,-1.5
48,1,-3,1.25,5,-2
94,1,-3,1.75,1,-0.5
74,1,-3,1.75,1,-1
51,1,-3,1.75,1,-1.5
44,1,-3,1.75,1,-2
47,1,-3,1.75,2,-0.5
69,1,-3,1.75,2,-1
44,1,-3,1.75,2,-1.5
57,1,-3,1.75,2,-2
79,1,-3,1.75,3,-0.5
65,1,-3,1.75,3,-1
62,1,-3,1.75,3,-1.5
44,1,-3,1.75,3,-2
54,1,-3,1.75,4,-0.5
35,1,-3,1.75,4,-1
60,1,-3,1.75,4,-1.5
62,1,-3,1.75,4,-2
69,1,-3,1.75,5,-0.5
47,1,-3,1.75,5,-1
64,1,-3,1.75,5,-1.5
56,1,-3,1.75,5,-2
325,1,-4,0.25,1,-0.5
29,1,-4,0.25,1,-1
29,1,-4,0.25,1,-1.5
143,1,-4,0.25,1,-2
454,1,-4,0.25,2,-0.5
52,1,-4,0.25,2,-1
99,1,-4,0.25,2,-1.5
60,1,-4,0.25,2,-2
118,1,-4,0.25,3,-0.5
91,1,-4,0.25,3,-1
26,1,-4,0.25,3,-1.5
36,1,-4,0.25,3,-2
46,1,-4,0.25,4,-0.5
75,1,-4,0.25,4,-1
36,1,-4,0.25,4,-1.5
63,1,-4,0.25,4,-2
57,1,-4,0.25,5,-0.5
69,1,-4,0.25,5,-1
159,1,-4,0.25,5,-1.5
447,1,-4,0.25,5,-2
59,1,-4,0.75,1,-0.5
25,1,-4,0.75,1,-1
19,1,-4,0.75,1,-1.5
28,1,-4,0.75,1,-2
21,1,-4,0.75,2,-0.5
18,1,-4,0.75,2,-1
37,1,-4,0.75,2,-1.5
40,1,-4,0.75,2,-2
88,1,-4,0.75,3,-0.5
326,1,-4,0.75,3,-1
23,1,-4,0.75,3,-1.5
16,1,-4,0.75,3,-2
63,1,-4,0.75,4,-0.5
20,1,-4,0.75,4,-1
17,1,-4,0.75,4,-1.5
17,1,-4,0.75,4,-2
33,1,-4,0.75,5,-0.5
51,1,-4,0.75,5,-1
132,1,-4,0.75,5,-1.5
84,1,-4,0.75,5,-2
33,1,-4,1.25,1,-0.5
18,1,-4,1.25,1,-1
16,1,-4,1.25,1,-1.5
21,1,-4,1.25,1,-2
56,1,-4,1.25,2,-0.5
24,1,-4,1.25,2,-1
19,1,-4,1.25,2,-1.5
20,1,-4,1.25,2,-2
23,1,-4,1.25,3,-0.5
26,1,-4,1.25,3,-1
20,1,-4,1.25,3,-1.5
36,1,-4,1.25,3,-2
48,1,-4,1.25,4,-0.5
51,1,-4,1.25,4,-1
25,1,-4,1.25,4,-1.5
51,1,-4,1.25,4,-2
49,1,-4,1.25,5,-0.5
18,1,-4,1.25,5,-1
27,1,-4,1.25,5,-1.5
30,1,-4,1.25,5,-2
53,1,-4,1.75,1,-0.5
39,1,-4,1.75,1,-1
17,1,-4,1.75,1,-1.5
37,1,-4,1.75,1,-2
63,1,-4,1.75,2,-0.5
23,1,-4,1.75,2,-1
33,1,-4,1.75,2,-1.5
36,1,-4,1.75,2,-2
32,1,-4,1.75,3,-0.5
29,1,-4,1.75,3,-1
31,1,-4,1.75,3,-1.5
16,1,-4,1.75,3,-2
42,1,-4,1.75,4,-0.5
16,1,-4,1.75,4,-1
28,1,-4,1.75,4,-1.5
32,1,-4,1.75,4,-2
39,1,-4,1.75,5,-0.5
33,1,-4,1.75,5,-1
36,1,-4,1.75,5,-1.5
49,1,-4,1.75,5,-2
138,1,-5,0.25,1,-0.5
171,1,-5,0.25,1,-1
508,1,-5,0.25,1,-1.5
21,1,-5,0.25,1,-2
253,1,-5,0.25,2,-0.5
107,1,-5,0.25,2,-1
215,1,-5,0.25,2,-1.5
68,1,-5,0.25,2,-2
165,1,-5,0.25,3,-0.5
164,1,-5,0.25,3,-1
60,1,-5,0.25,3,-1.5
52,1,-5,0.25,3,-2
268,1,-5,0.25,4,-0.5
512,1,-5,0.25,4,-1
176,1,-5,0.25,4,-1.5
105,1,-5,0.25,4,-2
327,1,-5,0.25,5,-0.5
42,1,-5,0.25,5,-1
42,1,-5,0.25,5,-1.5
49,1,-5,0.25,5,-2
37,1,-5,0.75,1,-0.5
412,1,-5,0.75,1,-1
47,1,-5,0.75,1,-1.5
416,1,-5,0.75,1,-2
35,1,-5,0.75,2,-0.5
33,1,-5,0.75,2,-1
58,1,-5,0.75,2,-1.5
416,1,-5,0.75,2,-2
15,1,-5,0.75,3,-0.5
42,1,-5,0.75,3,-1
18,1,-5,0.75,3,-1.5
23,1,-5,0.75,3,-2
23,1,-5,0.75,4,-0.5
216,1,-5,0.75,4,-1
19,1,-5,0.75,4,-1.5
46,1,-5,0.75,4,-2
42,1,-5,0.75,5,-0.5
46,1,-5,0.75,5,-1
26,1,-5,0.75,5,-1.5
20,1,-5,0.75,5,-2
45,1,-5,1.25,1,-0.5
32,1,-5,1.25,1,-1
30,1,-5,1.25,1,-1.5
28,1,-5,1.25,1,-2
32,1,-5,1.25,2,-0.5
26,1,-5,1.25,2,-1
29,1,-5,1.25,2,-1.5
15,1,-5,1.25,2,-2
19,1,-5,1.25,3,-0.5
42,1,-5,1.25,3,-1
20,1,-5,1.25,3,-1.5
31,1,-5,1.25,3,-2
25,1,-5,1.25,4,-0.5
27,1,-5,1.25,4,-1
16,1,-5,1.25,4,-1.5
59,1,-5,1.25,4,-2
26,1,-5,1.25,5,-0.5
29,1,-5,1.25,5,-1
38,1,-5,1.25,5,-1.5
28,1,-5,1.25,5,-2
59,1,-5,1.75,1,-0.5
51,1,-5,1.75,1,-1
25,1,-5,1.75,1,-1.5
29,1,-5,1.75,1,-2
60,1,-5,1.75,2,-0.5
30,1,-5,1.75,2,-1
24,1,-5,1.75,2,-1.5
24,1,-5,1.75,2,-2
60,1,-5,1.75,3,-0.5
26,1,-5,1.75,3,-1
23,1,-5,1.75,3,-1.5
38,1,-5,1.75,3,-2
60,1,-5,1.75,4,-0.5
15,1,-5,1.75,4,-1
29,1,-5,1.75,4,-1.5
18,1,-5,1.75,4,-2
26,1,-5,1.75,5,-0.5
34,1,-5,1.75,5,-1
31,1,-5,1.75,5,-1.5
24,1,-5,1.75,5,-2
75,2,-1,0.25,1,-0.5
33,2,-1,0.25,1,-1
15,2,-1,0.25,1,-1.5
24,2,-1,0.25,1,-2
38,2,-1,0.25,2,-0.5
13,2,-1,0.25,2,-1
38,2,-1,0.25,2,-1.5
42,2,-1,0.25,2,-2
188,2,-1,0.25,3,-0.5
51,2,-1,0.25,3,-1
32,2,-1,0.25,3,-1.5
58,2,-1,0.25,3,-2
65,2,-1,0.25,4,-0.5
88,2,-1,0.25,4,-1
36,2,-1,0.25,4,-1.5
33,2,-1,0.25,4,-2
104,2,-1,0.25,5,-0.5
54,2,-1,0.25,5,-1
76,2,-1,0.25,5,-1.5
26,2,-1,0.25,5,-2
52,2,-1,0.75,1,-0.5
40,2,-1,0.75,1,-1
26,2,-1,0.75,1,-1.5
28,2,-1,0.75,1,-2
67,2,-1,0.75,2,-0.5
23,2,-1,0.75,2,-1
31,2,-1,0.75,2,-1.5
51,2,-1,0.75,2,-2
42,2,-1,0.75,3,-0.5
20,2,-1,0.75,3,-1
29,2,-1,0.75,3,-1.5
33,2,-1,0.75,3,-2
38,2,-1,0.75,4,-0.5
28,2,-1,0.75,4,-1
32,2,-1,0.75,4,-1.5
30,2,-1,0.75,4,-2
30,2,-1,0.75,5,-0.5
27,2,-1,0.75,5,-1
39,2,-1,0.75,5,-1.5
25,2,-1,0.75,5,-2
97,2,-1,1.25,1,-0.5
67,2,-1,1.25,1,-1
70,2,-1,1.25,1,-1.5
69,2,-1,1.25,1,-2
74,2,-1,1.25,2,-0.5
70,2,-1,1.25,2,-1
38,2,-1,1.25,2,-1.5
60,2,-1,1.25,2,-2
50,2,-1,1.25,3,-0.5
51,2,-1,1.25,3,-1
55,2,-1,1.25,3,-1.5
36,2,-1,1.25,3,-2
90,2,-1,1.25,4,-0.5
57,2,-1,1.25,4,-1
70,2,-1,1.25,4,-1.5
63,2,-1,1.25,4,-2
83,2,-1,1.25,5,-0.5
79,2,-1,1.25,5,-1
51,2,-1,1.25,5,-1.5
65,2,-1,1.25,5,-2
141,2,-1,1.75,1,-0.5
109,2,-1,1.75,1,-1
95,2,-1,1.75,1,-1.5
99,2,-1,1.75,1,-2
118,2,-1,1.75,2,-0.5
85,2,-1,1.75,2,-1
98,2,-1,1.75,2,-1.5
89,2,-1,1.75,2,-2
133,2,-1,1.75,3,-0.5
83,2,-1,1.75,3,-1
79,2,-1,1.75,3,-1.5
95,2,-1,1.75,3,-2
118,2,-1,1.75,4,-0.5
107,2,-1,1.75,4,-1
97,2,-1,1.75,4,-1.5
72,2,-1,1.75,4,-2
118,2,-1,1.75,5,-0.5
101,2,-1,1.75,5,-1
101,2,-1,1.75,5,-1.5
93,2,-1,1.75,5,-2
107,2,-2,0.25,1,-0.5
435,2,-2,0.25,1,-1
31,2,-2,0.25,1,-1.5
40,2,-2,0.25,1,-2
62,2,-2,0.25,2,-0.5
44,2,-2,0.25,2,-1
25,2,-2,0.25,2,-1.5
15,2,-2,0.25,2,-2
36,2,-2,0.25,3,-0.5
31,2,-2,0.25,3,-1
95,2,-2,0.25,3,-1.5
31,2,-2,0.25,3,-2
51,2,-2,0.25,4,-0.5
33,2,-2,0.25,4,-1
63,2,-2,0.25,4,-1.5
40,2,-2,0.25,4,-2
53,2,-2,0.25,5,-0.5
74,2,-2,0.25,5,-1
45,2,-2,0.25,5,-1.5
76,2,-2,0.25,5,-2
52,2,-2,0.75,1,-0.5
16,2,-2,0.75,1,-1
17,2,-2,0.75,1,-1.5
49,2,-2,0.75,1,-2
24,2,-2,0.75,2,-0.5
37,2,-2,0.75,2,-1
18,2,-2,0.75,2,-1.5
18,2,-2,0.75,2,-2
16,2,-2,0.75,3,-0.5
38,2,-2,0.75,3,-1
31,2,-2,0.75,3,-1.5
24,2,-2,0.75,3,-2
32,2,-2,0.75,4,-0.5
12,2,-2,0.75,4,-1
27,2,-2,0.75,4,-1.5
26,2,-2,0.75,4,-2
30,2,-2,0.75,5,-0.5
54,2,-2,0.75,5,-1
20,2,-2,0.75,5,-1.5
24,2,-2,0.75,5,-2
41,2,-2,1.25,1,-0.5
39,2,-2,1.25,1,-1
41,2,-2,1.25,1,-1.5
26,2,-2,1.25,1,-2
25,2,-2,1.25,2,-0.5
18,2,-2,1.25,2,-1
24,2,-2,1.25,2,-1.5
38,2,-2,1.25,2,-2
49,2,-2,1.25,3,-0.5
31,2,-2,1.25,3,-1
35,2,-2,1.25,3,-1.5
37,2,-2,1.25,3,-2
47,2,-2,1.25,4,-0.5
26,2,-2,1.25,4,-1
42,2,-2,1.25,4,-1.5
19,2,-2,1.25,4,-2
74,2,-2,1.25,5,-0.5
32,2,-2,1.25,5,-1
26,2,-2,1.25,5,-1.5
48,2,-2,1.25,5,-2
109,2,-2,1.75,1,-0.5
58,2,-2,1.75,1,-1
67,2,-2,1.75,1,-1.5
63,2,-2,1.75,1,-2
79,2,-2,1.75,2,-0.5
63,2,-2,1.75,2,-1
51,2,-2,1.75,2,-1.5
41,2,-2,1.75,2,-2
67,2,-2,1.75,3,-0.5
77,2,-2,1.75,3,-1
28,2,-2,1.75,3,-1.5
74,2,-2,1.75,3,-2
77,2,-2,1.75,4,-0.5
53,2,-2,1.75,4,-1
36,2,-2,1.75,4,-1.5
63,2,-2,1.75,4,-2
91,2,-2,1.75,5,-0.5
76,2,-2,1.75,5,-1
51,2,-2,1.75,5,-1.5
42,2,-2,1.75,5,-2
142,2,-3,0.25,1,-0.5
237,2,-3,0.25,1,-1
317,2,-3,0.25,1,-1.5
41,2,-3,0.25,1,-2
446,2,-3,0.25,2,-0.5
330,2,-3,0.25,2,-1
34,2,-3,0.25,2,-1.5
31,2,-3,0.25,2,-2
385,2,-3,0.25,3,-0.5
74,2,-3,0.25,3,-1
45,2,-3,0.25,3,-1.5
52,2,-3,0.25,3,-2
78,2,-3,0.25,4,-0.5
473,2,-3,0.25,4,-1
74,2,-3,0.25,4,-1.5
38,2,-3,0.25,4,-2
129,2,-3,0.25,5,-0.5
333,2,-3,0.25,5,-1
43,2,-3,0.25,5,-1.5
126,2,-3,0.25,5,-2
42,2,-3,0.75,1,-0.5
43,2,-3,0.75,1,-1
15,2,-3,0.75,1,-1.5
31,2,-3,0.75,1,-2
30,2,-3,0.75,2,-0.5
24,2,-3,0.75,2,-1
23,2,-3,0.75,2,-1.5
39,2,-3,0.75,2,-2
43,2,-3,0.75,3,-0.5
53,2,-3,0.75,3,-1
22,2,-3,0.75,3,-1.5
32,2,-3,0.75,3,-2
39,2,-3,0.75,4,-0.5
25,2,-3,0.75,4,-1
22,2,-3,0.75,4,-1.5
26,2,-3,0.75,4,-2
53,2,-3,0.75,5,-0.5
30,2,-3,0.75,5,-1
21,2,-3,0.75,5,-1.5
25,2,-3,0.75,5,-2
39,2,-3,1.25,1,-0.5
17,2,-3,1.25,1,-1
33,2,-3,1.25,1,-1.5
19,2,-3,1.25,1,-2
34,2,-3,1.25,2,-0.5
26,2,-3,1.25,2,-1
29,2,-3,1.25,2,-1.5
27,2,-3,1.25,2,-2
33,2,-3,1.25,3,-0.5
24,2,-3,1.25,3,-1
27,2,-3,1.25,3,-1.5
34,2,-3,1.25,3,-2
28,2,-3,1.25,4,-0.5
17,2,-3,1.25,4,-1
18,2,-3,1.25,4,-1.5
26,2,-3,1.25,4,-2
32,2,-3,1.25,5,-0.5
36,2,-3,1.25,5,-1
26,2,-3,1.25,5,-1.5
39,2,-3,1.25,5,-2
74,2,-3,1.75,1,-0.5
50,2,-3,1.75,1,-1
17,2,-3,1.75,1,-1.5
27,2,-3,1.75,1,-2
68,2,-3,1.75,2,-0.5
27,2,-3,1.75,2,-1
50,2,-3,1.75,2,-1.5
57,2,-3,1.75,2,-2
66,2,-3,1.75,3,-0.5
25,2,-3,1.75,3,-1
45,2,-3,1.75,3,-1.5
47,2,-3,1.75,3,-2
57,2,-3,1.75,4,-0.5
24,2,-3,1.75,4,-1
30,2,-3,1.75,4,-1.5
27,2,-3,1.75,4,-2
70,2,-3,1.75,5,-0.5
18,2,-3,1.75,5,-1
29,2,-3,1.75,5,-1.5
43,2,-3,1.75,5,-2
474,2,-4,0.25,1,-0.5
140,2,-4,0.25,1,-1
226,2,-4,0.25,1,-1.5
127,2,-4,0.25,1,-2
474,2,-4,0.25,2,-0.5
79,2,-4,0.25,2,-1
146,2,-4,0.25,2,-1.5
19,2,-4,0.25,2,-2
357,2,-4,0.25,3,-0.5
113,2,-4,0.25,3,-1
161,2,-4,0.25,3,-1.5
47,2,-4,0.25,3,-2
66,2,-4,0.25,4,-0.5
361,2,-4,0.25,4,-1
34,2,-4,0.25,4,-1.5
269,2,-4,0.25,4,-2
47,2,-4,0.25,5,-0.5
244,2,-4,0.25,5,-1
111,2,-4,0.25,5,-1.5
110,2,-4,0.25,5,-2
114,2,-4,0.75,1,-0.5
353,2,-4,0.75,1,-1
427,2,-4,0.75,1,-1.5
16,2,-4,0.75,1,-2
132,2,-4,0.75,2,-0.5
98,2,-4,0.75,2,-1
18,2,-4,0.75,2,-1.5
21,2,-4,0.75,2,-2
388,2,-4,0.75,3,-0.5
21,2,-4,0.75,3,-1
35,2,-4,0.75,3,-1.5
23,2,-4,0.75,3,-2
26,2,-4,0.75,4,-0.5
12,2,-4,0.75,4,-1
23,2,-4,0.75,4,-1.5
24,2,-4,0.75,4,-2
29,2,-4,0.75,5,-0.5
20,2,-4,0.75,5,-1
17,2,-4,0.75,5,-1.5
30,2,-4,0.75,5,-2
25,2,-4,1.25,1,-0.5
22,2,-4,1.25,1,-1
17,2,-4,1.25,1,-1.5
28,2,-4,1.25,1,-2
24,2,-4,1.25,2,-0.5
20,2,-4,1.25,2,-1
17,2,-4,1.25,2,-1.5
14,2,-4,1.25,2,-2
20,2,-4,1.25,3,-0.5
27,2,-4,1.25,3,-1
16,2,-4,1.25,3,-1.5
14,2,-4,1.25,3,-2
156,2,-4,1.25,4,-0.5
17,2,-4,1.25,4,-1
46,2,-4,1.25,4,-1.5
23,2,-4,1.25,4,-2
41,2,-4,1.25,5,-0.5
26,2,-4,1.25,5,-1
39,2,-4,1.25,5,-1.5
17,2,-4,1.25,5,-2
58,2,-4,1.75,1,-0.5
22,2,-4,1.75,1,-1
14,2,-4,1.75,1,-1.5
16,2,-4,1.75,1,-2
40,2,-4,1.75,2,-0.5
29,2,-4,1.75,2,-1
21,2,-4,1.75,2,-1.5
32,2,-4,1.75,2,-2
28,2,-4,1.75,3,-0.5
56,2,-4,1.75,3,-1
63,2,-4,1.75,3,-1.5
41,2,-4,1.75,3,-2
22,2,-4,1.75,4,-0.5
40,2,-4,1.75,4,-1
25,2,-4,1.75,4,-1.5
56,2,-4,1.75,4,-2
46,2,-4,1.75,5,-0.5
51,2,-4,1.75,5,-1
26,2,-4,1.75,5,-1.5
44,2,-4,1.75,5,-2
491,2,-5,0.25,1,-0.5
69,2,-5,0.25,1,-1
142,2,-5,0.25,1,-1.5
33,2,-5,0.25,1,-2
491,2,-5,0.25,2,-0.5
43,2,-5,0.25,2,-1
229,2,-5,0.25,2,-1.5
316,2,-5,0.25,2,-2
112,2,-5,0.25,3,-0.5
99,2,-5,0.25,3,-1
171,2,-5,0.25,3,-1.5
141,2,-5,0.25,3,-2
223,2,-5,0.25,4,-0.5
170,2,-5,0.25,4,-1
122,2,-5,0.25,4,-1.5
212,2,-5,0.25,4,-2
120,2,-5,0.25,5,-0.5
318,2,-5,0.25,5,-1
176,2,-5,0.25,5,-1.5
56,2,-5,0.25,5,-2
165,2,-5,0.75,1,-0.5
118,2,-5,0.75,1,-1
36,2,-5,0.75,1,-1.5
17,2,-5,0.75,1,-2
99,2,-5,0.75,2,-0.5
177,2,-5,0.75,2,-1
23,2,-5,0.75,2,-1.5
47,2,-5,0.75,2,-2
110,2,-5,0.75,3,-0.5
38,2,-5,0.75,3,-1
57,2,-5,0.75,3,-1.5
32,2,-5,0.75,3,-2
41,2,-5,0.75,4,-0.5
26,2,-5,0.75,4,-1
36,2,-5,0.75,4,-1.5
15,2,-5,0.75,4,-2
27,2,-5,0.75,5,-0.5
171,2,-5,0.75,5,-1
100,2,-5,0.75,5,-1.5
99,2,-5,0.75,5,-2
44,2,-5,1.25,1,-0.5
465,2,-5,1.25,1,-1
27,2,-5,1.25,1,-1.5
29,2,-5,1.25,1,-2
48,2,-5,1.25,2,-0.5
111,2,-5,1.25,2,-1
20,2,-5,1.25,2,-1.5
34,2,-5,1.25,2,-2
34,2,-5,1.25,3,-0.5
18,2,-5,1.25,3,-1
25,2,-5,1.25,3,-1.5
32,2,-5,1.25,3,-2
20,2,-5,1.25,4,-0.5
27,2,-5,1.25,4,-1
53,2,-5,1.25,4,-1.5
24,2,-5,1.25,4,-2
31,2,-5,1.25,5,-0.5
17,2,-5,1.25,5,-1
22,2,-5,1.25,5,-1.5
27,2,-5,1.25,5,-2
49,2,-5,1.75,1,-0.5
27,2,-5,1.75,1,-1
19,2,-5,1.75,1,-1.5
32,2,-5,1.75,1,-2
33,2,-5,1.75,2,-0.5
26,2,-5,1.75,2,-1
15,2,-5,1.75,2,-1.5
21,2,-5,1.75,2,-2
53,2,-5,1.75,3,-0.5
37,2,-5,1.75,3,-1
35,2,-5,1.75,3,-1.5
25,2,-5,1.75,3,-2
36,2,-5,1.75,4,-0.5
22,2,-5,1.75,4,-1
24,2,-5,1.75,4,-1.5
19,2,-5,1.75,4,-2
25,2,-5,1.75,5,-0.5
17,2,-5,1.75,5,-1
28,2,-5,1.75,5,-1.5
20,2,-5,1.75,5,-2
277,3,-1,0.25,1,-0.5
87,3,-1,0.25,1,-1
87,3,-1,0.25,1,-1.5
64,3,-1,0.25,1,-2
108,3,-1,0.25,2,-0.5
161,3,-1,0.25,2,-1
48,3,-1,0.25,2,-1.5
40,3,-1,0.25,2,-2
81,3,-1,0.25,3,-0.5
86,3,-1,0.25,3,-1
62,3,-1,0.25,3,-1.5
47,3,-1,0.25,3,-2
99,3,-1,0.25,4,-0.5
55,3,-1,0.25,4,-1
80,3,-1,0.25,4,-1.5
78,3,-1,0.25,4,-2
92,3,-1,0.25,5,-0.5
103,3,-1,0.25,5,-1
151,3,-1,0.25,5,-1.5
60,3,-1,0.25,5,-2
81,3,-1,0.75,1,-0.5
71,3,-1,0.75,1,-1
28,3,-1,0.75,1,-1.5
50,3,-1,0.75,1,-2
53,3,-1,0.75,2,-0.5
49,3,-1,0.75,2,-1
22,3,-1,0.75,2,-1.5
36,3,-1,0.75,2,-2
56,3,-1,0.75,3,-0.5
54,3,-1,0.75,3,-1
30,3,-1,0.75,3,-1.5
28,3,-1,0.75,3,-2
69,3,-1,0.75,4,-0.5
77,3,-1,0.75,4,-1
16,3,-1,0.75,4,-1.5
41,3,-1,0.75,4,-2
49,3,-1,0.75,5,-0.5
33,3,-1,0.75,5,-1
43,3,-1,0.75,5,-1.5
35,3,-1,0.75,5,-2
81,3,-1,1.25,1,-0.5
77,3,-1,1.25,1,-1
71,3,-1,1.25,1,-1.5
43,3,-1,1.25,1,-2
69,3,-1,1.25,2,-0.5
31,3,-1,1.25,2,-1
53,3,-1,1.25,2,-1.5
43,3,-1,1.25,2,-2
89,3,-1,1.25,3,-0.5
34,3,-1,1.25,3,-1
48,3,-1,1.25,3,-1.5
69,3,-1,1.25,3,-2
80,3,-1,1.25,4,-0.5
73,3,-1,1.25,4,-1
51,3,-1,1.25,4,-1.5
51,3,-1,1.25,4,-2
48,3,-1,1.25,5,-0.5
48,3,-1,1.25,5,-1
59,3,-1,1.25,5,-1.5
54,3,-1,1.25,5,-2
129,3,-1,1.75,1,-0.5
132,3,-1,1.75,1,-1
63,3,-1,1.75,1,-1.5
73,3,-1,1.75,1,-2
106,3,-1,1.75,2,-0.5
70,3,-1,1.75,2,-1
97,3,-1,1.75,2,-1.5
75,3,-1,1.75,2,-2
122,3,-1,1.75,3,-0.5
87,3,-1,1.75,3,-1
67,3,-1,1.75,3,-1.5
71,3,-1,1.75,3,-2
102,3,-1,1.75,4,-0.5
93,3,-1,1.75,4,-1
71,3,-1,1.75,4,-1.5
84,3,-1,1.75,4,-2
83,3,-1,1.75,5,-0.5
92,3,-1,1.75,5,-1
33,3,-1,1.75,5,-1.5
77,3,-1,1.75,5,-2
144,3,-2,0.25,1,-0.5
119,3,-2,0.25,1,-1
96,3,-2,0.25,1,-1.5
89,3,-2,0.25,1,-2
152,3,-2,0.25,2,-0.5
52,3,-2,0.25,2,-1
60,3,-2,0.25,2,-1.5
72,3,-2,0.25,2,-2
104,3,-2,0.25,3,-0.5
71,3,-2,0.25,3,-1
35,3,-2,0.25,3,-1.5
46,3,-2,0.25,3,-2
76,3,-2,0.25,4,-0.5
47,3,-2,0.25,4,-1
34,3,-2,0.25,4,-1.5
20,3,-2,0.25,4,-2
111,3,-2,0.25,5,-0.5
77,3,-2,0.25,5,-1
73,3,-2,0.25,5,-1.5
77,3,-2,0.25,5,-2
52,3,-2,0.75,1,-0.5
56,3,-2,0.75,1,-1
40,3,-2,0.75,1,-1.5
34,3,-2,0.75,1,-2
68,3,-2,0.75,2,-0.5
28,3,-2,0.75,2,-1
25,3,-2,0.75,2,-1.5
30,3,-2,0.75,2,-2
38,3,-2,0.75,3,-0.5
33,3,-2,0.75,3,-1
36,3,-2,0.75,3,-1.5
35,3,-2,0.75,3,-2
18,3,-2,0.75,4,-0.5
29,3,-2,0.75,4,-1
24,3,-2,0.75,4,-1.5
21,3,-2,0.75,4,-2
41,3,-2,0.75,5,-0.5
62,3,-2,0.75,5,-1
56,3,-2,0.75,5,-1.5
26,3,-2,0.75,5,-2
31,3,-2,1.25,1,-0.5
58,3,-2,1.25,1,-1
41,3,-2,1.25,1,-1.5
37,3,-2,1.25,1,-2
30,3,-2,1.25,2,-0.5
28,3,-2,1.25,2,-1
52,3,-2,1.25,2,-1.5
42,3,-2,1.25,2,-2
41,3,-2,1.25,3,-0.5
33,3,-2,1.25,3,-1
32,3,-2,1.25,3,-1.5
29,3,-2,1.25,3,-2
47,3,-2,1.25,4,-0.5
38,3,-2,1.25,4,-1
49,3,-2,1.25,4,-1.5
28,3,-2,1.25,4,-2
39,3,-2,1.25,5,-0.5
26,3,-2,1.25,5,-1
35,3,-2,1.25,5,-1.5
27,3,-2,1.25,5,-2
81,3,-2,1.75,1,-0.5
57,3,-2,1.75,1,-1
49,3,-2,1.75,1,-1.5
54,3,-2,1.75,1,-2
78,3,-2,1.75,2,-0.5
59,3,-2,1.75,2,-1
54,3,-2,1.75,2,-1.5
65,3,-2,1.75,2,-2
45,3,-2,1.75,3,-0.5
49,3,-2,1.75,3,-1
61,3,-2,1.75,3,-1.5
45,3,-2,1.75,3,-2
81,3,-2,1.75,4,-0.5
49,3,-2,1.75,4,-1
71,3,-2,1.75,4,-1.5
31,3,-2,1.75,4,-2
72,3,-2,1.75,5,-0.5
28,3,-2,1.75,5,-1
49,3,-2,1.75,5,-1.5
38,3,-2,1.75,5,-2
541,3,-3,0.25,1,-0.5
114,3,-3,0.25,1,-1
461,3,-3,0.25,1,-1.5
94,3,-3,0.25,1,-2
471,3,-3,0.25,2,-0.5
136,3,-3,0.25,2,-1
66,3,-3,0.25,2,-1.5
117,3,-3,0.25,2,-2
306,3,-3,0.25,3,-0.5
119,3,-3,0.25,3,-1
54,3,-3,0.25,3,-1.5
76,3,-3,0.25,3,-2
155,3,-3,0.25,4,-0.5
347,3,-3,0.25,4,-1
336,3,-3,0.25,4,-1.5
31,3,-3,0.25,4,-2
106,3,-3,0.25,5,-0.5
28,3,-3,0.25,5,-1
177,3,-3,0.25,5,-1.5
341,3,-3,0.25,5,-2
55,3,-3,0.75,1,-0.5
48,3,-3,0.75,1,-1
21,3,-3,0.75,1,-1.5
33,3,-3,0.75,1,-2
37,3,-3,0.75,2,-0.5
22,3,-3,0.75,2,-1
26,3,-3,0.75,2,-1.5
34,3,-3,0.75,2,-2
56,3,-3,0.75,3,-0.5
136,3,-3,0.75,3,-1
38,3,-3,0.75,3,-1.5
25,3,-3,0.75,3,-2
191,3,-3,0.75,4,-0.5
32,3,-3,0.75,4,-1
34,3,-3,0.75,4,-1.5
26,3,-3,0.75,4,-2
65,3,-3,0.75,5,-0.5
40,3,-3,0.75,5,-1
24,3,-3,0.75,5,-1.5
66,3,-3,0.75,5,-2
62,3,-3,1.25,1,-0.5
24,3,-3,1.25,1,-1
26,3,-3,1.25,1,-1.5
20,3,-3,1.25,1,-2
28,3,-3,1.25,2,-0.5
27,3,-3,1.25,2,-1
39,3,-3,1.25,2,-1.5
15,3,-3,1.25,2,-2
29,3,-3,1.25,3,-0.5
18,3,-3,1.25,3,-1
47,3,-3,1.25,3,-1.5
28,3,-3,1.25,3,-2
18,3,-3,1.25,4,-0.5
30,3,-3,1.25,4,-1
17,3,-3,1.25,4,-1.5
15,3,-3,1.25,4,-2
28,3,-3,1.25,5,-0.5
31,3,-3,1.25,5,-1
18,3,-3,1.25,5,-1.5
25,3,-3,1.25,5,-2
81,3,-3,1.75,1,-0.5
41,3,-3,1.75,1,-1
24,3,-3,1.75,1,-1.5
49,3,-3,1.75,1,-2
48,3,-3,1.75,2,-0.5
48,3,-3,1.75,2,-1
34,3,-3,1.75,2,-1.5
36,3,-3,1.75,2,-2
46,3,-3,1.75,3,-0.5
51,3,-3,1.75,3,-1
31,3,-3,1.75,3,-1.5
34,3,-3,1.75,3,-2
44,3,-3,1.75,4,-0.5
32,3,-3,1.75,4,-1
40,3,-3,1.75,4,-1.5
40,3,-3,1.75,4,-2
71,3,-3,1.75,5,-0.5
39,3,-3,1.75,5,-1
36,3,-3,1.75,5,-1.5
28,3,-3,1.75,5,-2
498,3,-4,0.25,1,-0.5
67,3,-4,0.25,1,-1
176,3,-4,0.25,1,-1.5
49,3,-4,0.25,1,-2
202,3,-4,0.25,2,-0.5
193,3,-4,0.25,2,-1
113,3,-4,0.25,2,-1.5
196,3,-4,0.25,2,-2
213,3,-4,0.25,3,-0.5
90,3,-4,0.25,3,-1
107,3,-4,0.25,3,-1.5
57,3,-4,0.25,3,-2
208,3,-4,0.25,4,-0.5
188,3,-4,0.25,4,-1
29,3,-4,0.25,4,-1.5
342,3,-4,0.25,4,-2
510,3,-4,0.25,5,-0.5
115,3,-4,0.25,5,-1
41,3,-4,0.25,5,-1.5
73,3,-4,0.25,5,-2
76,3,-4,0.75,1,-0.5
147,3,-4,0.75,1,-1
60,3,-4,0.75,1,-1.5
16,3,-4,0.75,1,-2
92,3,-4,0.75,2,-0.5
22,3,-4,0.75,2,-1
49,3,-4,0.75,2,-1.5
18,3,-4,0.75,2,-2
49,3,-4,0.75,3,-0.5
158,3,-4,0.75,3,-1
38,3,-4,0.75,3,-1.5
26,3,-4,0.75,3,-2
62,3,-4,0.75,4,-0.5
41,3,-4,0.75,4,-1
45,3,-4,0.75,4,-1.5
71,3,-4,0.75,4,-2
212,3,-4,0.75,5,-0.5
22,3,-4,0.75,5,-1
16,3,-4,0.75,5,-1.5
46,3,-4,0.75,5,-2
78,3,-4,1.25,1,-0.5
20,3,-4,1.25,1,-1
17,3,-4,1.25,1,-1.5
28,3,-4,1.25,1,-2
48,3,-4,1.25,2,-0.5
39,3,-4,1.25,2,-1
15,3,-4,1.25,2,-1.5
15,3,-4,1.25,2,-2
23,3,-4,1.25,3,-0.5
32,3,-4,1.25,3,-1
21,3,-4,1.25,3,-1.5
15,3,-4,1.25,3,-2
47,3,-4,1.25,4,-0.5
61,3,-4,1.25,4,-1
34,3,-4,1.25,4,-1.5
31,3,-4,1.25,4,-2
23,3,-4,1.25,5,-0.5
33,3,-4,1.25,5,-1
33,3,-4,1.25,5,-1.5
32,3,-4,1.25,5,-2
63,3,-4,1.75,1,-0.5
41,3,-4,1.75,1,-1
48,3,-4,1.75,1,-1.5
34,3,-4,1.75,1,-2
47,3,-4,1.75,2,-0.5
27,3,-4,1.75,2,-1
24,3,-4,1.75,2,-1.5
53,3,-4,1.75,2,-2
40,3,-4,1.75,3,-0.5
36,3,-4,1.75,3,-1
43,3,-4,1.75,3,-1.5
39,3,-4,1.75,3,-2
42,3,-4,1.75,4,-0.5
29,3,-4,1.75,4,-1
17,3,-4,1.75,4,-1.5
33,3,-4,1.75,4,-2
52,3,-4,1.75,5,-0.5
57,3,-4,1.75,5,-1
24,3,-4,1.75,5,-1.5
25,3,-4,1.75,5,-2
182,3,-5,0.25,1,-0.5
222,3,-5,0.25,1,-1
505,3,-5,0.25,1,-1.5
327,3,-5,0.25,1,-2
454,3,-5,0.25,2,-0.5
347,3,-5,0.25,2,-1
505,3,-5,0.25,2,-1.5
327,3,-5,0.25,2,-2
452,3,-5,0.25,3,-0.5
73,3,-5,0.25,3,-1
505,3,-5,0.25,3,-1.5
327,3,-5,0.25,3,-2
152,3,-5,0.25,4,-0.5
123,3,-5,0.25,4,-1
505,3,-5,0.25,4,-1.5
486,3,-5,0.25,4,-2
116,3,-5,0.25,5,-0.5
82,3,-5,0.25,5,-1
505,3,-5,0.25,5,-1.5
121,3,-5,0.25,5,-2
483,3,-5,0.75,1,-0.5
24,3,-5,0.75,1,-1
33,3,-5,0.75,1,-1.5
33,3,-5,0.75,1,-2
34,3,-5,0.75,2,-0.5
460,3,-5,0.75,2,-1
55,3,-5,0.75,2,-1.5
46,3,-5,0.75,2,-2
466,3,-5,0.75,3,-0.5
406,3,-5,0.75,3,-1
46,3,-5,0.75,3,-1.5
56,3,-5,0.75,3,-2
25,3,-5,0.75,4,-0.5
51,3,-5,0.75,4,-1
40,3,-5,0.75,4,-1.5
44,3,-5,0.75,4,-2
466,3,-5,0.75,5,-0.5
26,3,-5,0.75,5,-1
38,3,-5,0.75,5,-1.5
22,3,-5,0.75,5,-2
64,3,-5,1.25,1,-0.5
29,3,-5,1.25,1,-1
27,3,-5,1.25,1,-1.5
43,3,-5,1.25,1,-2
57,3,-5,1.25,2,-0.5
31,3,-5,1.25,2,-1
29,3,-5,1.25,2,-1.5
67,3,-5,1.25,2,-2
23,3,-5,1.25,3,-0.5
29,3,-5,1.25,3,-1
25,3,-5,1.25,3,-1.5
17,3,-5,1.25,3,-2
21,3,-5,1.25,4,-0.5
17,3,-5,1.25,4,-1
16,3,-5,1.25,4,-1.5
25,3,-5,1.25,4,-2
33,3,-5,1.25,5,-0.5
17,3,-5,1.25,5,-1
29,3,-5,1.25,5,-1.5
31,3,-5,1.25,5,-2
57,3,-5,1.75,1,-0.5
39,3,-5,1.75,1,-1
24,3,-5,1.75,1,-1.5
18,3,-5,1.75,1,-2
41,3,-5,1.75,2,-0.5
36,3,-5,1.75,2,-1
39,3,-5,1.75,2,-1.5
28,3,-5,1.75,2,-2
31,3,-5,1.75,3,-0.5
41,3,-5,1.75,3,-1
17,3,-5,1.75,3,-1.5
23,3,-5,1.75,3,-2
81,3,-5,1.75,4,-0.5
25,3,-5,1.75,4,-1
29,3,-5,1.75,4,-1.5
28,3,-5,1.75,4,-2
26,3,-5,1.75,5,-0.5
26,3,-5,1.75,5,-1
45,3,-5,1.75,5,-1.5
34,3,-5,1.75,5,-2
155,4,-1,0.25,1,-0.5
159,4,-1,0.25,1,-1
116,4,-1,0.25,1,-1.5
78,4,-1,0.25,1,-2
93,4,-1,0.25,2,-0.5
105,4,-1,0.25,2,-1
135,4,-1,0.25,2,-1.5
135,4,-1,0.25,2,-2
234,4,-1,0.25,3,-0.5
112,4,-1,0.25,3,-1
58,4,-1,0.25,3,-1.5
61,4,-1,0.25,3,-2
111,4,-1,0.25,4,-0.5
117,4,-1,0.25,4,-1
90,4,-1,0.25,4,-1.5
79,4,-1,0.25,4,-2
61,4,-1,0.25,5,-0.5
272,4,-1,0.25,5,-1
65,4,-1,0.25,5,-1.5
57,4,-1,0.25,5,-2
70,4,-1,0.75,1,-0.5
80,4,-1,0.75,1,-1
68,4,-1,0.75,1,-1.5
48,4,-1,0.75,1,-2
92,4,-1,0.75,2,-0.5
69,4,-1,0.75,2,-1
118,4,-1,0.75,2,-1.5
56,4,-1,0.75,2,-2
96,4,-1,0.75,3,-0.5
69,4,-1,0.75,3,-1
54,4,-1,0.75,3,-1.5
42,4,-1,0.75,3,-2
98,4,-1,0.75,4,-0.5
95,4,-1,0.75,4,-1
70,4,-1,0.75,4,-1.5
40,4,-1,0.75,4,-2
77,4,-1,0.75,5,-0.5
104,4,-1,0.75,5,-1
67,4,-1,0.75,5,-1.5
71,4,-1,0.75,5,-2
107,4,-1,1.25,1,-0.5
77,4,-1,1.25,1,-1
61,4,-1,1.25,1,-1.5
41,4,-1,1.25,1,-2
83,4,-1,1.25,2,-0.5
87,4,-1,1.25,2,-1
58,4,-1,1.25,2,-1.5
73,4,-1,1.25,2,-2
96,4,-1,1.25,3,-0.5
68,4,-1,1.25,3,-1
41,4,-1,1.25,3,-1.5
35,4,-1,1.25,3,-2
103,4,-1,1.25,4,-0.5
60,4,-1,1.25,4,-1
62,4,-1,1.25,4,-1.5
56,4,-1,1.25,4,-2
64,4,-1,1.25,5,-0.5
56,4,-1,1.25,5,-1
40,4,-1,1.25,5,-1.5
63,4,-1,1.25,5,-2
130,4,-1,1.75,1,-0.5
121,4,-1,1.75,1,-1
88,4,-1,1.75,1,-1.5
77,4,-1,1.75,1,-2
108,4,-1,1.75,2,-0.5
92,4,-1,1.75,2,-1
61,4,-1,1.75,2,-1.5
64,4,-1,1.75,2,-2
93,4,-1,1.75,3,-0.5
63,4,-1,1.75,3,-1
74,4,-1,1.75,3,-1.5
66,4,-1,1.75,3,-2
75,4,-1,1.75,4,-0.5
82,4,-1,1.75,4,-1
44,4,-1,1.75,4,-1.5
73,4,-1,1.75,4,-2
111,4,-1,1.75,5,-0.5
66,4,-1,1.75,5,-1
69,4,-1,1.75,5,-1.5
46,4,-1,1.75,5,-2
273,4,-2,0.25,1,-0.5
100,4,-2,0.25,1,-1
209,4,-2,0.25,1,-1.5
76,4,-2,0.25,1,-2
404,4,-2,0.25,2,-0.5
198,4,-2,0.25,2,-1
159,4,-2,0.25,2,-1.5
56,4,-2,0.25,2,-2
121,4,-2,0.25,3,-0.5
142,4,-2,0.25,3,-1
46,4,-2,0.25,3,-1.5
73,4,-2,0.25,3,-2
127,4,-2,0.25,4,-0.5
75,4,-2,0.25,4,-1
76,4,-2,0.25,4,-1.5
41,4,-2,0.25,4,-2
117,4,-2,0.25,5,-0.5
99,4,-2,0.25,5,-1
362,4,-2,0.25,5,-1.5
32,4,-2,0.25,5,-2
58,4,-2,0.75,1,-0.5
83,4,-2,0.75,1,-1
81,4,-2,0.75,1,-1.5
37,4,-2,0.75,1,-2
58,4,-2,0.75,2,-0.5
61,4,-2,0.75,2,-1
61,4,-2,0.75,2,-1.5
27,4,-2,0.75,2,-2
138,4,-2,0.75,3,-0.5
80,4,-2,0.75,3,-1
43,4,-2,0.75,3,-1.5
57,4,-2,0.75,3,-2
41,4,-2,0.75,4,-0.5
34,4,-2,0.75,4,-1
64,4,-2,0.75,4,-1.5
26,4,-2,0.75,4,-2
144,4,-2,0.75,5,-0.5
95,4,-2,0.75,5,-1
23,4,-2,0.75,5,-1.5
25,4,-2,0.75,5,-2
53,4,-2,1.25,1,-0.5
56,4,-2,1.25,1,-1
65,4,-2,1.25,1,-1.5
39,4,-2,1.25,1,-2
55,4,-2,1.25,2,-0.5
41,4,-2,1.25,2,-1
34,4,-2,1.25,2,-1.5
22,4,-2,1.25,2,-2
70,4,-2,1.25,3,-0.5
23,4,-2,1.25,3,-1
30,4,-2,1.25,3,-1.5
21,4,-2,1.25,3,-2
25,4,-2,1.25,4,-0.5
19,4,-2,1.25,4,-1
22,4,-2,1.25,4,-1.5
30,4,-2,1.25,4,-2
37,4,-2,1.25,5,-0.5
41,4,-2,1.25,5,-1
35,4,-2,1.25,5,-1.5
28,4,-2,1.25,5,-2
91,4,-2,1.75,1,-0.5
77,4,-2,1.75,1,-1
58,4,-2,1.75,1,-1.5
43,4,-2,1.75,1,-2
58,4,-2,1.75,2,-0.5
36,4,-2,1.75,2,-1
64,4,-2,1.75,2,-1.5
49,4,-2,1.75,2,-2
90,4,-2,1.75,3,-0.5
42,4,-2,1.75,3,-1
26,4,-2,1.75,3,-1.5
70,4,-2,1.75,3,-2
60,4,-2,1.75,4,-0.5
71,4,-2,1.75,4,-1
43,4,-2,1.75,4,-1.5
42,4,-2,1.75,4,-2
96,4,-2,1.75,5,-0.5
50,4,-2,1.75,5,-1
60,4,-2,1.75,5,-1.5
50,4,-2,1.75,5,-2
394,4,-3,0.25,1,-0.5
107,4,-3,0.25,1,-1
201,4,-3,0.25,1,-1.5
71,4,-3,0.25,1,-2
266,4,-3,0.25,2,-0.5
58,4,-3,0.25,2,-1
59,4,-3,0.25,2,-1.5
97,4,-3,0.25,2,-2
247,4,-3,0.25,3,-0.5
32,4,-3,0.25,3,-1
114,4,-3,0.25,3,-1.5
59,4,-3,0.25,3,-2
211,4,-3,0.25,4,-0.5
162,4,-3,0.25,4,-1
206,4,-3,0.25,4,-1.5
235,4,-3,0.25,4,-2
220,4,-3,0.25,5,-0.5
90,4,-3,0.25,5,-1
221,4,-3,0.25,5,-1.5
72,4,-3,0.25,5,-2
86,4,-3,0.75,1,-0.5
73,4,-3,0.75,1,-1
38,4,-3,0.75,1,-1.5
56,4,-3,0.75,1,-2
68,4,-3,0.75,2,-0.5
44,4,-3,0.75,2,-1
38,4,-3,0.75,2,-1.5
66,4,-3,0.75,2,-2
70,4,-3,0.75,3,-0.5
64,4,-3,0.75,3,-1
51,4,-3,0.75,3,-1.5
33,4,-3,0.75,3,-2
76,4,-3,0.75,4,-0.5
34,4,-3,0.75,4,-1
51,4,-3,0.75,4,-1.5
43,4,-3,0.75,4,-2
108,4,-3,0.75,5,-0.5
27,4,-3,0.75,5,-1
19,4,-3,0.75,5,-1.5
30,4,-3,0.75,5,-2
68,4,-3,1.25,1,-0.5
52,4,-3,1.25,1,-1
52,4,-3,1.25,1,-1.5
64,4,-3,1.25,1,-2
45,4,-3,1.25,2,-0.5
35,4,-3,1.25,2,-1
26,4,-3,1.25,2,-1.5
459,4,-3,1.25,2,-2
50,4,-3,1.25,3,-0.5
25,4,-3,1.25,3,-1
36,4,-3,1.25,3,-1.5
55,4,-3,1.25,3,-2
42,4,-3,1.25,4,-0.5
32,4,-3,1.25,4,-1
34,4,-3,1.25,4,-1.5
20,4,-3,1.25,4,-2
24,4,-3,1.25,5,-0.5
52,4,-3,1.25,5,-1
77,4,-3,1.25,5,-1.5
63,4,-3,1.25,5,-2
41,4,-3,1.75,1,-0.5
38,4,-3,1.75,1,-1
51,4,-3,1.75,1,-1.5
32,4,-3,1.75,1,-2
62,4,-3,1.75,2,-0.5
42,4,-3,1.75,2,-1
38,4,-3,1.75,2,-1.5
29,4,-3,1.75,2,-2
43,4,-3,1.75,3,-0.5
23,4,-3,1.75,3,-1
53,4,-3,1.75,3,-1.5
33,4,-3,1.75,3,-2
67,4,-3,1.75,4,-0.5
46,4,-3,1.75,4,-1
26,4,-3,1.75,4,-1.5
40,4,-3,1.75,4,-2
62,4,-3,1.75,5,-0.5
20,4,-3,1.75,5,-1
36,4,-3,1.75,5,-1.5
36,4,-3,1.75,5,-2
167,4,-4,0.25,1,-0.5
107,4,-4,0.25,1,-1
460,4,-4,0.25,1,-1.5
97,4,-4,0.25,1,-2
340,4,-4,0.25,2,-0.5
323,4,-4,0.25,2,-1
356,4,-4,0.25,2,-1.5
101,4,-4,0.25,2,-2
338,4,-4,0.25,3,-0.5
323,4,-4,0.25,3,-1
264,4,-4,0.25,3,-1.5
38,4,-4,0.25,3,-2
201,4,-4,0.25,4,-0.5
493,4,-4,0.25,4,-1
139,4,-4,0.25,4,-1.5
43,4,-4,0.25,4,-2
130,4,-4,0.25,5,-0.5
493,4,-4,0.25,5,-1
203,4,-4,0.25,5,-1.5
55,4,-4,0.25,5,-2
58,4,-4,0.75,1,-0.5
160,4,-4,0.75,1,-1
54,4,-4,0.75,1,-1.5
47,4,-4,0.75,1,-2
369,4,-4,0.75,2,-0.5
39,4,-4,0.75,2,-1
46,4,-4,0.75,2,-1.5
50,4,-4,0.75,2,-2
67,4,-4,0.75,3,-0.5
64,4,-4,0.75,3,-1
28,4,-4,0.75,3,-1.5
62,4,-4,0.75,3,-2
77,4,-4,0.75,4,-0.5
43,4,-4,0.75,4,-1
39,4,-4,0.75,4,-1.5
28,4,-4,0.75,4,-2
52,4,-4,0.75,5,-0.5
44,4,-4,0.75,5,-1
45,4,-4,0.75,5,-1.5
17,4,-4,0.75,5,-2
81,4,-4,1.25,1,-0.5
51,4,-4,1.25,1,-1
32,4,-4,1.25,1,-1.5
36,4,-4,1.25,1,-2
65,4,-4,1.25,2,-0.5
38,4,-4,1.25,2,-1
31,4,-4,1.25,2,-1.5
67,4,-4,1.25,2,-2
72,4,-4,1.25,3,-0.5
17,4,-4,1.25,3,-1
28,4,-4,1.25,3,-1.5
32,4,-4,1.25,3,-2
21,4,-4,1.25,4,-0.5
19,4,-4,1.25,4,-1
21,4,-4,1.25,4,-1.5
31,4,-4,1.25,4,-2
26,4,-4,1.25,5,-0.5
15,4,-4,1.25,5,-1
22,4,-4,1.25,5,-1.5
22,4,-4,1.25,5,-2
40,4,-4,1.75,1,-0.5
43,4,-4,1.75,1,-1
48,4,-4,1.75,1,-1.5
40,4,-4,1.75,1,-2
55,4,-4,1.75,2,-0.5
30,4,-4,1.75,2,-1
27,4,-4,1.75,2,-1.5
19,4,-4,1.75,2,-2
62,4,-4,1.75,3,-0.5
111,4,-4,1.75,3,-1
19,4,-4,1.75,3,-1.5
36,4,-4,1.75,3,-2
47,4,-4,1.75,4,-0.5
34,4,-4,1.75,4,-1
20,4,-4,1.75,4,-1.5
28,4,-4,1.75,4,-2
55,4,-4,1.75,5,-0.5
21,4,-4,1.75,5,-1
44,4,-4,1.75,5,-1.5
14,4,-4,1.75,5,-2
196,4,-5,0.25,1,-0.5
140,4,-5,0.25,1,-1
103,4,-5,0.25,1,-1.5
87,4,-5,0.25,1,-2
146,4,-5,0.25,2,-0.5
384,4,-5,0.25,2,-1
331,4,-5,0.25,2,-1.5
89,4,-5,0.25,2,-2
192,4,-5,0.25,3,-0.5
441,4,-5,0.25,3,-1
331,4,-5,0.25,3,-1.5
131,4,-5,0.25,3,-2
295,4,-5,0.25,4,-0.5
203,4,-5,0.25,4,-1
351,4,-5,0.25,4,-1.5
38,4,-5,0.25,4,-2
288,4,-5,0.25,5,-0.5
318,4,-5,0.25,5,-1
106,4,-5,0.25,5,-1.5
150,4,-5,0.25,5,-2
64,4,-5,0.75,1,-0.5
187,4,-5,0.75,1,-1
75,4,-5,0.75,1,-1.5
24,4,-5,0.75,1,-2
413,4,-5,0.75,2,-0.5
55,4,-5,0.75,2,-1
68,4,-5,0.75,2,-1.5
35,4,-5,0.75,2,-2
77,4,-5,0.75,3,-0.5
341,4,-5,0.75,3,-1
325,4,-5,0.75,3,-1.5
57,4,-5,0.75,3,-2
96,4,-5,0.75,4,-0.5
46,4,-5,0.75,4,-1
22,4,-5,0.75,4,-1.5
162,4,-5,0.75,4,-2
23,4,-5,0.75,5,-0.5
37,4,-5,0.75,5,-1
30,4,-5,0.75,5,-1.5
107,4,-5,0.75,5,-2
81,4,-5,1.25,1,-0.5
38,4,-5,1.25,1,-1
39,4,-5,1.25,1,-1.5
45,4,-5,1.25,1,-2
124,4,-5,1.25,2,-0.5
21,4,-5,1.25,2,-1
31,4,-5,1.25,2,-1.5
68,4,-5,1.25,2,-2
58,4,-5,1.25,3,-0.5
30,4,-5,1.25,3,-1
27,4,-5,1.25,3,-1.5
28,4,-5,1.25,3,-2
31,4,-5,1.25,4,-0.5
30,4,-5,1.25,4,-1
28,4,-5,1.25,4,-1.5
30,4,-5,1.25,4,-2
35,4,-5,1.25,5,-0.5
36,4,-5,1.25,5,-1
46,4,-5,1.25,5,-1.5
25,4,-5,1.25,5,-2
54,4,-5,1.75,1,-0.5
53,4,-5,1.75,1,-1
67,4,-5,1.75,1,-1.5
22,4,-5,1.75,1,-2
49,4,-5,1.75,2,-0.5
53,4,-5,1.75,2,-1
48,4,-5,1.75,2,-1.5
42,4,-5,1.75,2,-2
43,4,-5,1.75,3,-0.5
31,4,-5,1.75,3,-1
16,4,-5,1.75,3,-1.5
17,4,-5,1.75,3,-2
22,4,-5,1.75,4,-0.5
32,4,-5,1.75,4,-1
13,4,-5,1.75,4,-1.5
21,4,-5,1.75,4,-2
31,4,-5,1.75,5,-0.5
17,4,-5,1.75,5,-1
80,4,-5,1.75,5,-1.5
42,4,-5,1.75,5,-2
209,5,-1,0.25,1,-0.5
123,5,-1,0.25,1,-1
113,5,-1,0.25,1,-1.5
175,5,-1,0.25,1,-2
229,5,-1,0.25,2,-0.5
128,5,-1,0.25,2,-1
131,5,-1,0.25,2,-1.5
113,5,-1,0.25,2,-2
178,5,-1,0.25,3,-0.5
111,5,-1,0.25,3,-1
210,5,-1,0.25,3,-1.5
99,5,-1,0.25,3,-2
165,5,-1,0.25,4,-0.5
102,5,-1,0.25,4,-1
179,5,-1,0.25,4,-1.5
128,5,-1,0.25,4,-2
222,5,-1,0.25,5,-0.5
133,5,-1,0.25,5,-1
110,5,-1,0.25,5,-1.5
80,5,-1,0.25,5,-2
134,5,-1,0.75,1,-0.5
112,5,-1,0.75,1,-1
82,5,-1,0.75,1,-1.5
86,5,-1,0.75,1,-2
118,5,-1,0.75,2,-0.5
111,5,-1,0.75,2,-1
82,5,-1,0.75,2,-1.5
55,5,-1,0.75,2,-2
133,5,-1,0.75,3,-0.5
137,5,-1,0.75,3,-1
88,5,-1,0.75,3,-1.5
101,5,-1,0.75,3,-2
103,5,-1,0.75,4,-0.5
65,5,-1,0.75,4,-1
90,5,-1,0.75,4,-1.5
65,5,-1,0.75,4,-2
63,5,-1,0.75,5,-0.5
132,5,-1,0.75,5,-1
92,5,-1,0.75,5,-1.5
60,5,-1,0.75,5,-2
127,5,-1,1.25,1,-0.5
108,5,-1,1.25,1,-1
72,5,-1,1.25,1,-1.5
78,5,-1,1.25,1,-2
122,5,-1,1.25,2,-0.5
95,5,-1,1.25,2,-1
92,5,-1,1.25,2,-1.5
52,5,-1,1.25,2,-2
104,5,-1,1.25,3,-0.5
56,5,-1,1.25,3,-1
79,5,-1,1.25,3,-1.5
67,5,-1,1.25,3,-2
90,5,-1,1.25,4,-0.5
69,5,-1,1.25,4,-1
62,5,-1,1.25,4,-1.5
56,5,-1,1.25,4,-2
104,5,-1,1.25,5,-0.5
68,5,-1,1.25,5,-1
69,5,-1,1.25,5,-1.5
34,5,-1,1.25,5,-2
111,5,-1,1.75,1,-0.5
112,5,-1,1.75,1,-1
96,5,-1,1.75,1,-1.5
52,5,-1,1.75,1,-2
122,5,-1,1.75,2,-0.5
90,5,-1,1.75,2,-1
76,5,-1,1.75,2,-1.5
66,5,-1,1.75,2,-2
122,5,-1,1.75,3,-0.5
89,5,-1,1.75,3,-1
71,5,-1,1.75,3,-1.5
76,5,-1,1.75,3,-2
85,5,-1,1.75,4,-0.5
71,5,-1,1.75,4,-1
69,5,-1,1.75,4,-1.5
54,5,-1,1.75,4,-2
102,5,-1,1.75,5,-0.5
56,5,-1,1.75,5,-1
66,5,-1,1.75,5,-1.5
88,5,-1,1.75,5,-2
161,5,-2,0.25,1,-0.5
132,5,-2,0.25,1,-1
104,5,-2,0.25,1,-1.5
125,5,-2,0.25,1,-2
231,5,-2,0.25,2,-0.5
398,5,-2,0.25,2,-1
426,5,-2,0.25,2,-1.5
134,5,-2,0.25,2,-2
201,5,-2,0.25,3,-0.5
398,5,-2,0.25,3,-1
69,5,-2,0.25,3,-1.5
66,5,-2,0.25,3,-2
132,5,-2,0.25,4,-0.5
487,5,-2,0.25,4,-1
61,5,-2,0.25,4,-1.5
118,5,-2,0.25,4,-2
81,5,-2,0.25,5,-0.5
83,5,-2,0.25,5,-1
54,5,-2,0.25,5,-1.5
91,5,-2,0.25,5,-2
75,5,-2,0.75,1,-0.5
100,5,-2,0.75,1,-1
77,5,-2,0.75,1,-1.5
43,5,-2,0.75,1,-2
93,5,-2,0.75,2,-0.5
92,5,-2,0.75,2,-1
67,5,-2,0.75,2,-1.5
78,5,-2,0.75,2,-2
115,5,-2,0.75,3,-0.5
45,5,-2,0.75,3,-1
43,5,-2,0.75,3,-1.5
57,5,-2,0.75,3,-2
126,5,-2,0.75,4,-0.5
62,5,-2,0.75,4,-1
60,5,-2,0.75,4,-1.5
21,5,-2,0.75,4,-2
62,5,-2,0.75,5,-0.5
37,5,-2,0.75,5,-1
47,5,-2,0.75,5,-1.5
41,5,-2,0.75,5,-2
120,5,-2,1.25,1,-0.5
64,5,-2,1.25,1,-1
71,5,-2,1.25,1,-1.5
44,5,-2,1.25,1,-2
72,5,-2,1.25,2,-0.5
33,5,-2,1.25,2,-1
38,5,-2,1.25,2,-1.5
45,5,-2,1.25,2,-2
36,5,-2,1.25,3,-0.5
60,5,-2,1.25,3,-1
38,5,-2,1.25,3,-1.5
44,5,-2,1.25,3,-2
57,5,-2,1.25,4,-0.5
74,5,-2,1.25,4,-1
45,5,-2,1.25,4,-1.5
47,5,-2,1.25,4,-2
87,5,-2,1.25,5,-0.5
55,5,-2,1.25,5,-1
44,5,-2,1.25,5,-1.5
54,5,-2,1.25,5,-2
90,5,-2,1.75,1,-0.5
42,5,-2,1.75,1,-1
70,5,-2,1.75,1,-1.5
67,5,-2,1.75,1,-2
80,5,-2,1.75,2,-0.5
70,5,-2,1.75,2,-1
63,5,-2,1.75,2,-1.5
28,5,-2,1.75,2,-2
82,5,-2,1.75,3,-0.5
48,5,-2,1.75,3,-1
76,5,-2,1.75,3,-1.5
35,5,-2,1.75,3,-2
58,5,-2,1.75,4,-0.5
30,5,-2,1.75,4,-1
43,5,-2,1.75,4,-1.5
56,5,-2,1.75,4,-2
81,5,-2,1.75,5,-0.5
67,5,-2,1.75,5,-1
32,5,-2,1.75,5,-1.5
17,5,-2,1.75,5,-2
275,5,-3,0.25,1,-0.5
237,5,-3,0.25,1,-1
309,5,-3,0.25,1,-1.5
92,5,-3,0.25,1,-2
123,5,-3,0.25,2,-0.5
150,5,-3,0.25,2,-1
300,5,-3,0.25,2,-1.5
72,5,-3,0.25,2,-2
429,5,-3,0.25,3,-0.5
104,5,-3,0.25,3,-1
82,5,-3,0.25,3,-1.5
56,5,-3,0.25,3,-2
372,5,-3,0.25,4,-0.5
157,5,-3,0.25,4,-1
105,5,-3,0.25,4,-1.5
99,5,-3,0.25,4,-2
336,5,-3,0.25,5,-0.5
420,5,-3,0.25,5,-1
71,5,-3,0.25,5,-1.5
106,5,-3,0.25,5,-2
137,5,-3,0.75,1,-0.5
81,5,-3,0.75,1,-1
67,5,-3,0.75,1,-1.5
39,5,-3,0.75,1,-2
53,5,-3,0.75,2,-0.5
37,5,-3,0.75,2,-1
58,5,-3,0.75,2,-1.5
49,5,-3,0.75,2,-2
76,5,-3,0.75,3,-0.5
55,5,-3,0.75,3,-1
54,5,-3,0.75,3,-1.5
39,5,-3,0.75,3,-2
71,5,-3,0.75,4,-0.5
41,5,-3,0.75,4,-1
25,5,-3,0.75,4,-1.5
36,5,-3,0.75,4,-2
122,5,-3,0.75,5,-0.5
75,5,-3,0.75,5,-1
81,5,-3,0.75,5,-1.5
27,5,-3,0.75,5,-2
58,5,-3,1.25,1,-0.5
468,5,-3,1.25,1,-1
36,5,-3,1.25,1,-1.5
40,5,-3,1.25,1,-2
53,5,-3,1.25,2,-0.5
57,5,-3,1.25,2,-1
61,5,-3,1.25,2,-1.5
17,5,-3,1.25,2,-2
54,5,-3,1.25,3,-0.5
23,5,-3,1.25,3,-1
55,5,-3,1.25,3,-1.5
34,5,-3,1.25,3,-2
69,5,-3,1.25,4,-0.5
42,5,-3,1.25,4,-1
41,5,-3,1.25,4,-1.5
18,5,-3,1.25,4,-2
64,5,-3,1.25,5,-0.5
29,5,-3,1.25,5,-1
37,5,-3,1.25,5,-1.5
21,5,-3,1.25,5,-2
60,5,-3,1.75,1,-0.5
41,5,-3,1.75,1,-1
93,5,-3,1.75,1,-1.5
37,5,-3,1.75,1,-2
77,5,-3,1.75,2,-0.5
28,5,-3,1.75,2,-1
45,5,-3,1.75,2,-1.5
44,5,-3,1.75,2,-2
27,5,-3,1.75,3,-0.5
35,5,-3,1.75,3,-1
37,5,-3,1.75,3,-1.5
44,5,-3,1.75,3,-2
50,5,-3,1.75,4,-0.5
38,5,-3,1.75,4,-1
51,5,-3,1.75,4,-1.5
75,5,-3,1.75,4,-2
76,5,-3,1.75,5,-0.5
47,5,-3,1.75,5,-1
29,5,-3,1.75,5,-1.5
26,5,-3,1.75,5,-2
152,5,-4,0.25,1,-0.5
362,5,-4,0.25,1,-1
444,5,-4,0.25,1,-1.5
145,5,-4,0.25,1,-2
187,5,-4,0.25,2,-0.5
319,5,-4,0.25,2,-1
144,5,-4,0.25,2,-1.5
343,5,-4,0.25,2,-2
382,5,-4,0.25,3,-0.5
442,5,-4,0.25,3,-1
237,5,-4,0.25,3,-1.5
123,5,-4,0.25,3,-2
63,5,-4,0.25,4,-0.5
442,5,-4,0.25,4,-1
190,5,-4,0.25,4,-1.5
165,5,-4,0.25,4,-2
209,5,-4,0.25,5,-0.5
442,5,-4,0.25,5,-1
183,5,-4,0.25,5,-1.5
64,5,-4,0.25,5,-2
82,5,-4,0.75,1,-0.5
111,5,-4,0.75,1,-1
122,5,-4,0.75,1,-1.5
73,5,-4,0.75,1,-2
536,5,-4,0.75,2,-0.5
64,5,-4,0.75,2,-1
133,5,-4,0.75,2,-1.5
151,5,-4,0.75,2,-2
199,5,-4,0.75,3,-0.5
90,5,-4,0.75,3,-1
455,5,-4,0.75,3,-1.5
37,5,-4,0.75,3,-2
93,5,-4,0.75,4,-0.5
44,5,-4,0.75,4,-1
35,5,-4,0.75,4,-1.5
234,5,-4,0.75,4,-2
66,5,-4,0.75,5,-0.5
218,5,-4,0.75,5,-1
49,5,-4,0.75,5,-1.5
35,5,-4,0.75,5,-2
46,5,-4,1.25,1,-0.5
70,5,-4,1.25,1,-1
23,5,-4,1.25,1,-1.5
41,5,-4,1.25,1,-2
37,5,-4,1.25,2,-0.5
25,5,-4,1.25,2,-1
65,5,-4,1.25,2,-1.5
27,5,-4,1.25,2,-2
57,5,-4,1.25,3,-0.5
19,5,-4,1.25,3,-1
38,5,-4,1.25,3,-1.5
36,5,-4,1.25,3,-2
58,5,-4,1.25,4,-0.5
49,5,-4,1.25,4,-1
55,5,-4,1.25,4,-1.5
32,5,-4,1.25,4,-2
85,5,-4,1.25,5,-0.5
30,5,-4,1.25,5,-1
42,5,-4,1.25,5,-1.5
40,5,-4,1.25,5,-2
73,5,-4,1.75,1,-0.5
41,5,-4,1.75,1,-1
35,5,-4,1.75,1,-1.5
35,5,-4,1.75,1,-2
46,5,-4,1.75,2,-0.5
47,5,-4,1.75,2,-1
32,5,-4,1.75,2,-1.5
33,5,-4,1.75,2,-2
85,5,-4,1.75,3,-0.5
30,5,-4,1.75,3,-1
26,5,-4,1.75,3,-1.5
44,5,-4,1.75,3,-2
50,5,-4,1.75,4,-0.5
37,5,-4,1.75,4,-1
36,5,-4,1.75,4,-1.5
23,5,-4,1.75,4,-2
22,5,-4,1.75,5,-0.5
51,5,-4,1.75,5,-1
19,5,-4,1.75,5,-1.5
32,5,-4,1.75,5,-2
434,5,-5,0.25,1,-0.5
198,5,-5,0.25,1,-1
189,5,-5,0.25,1,-1.5
473,5,-5,0.25,1,-2
449,5,-5,0.25,2,-0.5
156,5,-5,0.25,2,-1
378,5,-5,0.25,2,-1.5
235,5,-5,0.25,2,-2
449,5,-5,0.25,3,-0.5
116,5,-5,0.25,3,-1
206,5,-5,0.25,3,-1.5
82,5,-5,0.25,3,-2
438,5,-5,0.25,4,-0.5
219,5,-5,0.25,4,-1
197,5,-5,0.25,4,-1.5
102,5,-5,0.25,4,-2
149,5,-5,0.25,5,-0.5
94,5,-5,0.25,5,-1
484,5,-5,0.25,5,-1.5
80,5,-5,0.25,5,-2
73,5,-5,0.75,1,-0.5
86,5,-5,0.75,1,-1
173,5,-5,0.75,1,-1.5
165,5,-5,0.75,1,-2
132,5,-5,0.75,2,-0.5
481,5,-5,0.75,2,-1
129,5,-5,0.75,2,-1.5
207,5,-5,0.75,2,-2
406,5,-5,0.75,3,-0.5
100,5,-5,0.75,3,-1
64,5,-5,0.75,3,-1.5
46,5,-5,0.75,3,-2
523,5,-5,0.75,4,-0.5
75,5,-5,0.75,4,-1
50,5,-5,0.75,4,-1.5
103,5,-5,0.75,4,-2
413,5,-5,0.75,5,-0.5
83,5,-5,0.75,5,-1
182,5,-5,0.75,5,-1.5
77,5,-5,0.75,5,-2
39,5,-5,1.25,1,-0.5
36,5,-5,1.25,1,-1
16,5,-5,1.25,1,-1.5
46,5,-5,1.25,1,-2
103,5,-5,1.25,2,-0.5
39,5,-5,1.25,2,-1
31,5,-5,1.25,2,-1.5
60,5,-5,1.25,2,-2
58,5,-5,1.25,3,-0.5
37,5,-5,1.25,3,-1
20,5,-5,1.25,3,-1.5
26,5,-5,1.25,3,-2
54,5,-5,1.25,4,-0.5
19,5,-5,1.25,4,-1
37,5,-5,1.25,4,-1.5
33,5,-5,1.25,4,-2
49,5,-5,1.25,5,-0.5
169,5,-5,1.25,5,-1
48,5,-5,1.25,5,-1.5
16,5,-5,1.25,5,-2
44,5,-5,1.75,1,-0.5
45,5,-5,1.75,1,-1
62,5,-5,1.75,1,-1.5
44,5,-5,1.75,1,-2
34,5,-5,1.75,2,-0.5
45,5,-5,1.75,2,-1
22,5,-5,1.75,2,-1.5
31,5,-5,1.75,2,-2
28,5,-5,1.75,3,-0.5
36,5,-5,1.75,3,-1
50,5,-5,1.75,3,-1.5
25,5,-5,1.75,3,-2
54,5,-5,1.75,4,-0.5
44,5,-5,1.75,4,-1
18,5,-5,1.75,4,-1.5
26,5,-5,1.75,4,-2
52,5,-5,1.75,5,-0.5
42,5,-5,1.75,5,-1
21,5,-5,1.75,5,-1.5
43,5,-5,1.75,5,-2
