43,1,-1,0.25,1,-0.5
72,1,-1,0.25,1,-1
43,1,-1,0.25,1,-1.5
34,1,-1,0.25,1,-2
32,1,-1,0.25,2,-0.5
107,1,-1,0.25,2,-1
29,1,-1,0.25,2,-1.5
90,1,-1,0.25,2,-2
50,1,-1,0.25,3,-0.5
36,1,-1,0.25,3,-1
57,1,-1,0.25,3,-1.5
50,1,-1,0.25,3,-2
44,1,-1,0.25,4,-0.5
35,1,-1,0.25,4,-1
71,1,-1,0.25,4,-1.5
39,1,-1,0.25,4,-2
59,1,-1,0.25,5,-0.5
36,1,-1,0.25,5,-1
29,1,-1,0.25,5,-1.5
44,1,-1,0.25,5,-2
49,1,-1,0.75,1,-0.5
59,1,-1,0.75,1,-1
42,1,-1,0.75,1,-1.5
38,1,-1,0.75,1,-2
42,1,-1,0.75,2,-0.5
77,1,-1,0.75,2,-1
56,1,-1,0.75,2,-1.5
30,1,-1,0.75,2,-2
66,1,-1,0.75,3,-0.5
41,1,-1,0.75,3,-1
53,1,-1,0.75,3,-1.5
54,1,-1,0.75,3,-2
63,1,-1,0.75,4,-0.5
78,1,-1,0.75,4,-1
63,1,-1,0.75,4,-1.5
77,1,-1,0.75,4,-2
81,1,-1,0.75,5,-0.5
82,1,-1,0.75,5,-1
61,1,-1,0.75,5,-1.5
88,1,-1,0.75,5,-2
121,1,-1,1.25,1,-0.5
115,1,-1,1.25,1,-1
102,1,-1,1.25,1,-1.5
83,1,-1,1.25,1,-2
105,1,-1,1.25,2,-0.5
100,1,-1,1.25,2,-1
83,1,-1,1.25,2,-1.5
114,1,-1,1.25,2,-2
100,1,-1,1.25,3,-0.5
89,1,-1,1.25,3,-1
101,1,-1,1.25,3,-1.5
61,1,-1,1.25,3,-2
107,1,-1,1.25,4,-0.5
116,1,-1,1.25,4,-1
103,1,-1,1.25,4,-1.5
110,1,-1,1.25,4,-2
131,1,-1,1.25,5,-0.5
102,1,-1,1.25,5,-1
88,1,-1,1.25,5,-1.5
85,1,-1,1.25,5,-2
157,1,-1,1.75,1,-0.5
121,1,-1,1.75,1,-1
122,1,-1,1.75,1,-1.5
130,1,-1,1.75,1,-2
165,1,-1,1.75,2,-0.5
130,1,-1,1.75,2,-1
104,1,-1,1.75,2,-1.5
139,1,-1,1.75,2,-2
155,1,-1,1.75,3,-0.5
137,1,-1,1.75,3,-1
124,1,-1,1.75,3,-1.5
112,1,-1,1.75,3,-2
150,1,-1,1.75,4,-0.5
113,1,-1,1.75,4,-1
134,1,-1,1.75,4,-1.5
106,1,-1,1.75,4,-2
153,1,-1,1.75,5,-0.5
129,1,-1,1.75,5,-1
111,1,-1,1.75,5,-1.5
124,1,-1,1.75,5,-2
145,1,-2,0.25,1,-0.5
47,1,-2,0.25,1,-1
70,1,-2,0.25,1,-1.5
48,1,-2,0.25,1,-2
63,1,-2,0.25,2,-0.5
70,1,-2,0.25,2,-1
61,1,-2,0.25,2,-1.5
44,1,-2,0.25,2,-2
50,1,-2,0.25,3,-0.5
141,1,-2,0.25,3,-1
42,1,-2,0.25,3,-1.5
29,1,-2,0.25,3,-2
204,1,-2,0.25,4,-0.5
205,1,-2,0.25,4,-1
54,1,-2,0.25,4,-1.5
57,1,-2,0.25,4,-2
411,1,-2,0.25,5,-0.5
37,1,-2,0.25,5,-1
53,1,-2,0.25,5,-1.5
22,1,-2,0.25,5,-2
25,1,-2,0.75,1,-0.5
52,1,-2,0.75,1,-1
26,1,-2,0.75,1,-1.5
26,1,-2,0.75,1,-2
37,1,-2,0.75,2,-0.5
49,1,-2,0.75,2,-1
178,1,-2,0.75,2,-1.5
18,1,-2,0.75,2,-2
36,1,-2,0.75,3,-0.5
47,1,-2,0.75,3,-1
39,1,-2,0.75,3,-1.5
33,1,-2,0.75,3,-2
41,1,-2,0.75,4,-0.5
31,1,-2,0.75,4,-1
73,1,-2,0.75,4,-1.5
63,1,-2,0.75,4,-2
42,1,-2,0.75,5,-0.5
65,1,-2,0.75,5,-1
44,1,-2,0.75,5,-1.5
36,1,-2,0.75,5,-2
75,1,-2,1.25,1,-0.5
70,1,-2,1.25,1,-1
44,1,-2,1.25,1,-1.5
47,1,-2,1.25,1,-2
58,1,-2,1.25,2,-0.5
56,1,-2,1.25,2,-1
29,1,-2,1.25,2,-1.5
68,1,-2,1.25,2,-2
71,1,-2,1.25,3,-0.5
48,1,-2,1.25,3,-1
64,1,-2,1.25,3,-1.5
63,1,-2,1.25,3,-2
64,1,-2,1.25,4,-0.5
54,1,-2,1.25,4,-1
60,1,-2,1.25,4,-1.5
73,1,-2,1.25,4,-2
82,1,-2,1.25,5,-0.5
58,1,-2,1.25,5,-1
79,1,-2,1.25,5,-1.5
68,1,-2,1.25,5,-2
127,1,-2,1.75,1,-0.5
107,1,-2,1.75,1,-1
80,1,-2,1.75,1,-1.5
77,1,-2,1.75,1,-2
107,1,-2,1.75,2,-0.5
102,1,-2,1.75,2,-1
84,1,-2,1.75,2,-1.5
60,1,-2,1.75,2,-2
100,1,-2,1.75,3,-0.5
67,1,-2,1.75,3,-1
48,1,-2,1.75,3,-1.5
91,1,-2,1.75,3,-2
86,1,-2,1.75,4,-0.5
76,1,-2,1.75,4,-1
70,1,-2,1.75,4,-1.5
94,1,-2,1.75,4,-2
118,1,-2,1.75,5,-0.5
119,1,-2,1.75,5,-1
98,1,-2,1.75,5,-1.5
106,1,-2,1.75,5,-2
127,1,-3,0.25,1,-0.5
189,1,-3,0.25,1,-1
31,1,-3,0.25,1,-1.5
84,1,-3,0.25,1,-2
35,1,-3,0.25,2,-0.5
66,1,-3,0.25,2,-1
201,1,-3,0.25,2,-1.5
53,1,-3,0.25,2,-2
181,1,-3,0.25,3,-0.5
120,1,-3,0.25,3,-1
112,1,-3,0.25,3,-1.5
50,1,-3,0.25,3,-2
352,1,-3,0.25,4,-0.5
126,1,-3,0.25,4,-1
427,1,-3,0.25,4,-1.5
179,1,-3,0.25,4,-2
466,1,-3,0.25,5,-0.5
115,1,-3,0.25,5,-1
151,1,-3,0.25,5,-1.5
90,1,-3,0.25,5,-2
40,1,-3,0.75,1,-0.5
26,1,-3,0.75,1,-1
23,1,-3,0.75,1,-1.5
61,1,-3,0.75,1,-2
32,1,-3,0.75,2,-0.5
146,1,-3,0.75,2,-1
17,1,-3,0.75,2,-1.5
23,1,-3,0.75,2,-2
39,1,-3,0.75,3,-0.5
30,1,-3,0.75,3,-1
354,1,-3,0.75,3,-1.5
33,1,-3,0.75,3,-2
56,1,-3,0.75,4,-0.5
29,1,-3,0.75,4,-1
26,1,-3,0.75,4,-1.5
37,1,-3,0.75,4,-2
37,1,-3,0.75,5,-0.5
51,1,-3,0.75,5,-1
41,1,-3,0.75,5,-1.5
47,1,-3,0.75,5,-2
76,1,-3,1.25,1,-0.5
59,1,-3,1.25,1,-1
44,1,-3,1.25,1,-1.5
53,1,-3,1.25,1,-2
61,1,-3,1.25,2,-0.5
32,1,-3,1.25,2,-1
31,1,-3,1.25,2,-1.5
44,1,-3,1.25,2,-2
42,1,-3,1.25,3,-0.5
23,1,-3,1.25,3,-1
46,1,-3,1.25,3,-1.5
48,1,-3,1.25,3,-2
45,1,-3,1.25,4,-0.5
29,1,-3,1.25,4,-1
49,1,-3,1.25,4,-1.5
73,1,-3,1.25,4,-2
44,1,-3,1.25,5,-0.5
50,1,-3,1.25,5,-1
55,1,-3,1.25,5,-1.5
57,1,-3,1.25,5,-2
84,1,-3,1.75,1,-0.5
75,1,-3,1.75,1,-1
75,1,-3,1.75,1,-1.5
79,1,-3,1.75,1,-2
83,1,-3,1.75,2,-0.5
71,1,-3,1.75,2,-1
73,1,-3,1.75,2,-1.5
69,1,-3,1.75,2,-2
64,1,-3,1.75,3,-0.5
44,1,-3,1.75,3,-1
50,1,-3,1.75,3,-1.5
66,1,-3,1.75,3,-2
90,1,-3,1.75,4,-0.5
57,1,-3,1.75,4,-1
72,1,-3,1.75,4,-1.5
68,1,-3,1.75,4,-2
75,1,-3,1.75,5,-0.5
57,1,-3,1.75,5,-1
35,1,-3,1.75,5,-1.5
76,1,-3,1.75,5,-2
155,1,-4,0.25,1,-0.5
393,1,-4,0.25,1,-1
154,1,-4,0.25,1,-1.5
33,1,-4,0.25,1,-2
212,1,-4,0.25,2,-0.5
271,1,-4,0.25,2,-1
209,1,-4,0.25,2,-1.5
40,1,-4,0.25,2,-2
73,1,-4,0.25,3,-0.5
192,1,-4,0.25,3,-1
79,1,-4,0.25,3,-1.5
224,1,-4,0.25,3,-2
326,1,-4,0.25,4,-0.5
145,1,-4,0.25,4,-1
407,1,-4,0.25,4,-1.5
82,1,-4,0.25,4,-2
195,1,-4,0.25,5,-0.5
107,1,-4,0.25,5,-1
428,1,-4,0.25,5,-1.5
50,1,-4,0.25,5,-2
36,1,-4,0.75,1,-0.5
100,1,-4,0.75,1,-1
101,1,-4,0.75,1,-1.5
37,1,-4,0.75,1,-2
83,1,-4,0.75,2,-0.5
25,1,-4,0.75,2,-1
46,1,-4,0.75,2,-1.5
52,1,-4,0.75,2,-2
24,1,-4,0.75,3,-0.5
77,1,-4,0.75,3,-1
41,1,-4,0.75,3,-1.5
31,1,-4,0.75,3,-2
19,1,-4,0.75,4,-0.5
30,1,-4,0.75,4,-1
104,1,-4,0.75,4,-1.5
37,1,-4,0.75,4,-2
49,1,-4,0.75,5,-0.5
38,1,-4,0.75,5,-1
53,1,-4,0.75,5,-1.5
66,1,-4,0.75,5,-2
96,1,-4,1.25,1,-0.5
34,1,-4,1.25,1,-1
126,1,-4,1.25,1,-1.5
18,1,-4,1.25,1,-2
43,1,-4,1.25,2,-0.5
26,1,-4,1.25,2,-1
36,1,-4,1.25,2,-1.5
46,1,-4,1.25,2,-2
35,1,-4,1.25,3,-0.5
133,1,-4,1.25,3,-1
49,1,-4,1.25,3,-1.5
34,1,-4,1.25,3,-2
30,1,-4,1.25,4,-0.5
28,1,-4,1.25,4,-1
25,1,-4,1.25,4,-1.5
26,1,-4,1.25,4,-2
75,1,-4,1.25,5,-0.5
30,1,-4,1.25,5,-1
31,1,-4,1.25,5,-1.5
30,1,-4,1.25,5,-2
61,1,-4,1.75,1,-0.5
39,1,-4,1.75,1,-1
62,1,-4,1.75,1,-1.5
37,1,-4,1.75,1,-2
54,1,-4,1.75,2,-0.5
52,1,-4,1.75,2,-1
24,1,-4,1.75,2,-1.5
25,1,-4,1.75,2,-2
44,1,-4,1.75,3,-0.5
48,1,-4,1.75,3,-1
49,1,-4,1.75,3,-1.5
38,1,-4,1.75,3,-2
85,1,-4,1.75,4,-0.5
23,1,-4,1.75,4,-1
68,1,-4,1.75,4,-1.5
33,1,-4,1.75,4,-2
51,1,-4,1.75,5,-0.5
32,1,-4,1.75,5,-1
40,1,-4,1.75,5,-1.5
58,1,-4,1.75,5,-2
464,1,-5,0.25,1,-0.5
298,1,-5,0.25,1,-1
348,1,-5,0.25,1,-1.5
60,1,-5,0.25,1,-2
388,1,-5,0.25,2,-0.5
352,1,-5,0.25,2,-1
116,1,-5,0.25,2,-1.5
208,1,-5,0.25,2,-2
239,1,-5,0.25,3,-0.5
65,1,-5,0.25,3,-1
115,1,-5,0.25,3,-1.5
129,1,-5,0.25,3,-2
66,1,-5,0.25,4,-0.5
77,1,-5,0.25,4,-1
76,1,-5,0.25,4,-1.5
43,1,-5,0.25,4,-2
303,1,-5,0.25,5,-0.5
325,1,-5,0.25,5,-1
129,1,-5,0.25,5,-1.5
70,1,-5,0.25,5,-2
466,1,-5,0.75,1,-0.5
38,1,-5,0.75,1,-1
57,1,-5,0.75,1,-1.5
29,1,-5,0.75,1,-2
63,1,-5,0.75,2,-0.5
129,1,-5,0.75,2,-1
183,1,-5,0.75,2,-1.5
39,1,-5,0.75,2,-2
67,1,-5,0.75,3,-0.5
47,1,-5,0.75,3,-1
32,1,-5,0.75,3,-1.5
39,1,-5,0.75,3,-2
37,1,-5,0.75,4,-0.5
54,1,-5,0.75,4,-1
67,1,-5,0.75,4,-1.5
21,1,-5,0.75,4,-2
284,1,-5,0.75,5,-0.5
152,1,-5,0.75,5,-1
81,1,-5,0.75,5,-1.5
31,1,-5,0.75,5,-2
79,1,-5,1.25,1,-0.5
145,1,-5,1.25,1,-1
130,1,-5,1.25,1,-1.5
62,1,-5,1.25,1,-2
32,1,-5,1.25,2,-0.5
74,1,-5,1.25,2,-1
40,1,-5,1.25,2,-1.5
29,1,-5,1.25,2,-2
53,1,-5,1.25,3,-0.5
125,1,-5,1.25,3,-1
51,1,-5,1.25,3,-1.5
24,1,-5,1.25,3,-2
65,1,-5,1.25,4,-0.5
77,1,-5,1.25,4,-1
20,1,-5,1.25,4,-1.5
16,1,-5,1.25,4,-2
34,1,-5,1.25,5,-0.5
43,1,-5,1.25,5,-1
31,1,-5,1.25,5,-1.5
31,1,-5,1.25,5,-2
56,1,-5,1.75,1,-0.5
67,1,-5,1.75,1,-1
32,1,-5,1.75,1,-1.5
37,1,-5,1.75,1,-2
42,1,-5,1.75,2,-0.5
46,1,-5,1.75,2,-1
55,1,-5,1.75,2,-1.5
100,1,-5,1.75,2,-2
64,1,-5,1.75,3,-0.5
48,1,-5,1.75,3,-1
20,1,-5,1.75,3,-1.5
18,1,-5,1.75,3,-2
39,1,-5,1.75,4,-0.5
23,1,-5,1.75,4,-1
50,1,-5,1.75,4,-1.5
45,1,-5,1.75,4,-2
24,1,-5,1.75,5,-0.5
21,1,-5,1.75,5,-1
36,1,-5,1.75,5,-1.5
30,1,-5,1.75,5,-2
482,2,-1,0.25,1,-0.5
56,2,-1,0.25,1,-1
37,2,-1,0.25,1,-1.5
43,2,-1,0.25,1,-2
104,2,-1,0.25,2,-0.5
112,2,-1,0.25,2,-1
41,2,-1,0.25,2,-1.5
24,2,-1,0.25,2,-2
130,2,-1,0.25,3,-0.5
58,2,-1,0.25,3,-1
48,2,-1,0.25,3,-1.5
74,2,-1,0.25,3,-2
113,2,-1,0.25,4,-0.5
394,2,-1,0.25,4,-1
110,2,-1,0.25,4,-1.5
75,2,-1,0.25,4,-2
95,2,-1,0.25,5,-0.5
78,2,-1,0.25,5,-1
98,2,-1,0.25,5,-1.5
74,2,-1,0.25,5,-2
67,2,-1,0.75,1,-0.5
76,2,-1,0.75,1,-1
31,2,-1,0.75,1,-1.5
52,2,-1,0.75,1,-2
47,2,-1,0.75,2,-0.5
65,2,-1,0.75,2,-1
27,2,-1,0.75,2,-1.5
42,2,-1,0.75,2,-2
79,2,-1,0.75,3,-0.5
47,2,-1,0.75,3,-1
46,2,-1,0.75,3,-1.5
31,2,-1,0.75,3,-2
68,2,-1,0.75,4,-0.5
35,2,-1,0.75,4,-1
57,2,-1,0.75,4,-1.5
29,2,-1,0.75,4,-2
73,2,-1,0.75,5,-0.5
65,2,-1,0.75,5,-1
98,2,-1,0.75,5,-1.5
52,2,-1,0.75,5,-2
107,2,-1,1.25,1,-0.5
88,2,-1,1.25,1,-1
66,2,-1,1.25,1,-1.5
77,2,-1,1.25,1,-2
81,2,-1,1.25,2,-0.5
82,2,-1,1.25,2,-1
51,2,-1,1.25,2,-1.5
48,2,-1,1.25,2,-2
111,2,-1,1.25,3,-0.5
86,2,-1,1.25,3,-1
57,2,-1,1.25,3,-1.5
48,2,-1,1.25,3,-2
90,2,-1,1.25,4,-0.5
78,2,-1,1.25,4,-1
65,2,-1,1.25,4,-1.5
33,2,-1,1.25,4,-2
108,2,-1,1.25,5,-0.5
90,2,-1,1.25,5,-1
59,2,-1,1.25,5,-1.5
63,2,-1,1.25,5,-2
134,2,-1,1.75,1,-0.5
118,2,-1,1.75,1,-1
84,2,-1,1.75,1,-1.5
92,2,-1,1.75,1,-2
132,2,-1,1.75,2,-0.5
97,2,-1,1.75,2,-1
97,2,-1,1.75,2,-1.5
119,2,-1,1.75,2,-2
116,2,-1,1.75,3,-0.5
111,2,-1,1.75,3,-1
78,2,-1,1.75,3,-1.5
102,2,-1,1.75,3,-2
111,2,-1,1.75,4,-0.5
83,2,-1,1.75,4,-1
108,2,-1,1.75,4,-1.5
98,2,-1,1.75,4,-2
144,2,-1,1.75,5,-0.5
93,2,-1,1.75,5,-1
119,2,-1,1.75,5,-1.5
91,2,-1,1.75,5,-2
138,2,-2,0.25,1,-0.5
44,2,-2,0.25,1,-1
58,2,-2,0.25,1,-1.5
92,2,-2,0.25,1,-2
138,2,-2,0.25,2,-0.5
325,2,-2,0.25,2,-1
354,2,-2,0.25,2,-1.5
111,2,-2,0.25,2,-2
271,2,-2,0.25,3,-0.5
46,2,-2,0.25,3,-1
41,2,-2,0.25,3,-1.5
38,2,-2,0.25,3,-2
150,2,-2,0.25,4,-0.5
346,2,-2,0.25,4,-1
44,2,-2,0.25,4,-1.5
33,2,-2,0.25,4,-2
220,2,-2,0.25,5,-0.5
159,2,-2,0.25,5,-1
68,2,-2,0.25,5,-1.5
36,2,-2,0.25,5,-2
36,2,-2,0.75,1,-0.5
56,2,-2,0.75,1,-1
31,2,-2,0.75,1,-1.5
37,2,-2,0.75,1,-2
22,2,-2,0.75,2,-0.5
32,2,-2,0.75,2,-1
26,2,-2,0.75,2,-1.5
32,2,-2,0.75,2,-2
33,2,-2,0.75,3,-0.5
27,2,-2,0.75,3,-1
38,2,-2,0.75,3,-1.5
34,2,-2,0.75,3,-2
58,2,-2,0.75,4,-0.5
49,2,-2,0.75,4,-1
30,2,-2,0.75,4,-1.5
45,2,-2,0.75,4,-2
57,2,-2,0.75,5,-0.5
50,2,-2,0.75,5,-1
67,2,-2,0.75,5,-1.5
24,2,-2,0.75,5,-2
56,2,-2,1.25,1,-0.5
38,2,-2,1.25,1,-1
44,2,-2,1.25,1,-1.5
24,2,-2,1.25,1,-2
61,2,-2,1.25,2,-0.5
30,2,-2,1.25,2,-1
47,2,-2,1.25,2,-1.5
29,2,-2,1.25,2,-2
46,2,-2,1.25,3,-0.5
40,2,-2,1.25,3,-1
42,2,-2,1.25,3,-1.5
26,2,-2,1.25,3,-2
31,2,-2,1.25,4,-0.5
41,2,-2,1.25,4,-1
20,2,-2,1.25,4,-1.5
23,2,-2,1.25,4,-2
38,2,-2,1.25,5,-0.5
32,2,-2,1.25,5,-1
52,2,-2,1.25,5,-1.5
45,2,-2,1.25,5,-2
77,2,-2,1.75,1,-0.5
46,2,-2,1.75,1,-1
69,2,-2,1.75,1,-1.5
63,2,-2,1.75,1,-2
100,2,-2,1.75,2,-0.5
80,2,-2,1.75,2,-1
40,2,-2,1.75,2,-1.5
56,2,-2,1.75,2,-2
118,2,-2,1.75,3,-0.5
83,2,-2,1.75,3,-1
63,2,-2,1.75,3,-1.5
61,2,-2,1.75,3,-2
101,2,-2,1.75,4,-0.5
75,2,-2,1.75,4,-1
51,2,-2,1.75,4,-1.5
37,2,-2,1.75,4,-2
91,2,-2,1.75,5,-0.5
69,2,-2,1.75,5,-1
60,2,-2,1.75,5,-1.5
58,2,-2,1.75,5,-2
407,2,-3,0.25,1,-0.5
53,2,-3,0.25,1,-1
90,2,-3,0.25,1,-1.5
60,2,-3,0.25,1,-2
55,2,-3,0.25,2,-0.5
69,2,-3,0.25,2,-1
374,2,-3,0.25,2,-1.5
86,2,-3,0.25,2,-2
79,2,-3,0.25,3,-0.5
128,2,-3,0.25,3,-1
57,2,-3,0.25,3,-1.5
42,2,-3,0.25,3,-2
184,2,-3,0.25,4,-0.5
93,2,-3,0.25,4,-1
24,2,-3,0.25,4,-1.5
53,2,-3,0.25,4,-2
388,2,-3,0.25,5,-0.5
149,2,-3,0.25,5,-1
31,2,-3,0.25,5,-1.5
44,2,-3,0.25,5,-2
77,2,-3,0.75,1,-0.5
147,2,-3,0.75,1,-1
35,2,-3,0.75,1,-1.5
28,2,-3,0.75,1,-2
101,2,-3,0.75,2,-0.5
37,2,-3,0.75,2,-1
33,2,-3,0.75,2,-1.5
21,2,-3,0.75,2,-2
49,2,-3,0.75,3,-0.5
18,2,-3,0.75,3,-1
82,2,-3,0.75,3,-1.5
33,2,-3,0.75,3,-2
57,2,-3,0.75,4,-0.5
57,2,-3,0.75,4,-1
23,2,-3,0.75,4,-1.5
33,2,-3,0.75,4,-2
40,2,-3,0.75,5,-0.5
45,2,-3,0.75,5,-1
41,2,-3,0.75,5,-1.5
63,2,-3,0.75,5,-2
73,2,-3,1.25,1,-0.5
46,2,-3,1.25,1,-1
35,2,-3,1.25,1,-1.5
32,2,-3,1.25,1,-2
77,2,-3,1.25,2,-0.5
52,2,-3,1.25,2,-1
63,2,-3,1.25,2,-1.5
50,2,-3,1.25,2,-2
57,2,-3,1.25,3,-0.5
26,2,-3,1.25,3,-1
18,2,-3,1.25,3,-1.5
43,2,-3,1.25,3,-2
28,2,-3,1.25,4,-0.5
28,2,-3,1.25,4,-1
25,2,-3,1.25,4,-1.5
20,2,-3,1.25,4,-2
28,2,-3,1.25,5,-0.5
51,2,-3,1.25,5,-1
27,2,-3,1.25,5,-1.5
44,2,-3,1.25,5,-2
77,2,-3,1.75,1,-0.5
51,2,-3,1.75,1,-1
52,2,-3,1.75,1,-1.5
47,2,-3,1.75,1,-2
65,2,-3,1.75,2,-0.5
53,2,-3,1.75,2,-1
45,2,-3,1.75,2,-1.5
49,2,-3,1.75,2,-2
57,2,-3,1.75,3,-0.5
40,2,-3,1.75,3,-1
20,2,-3,1.75,3,-1.5
56,2,-3,1.75,3,-2
96,2,-3,1.75,4,-0.5
71,2,-3,1.75,4,-1
27,2,-3,1.75,4,-1.5
23,2,-3,1.75,4,-2
57,2,-3,1.75,5,-0.5
57,2,-3,1.75,5,-1
43,2,-3,1.75,5,-1.5
51,2,-3,1.75,5,-2
213,2,-4,0.25,1,-0.5
94,2,-4,0.25,1,-1
234,2,-4,0.25,1,-1.5
110,2,-4,0.25,1,-2
165,2,-4,0.25,2,-0.5
171,2,-4,0.25,2,-1
144,2,-4,0.25,2,-1.5
81,2,-4,0.25,2,-2
298,2,-4,0.25,3,-0.5
425,2,-4,0.25,3,-1
84,2,-4,0.25,3,-1.5
69,2,-4,0.25,3,-2
386,2,-4,0.25,4,-0.5
197,2,-4,0.25,4,-1
90,2,-4,0.25,4,-1.5
29,2,-4,0.25,4,-2
115,2,-4,0.25,5,-0.5
359,2,-4,0.25,5,-1
66,2,-4,0.25,5,-1.5
33,2,-4,0.25,5,-2
398,2,-4,0.75,1,-0.5
43,2,-4,0.75,1,-1
35,2,-4,0.75,1,-1.5
35,2,-4,0.75,1,-2
424,2,-4,0.75,2,-0.5
62,2,-4,0.75,2,-1
40,2,-4,0.75,2,-1.5
21,2,-4,0.75,2,-2
432,2,-4,0.75,3,-0.5
46,2,-4,0.75,3,-1
118,2,-4,0.75,3,-1.5
39,2,-4,0.75,3,-2
66,2,-4,0.75,4,-0.5
26,2,-4,0.75,4,-1
22,2,-4,0.75,4,-1.5
40,2,-4,0.75,4,-2
91,2,-4,0.75,5,-0.5
44,2,-4,0.75,5,-1
27,2,-4,0.75,5,-1.5
94,2,-4,0.75,5,-2
37,2,-4,1.25,1,-0.5
85,2,-4,1.25,1,-1
58,2,-4,1.25,1,-1.5
38,2,-4,1.25,1,-2
37,2,-4,1.25,2,-0.5
30,2,-4,1.25,2,-1
32,2,-4,1.25,2,-1.5
48,2,-4,1.25,2,-2
27,2,-4,1.25,3,-0.5
33,2,-4,1.25,3,-1
20,2,-4,1.25,3,-1.5
41,2,-4,1.25,3,-2
34,2,-4,1.25,4,-0.5
31,2,-4,1.25,4,-1
62,2,-4,1.25,4,-1.5
40,2,-4,1.25,4,-2
31,2,-4,1.25,5,-0.5
29,2,-4,1.25,5,-1
35,2,-4,1.25,5,-1.5
35,2,-4,1.25,5,-2
44,2,-4,1.75,1,-0.5
62,2,-4,1.75,1,-1
75,2,-4,1.75,1,-1.5
29,2,-4,1.75,1,-2
44,2,-4,1.75,2,-0.5
49,2,-4,1.75,2,-1
30,2,-4,1.75,2,-1.5
41,2,-4,1.75,2,-2
50,2,-4,1.75,3,-0.5
60,2,-4,1.75,3,-1
26,2,-4,1.75,3,-1.5
42,2,-4,1.75,3,-2
32,2,-4,1.75,4,-0.5
30,2,-4,1.75,4,-1
51,2,-4,1.75,4,-1.5
51,2,-4,1.75,4,-2
67,2,-4,1.75,5,-0.5
30,2,-4,1.75,5,-1
31,2,-4,1.75,5,-1.5
25,2,-4,1.75,5,-2
199,2,-5,0.25,1,-0.5
178,2,-5,0.25,1,-1
34,2,-5,0.25,1,-1.5
227,2,-5,0.25,1,-2
117,2,-5,0.25,2,-0.5
155,2,-5,0.25,2,-1
98,2,-5,0.25,2,-1.5
160,2,-5,0.25,2,-2
291,2,-5,0.25,3,-0.5
337,2,-5,0.25,3,-1
482,2,-5,0.25,3,-1.5
132,2,-5,0.25,3,-2
184,2,-5,0.25,4,-0.5
172,2,-5,0.25,4,-1
208,2,-5,0.25,4,-1.5
308,2,-5,0.25,4,-2
163,2,-5,0.25,5,-0.5
322,2,-5,0.25,5,-1
58,2,-5,0.25,5,-1.5
111,2,-5,0.25,5,-2
518,2,-5,0.75,1,-0.5
334,2,-5,0.75,1,-1
97,2,-5,0.75,1,-1.5
116,2,-5,0.75,1,-2
69,2,-5,0.75,2,-0.5
53,2,-5,0.75,2,-1
28,2,-5,0.75,2,-1.5
40,2,-5,0.75,2,-2
77,2,-5,0.75,3,-0.5
113,2,-5,0.75,3,-1
102,2,-5,0.75,3,-1.5
68,2,-5,0.75,3,-2
336,2,-5,0.75,4,-0.5
126,2,-5,0.75,4,-1
154,2,-5,0.75,4,-1.5
20,2,-5,0.75,4,-2
40,2,-5,0.75,5,-0.5
19,2,-5,0.75,5,-1
67,2,-5,0.75,5,-1.5
127,2,-5,0.75,5,-2
34,2,-5,1.25,1,-0.5
30,2,-5,1.25,1,-1
63,2,-5,1.25,1,-1.5
35,2,-5,1.25,1,-2
51,2,-5,1.25,2,-0.5
46,2,-5,1.25,2,-1
31,2,-5,1.25,2,-1.5
35,2,-5,1.25,2,-2
30,2,-5,1.25,3,-0.5
103,2,-5,1.25,3,-1
36,2,-5,1.25,3,-1.5
48,2,-5,1.25,3,-2
41,2,-5,1.25,4,-0.5
23,2,-5,1.25,4,-1
20,2,-5,1.25,4,-1.5
75,2,-5,1.25,4,-2
76,2,-5,1.25,5,-0.5
71,2,-5,1.25,5,-1
32,2,-5,1.25,5,-1.5
29,2,-5,1.25,5,-2
60,2,-5,1.75,1,-0.5
30,2,-5,1.75,1,-1
34,2,-5,1.75,1,-1.5
45,2,-5,1.75,1,-2
39,2,-5,1.75,2,-0.5
41,2,-5,1.75,2,-1
59,2,-5,1.75,2,-1.5
39,2,-5,1.75,2,-2
64,2,-5,1.75,3,-0.5
38,2,-5,1.75,3,-1
21,2,-5,1.75,3,-1.5
40,2,-5,1.75,3,-2
44,2,-5,1.75,4,-0.5
55,2,-5,1.75,4,-1
36,2,-5,1.75,4,-1.5
44,2,-5,1.75,4,-2
91,2,-5,1.75,5,-0.5
36,2,-5,1.75,5,-1
26,2,-5,1.75,5,-1.5
46,2,-5,1.75,5,-2
189,3,-1,0.25,1,-0.5
135,3,-1,0.25,1,-1
86,3,-1,0.25,1,-1.5
38,3,-1,0.25,1,-2
98,3,-1,0.25,2,-0.5
155,3,-1,0.25,2,-1
64,3,-1,0.25,2,-1.5
96,3,-1,0.25,2,-2
129,3,-1,0.25,3,-0.5
119,3,-1,0.25,3,-1
81,3,-1,0.25,3,-1.5
78,3,-1,0.25,3,-2
144,3,-1,0.25,4,-0.5
154,3,-1,0.25,4,-1
68,3,-1,0.25,4,-1.5
58,3,-1,0.25,4,-2
106,3,-1,0.25,5,-0.5
76,3,-1,0.25,5,-1
86,3,-1,0.25,5,-1.5
38,3,-1,0.25,5,-2
112,3,-1,0.75,1,-0.5
68,3,-1,0.75,1,-1
40,3,-1,0.75,1,-1.5
63,3,-1,0.75,1,-2
91,3,-1,0.75,2,-0.5
81,3,-1,0.75,2,-1
61,3,-1,0.75,2,-1.5
52,3,-1,0.75,2,-2
85,3,-1,0.75,3,-0.5
95,3,-1,0.75,3,-1
35,3,-1,0.75,3,-1.5
42,3,-1,0.75,3,-2
49,3,-1,0.75,4,-0.5
55,3,-1,0.75,4,-1
41,3,-1,0.75,4,-1.5
35,3,-1,0.75,4,-2
65,3,-1,0.75,5,-0.5
64,3,-1,0.75,5,-1
39,3,-1,0.75,5,-1.5
67,3,-1,0.75,5,-2
109,3,-1,1.25,1,-0.5
66,3,-1,1.25,1,-1
69,3,-1,1.25,1,-1.5
40,3,-1,1.25,1,-2
75,3,-1,1.25,2,-0.5
67,3,-1,1.25,2,-1
79,3,-1,1.25,2,-1.5
63,3,-1,1.25,2,-2
89,3,-1,1.25,3,-0.5
67,3,-1,1.25,3,-1
68,3,-1,1.25,3,-1.5
59,3,-1,1.25,3,-2
95,3,-1,1.25,4,-0.5
55,3,-1,1.25,4,-1
54,3,-1,1.25,4,-1.5
57,3,-1,1.25,4,-2
75,3,-1,1.25,5,-0.5
73,3,-1,1.25,5,-1
88,3,-1,1.25,5,-1.5
49,3,-1,1.25,5,-2
133,3,-1,1.75,1,-0.5
111,3,-1,1.75,1,-1
106,3,-1,1.75,1,-1.5
88,3,-1,1.75,1,-2
131,3,-1,1.75,2,-0.5
103,3,-1,1.75,2,-1
77,3,-1,1.75,2,-1.5
91,3,-1,1.75,2,-2
115,3,-1,1.75,3,-0.5
101,3,-1,1.75,3,-1
91,3,-1,1.75,3,-1.5
73,3,-1,1.75,3,-2
83,3,-1,1.75,4,-0.5
72,3,-1,1.75,4,-1
85,3,-1,1.75,4,-1.5
65,3,-1,1.75,4,-2
103,3,-1,1.75,5,-0.5
93,3,-1,1.75,5,-1
74,3,-1,1.75,5,-1.5
85,3,-1,1.75,5,-2
289,3,-2,0.25,1,-0.5
93,3,-2,0.25,1,-1
112,3,-2,0.25,1,-1.5
150,3,-2,0.25,1,-2
305,3,-2,0.25,2,-0.5
209,3,-2,0.25,2,-1
121,3,-2,0.25,2,-1.5
61,3,-2,0.25,2,-2
294,3,-2,0.25,3,-0.5
435,3,-2,0.25,3,-1
76,3,-2,0.25,3,-1.5
38,3,-2,0.25,3,-2
253,3,-2,0.25,4,-0.5
110,3,-2,0.25,4,-1
85,3,-2,0.25,4,-1.5
64,3,-2,0.25,4,-2
117,3,-2,0.25,5,-0.5
117,3,-2,0.25,5,-1
64,3,-2,0.25,5,-1.5
98,3,-2,0.25,5,-2
68,3,-2,0.75,1,-0.5
51,3,-2,0.75,1,-1
71,3,-2,0.75,1,-1.5
93,3,-2,0.75,1,-2
134,3,-2,0.75,2,-0.5
77,3,-2,0.75,2,-1
50,3,-2,0.75,2,-1.5
67,3,-2,0.75,2,-2
37,3,-2,0.75,3,-0.5
84,3,-2,0.75,3,-1
30,3,-2,0.75,3,-1.5
64,3,-2,0.75,3,-2
28,3,-2,0.75,4,-0.5
67,3,-2,0.75,4,-1
47,3,-2,0.75,4,-1.5
39,3,-2,0.75,4,-2
47,3,-2,0.75,5,-0.5
65,3,-2,0.75,5,-1
37,3,-2,0.75,5,-1.5
18,3,-2,0.75,5,-2
74,3,-2,1.25,1,-0.5
58,3,-2,1.25,1,-1
42,3,-2,1.25,1,-1.5
60,3,-2,1.25,1,-2
66,3,-2,1.25,2,-0.5
49,3,-2,1.25,2,-1
33,3,-2,1.25,2,-1.5
38,3,-2,1.25,2,-2
54,3,-2,1.25,3,-0.5
59,3,-2,1.25,3,-1
31,3,-2,1.25,3,-1.5
30,3,-2,1.25,3,-2
42,3,-2,1.25,4,-0.5
29,3,-2,1.25,4,-1
41,3,-2,1.25,4,-1.5
37,3,-2,1.25,4,-2
57,3,-2,1.25,5,-0.5
42,3,-2,1.25,5,-1
37,3,-2,1.25,5,-1.5
49,3,-2,1.25,5,-2
95,3,-2,1.75,1,-0.5
70,3,-2,1.75,1,-1
63,3,-2,1.75,1,-1.5
75,3,-2,1.75,1,-2
84,3,-2,1.75,2,-0.5
52,3,-2,1.75,2,-1
82,3,-2,1.75,2,-1.5
39,3,-2,1.75,2,-2
80,3,-2,1.75,3,-0.5
74,3,-2,1.75,3,-1
57,3,-2,1.75,3,-1.5
50,3,-2,1.75,3,-2
64,3,-2,1.75,4,-0.5
51,3,-2,1.75,4,-1
39,3,-2,1.75,4,-1.5
64,3,-2,1.75,4,-2
80,3,-2,1.75,5,-0.5
52,3,-2,1.75,5,-1
40,3,-2,1.75,5,-1.5
29,3,-2,1.75,5,-2
174,3,-3,0.25,1,-0.5
109,3,-3,0.25,1,-1
149,3,-3,0.25,1,-1.5
76,3,-3,0.25,1,-2
430,3,-3,0.25,2,-0.5
72,3,-3,0.25,2,-1
101,3,-3,0.25,2,-1.5
55,3,-3,0.25,2,-2
395,3,-3,0.25,3,-0.5
71,3,-3,0.25,3,-1
142,3,-3,0.25,3,-1.5
86,3,-3,0.25,3,-2
205,3,-3,0.25,4,-0.5
300,3,-3,0.25,4,-1
260,3,-3,0.25,4,-1.5
412,3,-3,0.25,4,-2
299,3,-3,0.25,5,-0.5
51,3,-3,0.25,5,-1
260,3,-3,0.25,5,-1.5
160,3,-3,0.25,5,-2
107,3,-3,0.75,1,-0.5
63,3,-3,0.75,1,-1
94,3,-3,0.75,1,-1.5
69,3,-3,0.75,1,-2
275,3,-3,0.75,2,-0.5
33,3,-3,0.75,2,-1
71,3,-3,0.75,2,-1.5
42,3,-3,0.75,2,-2
186,3,-3,0.75,3,-0.5
47,3,-3,0.75,3,-1
43,3,-3,0.75,3,-1.5
182,3,-3,0.75,3,-2
84,3,-3,0.75,4,-0.5
42,3,-3,0.75,4,-1
47,3,-3,0.75,4,-1.5
19,3,-3,0.75,4,-2
73,3,-3,0.75,5,-0.5
99,3,-3,0.75,5,-1
21,3,-3,0.75,5,-1.5
33,3,-3,0.75,5,-2
58,3,-3,1.25,1,-0.5
155,3,-3,1.25,1,-1
33,3,-3,1.25,1,-1.5
29,3,-3,1.25,1,-2
56,3,-3,1.25,2,-0.5
27,3,-3,1.25,2,-1
32,3,-3,1.25,2,-1.5
47,3,-3,1.25,2,-2
42,3,-3,1.25,3,-0.5
40,3,-3,1.25,3,-1
54,3,-3,1.25,3,-1.5
53,3,-3,1.25,3,-2
29,3,-3,1.25,4,-0.5
26,3,-3,1.25,4,-1
20,3,-3,1.25,4,-1.5
35,3,-3,1.25,4,-2
36,3,-3,1.25,5,-0.5
20,3,-3,1.25,5,-1
15,3,-3,1.25,5,-1.5
21,3,-3,1.25,5,-2
71,3,-3,1.75,1,-0.5
60,3,-3,1.75,1,-1
67,3,-3,1.75,1,-1.5
40,3,-3,1.75,1,-2
59,3,-3,1.75,2,-0.5
35,3,-3,1.75,2,-1
39,3,-3,1.75,2,-1.5
35,3,-3,1.75,2,-2
74,3,-3,1.75,3,-0.5
25,3,-3,1.75,3,-1
40,3,-3,1.75,3,-1.5
37,3,-3,1.75,3,-2
51,3,-3,1.75,4,-0.5
52,3,-3,1.75,4,-1
53,3,-3,1.75,4,-1.5
31,3,-3,1.75,4,-2
47,3,-3,1.75,5,-0.5
46,3,-3,1.75,5,-1
51,3,-3,1.75,5,-1.5
59,3,-3,1.75,5,-2
255,3,-4,0.25,1,-0.5
211,3,-4,0.25,1,-1
269,3,-4,0.25,1,-1.5
113,3,-4,0.25,1,-2
177,3,-4,0.25,2,-0.5
380,3,-4,0.25,2,-1
119,3,-4,0.25,2,-1.5
96,3,-4,0.25,2,-2
178,3,-4,0.25,3,-0.5
177,3,-4,0.25,3,-1
116,3,-4,0.25,3,-1.5
34,3,-4,0.25,3,-2
432,3,-4,0.25,4,-0.5
148,3,-4,0.25,4,-1
260,3,-4,0.25,4,-1.5
58,3,-4,0.25,4,-2
432,3,-4,0.25,5,-0.5
132,3,-4,0.25,5,-1
404,3,-4,0.25,5,-1.5
114,3,-4,0.25,5,-2
176,3,-4,0.75,1,-0.5
67,3,-4,0.75,1,-1
146,3,-4,0.75,1,-1.5
106,3,-4,0.75,1,-2
123,3,-4,0.75,2,-0.5
97,3,-4,0.75,2,-1
70,3,-4,0.75,2,-1.5
127,3,-4,0.75,2,-2
361,3,-4,0.75,3,-0.5
79,3,-4,0.75,3,-1
124,3,-4,0.75,3,-1.5
17,3,-4,0.75,3,-2
91,3,-4,0.75,4,-0.5
40,3,-4,0.75,4,-1
77,3,-4,0.75,4,-1.5
49,3,-4,0.75,4,-2
82,3,-4,0.75,5,-0.5
424,3,-4,0.75,5,-1
38,3,-4,0.75,5,-1.5
80,3,-4,0.75,5,-2
72,3,-4,1.25,1,-0.5
65,3,-4,1.25,1,-1
63,3,-4,1.25,1,-1.5
83,3,-4,1.25,1,-2
82,3,-4,1.25,2,-0.5
32,3,-4,1.25,2,-1
37,3,-4,1.25,2,-1.5
34,3,-4,1.25,2,-2
110,3,-4,1.25,3,-0.5
53,3,-4,1.25,3,-1
75,3,-4,1.25,3,-1.5
28,3,-4,1.25,3,-2
53,3,-4,1.25,4,-0.5
37,3,-4,1.25,4,-1
59,3,-4,1.25,4,-1.5
94,3,-4,1.25,4,-2
92,3,-4,1.25,5,-0.5
87,3,-4,1.25,5,-1
110,3,-4,1.25,5,-1.5
23,3,-4,1.25,5,-2
70,3,-4,1.75,1,-0.5
24,3,-4,1.75,1,-1
52,3,-4,1.75,1,-1.5
25,3,-4,1.75,1,-2
51,3,-4,1.75,2,-0.5
39,3,-4,1.75,2,-1
54,3,-4,1.75,2,-1.5
64,3,-4,1.75,2,-2
55,3,-4,1.75,3,-0.5
65,3,-4,1.75,3,-1
21,3,-4,1.75,3,-1.5
28,3,-4,1.75,3,-2
66,3,-4,1.75,4,-0.5
40,3,-4,1.75,4,-1
24,3,-4,1.75,4,-1.5
50,3,-4,1.75,4,-2
51,3,-4,1.75,5,-0.5
36,3,-4,1.75,5,-1
38,3,-4,1.75,5,-1.5
22,3,-4,1.75,5,-2
502,3,-5,0.25,1,-0.5
392,3,-5,0.25,1,-1
252,3,-5,0.25,1,-1.5
250,3,-5,0.25,1,-2
153,3,-5,0.25,2,-0.5
168,3,-5,0.25,2,-1
379,3,-5,0.25,2,-1.5
236,3,-5,0.25,2,-2
288,3,-5,0.25,3,-0.5
322,3,-5,0.25,3,-1
101,3,-5,0.25,3,-1.5
77,3,-5,0.25,3,-2
365,3,-5,0.25,4,-0.5
293,3,-5,0.25,4,-1
458,3,-5,0.25,4,-1.5
99,3,-5,0.25,4,-2
365,3,-5,0.25,5,-0.5
63,3,-5,0.25,5,-1
42,3,-5,0.25,5,-1.5
44,3,-5,0.25,5,-2
557,3,-5,0.75,1,-0.5
76,3,-5,0.75,1,-1
281,3,-5,0.75,1,-1.5
164,3,-5,0.75,1,-2
76,3,-5,0.75,2,-0.5
112,3,-5,0.75,2,-1
389,3,-5,0.75,2,-1.5
173,3,-5,0.75,2,-2
121,3,-5,0.75,3,-0.5
82,3,-5,0.75,3,-1
65,3,-5,0.75,3,-1.5
32,3,-5,0.75,3,-2
54,3,-5,0.75,4,-0.5
72,3,-5,0.75,4,-1
72,3,-5,0.75,4,-1.5
31,3,-5,0.75,4,-2
72,3,-5,0.75,5,-0.5
116,3,-5,0.75,5,-1
118,3,-5,0.75,5,-1.5
49,3,-5,0.75,5,-2
34,3,-5,1.25,1,-0.5
50,3,-5,1.25,1,-1
43,3,-5,1.25,1,-1.5
67,3,-5,1.25,1,-2
57,3,-5,1.25,2,-0.5
155,3,-5,1.25,2,-1
62,3,-5,1.25,2,-1.5
47,3,-5,1.25,2,-2
62,3,-5,1.25,3,-0.5
109,3,-5,1.25,3,-1
407,3,-5,1.25,3,-1.5
52,3,-5,1.25,3,-2
478,3,-5,1.25,4,-0.5
44,3,-5,1.25,4,-1
81,3,-5,1.25,4,-1.5
56,3,-5,1.25,4,-2
27,3,-5,1.25,5,-0.5
33,3,-5,1.25,5,-1
42,3,-5,1.25,5,-1.5
35,3,-5,1.25,5,-2
97,3,-5,1.75,1,-0.5
47,3,-5,1.75,1,-1
64,3,-5,1.75,1,-1.5
57,3,-5,1.75,1,-2
63,3,-5,1.75,2,-0.5
23,3,-5,1.75,2,-1
48,3,-5,1.75,2,-1.5
47,3,-5,1.75,2,-2
54,3,-5,1.75,3,-0.5
18,3,-5,1.75,3,-1
76,3,-5,1.75,3,-1.5
50,3,-5,1.75,3,-2
63,3,-5,1.75,4,-0.5
36,3,-5,1.75,4,-1
32,3,-5,1.75,4,-1.5
19,3,-5,1.75,4,-2
70,3,-5,1.75,5,-0.5
33,3,-5,1.75,5,-1
46,3,-5,1.75,5,-1.5
46,3,-5,1.75,5,-2
151,4,-1,0.25,1,-0.5
141,4,-1,0.25,1,-1
105,4,-1,0.25,1,-1.5
77,4,-1,0.25,1,-2
141,4,-1,0.25,2,-0.5
151,4,-1,0.25,2,-1
137,4,-1,0.25,2,-1.5
94,4,-1,0.25,2,-2
298,4,-1,0.25,3,-0.5
142,4,-1,0.25,3,-1
82,4,-1,0.25,3,-1.5
106,4,-1,0.25,3,-2
351,4,-1,0.25,4,-0.5
226,4,-1,0.25,4,-1
120,4,-1,0.25,4,-1.5
64,4,-1,0.25,4,-2
142,4,-1,0.25,5,-0.5
124,4,-1,0.25,5,-1
112,4,-1,0.25,5,-1.5
80,4,-1,0.25,5,-2
149,4,-1,0.75,1,-0.5
100,4,-1,0.75,1,-1
78,4,-1,0.75,1,-1.5
67,4,-1,0.75,1,-2
129,4,-1,0.75,2,-0.5
140,4,-1,0.75,2,-1
110,4,-1,0.75,2,-1.5
39,4,-1,0.75,2,-2
104,4,-1,0.75,3,-0.5
82,4,-1,0.75,3,-1
60,4,-1,0.75,3,-1.5
70,4,-1,0.75,3,-2
87,4,-1,0.75,4,-0.5
83,4,-1,0.75,4,-1
111,4,-1,0.75,4,-1.5
51,4,-1,0.75,4,-2
108,4,-1,0.75,5,-0.5
83,4,-1,0.75,5,-1
61,4,-1,0.75,5,-1.5
67,4,-1,0.75,5,-2
123,4,-1,1.25,1,-0.5
84,4,-1,1.25,1,-1
70,4,-1,1.25,1,-1.5
72,4,-1,1.25,1,-2
64,4,-1,1.25,2,-0.5
80,4,-1,1.25,2,-1
57,4,-1,1.25,2,-1.5
52,4,-1,1.25,2,-2
78,4,-1,1.25,3,-0.5
94,4,-1,1.25,3,-1
74,4,-1,1.25,3,-1.5
46,4,-1,1.25,3,-2
104,4,-1,1.25,4,-0.5
93,4,-1,1.25,4,-1
75,4,-1,1.25,4,-1.5
53,4,-1,1.25,4,-2
87,4,-1,1.25,5,-0.5
92,4,-1,1.25,5,-1
100,4,-1,1.25,5,-1.5
68,4,-1,1.25,5,-2
132,4,-1,1.75,1,-0.5
137,4,-1,1.75,1,-1
78,4,-1,1.75,1,-1.5
78,4,-1,1.75,1,-2
120,4,-1,1.75,2,-0.5
93,4,-1,1.75,2,-1
100,4,-1,1.75,2,-1.5
103,4,-1,1.75,2,-2
98,4,-1,1.75,3,-0.5
68,4,-1,1.75,3,-1
78,4,-1,1.75,3,-1.5
80,4,-1,1.75,3,-2
138,4,-1,1.75,4,-0.5
80,4,-1,1.75,4,-1
81,4,-1,1.75,4,-1.5
87,4,-1,1.75,4,-2
105,4,-1,1.75,5,-0.5
99,4,-1,1.75,5,-1
54,4,-1,1.75,5,-1.5
84,4,-1,1.75,5,-2
253,4,-2,0.25,1,-0.5
241,4,-2,0.25,1,-1
147,4,-2,0.25,1,-1.5
139,4,-2,0.25,1,-2
242,4,-2,0.25,2,-0.5
379,4,-2,0.25,2,-1
98,4,-2,0.25,2,-1.5
116,4,-2,0.25,2,-2
286,4,-2,0.25,3,-0.5
361,4,-2,0.25,3,-1
82,4,-2,0.25,3,-1.5
81,4,-2,0.25,3,-2
138,4,-2,0.25,4,-0.5
239,4,-2,0.25,4,-1
43,4,-2,0.25,4,-1.5
111,4,-2,0.25,4,-2
147,4,-2,0.25,5,-0.5
120,4,-2,0.25,5,-1
72,4,-2,0.25,5,-1.5
215,4,-2,0.25,5,-2
92,4,-2,0.75,1,-0.5
81,4,-2,0.75,1,-1
58,4,-2,0.75,1,-1.5
79,4,-2,0.75,1,-2
52,4,-2,0.75,2,-0.5
83,4,-2,0.75,2,-1
64,4,-2,0.75,2,-1.5
66,4,-2,0.75,2,-2
74,4,-2,0.75,3,-0.5
73,4,-2,0.75,3,-1
59,4,-2,0.75,3,-1.5
84,4,-2,0.75,3,-2
55,4,-2,0.75,4,-0.5
56,4,-2,0.75,4,-1
142,4,-2,0.75,4,-1.5
33,4,-2,0.75,4,-2
141,4,-2,0.75,5,-0.5
37,4,-2,0.75,5,-1
44,4,-2,0.75,5,-1.5
31,4,-2,0.75,5,-2
94,4,-2,1.25,1,-0.5
44,4,-2,1.25,1,-1
69,4,-2,1.25,1,-1.5
45,4,-2,1.25,1,-2
79,4,-2,1.25,2,-0.5
45,4,-2,1.25,2,-1
78,4,-2,1.25,2,-1.5
39,4,-2,1.25,2,-2
76,4,-2,1.25,3,-0.5
71,4,-2,1.25,3,-1
66,4,-2,1.25,3,-1.5
51,4,-2,1.25,3,-2
51,4,-2,1.25,4,-0.5
55,4,-2,1.25,4,-1
69,4,-2,1.25,4,-1.5
60,4,-2,1.25,4,-2
40,4,-2,1.25,5,-0.5
39,4,-2,1.25,5,-1
47,4,-2,1.25,5,-1.5
60,4,-2,1.25,5,-2
111,4,-2,1.75,1,-0.5
73,4,-2,1.75,1,-1
51,4,-2,1.75,1,-1.5
59,4,-2,1.75,1,-2
76,4,-2,1.75,2,-0.5
89,4,-2,1.75,2,-1
64,4,-2,1.75,2,-1.5
40,4,-2,1.75,2,-2
53,4,-2,1.75,3,-0.5
55,4,-2,1.75,3,-1
37,4,-2,1.75,3,-1.5
38,4,-2,1.75,3,-2
72,4,-2,1.75,4,-0.5
47,4,-2,1.75,4,-1
73,4,-2,1.75,4,-1.5
20,4,-2,1.75,4,-2
74,4,-2,1.75,5,-0.5
50,4,-2,1.75,5,-1
67,4,-2,1.75,5,-1.5
49,4,-2,1.75,5,-2
483,4,-3,0.25,1,-0.5
147,4,-3,0.25,1,-1
150,4,-3,0.25,1,-1.5
183,4,-3,0.25,1,-2
221,4,-3,0.25,2,-0.5
151,4,-3,0.25,2,-1
223,4,-3,0.25,2,-1.5
108,4,-3,0.25,2,-2
398,4,-3,0.25,3,-0.5
135,4,-3,0.25,3,-1
132,4,-3,0.25,3,-1.5
74,4,-3,0.25,3,-2
462,4,-3,0.25,4,-0.5
140,4,-3,0.25,4,-1
172,4,-3,0.25,4,-1.5
173,4,-3,0.25,4,-2
192,4,-3,0.25,5,-0.5
279,4,-3,0.25,5,-1
118,4,-3,0.25,5,-1.5
164,4,-3,0.25,5,-2
113,4,-3,0.75,1,-0.5
59,4,-3,0.75,1,-1
145,4,-3,0.75,1,-1.5
64,4,-3,0.75,1,-2
98,4,-3,0.75,2,-0.5
30,4,-3,0.75,2,-1
85,4,-3,0.75,2,-1.5
57,4,-3,0.75,2,-2
65,4,-3,0.75,3,-0.5
391,4,-3,0.75,3,-1
39,4,-3,0.75,3,-1.5
26,4,-3,0.75,3,-2
152,4,-3,0.75,4,-0.5
75,4,-3,0.75,4,-1
50,4,-3,0.75,4,-1.5
56,4,-3,0.75,4,-2
29,4,-3,0.75,5,-0.5
31,4,-3,0.75,5,-1
28,4,-3,0.75,5,-1.5
108,4,-3,0.75,5,-2
67,4,-3,1.25,1,-0.5
34,4,-3,1.25,1,-1
56,4,-3,1.25,1,-1.5
34,4,-3,1.25,1,-2
72,4,-3,1.25,2,-0.5
34,4,-3,1.25,2,-1
76,4,-3,1.25,2,-1.5
52,4,-3,1.25,2,-2
51,4,-3,1.25,3,-0.5
116,4,-3,1.25,3,-1
53,4,-3,1.25,3,-1.5
79,4,-3,1.25,3,-2
70,4,-3,1.25,4,-0.5
63,4,-3,1.25,4,-1
64,4,-3,1.25,4,-1.5
46,4,-3,1.25,4,-2
21,4,-3,1.25,5,-0.5
49,4,-3,1.25,5,-1
23,4,-3,1.25,5,-1.5
33,4,-3,1.25,5,-2
83,4,-3,1.75,1,-0.5
82,4,-3,1.75,1,-1
60,4,-3,1.75,1,-1.5
31,4,-3,1.75,1,-2
73,4,-3,1.75,2,-0.5
43,4,-3,1.75,2,-1
59,4,-3,1.75,2,-1.5
48,4,-3,1.75,2,-2
71,4,-3,1.75,3,-0.5
36,4,-3,1.75,3,-1
40,4,-3,1.75,3,-1.5
26,4,-3,1.75,3,-2
66,4,-3,1.75,4,-0.5
38,4,-3,1.75,4,-1
25,4,-3,1.75,4,-1.5
47,4,-3,1.75,4,-2
24,4,-3,1.75,5,-0.5
38,4,-3,1.75,5,-1
53,4,-3,1.75,5,-1.5
49,4,-3,1.75,5,-2
297,4,-4,0.25,1,-0.5
172,4,-4,0.25,1,-1
174,4,-4,0.25,1,-1.5
159,4,-4,0.25,1,-2
182,4,-4,0.25,2,-0.5
152,4,-4,0.25,2,-1
293,4,-4,0.25,2,-1.5
76,4,-4,0.25,2,-2
389,4,-4,0.25,3,-0.5
276,4,-4,0.25,3,-1
277,4,-4,0.25,3,-1.5
355,4,-4,0.25,3,-2
478,4,-4,0.25,4,-0.5
401,4,-4,0.25,4,-1
109,4,-4,0.25,4,-1.5
128,4,-4,0.25,4,-2
230,4,-4,0.25,5,-0.5
175,4,-4,0.25,5,-1
95,4,-4,0.25,5,-1.5
133,4,-4,0.25,5,-2
107,4,-4,0.75,1,-0.5
163,4,-4,0.75,1,-1
71,4,-4,0.75,1,-1.5
211,4,-4,0.75,1,-2
474,4,-4,0.75,2,-0.5
67,4,-4,0.75,2,-1
81,4,-4,0.75,2,-1.5
208,4,-4,0.75,2,-2
261,4,-4,0.75,3,-0.5
184,4,-4,0.75,3,-1
75,4,-4,0.75,3,-1.5
38,4,-4,0.75,3,-2
151,4,-4,0.75,4,-0.5
103,4,-4,0.75,4,-1
307,4,-4,0.75,4,-1.5
147,4,-4,0.75,4,-2
178,4,-4,0.75,5,-0.5
121,4,-4,0.75,5,-1
83,4,-4,0.75,5,-1.5
54,4,-4,0.75,5,-2
115,4,-4,1.25,1,-0.5
27,4,-4,1.25,1,-1
32,4,-4,1.25,1,-1.5
45,4,-4,1.25,1,-2
70,4,-4,1.25,2,-0.5
39,4,-4,1.25,2,-1
29,4,-4,1.25,2,-1.5
28,4,-4,1.25,2,-2
77,4,-4,1.25,3,-0.5
27,4,-4,1.25,3,-1
67,4,-4,1.25,3,-1.5
57,4,-4,1.25,3,-2
47,4,-4,1.25,4,-0.5
29,4,-4,1.25,4,-1
40,4,-4,1.25,4,-1.5
105,4,-4,1.25,4,-2
36,4,-4,1.25,5,-0.5
51,4,-4,1.25,5,-1
27,4,-4,1.25,5,-1.5
121,4,-4,1.25,5,-2
56,4,-4,1.75,1,-0.5
58,4,-4,1.75,1,-1
60,4,-4,1.75,1,-1.5
34,4,-4,1.75,1,-2
43,4,-4,1.75,2,-0.5
42,4,-4,1.75,2,-1
29,4,-4,1.75,2,-1.5
70,4,-4,1.75,2,-2
38,4,-4,1.75,3,-0.5
30,4,-4,1.75,3,-1
37,4,-4,1.75,3,-1.5
38,4,-4,1.75,3,-2
50,4,-4,1.75,4,-0.5
23,4,-4,1.75,4,-1
30,4,-4,1.75,4,-1.5
54,4,-4,1.75,4,-2
24,4,-4,1.75,5,-0.5
48,4,-4,1.75,5,-1
41,4,-4,1.75,5,-1.5
20,4,-4,1.75,5,-2
414,4,-5,0.25,1,-0.5
294,4,-5,0.25,1,-1
216,4,-5,0.25,1,-1.5
168,4,-5,0.25,1,-2
420,4,-5,0.25,2,-0.5
319,4,-5,0.25,2,-1
133,4,-5,0.25,2,-1.5
190,4,-5,0.25,2,-2
127,4,-5,0.25,3,-0.5
318,4,-5,0.25,3,-1
111,4,-5,0.25,3,-1.5
175,4,-5,0.25,3,-2
337,4,-5,0.25,4,-0.5
323,4,-5,0.25,4,-1
398,4,-5,0.25,4,-1.5
146,4,-5,0.25,4,-2
388,4,-5,0.25,5,-0.5
136,4,-5,0.25,5,-1
214,4,-5,0.25,5,-1.5
166,4,-5,0.25,5,-2
133,4,-5,0.75,1,-0.5
122,4,-5,0.75,1,-1
150,4,-5,0.75,1,-1.5
376,4,-5,0.75,1,-2
580,4,-5,0.75,2,-0.5
210,4,-5,0.75,2,-1
62,4,-5,0.75,2,-1.5
130,4,-5,0.75,2,-2
132,4,-5,0.75,3,-0.5
221,4,-5,0.75,3,-1
84,4,-5,0.75,3,-1.5
125,4,-5,0.75,3,-2
398,4,-5,0.75,4,-0.5
381,4,-5,0.75,4,-1
225,4,-5,0.75,4,-1.5
235,4,-5,0.75,4,-2
28,4,-5,0.75,5,-0.5
118,4,-5,0.75,5,-1
177,4,-5,0.75,5,-1.5
33,4,-5,0.75,5,-2
42,4,-5,1.25,1,-0.5
55,4,-5,1.25,1,-1
60,4,-5,1.25,1,-1.5
52,4,-5,1.25,1,-2
70,4,-5,1.25,2,-0.5
88,4,-5,1.25,2,-1
83,4,-5,1.25,2,-1.5
48,4,-5,1.25,2,-2
85,4,-5,1.25,3,-0.5
188,4,-5,1.25,3,-1
22,4,-5,1.25,3,-1.5
33,4,-5,1.25,3,-2
64,4,-5,1.25,4,-0.5
72,4,-5,1.25,4,-1
71,4,-5,1.25,4,-1.5
70,4,-5,1.25,4,-2
33,4,-5,1.25,5,-0.5
78,4,-5,1.25,5,-1
34,4,-5,1.25,5,-1.5
59,4,-5,1.25,5,-2
49,4,-5,1.75,1,-0.5
59,4,-5,1.75,1,-1
38,4,-5,1.75,1,-1.5
74,4,-5,1.75,1,-2
59,4,-5,1.75,2,-0.5
29,4,-5,1.75,2,-1
64,4,-5,1.75,2,-1.5
43,4,-5,1.75,2,-2
63,4,-5,1.75,3,-0.5
46,4,-5,1.75,3,-1
68,4,-5,1.75,3,-1.5
60,4,-5,1.75,3,-2
64,4,-5,1.75,4,-0.5
16,4,-5,1.75,4,-1
26,4,-5,1.75,4,-1.5
54,4,-5,1.75,4,-2
50,4,-5,1.75,5,-0.5
30,4,-5,1.75,5,-1
37,4,-5,1.75,5,-1.5
30,4,-5,1.75,5,-2
250,5,-1,0.25,1,-0.5
207,5,-1,0.25,1,-1
160,5,-1,0.25,1,-1.5
109,5,-1,0.25,1,-2
197,5,-1,0.25,2,-0.5
287,5,-1,0.25,2,-1
131,5,-1,0.25,2,-1.5
155,5,-1,0.25,2,-2
207,5,-1,0.25,3,-0.5
167,5,-1,0.25,3,-1
209,5,-1,0.25,3,-1.5
80,5,-1,0.25,3,-2
176,5,-1,0.25,4,-0.5
167,5,-1,0.25,4,-1
98,5,-1,0.25,4,-1.5
121,5,-1,0.25,4,-2
159,5,-1,0.25,5,-0.5
105,5,-1,0.25,5,-1
144,5,-1,0.25,5,-1.5
90,5,-1,0.25,5,-2
190,5,-1,0.75,1,-0.5
115,5,-1,0.75,1,-1
127,5,-1,0.75,1,-1.5
71,5,-1,0.75,1,-2
184,5,-1,0.75,2,-0.5
90,5,-1,0.75,2,-1
97,5,-1,0.75,2,-1.5
92,5,-1,0.75,2,-2
143,5,-1,0.75,3,-0.5
117,5,-1,0.75,3,-1
131,5,-1,0.75,3,-1.5
72,5,-1,0.75,3,-2
115,5,-1,0.75,4,-0.5
96,5,-1,0.75,4,-1
93,5,-1,0.75,4,-1.5
101,5,-1,0.75,4,-2
141,5,-1,0.75,5,-0.5
126,5,-1,0.75,5,-1
110,5,-1,0.75,5,-1.5
47,5,-1,0.75,5,-2
157,5,-1,1.25,1,-0.5
126,5,-1,1.25,1,-1
60,5,-1,1.25,1,-1.5
65,5,-1,1.25,1,-2
138,5,-1,1.25,2,-0.5
84,5,-1,1.25,2,-1
71,5,-1,1.25,2,-1.5
40,5,-1,1.25,2,-2
119,5,-1,1.25,3,-0.5
109,5,-1,1.25,3,-1
72,5,-1,1.25,3,-1.5
56,5,-1,1.25,3,-2
137,5,-1,1.25,4,-0.5
70,5,-1,1.25,4,-1
68,5,-1,1.25,4,-1.5
43,5,-1,1.25,4,-2
125,5,-1,1.25,5,-0.5
86,5,-1,1.25,5,-1
58,5,-1,1.25,5,-1.5
80,5,-1,1.25,5,-2
142,5,-1,1.75,1,-0.5
131,5,-1,1.75,1,-1
111,5,-1,1.75,1,-1.5
83,5,-1,1.75,1,-2
111,5,-1,1.75,2,-0.5
97,5,-1,1.75,2,-1
71,5,-1,1.75,2,-1.5
53,5,-1,1.75,2,-2
110,5,-1,1.75,3,-0.5
88,5,-1,1.75,3,-1
96,5,-1,1.75,3,-1.5
75,5,-1,1.75,3,-2
90,5,-1,1.75,4,-0.5
104,5,-1,1.75,4,-1
73,5,-1,1.75,4,-1.5
72,5,-1,1.75,4,-2
101,5,-1,1.75,5,-0.5
64,5,-1,1.75,5,-1
70,5,-1,1.75,5,-1.5
64,5,-1,1.75,5,-2
180,5,-2,0.25,1,-0.5
196,5,-2,0.25,1,-1
184,5,-2,0.25,1,-1.5
108,5,-2,0.25,1,-2
234,5,-2,0.25,2,-0.5
169,5,-2,0.25,2,-1
130,5,-2,0.25,2,-1.5
170,5,-2,0.25,2,-2
271,5,-2,0.25,3,-0.5
150,5,-2,0.25,3,-1
102,5,-2,0.25,3,-1.5
123,5,-2,0.25,3,-2
173,5,-2,0.25,4,-0.5
168,5,-2,0.25,4,-1
98,5,-2,0.25,4,-1.5
108,5,-2,0.25,4,-2
112,5,-2,0.25,5,-0.5
165,5,-2,0.25,5,-1
119,5,-2,0.25,5,-1.5
84,5,-2,0.25,5,-2
385,5,-2,0.75,1,-0.5
176,5,-2,0.75,1,-1
103,5,-2,0.75,1,-1.5
89,5,-2,0.75,1,-2
179,5,-2,0.75,2,-0.5
121,5,-2,0.75,2,-1
71,5,-2,0.75,2,-1.5
99,5,-2,0.75,2,-2
144,5,-2,0.75,3,-0.5
102,5,-2,0.75,3,-1
88,5,-2,0.75,3,-1.5
66,5,-2,0.75,3,-2
145,5,-2,0.75,4,-0.5
104,5,-2,0.75,4,-1
104,5,-2,0.75,4,-1.5
32,5,-2,0.75,4,-2
105,5,-2,0.75,5,-0.5
165,5,-2,0.75,5,-1
75,5,-2,0.75,5,-1.5
66,5,-2,0.75,5,-2
109,5,-2,1.25,1,-0.5
89,5,-2,1.25,1,-1
58,5,-2,1.25,1,-1.5
73,5,-2,1.25,1,-2
89,5,-2,1.25,2,-0.5
57,5,-2,1.25,2,-1
81,5,-2,1.25,2,-1.5
32,5,-2,1.25,2,-2
93,5,-2,1.25,3,-0.5
76,5,-2,1.25,3,-1
52,5,-2,1.25,3,-1.5
73,5,-2,1.25,3,-2
101,5,-2,1.25,4,-0.5
68,5,-2,1.25,4,-1
60,5,-2,1.25,4,-1.5
42,5,-2,1.25,4,-2
103,5,-2,1.25,5,-0.5
46,5,-2,1.25,5,-1
33,5,-2,1.25,5,-1.5
32,5,-2,1.25,5,-2
108,5,-2,1.75,1,-0.5
49,5,-2,1.75,1,-1
78,5,-2,1.75,1,-1.5
61,5,-2,1.75,1,-2
99,5,-2,1.75,2,-0.5
66,5,-2,1.75,2,-1
68,5,-2,1.75,2,-1.5
52,5,-2,1.75,2,-2
78,5,-2,1.75,3,-0.5
49,5,-2,1.75,3,-1
64,5,-2,1.75,3,-1.5
64,5,-2,1.75,3,-2
52,5,-2,1.75,4,-0.5
38,5,-2,1.75,4,-1
37,5,-2,1.75,4,-1.5
39,5,-2,1.75,4,-2
102,5,-2,1.75,5,-0.5
82,5,-2,1.75,5,-1
30,5,-2,1.75,5,-1.5
54,5,-2,1.75,5,-2
274,5,-3,0.25,1,-0.5
219,5,-3,0.25,1,-1
404,5,-3,0.25,1,-1.5
159,5,-3,0.25,1,-2
275,5,-3,0.25,2,-0.5
285,5,-3,0.25,2,-1
118,5,-3,0.25,2,-1.5
187,5,-3,0.25,2,-2
212,5,-3,0.25,3,-0.5
202,5,-3,0.25,3,-1
123,5,-3,0.25,3,-1.5
153,5,-3,0.25,3,-2
170,5,-3,0.25,4,-0.5
122,5,-3,0.25,4,-1
372,5,-3,0.25,4,-1.5
93,5,-3,0.25,4,-2
269,5,-3,0.25,5,-0.5
220,5,-3,0.25,5,-1
169,5,-3,0.25,5,-1.5
117,5,-3,0.25,5,-2
152,5,-3,0.75,1,-0.5
103,5,-3,0.75,1,-1
93,5,-3,0.75,1,-1.5
347,5,-3,0.75,1,-2
186,5,-3,0.75,2,-0.5
131,5,-3,0.75,2,-1
111,5,-3,0.75,2,-1.5
84,5,-3,0.75,2,-2
108,5,-3,0.75,3,-0.5
65,5,-3,0.75,3,-1
113,5,-3,0.75,3,-1.5
26,5,-3,0.75,3,-2
242,5,-3,0.75,4,-0.5
30,5,-3,0.75,4,-1
67,5,-3,0.75,4,-1.5
47,5,-3,0.75,4,-2
545,5,-3,0.75,5,-0.5
67,5,-3,0.75,5,-1
74,5,-3,0.75,5,-1.5
48,5,-3,0.75,5,-2
115,5,-3,1.25,1,-0.5
80,5,-3,1.25,1,-1
64,5,-3,1.25,1,-1.5
60,5,-3,1.25,1,-2
100,5,-3,1.25,2,-0.5
119,5,-3,1.25,2,-1
43,5,-3,1.25,2,-1.5
110,5,-3,1.25,2,-2
164,5,-3,1.25,3,-0.5
75,5,-3,1.25,3,-1
60,5,-3,1.25,3,-1.5
50,5,-3,1.25,3,-2
38,5,-3,1.25,4,-0.5
60,5,-3,1.25,4,-1
74,5,-3,1.25,4,-1.5
65,5,-3,1.25,4,-2
72,5,-3,1.25,5,-0.5
33,5,-3,1.25,5,-1
34,5,-3,1.25,5,-1.5
89,5,-3,1.25,5,-2
67,5,-3,1.75,1,-0.5
74,5,-3,1.75,1,-1
53,5,-3,1.75,1,-1.5
69,5,-3,1.75,1,-2
63,5,-3,1.75,2,-0.5
61,5,-3,1.75,2,-1
50,5,-3,1.75,2,-1.5
49,5,-3,1.75,2,-2
71,5,-3,1.75,3,-0.5
40,5,-3,1.75,3,-1
52,5,-3,1.75,3,-1.5
43,5,-3,1.75,3,-2
78,5,-3,1.75,4,-0.5
30,5,-3,1.75,4,-1
46,5,-3,1.75,4,-1.5
30,5,-3,1.75,4,-2
73,5,-3,1.75,5,-0.5
42,5,-3,1.75,5,-1
52,5,-3,1.75,5,-1.5
32,5,-3,1.75,5,-2
479,5,-4,0.25,1,-0.5
171,5,-4,0.25,1,-1
324,5,-4,0.25,1,-1.5
79,5,-4,0.25,1,-2
412,5,-4,0.25,2,-0.5
310,5,-4,0.25,2,-1
407,5,-4,0.25,2,-1.5
170,5,-4,0.25,2,-2
250,5,-4,0.25,3,-0.5
160,5,-4,0.25,3,-1
407,5,-4,0.25,3,-1.5
129,5,-4,0.25,3,-2
267,5,-4,0.25,4,-0.5
135,5,-4,0.25,4,-1
407,5,-4,0.25,4,-1.5
278,5,-4,0.25,4,-2
199,5,-4,0.25,5,-0.5
157,5,-4,0.25,5,-1
407,5,-4,0.25,5,-1.5
67,5,-4,0.25,5,-2
187,5,-4,0.75,1,-0.5
244,5,-4,0.75,1,-1
94,5,-4,0.75,1,-1.5
69,5,-4,0.75,1,-2
575,5,-4,0.75,2,-0.5
186,5,-4,0.75,2,-1
61,5,-4,0.75,2,-1.5
401,5,-4,0.75,2,-2
105,5,-4,0.75,3,-0.5
166,5,-4,0.75,3,-1
67,5,-4,0.75,3,-1.5
52,5,-4,0.75,3,-2
196,5,-4,0.75,4,-0.5
91,5,-4,0.75,4,-1
356,5,-4,0.75,4,-1.5
40,5,-4,0.75,4,-2
169,5,-4,0.75,5,-0.5
75,5,-4,0.75,5,-1
45,5,-4,0.75,5,-1.5
39,5,-4,0.75,5,-2
153,5,-4,1.25,1,-0.5
72,5,-4,1.25,1,-1
68,5,-4,1.25,1,-1.5
37,5,-4,1.25,1,-2
138,5,-4,1.25,2,-0.5
118,5,-4,1.25,2,-1
103,5,-4,1.25,2,-1.5
33,5,-4,1.25,2,-2
105,5,-4,1.25,3,-0.5
106,5,-4,1.25,3,-1
139,5,-4,1.25,3,-1.5
148,5,-4,1.25,3,-2
67,5,-4,1.25,4,-0.5
42,5,-4,1.25,4,-1
88,5,-4,1.25,4,-1.5
80,5,-4,1.25,4,-2
62,5,-4,1.25,5,-0.5
45,5,-4,1.25,5,-1
56,5,-4,1.25,5,-1.5
51,5,-4,1.25,5,-2
68,5,-4,1.75,1,-0.5
43,5,-4,1.75,1,-1
46,5,-4,1.75,1,-1.5
58,5,-4,1.75,1,-2
80,5,-4,1.75,2,-0.5
45,5,-4,1.75,2,-1
62,5,-4,1.75,2,-1.5
23,5,-4,1.75,2,-2
59,5,-4,1.75,3,-0.5
34,5,-4,1.75,3,-1
46,5,-4,1.75,3,-1.5
27,5,-4,1.75,3,-2
29,5,-4,1.75,4,-0.5
116,5,-4,1.75,4,-1
61,5,-4,1.75,4,-1.5
25,5,-4,1.75,4,-2
62,5,-4,1.75,5,-0.5
30,5,-4,1.75,5,-1
31,5,-4,1.75,5,-1.5
41,5,-4,1.75,5,-2
559,5,-5,0.25,1,-0.5
492,5,-5,0.25,1,-1
188,5,-5,0.25,1,-1.5
227,5,-5,0.25,1,-2
492,5,-5,0.25,2,-0.5
165,5,-5,0.25,2,-1
224,5,-5,0.25,2,-1.5
78,5,-5,0.25,2,-2
457,5,-5,0.25,3,-0.5
259,5,-5,0.25,3,-1
262,5,-5,0.25,3,-1.5
264,5,-5,0.25,3,-2
255,5,-5,0.25,4,-0.5
250,5,-5,0.25,4,-1
308,5,-5,0.25,4,-1.5
97,5,-5,0.25,4,-2
353,5,-5,0.25,5,-0.5
211,5,-5,0.25,5,-1
75,5,-5,0.25,5,-1.5
269,5,-5,0.25,5,-2
596,5,-5,0.75,1,-0.5
318,5,-5,0.75,1,-1
114,5,-5,0.75,1,-1.5
140,5,-5,0.75,1,-2
505,5,-5,0.75,2,-0.5
388,5,-5,0.75,2,-1
83,5,-5,0.75,2,-1.5
174,5,-5,0.75,2,-2
625,5,-5,0.75,3,-0.5
66,5,-5,0.75,3,-1
32,5,-5,0.75,3,-1.5
107,5,-5,0.75,3,-2
625,5,-5,0.75,4,-0.5
91,5,-5,0.75,4,-1
112,5,-5,0.75,4,-1.5
119,5,-5,0.75,4,-2
85,5,-5,0.75,5,-0.5
92,5,-5,0.75,5,-1
89,5,-5,0.75,5,-1.5
99,5,-5,0.75,5,-2
101,5,-5,1.25,1,-0.5
62,5,-5,1.25,1,-1
47,5,-5,1.25,1,-1.5
110,5,-5,1.25,1,-2
527,5,-5,1.25,2,-0.5
46,5,-5,1.25,2,-1
61,5,-5,1.25,2,-1.5
178,5,-5,1.25,2,-2
298,5,-5,1.25,3,-0.5
99,5,-5,1.25,3,-1
25,5,-5,1.25,3,-1.5
42,5,-5,1.25,3,-2
104,5,-5,1.25,4,-0.5
65,5,-5,1.25,4,-1
95,5,-5,1.25,4,-1.5
49,5,-5,1.25,4,-2
215,5,-5,1.25,5,-0.5
43,5,-5,1.25,5,-1
76,5,-5,1.25,5,-1.5
125,5,-5,1.25,5,-2
58,5,-5,1.75,1,-0.5
45,5,-5,1.75,1,-1
40,5,-5,1.75,1,-1.5
43,5,-5,1.75,1,-2
78,5,-5,1.75,2,-0.5
24,5,-5,1.75,2,-1
34,5,-5,1.75,2,-1.5
35,5,-5,1.75,2,-2
68,5,-5,1.75,3,-0.5
55,5,-5,1.75,3,-1
38,5,-5,1.75,3,-1.5
46,5,-5,1.75,3,-2
29,5,-5,1.75,4,-0.5
59,5,-5,1.75,4,-1
33,5,-5,1.75,4,-1.5
31,5,-5,1.75,4,-2
67,5,-5,1.75,5,-0.5
88,5,-5,1.75,5,-1
30,5,-5,1.75,5,-1.5
40,5,-5,1.75,5,-2
