46,1,-1,0.25,1,-0.5
26,1,-1,0.25,1,-1
39,1,-1,0.25,1,-1.5
23,1,-1,0.25,1,-2
21,1,-1,0.25,2,-0.5
23,1,-1,0.25,2,-1
31,1,-1,0.25,2,-1.5
32,1,-1,0.25,2,-2
58,1,-1,0.25,3,-0.5
36,1,-1,0.25,3,-1
45,1,-1,0.25,3,-1.5
40,1,-1,0.25,3,-2
41,1,-1,0.25,4,-0.5
24,1,-1,0.25,4,-1
49,1,-1,0.25,4,-1.5
26,1,-1,0.25,4,-2
47,1,-1,0.25,5,-0.5
45,1,-1,0.25,5,-1
29,1,-1,0.25,5,-1.5
36,1,-1,0.25,5,-2
45,1,-1,0.75,1,-0.5
62,1,-1,0.75,1,-1
53,1,-1,0.75,1,-1.5
55,1,-1,0.75,1,-2
48,1,-1,0.75,2,-0.5
36,1,-1,0.75,2,-1
43,1,-1,0.75,2,-1.5
57,1,-1,0.75,2,-2
47,1,-1,0.75,3,-0.5
46,1,-1,0.75,3,-1
76,1,-1,0.75,3,-1.5
72,1,-1,0.75,3,-2
53,1,-1,0.75,4,-0.5
75,1,-1,0.75,4,-1
37,1,-1,0.75,4,-1.5
70,1,-1,0.75,4,-2
76,1,-1,0.75,5,-0.5
64,1,-1,0.75,5,-1
45,1,-1,0.75,5,-1.5
63,1,-1,0.75,5,-2
115,1,-1,1.25,1,-0.5
87,1,-1,1.25,1,-1
81,1,-1,1.25,1,-1.5
101,1,-1,1.25,1,-2
109,1,-1,1.25,2,-0.5
103,1,-1,1.25,2,-1
107,1,-1,1.25,2,-1.5
78,1,-1,1.25,2,-2
81,1,-1,1.25,3,-0.5
96,1,-1,1.25,3,-1
99,1,-1,1.25,3,-1.5
86,1,-1,1.25,3,-2
78,1,-1,1.25,4,-0.5
94,1,-1,1.25,4,-1
88,1,-1,1.25,4,-1.5
102,1,-1,1.25,4,-2
110,1,-1,1.25,5,-0.5
78,1,-1,1.25,5,-1
91,1,-1,1.25,5,-1.5
92,1,-1,1.25,5,-2
191,1,-1,1.75,1,-0.5
143,1,-1,1.75,1,-1
137,1,-1,1.75,1,-1.5
117,1,-1,1.75,1,-2
156,1,-1,1.75,2,-0.5
140,1,-1,1.75,2,-1
140,1,-1,1.75,2,-1.5
105,1,-1,1.75,2,-2
141,1,-1,1.75,3,-0.5
96,1,-1,1.75,3,-1
147,1,-1,1.75,3,-1.5
116,1,-1,1.75,3,-2
159,1,-1,1.75,4,-0.5
111,1,-1,1.75,4,-1
108,1,-1,1.75,4,-1.5
114,1,-1,1.75,4,-2
140,1,-1,1.75,5,-0.5
143,1,-1,1.75,5,-1
110,1,-1,1.75,5,-1.5
119,1,-1,1.75,5,-2
98,1,-2,0.25,1,-0.5
39,1,-2,0.25,1,-1
196,1,-2,0.25,1,-1.5
52,1,-2,0.25,1,-2
155,1,-2,0.25,2,-0.5
158,1,-2,0.25,2,-1
21,1,-2,0.25,2,-1.5
34,1,-2,0.25,2,-2
505,1,-2,0.25,3,-0.5
32,1,-2,0.25,3,-1
32,1,-2,0.25,3,-1.5
135,1,-2,0.25,3,-2
505,1,-2,0.25,4,-0.5
95,1,-2,0.25,4,-1
73,1,-2,0.25,4,-1.5
41,1,-2,0.25,4,-2
504,1,-2,0.25,5,-0.5
69,1,-2,0.25,5,-1
40,1,-2,0.25,5,-1.5
81,1,-2,0.25,5,-2
31,1,-2,0.75,1,-0.5
42,1,-2,0.75,1,-1
18,1,-2,0.75,1,-1.5
36,1,-2,0.75,1,-2
43,1,-2,0.75,2,-0.5
27,1,-2,0.75,2,-1
29,1,-2,0.75,2,-1.5
23,1,-2,0.75,2,-2
36,1,-2,0.75,3,-0.5
35,1,-2,0.75,3,-1
53,1,-2,0.75,3,-1.5
35,1,-2,0.75,3,-2
49,1,-2,0.75,4,-0.5
56,1,-2,0.75,4,-1
24,1,-2,0.75,4,-1.5
27,1,-2,0.75,4,-2
39,1,-2,0.75,5,-0.5
31,1,-2,0.75,5,-1
44,1,-2,0.75,5,-1.5
45,1,-2,0.75,5,-2
92,1,-2,1.25,1,-0.5
55,1,-2,1.25,1,-1
66,1,-2,1.25,1,-1.5
53,1,-2,1.25,1,-2
86,1,-2,1.25,2,-0.5
54,1,-2,1.25,2,-1
53,1,-2,1.25,2,-1.5
50,1,-2,1.25,2,-2
67,1,-2,1.25,3,-0.5
47,1,-2,1.25,3,-1
33,1,-2,1.25,3,-1.5
52,1,-2,1.25,3,-2
89,1,-2,1.25,4,-0.5
48,1,-2,1.25,4,-1
53,1,-2,1.25,4,-1.5
41,1,-2,1.25,4,-2
71,1,-2,1.25,5,-0.5
71,1,-2,1.25,5,-1
57,1,-2,1.25,5,-1.5
56,1,-2,1.25,5,-2
120,1,-2,1.75,1,-0.5
87,1,-2,1.75,1,-1
83,1,-2,1.75,1,-1.5
72,1,-2,1.75,1,-2
105,1,-2,1.75,2,-0.5
111,1,-2,1.75,2,-1
62,1,-2,1.75,2,-1.5
72,1,-2,1.75,2,-2
100,1,-2,1.75,3,-0.5
74,1,-2,1.75,3,-1
77,1,-2,1.75,3,-1.5
53,1,-2,1.75,3,-2
108,1,-2,1.75,4,-0.5
94,1,-2,1.75,4,-1
81,1,-2,1.75,4,-1.5
84,1,-2,1.75,4,-2
66,1,-2,1.75,5,-0.5
74,1,-2,1.75,5,-1
71,1,-2,1.75,5,-1.5
84,1,-2,1.75,5,-2
94,1,-3,0.25,1,-0.5
399,1,-3,0.25,1,-1
46,1,-3,0.25,1,-1.5
25,1,-3,0.25,1,-2
42,1,-3,0.25,2,-0.5
303,1,-3,0.25,2,-1
90,1,-3,0.25,2,-1.5
375,1,-3,0.25,2,-2
60,1,-3,0.25,3,-0.5
27,1,-3,0.25,3,-1
20,1,-3,0.25,3,-1.5
79,1,-3,0.25,3,-2
408,1,-3,0.25,4,-0.5
236,1,-3,0.25,4,-1
31,1,-3,0.25,4,-1.5
37,1,-3,0.25,4,-2
408,1,-3,0.25,5,-0.5
37,1,-3,0.25,5,-1
85,1,-3,0.25,5,-1.5
53,1,-3,0.25,5,-2
33,1,-3,0.75,1,-0.5
91,1,-3,0.75,1,-1
34,1,-3,0.75,1,-1.5
28,1,-3,0.75,1,-2
37,1,-3,0.75,2,-0.5
22,1,-3,0.75,2,-1
20,1,-3,0.75,2,-1.5
15,1,-3,0.75,2,-2
32,1,-3,0.75,3,-0.5
19,1,-3,0.75,3,-1
45,1,-3,0.75,3,-1.5
70,1,-3,0.75,3,-2
45,1,-3,0.75,4,-0.5
24,1,-3,0.75,4,-1
47,1,-3,0.75,4,-1.5
33,1,-3,0.75,4,-2
68,1,-3,0.75,5,-0.5
18,1,-3,0.75,5,-1
43,1,-3,0.75,5,-1.5
31,1,-3,0.75,5,-2
35,1,-3,1.25,1,-0.5
31,1,-3,1.25,1,-1
35,1,-3,1.25,1,-1.5
18,1,-3,1.25,1,-2
43,1,-3,1.25,2,-0.5
38,1,-3,1.25,2,-1
32,1,-3,1.25,2,-1.5
49,1,-3,1.25,2,-2
41,1,-3,1.25,3,-0.5
53,1,-3,1.25,3,-1
59,1,-3,1.25,3,-1.5
24,1,-3,1.25,3,-2
53,1,-3,1.25,4,-0.5
16,1,-3,1.25,4,-1
38,1,-3,1.25,4,-1.5
30,1,-3,1.25,4,-2
20,1,-3,1.25,5,-0.5
27,1,-3,1.25,5,-1
23,1,-3,1.25,5,-1.5
29,1,-3,1.25,5,-2
57,1,-3,1.75,1,-0.5
52,1,-3,1.75,1,-1
55,1,-3,1.75,1,-1.5
81,1,-3,1.75,1,-2
72,1,-3,1.75,2,-0.5
73,1,-3,1.75,2,-1
50,1,-3,1.75,2,-1.5
55,1,-3,1.75,2,-2
75,1,-3,1.75,3,-0.5
71,1,-3,1.75,3,-1
36,1,-3,1.75,3,-1.5
43,1,-3,1.75,3,-2
58,1,-3,1.75,4,-0.5
61,1,-3,1.75,4,-1
48,1,-3,1.75,4,-1.5
60,1,-3,1.75,4,-2
91,1,-3,1.75,5,-0.5
50,1,-3,1.75,5,-1
67,1,-3,1.75,5,-1.5
40,1,-3,1.75,5,-2
471,1,-4,0.25,1,-0.5
68,1,-4,0.25,1,-1
216,1,-4,0.25,1,-1.5
82,1,-4,0.25,1,-2
65,1,-4,0.25,2,-0.5
211,1,-4,0.25,2,-1
97,1,-4,0.25,2,-1.5
150,1,-4,0.25,2,-2
93,1,-4,0.25,3,-0.5
279,1,-4,0.25,3,-1
74,1,-4,0.25,3,-1.5
41,1,-4,0.25,3,-2
283,1,-4,0.25,4,-0.5
169,1,-4,0.25,4,-1
439,1,-4,0.25,4,-1.5
59,1,-4,0.25,4,-2
317,1,-4,0.25,5,-0.5
27,1,-4,0.25,5,-1
439,1,-4,0.25,5,-1.5
276,1,-4,0.25,5,-2
28,1,-4,0.75,1,-0.5
29,1,-4,0.75,1,-1
53,1,-4,0.75,1,-1.5
79,1,-4,0.75,1,-2
17,1,-4,0.75,2,-0.5
289,1,-4,0.75,2,-1
74,1,-4,0.75,2,-1.5
264,1,-4,0.75,2,-2
51,1,-4,0.75,3,-0.5
209,1,-4,0.75,3,-1
38,1,-4,0.75,3,-1.5
27,1,-4,0.75,3,-2
19,1,-4,0.75,4,-0.5
186,1,-4,0.75,4,-1
185,1,-4,0.75,4,-1.5
26,1,-4,0.75,4,-2
36,1,-4,0.75,5,-0.5
60,1,-4,0.75,5,-1
196,1,-4,0.75,5,-1.5
26,1,-4,0.75,5,-2
51,1,-4,1.25,1,-0.5
19,1,-4,1.25,1,-1
31,1,-4,1.25,1,-1.5
33,1,-4,1.25,1,-2
29,1,-4,1.25,2,-0.5
21,1,-4,1.25,2,-1
21,1,-4,1.25,2,-1.5
27,1,-4,1.25,2,-2
60,1,-4,1.25,3,-0.5
188,1,-4,1.25,3,-1
25,1,-4,1.25,3,-1.5
33,1,-4,1.25,3,-2
44,1,-4,1.25,4,-0.5
51,1,-4,1.25,4,-1
20,1,-4,1.25,4,-1.5
50,1,-4,1.25,4,-2
67,1,-4,1.25,5,-0.5
29,1,-4,1.25,5,-1
37,1,-4,1.25,5,-1.5
41,1,-4,1.25,5,-2
61,1,-4,1.75,1,-0.5
60,1,-4,1.75,1,-1
33,1,-4,1.75,1,-1.5
23,1,-4,1.75,1,-2
55,1,-4,1.75,2,-0.5
83,1,-4,1.75,2,-1
30,1,-4,1.75,2,-1.5
35,1,-4,1.75,2,-2
76,1,-4,1.75,3,-0.5
40,1,-4,1.75,3,-1
20,1,-4,1.75,3,-1.5
46,1,-4,1.75,3,-2
86,1,-4,1.75,4,-0.5
42,1,-4,1.75,4,-1
43,1,-4,1.75,4,-1.5
33,1,-4,1.75,4,-2
61,1,-4,1.75,5,-0.5
25,1,-4,1.75,5,-1
59,1,-4,1.75,5,-1.5
47,1,-4,1.75,5,-2
510,1,-5,0.25,1,-0.5
379,1,-5,0.25,1,-1
339,1,-5,0.25,1,-1.5
181,1,-5,0.25,1,-2
464,1,-5,0.25,2,-0.5
97,1,-5,0.25,2,-1
274,1,-5,0.25,2,-1.5
152,1,-5,0.25,2,-2
464,1,-5,0.25,3,-0.5
66,1,-5,0.25,3,-1
111,1,-5,0.25,3,-1.5
152,1,-5,0.25,3,-2
464,1,-5,0.25,4,-0.5
372,1,-5,0.25,4,-1
235,1,-5,0.25,4,-1.5
326,1,-5,0.25,4,-2
250,1,-5,0.25,5,-0.5
41,1,-5,0.25,5,-1
89,1,-5,0.25,5,-1.5
67,1,-5,0.25,5,-2
458,1,-5,0.75,1,-0.5
49,1,-5,0.75,1,-1
222,1,-5,0.75,1,-1.5
36,1,-5,0.75,1,-2
328,1,-5,0.75,2,-0.5
39,1,-5,0.75,2,-1
392,1,-5,0.75,2,-1.5
39,1,-5,0.75,2,-2
135,1,-5,0.75,3,-0.5
29,1,-5,0.75,3,-1
385,1,-5,0.75,3,-1.5
258,1,-5,0.75,3,-2
124,1,-5,0.75,4,-0.5
323,1,-5,0.75,4,-1
35,1,-5,0.75,4,-1.5
191,1,-5,0.75,4,-2
278,1,-5,0.75,5,-0.5
22,1,-5,0.75,5,-1
34,1,-5,0.75,5,-1.5
451,1,-5,0.75,5,-2
22,1,-5,1.25,1,-0.5
27,1,-5,1.25,1,-1
30,1,-5,1.25,1,-1.5
40,1,-5,1.25,1,-2
66,1,-5,1.25,2,-0.5
61,1,-5,1.25,2,-1
25,1,-5,1.25,2,-1.5
44,1,-5,1.25,2,-2
32,1,-5,1.25,3,-0.5
83,1,-5,1.25,3,-1
58,1,-5,1.25,3,-1.5
41,1,-5,1.25,3,-2
39,1,-5,1.25,4,-0.5
26,1,-5,1.25,4,-1
27,1,-5,1.25,4,-1.5
40,1,-5,1.25,4,-2
19,1,-5,1.25,5,-0.5
88,1,-5,1.25,5,-1
41,1,-5,1.25,5,-1.5
24,1,-5,1.25,5,-2
45,1,-5,1.75,1,-0.5
44,1,-5,1.75,1,-1
34,1,-5,1.75,1,-1.5
33,1,-5,1.75,1,-2
29,1,-5,1.75,2,-0.5
32,1,-5,1.75,2,-1
54,1,-5,1.75,2,-1.5
20,1,-5,1.75,2,-2
71,1,-5,1.75,3,-0.5
26,1,-5,1.75,3,-1
22,1,-5,1.75,3,-1.5
51,1,-5,1.75,3,-2
35,1,-5,1.75,4,-0.5
39,1,-5,1.75,4,-1
53,1,-5,1.75,4,-1.5
13,1,-5,1.75,4,-2
47,1,-5,1.75,5,-0.5
28,1,-5,1.75,5,-1
37,1,-5,1.75,5,-1.5
20,1,-5,1.75,5,-2
93,2,-1,0.25,1,-0.5
27,2,-1,0.25,1,-1
22,2,-1,0.25,1,-1.5
14,2,-1,0.25,1,-2
118,2,-1,0.25,2,-0.5
75,2,-1,0.25,2,-1
16,2,-1,0.25,2,-1.5
17,2,-1,0.25,2,-2
63,2,-1,0.25,3,-0.5
259,2,-1,0.25,3,-1
116,2,-1,0.25,3,-1.5
39,2,-1,0.25,3,-2
201,2,-1,0.25,4,-0.5
60,2,-1,0.25,4,-1
60,2,-1,0.25,4,-1.5
26,2,-1,0.25,4,-2
90,2,-1,0.25,5,-0.5
67,2,-1,0.25,5,-1
23,2,-1,0.25,5,-1.5
26,2,-1,0.25,5,-2
60,2,-1,0.75,1,-0.5
58,2,-1,0.75,1,-1
19,2,-1,0.75,1,-1.5
48,2,-1,0.75,1,-2
31,2,-1,0.75,2,-0.5
20,2,-1,0.75,2,-1
18,2,-1,0.75,2,-1.5
24,2,-1,0.75,2,-2
29,2,-1,0.75,3,-0.5
26,2,-1,0.75,3,-1
23,2,-1,0.75,3,-1.5
28,2,-1,0.75,3,-2
78,2,-1,0.75,4,-0.5
29,2,-1,0.75,4,-1
34,2,-1,0.75,4,-1.5
40,2,-1,0.75,4,-2
60,2,-1,0.75,5,-0.5
35,2,-1,0.75,5,-1
59,2,-1,0.75,5,-1.5
56,2,-1,0.75,5,-2
100,2,-1,1.25,1,-0.5
54,2,-1,1.25,1,-1
56,2,-1,1.25,1,-1.5
65,2,-1,1.25,1,-2
76,2,-1,1.25,2,-0.5
60,2,-1,1.25,2,-1
48,2,-1,1.25,2,-1.5
38,2,-1,1.25,2,-2
81,2,-1,1.25,3,-0.5
56,2,-1,1.25,3,-1
70,2,-1,1.25,3,-1.5
70,2,-1,1.25,3,-2
67,2,-1,1.25,4,-0.5
58,2,-1,1.25,4,-1
71,2,-1,1.25,4,-1.5
56,2,-1,1.25,4,-2
81,2,-1,1.25,5,-0.5
70,2,-1,1.25,5,-1
90,2,-1,1.25,5,-1.5
67,2,-1,1.25,5,-2
151,2,-1,1.75,1,-0.5
109,2,-1,1.75,1,-1
100,2,-1,1.75,1,-1.5
121,2,-1,1.75,1,-2
131,2,-1,1.75,2,-0.5
88,2,-1,1.75,2,-1
97,2,-1,1.75,2,-1.5
99,2,-1,1.75,2,-2
126,2,-1,1.75,3,-0.5
87,2,-1,1.75,3,-1
84,2,-1,1.75,3,-1.5
68,2,-1,1.75,3,-2
145,2,-1,1.75,4,-0.5
70,2,-1,1.75,4,-1
96,2,-1,1.75,4,-1.5
79,2,-1,1.75,4,-2
118,2,-1,1.75,5,-0.5
103,2,-1,1.75,5,-1
90,2,-1,1.75,5,-1.5
102,2,-1,1.75,5,-2
177,2,-2,0.25,1,-0.5
82,2,-2,0.25,1,-1
77,2,-2,0.25,1,-1.5
114,2,-2,0.25,1,-2
527,2,-2,0.25,2,-0.5
49,2,-2,0.25,2,-1
17,2,-2,0.25,2,-1.5
19,2,-2,0.25,2,-2
527,2,-2,0.25,3,-0.5
125,2,-2,0.25,3,-1
29,2,-2,0.25,3,-1.5
33,2,-2,0.25,3,-2
527,2,-2,0.25,4,-0.5
145,2,-2,0.25,4,-1
54,2,-2,0.25,4,-1.5
35,2,-2,0.25,4,-2
259,2,-2,0.25,5,-0.5
63,2,-2,0.25,5,-1
525,2,-2,0.25,5,-1.5
79,2,-2,0.25,5,-2
39,2,-2,0.75,1,-0.5
30,2,-2,0.75,1,-1
26,2,-2,0.75,1,-1.5
22,2,-2,0.75,1,-2
29,2,-2,0.75,2,-0.5
42,2,-2,0.75,2,-1
61,2,-2,0.75,2,-1.5
42,2,-2,0.75,2,-2
42,2,-2,0.75,3,-0.5
28,2,-2,0.75,3,-1
41,2,-2,0.75,3,-1.5
38,2,-2,0.75,3,-2
28,2,-2,0.75,4,-0.5
23,2,-2,0.75,4,-1
38,2,-2,0.75,4,-1.5
22,2,-2,0.75,4,-2
29,2,-2,0.75,5,-0.5
36,2,-2,0.75,5,-1
15,2,-2,0.75,5,-1.5
28,2,-2,0.75,5,-2
54,2,-2,1.25,1,-0.5
42,2,-2,1.25,1,-1
22,2,-2,1.25,1,-1.5
33,2,-2,1.25,1,-2
37,2,-2,1.25,2,-0.5
40,2,-2,1.25,2,-1
51,2,-2,1.25,2,-1.5
28,2,-2,1.25,2,-2
37,2,-2,1.25,3,-0.5
43,2,-2,1.25,3,-1
28,2,-2,1.25,3,-1.5
26,2,-2,1.25,3,-2
54,2,-2,1.25,4,-0.5
49,2,-2,1.25,4,-1
15,2,-2,1.25,4,-1.5
37,2,-2,1.25,4,-2
39,2,-2,1.25,5,-0.5
20,2,-2,1.25,5,-1
21,2,-2,1.25,5,-1.5
24,2,-2,1.25,5,-2
75,2,-2,1.75,1,-0.5
54,2,-2,1.75,1,-1
60,2,-2,1.75,1,-1.5
32,2,-2,1.75,1,-2
76,2,-2,1.75,2,-0.5
68,2,-2,1.75,2,-1
43,2,-2,1.75,2,-1.5
44,2,-2,1.75,2,-2
85,2,-2,1.75,3,-0.5
69,2,-2,1.75,3,-1
47,2,-2,1.75,3,-1.5
40,2,-2,1.75,3,-2
74,2,-2,1.75,4,-0.5
72,2,-2,1.75,4,-1
38,2,-2,1.75,4,-1.5
36,2,-2,1.75,4,-2
79,2,-2,1.75,5,-0.5
63,2,-2,1.75,5,-1
36,2,-2,1.75,5,-1.5
34,2,-2,1.75,5,-2
335,2,-3,0.25,1,-0.5
141,2,-3,0.25,1,-1
82,2,-3,0.25,1,-1.5
61,2,-3,0.25,1,-2
99,2,-3,0.25,2,-0.5
21,2,-3,0.25,2,-1
66,2,-3,0.25,2,-1.5
259,2,-3,0.25,2,-2
424,2,-3,0.25,3,-0.5
78,2,-3,0.25,3,-1
34,2,-3,0.25,3,-1.5
74,2,-3,0.25,3,-2
375,2,-3,0.25,4,-0.5
122,2,-3,0.25,4,-1
261,2,-3,0.25,4,-1.5
13,2,-3,0.25,4,-2
375,2,-3,0.25,5,-0.5
85,2,-3,0.25,5,-1
115,2,-3,0.25,5,-1.5
89,2,-3,0.25,5,-2
17,2,-3,0.75,1,-0.5
23,2,-3,0.75,1,-1
41,2,-3,0.75,1,-1.5
27,2,-3,0.75,1,-2
129,2,-3,0.75,2,-0.5
25,2,-3,0.75,2,-1
29,2,-3,0.75,2,-1.5
52,2,-3,0.75,2,-2
22,2,-3,0.75,3,-0.5
30,2,-3,0.75,3,-1
16,2,-3,0.75,3,-1.5
23,2,-3,0.75,3,-2
21,2,-3,0.75,4,-0.5
41,2,-3,0.75,4,-1
41,2,-3,0.75,4,-1.5
12,2,-3,0.75,4,-2
31,2,-3,0.75,5,-0.5
52,2,-3,0.75,5,-1
24,2,-3,0.75,5,-1.5
34,2,-3,0.75,5,-2
31,2,-3,1.25,1,-0.5
27,2,-3,1.25,1,-1
21,2,-3,1.25,1,-1.5
28,2,-3,1.25,1,-2
146,2,-3,1.25,2,-0.5
21,2,-3,1.25,2,-1
22,2,-3,1.25,2,-1.5
16,2,-3,1.25,2,-2
28,2,-3,1.25,3,-0.5
33,2,-3,1.25,3,-1
22,2,-3,1.25,3,-1.5
20,2,-3,1.25,3,-2
46,2,-3,1.25,4,-0.5
39,2,-3,1.25,4,-1
33,2,-3,1.25,4,-1.5
51,2,-3,1.25,4,-2
28,2,-3,1.25,5,-0.5
32,2,-3,1.25,5,-1
20,2,-3,1.25,5,-1.5
31,2,-3,1.25,5,-2
74,2,-3,1.75,1,-0.5
33,2,-3,1.75,1,-1
28,2,-3,1.75,1,-1.5
53,2,-3,1.75,1,-2
70,2,-3,1.75,2,-0.5
49,2,-3,1.75,2,-1
23,2,-3,1.75,2,-1.5
56,2,-3,1.75,2,-2
53,2,-3,1.75,3,-0.5
37,2,-3,1.75,3,-1
48,2,-3,1.75,3,-1.5
67,2,-3,1.75,3,-2
46,2,-3,1.75,4,-0.5
40,2,-3,1.75,4,-1
52,2,-3,1.75,4,-1.5
48,2,-3,1.75,4,-2
79,2,-3,1.75,5,-0.5
39,2,-3,1.75,5,-1
36,2,-3,1.75,5,-1.5
55,2,-3,1.75,5,-2
392,2,-4,0.25,1,-0.5
78,2,-4,0.25,1,-1
331,2,-4,0.25,1,-1.5
324,2,-4,0.25,1,-2
130,2,-4,0.25,2,-0.5
291,2,-4,0.25,2,-1
39,2,-4,0.25,2,-1.5
229,2,-4,0.25,2,-2
312,2,-4,0.25,3,-0.5
118,2,-4,0.25,3,-1
289,2,-4,0.25,3,-1.5
443,2,-4,0.25,3,-2
360,2,-4,0.25,4,-0.5
81,2,-4,0.25,4,-1
413,2,-4,0.25,4,-1.5
41,2,-4,0.25,4,-2
329,2,-4,0.25,5,-0.5
183,2,-4,0.25,5,-1
78,2,-4,0.25,5,-1.5
372,2,-4,0.25,5,-2
32,2,-4,0.75,1,-0.5
20,2,-4,0.75,1,-1
47,2,-4,0.75,1,-1.5
24,2,-4,0.75,1,-2
485,2,-4,0.75,2,-0.5
38,2,-4,0.75,2,-1
282,2,-4,0.75,2,-1.5
52,2,-4,0.75,2,-2
25,2,-4,0.75,3,-0.5
27,2,-4,0.75,3,-1
74,2,-4,0.75,3,-1.5
43,2,-4,0.75,3,-2
38,2,-4,0.75,4,-0.5
33,2,-4,0.75,4,-1
65,2,-4,0.75,4,-1.5
39,2,-4,0.75,4,-2
54,2,-4,0.75,5,-0.5
90,2,-4,0.75,5,-1
113,2,-4,0.75,5,-1.5
30,2,-4,0.75,5,-2
23,2,-4,1.25,1,-0.5
24,2,-4,1.25,1,-1
70,2,-4,1.25,1,-1.5
27,2,-4,1.25,1,-2
59,2,-4,1.25,2,-0.5
36,2,-4,1.25,2,-1
27,2,-4,1.25,2,-1.5
17,2,-4,1.25,2,-2
44,2,-4,1.25,3,-0.5
18,2,-4,1.25,3,-1
49,2,-4,1.25,3,-1.5
209,2,-4,1.25,3,-2
30,2,-4,1.25,4,-0.5
21,2,-4,1.25,4,-1
30,2,-4,1.25,4,-1.5
21,2,-4,1.25,4,-2
45,2,-4,1.25,5,-0.5
24,2,-4,1.25,5,-1
24,2,-4,1.25,5,-1.5
27,2,-4,1.25,5,-2
50,2,-4,1.75,1,-0.5
30,2,-4,1.75,1,-1
21,2,-4,1.75,1,-1.5
32,2,-4,1.75,1,-2
41,2,-4,1.75,2,-0.5
48,2,-4,1.75,2,-1
35,2,-4,1.75,2,-1.5
15,2,-4,1.75,2,-2
49,2,-4,1.75,3,-0.5
28,2,-4,1.75,3,-1
18,2,-4,1.75,3,-1.5
44,2,-4,1.75,3,-2
30,2,-4,1.75,4,-0.5
27,2,-4,1.75,4,-1
31,2,-4,1.75,4,-1.5
24,2,-4,1.75,4,-2
31,2,-4,1.75,5,-0.5
52,2,-4,1.75,5,-1
28,2,-4,1.75,5,-1.5
41,2,-4,1.75,5,-2
387,2,-5,0.25,1,-0.5
129,2,-5,0.25,1,-1
272,2,-5,0.25,1,-1.5
128,2,-5,0.25,1,-2
198,2,-5,0.25,2,-0.5
113,2,-5,0.25,2,-1
190,2,-5,0.25,2,-1.5
122,2,-5,0.25,2,-2
55,2,-5,0.25,3,-0.5
338,2,-5,0.25,3,-1
144,2,-5,0.25,3,-1.5
103,2,-5,0.25,3,-2
46,2,-5,0.25,4,-0.5
62,2,-5,0.25,4,-1
63,2,-5,0.25,4,-1.5
187,2,-5,0.25,4,-2
281,2,-5,0.25,5,-0.5
100,2,-5,0.25,5,-1
421,2,-5,0.25,5,-1.5
47,2,-5,0.25,5,-2
524,2,-5,0.75,1,-0.5
29,2,-5,0.75,1,-1
81,2,-5,0.75,1,-1.5
28,2,-5,0.75,1,-2
34,2,-5,0.75,2,-0.5
58,2,-5,0.75,2,-1
39,2,-5,0.75,2,-1.5
23,2,-5,0.75,2,-2
643,2,-5,0.75,3,-0.5
105,2,-5,0.75,3,-1
18,2,-5,0.75,3,-1.5
187,2,-5,0.75,3,-2
465,2,-5,0.75,4,-0.5
81,2,-5,0.75,4,-1
157,2,-5,0.75,4,-1.5
42,2,-5,0.75,4,-2
75,2,-5,0.75,5,-0.5
24,2,-5,0.75,5,-1
157,2,-5,0.75,5,-1.5
25,2,-5,0.75,5,-2
32,2,-5,1.25,1,-0.5
22,2,-5,1.25,1,-1
38,2,-5,1.25,1,-1.5
27,2,-5,1.25,1,-2
57,2,-5,1.25,2,-0.5
19,2,-5,1.25,2,-1
29,2,-5,1.25,2,-1.5
16,2,-5,1.25,2,-2
29,2,-5,1.25,3,-0.5
32,2,-5,1.25,3,-1
24,2,-5,1.25,3,-1.5
16,2,-5,1.25,3,-2
26,2,-5,1.25,4,-0.5
33,2,-5,1.25,4,-1
50,2,-5,1.25,4,-1.5
19,2,-5,1.25,4,-2
30,2,-5,1.25,5,-0.5
22,2,-5,1.25,5,-1
35,2,-5,1.25,5,-1.5
28,2,-5,1.25,5,-2
63,2,-5,1.75,1,-0.5
36,2,-5,1.75,1,-1
26,2,-5,1.75,1,-1.5
52,2,-5,1.75,1,-2
39,2,-5,1.75,2,-0.5
46,2,-5,1.75,2,-1
32,2,-5,1.75,2,-1.5
23,2,-5,1.75,2,-2
55,2,-5,1.75,3,-0.5
23,2,-5,1.75,3,-1
88,2,-5,1.75,3,-1.5
17,2,-5,1.75,3,-2
41,2,-5,1.75,4,-0.5
16,2,-5,1.75,4,-1
42,2,-5,1.75,4,-1.5
21,2,-5,1.75,4,-2
29,2,-5,1.75,5,-0.5
19,2,-5,1.75,5,-1
22,2,-5,1.75,5,-1.5
24,2,-5,1.75,5,-2
96,3,-1,0.25,1,-0.5
131,3,-1,0.25,1,-1
107,3,-1,0.25,1,-1.5
43,3,-1,0.25,1,-2
146,3,-1,0.25,2,-0.5
79,3,-1,0.25,2,-1
78,3,-1,0.25,2,-1.5
41,3,-1,0.25,2,-2
112,3,-1,0.25,3,-0.5
119,3,-1,0.25,3,-1
148,3,-1,0.25,3,-1.5
50,3,-1,0.25,3,-2
166,3,-1,0.25,4,-0.5
65,3,-1,0.25,4,-1
38,3,-1,0.25,4,-1.5
52,3,-1,0.25,4,-2
127,3,-1,0.25,5,-0.5
114,3,-1,0.25,5,-1
209,3,-1,0.25,5,-1.5
54,3,-1,0.25,5,-2
98,3,-1,0.75,1,-0.5
48,3,-1,0.75,1,-1
39,3,-1,0.75,1,-1.5
38,3,-1,0.75,1,-2
98,3,-1,0.75,2,-0.5
51,3,-1,0.75,2,-1
30,3,-1,0.75,2,-1.5
37,3,-1,0.75,2,-2
63,3,-1,0.75,3,-0.5
37,3,-1,0.75,3,-1
24,3,-1,0.75,3,-1.5
21,3,-1,0.75,3,-2
67,3,-1,0.75,4,-0.5
23,3,-1,0.75,4,-1
54,3,-1,0.75,4,-1.5
45,3,-1,0.75,4,-2
67,3,-1,0.75,5,-0.5
63,3,-1,0.75,5,-1
31,3,-1,0.75,5,-1.5
28,3,-1,0.75,5,-2
72,3,-1,1.25,1,-0.5
60,3,-1,1.25,1,-1
67,3,-1,1.25,1,-1.5
50,3,-1,1.25,1,-2
58,3,-1,1.25,2,-0.5
76,3,-1,1.25,2,-1
45,3,-1,1.25,2,-1.5
46,3,-1,1.25,2,-2
74,3,-1,1.25,3,-0.5
82,3,-1,1.25,3,-1
49,3,-1,1.25,3,-1.5
50,3,-1,1.25,3,-2
81,3,-1,1.25,4,-0.5
55,3,-1,1.25,4,-1
85,3,-1,1.25,4,-1.5
57,3,-1,1.25,4,-2
58,3,-1,1.25,5,-0.5
74,3,-1,1.25,5,-1
77,3,-1,1.25,5,-1.5
23,3,-1,1.25,5,-2
123,3,-1,1.75,1,-0.5
109,3,-1,1.75,1,-1
75,3,-1,1.75,1,-1.5
83,3,-1,1.75,1,-2
116,3,-1,1.75,2,-0.5
74,3,-1,1.75,2,-1
50,3,-1,1.75,2,-1.5
73,3,-1,1.75,2,-2
98,3,-1,1.75,3,-0.5
53,3,-1,1.75,3,-1
65,3,-1,1.75,3,-1.5
44,3,-1,1.75,3,-2
137,3,-1,1.75,4,-0.5
87,3,-1,1.75,4,-1
65,3,-1,1.75,4,-1.5
59,3,-1,1.75,4,-2
114,3,-1,1.75,5,-0.5
74,3,-1,1.75,5,-1
74,3,-1,1.75,5,-1.5
46,3,-1,1.75,5,-2
486,3,-2,0.25,1,-0.5
138,3,-2,0.25,1,-1
137,3,-2,0.25,1,-1.5
57,3,-2,0.25,1,-2
440,3,-2,0.25,2,-0.5
86,3,-2,0.25,2,-1
103,3,-2,0.25,2,-1.5
73,3,-2,0.25,2,-2
96,3,-2,0.25,3,-0.5
103,3,-2,0.25,3,-1
104,3,-2,0.25,3,-1.5
47,3,-2,0.25,3,-2
170,3,-2,0.25,4,-0.5
67,3,-2,0.25,4,-1
67,3,-2,0.25,4,-1.5
119,3,-2,0.25,4,-2
133,3,-2,0.25,5,-0.5
71,3,-2,0.25,5,-1
72,3,-2,0.25,5,-1.5
52,3,-2,0.25,5,-2
57,3,-2,0.75,1,-0.5
15,3,-2,0.75,1,-1
31,3,-2,0.75,1,-1.5
44,3,-2,0.75,1,-2
72,3,-2,0.75,2,-0.5
37,3,-2,0.75,2,-1
69,3,-2,0.75,2,-1.5
28,3,-2,0.75,2,-2
125,3,-2,0.75,3,-0.5
20,3,-2,0.75,3,-1
22,3,-2,0.75,3,-1.5
23,3,-2,0.75,3,-2
38,3,-2,0.75,4,-0.5
17,3,-2,0.75,4,-1
45,3,-2,0.75,4,-1.5
29,3,-2,0.75,4,-2
50,3,-2,0.75,5,-0.5
56,3,-2,0.75,5,-1
37,3,-2,0.75,5,-1.5
33,3,-2,0.75,5,-2
44,3,-2,1.25,1,-0.5
34,3,-2,1.25,1,-1
29,3,-2,1.25,1,-1.5
20,3,-2,1.25,1,-2
37,3,-2,1.25,2,-0.5
31,3,-2,1.25,2,-1
44,3,-2,1.25,2,-1.5
43,3,-2,1.25,2,-2
40,3,-2,1.25,3,-0.5
50,3,-2,1.25,3,-1
55,3,-2,1.25,3,-1.5
31,3,-2,1.25,3,-2
38,3,-2,1.25,4,-0.5
23,3,-2,1.25,4,-1
50,3,-2,1.25,4,-1.5
49,3,-2,1.25,4,-2
59,3,-2,1.25,5,-0.5
38,3,-2,1.25,5,-1
57,3,-2,1.25,5,-1.5
46,3,-2,1.25,5,-2
79,3,-2,1.75,1,-0.5
52,3,-2,1.75,1,-1
60,3,-2,1.75,1,-1.5
29,3,-2,1.75,1,-2
72,3,-2,1.75,2,-0.5
50,3,-2,1.75,2,-1
50,3,-2,1.75,2,-1.5
59,3,-2,1.75,2,-2
62,3,-2,1.75,3,-0.5
43,3,-2,1.75,3,-1
68,3,-2,1.75,3,-1.5
51,3,-2,1.75,3,-2
66,3,-2,1.75,4,-0.5
51,3,-2,1.75,4,-1
49,3,-2,1.75,4,-1.5
24,3,-2,1.75,4,-2
62,3,-2,1.75,5,-0.5
62,3,-2,1.75,5,-1
58,3,-2,1.75,5,-1.5
43,3,-2,1.75,5,-2
518,3,-3,0.25,1,-0.5
88,3,-3,0.25,1,-1
116,3,-3,0.25,1,-1.5
294,3,-3,0.25,1,-2
380,3,-3,0.25,2,-0.5
148,3,-3,0.25,2,-1
492,3,-3,0.25,2,-1.5
303,3,-3,0.25,2,-2
90,3,-3,0.25,3,-0.5
54,3,-3,0.25,3,-1
72,3,-3,0.25,3,-1.5
22,3,-3,0.25,3,-2
369,3,-3,0.25,4,-0.5
144,3,-3,0.25,4,-1
146,3,-3,0.25,4,-1.5
26,3,-3,0.25,4,-2
316,3,-3,0.25,5,-0.5
326,3,-3,0.25,5,-1
68,3,-3,0.25,5,-1.5
92,3,-3,0.25,5,-2
43,3,-3,0.75,1,-0.5
22,3,-3,0.75,1,-1
20,3,-3,0.75,1,-1.5
34,3,-3,0.75,1,-2
107,3,-3,0.75,2,-0.5
30,3,-3,0.75,2,-1
41,3,-3,0.75,2,-1.5
18,3,-3,0.75,2,-2
27,3,-3,0.75,3,-0.5
61,3,-3,0.75,3,-1
46,3,-3,0.75,3,-1.5
14,3,-3,0.75,3,-2
30,3,-3,0.75,4,-0.5
20,3,-3,0.75,4,-1
31,3,-3,0.75,4,-1.5
17,3,-3,0.75,4,-2
64,3,-3,0.75,5,-0.5
63,3,-3,0.75,5,-1
16,3,-3,0.75,5,-1.5
33,3,-3,0.75,5,-2
71,3,-3,1.25,1,-0.5
88,3,-3,1.25,1,-1
57,3,-3,1.25,1,-1.5
41,3,-3,1.25,1,-2
24,3,-3,1.25,2,-0.5
48,3,-3,1.25,2,-1
29,3,-3,1.25,2,-1.5
40,3,-3,1.25,2,-2
27,3,-3,1.25,3,-0.5
18,3,-3,1.25,3,-1
23,3,-3,1.25,3,-1.5
20,3,-3,1.25,3,-2
28,3,-3,1.25,4,-0.5
18,3,-3,1.25,4,-1
23,3,-3,1.25,4,-1.5
33,3,-3,1.25,4,-2
20,3,-3,1.25,5,-0.5
39,3,-3,1.25,5,-1
33,3,-3,1.25,5,-1.5
19,3,-3,1.25,5,-2
76,3,-3,1.75,1,-0.5
34,3,-3,1.75,1,-1
20,3,-3,1.75,1,-1.5
30,3,-3,1.75,1,-2
62,3,-3,1.75,2,-0.5
41,3,-3,1.75,2,-1
19,3,-3,1.75,2,-1.5
37,3,-3,1.75,2,-2
38,3,-3,1.75,3,-0.5
115,3,-3,1.75,3,-1
36,3,-3,1.75,3,-1.5
34,3,-3,1.75,3,-2
42,3,-3,1.75,4,-0.5
41,3,-3,1.75,4,-1
32,3,-3,1.75,4,-1.5
16,3,-3,1.75,4,-2
56,3,-3,1.75,5,-0.5
82,3,-3,1.75,5,-1
20,3,-3,1.75,5,-1.5
17,3,-3,1.75,5,-2
511,3,-4,0.25,1,-0.5
179,3,-4,0.25,1,-1
75,3,-4,0.25,1,-1.5
60,3,-4,0.25,1,-2
256,3,-4,0.25,2,-0.5
162,3,-4,0.25,2,-1
87,3,-4,0.25,2,-1.5
111,3,-4,0.25,2,-2
376,3,-4,0.25,3,-0.5
245,3,-4,0.25,3,-1
337,3,-4,0.25,3,-1.5
42,3,-4,0.25,3,-2
80,3,-4,0.25,4,-0.5
292,3,-4,0.25,4,-1
265,3,-4,0.25,4,-1.5
157,3,-4,0.25,4,-2
158,3,-4,0.25,5,-0.5
292,3,-4,0.25,5,-1
174,3,-4,0.25,5,-1.5
225,3,-4,0.25,5,-2
112,3,-4,0.75,1,-0.5
63,3,-4,0.75,1,-1
66,3,-4,0.75,1,-1.5
20,3,-4,0.75,1,-2
121,3,-4,0.75,2,-0.5
90,3,-4,0.75,2,-1
157,3,-4,0.75,2,-1.5
41,3,-4,0.75,2,-2
158,3,-4,0.75,3,-0.5
167,3,-4,0.75,3,-1
93,3,-4,0.75,3,-1.5
20,3,-4,0.75,3,-2
428,3,-4,0.75,4,-0.5
74,3,-4,0.75,4,-1
37,3,-4,0.75,4,-1.5
60,3,-4,0.75,4,-2
53,3,-4,0.75,5,-0.5
230,3,-4,0.75,5,-1
21,3,-4,0.75,5,-1.5
37,3,-4,0.75,5,-2
143,3,-4,1.25,1,-0.5
53,3,-4,1.25,1,-1
35,3,-4,1.25,1,-1.5
17,3,-4,1.25,1,-2
38,3,-4,1.25,2,-0.5
29,3,-4,1.25,2,-1
39,3,-4,1.25,2,-1.5
72,3,-4,1.25,2,-2
70,3,-4,1.25,3,-0.5
21,3,-4,1.25,3,-1
19,3,-4,1.25,3,-1.5
63,3,-4,1.25,3,-2
22,3,-4,1.25,4,-0.5
54,3,-4,1.25,4,-1
14,3,-4,1.25,4,-1.5
13,3,-4,1.25,4,-2
34,3,-4,1.25,5,-0.5
43,3,-4,1.25,5,-1
38,3,-4,1.25,5,-1.5
18,3,-4,1.25,5,-2
27,3,-4,1.75,1,-0.5
34,3,-4,1.75,1,-1
40,3,-4,1.75,1,-1.5
30,3,-4,1.75,1,-2
36,3,-4,1.75,2,-0.5
49,3,-4,1.75,2,-1
25,3,-4,1.75,2,-1.5
38,3,-4,1.75,2,-2
35,3,-4,1.75,3,-0.5
54,3,-4,1.75,3,-1
35,3,-4,1.75,3,-1.5
109,3,-4,1.75,3,-2
47,3,-4,1.75,4,-0.5
22,3,-4,1.75,4,-1
28,3,-4,1.75,4,-1.5
26,3,-4,1.75,4,-2
36,3,-4,1.75,5,-0.5
48,3,-4,1.75,5,-1
25,3,-4,1.75,5,-1.5
35,3,-4,1.75,5,-2
541,3,-5,0.25,1,-0.5
284,3,-5,0.25,1,-1
364,3,-5,0.25,1,-1.5
166,3,-5,0.25,1,-2
390,3,-5,0.25,2,-0.5
262,3,-5,0.25,2,-1
364,3,-5,0.25,2,-1.5
232,3,-5,0.25,2,-2
318,3,-5,0.25,3,-0.5
118,3,-5,0.25,3,-1
364,3,-5,0.25,3,-1.5
163,3,-5,0.25,3,-2
299,3,-5,0.25,4,-0.5
39,3,-5,0.25,4,-1
204,3,-5,0.25,4,-1.5
32,3,-5,0.25,4,-2
378,3,-5,0.25,5,-0.5
265,3,-5,0.25,5,-1
110,3,-5,0.25,5,-1.5
126,3,-5,0.25,5,-2
523,3,-5,0.75,1,-0.5
80,3,-5,0.75,1,-1
288,3,-5,0.75,1,-1.5
16,3,-5,0.75,1,-2
230,3,-5,0.75,2,-0.5
298,3,-5,0.75,2,-1
68,3,-5,0.75,2,-1.5
499,3,-5,0.75,2,-2
304,3,-5,0.75,3,-0.5
166,3,-5,0.75,3,-1
49,3,-5,0.75,3,-1.5
78,3,-5,0.75,3,-2
371,3,-5,0.75,4,-0.5
99,3,-5,0.75,4,-1
41,3,-5,0.75,4,-1.5
27,3,-5,0.75,4,-2
369,3,-5,0.75,5,-0.5
30,3,-5,0.75,5,-1
18,3,-5,0.75,5,-1.5
122,3,-5,0.75,5,-2
60,3,-5,1.25,1,-0.5
30,3,-5,1.25,1,-1
33,3,-5,1.25,1,-1.5
34,3,-5,1.25,1,-2
335,3,-5,1.25,2,-0.5
25,3,-5,1.25,2,-1
22,3,-5,1.25,2,-1.5
43,3,-5,1.25,2,-2
380,3,-5,1.25,3,-0.5
55,3,-5,1.25,3,-1
26,3,-5,1.25,3,-1.5
19,3,-5,1.25,3,-2
123,3,-5,1.25,4,-0.5
37,3,-5,1.25,4,-1
50,3,-5,1.25,4,-1.5
47,3,-5,1.25,4,-2
25,3,-5,1.25,5,-0.5
26,3,-5,1.25,5,-1
18,3,-5,1.25,5,-1.5
13,3,-5,1.25,5,-2
53,3,-5,1.75,1,-0.5
57,3,-5,1.75,1,-1
21,3,-5,1.75,1,-1.5
16,3,-5,1.75,1,-2
86,3,-5,1.75,2,-0.5
27,3,-5,1.75,2,-1
27,3,-5,1.75,2,-1.5
17,3,-5,1.75,2,-2
32,3,-5,1.75,3,-0.5
43,3,-5,1.75,3,-1
32,3,-5,1.75,3,-1.5
26,3,-5,1.75,3,-2
35,3,-5,1.75,4,-0.5
27,3,-5,1.75,4,-1
38,3,-5,1.75,4,-1.5
25,3,-5,1.75,4,-2
103,3,-5,1.75,5,-0.5
33,3,-5,1.75,5,-1
36,3,-5,1.75,5,-1.5
19,3,-5,1.75,5,-2
171,4,-1,0.25,1,-0.5
122,4,-1,0.25,1,-1
121,4,-1,0.25,1,-1.5
102,4,-1,0.25,1,-2
211,4,-1,0.25,2,-0.5
150,4,-1,0.25,2,-1
96,4,-1,0.25,2,-1.5
58,4,-1,0.25,2,-2
111,4,-1,0.25,3,-0.5
151,4,-1,0.25,3,-1
117,4,-1,0.25,3,-1.5
59,4,-1,0.25,3,-2
137,4,-1,0.25,4,-0.5
57,4,-1,0.25,4,-1
92,4,-1,0.25,4,-1.5
59,4,-1,0.25,4,-2
151,4,-1,0.25,5,-0.5
198,4,-1,0.25,5,-1
75,4,-1,0.25,5,-1.5
90,4,-1,0.25,5,-2
168,4,-1,0.75,1,-0.5
242,4,-1,0.75,1,-1
65,4,-1,0.75,1,-1.5
73,4,-1,0.75,1,-2
74,4,-1,0.75,2,-0.5
75,4,-1,0.75,2,-1
59,4,-1,0.75,2,-1.5
72,4,-1,0.75,2,-2
125,4,-1,0.75,3,-0.5
48,4,-1,0.75,3,-1
45,4,-1,0.75,3,-1.5
60,4,-1,0.75,3,-2
86,4,-1,0.75,4,-0.5
102,4,-1,0.75,4,-1
76,4,-1,0.75,4,-1.5
51,4,-1,0.75,4,-2
135,4,-1,0.75,5,-0.5
52,4,-1,0.75,5,-1
89,4,-1,0.75,5,-1.5
41,4,-1,0.75,5,-2
98,4,-1,1.25,1,-0.5
83,4,-1,1.25,1,-1
64,4,-1,1.25,1,-1.5
40,4,-1,1.25,1,-2
39,4,-1,1.25,2,-0.5
67,4,-1,1.25,2,-1
48,4,-1,1.25,2,-1.5
56,4,-1,1.25,2,-2
74,4,-1,1.25,3,-0.5
42,4,-1,1.25,3,-1
71,4,-1,1.25,3,-1.5
75,4,-1,1.25,3,-2
85,4,-1,1.25,4,-0.5
54,4,-1,1.25,4,-1
61,4,-1,1.25,4,-1.5
53,4,-1,1.25,4,-2
83,4,-1,1.25,5,-0.5
61,4,-1,1.25,5,-1
66,4,-1,1.25,5,-1.5
43,4,-1,1.25,5,-2
129,4,-1,1.75,1,-0.5
118,4,-1,1.75,1,-1
68,4,-1,1.75,1,-1.5
66,4,-1,1.75,1,-2
78,4,-1,1.75,2,-0.5
99,4,-1,1.75,2,-1
73,4,-1,1.75,2,-1.5
61,4,-1,1.75,2,-2
124,4,-1,1.75,3,-0.5
92,4,-1,1.75,3,-1
73,4,-1,1.75,3,-1.5
73,4,-1,1.75,3,-2
110,4,-1,1.75,4,-0.5
66,4,-1,1.75,4,-1
61,4,-1,1.75,4,-1.5
73,4,-1,1.75,4,-2
78,4,-1,1.75,5,-0.5
73,4,-1,1.75,5,-1
71,4,-1,1.75,5,-1.5
53,4,-1,1.75,5,-2
198,4,-2,0.25,1,-0.5
152,4,-2,0.25,1,-1
174,4,-2,0.25,1,-1.5
348,4,-2,0.25,1,-2
141,4,-2,0.25,2,-0.5
87,4,-2,0.25,2,-1
174,4,-2,0.25,2,-1.5
308,4,-2,0.25,2,-2
318,4,-2,0.25,3,-0.5
162,4,-2,0.25,3,-1
58,4,-2,0.25,3,-1.5
51,4,-2,0.25,3,-2
145,4,-2,0.25,4,-0.5
187,4,-2,0.25,4,-1
253,4,-2,0.25,4,-1.5
45,4,-2,0.25,4,-2
226,4,-2,0.25,5,-0.5
131,4,-2,0.25,5,-1
190,4,-2,0.25,5,-1.5
60,4,-2,0.25,5,-2
59,4,-2,0.75,1,-0.5
115,4,-2,0.75,1,-1
58,4,-2,0.75,1,-1.5
47,4,-2,0.75,1,-2
60,4,-2,0.75,2,-0.5
53,4,-2,0.75,2,-1
48,4,-2,0.75,2,-1.5
34,4,-2,0.75,2,-2
81,4,-2,0.75,3,-0.5
58,4,-2,0.75,3,-1
38,4,-2,0.75,3,-1.5
39,4,-2,0.75,3,-2
95,4,-2,0.75,4,-0.5
35,4,-2,0.75,4,-1
53,4,-2,0.75,4,-1.5
27,4,-2,0.75,4,-2
60,4,-2,0.75,5,-0.5
27,4,-2,0.75,5,-1
79,4,-2,0.75,5,-1.5
22,4,-2,0.75,5,-2
51,4,-2,1.25,1,-0.5
87,4,-2,1.25,1,-1
47,4,-2,1.25,1,-1.5
34,4,-2,1.25,1,-2
73,4,-2,1.25,2,-0.5
31,4,-2,1.25,2,-1
34,4,-2,1.25,2,-1.5
34,4,-2,1.25,2,-2
60,4,-2,1.25,3,-0.5
44,4,-2,1.25,3,-1
32,4,-2,1.25,3,-1.5
14,4,-2,1.25,3,-2
28,4,-2,1.25,4,-0.5
30,4,-2,1.25,4,-1
49,4,-2,1.25,4,-1.5
44,4,-2,1.25,4,-2
53,4,-2,1.25,5,-0.5
52,4,-2,1.25,5,-1
51,4,-2,1.25,5,-1.5
19,4,-2,1.25,5,-2
77,4,-2,1.75,1,-0.5
63,4,-2,1.75,1,-1
42,4,-2,1.75,1,-1.5
62,4,-2,1.75,1,-2
94,4,-2,1.75,2,-0.5
48,4,-2,1.75,2,-1
26,4,-2,1.75,2,-1.5
55,4,-2,1.75,2,-2
45,4,-2,1.75,3,-0.5
41,4,-2,1.75,3,-1
39,4,-2,1.75,3,-1.5
50,4,-2,1.75,3,-2
72,4,-2,1.75,4,-0.5
48,4,-2,1.75,4,-1
36,4,-2,1.75,4,-1.5
18,4,-2,1.75,4,-2
68,4,-2,1.75,5,-0.5
59,4,-2,1.75,5,-1
37,4,-2,1.75,5,-1.5
48,4,-2,1.75,5,-2
160,4,-3,0.25,1,-0.5
106,4,-3,0.25,1,-1
58,4,-3,0.25,1,-1.5
95,4,-3,0.25,1,-2
181,4,-3,0.25,2,-0.5
277,4,-3,0.25,2,-1
142,4,-3,0.25,2,-1.5
131,4,-3,0.25,2,-2
344,4,-3,0.25,3,-0.5
85,4,-3,0.25,3,-1
129,4,-3,0.25,3,-1.5
109,4,-3,0.25,3,-2
428,4,-3,0.25,4,-0.5
266,4,-3,0.25,4,-1
234,4,-3,0.25,4,-1.5
92,4,-3,0.25,4,-2
103,4,-3,0.25,5,-0.5
103,4,-3,0.25,5,-1
446,4,-3,0.25,5,-1.5
68,4,-3,0.25,5,-2
151,4,-3,0.75,1,-0.5
133,4,-3,0.75,1,-1
35,4,-3,0.75,1,-1.5
41,4,-3,0.75,1,-2
110,4,-3,0.75,2,-0.5
65,4,-3,0.75,2,-1
46,4,-3,0.75,2,-1.5
72,4,-3,0.75,2,-2
201,4,-3,0.75,3,-0.5
336,4,-3,0.75,3,-1
34,4,-3,0.75,3,-1.5
32,4,-3,0.75,3,-2
127,4,-3,0.75,4,-0.5
39,4,-3,0.75,4,-1
20,4,-3,0.75,4,-1.5
22,4,-3,0.75,4,-2
64,4,-3,0.75,5,-0.5
43,4,-3,0.75,5,-1
46,4,-3,0.75,5,-1.5
35,4,-3,0.75,5,-2
150,4,-3,1.25,1,-0.5
26,4,-3,1.25,1,-1
30,4,-3,1.25,1,-1.5
38,4,-3,1.25,1,-2
28,4,-3,1.25,2,-0.5
41,4,-3,1.25,2,-1
31,4,-3,1.25,2,-1.5
34,4,-3,1.25,2,-2
104,4,-3,1.25,3,-0.5
25,4,-3,1.25,3,-1
38,4,-3,1.25,3,-1.5
39,4,-3,1.25,3,-2
71,4,-3,1.25,4,-0.5
59,4,-3,1.25,4,-1
23,4,-3,1.25,4,-1.5
23,4,-3,1.25,4,-2
45,4,-3,1.25,5,-0.5
39,4,-3,1.25,5,-1
34,4,-3,1.25,5,-1.5
36,4,-3,1.25,5,-2
57,4,-3,1.75,1,-0.5
62,4,-3,1.75,1,-1
32,4,-3,1.75,1,-1.5
31,4,-3,1.75,1,-2
65,4,-3,1.75,2,-0.5
76,4,-3,1.75,2,-1
27,4,-3,1.75,2,-1.5
32,4,-3,1.75,2,-2
73,4,-3,1.75,3,-0.5
35,4,-3,1.75,3,-1
26,4,-3,1.75,3,-1.5
35,4,-3,1.75,3,-2
23,4,-3,1.75,4,-0.5
52,4,-3,1.75,4,-1
25,4,-3,1.75,4,-1.5
27,4,-3,1.75,4,-2
34,4,-3,1.75,5,-0.5
27,4,-3,1.75,5,-1
28,4,-3,1.75,5,-1.5
49,4,-3,1.75,5,-2
330,4,-4,0.25,1,-0.5
136,4,-4,0.25,1,-1
467,4,-4,0.25,1,-1.5
91,4,-4,0.25,1,-2
538,4,-4,0.25,2,-0.5
158,4,-4,0.25,2,-1
139,4,-4,0.25,2,-1.5
462,4,-4,0.25,2,-2
352,4,-4,0.25,3,-0.5
335,4,-4,0.25,3,-1
100,4,-4,0.25,3,-1.5
274,4,-4,0.25,3,-2
443,4,-4,0.25,4,-0.5
96,4,-4,0.25,4,-1
145,4,-4,0.25,4,-1.5
333,4,-4,0.25,4,-2
443,4,-4,0.25,5,-0.5
160,4,-4,0.25,5,-1
353,4,-4,0.25,5,-1.5
333,4,-4,0.25,5,-2
85,4,-4,0.75,1,-0.5
215,4,-4,0.75,1,-1
120,4,-4,0.75,1,-1.5
39,4,-4,0.75,1,-2
419,4,-4,0.75,2,-0.5
338,4,-4,0.75,2,-1
77,4,-4,0.75,2,-1.5
44,4,-4,0.75,2,-2
246,4,-4,0.75,3,-0.5
148,4,-4,0.75,3,-1
72,4,-4,0.75,3,-1.5
40,4,-4,0.75,3,-2
103,4,-4,0.75,4,-0.5
45,4,-4,0.75,4,-1
41,4,-4,0.75,4,-1.5
30,4,-4,0.75,4,-2
58,4,-4,0.75,5,-0.5
123,4,-4,0.75,5,-1
76,4,-4,0.75,5,-1.5
27,4,-4,0.75,5,-2
25,4,-4,1.25,1,-0.5
27,4,-4,1.25,1,-1
97,4,-4,1.25,1,-1.5
21,4,-4,1.25,1,-2
271,4,-4,1.25,2,-0.5
80,4,-4,1.25,2,-1
54,4,-4,1.25,2,-1.5
30,4,-4,1.25,2,-2
47,4,-4,1.25,3,-0.5
47,4,-4,1.25,3,-1
24,4,-4,1.25,3,-1.5
33,4,-4,1.25,3,-2
74,4,-4,1.25,4,-0.5
30,4,-4,1.25,4,-1
30,4,-4,1.25,4,-1.5
45,4,-4,1.25,4,-2
24,4,-4,1.25,5,-0.5
48,4,-4,1.25,5,-1
95,4,-4,1.25,5,-1.5
28,4,-4,1.25,5,-2
40,4,-4,1.75,1,-0.5
58,4,-4,1.75,1,-1
50,4,-4,1.75,1,-1.5
18,4,-4,1.75,1,-2
26,4,-4,1.75,2,-0.5
22,4,-4,1.75,2,-1
36,4,-4,1.75,2,-1.5
18,4,-4,1.75,2,-2
65,4,-4,1.75,3,-0.5
41,4,-4,1.75,3,-1
32,4,-4,1.75,3,-1.5
28,4,-4,1.75,3,-2
32,4,-4,1.75,4,-0.5
17,4,-4,1.75,4,-1
31,4,-4,1.75,4,-1.5
23,4,-4,1.75,4,-2
29,4,-4,1.75,5,-0.5
27,4,-4,1.75,5,-1
105,4,-4,1.75,5,-1.5
28,4,-4,1.75,5,-2
150,4,-5,0.25,1,-0.5
171,4,-5,0.25,1,-1
243,4,-5,0.25,1,-1.5
96,4,-5,0.25,1,-2
407,4,-5,0.25,2,-0.5
156,4,-5,0.25,2,-1
243,4,-5,0.25,2,-1.5
104,4,-5,0.25,2,-2
252,4,-5,0.25,3,-0.5
286,4,-5,0.25,3,-1
241,4,-5,0.25,3,-1.5
50,4,-5,0.25,3,-2
395,4,-5,0.25,4,-0.5
408,4,-5,0.25,4,-1
445,4,-5,0.25,4,-1.5
200,4,-5,0.25,4,-2
217,4,-5,0.25,5,-0.5
125,4,-5,0.25,5,-1
345,4,-5,0.25,5,-1.5
76,4,-5,0.25,5,-2
65,4,-5,0.75,1,-0.5
415,4,-5,0.75,1,-1
168,4,-5,0.75,1,-1.5
43,4,-5,0.75,1,-2
124,4,-5,0.75,2,-0.5
190,4,-5,0.75,2,-1
71,4,-5,0.75,2,-1.5
18,4,-5,0.75,2,-2
75,4,-5,0.75,3,-0.5
72,4,-5,0.75,3,-1
126,4,-5,0.75,3,-1.5
61,4,-5,0.75,3,-2
397,4,-5,0.75,4,-0.5
306,4,-5,0.75,4,-1
66,4,-5,0.75,4,-1.5
38,4,-5,0.75,4,-2
435,4,-5,0.75,5,-0.5
90,4,-5,0.75,5,-1
55,4,-5,0.75,5,-1.5
96,4,-5,0.75,5,-2
328,4,-5,1.25,1,-0.5
45,4,-5,1.25,1,-1
45,4,-5,1.25,1,-1.5
42,4,-5,1.25,1,-2
54,4,-5,1.25,2,-0.5
224,4,-5,1.25,2,-1
55,4,-5,1.25,2,-1.5
77,4,-5,1.25,2,-2
32,4,-5,1.25,3,-0.5
160,4,-5,1.25,3,-1
37,4,-5,1.25,3,-1.5
68,4,-5,1.25,3,-2
30,4,-5,1.25,4,-0.5
118,4,-5,1.25,4,-1
41,4,-5,1.25,4,-1.5
237,4,-5,1.25,4,-2
91,4,-5,1.25,5,-0.5
101,4,-5,1.25,5,-1
76,4,-5,1.25,5,-1.5
24,4,-5,1.25,5,-2
136,4,-5,1.75,1,-0.5
44,4,-5,1.75,1,-1
225,4,-5,1.75,1,-1.5
49,4,-5,1.75,1,-2
52,4,-5,1.75,2,-0.5
24,4,-5,1.75,2,-1
26,4,-5,1.75,2,-1.5
42,4,-5,1.75,2,-2
40,4,-5,1.75,3,-0.5
123,4,-5,1.75,3,-1
49,4,-5,1.75,3,-1.5
25,4,-5,1.75,3,-2
45,4,-5,1.75,4,-0.5
32,4,-5,1.75,4,-1
39,4,-5,1.75,4,-1.5
22,4,-5,1.75,4,-2
45,4,-5,1.75,5,-0.5
40,4,-5,1.75,5,-1
31,4,-5,1.75,5,-1.5
27,4,-5,1.75,5,-2
178,5,-1,0.25,1,-0.5
178,5,-1,0.25,1,-1
145,5,-1,0.25,1,-1.5
76,5,-1,0.25,1,-2
198,5,-1,0.25,2,-0.5
165,5,-1,0.25,2,-1
134,5,-1,0.25,2,-1.5
128,5,-1,0.25,2,-2
335,5,-1,0.25,3,-0.5
140,5,-1,0.25,3,-1
143,5,-1,0.25,3,-1.5
139,5,-1,0.25,3,-2
334,5,-1,0.25,4,-0.5
124,5,-1,0.25,4,-1
82,5,-1,0.25,4,-1.5
71,5,-1,0.25,4,-2
136,5,-1,0.25,5,-0.5
130,5,-1,0.25,5,-1
138,5,-1,0.25,5,-1.5
116,5,-1,0.25,5,-2
96,5,-1,0.75,1,-0.5
118,5,-1,0.75,1,-1
102,5,-1,0.75,1,-1.5
92,5,-1,0.75,1,-2
128,5,-1,0.75,2,-0.5
93,5,-1,0.75,2,-1
67,5,-1,0.75,2,-1.5
67,5,-1,0.75,2,-2
92,5,-1,0.75,3,-0.5
83,5,-1,0.75,3,-1
68,5,-1,0.75,3,-1.5
56,5,-1,0.75,3,-2
76,5,-1,0.75,4,-0.5
92,5,-1,0.75,4,-1
100,5,-1,0.75,4,-1.5
34,5,-1,0.75,4,-2
107,5,-1,0.75,5,-0.5
87,5,-1,0.75,5,-1
61,5,-1,0.75,5,-1.5
77,5,-1,0.75,5,-2
123,5,-1,1.25,1,-0.5
95,5,-1,1.25,1,-1
119,5,-1,1.25,1,-1.5
66,5,-1,1.25,1,-2
105,5,-1,1.25,2,-0.5
101,5,-1,1.25,2,-1
77,5,-1,1.25,2,-1.5
67,5,-1,1.25,2,-2
83,5,-1,1.25,3,-0.5
95,5,-1,1.25,3,-1
65,5,-1,1.25,3,-1.5
27,5,-1,1.25,3,-2
67,5,-1,1.25,4,-0.5
87,5,-1,1.25,4,-1
51,5,-1,1.25,4,-1.5
53,5,-1,1.25,4,-2
92,5,-1,1.25,5,-0.5
56,5,-1,1.25,5,-1
49,5,-1,1.25,5,-1.5
57,5,-1,1.25,5,-2
129,5,-1,1.75,1,-0.5
108,5,-1,1.75,1,-1
69,5,-1,1.75,1,-1.5
64,5,-1,1.75,1,-2
131,5,-1,1.75,2,-0.5
117,5,-1,1.75,2,-1
120,5,-1,1.75,2,-1.5
66,5,-1,1.75,2,-2
122,5,-1,1.75,3,-0.5
90,5,-1,1.75,3,-1
58,5,-1,1.75,3,-1.5
48,5,-1,1.75,3,-2
89,5,-1,1.75,4,-0.5
71,5,-1,1.75,4,-1
68,5,-1,1.75,4,-1.5
45,5,-1,1.75,4,-2
76,5,-1,1.75,5,-0.5
46,5,-1,1.75,5,-1
69,5,-1,1.75,5,-1.5
54,5,-1,1.75,5,-2
388,5,-2,0.25,1,-0.5
214,5,-2,0.25,1,-1
113,5,-2,0.25,1,-1.5
528,5,-2,0.25,1,-2
222,5,-2,0.25,2,-0.5
228,5,-2,0.25,2,-1
188,5,-2,0.25,2,-1.5
169,5,-2,0.25,2,-2
201,5,-2,0.25,3,-0.5
152,5,-2,0.25,3,-1
367,5,-2,0.25,3,-1.5
84,5,-2,0.25,3,-2
248,5,-2,0.25,4,-0.5
149,5,-2,0.25,4,-1
100,5,-2,0.25,4,-1.5
111,5,-2,0.25,4,-2
321,5,-2,0.25,5,-0.5
236,5,-2,0.25,5,-1
237,5,-2,0.25,5,-1.5
131,5,-2,0.25,5,-2
189,5,-2,0.75,1,-0.5
91,5,-2,0.75,1,-1
115,5,-2,0.75,1,-1.5
71,5,-2,0.75,1,-2
77,5,-2,0.75,2,-0.5
87,5,-2,0.75,2,-1
54,5,-2,0.75,2,-1.5
37,5,-2,0.75,2,-2
81,5,-2,0.75,3,-0.5
132,5,-2,0.75,3,-1
61,5,-2,0.75,3,-1.5
53,5,-2,0.75,3,-2
86,5,-2,0.75,4,-0.5
62,5,-2,0.75,4,-1
68,5,-2,0.75,4,-1.5
42,5,-2,0.75,4,-2
64,5,-2,0.75,5,-0.5
91,5,-2,0.75,5,-1
42,5,-2,0.75,5,-1.5
62,5,-2,0.75,5,-2
74,5,-2,1.25,1,-0.5
76,5,-2,1.25,1,-1
74,5,-2,1.25,1,-1.5
51,5,-2,1.25,1,-2
85,5,-2,1.25,2,-0.5
83,5,-2,1.25,2,-1
54,5,-2,1.25,2,-1.5
39,5,-2,1.25,2,-2
107,5,-2,1.25,3,-0.5
46,5,-2,1.25,3,-1
65,5,-2,1.25,3,-1.5
34,5,-2,1.25,3,-2
75,5,-2,1.25,4,-0.5
70,5,-2,1.25,4,-1
56,5,-2,1.25,4,-1.5
45,5,-2,1.25,4,-2
65,5,-2,1.25,5,-0.5
56,5,-2,1.25,5,-1
49,5,-2,1.25,5,-1.5
36,5,-2,1.25,5,-2
91,5,-2,1.75,1,-0.5
87,5,-2,1.75,1,-1
58,5,-2,1.75,1,-1.5
47,5,-2,1.75,1,-2
91,5,-2,1.75,2,-0.5
60,5,-2,1.75,2,-1
75,5,-2,1.75,2,-1.5
59,5,-2,1.75,2,-2
79,5,-2,1.75,3,-0.5
75,5,-2,1.75,3,-1
63,5,-2,1.75,3,-1.5
37,5,-2,1.75,3,-2
74,5,-2,1.75,4,-0.5
49,5,-2,1.75,4,-1
30,5,-2,1.75,4,-1.5
47,5,-2,1.75,4,-2
53,5,-2,1.75,5,-0.5
42,5,-2,1.75,5,-1
64,5,-2,1.75,5,-1.5
28,5,-2,1.75,5,-2
229,5,-3,0.25,1,-0.5
348,5,-3,0.25,1,-1
347,5,-3,0.25,1,-1.5
504,5,-3,0.25,1,-2
299,5,-3,0.25,2,-0.5
362,5,-3,0.25,2,-1
249,5,-3,0.25,2,-1.5
504,5,-3,0.25,2,-2
326,5,-3,0.25,3,-0.5
284,5,-3,0.25,3,-1
290,5,-3,0.25,3,-1.5
58,5,-3,0.25,3,-2
449,5,-3,0.25,4,-0.5
261,5,-3,0.25,4,-1
358,5,-3,0.25,4,-1.5
160,5,-3,0.25,4,-2
449,5,-3,0.25,5,-0.5
382,5,-3,0.25,5,-1
115,5,-3,0.25,5,-1.5
62,5,-3,0.25,5,-2
115,5,-3,0.75,1,-0.5
102,5,-3,0.75,1,-1
113,5,-3,0.75,1,-1.5
110,5,-3,0.75,1,-2
107,5,-3,0.75,2,-0.5
113,5,-3,0.75,2,-1
77,5,-3,0.75,2,-1.5
83,5,-3,0.75,2,-2
59,5,-3,0.75,3,-0.5
135,5,-3,0.75,3,-1
50,5,-3,0.75,3,-1.5
65,5,-3,0.75,3,-2
86,5,-3,0.75,4,-0.5
77,5,-3,0.75,4,-1
49,5,-3,0.75,4,-1.5
61,5,-3,0.75,4,-2
47,5,-3,0.75,5,-0.5
96,5,-3,0.75,5,-1
70,5,-3,0.75,5,-1.5
79,5,-3,0.75,5,-2
296,5,-3,1.25,1,-0.5
68,5,-3,1.25,1,-1
55,5,-3,1.25,1,-1.5
39,5,-3,1.25,1,-2
63,5,-3,1.25,2,-0.5
67,5,-3,1.25,2,-1
64,5,-3,1.25,2,-1.5
26,5,-3,1.25,2,-2
40,5,-3,1.25,3,-0.5
39,5,-3,1.25,3,-1
39,5,-3,1.25,3,-1.5
32,5,-3,1.25,3,-2
64,5,-3,1.25,4,-0.5
68,5,-3,1.25,4,-1
37,5,-3,1.25,4,-1.5
302,5,-3,1.25,4,-2
49,5,-3,1.25,5,-0.5
44,5,-3,1.25,5,-1
38,5,-3,1.25,5,-1.5
31,5,-3,1.25,5,-2
66,5,-3,1.75,1,-0.5
66,5,-3,1.75,1,-1
87,5,-3,1.75,1,-1.5
45,5,-3,1.75,1,-2
58,5,-3,1.75,2,-0.5
48,5,-3,1.75,2,-1
70,5,-3,1.75,2,-1.5
29,5,-3,1.75,2,-2
50,5,-3,1.75,3,-0.5
52,5,-3,1.75,3,-1
52,5,-3,1.75,3,-1.5
33,5,-3,1.75,3,-2
106,5,-3,1.75,4,-0.5
36,5,-3,1.75,4,-1
63,5,-3,1.75,4,-1.5
17,5,-3,1.75,4,-2
49,5,-3,1.75,5,-0.5
52,5,-3,1.75,5,-1
42,5,-3,1.75,5,-1.5
44,5,-3,1.75,5,-2
294,5,-4,0.25,1,-0.5
338,5,-4,0.25,1,-1
276,5,-4,0.25,1,-1.5
258,5,-4,0.25,1,-2
459,5,-4,0.25,2,-0.5
167,5,-4,0.25,2,-1
161,5,-4,0.25,2,-1.5
154,5,-4,0.25,2,-2
459,5,-4,0.25,3,-0.5
333,5,-4,0.25,3,-1
130,5,-4,0.25,3,-1.5
230,5,-4,0.25,3,-2
310,5,-4,0.25,4,-0.5
206,5,-4,0.25,4,-1
259,5,-4,0.25,4,-1.5
81,5,-4,0.25,4,-2
310,5,-4,0.25,5,-0.5
417,5,-4,0.25,5,-1
247,5,-4,0.25,5,-1.5
207,5,-4,0.25,5,-2
132,5,-4,0.75,1,-0.5
61,5,-4,0.75,1,-1
201,5,-4,0.75,1,-1.5
84,5,-4,0.75,1,-2
80,5,-4,0.75,2,-0.5
127,5,-4,0.75,2,-1
174,5,-4,0.75,2,-1.5
83,5,-4,0.75,2,-2
285,5,-4,0.75,3,-0.5
41,5,-4,0.75,3,-1
263,5,-4,0.75,3,-1.5
71,5,-4,0.75,3,-2
572,5,-4,0.75,4,-0.5
175,5,-4,0.75,4,-1
53,5,-4,0.75,4,-1.5
40,5,-4,0.75,4,-2
84,5,-4,0.75,5,-0.5
277,5,-4,0.75,5,-1
63,5,-4,0.75,5,-1.5
47,5,-4,0.75,5,-2
79,5,-4,1.25,1,-0.5
38,5,-4,1.25,1,-1
72,5,-4,1.25,1,-1.5
36,5,-4,1.25,1,-2
52,5,-4,1.25,2,-0.5
155,5,-4,1.25,2,-1
48,5,-4,1.25,2,-1.5
36,5,-4,1.25,2,-2
51,5,-4,1.25,3,-0.5
40,5,-4,1.25,3,-1
68,5,-4,1.25,3,-1.5
25,5,-4,1.25,3,-2
255,5,-4,1.25,4,-0.5
30,5,-4,1.25,4,-1
29,5,-4,1.25,4,-1.5
123,5,-4,1.25,4,-2
45,5,-4,1.25,5,-0.5
67,5,-4,1.25,5,-1
72,5,-4,1.25,5,-1.5
30,5,-4,1.25,5,-2
94,5,-4,1.75,1,-0.5
24,5,-4,1.75,1,-1
40,5,-4,1.75,1,-1.5
78,5,-4,1.75,1,-2
35,5,-4,1.75,2,-0.5
59,5,-4,1.75,2,-1
41,5,-4,1.75,2,-1.5
27,5,-4,1.75,2,-2
58,5,-4,1.75,3,-0.5
42,5,-4,1.75,3,-1
20,5,-4,1.75,3,-1.5
52,5,-4,1.75,3,-2
35,5,-4,1.75,4,-0.5
41,5,-4,1.75,4,-1
30,5,-4,1.75,4,-1.5
29,5,-4,1.75,4,-2
27,5,-4,1.75,5,-0.5
21,5,-4,1.75,5,-1
36,5,-4,1.75,5,-1.5
21,5,-4,1.75,5,-2
418,5,-5,0.25,1,-0.5
218,5,-5,0.25,1,-1
358,5,-5,0.25,1,-1.5
252,5,-5,0.25,1,-2
488,5,-5,0.25,2,-0.5
271,5,-5,0.25,2,-1
343,5,-5,0.25,2,-1.5
313,5,-5,0.25,2,-2
411,5,-5,0.25,3,-0.5
192,5,-5,0.25,3,-1
343,5,-5,0.25,3,-1.5
47,5,-5,0.25,3,-2
384,5,-5,0.25,4,-0.5
414,5,-5,0.25,4,-1
266,5,-5,0.25,4,-1.5
130,5,-5,0.25,4,-2
528,5,-5,0.25,5,-0.5
254,5,-5,0.25,5,-1
93,5,-5,0.25,5,-1.5
172,5,-5,0.25,5,-2
167,5,-5,0.75,1,-0.5
196,5,-5,0.75,1,-1
149,5,-5,0.75,1,-1.5
84,5,-5,0.75,1,-2
343,5,-5,0.75,2,-0.5
330,5,-5,0.75,2,-1
426,5,-5,0.75,2,-1.5
114,5,-5,0.75,2,-2
115,5,-5,0.75,3,-0.5
397,5,-5,0.75,3,-1
369,5,-5,0.75,3,-1.5
50,5,-5,0.75,3,-2
107,5,-5,0.75,4,-0.5
168,5,-5,0.75,4,-1
387,5,-5,0.75,4,-1.5
82,5,-5,0.75,4,-2
514,5,-5,0.75,5,-0.5
64,5,-5,0.75,5,-1
359,5,-5,0.75,5,-1.5
77,5,-5,0.75,5,-2
309,5,-5,1.25,1,-0.5
113,5,-5,1.25,1,-1
72,5,-5,1.25,1,-1.5
42,5,-5,1.25,1,-2
54,5,-5,1.25,2,-0.5
23,5,-5,1.25,2,-1
31,5,-5,1.25,2,-1.5
45,5,-5,1.25,2,-2
173,5,-5,1.25,3,-0.5
84,5,-5,1.25,3,-1
46,5,-5,1.25,3,-1.5
124,5,-5,1.25,3,-2
89,5,-5,1.25,4,-0.5
44,5,-5,1.25,4,-1
68,5,-5,1.25,4,-1.5
89,5,-5,1.25,4,-2
88,5,-5,1.25,5,-0.5
35,5,-5,1.25,5,-1
20,5,-5,1.25,5,-1.5
173,5,-5,1.25,5,-2
110,5,-5,1.75,1,-0.5
43,5,-5,1.75,1,-1
38,5,-5,1.75,1,-1.5
51,5,-5,1.75,1,-2
61,5,-5,1.75,2,-0.5
78,5,-5,1.75,2,-1
28,5,-5,1.75,2,-1.5
41,5,-5,1.75,2,-2
47,5,-5,1.75,3,-0.5
21,5,-5,1.75,3,-1
126,5,-5,1.75,3,-1.5
22,5,-5,1.75,3,-2
74,5,-5,1.75,4,-0.5
56,5,-5,1.75,4,-1
26,5,-5,1.75,4,-1.5
88,5,-5,1.75,4,-2
29,5,-5,1.75,5,-0.5
29,5,-5,1.75,5,-1
29,5,-5,1.75,5,-1.5
47,5,-5,1.75,5,-2
