91,1,-1,0.25,1,-0.5
51,1,-1,0.25,1,-1
20,1,-1,0.25,1,-1.5
21,1,-1,0.25,1,-2
95,1,-1,0.25,2,-0.5
34,1,-1,0.25,2,-1
28,1,-1,0.25,2,-1.5
25,1,-1,0.25,2,-2
62,1,-1,0.25,3,-0.5
32,1,-1,0.25,3,-1
21,1,-1,0.25,3,-1.5
49,1,-1,0.25,3,-2
46,1,-1,0.25,4,-0.5
34,1,-1,0.25,4,-1
18,1,-1,0.25,4,-1.5
51,1,-1,0.25,4,-2
63,1,-1,0.25,5,-0.5
38,1,-1,0.25,5,-1
41,1,-1,0.25,5,-1.5
57,1,-1,0.25,5,-2
58,1,-1,0.75,1,-0.5
53,1,-1,0.75,1,-1
39,1,-1,0.75,1,-1.5
77,1,-1,0.75,1,-2
40,1,-1,0.75,2,-0.5
28,1,-1,0.75,2,-1
59,1,-1,0.75,2,-1.5
49,1,-1,0.75,2,-2
37,1,-1,0.75,3,-0.5
64,1,-1,0.75,3,-1
62,1,-1,0.75,3,-1.5
60,1,-1,0.75,3,-2
60,1,-1,0.75,4,-0.5
38,1,-1,0.75,4,-1
68,1,-1,0.75,4,-1.5
51,1,-1,0.75,4,-2
61,1,-1,0.75,5,-0.5
48,1,-1,0.75,5,-1
62,1,-1,0.75,5,-1.5
73,1,-1,0.75,5,-2
114,1,-1,1.25,1,-0.5
68,1,-1,1.25,1,-1
100,1,-1,1.25,1,-1.5
77,1,-1,1.25,1,-2
97,1,-1,1.25,2,-0.5
83,1,-1,1.25,2,-1
76,1,-1,1.25,2,-1.5
73,1,-1,1.25,2,-2
113,1,-1,1.25,3,-0.5
83,1,-1,1.25,3,-1
61,1,-1,1.25,3,-1.5
67,1,-1,1.25,3,-2
130,1,-1,1.25,4,-0.5
74,1,-1,1.25,4,-1
88,1,-1,1.25,4,-1.5
98,1,-1,1.25,4,-2
115,1,-1,1.25,5,-0.5
89,1,-1,1.25,5,-1
88,1,-1,1.25,5,-1.5
83,1,-1,1.25,5,-2
175,1,-1,1.75,1,-0.5
131,1,-1,1.75,1,-1
107,1,-1,1.75,1,-1.5
116,1,-1,1.75,1,-2
174,1,-1,1.75,2,-0.5
99,1,-1,1.75,2,-1
129,1,-1,1.75,2,-1.5
123,1,-1,1.75,2,-2
150,1,-1,1.75,3,-0.5
122,1,-1,1.75,3,-1
87,1,-1,1.75,3,-1.5
114,1,-1,1.75,3,-2
141,1,-1,1.75,4,-0.5
128,1,-1,1.75,4,-1
135,1,-1,1.75,4,-1.5
121,1,-1,1.75,4,-2
144,1,-1,1.75,5,-0.5
130,1,-1,1.75,5,-1
128,1,-1,1.75,5,-1.5
118,1,-1,1.75,5,-2
156,1,-2,0.25,1,-0.5
26,1,-2,0.25,1,-1
510,1,-2,0.25,1,-1.5
32,1,-2,0.25,1,-2
97,1,-2,0.25,2,-0.5
166,1,-2,0.25,2,-1
58,1,-2,0.25,2,-1.5
52,1,-2,0.25,2,-2
110,1,-2,0.25,3,-0.5
57,1,-2,0.25,3,-1
45,1,-2,0.25,3,-1.5
25,1,-2,0.25,3,-2
191,1,-2,0.25,4,-0.5
74,1,-2,0.25,4,-1
82,1,-2,0.25,4,-1.5
41,1,-2,0.25,4,-2
25,1,-2,0.25,5,-0.5
39,1,-2,0.25,5,-1
61,1,-2,0.25,5,-1.5
57,1,-2,0.25,5,-2
25,1,-2,0.75,1,-0.5
21,1,-2,0.75,1,-1
27,1,-2,0.75,1,-1.5
22,1,-2,0.75,1,-2
51,1,-2,0.75,2,-0.5
29,1,-2,0.75,2,-1
21,1,-2,0.75,2,-1.5
17,1,-2,0.75,2,-2
33,1,-2,0.75,3,-0.5
38,1,-2,0.75,3,-1
28,1,-2,0.75,3,-1.5
28,1,-2,0.75,3,-2
69,1,-2,0.75,4,-0.5
38,1,-2,0.75,4,-1
43,1,-2,0.75,4,-1.5
56,1,-2,0.75,4,-2
32,1,-2,0.75,5,-0.5
49,1,-2,0.75,5,-1
64,1,-2,0.75,5,-1.5
61,1,-2,0.75,5,-2
50,1,-2,1.25,1,-0.5
19,1,-2,1.25,1,-1
45,1,-2,1.25,1,-1.5
51,1,-2,1.25,1,-2
68,1,-2,1.25,2,-0.5
42,1,-2,1.25,2,-1
31,1,-2,1.25,2,-1.5
49,1,-2,1.25,2,-2
60,1,-2,1.25,3,-0.5
28,1,-2,1.25,3,-1
44,1,-2,1.25,3,-1.5
44,1,-2,1.25,3,-2
55,1,-2,1.25,4,-0.5
35,1,-2,1.25,4,-1
33,1,-2,1.25,4,-1.5
67,1,-2,1.25,4,-2
51,1,-2,1.25,5,-0.5
56,1,-2,1.25,5,-1
59,1,-2,1.25,5,-1.5
82,1,-2,1.25,5,-2
114,1,-2,1.75,1,-0.5
99,1,-2,1.75,1,-1
80,1,-2,1.75,1,-1.5
89,1,-2,1.75,1,-2
118,1,-2,1.75,2,-0.5
71,1,-2,1.75,2,-1
84,1,-2,1.75,2,-1.5
47,1,-2,1.75,2,-2
123,1,-2,1.75,3,-0.5
92,1,-2,1.75,3,-1
78,1,-2,1.75,3,-1.5
39,1,-2,1.75,3,-2
93,1,-2,1.75,4,-0.5
68,1,-2,1.75,4,-1
64,1,-2,1.75,4,-1.5
75,1,-2,1.75,4,-2
111,1,-2,1.75,5,-0.5
72,1,-2,1.75,5,-1
54,1,-2,1.75,5,-1.5
75,1,-2,1.75,5,-2
502,1,-3,0.25,1,-0.5
304,1,-3,0.25,1,-1
363,1,-3,0.25,1,-1.5
509,1,-3,0.25,1,-2
502,1,-3,0.25,2,-0.5
370,1,-3,0.25,2,-1
321,1,-3,0.25,2,-1.5
93,1,-3,0.25,2,-2
256,1,-3,0.25,3,-0.5
495,1,-3,0.25,3,-1
49,1,-3,0.25,3,-1.5
71,1,-3,0.25,3,-2
175,1,-3,0.25,4,-0.5
177,1,-3,0.25,4,-1
62,1,-3,0.25,4,-1.5
44,1,-3,0.25,4,-2
85,1,-3,0.25,5,-0.5
158,1,-3,0.25,5,-1
77,1,-3,0.25,5,-1.5
48,1,-3,0.25,5,-2
32,1,-3,0.75,1,-0.5
22,1,-3,0.75,1,-1
24,1,-3,0.75,1,-1.5
24,1,-3,0.75,1,-2
33,1,-3,0.75,2,-0.5
30,1,-3,0.75,2,-1
28,1,-3,0.75,2,-1.5
43,1,-3,0.75,2,-2
74,1,-3,0.75,3,-0.5
40,1,-3,0.75,3,-1
27,1,-3,0.75,3,-1.5
29,1,-3,0.75,3,-2
44,1,-3,0.75,4,-0.5
275,1,-3,0.75,4,-1
35,1,-3,0.75,4,-1.5
24,1,-3,0.75,4,-2
39,1,-3,0.75,5,-0.5
86,1,-3,0.75,5,-1
30,1,-3,0.75,5,-1.5
23,1,-3,0.75,5,-2
91,1,-3,1.25,1,-0.5
33,1,-3,1.25,1,-1
38,1,-3,1.25,1,-1.5
67,1,-3,1.25,1,-2
52,1,-3,1.25,2,-0.5
35,1,-3,1.25,2,-1
27,1,-3,1.25,2,-1.5
23,1,-3,1.25,2,-2
28,1,-3,1.25,3,-0.5
39,1,-3,1.25,3,-1
23,1,-3,1.25,3,-1.5
41,1,-3,1.25,3,-2
59,1,-3,1.25,4,-0.5
28,1,-3,1.25,4,-1
57,1,-3,1.25,4,-1.5
23,1,-3,1.25,4,-2
39,1,-3,1.25,5,-0.5
34,1,-3,1.25,5,-1
27,1,-3,1.25,5,-1.5
40,1,-3,1.25,5,-2
97,1,-3,1.75,1,-0.5
62,1,-3,1.75,1,-1
57,1,-3,1.75,1,-1.5
67,1,-3,1.75,1,-2
78,1,-3,1.75,2,-0.5
56,1,-3,1.75,2,-1
66,1,-3,1.75,2,-1.5
56,1,-3,1.75,2,-2
61,1,-3,1.75,3,-0.5
53,1,-3,1.75,3,-1
61,1,-3,1.75,3,-1.5
67,1,-3,1.75,3,-2
75,1,-3,1.75,4,-0.5
60,1,-3,1.75,4,-1
43,1,-3,1.75,4,-1.5
70,1,-3,1.75,4,-2
78,1,-3,1.75,5,-0.5
62,1,-3,1.75,5,-1
67,1,-3,1.75,5,-1.5
46,1,-3,1.75,5,-2
115,1,-4,0.25,1,-0.5
149,1,-4,0.25,1,-1
62,1,-4,0.25,1,-1.5
38,1,-4,0.25,1,-2
215,1,-4,0.25,2,-0.5
43,1,-4,0.25,2,-1
179,1,-4,0.25,2,-1.5
120,1,-4,0.25,2,-2
402,1,-4,0.25,3,-0.5
277,1,-4,0.25,3,-1
54,1,-4,0.25,3,-1.5
61,1,-4,0.25,3,-2
307,1,-4,0.25,4,-0.5
226,1,-4,0.25,4,-1
44,1,-4,0.25,4,-1.5
49,1,-4,0.25,4,-2
166,1,-4,0.25,5,-0.5
47,1,-4,0.25,5,-1
129,1,-4,0.25,5,-1.5
71,1,-4,0.25,5,-2
39,1,-4,0.75,1,-0.5
62,1,-4,0.75,1,-1
67,1,-4,0.75,1,-1.5
41,1,-4,0.75,1,-2
41,1,-4,0.75,2,-0.5
187,1,-4,0.75,2,-1
88,1,-4,0.75,2,-1.5
43,1,-4,0.75,2,-2
20,1,-4,0.75,3,-0.5
67,1,-4,0.75,3,-1
17,1,-4,0.75,3,-1.5
46,1,-4,0.75,3,-2
72,1,-4,0.75,4,-0.5
30,1,-4,0.75,4,-1
26,1,-4,0.75,4,-1.5
47,1,-4,0.75,4,-2
207,1,-4,0.75,5,-0.5
29,1,-4,0.75,5,-1
27,1,-4,0.75,5,-1.5
61,1,-4,0.75,5,-2
32,1,-4,1.25,1,-0.5
40,1,-4,1.25,1,-1
28,1,-4,1.25,1,-1.5
47,1,-4,1.25,1,-2
27,1,-4,1.25,2,-0.5
36,1,-4,1.25,2,-1
24,1,-4,1.25,2,-1.5
38,1,-4,1.25,2,-2
38,1,-4,1.25,3,-0.5
265,1,-4,1.25,3,-1
48,1,-4,1.25,3,-1.5
21,1,-4,1.25,3,-2
28,1,-4,1.25,4,-0.5
48,1,-4,1.25,4,-1
23,1,-4,1.25,4,-1.5
44,1,-4,1.25,4,-2
48,1,-4,1.25,5,-0.5
42,1,-4,1.25,5,-1
20,1,-4,1.25,5,-1.5
14,1,-4,1.25,5,-2
82,1,-4,1.75,1,-0.5
44,1,-4,1.75,1,-1
49,1,-4,1.75,1,-1.5
32,1,-4,1.75,1,-2
55,1,-4,1.75,2,-0.5
35,1,-4,1.75,2,-1
67,1,-4,1.75,2,-1.5
24,1,-4,1.75,2,-2
63,1,-4,1.75,3,-0.5
63,1,-4,1.75,3,-1
140,1,-4,1.75,3,-1.5
35,1,-4,1.75,3,-2
66,1,-4,1.75,4,-0.5
68,1,-4,1.75,4,-1
30,1,-4,1.75,4,-1.5
45,1,-4,1.75,4,-2
58,1,-4,1.75,5,-0.5
57,1,-4,1.75,5,-1
32,1,-4,1.75,5,-1.5
25,1,-4,1.75,5,-2
396,1,-5,0.25,1,-0.5
36,1,-5,0.25,1,-1
110,1,-5,0.25,1,-1.5
86,1,-5,0.25,1,-2
88,1,-5,0.25,2,-0.5
135,1,-5,0.25,2,-1
65,1,-5,0.25,2,-1.5
326,1,-5,0.25,2,-2
85,1,-5,0.25,3,-0.5
21,1,-5,0.25,3,-1
503,1,-5,0.25,3,-1.5
326,1,-5,0.25,3,-2
69,1,-5,0.25,4,-0.5
224,1,-5,0.25,4,-1
503,1,-5,0.25,4,-1.5
264,1,-5,0.25,4,-2
321,1,-5,0.25,5,-0.5
366,1,-5,0.25,5,-1
175,1,-5,0.25,5,-1.5
37,1,-5,0.25,5,-2
28,1,-5,0.75,1,-0.5
52,1,-5,0.75,1,-1
396,1,-5,0.75,1,-1.5
400,1,-5,0.75,1,-2
20,1,-5,0.75,2,-0.5
140,1,-5,0.75,2,-1
30,1,-5,0.75,2,-1.5
51,1,-5,0.75,2,-2
90,1,-5,0.75,3,-0.5
60,1,-5,0.75,3,-1
269,1,-5,0.75,3,-1.5
81,1,-5,0.75,3,-2
57,1,-5,0.75,4,-0.5
34,1,-5,0.75,4,-1
103,1,-5,0.75,4,-1.5
27,1,-5,0.75,4,-2
33,1,-5,0.75,5,-0.5
201,1,-5,0.75,5,-1
111,1,-5,0.75,5,-1.5
34,1,-5,0.75,5,-2
72,1,-5,1.25,1,-0.5
81,1,-5,1.25,1,-1
37,1,-5,1.25,1,-1.5
22,1,-5,1.25,1,-2
28,1,-5,1.25,2,-0.5
397,1,-5,1.25,2,-1
44,1,-5,1.25,2,-1.5
25,1,-5,1.25,2,-2
273,1,-5,1.25,3,-0.5
42,1,-5,1.25,3,-1
34,1,-5,1.25,3,-1.5
25,1,-5,1.25,3,-2
51,1,-5,1.25,4,-0.5
32,1,-5,1.25,4,-1
51,1,-5,1.25,4,-1.5
17,1,-5,1.25,4,-2
73,1,-5,1.25,5,-0.5
35,1,-5,1.25,5,-1
20,1,-5,1.25,5,-1.5
46,1,-5,1.25,5,-2
54,1,-5,1.75,1,-0.5
36,1,-5,1.75,1,-1
41,1,-5,1.75,1,-1.5
44,1,-5,1.75,1,-2
40,1,-5,1.75,2,-0.5
25,1,-5,1.75,2,-1
28,1,-5,1.75,2,-1.5
31,1,-5,1.75,2,-2
40,1,-5,1.75,3,-0.5
36,1,-5,1.75,3,-1
28,1,-5,1.75,3,-1.5
28,1,-5,1.75,3,-2
325,1,-5,1.75,4,-0.5
20,1,-5,1.75,4,-1
22,1,-5,1.75,4,-1.5
23,1,-5,1.75,4,-2
41,1,-5,1.75,5,-0.5
43,1,-5,1.75,5,-1
23,1,-5,1.75,5,-1.5
39,1,-5,1.75,5,-2
86,2,-1,0.25,1,-0.5
160,2,-1,0.25,1,-1
33,2,-1,0.25,1,-1.5
29,2,-1,0.25,1,-2
90,2,-1,0.25,2,-0.5
99,2,-1,0.25,2,-1
64,2,-1,0.25,2,-1.5
25,2,-1,0.25,2,-2
60,2,-1,0.25,3,-0.5
35,2,-1,0.25,3,-1
35,2,-1,0.25,3,-1.5
56,2,-1,0.25,3,-2
65,2,-1,0.25,4,-0.5
100,2,-1,0.25,4,-1
97,2,-1,0.25,4,-1.5
39,2,-1,0.25,4,-2
91,2,-1,0.25,5,-0.5
50,2,-1,0.25,5,-1
33,2,-1,0.25,5,-1.5
47,2,-1,0.25,5,-2
31,2,-1,0.75,1,-0.5
43,2,-1,0.75,1,-1
64,2,-1,0.75,1,-1.5
27,2,-1,0.75,1,-2
39,2,-1,0.75,2,-0.5
37,2,-1,0.75,2,-1
21,2,-1,0.75,2,-1.5
39,2,-1,0.75,2,-2
39,2,-1,0.75,3,-0.5
47,2,-1,0.75,3,-1
53,2,-1,0.75,3,-1.5
34,2,-1,0.75,3,-2
49,2,-1,0.75,4,-0.5
38,2,-1,0.75,4,-1
30,2,-1,0.75,4,-1.5
31,2,-1,0.75,4,-2
53,2,-1,0.75,5,-0.5
42,2,-1,0.75,5,-1
44,2,-1,0.75,5,-1.5
61,2,-1,0.75,5,-2
94,2,-1,1.25,1,-0.5
77,2,-1,1.25,1,-1
54,2,-1,1.25,1,-1.5
47,2,-1,1.25,1,-2
98,2,-1,1.25,2,-0.5
77,2,-1,1.25,2,-1
39,2,-1,1.25,2,-1.5
57,2,-1,1.25,2,-2
60,2,-1,1.25,3,-0.5
61,2,-1,1.25,3,-1
35,2,-1,1.25,3,-1.5
28,2,-1,1.25,3,-2
98,2,-1,1.25,4,-0.5
44,2,-1,1.25,4,-1
58,2,-1,1.25,4,-1.5
62,2,-1,1.25,4,-2
65,2,-1,1.25,5,-0.5
84,2,-1,1.25,5,-1
72,2,-1,1.25,5,-1.5
54,2,-1,1.25,5,-2
132,2,-1,1.75,1,-0.5
84,2,-1,1.75,1,-1
88,2,-1,1.75,1,-1.5
87,2,-1,1.75,1,-2
115,2,-1,1.75,2,-0.5
94,2,-1,1.75,2,-1
95,2,-1,1.75,2,-1.5
69,2,-1,1.75,2,-2
104,2,-1,1.75,3,-0.5
77,2,-1,1.75,3,-1
83,2,-1,1.75,3,-1.5
75,2,-1,1.75,3,-2
98,2,-1,1.75,4,-0.5
108,2,-1,1.75,4,-1
89,2,-1,1.75,4,-1.5
116,2,-1,1.75,4,-2
119,2,-1,1.75,5,-0.5
95,2,-1,1.75,5,-1
78,2,-1,1.75,5,-1.5
99,2,-1,1.75,5,-2
395,2,-2,0.25,1,-0.5
108,2,-2,0.25,1,-1
109,2,-2,0.25,1,-1.5
72,2,-2,0.25,1,-2
147,2,-2,0.25,2,-0.5
135,2,-2,0.25,2,-1
176,2,-2,0.25,2,-1.5
48,2,-2,0.25,2,-2
88,2,-2,0.25,3,-0.5
119,2,-2,0.25,3,-1
70,2,-2,0.25,3,-1.5
43,2,-2,0.25,3,-2
366,2,-2,0.25,4,-0.5
97,2,-2,0.25,4,-1
93,2,-2,0.25,4,-1.5
17,2,-2,0.25,4,-2
173,2,-2,0.25,5,-0.5
62,2,-2,0.25,5,-1
66,2,-2,0.25,5,-1.5
32,2,-2,0.25,5,-2
109,2,-2,0.75,1,-0.5
59,2,-2,0.75,1,-1
43,2,-2,0.75,1,-1.5
54,2,-2,0.75,1,-2
44,2,-2,0.75,2,-0.5
38,2,-2,0.75,2,-1
35,2,-2,0.75,2,-1.5
44,2,-2,0.75,2,-2
64,2,-2,0.75,3,-0.5
52,2,-2,0.75,3,-1
26,2,-2,0.75,3,-1.5
78,2,-2,0.75,3,-2
29,2,-2,0.75,4,-0.5
24,2,-2,0.75,4,-1
24,2,-2,0.75,4,-1.5
27,2,-2,0.75,4,-2
49,2,-2,0.75,5,-0.5
48,2,-2,0.75,5,-1
147,2,-2,0.75,5,-1.5
31,2,-2,0.75,5,-2
33,2,-2,1.25,1,-0.5
50,2,-2,1.25,1,-1
39,2,-2,1.25,1,-1.5
49,2,-2,1.25,1,-2
40,2,-2,1.25,2,-0.5
37,2,-2,1.25,2,-1
48,2,-2,1.25,2,-1.5
44,2,-2,1.25,2,-2
52,2,-2,1.25,3,-0.5
22,2,-2,1.25,3,-1
30,2,-2,1.25,3,-1.5
25,2,-2,1.25,3,-2
27,2,-2,1.25,4,-0.5
34,2,-2,1.25,4,-1
34,2,-2,1.25,4,-1.5
35,2,-2,1.25,4,-2
54,2,-2,1.25,5,-0.5
76,2,-2,1.25,5,-1
31,2,-2,1.25,5,-1.5
29,2,-2,1.25,5,-2
87,2,-2,1.75,1,-0.5
68,2,-2,1.75,1,-1
45,2,-2,1.75,1,-1.5
62,2,-2,1.75,1,-2
67,2,-2,1.75,2,-0.5
88,2,-2,1.75,2,-1
38,2,-2,1.75,2,-1.5
56,2,-2,1.75,2,-2
97,2,-2,1.75,3,-0.5
77,2,-2,1.75,3,-1
52,2,-2,1.75,3,-1.5
46,2,-2,1.75,3,-2
94,2,-2,1.75,4,-0.5
71,2,-2,1.75,4,-1
59,2,-2,1.75,4,-1.5
33,2,-2,1.75,4,-2
70,2,-2,1.75,5,-0.5
68,2,-2,1.75,5,-1
54,2,-2,1.75,5,-1.5
31,2,-2,1.75,5,-2
273,2,-3,0.25,1,-0.5
151,2,-3,0.25,1,-1
56,2,-3,0.25,1,-1.5
34,2,-3,0.25,1,-2
283,2,-3,0.25,2,-0.5
176,2,-3,0.25,2,-1
377,2,-3,0.25,2,-1.5
62,2,-3,0.25,2,-2
133,2,-3,0.25,3,-0.5
46,2,-3,0.25,3,-1
82,2,-3,0.25,3,-1.5
43,2,-3,0.25,3,-2
110,2,-3,0.25,4,-0.5
46,2,-3,0.25,4,-1
82,2,-3,0.25,4,-1.5
96,2,-3,0.25,4,-2
98,2,-3,0.25,5,-0.5
355,2,-3,0.25,5,-1
61,2,-3,0.25,5,-1.5
111,2,-3,0.25,5,-2
46,2,-3,0.75,1,-0.5
172,2,-3,0.75,1,-1
24,2,-3,0.75,1,-1.5
23,2,-3,0.75,1,-2
56,2,-3,0.75,2,-0.5
38,2,-3,0.75,2,-1
60,2,-3,0.75,2,-1.5
69,2,-3,0.75,2,-2
30,2,-3,0.75,3,-0.5
21,2,-3,0.75,3,-1
262,2,-3,0.75,3,-1.5
43,2,-3,0.75,3,-2
43,2,-3,0.75,4,-0.5
50,2,-3,0.75,4,-1
42,2,-3,0.75,4,-1.5
49,2,-3,0.75,4,-2
59,2,-3,0.75,5,-0.5
52,2,-3,0.75,5,-1
69,2,-3,0.75,5,-1.5
15,2,-3,0.75,5,-2
28,2,-3,1.25,1,-0.5
30,2,-3,1.25,1,-1
30,2,-3,1.25,1,-1.5
23,2,-3,1.25,1,-2
34,2,-3,1.25,2,-0.5
18,2,-3,1.25,2,-1
30,2,-3,1.25,2,-1.5
27,2,-3,1.25,2,-2
60,2,-3,1.25,3,-0.5
23,2,-3,1.25,3,-1
33,2,-3,1.25,3,-1.5
25,2,-3,1.25,3,-2
58,2,-3,1.25,4,-0.5
22,2,-3,1.25,4,-1
43,2,-3,1.25,4,-1.5
32,2,-3,1.25,4,-2
54,2,-3,1.25,5,-0.5
57,2,-3,1.25,5,-1
66,2,-3,1.25,5,-1.5
21,2,-3,1.25,5,-2
103,2,-3,1.75,1,-0.5
53,2,-3,1.75,1,-1
41,2,-3,1.75,1,-1.5
36,2,-3,1.75,1,-2
80,2,-3,1.75,2,-0.5
37,2,-3,1.75,2,-1
48,2,-3,1.75,2,-1.5
36,2,-3,1.75,2,-2
49,2,-3,1.75,3,-0.5
30,2,-3,1.75,3,-1
25,2,-3,1.75,3,-1.5
66,2,-3,1.75,3,-2
74,2,-3,1.75,4,-0.5
44,2,-3,1.75,4,-1
40,2,-3,1.75,4,-1.5
47,2,-3,1.75,4,-2
72,2,-3,1.75,5,-0.5
42,2,-3,1.75,5,-1
44,2,-3,1.75,5,-1.5
39,2,-3,1.75,5,-2
96,2,-4,0.25,1,-0.5
347,2,-4,0.25,1,-1
245,2,-4,0.25,1,-1.5
96,2,-4,0.25,1,-2
404,2,-4,0.25,2,-0.5
125,2,-4,0.25,2,-1
200,2,-4,0.25,2,-1.5
41,2,-4,0.25,2,-2
106,2,-4,0.25,3,-0.5
90,2,-4,0.25,3,-1
258,2,-4,0.25,3,-1.5
81,2,-4,0.25,3,-2
260,2,-4,0.25,4,-0.5
277,2,-4,0.25,4,-1
39,2,-4,0.25,4,-1.5
68,2,-4,0.25,4,-2
420,2,-4,0.25,5,-0.5
75,2,-4,0.25,5,-1
219,2,-4,0.25,5,-1.5
82,2,-4,0.25,5,-2
34,2,-4,0.75,1,-0.5
71,2,-4,0.75,1,-1
31,2,-4,0.75,1,-1.5
50,2,-4,0.75,1,-2
90,2,-4,0.75,2,-0.5
66,2,-4,0.75,2,-1
28,2,-4,0.75,2,-1.5
27,2,-4,0.75,2,-2
55,2,-4,0.75,3,-0.5
23,2,-4,0.75,3,-1
16,2,-4,0.75,3,-1.5
44,2,-4,0.75,3,-2
32,2,-4,0.75,4,-0.5
193,2,-4,0.75,4,-1
48,2,-4,0.75,4,-1.5
35,2,-4,0.75,4,-2
39,2,-4,0.75,5,-0.5
46,2,-4,0.75,5,-1
27,2,-4,0.75,5,-1.5
122,2,-4,0.75,5,-2
46,2,-4,1.25,1,-0.5
46,2,-4,1.25,1,-1
46,2,-4,1.25,1,-1.5
22,2,-4,1.25,1,-2
21,2,-4,1.25,2,-0.5
59,2,-4,1.25,2,-1
45,2,-4,1.25,2,-1.5
19,2,-4,1.25,2,-2
54,2,-4,1.25,3,-0.5
49,2,-4,1.25,3,-1
47,2,-4,1.25,3,-1.5
34,2,-4,1.25,3,-2
18,2,-4,1.25,4,-0.5
68,2,-4,1.25,4,-1
29,2,-4,1.25,4,-1.5
75,2,-4,1.25,4,-2
52,2,-4,1.25,5,-0.5
52,2,-4,1.25,5,-1
21,2,-4,1.25,5,-1.5
46,2,-4,1.25,5,-2
33,2,-4,1.75,1,-0.5
22,2,-4,1.75,1,-1
47,2,-4,1.75,1,-1.5
26,2,-4,1.75,1,-2
60,2,-4,1.75,2,-0.5
60,2,-4,1.75,2,-1
27,2,-4,1.75,2,-1.5
15,2,-4,1.75,2,-2
24,2,-4,1.75,3,-0.5
39,2,-4,1.75,3,-1
26,2,-4,1.75,3,-1.5
25,2,-4,1.75,3,-2
46,2,-4,1.75,4,-0.5
27,2,-4,1.75,4,-1
39,2,-4,1.75,4,-1.5
38,2,-4,1.75,4,-2
68,2,-4,1.75,5,-0.5
23,2,-4,1.75,5,-1
38,2,-4,1.75,5,-1.5
25,2,-4,1.75,5,-2
441,2,-5,0.25,1,-0.5
155,2,-5,0.25,1,-1
331,2,-5,0.25,1,-1.5
152,2,-5,0.25,1,-2
239,2,-5,0.25,2,-0.5
64,2,-5,0.25,2,-1
101,2,-5,0.25,2,-1.5
369,2,-5,0.25,2,-2
215,2,-5,0.25,3,-0.5
202,2,-5,0.25,3,-1
287,2,-5,0.25,3,-1.5
361,2,-5,0.25,3,-2
337,2,-5,0.25,4,-0.5
129,2,-5,0.25,4,-1
80,2,-5,0.25,4,-1.5
95,2,-5,0.25,4,-2
313,2,-5,0.25,5,-0.5
259,2,-5,0.25,5,-1
278,2,-5,0.25,5,-1.5
98,2,-5,0.25,5,-2
440,2,-5,0.75,1,-0.5
247,2,-5,0.75,1,-1
55,2,-5,0.75,1,-1.5
30,2,-5,0.75,1,-2
148,2,-5,0.75,2,-0.5
74,2,-5,0.75,2,-1
49,2,-5,0.75,2,-1.5
26,2,-5,0.75,2,-2
50,2,-5,0.75,3,-0.5
78,2,-5,0.75,3,-1
416,2,-5,0.75,3,-1.5
49,2,-5,0.75,3,-2
55,2,-5,0.75,4,-0.5
106,2,-5,0.75,4,-1
122,2,-5,0.75,4,-1.5
25,2,-5,0.75,4,-2
74,2,-5,0.75,5,-0.5
60,2,-5,0.75,5,-1
32,2,-5,0.75,5,-1.5
33,2,-5,0.75,5,-2
26,2,-5,1.25,1,-0.5
54,2,-5,1.25,1,-1
42,2,-5,1.25,1,-1.5
20,2,-5,1.25,1,-2
56,2,-5,1.25,2,-0.5
80,2,-5,1.25,2,-1
55,2,-5,1.25,2,-1.5
60,2,-5,1.25,2,-2
78,2,-5,1.25,3,-0.5
22,2,-5,1.25,3,-1
24,2,-5,1.25,3,-1.5
19,2,-5,1.25,3,-2
32,2,-5,1.25,4,-0.5
38,2,-5,1.25,4,-1
49,2,-5,1.25,4,-1.5
31,2,-5,1.25,4,-2
215,2,-5,1.25,5,-0.5
34,2,-5,1.25,5,-1
35,2,-5,1.25,5,-1.5
43,2,-5,1.25,5,-2
39,2,-5,1.75,1,-0.5
48,2,-5,1.75,1,-1
40,2,-5,1.75,1,-1.5
39,2,-5,1.75,1,-2
50,2,-5,1.75,2,-0.5
67,2,-5,1.75,2,-1
35,2,-5,1.75,2,-1.5
28,2,-5,1.75,2,-2
65,2,-5,1.75,3,-0.5
41,2,-5,1.75,3,-1
36,2,-5,1.75,3,-1.5
36,2,-5,1.75,3,-2
43,2,-5,1.75,4,-0.5
29,2,-5,1.75,4,-1
61,2,-5,1.75,4,-1.5
42,2,-5,1.75,4,-2
45,2,-5,1.75,5,-0.5
19,2,-5,1.75,5,-1
31,2,-5,1.75,5,-1.5
29,2,-5,1.75,5,-2
140,3,-1,0.25,1,-0.5
118,3,-1,0.25,1,-1
95,3,-1,0.25,1,-1.5
78,3,-1,0.25,1,-2
141,3,-1,0.25,2,-0.5
108,3,-1,0.25,2,-1
61,3,-1,0.25,2,-1.5
66,3,-1,0.25,2,-2
145,3,-1,0.25,3,-0.5
80,3,-1,0.25,3,-1
89,3,-1,0.25,3,-1.5
174,3,-1,0.25,3,-2
209,3,-1,0.25,4,-0.5
71,3,-1,0.25,4,-1
78,3,-1,0.25,4,-1.5
53,3,-1,0.25,4,-2
295,3,-1,0.25,5,-0.5
69,3,-1,0.25,5,-1
44,3,-1,0.25,5,-1.5
66,3,-1,0.25,5,-2
93,3,-1,0.75,1,-0.5
49,3,-1,0.75,1,-1
72,3,-1,0.75,1,-1.5
54,3,-1,0.75,1,-2
61,3,-1,0.75,2,-0.5
72,3,-1,0.75,2,-1
48,3,-1,0.75,2,-1.5
38,3,-1,0.75,2,-2
48,3,-1,0.75,3,-0.5
50,3,-1,0.75,3,-1
35,3,-1,0.75,3,-1.5
62,3,-1,0.75,3,-2
84,3,-1,0.75,4,-0.5
38,3,-1,0.75,4,-1
31,3,-1,0.75,4,-1.5
48,3,-1,0.75,4,-2
59,3,-1,0.75,5,-0.5
83,3,-1,0.75,5,-1
28,3,-1,0.75,5,-1.5
22,3,-1,0.75,5,-2
82,3,-1,1.25,1,-0.5
42,3,-1,1.25,1,-1
61,3,-1,1.25,1,-1.5
48,3,-1,1.25,1,-2
52,3,-1,1.25,2,-0.5
54,3,-1,1.25,2,-1
64,3,-1,1.25,2,-1.5
33,3,-1,1.25,2,-2
65,3,-1,1.25,3,-0.5
72,3,-1,1.25,3,-1
45,3,-1,1.25,3,-1.5
44,3,-1,1.25,3,-2
73,3,-1,1.25,4,-0.5
62,3,-1,1.25,4,-1
38,3,-1,1.25,4,-1.5
51,3,-1,1.25,4,-2
80,3,-1,1.25,5,-0.5
55,3,-1,1.25,5,-1
57,3,-1,1.25,5,-1.5
27,3,-1,1.25,5,-2
114,3,-1,1.75,1,-0.5
81,3,-1,1.75,1,-1
76,3,-1,1.75,1,-1.5
78,3,-1,1.75,1,-2
115,3,-1,1.75,2,-0.5
65,3,-1,1.75,2,-1
77,3,-1,1.75,2,-1.5
40,3,-1,1.75,2,-2
88,3,-1,1.75,3,-0.5
71,3,-1,1.75,3,-1
51,3,-1,1.75,3,-1.5
59,3,-1,1.75,3,-2
102,3,-1,1.75,4,-0.5
76,3,-1,1.75,4,-1
85,3,-1,1.75,4,-1.5
48,3,-1,1.75,4,-2
96,3,-1,1.75,5,-0.5
81,3,-1,1.75,5,-1
93,3,-1,1.75,5,-1.5
52,3,-1,1.75,5,-2
166,3,-2,0.25,1,-0.5
59,3,-2,0.25,1,-1
90,3,-2,0.25,1,-1.5
103,3,-2,0.25,1,-2
147,3,-2,0.25,2,-0.5
277,3,-2,0.25,2,-1
342,3,-2,0.25,2,-1.5
126,3,-2,0.25,2,-2
171,3,-2,0.25,3,-0.5
72,3,-2,0.25,3,-1
102,3,-2,0.25,3,-1.5
30,3,-2,0.25,3,-2
247,3,-2,0.25,4,-0.5
120,3,-2,0.25,4,-1
34,3,-2,0.25,4,-1.5
33,3,-2,0.25,4,-2
104,3,-2,0.25,5,-0.5
192,3,-2,0.25,5,-1
75,3,-2,0.25,5,-1.5
28,3,-2,0.25,5,-2
74,3,-2,0.75,1,-0.5
55,3,-2,0.75,1,-1
60,3,-2,0.75,1,-1.5
37,3,-2,0.75,1,-2
66,3,-2,0.75,2,-0.5
251,3,-2,0.75,2,-1
59,3,-2,0.75,2,-1.5
57,3,-2,0.75,2,-2
30,3,-2,0.75,3,-0.5
52,3,-2,0.75,3,-1
43,3,-2,0.75,3,-1.5
33,3,-2,0.75,3,-2
102,3,-2,0.75,4,-0.5
43,3,-2,0.75,4,-1
15,3,-2,0.75,4,-1.5
25,3,-2,0.75,4,-2
71,3,-2,0.75,5,-0.5
47,3,-2,0.75,5,-1
169,3,-2,0.75,5,-1.5
30,3,-2,0.75,5,-2
53,3,-2,1.25,1,-0.5
51,3,-2,1.25,1,-1
62,3,-2,1.25,1,-1.5
16,3,-2,1.25,1,-2
49,3,-2,1.25,2,-0.5
47,3,-2,1.25,2,-1
27,3,-2,1.25,2,-1.5
39,3,-2,1.25,2,-2
53,3,-2,1.25,3,-0.5
22,3,-2,1.25,3,-1
26,3,-2,1.25,3,-1.5
32,3,-2,1.25,3,-2
49,3,-2,1.25,4,-0.5
20,3,-2,1.25,4,-1
42,3,-2,1.25,4,-1.5
44,3,-2,1.25,4,-2
50,3,-2,1.25,5,-0.5
41,3,-2,1.25,5,-1
30,3,-2,1.25,5,-1.5
39,3,-2,1.25,5,-2
84,3,-2,1.75,1,-0.5
56,3,-2,1.75,1,-1
48,3,-2,1.75,1,-1.5
37,3,-2,1.75,1,-2
79,3,-2,1.75,2,-0.5
60,3,-2,1.75,2,-1
55,3,-2,1.75,2,-1.5
67,3,-2,1.75,2,-2
55,3,-2,1.75,3,-0.5
42,3,-2,1.75,3,-1
66,3,-2,1.75,3,-1.5
71,3,-2,1.75,3,-2
62,3,-2,1.75,4,-0.5
46,3,-2,1.75,4,-1
56,3,-2,1.75,4,-1.5
20,3,-2,1.75,4,-2
53,3,-2,1.75,5,-0.5
46,3,-2,1.75,5,-1
37,3,-2,1.75,5,-1.5
25,3,-2,1.75,5,-2
258,3,-3,0.25,1,-0.5
135,3,-3,0.25,1,-1
230,3,-3,0.25,1,-1.5
34,3,-3,0.25,1,-2
166,3,-3,0.25,2,-0.5
60,3,-3,0.25,2,-1
91,3,-3,0.25,2,-1.5
70,3,-3,0.25,2,-2
177,3,-3,0.25,3,-0.5
82,3,-3,0.25,3,-1
96,3,-3,0.25,3,-1.5
104,3,-3,0.25,3,-2
130,3,-3,0.25,4,-0.5
30,3,-3,0.25,4,-1
51,3,-3,0.25,4,-1.5
91,3,-3,0.25,4,-2
194,3,-3,0.25,5,-0.5
313,3,-3,0.25,5,-1
395,3,-3,0.25,5,-1.5
104,3,-3,0.25,5,-2
40,3,-3,0.75,1,-0.5
46,3,-3,0.75,1,-1
69,3,-3,0.75,1,-1.5
24,3,-3,0.75,1,-2
53,3,-3,0.75,2,-0.5
114,3,-3,0.75,2,-1
55,3,-3,0.75,2,-1.5
52,3,-3,0.75,2,-2
81,3,-3,0.75,3,-0.5
30,3,-3,0.75,3,-1
91,3,-3,0.75,3,-1.5
31,3,-3,0.75,3,-2
43,3,-3,0.75,4,-0.5
31,3,-3,0.75,4,-1
51,3,-3,0.75,4,-1.5
42,3,-3,0.75,4,-2
26,3,-3,0.75,5,-0.5
42,3,-3,0.75,5,-1
18,3,-3,0.75,5,-1.5
54,3,-3,0.75,5,-2
46,3,-3,1.25,1,-0.5
41,3,-3,1.25,1,-1
59,3,-3,1.25,1,-1.5
33,3,-3,1.25,1,-2
36,3,-3,1.25,2,-0.5
48,3,-3,1.25,2,-1
28,3,-3,1.25,2,-1.5
18,3,-3,1.25,2,-2
29,3,-3,1.25,3,-0.5
412,3,-3,1.25,3,-1
27,3,-3,1.25,3,-1.5
21,3,-3,1.25,3,-2
61,3,-3,1.25,4,-0.5
33,3,-3,1.25,4,-1
17,3,-3,1.25,4,-1.5
17,3,-3,1.25,4,-2
31,3,-3,1.25,5,-0.5
29,3,-3,1.25,5,-1
27,3,-3,1.25,5,-1.5
18,3,-3,1.25,5,-2
114,3,-3,1.75,1,-0.5
42,3,-3,1.75,1,-1
24,3,-3,1.75,1,-1.5
39,3,-3,1.75,1,-2
47,3,-3,1.75,2,-0.5
34,3,-3,1.75,2,-1
46,3,-3,1.75,2,-1.5
34,3,-3,1.75,2,-2
61,3,-3,1.75,3,-0.5
50,3,-3,1.75,3,-1
43,3,-3,1.75,3,-1.5
46,3,-3,1.75,3,-2
56,3,-3,1.75,4,-0.5
48,3,-3,1.75,4,-1
19,3,-3,1.75,4,-1.5
39,3,-3,1.75,4,-2
67,3,-3,1.75,5,-0.5
77,3,-3,1.75,5,-1
44,3,-3,1.75,5,-1.5
29,3,-3,1.75,5,-2
524,3,-4,0.25,1,-0.5
97,3,-4,0.25,1,-1
68,3,-4,0.25,1,-1.5
61,3,-4,0.25,1,-2
181,3,-4,0.25,2,-0.5
110,3,-4,0.25,2,-1
287,3,-4,0.25,2,-1.5
379,3,-4,0.25,2,-2
358,3,-4,0.25,3,-0.5
88,3,-4,0.25,3,-1
101,3,-4,0.25,3,-1.5
115,3,-4,0.25,3,-2
83,3,-4,0.25,4,-0.5
88,3,-4,0.25,4,-1
247,3,-4,0.25,4,-1.5
106,3,-4,0.25,4,-2
117,3,-4,0.25,5,-0.5
179,3,-4,0.25,5,-1
211,3,-4,0.25,5,-1.5
125,3,-4,0.25,5,-2
473,3,-4,0.75,1,-0.5
65,3,-4,0.75,1,-1
142,3,-4,0.75,1,-1.5
38,3,-4,0.75,1,-2
383,3,-4,0.75,2,-0.5
82,3,-4,0.75,2,-1
390,3,-4,0.75,2,-1.5
72,3,-4,0.75,2,-2
57,3,-4,0.75,3,-0.5
161,3,-4,0.75,3,-1
78,3,-4,0.75,3,-1.5
62,3,-4,0.75,3,-2
256,3,-4,0.75,4,-0.5
42,3,-4,0.75,4,-1
44,3,-4,0.75,4,-1.5
52,3,-4,0.75,4,-2
53,3,-4,0.75,5,-0.5
75,3,-4,0.75,5,-1
65,3,-4,0.75,5,-1.5
65,3,-4,0.75,5,-2
48,3,-4,1.25,1,-0.5
141,3,-4,1.25,1,-1
39,3,-4,1.25,1,-1.5
25,3,-4,1.25,1,-2
56,3,-4,1.25,2,-0.5
37,3,-4,1.25,2,-1
27,3,-4,1.25,2,-1.5
39,3,-4,1.25,2,-2
31,3,-4,1.25,3,-0.5
36,3,-4,1.25,3,-1
28,3,-4,1.25,3,-1.5
36,3,-4,1.25,3,-2
70,3,-4,1.25,4,-0.5
28,3,-4,1.25,4,-1
113,3,-4,1.25,4,-1.5
81,3,-4,1.25,4,-2
54,3,-4,1.25,5,-0.5
24,3,-4,1.25,5,-1
22,3,-4,1.25,5,-1.5
29,3,-4,1.25,5,-2
63,3,-4,1.75,1,-0.5
22,3,-4,1.75,1,-1
42,3,-4,1.75,1,-1.5
25,3,-4,1.75,1,-2
72,3,-4,1.75,2,-0.5
38,3,-4,1.75,2,-1
26,3,-4,1.75,2,-1.5
32,3,-4,1.75,2,-2
35,3,-4,1.75,3,-0.5
213,3,-4,1.75,3,-1
44,3,-4,1.75,3,-1.5
32,3,-4,1.75,3,-2
60,3,-4,1.75,4,-0.5
23,3,-4,1.75,4,-1
39,3,-4,1.75,4,-1.5
24,3,-4,1.75,4,-2
68,3,-4,1.75,5,-0.5
30,3,-4,1.75,5,-1
34,3,-4,1.75,5,-1.5
21,3,-4,1.75,5,-2
347,3,-5,0.25,1,-0.5
207,3,-5,0.25,1,-1
437,3,-5,0.25,1,-1.5
308,3,-5,0.25,1,-2
347,3,-5,0.25,2,-0.5
353,3,-5,0.25,2,-1
82,3,-5,0.25,2,-1.5
308,3,-5,0.25,2,-2
344,3,-5,0.25,3,-0.5
148,3,-5,0.25,3,-1
281,3,-5,0.25,3,-1.5
240,3,-5,0.25,3,-2
72,3,-5,0.25,4,-0.5
221,3,-5,0.25,4,-1
278,3,-5,0.25,4,-1.5
96,3,-5,0.25,4,-2
251,3,-5,0.25,5,-0.5
260,3,-5,0.25,5,-1
204,3,-5,0.25,5,-1.5
56,3,-5,0.25,5,-2
82,3,-5,0.75,1,-0.5
113,3,-5,0.75,1,-1
54,3,-5,0.75,1,-1.5
99,3,-5,0.75,1,-2
349,3,-5,0.75,2,-0.5
221,3,-5,0.75,2,-1
32,3,-5,0.75,2,-1.5
68,3,-5,0.75,2,-2
63,3,-5,0.75,3,-0.5
183,3,-5,0.75,3,-1
170,3,-5,0.75,3,-1.5
109,3,-5,0.75,3,-2
142,3,-5,0.75,4,-0.5
79,3,-5,0.75,4,-1
71,3,-5,0.75,4,-1.5
151,3,-5,0.75,4,-2
43,3,-5,0.75,5,-0.5
503,3,-5,0.75,5,-1
43,3,-5,0.75,5,-1.5
102,3,-5,0.75,5,-2
54,3,-5,1.25,1,-0.5
78,3,-5,1.25,1,-1
48,3,-5,1.25,1,-1.5
17,3,-5,1.25,1,-2
65,3,-5,1.25,2,-0.5
110,3,-5,1.25,2,-1
22,3,-5,1.25,2,-1.5
21,3,-5,1.25,2,-2
31,3,-5,1.25,3,-0.5
21,3,-5,1.25,3,-1
52,3,-5,1.25,3,-1.5
33,3,-5,1.25,3,-2
31,3,-5,1.25,4,-0.5
37,3,-5,1.25,4,-1
19,3,-5,1.25,4,-1.5
48,3,-5,1.25,4,-2
50,3,-5,1.25,5,-0.5
24,3,-5,1.25,5,-1
64,3,-5,1.25,5,-1.5
66,3,-5,1.25,5,-2
32,3,-5,1.75,1,-0.5
49,3,-5,1.75,1,-1
44,3,-5,1.75,1,-1.5
47,3,-5,1.75,1,-2
102,3,-5,1.75,2,-0.5
28,3,-5,1.75,2,-1
56,3,-5,1.75,2,-1.5
41,3,-5,1.75,2,-2
64,3,-5,1.75,3,-0.5
79,3,-5,1.75,3,-1
393,3,-5,1.75,3,-1.5
37,3,-5,1.75,3,-2
61,3,-5,1.75,4,-0.5
33,3,-5,1.75,4,-1
35,3,-5,1.75,4,-1.5
42,3,-5,1.75,4,-2
36,3,-5,1.75,5,-0.5
20,3,-5,1.75,5,-1
15,3,-5,1.75,5,-1.5
22,3,-5,1.75,5,-2
256,4,-1,0.25,1,-0.5
97,4,-1,0.25,1,-1
98,4,-1,0.25,1,-1.5
79,4,-1,0.25,1,-2
135,4,-1,0.25,2,-0.5
173,4,-1,0.25,2,-1
143,4,-1,0.25,2,-1.5
54,4,-1,0.25,2,-2
152,4,-1,0.25,3,-0.5
164,4,-1,0.25,3,-1
141,4,-1,0.25,3,-1.5
73,4,-1,0.25,3,-2
154,4,-1,0.25,4,-0.5
89,4,-1,0.25,4,-1
63,4,-1,0.25,4,-1.5
50,4,-1,0.25,4,-2
176,4,-1,0.25,5,-0.5
317,4,-1,0.25,5,-1
129,4,-1,0.25,5,-1.5
52,4,-1,0.25,5,-2
117,4,-1,0.75,1,-0.5
77,4,-1,0.75,1,-1
54,4,-1,0.75,1,-1.5
46,4,-1,0.75,1,-2
123,4,-1,0.75,2,-0.5
67,4,-1,0.75,2,-1
89,4,-1,0.75,2,-1.5
70,4,-1,0.75,2,-2
98,4,-1,0.75,3,-0.5
65,4,-1,0.75,3,-1
62,4,-1,0.75,3,-1.5
48,4,-1,0.75,3,-2
80,4,-1,0.75,4,-0.5
82,4,-1,0.75,4,-1
55,4,-1,0.75,4,-1.5
39,4,-1,0.75,4,-2
103,4,-1,0.75,5,-0.5
68,4,-1,0.75,5,-1
71,4,-1,0.75,5,-1.5
47,4,-1,0.75,5,-2
96,4,-1,1.25,1,-0.5
78,4,-1,1.25,1,-1
64,4,-1,1.25,1,-1.5
38,4,-1,1.25,1,-2
112,4,-1,1.25,2,-0.5
101,4,-1,1.25,2,-1
67,4,-1,1.25,2,-1.5
69,4,-1,1.25,2,-2
94,4,-1,1.25,3,-0.5
70,4,-1,1.25,3,-1
59,4,-1,1.25,3,-1.5
60,4,-1,1.25,3,-2
67,4,-1,1.25,4,-0.5
64,4,-1,1.25,4,-1
54,4,-1,1.25,4,-1.5
35,4,-1,1.25,4,-2
86,4,-1,1.25,5,-0.5
76,4,-1,1.25,5,-1
72,4,-1,1.25,5,-1.5
54,4,-1,1.25,5,-2
138,4,-1,1.75,1,-0.5
107,4,-1,1.75,1,-1
95,4,-1,1.75,1,-1.5
82,4,-1,1.75,1,-2
110,4,-1,1.75,2,-0.5
103,4,-1,1.75,2,-1
102,4,-1,1.75,2,-1.5
69,4,-1,1.75,2,-2
101,4,-1,1.75,3,-0.5
65,4,-1,1.75,3,-1
77,4,-1,1.75,3,-1.5
72,4,-1,1.75,3,-2
96,4,-1,1.75,4,-0.5
51,4,-1,1.75,4,-1
92,4,-1,1.75,4,-1.5
63,4,-1,1.75,4,-2
83,4,-1,1.75,5,-0.5
82,4,-1,1.75,5,-1
68,4,-1,1.75,5,-1.5
59,4,-1,1.75,5,-2
169,4,-2,0.25,1,-0.5
137,4,-2,0.25,1,-1
216,4,-2,0.25,1,-1.5
108,4,-2,0.25,1,-2
133,4,-2,0.25,2,-0.5
186,4,-2,0.25,2,-1
91,4,-2,0.25,2,-1.5
126,4,-2,0.25,2,-2
330,4,-2,0.25,3,-0.5
137,4,-2,0.25,3,-1
100,4,-2,0.25,3,-1.5
104,4,-2,0.25,3,-2
396,4,-2,0.25,4,-0.5
73,4,-2,0.25,4,-1
331,4,-2,0.25,4,-1.5
50,4,-2,0.25,4,-2
421,4,-2,0.25,5,-0.5
219,4,-2,0.25,5,-1
109,4,-2,0.25,5,-1.5
57,4,-2,0.25,5,-2
109,4,-2,0.75,1,-0.5
91,4,-2,0.75,1,-1
89,4,-2,0.75,1,-1.5
54,4,-2,0.75,1,-2
81,4,-2,0.75,2,-0.5
72,4,-2,0.75,2,-1
66,4,-2,0.75,2,-1.5
35,4,-2,0.75,2,-2
74,4,-2,0.75,3,-0.5
66,4,-2,0.75,3,-1
101,4,-2,0.75,3,-1.5
38,4,-2,0.75,3,-2
56,4,-2,0.75,4,-0.5
99,4,-2,0.75,4,-1
29,4,-2,0.75,4,-1.5
35,4,-2,0.75,4,-2
100,4,-2,0.75,5,-0.5
50,4,-2,0.75,5,-1
37,4,-2,0.75,5,-1.5
37,4,-2,0.75,5,-2
125,4,-2,1.25,1,-0.5
65,4,-2,1.25,1,-1
52,4,-2,1.25,1,-1.5
37,4,-2,1.25,1,-2
55,4,-2,1.25,2,-0.5
72,4,-2,1.25,2,-1
55,4,-2,1.25,2,-1.5
52,4,-2,1.25,2,-2
42,4,-2,1.25,3,-0.5
89,4,-2,1.25,3,-1
27,4,-2,1.25,3,-1.5
23,4,-2,1.25,3,-2
60,4,-2,1.25,4,-0.5
61,4,-2,1.25,4,-1
45,4,-2,1.25,4,-1.5
44,4,-2,1.25,4,-2
31,4,-2,1.25,5,-0.5
35,4,-2,1.25,5,-1
37,4,-2,1.25,5,-1.5
27,4,-2,1.25,5,-2
76,4,-2,1.75,1,-0.5
93,4,-2,1.75,1,-1
79,4,-2,1.75,1,-1.5
58,4,-2,1.75,1,-2
84,4,-2,1.75,2,-0.5
77,4,-2,1.75,2,-1
65,4,-2,1.75,2,-1.5
56,4,-2,1.75,2,-2
85,4,-2,1.75,3,-0.5
88,4,-2,1.75,3,-1
46,4,-2,1.75,3,-1.5
39,4,-2,1.75,3,-2
61,4,-2,1.75,4,-0.5
46,4,-2,1.75,4,-1
40,4,-2,1.75,4,-1.5
27,4,-2,1.75,4,-2
76,4,-2,1.75,5,-0.5
29,4,-2,1.75,5,-1
35,4,-2,1.75,5,-1.5
58,4,-2,1.75,5,-2
347,4,-3,0.25,1,-0.5
373,4,-3,0.25,1,-1
129,4,-3,0.25,1,-1.5
127,4,-3,0.25,1,-2
435,4,-3,0.25,2,-0.5
204,4,-3,0.25,2,-1
146,4,-3,0.25,2,-1.5
89,4,-3,0.25,2,-2
385,4,-3,0.25,3,-0.5
272,4,-3,0.25,3,-1
124,4,-3,0.25,3,-1.5
183,4,-3,0.25,3,-2
391,4,-3,0.25,4,-0.5
111,4,-3,0.25,4,-1
392,4,-3,0.25,4,-1.5
50,4,-3,0.25,4,-2
391,4,-3,0.25,5,-0.5
96,4,-3,0.25,5,-1
66,4,-3,0.25,5,-1.5
48,4,-3,0.25,5,-2
262,4,-3,0.75,1,-0.5
88,4,-3,0.75,1,-1
54,4,-3,0.75,1,-1.5
119,4,-3,0.75,1,-2
276,4,-3,0.75,2,-0.5
146,4,-3,0.75,2,-1
69,4,-3,0.75,2,-1.5
34,4,-3,0.75,2,-2
124,4,-3,0.75,3,-0.5
136,4,-3,0.75,3,-1
27,4,-3,0.75,3,-1.5
34,4,-3,0.75,3,-2
261,4,-3,0.75,4,-0.5
55,4,-3,0.75,4,-1
72,4,-3,0.75,4,-1.5
61,4,-3,0.75,4,-2
72,4,-3,0.75,5,-0.5
343,4,-3,0.75,5,-1
33,4,-3,0.75,5,-1.5
60,4,-3,0.75,5,-2
68,4,-3,1.25,1,-0.5
51,4,-3,1.25,1,-1
52,4,-3,1.25,1,-1.5
90,4,-3,1.25,1,-2
60,4,-3,1.25,2,-0.5
63,4,-3,1.25,2,-1
56,4,-3,1.25,2,-1.5
37,4,-3,1.25,2,-2
66,4,-3,1.25,3,-0.5
49,4,-3,1.25,3,-1
247,4,-3,1.25,3,-1.5
32,4,-3,1.25,3,-2
43,4,-3,1.25,4,-0.5
46,4,-3,1.25,4,-1
24,4,-3,1.25,4,-1.5
45,4,-3,1.25,4,-2
38,4,-3,1.25,5,-0.5
39,4,-3,1.25,5,-1
40,4,-3,1.25,5,-1.5
26,4,-3,1.25,5,-2
87,4,-3,1.75,1,-0.5
38,4,-3,1.75,1,-1
46,4,-3,1.75,1,-1.5
43,4,-3,1.75,1,-2
47,4,-3,1.75,2,-0.5
25,4,-3,1.75,2,-1
42,4,-3,1.75,2,-1.5
27,4,-3,1.75,2,-2
66,4,-3,1.75,3,-0.5
39,4,-3,1.75,3,-1
20,4,-3,1.75,3,-1.5
43,4,-3,1.75,3,-2
34,4,-3,1.75,4,-0.5
30,4,-3,1.75,4,-1
31,4,-3,1.75,4,-1.5
29,4,-3,1.75,4,-2
50,4,-3,1.75,5,-0.5
52,4,-3,1.75,5,-1
49,4,-3,1.75,5,-1.5
65,4,-3,1.75,5,-2
349,4,-4,0.25,1,-0.5
375,4,-4,0.25,1,-1
146,4,-4,0.25,1,-1.5
396,4,-4,0.25,1,-2
199,4,-4,0.25,2,-0.5
248,4,-4,0.25,2,-1
379,4,-4,0.25,2,-1.5
61,4,-4,0.25,2,-2
53,4,-4,0.25,3,-0.5
292,4,-4,0.25,3,-1
439,4,-4,0.25,3,-1.5
85,4,-4,0.25,3,-2
277,4,-4,0.25,4,-0.5
211,4,-4,0.25,4,-1
439,4,-4,0.25,4,-1.5
133,4,-4,0.25,4,-2
261,4,-4,0.25,5,-0.5
295,4,-4,0.25,5,-1
439,4,-4,0.25,5,-1.5
174,4,-4,0.25,5,-2
102,4,-4,0.75,1,-0.5
77,4,-4,0.75,1,-1
88,4,-4,0.75,1,-1.5
50,4,-4,0.75,1,-2
399,4,-4,0.75,2,-0.5
53,4,-4,0.75,2,-1
57,4,-4,0.75,2,-1.5
140,4,-4,0.75,2,-2
436,4,-4,0.75,3,-0.5
309,4,-4,0.75,3,-1
54,4,-4,0.75,3,-1.5
65,4,-4,0.75,3,-2
172,4,-4,0.75,4,-0.5
101,4,-4,0.75,4,-1
37,4,-4,0.75,4,-1.5
120,4,-4,0.75,4,-2
71,4,-4,0.75,5,-0.5
53,4,-4,0.75,5,-1
34,4,-4,0.75,5,-1.5
157,4,-4,0.75,5,-2
85,4,-4,1.25,1,-0.5
40,4,-4,1.25,1,-1
68,4,-4,1.25,1,-1.5
29,4,-4,1.25,1,-2
69,4,-4,1.25,2,-0.5
52,4,-4,1.25,2,-1
53,4,-4,1.25,2,-1.5
52,4,-4,1.25,2,-2
74,4,-4,1.25,3,-0.5
45,4,-4,1.25,3,-1
26,4,-4,1.25,3,-1.5
68,4,-4,1.25,3,-2
55,4,-4,1.25,4,-0.5
52,4,-4,1.25,4,-1
29,4,-4,1.25,4,-1.5
34,4,-4,1.25,4,-2
407,4,-4,1.25,5,-0.5
48,4,-4,1.25,5,-1
25,4,-4,1.25,5,-1.5
47,4,-4,1.25,5,-2
110,4,-4,1.75,1,-0.5
59,4,-4,1.75,1,-1
38,4,-4,1.75,1,-1.5
34,4,-4,1.75,1,-2
49,4,-4,1.75,2,-0.5
69,4,-4,1.75,2,-1
56,4,-4,1.75,2,-1.5
16,4,-4,1.75,2,-2
77,4,-4,1.75,3,-0.5
42,4,-4,1.75,3,-1
33,4,-4,1.75,3,-1.5
29,4,-4,1.75,3,-2
119,4,-4,1.75,4,-0.5
194,4,-4,1.75,4,-1
31,4,-4,1.75,4,-1.5
27,4,-4,1.75,4,-2
67,4,-4,1.75,5,-0.5
422,4,-4,1.75,5,-1
26,4,-4,1.75,5,-1.5
25,4,-4,1.75,5,-2
417,4,-5,0.25,1,-0.5
320,4,-5,0.25,1,-1
265,4,-5,0.25,1,-1.5
303,4,-5,0.25,1,-2
310,4,-5,0.25,2,-0.5
306,4,-5,0.25,2,-1
188,4,-5,0.25,2,-1.5
265,4,-5,0.25,2,-2
96,4,-5,0.25,3,-0.5
266,4,-5,0.25,3,-1
162,4,-5,0.25,3,-1.5
92,4,-5,0.25,3,-2
338,4,-5,0.25,4,-0.5
191,4,-5,0.25,4,-1
86,4,-5,0.25,4,-1.5
231,4,-5,0.25,4,-2
82,4,-5,0.25,5,-0.5
103,4,-5,0.25,5,-1
103,4,-5,0.25,5,-1.5
250,4,-5,0.25,5,-2
474,4,-5,0.75,1,-0.5
99,4,-5,0.75,1,-1
82,4,-5,0.75,1,-1.5
33,4,-5,0.75,1,-2
409,4,-5,0.75,2,-0.5
115,4,-5,0.75,2,-1
27,4,-5,0.75,2,-1.5
252,4,-5,0.75,2,-2
447,4,-5,0.75,3,-0.5
177,4,-5,0.75,3,-1
56,4,-5,0.75,3,-1.5
391,4,-5,0.75,3,-2
52,4,-5,0.75,4,-0.5
79,4,-5,0.75,4,-1
73,4,-5,0.75,4,-1.5
38,4,-5,0.75,4,-2
189,4,-5,0.75,5,-0.5
44,4,-5,0.75,5,-1
211,4,-5,0.75,5,-1.5
74,4,-5,0.75,5,-2
185,4,-5,1.25,1,-0.5
33,4,-5,1.25,1,-1
50,4,-5,1.25,1,-1.5
51,4,-5,1.25,1,-2
44,4,-5,1.25,2,-0.5
28,4,-5,1.25,2,-1
33,4,-5,1.25,2,-1.5
126,4,-5,1.25,2,-2
225,4,-5,1.25,3,-0.5
72,4,-5,1.25,3,-1
128,4,-5,1.25,3,-1.5
119,4,-5,1.25,3,-2
38,4,-5,1.25,4,-0.5
246,4,-5,1.25,4,-1
38,4,-5,1.25,4,-1.5
48,4,-5,1.25,4,-2
122,4,-5,1.25,5,-0.5
210,4,-5,1.25,5,-1
87,4,-5,1.25,5,-1.5
35,4,-5,1.25,5,-2
65,4,-5,1.75,1,-0.5
49,4,-5,1.75,1,-1
33,4,-5,1.75,1,-1.5
36,4,-5,1.75,1,-2
441,4,-5,1.75,2,-0.5
41,4,-5,1.75,2,-1
31,4,-5,1.75,2,-1.5
23,4,-5,1.75,2,-2
65,4,-5,1.75,3,-0.5
36,4,-5,1.75,3,-1
22,4,-5,1.75,3,-1.5
23,4,-5,1.75,3,-2
110,4,-5,1.75,4,-0.5
27,4,-5,1.75,4,-1
23,4,-5,1.75,4,-1.5
26,4,-5,1.75,4,-2
30,4,-5,1.75,5,-0.5
40,4,-5,1.75,5,-1
25,4,-5,1.75,5,-1.5
111,4,-5,1.75,5,-2
278,5,-1,0.25,1,-0.5
220,5,-1,0.25,1,-1
93,5,-1,0.25,1,-1.5
126,5,-1,0.25,1,-2
177,5,-1,0.25,2,-0.5
207,5,-1,0.25,2,-1
137,5,-1,0.25,2,-1.5
122,5,-1,0.25,2,-2
205,5,-1,0.25,3,-0.5
140,5,-1,0.25,3,-1
130,5,-1,0.25,3,-1.5
128,5,-1,0.25,3,-2
179,5,-1,0.25,4,-0.5
133,5,-1,0.25,4,-1
133,5,-1,0.25,4,-1.5
77,5,-1,0.25,4,-2
96,5,-1,0.25,5,-0.5
105,5,-1,0.25,5,-1
96,5,-1,0.25,5,-1.5
91,5,-1,0.25,5,-2
143,5,-1,0.75,1,-0.5
120,5,-1,0.75,1,-1
121,5,-1,0.75,1,-1.5
67,5,-1,0.75,1,-2
132,5,-1,0.75,2,-0.5
124,5,-1,0.75,2,-1
85,5,-1,0.75,2,-1.5
76,5,-1,0.75,2,-2
136,5,-1,0.75,3,-0.5
104,5,-1,0.75,3,-1
82,5,-1,0.75,3,-1.5
66,5,-1,0.75,3,-2
180,5,-1,0.75,4,-0.5
89,5,-1,0.75,4,-1
55,5,-1,0.75,4,-1.5
78,5,-1,0.75,4,-2
117,5,-1,0.75,5,-0.5
92,5,-1,0.75,5,-1
63,5,-1,0.75,5,-1.5
56,5,-1,0.75,5,-2
119,5,-1,1.25,1,-0.5
113,5,-1,1.25,1,-1
94,5,-1,1.25,1,-1.5
86,5,-1,1.25,1,-2
128,5,-1,1.25,2,-0.5
64,5,-1,1.25,2,-1
83,5,-1,1.25,2,-1.5
48,5,-1,1.25,2,-2
98,5,-1,1.25,3,-0.5
78,5,-1,1.25,3,-1
52,5,-1,1.25,3,-1.5
50,5,-1,1.25,3,-2
126,5,-1,1.25,4,-0.5
98,5,-1,1.25,4,-1
70,5,-1,1.25,4,-1.5
57,5,-1,1.25,4,-2
102,5,-1,1.25,5,-0.5
132,5,-1,1.25,5,-1
88,5,-1,1.25,5,-1.5
62,5,-1,1.25,5,-2
110,5,-1,1.75,1,-0.5
97,5,-1,1.75,1,-1
108,5,-1,1.75,1,-1.5
81,5,-1,1.75,1,-2
121,5,-1,1.75,2,-0.5
129,5,-1,1.75,2,-1
85,5,-1,1.75,2,-1.5
84,5,-1,1.75,2,-2
112,5,-1,1.75,3,-0.5
126,5,-1,1.75,3,-1
65,5,-1,1.75,3,-1.5
94,5,-1,1.75,3,-2
110,5,-1,1.75,4,-0.5
66,5,-1,1.75,4,-1
72,5,-1,1.75,4,-1.5
68,5,-1,1.75,4,-2
133,5,-1,1.75,5,-0.5
67,5,-1,1.75,5,-1
78,5,-1,1.75,5,-1.5
41,5,-1,1.75,5,-2
363,5,-2,0.25,1,-0.5
213,5,-2,0.25,1,-1
123,5,-2,0.25,1,-1.5
491,5,-2,0.25,1,-2
218,5,-2,0.25,2,-0.5
132,5,-2,0.25,2,-1
154,5,-2,0.25,2,-1.5
95,5,-2,0.25,2,-2
456,5,-2,0.25,3,-0.5
208,5,-2,0.25,3,-1
146,5,-2,0.25,3,-1.5
152,5,-2,0.25,3,-2
286,5,-2,0.25,4,-0.5
288,5,-2,0.25,4,-1
171,5,-2,0.25,4,-1.5
85,5,-2,0.25,4,-2
87,5,-2,0.25,5,-0.5
194,5,-2,0.25,5,-1
65,5,-2,0.25,5,-1.5
132,5,-2,0.25,5,-2
210,5,-2,0.75,1,-0.5
109,5,-2,0.75,1,-1
47,5,-2,0.75,1,-1.5
52,5,-2,0.75,1,-2
114,5,-2,0.75,2,-0.5
103,5,-2,0.75,2,-1
126,5,-2,0.75,2,-1.5
524,5,-2,0.75,2,-2
158,5,-2,0.75,3,-0.5
79,5,-2,0.75,3,-1
46,5,-2,0.75,3,-1.5
90,5,-2,0.75,3,-2
119,5,-2,0.75,4,-0.5
69,5,-2,0.75,4,-1
83,5,-2,0.75,4,-1.5
78,5,-2,0.75,4,-2
128,5,-2,0.75,5,-0.5
102,5,-2,0.75,5,-1
81,5,-2,0.75,5,-1.5
33,5,-2,0.75,5,-2
110,5,-2,1.25,1,-0.5
67,5,-2,1.25,1,-1
40,5,-2,1.25,1,-1.5
49,5,-2,1.25,1,-2
113,5,-2,1.25,2,-0.5
74,5,-2,1.25,2,-1
54,5,-2,1.25,2,-1.5
46,5,-2,1.25,2,-2
62,5,-2,1.25,3,-0.5
64,5,-2,1.25,3,-1
44,5,-2,1.25,3,-1.5
59,5,-2,1.25,3,-2
115,5,-2,1.25,4,-0.5
299,5,-2,1.25,4,-1
64,5,-2,1.25,4,-1.5
41,5,-2,1.25,4,-2
83,5,-2,1.25,5,-0.5
55,5,-2,1.25,5,-1
42,5,-2,1.25,5,-1.5
51,5,-2,1.25,5,-2
75,5,-2,1.75,1,-0.5
63,5,-2,1.75,1,-1
62,5,-2,1.75,1,-1.5
59,5,-2,1.75,1,-2
97,5,-2,1.75,2,-0.5
78,5,-2,1.75,2,-1
56,5,-2,1.75,2,-1.5
189,5,-2,1.75,2,-2
67,5,-2,1.75,3,-0.5
67,5,-2,1.75,3,-1
50,5,-2,1.75,3,-1.5
56,5,-2,1.75,3,-2
73,5,-2,1.75,4,-0.5
47,5,-2,1.75,4,-1
63,5,-2,1.75,4,-1.5
60,5,-2,1.75,4,-2
79,5,-2,1.75,5,-0.5
55,5,-2,1.75,5,-1
45,5,-2,1.75,5,-1.5
46,5,-2,1.75,5,-2
452,5,-3,0.25,1,-0.5
114,5,-3,0.25,1,-1
118,5,-3,0.25,1,-1.5
138,5,-3,0.25,1,-2
236,5,-3,0.25,2,-0.5
175,5,-3,0.25,2,-1
118,5,-3,0.25,2,-1.5
87,5,-3,0.25,2,-2
149,5,-3,0.25,3,-0.5
139,5,-3,0.25,3,-1
118,5,-3,0.25,3,-1.5
78,5,-3,0.25,3,-2
116,5,-3,0.25,4,-0.5
197,5,-3,0.25,4,-1
164,5,-3,0.25,4,-1.5
85,5,-3,0.25,4,-2
69,5,-3,0.25,5,-0.5
142,5,-3,0.25,5,-1
365,5,-3,0.25,5,-1.5
162,5,-3,0.25,5,-2
132,5,-3,0.75,1,-0.5
158,5,-3,0.75,1,-1
77,5,-3,0.75,1,-1.5
115,5,-3,0.75,1,-2
140,5,-3,0.75,2,-0.5
179,5,-3,0.75,2,-1
85,5,-3,0.75,2,-1.5
86,5,-3,0.75,2,-2
103,5,-3,0.75,3,-0.5
89,5,-3,0.75,3,-1
149,5,-3,0.75,3,-1.5
62,5,-3,0.75,3,-2
144,5,-3,0.75,4,-0.5
62,5,-3,0.75,4,-1
118,5,-3,0.75,4,-1.5
99,5,-3,0.75,4,-2
112,5,-3,0.75,5,-0.5
120,5,-3,0.75,5,-1
211,5,-3,0.75,5,-1.5
33,5,-3,0.75,5,-2
83,5,-3,1.25,1,-0.5
38,5,-3,1.25,1,-1
52,5,-3,1.25,1,-1.5
27,5,-3,1.25,1,-2
86,5,-3,1.25,2,-0.5
51,5,-3,1.25,2,-1
54,5,-3,1.25,2,-1.5
97,5,-3,1.25,2,-2
101,5,-3,1.25,3,-0.5
46,5,-3,1.25,3,-1
87,5,-3,1.25,3,-1.5
36,5,-3,1.25,3,-2
41,5,-3,1.25,4,-0.5
41,5,-3,1.25,4,-1
36,5,-3,1.25,4,-1.5
49,5,-3,1.25,4,-2
47,5,-3,1.25,5,-0.5
38,5,-3,1.25,5,-1
41,5,-3,1.25,5,-1.5
63,5,-3,1.25,5,-2
59,5,-3,1.75,1,-0.5
48,5,-3,1.75,1,-1
54,5,-3,1.75,1,-1.5
64,5,-3,1.75,1,-2
75,5,-3,1.75,2,-0.5
55,5,-3,1.75,2,-1
36,5,-3,1.75,2,-1.5
58,5,-3,1.75,2,-2
42,5,-3,1.75,3,-0.5
21,5,-3,1.75,3,-1
39,5,-3,1.75,3,-1.5
60,5,-3,1.75,3,-2
76,5,-3,1.75,4,-0.5
24,5,-3,1.75,4,-1
27,5,-3,1.75,4,-1.5
51,5,-3,1.75,4,-2
38,5,-3,1.75,5,-0.5
37,5,-3,1.75,5,-1
49,5,-3,1.75,5,-1.5
56,5,-3,1.75,5,-2
441,5,-4,0.25,1,-0.5
309,5,-4,0.25,1,-1
134,5,-4,0.25,1,-1.5
76,5,-4,0.25,1,-2
244,5,-4,0.25,2,-0.5
344,5,-4,0.25,2,-1
123,5,-4,0.25,2,-1.5
109,5,-4,0.25,2,-2
246,5,-4,0.25,3,-0.5
351,5,-4,0.25,3,-1
265,5,-4,0.25,3,-1.5
162,5,-4,0.25,3,-2
219,5,-4,0.25,4,-0.5
351,5,-4,0.25,4,-1
104,5,-4,0.25,4,-1.5
144,5,-4,0.25,4,-2
174,5,-4,0.25,5,-0.5
351,5,-4,0.25,5,-1
137,5,-4,0.25,5,-1.5
390,5,-4,0.25,5,-2
406,5,-4,0.75,1,-0.5
90,5,-4,0.75,1,-1
362,5,-4,0.75,1,-1.5
86,5,-4,0.75,1,-2
111,5,-4,0.75,2,-0.5
191,5,-4,0.75,2,-1
208,5,-4,0.75,2,-1.5
44,5,-4,0.75,2,-2
335,5,-4,0.75,3,-0.5
106,5,-4,0.75,3,-1
70,5,-4,0.75,3,-1.5
24,5,-4,0.75,3,-2
258,5,-4,0.75,4,-0.5
104,5,-4,0.75,4,-1
72,5,-4,0.75,4,-1.5
44,5,-4,0.75,4,-2
86,5,-4,0.75,5,-0.5
139,5,-4,0.75,5,-1
107,5,-4,0.75,5,-1.5
84,5,-4,0.75,5,-2
82,5,-4,1.25,1,-0.5
431,5,-4,1.25,1,-1
129,5,-4,1.25,1,-1.5
52,5,-4,1.25,1,-2
64,5,-4,1.25,2,-0.5
32,5,-4,1.25,2,-1
42,5,-4,1.25,2,-1.5
54,5,-4,1.25,2,-2
122,5,-4,1.25,3,-0.5
47,5,-4,1.25,3,-1
40,5,-4,1.25,3,-1.5
40,5,-4,1.25,3,-2
38,5,-4,1.25,4,-0.5
75,5,-4,1.25,4,-1
98,5,-4,1.25,4,-1.5
82,5,-4,1.25,4,-2
73,5,-4,1.25,5,-0.5
53,5,-4,1.25,5,-1
21,5,-4,1.25,5,-1.5
50,5,-4,1.25,5,-2
55,5,-4,1.75,1,-0.5
25,5,-4,1.75,1,-1
47,5,-4,1.75,1,-1.5
77,5,-4,1.75,1,-2
62,5,-4,1.75,2,-0.5
47,5,-4,1.75,2,-1
69,5,-4,1.75,2,-1.5
69,5,-4,1.75,2,-2
52,5,-4,1.75,3,-0.5
53,5,-4,1.75,3,-1
23,5,-4,1.75,3,-1.5
32,5,-4,1.75,3,-2
73,5,-4,1.75,4,-0.5
51,5,-4,1.75,4,-1
59,5,-4,1.75,4,-1.5
60,5,-4,1.75,4,-2
24,5,-4,1.75,5,-0.5
36,5,-4,1.75,5,-1
60,5,-4,1.75,5,-1.5
20,5,-4,1.75,5,-2
145,5,-5,0.25,1,-0.5
480,5,-5,0.25,1,-1
248,5,-5,0.25,1,-1.5
151,5,-5,0.25,1,-2
205,5,-5,0.25,2,-0.5
480,5,-5,0.25,2,-1
248,5,-5,0.25,2,-1.5
313,5,-5,0.25,2,-2
332,5,-5,0.25,3,-0.5
480,5,-5,0.25,3,-1
340,5,-5,0.25,3,-1.5
96,5,-5,0.25,3,-2
126,5,-5,0.25,4,-0.5
480,5,-5,0.25,4,-1
340,5,-5,0.25,4,-1.5
67,5,-5,0.25,4,-2
268,5,-5,0.25,5,-0.5
480,5,-5,0.25,5,-1
340,5,-5,0.25,5,-1.5
93,5,-5,0.25,5,-2
131,5,-5,0.75,1,-0.5
105,5,-5,0.75,1,-1
61,5,-5,0.75,1,-1.5
282,5,-5,0.75,1,-2
584,5,-5,0.75,2,-0.5
291,5,-5,0.75,2,-1
101,5,-5,0.75,2,-1.5
64,5,-5,0.75,2,-2
455,5,-5,0.75,3,-0.5
72,5,-5,0.75,3,-1
118,5,-5,0.75,3,-1.5
58,5,-5,0.75,3,-2
58,5,-5,0.75,4,-0.5
491,5,-5,0.75,4,-1
45,5,-5,0.75,4,-1.5
356,5,-5,0.75,4,-2
109,5,-5,0.75,5,-0.5
157,5,-5,0.75,5,-1
73,5,-5,0.75,5,-1.5
135,5,-5,0.75,5,-2
99,5,-5,1.25,1,-0.5
86,5,-5,1.25,1,-1
56,5,-5,1.25,1,-1.5
51,5,-5,1.25,1,-2
70,5,-5,1.25,2,-0.5
43,5,-5,1.25,2,-1
195,5,-5,1.25,2,-1.5
183,5,-5,1.25,2,-2
91,5,-5,1.25,3,-0.5
127,5,-5,1.25,3,-1
24,5,-5,1.25,3,-1.5
58,5,-5,1.25,3,-2
71,5,-5,1.25,4,-0.5
43,5,-5,1.25,4,-1
208,5,-5,1.25,4,-1.5
118,5,-5,1.25,4,-2
36,5,-5,1.25,5,-0.5
145,5,-5,1.25,5,-1
31,5,-5,1.25,5,-1.5
37,5,-5,1.25,5,-2
67,5,-5,1.75,1,-0.5
59,5,-5,1.75,1,-1
44,5,-5,1.75,1,-1.5
79,5,-5,1.75,1,-2
83,5,-5,1.75,2,-0.5
57,5,-5,1.75,2,-1
53,5,-5,1.75,2,-1.5
106,5,-5,1.75,2,-2
79,5,-5,1.75,3,-0.5
49,5,-5,1.75,3,-1
34,5,-5,1.75,3,-1.5
33,5,-5,1.75,3,-2
71,5,-5,1.75,4,-0.5
66,5,-5,1.75,4,-1
61,5,-5,1.75,4,-1.5
39,5,-5,1.75,4,-2
81,5,-5,1.75,5,-0.5
56,5,-5,1.75,5,-1
44,5,-5,1.75,5,-1.5
36,5,-5,1.75,5,-2
