56,1,-1,0.25,1,-0.5
46,1,-1,0.25,1,-1
28,1,-1,0.25,1,-1.5
38,1,-1,0.25,1,-2
26,1,-1,0.25,2,-0.5
51,1,-1,0.25,2,-1
27,1,-1,0.25,2,-1.5
24,1,-1,0.25,2,-2
23,1,-1,0.25,3,-0.5
43,1,-1,0.25,3,-1
17,1,-1,0.25,3,-1.5
39,1,-1,0.25,3,-2
28,1,-1,0.25,4,-0.5
43,1,-1,0.25,4,-1
46,1,-1,0.25,4,-1.5
48,1,-1,0.25,4,-2
38,1,-1,0.25,5,-0.5
21,1,-1,0.25,5,-1
39,1,-1,0.25,5,-1.5
38,1,-1,0.25,5,-2
23,1,-1,0.75,1,-0.5
60,1,-1,0.75,1,-1
35,1,-1,0.75,1,-1.5
50,1,-1,0.75,1,-2
42,1,-1,0.75,2,-0.5
36,1,-1,0.75,2,-1
35,1,-1,0.75,2,-1.5
33,1,-1,0.75,2,-2
33,1,-1,0.75,3,-0.5
54,1,-1,0.75,3,-1
61,1,-1,0.75,3,-1.5
46,1,-1,0.75,3,-2
62,1,-1,0.75,4,-0.5
77,1,-1,0.75,4,-1
49,1,-1,0.75,4,-1.5
65,1,-1,0.75,4,-2
34,1,-1,0.75,5,-0.5
64,1,-1,0.75,5,-1
39,1,-1,0.75,5,-1.5
75,1,-1,0.75,5,-2
95,1,-1,1.25,1,-0.5
79,1,-1,1.25,1,-1
87,1,-1,1.25,1,-1.5
86,1,-1,1.25,1,-2
115,1,-1,1.25,2,-0.5
102,1,-1,1.25,2,-1
95,1,-1,1.25,2,-1.5
87,1,-1,1.25,2,-2
101,1,-1,1.25,3,-0.5
78,1,-1,1.25,3,-1
73,1,-1,1.25,3,-1.5
48,1,-1,1.25,3,-2
121,1,-1,1.25,4,-0.5
95,1,-1,1.25,4,-1
104,1,-1,1.25,4,-1.5
76,1,-1,1.25,4,-2
99,1,-1,1.25,5,-0.5
53,1,-1,1.25,5,-1
56,1,-1,1.25,5,-1.5
91,1,-1,1.25,5,-2
153,1,-1,1.75,1,-0.5
132,1,-1,1.75,1,-1
110,1,-1,1.75,1,-1.5
105,1,-1,1.75,1,-2
152,1,-1,1.75,2,-0.5
109,1,-1,1.75,2,-1
100,1,-1,1.75,2,-1.5
97,1,-1,1.75,2,-2
144,1,-1,1.75,3,-0.5
136,1,-1,1.75,3,-1
96,1,-1,1.75,3,-1.5
122,1,-1,1.75,3,-2
135,1,-1,1.75,4,-0.5
100,1,-1,1.75,4,-1
110,1,-1,1.75,4,-1.5
90,1,-1,1.75,4,-2
156,1,-1,1.75,5,-0.5
103,1,-1,1.75,5,-1
128,1,-1,1.75,5,-1.5
94,1,-1,1.75,5,-2
46,1,-2,0.25,1,-0.5
74,1,-2,0.25,1,-1
25,1,-2,0.25,1,-1.5
40,1,-2,0.25,1,-2
40,1,-2,0.25,2,-0.5
98,1,-2,0.25,2,-1
30,1,-2,0.25,2,-1.5
78,1,-2,0.25,2,-2
38,1,-2,0.25,3,-0.5
71,1,-2,0.25,3,-1
34,1,-2,0.25,3,-1.5
16,1,-2,0.25,3,-2
31,1,-2,0.25,4,-0.5
199,1,-2,0.25,4,-1
29,1,-2,0.25,4,-1.5
16,1,-2,0.25,4,-2
406,1,-2,0.25,5,-0.5
26,1,-2,0.25,5,-1
15,1,-2,0.25,5,-1.5
42,1,-2,0.25,5,-2
17,1,-2,0.75,1,-0.5
33,1,-2,0.75,1,-1
35,1,-2,0.75,1,-1.5
27,1,-2,0.75,1,-2
13,1,-2,0.75,2,-0.5
16,1,-2,0.75,2,-1
26,1,-2,0.75,2,-1.5
50,1,-2,0.75,2,-2
27,1,-2,0.75,3,-0.5
18,1,-2,0.75,3,-1
33,1,-2,0.75,3,-1.5
40,1,-2,0.75,3,-2
28,1,-2,0.75,4,-0.5
41,1,-2,0.75,4,-1
46,1,-2,0.75,4,-1.5
38,1,-2,0.75,4,-2
23,1,-2,0.75,5,-0.5
29,1,-2,0.75,5,-1
19,1,-2,0.75,5,-1.5
42,1,-2,0.75,5,-2
64,1,-2,1.25,1,-0.5
41,1,-2,1.25,1,-1
34,1,-2,1.25,1,-1.5
54,1,-2,1.25,1,-2
65,1,-2,1.25,2,-0.5
33,1,-2,1.25,2,-1
47,1,-2,1.25,2,-1.5
46,1,-2,1.25,2,-2
71,1,-2,1.25,3,-0.5
35,1,-2,1.25,3,-1
53,1,-2,1.25,3,-1.5
63,1,-2,1.25,3,-2
55,1,-2,1.25,4,-0.5
34,1,-2,1.25,4,-1
25,1,-2,1.25,4,-1.5
44,1,-2,1.25,4,-2
60,1,-2,1.25,5,-0.5
46,1,-2,1.25,5,-1
31,1,-2,1.25,5,-1.5
57,1,-2,1.25,5,-2
108,1,-2,1.75,1,-0.5
87,1,-2,1.75,1,-1
85,1,-2,1.75,1,-1.5
59,1,-2,1.75,1,-2
85,1,-2,1.75,2,-0.5
77,1,-2,1.75,2,-1
91,1,-2,1.75,2,-1.5
53,1,-2,1.75,2,-2
112,1,-2,1.75,3,-0.5
76,1,-2,1.75,3,-1
55,1,-2,1.75,3,-1.5
57,1,-2,1.75,3,-2
95,1,-2,1.75,4,-0.5
79,1,-2,1.75,4,-1
66,1,-2,1.75,4,-1.5
83,1,-2,1.75,4,-2
84,1,-2,1.75,5,-0.5
86,1,-2,1.75,5,-1
88,1,-2,1.75,5,-1.5
83,1,-2,1.75,5,-2
72,1,-3,0.25,1,-0.5
119,1,-3,0.25,1,-1
35,1,-3,0.25,1,-1.5
26,1,-3,0.25,1,-2
412,1,-3,0.25,2,-0.5
161,1,-3,0.25,2,-1
38,1,-3,0.25,2,-1.5
24,1,-3,0.25,2,-2
54,1,-3,0.25,3,-0.5
231,1,-3,0.25,3,-1
19,1,-3,0.25,3,-1.5
64,1,-3,0.25,3,-2
118,1,-3,0.25,4,-0.5
86,1,-3,0.25,4,-1
33,1,-3,0.25,4,-1.5
42,1,-3,0.25,4,-2
33,1,-3,0.25,5,-0.5
96,1,-3,0.25,5,-1
65,1,-3,0.25,5,-1.5
32,1,-3,0.25,5,-2
29,1,-3,0.75,1,-0.5
33,1,-3,0.75,1,-1
22,1,-3,0.75,1,-1.5
17,1,-3,0.75,1,-2
32,1,-3,0.75,2,-0.5
31,1,-3,0.75,2,-1
18,1,-3,0.75,2,-1.5
14,1,-3,0.75,2,-2
43,1,-3,0.75,3,-0.5
29,1,-3,0.75,3,-1
22,1,-3,0.75,3,-1.5
32,1,-3,0.75,3,-2
31,1,-3,0.75,4,-0.5
29,1,-3,0.75,4,-1
18,1,-3,0.75,4,-1.5
45,1,-3,0.75,4,-2
30,1,-3,0.75,5,-0.5
29,1,-3,0.75,5,-1
17,1,-3,0.75,5,-1.5
25,1,-3,0.75,5,-2
52,1,-3,1.25,1,-0.5
46,1,-3,1.25,1,-1
21,1,-3,1.25,1,-1.5
27,1,-3,1.25,1,-2
40,1,-3,1.25,2,-0.5
31,1,-3,1.25,2,-1
52,1,-3,1.25,2,-1.5
18,1,-3,1.25,2,-2
26,1,-3,1.25,3,-0.5
31,1,-3,1.25,3,-1
32,1,-3,1.25,3,-1.5
41,1,-3,1.25,3,-2
43,1,-3,1.25,4,-0.5
43,1,-3,1.25,4,-1
18,1,-3,1.25,4,-1.5
32,1,-3,1.25,4,-2
56,1,-3,1.25,5,-0.5
35,1,-3,1.25,5,-1
20,1,-3,1.25,5,-1.5
55,1,-3,1.25,5,-2
83,1,-3,1.75,1,-0.5
36,1,-3,1.75,1,-1
62,1,-3,1.75,1,-1.5
35,1,-3,1.75,1,-2
85,1,-3,1.75,2,-0.5
55,1,-3,1.75,2,-1
61,1,-3,1.75,2,-1.5
43,1,-3,1.75,2,-2
60,1,-3,1.75,3,-0.5
38,1,-3,1.75,3,-1
48,1,-3,1.75,3,-1.5
23,1,-3,1.75,3,-2
62,1,-3,1.75,4,-0.5
59,1,-3,1.75,4,-1
75,1,-3,1.75,4,-1.5
31,1,-3,1.75,4,-2
71,1,-3,1.75,5,-0.5
40,1,-3,1.75,5,-1
50,1,-3,1.75,5,-1.5
59,1,-3,1.75,5,-2
24,1,-4,0.25,1,-0.5
66,1,-4,0.25,1,-1
124,1,-4,0.25,1,-1.5
25,1,-4,0.25,1,-2
40,1,-4,0.25,2,-0.5
60,1,-4,0.25,2,-1
116,1,-4,0.25,2,-1.5
24,1,-4,0.25,2,-2
29,1,-4,0.25,3,-0.5
83,1,-4,0.25,3,-1
34,1,-4,0.25,3,-1.5
29,1,-4,0.25,3,-2
60,1,-4,0.25,4,-0.5
97,1,-4,0.25,4,-1
65,1,-4,0.25,4,-1.5
78,1,-4,0.25,4,-2
16,1,-4,0.25,5,-0.5
83,1,-4,0.25,5,-1
40,1,-4,0.25,5,-1.5
54,1,-4,0.25,5,-2
54,1,-4,0.75,1,-0.5
25,1,-4,0.75,1,-1
22,1,-4,0.75,1,-1.5
55,1,-4,0.75,1,-2
37,1,-4,0.75,2,-0.5
16,1,-4,0.75,2,-1
15,1,-4,0.75,2,-1.5
20,1,-4,0.75,2,-2
22,1,-4,0.75,3,-0.5
19,1,-4,0.75,3,-1
62,1,-4,0.75,3,-1.5
35,1,-4,0.75,3,-2
84,1,-4,0.75,4,-0.5
51,1,-4,0.75,4,-1
25,1,-4,0.75,4,-1.5
28,1,-4,0.75,4,-2
18,1,-4,0.75,5,-0.5
47,1,-4,0.75,5,-1
42,1,-4,0.75,5,-1.5
16,1,-4,0.75,5,-2
46,1,-4,1.25,1,-0.5
15,1,-4,1.25,1,-1
46,1,-4,1.25,1,-1.5
37,1,-4,1.25,1,-2
16,1,-4,1.25,2,-0.5
25,1,-4,1.25,2,-1
31,1,-4,1.25,2,-1.5
16,1,-4,1.25,2,-2
17,1,-4,1.25,3,-0.5
28,1,-4,1.25,3,-1
29,1,-4,1.25,3,-1.5
14,1,-4,1.25,3,-2
21,1,-4,1.25,4,-0.5
50,1,-4,1.25,4,-1
15,1,-4,1.25,4,-1.5
30,1,-4,1.25,4,-2
20,1,-4,1.25,5,-0.5
18,1,-4,1.25,5,-1
23,1,-4,1.25,5,-1.5
22,1,-4,1.25,5,-2
36,1,-4,1.75,1,-0.5
46,1,-4,1.75,1,-1
53,1,-4,1.75,1,-1.5
24,1,-4,1.75,1,-2
60,1,-4,1.75,2,-0.5
42,1,-4,1.75,2,-1
38,1,-4,1.75,2,-1.5
21,1,-4,1.75,2,-2
65,1,-4,1.75,3,-0.5
26,1,-4,1.75,3,-1
13,1,-4,1.75,3,-1.5
57,1,-4,1.75,3,-2
33,1,-4,1.75,4,-0.5
36,1,-4,1.75,4,-1
27,1,-4,1.75,4,-1.5
34,1,-4,1.75,4,-2
40,1,-4,1.75,5,-0.5
23,1,-4,1.75,5,-1
43,1,-4,1.75,5,-1.5
33,1,-4,1.75,5,-2
456,1,-5,0.25,1,-0.5
220,1,-5,0.25,1,-1
42,1,-5,0.25,1,-1.5
119,1,-5,0.25,1,-2
454,1,-5,0.25,2,-0.5
42,1,-5,0.25,2,-1
77,1,-5,0.25,2,-1.5
35,1,-5,0.25,2,-2
454,1,-5,0.25,3,-0.5
116,1,-5,0.25,3,-1
71,1,-5,0.25,3,-1.5
64,1,-5,0.25,3,-2
454,1,-5,0.25,4,-0.5
46,1,-5,0.25,4,-1
108,1,-5,0.25,4,-1.5
33,1,-5,0.25,4,-2
34,1,-5,0.25,5,-0.5
191,1,-5,0.25,5,-1
80,1,-5,0.25,5,-1.5
40,1,-5,0.25,5,-2
76,1,-5,0.75,1,-0.5
25,1,-5,0.75,1,-1
51,1,-5,0.75,1,-1.5
30,1,-5,0.75,1,-2
50,1,-5,0.75,2,-0.5
24,1,-5,0.75,2,-1
39,1,-5,0.75,2,-1.5
20,1,-5,0.75,2,-2
19,1,-5,0.75,3,-0.5
17,1,-5,0.75,3,-1
24,1,-5,0.75,3,-1.5
33,1,-5,0.75,3,-2
33,1,-5,0.75,4,-0.5
18,1,-5,0.75,4,-1
15,1,-5,0.75,4,-1.5
22,1,-5,0.75,4,-2
25,1,-5,0.75,5,-0.5
47,1,-5,0.75,5,-1
42,1,-5,0.75,5,-1.5
15,1,-5,0.75,5,-2
66,1,-5,1.25,1,-0.5
55,1,-5,1.25,1,-1
18,1,-5,1.25,1,-1.5
39,1,-5,1.25,1,-2
20,1,-5,1.25,2,-0.5
71,1,-5,1.25,2,-1
17,1,-5,1.25,2,-1.5
18,1,-5,1.25,2,-2
35,1,-5,1.25,3,-0.5
26,1,-5,1.25,3,-1
17,1,-5,1.25,3,-1.5
30,1,-5,1.25,3,-2
23,1,-5,1.25,4,-0.5
16,1,-5,1.25,4,-1
22,1,-5,1.25,4,-1.5
39,1,-5,1.25,4,-2
27,1,-5,1.25,5,-0.5
28,1,-5,1.25,5,-1
26,1,-5,1.25,5,-1.5
36,1,-5,1.25,5,-2
53,1,-5,1.75,1,-0.5
50,1,-5,1.75,1,-1
18,1,-5,1.75,1,-1.5
25,1,-5,1.75,1,-2
46,1,-5,1.75,2,-0.5
22,1,-5,1.75,2,-1
29,1,-5,1.75,2,-1.5
15,1,-5,1.75,2,-2
52,1,-5,1.75,3,-0.5
19,1,-5,1.75,3,-1
18,1,-5,1.75,3,-1.5
39,1,-5,1.75,3,-2
25,1,-5,1.75,4,-0.5
39,1,-5,1.75,4,-1
26,1,-5,1.75,4,-1.5
18,1,-5,1.75,4,-2
31,1,-5,1.75,5,-0.5
27,1,-5,1.75,5,-1
24,1,-5,1.75,5,-1.5
42,1,-5,1.75,5,-2
105,2,-1,0.25,1,-0.5
38,2,-1,0.25,1,-1
43,2,-1,0.25,1,-1.5
15,2,-1,0.25,1,-2
67,2,-1,0.25,2,-0.5
49,2,-1,0.25,2,-1
22,2,-1,0.25,2,-1.5
23,2,-1,0.25,2,-2
48,2,-1,0.25,3,-0.5
40,2,-1,0.25,3,-1
37,2,-1,0.25,3,-1.5
16,2,-1,0.25,3,-2
50,2,-1,0.25,4,-0.5
42,2,-1,0.25,4,-1
21,2,-1,0.25,4,-1.5
35,2,-1,0.25,4,-2
42,2,-1,0.25,5,-0.5
55,2,-1,0.25,5,-1
43,2,-1,0.25,5,-1.5
40,2,-1,0.25,5,-2
39,2,-1,0.75,1,-0.5
32,2,-1,0.75,1,-1
38,2,-1,0.75,1,-1.5
31,2,-1,0.75,1,-2
39,2,-1,0.75,2,-0.5
31,2,-1,0.75,2,-1
43,2,-1,0.75,2,-1.5
48,2,-1,0.75,2,-2
43,2,-1,0.75,3,-0.5
32,2,-1,0.75,3,-1
40,2,-1,0.75,3,-1.5
38,2,-1,0.75,3,-2
60,2,-1,0.75,4,-0.5
31,2,-1,0.75,4,-1
41,2,-1,0.75,4,-1.5
29,2,-1,0.75,4,-2
35,2,-1,0.75,5,-0.5
34,2,-1,0.75,5,-1
47,2,-1,0.75,5,-1.5
51,2,-1,0.75,5,-2
84,2,-1,1.25,1,-0.5
87,2,-1,1.25,1,-1
64,2,-1,1.25,1,-1.5
60,2,-1,1.25,1,-2
64,2,-1,1.25,2,-0.5
58,2,-1,1.25,2,-1
47,2,-1,1.25,2,-1.5
46,2,-1,1.25,2,-2
87,2,-1,1.25,3,-0.5
60,2,-1,1.25,3,-1
68,2,-1,1.25,3,-1.5
42,2,-1,1.25,3,-2
74,2,-1,1.25,4,-0.5
71,2,-1,1.25,4,-1
80,2,-1,1.25,4,-1.5
51,2,-1,1.25,4,-2
40,2,-1,1.25,5,-0.5
47,2,-1,1.25,5,-1
50,2,-1,1.25,5,-1.5
56,2,-1,1.25,5,-2
134,2,-1,1.75,1,-0.5
92,2,-1,1.75,1,-1
98,2,-1,1.75,1,-1.5
89,2,-1,1.75,1,-2
118,2,-1,1.75,2,-0.5
87,2,-1,1.75,2,-1
74,2,-1,1.75,2,-1.5
102,2,-1,1.75,2,-2
129,2,-1,1.75,3,-0.5
100,2,-1,1.75,3,-1
59,2,-1,1.75,3,-1.5
101,2,-1,1.75,3,-2
113,2,-1,1.75,4,-0.5
82,2,-1,1.75,4,-1
79,2,-1,1.75,4,-1.5
62,2,-1,1.75,4,-2
117,2,-1,1.75,5,-0.5
88,2,-1,1.75,5,-1
100,2,-1,1.75,5,-1.5
71,2,-1,1.75,5,-2
192,2,-2,0.25,1,-0.5
39,2,-2,0.25,1,-1
38,2,-2,0.25,1,-1.5
22,2,-2,0.25,1,-2
55,2,-2,0.25,2,-0.5
67,2,-2,0.25,2,-1
42,2,-2,0.25,2,-1.5
25,2,-2,0.25,2,-2
58,2,-2,0.25,3,-0.5
25,2,-2,0.25,3,-1
30,2,-2,0.25,3,-1.5
20,2,-2,0.25,3,-2
62,2,-2,0.25,4,-0.5
41,2,-2,0.25,4,-1
60,2,-2,0.25,4,-1.5
35,2,-2,0.25,4,-2
471,2,-2,0.25,5,-0.5
337,2,-2,0.25,5,-1
43,2,-2,0.25,5,-1.5
20,2,-2,0.25,5,-2
35,2,-2,0.75,1,-0.5
41,2,-2,0.75,1,-1
37,2,-2,0.75,1,-1.5
20,2,-2,0.75,1,-2
43,2,-2,0.75,2,-0.5
15,2,-2,0.75,2,-1
23,2,-2,0.75,2,-1.5
47,2,-2,0.75,2,-2
33,2,-2,0.75,3,-0.5
22,2,-2,0.75,3,-1
24,2,-2,0.75,3,-1.5
31,2,-2,0.75,3,-2
46,2,-2,0.75,4,-0.5
14,2,-2,0.75,4,-1
32,2,-2,0.75,4,-1.5
26,2,-2,0.75,4,-2
32,2,-2,0.75,5,-0.5
16,2,-2,0.75,5,-1
24,2,-2,0.75,5,-1.5
26,2,-2,0.75,5,-2
46,2,-2,1.25,1,-0.5
17,2,-2,1.25,1,-1
35,2,-2,1.25,1,-1.5
30,2,-2,1.25,1,-2
47,2,-2,1.25,2,-0.5
46,2,-2,1.25,2,-1
27,2,-2,1.25,2,-1.5
26,2,-2,1.25,2,-2
38,2,-2,1.25,3,-0.5
20,2,-2,1.25,3,-1
19,2,-2,1.25,3,-1.5
27,2,-2,1.25,3,-2
40,2,-2,1.25,4,-0.5
31,2,-2,1.25,4,-1
31,2,-2,1.25,4,-1.5
28,2,-2,1.25,4,-2
42,2,-2,1.25,5,-0.5
49,2,-2,1.25,5,-1
24,2,-2,1.25,5,-1.5
16,2,-2,1.25,5,-2
76,2,-2,1.75,1,-0.5
73,2,-2,1.75,1,-1
30,2,-2,1.75,1,-1.5
51,2,-2,1.75,1,-2
72,2,-2,1.75,2,-0.5
56,2,-2,1.75,2,-1
83,2,-2,1.75,2,-1.5
46,2,-2,1.75,2,-2
63,2,-2,1.75,3,-0.5
61,2,-2,1.75,3,-1
39,2,-2,1.75,3,-1.5
41,2,-2,1.75,3,-2
43,2,-2,1.75,4,-0.5
64,2,-2,1.75,4,-1
37,2,-2,1.75,4,-1.5
15,2,-2,1.75,4,-2
68,2,-2,1.75,5,-0.5
66,2,-2,1.75,5,-1
40,2,-2,1.75,5,-1.5
39,2,-2,1.75,5,-2
55,2,-3,0.25,1,-0.5
399,2,-3,0.25,1,-1
16,2,-3,0.25,1,-1.5
23,2,-3,0.25,1,-2
67,2,-3,0.25,2,-0.5
266,2,-3,0.25,2,-1
33,2,-3,0.25,2,-1.5
108,2,-3,0.25,2,-2
54,2,-3,0.25,3,-0.5
24,2,-3,0.25,3,-1
45,2,-3,0.25,3,-1.5
35,2,-3,0.25,3,-2
104,2,-3,0.25,4,-0.5
33,2,-3,0.25,4,-1
29,2,-3,0.25,4,-1.5
31,2,-3,0.25,4,-2
31,2,-3,0.25,5,-0.5
23,2,-3,0.25,5,-1
63,2,-3,0.25,5,-1.5
23,2,-3,0.25,5,-2
19,2,-3,0.75,1,-0.5
23,2,-3,0.75,1,-1
30,2,-3,0.75,1,-1.5
25,2,-3,0.75,1,-2
15,2,-3,0.75,2,-0.5
34,2,-3,0.75,2,-1
26,2,-3,0.75,2,-1.5
41,2,-3,0.75,2,-2
23,2,-3,0.75,3,-0.5
11,2,-3,0.75,3,-1
19,2,-3,0.75,3,-1.5
23,2,-3,0.75,3,-2
155,2,-3,0.75,4,-0.5
33,2,-3,0.75,4,-1
11,2,-3,0.75,4,-1.5
22,2,-3,0.75,4,-2
19,2,-3,0.75,5,-0.5
19,2,-3,0.75,5,-1
14,2,-3,0.75,5,-1.5
19,2,-3,0.75,5,-2
48,2,-3,1.25,1,-0.5
26,2,-3,1.25,1,-1
19,2,-3,1.25,1,-1.5
17,2,-3,1.25,1,-2
50,2,-3,1.25,2,-0.5
27,2,-3,1.25,2,-1
21,2,-3,1.25,2,-1.5
17,2,-3,1.25,2,-2
13,2,-3,1.25,3,-0.5
18,2,-3,1.25,3,-1
30,2,-3,1.25,3,-1.5
15,2,-3,1.25,3,-2
25,2,-3,1.25,4,-0.5
21,2,-3,1.25,4,-1
27,2,-3,1.25,4,-1.5
37,2,-3,1.25,4,-2
22,2,-3,1.25,5,-0.5
21,2,-3,1.25,5,-1
30,2,-3,1.25,5,-1.5
20,2,-3,1.25,5,-2
82,2,-3,1.75,1,-0.5
45,2,-3,1.75,1,-1
37,2,-3,1.75,1,-1.5
41,2,-3,1.75,1,-2
60,2,-3,1.75,2,-0.5
25,2,-3,1.75,2,-1
53,2,-3,1.75,2,-1.5
28,2,-3,1.75,2,-2
55,2,-3,1.75,3,-0.5
66,2,-3,1.75,3,-1
34,2,-3,1.75,3,-1.5
46,2,-3,1.75,3,-2
26,2,-3,1.75,4,-0.5
15,2,-3,1.75,4,-1
23,2,-3,1.75,4,-1.5
22,2,-3,1.75,4,-2
46,2,-3,1.75,5,-0.5
51,2,-3,1.75,5,-1
28,2,-3,1.75,5,-1.5
47,2,-3,1.75,5,-2
65,2,-4,0.25,1,-0.5
62,2,-4,0.25,1,-1
42,2,-4,0.25,1,-1.5
26,2,-4,0.25,1,-2
97,2,-4,0.25,2,-0.5
111,2,-4,0.25,2,-1
35,2,-4,0.25,2,-1.5
138,2,-4,0.25,2,-2
363,2,-4,0.25,3,-0.5
85,2,-4,0.25,3,-1
223,2,-4,0.25,3,-1.5
30,2,-4,0.25,3,-2
161,2,-4,0.25,4,-0.5
198,2,-4,0.25,4,-1
289,2,-4,0.25,4,-1.5
38,2,-4,0.25,4,-2
249,2,-4,0.25,5,-0.5
112,2,-4,0.25,5,-1
267,2,-4,0.25,5,-1.5
178,2,-4,0.25,5,-2
45,2,-4,0.75,1,-0.5
23,2,-4,0.75,1,-1
27,2,-4,0.75,1,-1.5
29,2,-4,0.75,1,-2
24,2,-4,0.75,2,-0.5
44,2,-4,0.75,2,-1
41,2,-4,0.75,2,-1.5
29,2,-4,0.75,2,-2
47,2,-4,0.75,3,-0.5
29,2,-4,0.75,3,-1
35,2,-4,0.75,3,-1.5
30,2,-4,0.75,3,-2
67,2,-4,0.75,4,-0.5
39,2,-4,0.75,4,-1
19,2,-4,0.75,4,-1.5
39,2,-4,0.75,4,-2
31,2,-4,0.75,5,-0.5
62,2,-4,0.75,5,-1
253,2,-4,0.75,5,-1.5
25,2,-4,0.75,5,-2
32,2,-4,1.25,1,-0.5
17,2,-4,1.25,1,-1
21,2,-4,1.25,1,-1.5
17,2,-4,1.25,1,-2
69,2,-4,1.25,2,-0.5
26,2,-4,1.25,2,-1
15,2,-4,1.25,2,-1.5
22,2,-4,1.25,2,-2
24,2,-4,1.25,3,-0.5
16,2,-4,1.25,3,-1
16,2,-4,1.25,3,-1.5
19,2,-4,1.25,3,-2
510,2,-4,1.25,4,-0.5
18,2,-4,1.25,4,-1
15,2,-4,1.25,4,-1.5
24,2,-4,1.25,4,-2
36,2,-4,1.25,5,-0.5
18,2,-4,1.25,5,-1
24,2,-4,1.25,5,-1.5
39,2,-4,1.25,5,-2
47,2,-4,1.75,1,-0.5
36,2,-4,1.75,1,-1
34,2,-4,1.75,1,-1.5
29,2,-4,1.75,1,-2
31,2,-4,1.75,2,-0.5
33,2,-4,1.75,2,-1
38,2,-4,1.75,2,-1.5
29,2,-4,1.75,2,-2
54,2,-4,1.75,3,-0.5
29,2,-4,1.75,3,-1
31,2,-4,1.75,3,-1.5
26,2,-4,1.75,3,-2
30,2,-4,1.75,4,-0.5
34,2,-4,1.75,4,-1
22,2,-4,1.75,4,-1.5
32,2,-4,1.75,4,-2
31,2,-4,1.75,5,-0.5
32,2,-4,1.75,5,-1
40,2,-4,1.75,5,-1.5
16,2,-4,1.75,5,-2
308,2,-5,0.25,1,-0.5
67,2,-5,0.25,1,-1
61,2,-5,0.25,1,-1.5
50,2,-5,0.25,1,-2
309,2,-5,0.25,2,-0.5
39,2,-5,0.25,2,-1
238,2,-5,0.25,2,-1.5
287,2,-5,0.25,2,-2
292,2,-5,0.25,3,-0.5
39,2,-5,0.25,3,-1
337,2,-5,0.25,3,-1.5
273,2,-5,0.25,3,-2
38,2,-5,0.25,4,-0.5
41,2,-5,0.25,4,-1
57,2,-5,0.25,4,-1.5
273,2,-5,0.25,4,-2
220,2,-5,0.25,5,-0.5
178,2,-5,0.25,5,-1
55,2,-5,0.25,5,-1.5
35,2,-5,0.25,5,-2
40,2,-5,0.75,1,-0.5
30,2,-5,0.75,1,-1
20,2,-5,0.75,1,-1.5
82,2,-5,0.75,1,-2
35,2,-5,0.75,2,-0.5
51,2,-5,0.75,2,-1
47,2,-5,0.75,2,-1.5
76,2,-5,0.75,2,-2
299,2,-5,0.75,3,-0.5
55,2,-5,0.75,3,-1
85,2,-5,0.75,3,-1.5
66,2,-5,0.75,3,-2
30,2,-5,0.75,4,-0.5
37,2,-5,0.75,4,-1
58,2,-5,0.75,4,-1.5
68,2,-5,0.75,4,-2
66,2,-5,0.75,5,-0.5
92,2,-5,0.75,5,-1
47,2,-5,0.75,5,-1.5
77,2,-5,0.75,5,-2
21,2,-5,1.25,1,-0.5
45,2,-5,1.25,1,-1
23,2,-5,1.25,1,-1.5
43,2,-5,1.25,1,-2
43,2,-5,1.25,2,-0.5
22,2,-5,1.25,2,-1
21,2,-5,1.25,2,-1.5
22,2,-5,1.25,2,-2
54,2,-5,1.25,3,-0.5
27,2,-5,1.25,3,-1
22,2,-5,1.25,3,-1.5
40,2,-5,1.25,3,-2
45,2,-5,1.25,4,-0.5
34,2,-5,1.25,4,-1
39,2,-5,1.25,4,-1.5
37,2,-5,1.25,4,-2
29,2,-5,1.25,5,-0.5
28,2,-5,1.25,5,-1
17,2,-5,1.25,5,-1.5
42,2,-5,1.25,5,-2
50,2,-5,1.75,1,-0.5
33,2,-5,1.75,1,-1
21,2,-5,1.75,1,-1.5
26,2,-5,1.75,1,-2
44,2,-5,1.75,2,-0.5
31,2,-5,1.75,2,-1
25,2,-5,1.75,2,-1.5
25,2,-5,1.75,2,-2
25,2,-5,1.75,3,-0.5
26,2,-5,1.75,3,-1
14,2,-5,1.75,3,-1.5
20,2,-5,1.75,3,-2
20,2,-5,1.75,4,-0.5
25,2,-5,1.75,4,-1
17,2,-5,1.75,4,-1.5
31,2,-5,1.75,4,-2
30,2,-5,1.75,5,-0.5
35,2,-5,1.75,5,-1
15,2,-5,1.75,5,-1.5
58,2,-5,1.75,5,-2
99,3,-1,0.25,1,-0.5
128,3,-1,0.25,1,-1
68,3,-1,0.25,1,-1.5
48,3,-1,0.25,1,-2
78,3,-1,0.25,2,-0.5
76,3,-1,0.25,2,-1
73,3,-1,0.25,2,-1.5
36,3,-1,0.25,2,-2
82,3,-1,0.25,3,-0.5
118,3,-1,0.25,3,-1
77,3,-1,0.25,3,-1.5
24,3,-1,0.25,3,-2
127,3,-1,0.25,4,-0.5
60,3,-1,0.25,4,-1
46,3,-1,0.25,4,-1.5
23,3,-1,0.25,4,-2
89,3,-1,0.25,5,-0.5
81,3,-1,0.25,5,-1
86,3,-1,0.25,5,-1.5
28,3,-1,0.25,5,-2
91,3,-1,0.75,1,-0.5
45,3,-1,0.75,1,-1
32,3,-1,0.75,1,-1.5
41,3,-1,0.75,1,-2
51,3,-1,0.75,2,-0.5
60,3,-1,0.75,2,-1
37,3,-1,0.75,2,-1.5
32,3,-1,0.75,2,-2
42,3,-1,0.75,3,-0.5
38,3,-1,0.75,3,-1
19,3,-1,0.75,3,-1.5
22,3,-1,0.75,3,-2
42,3,-1,0.75,4,-0.5
52,3,-1,0.75,4,-1
41,3,-1,0.75,4,-1.5
64,3,-1,0.75,4,-2
46,3,-1,0.75,5,-0.5
65,3,-1,0.75,5,-1
40,3,-1,0.75,5,-1.5
55,3,-1,0.75,5,-2
92,3,-1,1.25,1,-0.5
53,3,-1,1.25,1,-1
51,3,-1,1.25,1,-1.5
44,3,-1,1.25,1,-2
72,3,-1,1.25,2,-0.5
47,3,-1,1.25,2,-1
34,3,-1,1.25,2,-1.5
39,3,-1,1.25,2,-2
62,3,-1,1.25,3,-0.5
39,3,-1,1.25,3,-1
41,3,-1,1.25,3,-1.5
63,3,-1,1.25,3,-2
57,3,-1,1.25,4,-0.5
57,3,-1,1.25,4,-1
46,3,-1,1.25,4,-1.5
53,3,-1,1.25,4,-2
55,3,-1,1.25,5,-0.5
49,3,-1,1.25,5,-1
47,3,-1,1.25,5,-1.5
40,3,-1,1.25,5,-2
134,3,-1,1.75,1,-0.5
89,3,-1,1.75,1,-1
89,3,-1,1.75,1,-1.5
68,3,-1,1.75,1,-2
142,3,-1,1.75,2,-0.5
111,3,-1,1.75,2,-1
85,3,-1,1.75,2,-1.5
64,3,-1,1.75,2,-2
98,3,-1,1.75,3,-0.5
82,3,-1,1.75,3,-1
72,3,-1,1.75,3,-1.5
55,3,-1,1.75,3,-2
118,3,-1,1.75,4,-0.5
92,3,-1,1.75,4,-1
70,3,-1,1.75,4,-1.5
50,3,-1,1.75,4,-2
79,3,-1,1.75,5,-0.5
89,3,-1,1.75,5,-1
101,3,-1,1.75,5,-1.5
65,3,-1,1.75,5,-2
96,3,-2,0.25,1,-0.5
44,3,-2,0.25,1,-1
86,3,-2,0.25,1,-1.5
95,3,-2,0.25,1,-2
66,3,-2,0.25,2,-0.5
58,3,-2,0.25,2,-1
82,3,-2,0.25,2,-1.5
32,3,-2,0.25,2,-2
196,3,-2,0.25,3,-0.5
50,3,-2,0.25,3,-1
33,3,-2,0.25,3,-1.5
30,3,-2,0.25,3,-2
271,3,-2,0.25,4,-0.5
101,3,-2,0.25,4,-1
111,3,-2,0.25,4,-1.5
88,3,-2,0.25,4,-2
30,3,-2,0.25,5,-0.5
169,3,-2,0.25,5,-1
29,3,-2,0.25,5,-1.5
69,3,-2,0.25,5,-2
69,3,-2,0.75,1,-0.5
92,3,-2,0.75,1,-1
26,3,-2,0.75,1,-1.5
17,3,-2,0.75,1,-2
29,3,-2,0.75,2,-0.5
25,3,-2,0.75,2,-1
26,3,-2,0.75,2,-1.5
23,3,-2,0.75,2,-2
33,3,-2,0.75,3,-0.5
31,3,-2,0.75,3,-1
19,3,-2,0.75,3,-1.5
22,3,-2,0.75,3,-2
42,3,-2,0.75,4,-0.5
25,3,-2,0.75,4,-1
17,3,-2,0.75,4,-1.5
20,3,-2,0.75,4,-2
19,3,-2,0.75,5,-0.5
35,3,-2,0.75,5,-1
34,3,-2,0.75,5,-1.5
19,3,-2,0.75,5,-2
71,3,-2,1.25,1,-0.5
35,3,-2,1.25,1,-1
26,3,-2,1.25,1,-1.5
23,3,-2,1.25,1,-2
86,3,-2,1.25,2,-0.5
38,3,-2,1.25,2,-1
35,3,-2,1.25,2,-1.5
29,3,-2,1.25,2,-2
43,3,-2,1.25,3,-0.5
74,3,-2,1.25,3,-1
29,3,-2,1.25,3,-1.5
18,3,-2,1.25,3,-2
60,3,-2,1.25,4,-0.5
82,3,-2,1.25,4,-1
23,3,-2,1.25,4,-1.5
22,3,-2,1.25,4,-2
31,3,-2,1.25,5,-0.5
25,3,-2,1.25,5,-1
31,3,-2,1.25,5,-1.5
25,3,-2,1.25,5,-2
66,3,-2,1.75,1,-0.5
69,3,-2,1.75,1,-1
47,3,-2,1.75,1,-1.5
59,3,-2,1.75,1,-2
71,3,-2,1.75,2,-0.5
48,3,-2,1.75,2,-1
27,3,-2,1.75,2,-1.5
54,3,-2,1.75,2,-2
48,3,-2,1.75,3,-0.5
57,3,-2,1.75,3,-1
37,3,-2,1.75,3,-1.5
36,3,-2,1.75,3,-2
68,3,-2,1.75,4,-0.5
32,3,-2,1.75,4,-1
50,3,-2,1.75,4,-1.5
23,3,-2,1.75,4,-2
79,3,-2,1.75,5,-0.5
56,3,-2,1.75,5,-1
40,3,-2,1.75,5,-1.5
44,3,-2,1.75,5,-2
370,3,-3,0.25,1,-0.5
32,3,-3,0.25,1,-1
46,3,-3,0.25,1,-1.5
72,3,-3,0.25,1,-2
156,3,-3,0.25,2,-0.5
193,3,-3,0.25,2,-1
35,3,-3,0.25,2,-1.5
35,3,-3,0.25,2,-2
149,3,-3,0.25,3,-0.5
50,3,-3,0.25,3,-1
48,3,-3,0.25,3,-1.5
28,3,-3,0.25,3,-2
40,3,-3,0.25,4,-0.5
184,3,-3,0.25,4,-1
38,3,-3,0.25,4,-1.5
51,3,-3,0.25,4,-2
119,3,-3,0.25,5,-0.5
33,3,-3,0.25,5,-1
324,3,-3,0.25,5,-1.5
115,3,-3,0.25,5,-2
216,3,-3,0.75,1,-0.5
49,3,-3,0.75,1,-1
28,3,-3,0.75,1,-1.5
36,3,-3,0.75,1,-2
121,3,-3,0.75,2,-0.5
101,3,-3,0.75,2,-1
41,3,-3,0.75,2,-1.5
21,3,-3,0.75,2,-2
71,3,-3,0.75,3,-0.5
51,3,-3,0.75,3,-1
56,3,-3,0.75,3,-1.5
14,3,-3,0.75,3,-2
28,3,-3,0.75,4,-0.5
76,3,-3,0.75,4,-1
18,3,-3,0.75,4,-1.5
38,3,-3,0.75,4,-2
25,3,-3,0.75,5,-0.5
19,3,-3,0.75,5,-1
17,3,-3,0.75,5,-1.5
26,3,-3,0.75,5,-2
18,3,-3,1.25,1,-0.5
24,3,-3,1.25,1,-1
43,3,-3,1.25,1,-1.5
20,3,-3,1.25,1,-2
49,3,-3,1.25,2,-0.5
22,3,-3,1.25,2,-1
25,3,-3,1.25,2,-1.5
33,3,-3,1.25,2,-2
54,3,-3,1.25,3,-0.5
29,3,-3,1.25,3,-1
21,3,-3,1.25,3,-1.5
17,3,-3,1.25,3,-2
24,3,-3,1.25,4,-0.5
28,3,-3,1.25,4,-1
18,3,-3,1.25,4,-1.5
22,3,-3,1.25,4,-2
36,3,-3,1.25,5,-0.5
94,3,-3,1.25,5,-1
23,3,-3,1.25,5,-1.5
23,3,-3,1.25,5,-2
62,3,-3,1.75,1,-0.5
34,3,-3,1.75,1,-1
27,3,-3,1.75,1,-1.5
23,3,-3,1.75,1,-2
50,3,-3,1.75,2,-0.5
40,3,-3,1.75,2,-1
36,3,-3,1.75,2,-1.5
23,3,-3,1.75,2,-2
51,3,-3,1.75,3,-0.5
31,3,-3,1.75,3,-1
20,3,-3,1.75,3,-1.5
21,3,-3,1.75,3,-2
46,3,-3,1.75,4,-0.5
18,3,-3,1.75,4,-1
22,3,-3,1.75,4,-1.5
31,3,-3,1.75,4,-2
33,3,-3,1.75,5,-0.5
30,3,-3,1.75,5,-1
29,3,-3,1.75,5,-1.5
19,3,-3,1.75,5,-2
71,3,-4,0.25,1,-0.5
131,3,-4,0.25,1,-1
221,3,-4,0.25,1,-1.5
42,3,-4,0.25,1,-2
90,3,-4,0.25,2,-0.5
297,3,-4,0.25,2,-1
60,3,-4,0.25,2,-1.5
116,3,-4,0.25,2,-2
131,3,-4,0.25,3,-0.5
346,3,-4,0.25,3,-1
294,3,-4,0.25,3,-1.5
33,3,-4,0.25,3,-2
147,3,-4,0.25,4,-0.5
34,3,-4,0.25,4,-1
184,3,-4,0.25,4,-1.5
280,3,-4,0.25,4,-2
55,3,-4,0.25,5,-0.5
79,3,-4,0.25,5,-1
26,3,-4,0.25,5,-1.5
32,3,-4,0.25,5,-2
36,3,-4,0.75,1,-0.5
22,3,-4,0.75,1,-1
26,3,-4,0.75,1,-1.5
455,3,-4,0.75,1,-2
441,3,-4,0.75,2,-0.5
74,3,-4,0.75,2,-1
45,3,-4,0.75,2,-1.5
32,3,-4,0.75,2,-2
32,3,-4,0.75,3,-0.5
112,3,-4,0.75,3,-1
31,3,-4,0.75,3,-1.5
22,3,-4,0.75,3,-2
38,3,-4,0.75,4,-0.5
73,3,-4,0.75,4,-1
27,3,-4,0.75,4,-1.5
31,3,-4,0.75,4,-2
23,3,-4,0.75,5,-0.5
470,3,-4,0.75,5,-1
47,3,-4,0.75,5,-1.5
19,3,-4,0.75,5,-2
43,3,-4,1.25,1,-0.5
33,3,-4,1.25,1,-1
29,3,-4,1.25,1,-1.5
30,3,-4,1.25,1,-2
51,3,-4,1.25,2,-0.5
22,3,-4,1.25,2,-1
26,3,-4,1.25,2,-1.5
29,3,-4,1.25,2,-2
24,3,-4,1.25,3,-0.5
31,3,-4,1.25,3,-1
27,3,-4,1.25,3,-1.5
30,3,-4,1.25,3,-2
41,3,-4,1.25,4,-0.5
27,3,-4,1.25,4,-1
23,3,-4,1.25,4,-1.5
21,3,-4,1.25,4,-2
35,3,-4,1.25,5,-0.5
23,3,-4,1.25,5,-1
24,3,-4,1.25,5,-1.5
29,3,-4,1.25,5,-2
49,3,-4,1.75,1,-0.5
27,3,-4,1.75,1,-1
31,3,-4,1.75,1,-1.5
14,3,-4,1.75,1,-2
31,3,-4,1.75,2,-0.5
13,3,-4,1.75,2,-1
25,3,-4,1.75,2,-1.5
29,3,-4,1.75,2,-2
49,3,-4,1.75,3,-0.5
31,3,-4,1.75,3,-1
45,3,-4,1.75,3,-1.5
26,3,-4,1.75,3,-2
30,3,-4,1.75,4,-0.5
21,3,-4,1.75,4,-1
26,3,-4,1.75,4,-1.5
22,3,-4,1.75,4,-2
27,3,-4,1.75,5,-0.5
31,3,-4,1.75,5,-1
28,3,-4,1.75,5,-1.5
18,3,-4,1.75,5,-2
238,3,-5,0.25,1,-0.5
166,3,-5,0.25,1,-1
157,3,-5,0.25,1,-1.5
49,3,-5,0.25,1,-2
239,3,-5,0.25,2,-0.5
62,3,-5,0.25,2,-1
99,3,-5,0.25,2,-1.5
31,3,-5,0.25,2,-2
54,3,-5,0.25,3,-0.5
52,3,-5,0.25,3,-1
43,3,-5,0.25,3,-1.5
366,3,-5,0.25,3,-2
362,3,-5,0.25,4,-0.5
196,3,-5,0.25,4,-1
101,3,-5,0.25,4,-1.5
52,3,-5,0.25,4,-2
327,3,-5,0.25,5,-0.5
127,3,-5,0.25,5,-1
35,3,-5,0.25,5,-1.5
156,3,-5,0.25,5,-2
36,3,-5,0.75,1,-0.5
21,3,-5,0.75,1,-1
57,3,-5,0.75,1,-1.5
43,3,-5,0.75,1,-2
84,3,-5,0.75,2,-0.5
23,3,-5,0.75,2,-1
204,3,-5,0.75,2,-1.5
50,3,-5,0.75,2,-2
189,3,-5,0.75,3,-0.5
23,3,-5,0.75,3,-1
41,3,-5,0.75,3,-1.5
59,3,-5,0.75,3,-2
48,3,-5,0.75,4,-0.5
36,3,-5,0.75,4,-1
36,3,-5,0.75,4,-1.5
24,3,-5,0.75,4,-2
43,3,-5,0.75,5,-0.5
371,3,-5,0.75,5,-1
71,3,-5,0.75,5,-1.5
21,3,-5,0.75,5,-2
30,3,-5,1.25,1,-0.5
26,3,-5,1.25,1,-1
29,3,-5,1.25,1,-1.5
26,3,-5,1.25,1,-2
19,3,-5,1.25,2,-0.5
45,3,-5,1.25,2,-1
20,3,-5,1.25,2,-1.5
19,3,-5,1.25,2,-2
28,3,-5,1.25,3,-0.5
35,3,-5,1.25,3,-1
18,3,-5,1.25,3,-1.5
17,3,-5,1.25,3,-2
28,3,-5,1.25,4,-0.5
18,3,-5,1.25,4,-1
28,3,-5,1.25,4,-1.5
19,3,-5,1.25,4,-2
503,3,-5,1.25,5,-0.5
26,3,-5,1.25,5,-1
27,3,-5,1.25,5,-1.5
19,3,-5,1.25,5,-2
28,3,-5,1.75,1,-0.5
28,3,-5,1.75,1,-1
17,3,-5,1.75,1,-1.5
19,3,-5,1.75,1,-2
62,3,-5,1.75,2,-0.5
26,3,-5,1.75,2,-1
23,3,-5,1.75,2,-1.5
23,3,-5,1.75,2,-2
37,3,-5,1.75,3,-0.5
27,3,-5,1.75,3,-1
21,3,-5,1.75,3,-1.5
17,3,-5,1.75,3,-2
35,3,-5,1.75,4,-0.5
28,3,-5,1.75,4,-1
27,3,-5,1.75,4,-1.5
16,3,-5,1.75,4,-2
28,3,-5,1.75,5,-0.5
24,3,-5,1.75,5,-1
13,3,-5,1.75,5,-1.5
15,3,-5,1.75,5,-2
134,4,-1,0.25,1,-0.5
89,4,-1,0.25,1,-1
78,4,-1,0.25,1,-1.5
80,4,-1,0.25,1,-2
140,4,-1,0.25,2,-0.5
86,4,-1,0.25,2,-1
77,4,-1,0.25,2,-1.5
41,4,-1,0.25,2,-2
105,4,-1,0.25,3,-0.5
93,4,-1,0.25,3,-1
51,4,-1,0.25,3,-1.5
19,4,-1,0.25,3,-2
89,4,-1,0.25,4,-0.5
118,4,-1,0.25,4,-1
53,4,-1,0.25,4,-1.5
80,4,-1,0.25,4,-2
124,4,-1,0.25,5,-0.5
148,4,-1,0.25,5,-1
67,4,-1,0.25,5,-1.5
30,4,-1,0.25,5,-2
110,4,-1,0.75,1,-0.5
70,4,-1,0.75,1,-1
76,4,-1,0.75,1,-1.5
31,4,-1,0.75,1,-2
84,4,-1,0.75,2,-0.5
75,4,-1,0.75,2,-1
29,4,-1,0.75,2,-1.5
25,4,-1,0.75,2,-2
100,4,-1,0.75,3,-0.5
41,4,-1,0.75,3,-1
35,4,-1,0.75,3,-1.5
28,4,-1,0.75,3,-2
71,4,-1,0.75,4,-0.5
57,4,-1,0.75,4,-1
42,4,-1,0.75,4,-1.5
24,4,-1,0.75,4,-2
72,4,-1,0.75,5,-0.5
62,4,-1,0.75,5,-1
37,4,-1,0.75,5,-1.5
31,4,-1,0.75,5,-2
104,4,-1,1.25,1,-0.5
86,4,-1,1.25,1,-1
61,4,-1,1.25,1,-1.5
53,4,-1,1.25,1,-2
79,4,-1,1.25,2,-0.5
61,4,-1,1.25,2,-1
86,4,-1,1.25,2,-1.5
71,4,-1,1.25,2,-2
78,4,-1,1.25,3,-0.5
52,4,-1,1.25,3,-1
79,4,-1,1.25,3,-1.5
38,4,-1,1.25,3,-2
93,4,-1,1.25,4,-0.5
53,4,-1,1.25,4,-1
54,4,-1,1.25,4,-1.5
53,4,-1,1.25,4,-2
76,4,-1,1.25,5,-0.5
89,4,-1,1.25,5,-1
56,4,-1,1.25,5,-1.5
62,4,-1,1.25,5,-2
130,4,-1,1.75,1,-0.5
85,4,-1,1.75,1,-1
86,4,-1,1.75,1,-1.5
64,4,-1,1.75,1,-2
100,4,-1,1.75,2,-0.5
61,4,-1,1.75,2,-1
85,4,-1,1.75,2,-1.5
60,4,-1,1.75,2,-2
105,4,-1,1.75,3,-0.5
78,4,-1,1.75,3,-1
64,4,-1,1.75,3,-1.5
65,4,-1,1.75,3,-2
96,4,-1,1.75,4,-0.5
79,4,-1,1.75,4,-1
82,4,-1,1.75,4,-1.5
57,4,-1,1.75,4,-2
104,4,-1,1.75,5,-0.5
72,4,-1,1.75,5,-1
95,4,-1,1.75,5,-1.5
59,4,-1,1.75,5,-2
76,4,-2,0.25,1,-0.5
82,4,-2,0.25,1,-1
72,4,-2,0.25,1,-1.5
209,4,-2,0.25,1,-2
97,4,-2,0.25,2,-0.5
70,4,-2,0.25,2,-1
63,4,-2,0.25,2,-1.5
80,4,-2,0.25,2,-2
413,4,-2,0.25,3,-0.5
232,4,-2,0.25,3,-1
84,4,-2,0.25,3,-1.5
39,4,-2,0.25,3,-2
71,4,-2,0.25,4,-0.5
458,4,-2,0.25,4,-1
103,4,-2,0.25,4,-1.5
438,4,-2,0.25,4,-2
425,4,-2,0.25,5,-0.5
62,4,-2,0.25,5,-1
185,4,-2,0.25,5,-1.5
74,4,-2,0.25,5,-2
102,4,-2,0.75,1,-0.5
42,4,-2,0.75,1,-1
32,4,-2,0.75,1,-1.5
34,4,-2,0.75,1,-2
93,4,-2,0.75,2,-0.5
34,4,-2,0.75,2,-1
37,4,-2,0.75,2,-1.5
45,4,-2,0.75,2,-2
76,4,-2,0.75,3,-0.5
28,4,-2,0.75,3,-1
19,4,-2,0.75,3,-1.5
20,4,-2,0.75,3,-2
30,4,-2,0.75,4,-0.5
47,4,-2,0.75,4,-1
23,4,-2,0.75,4,-1.5
69,4,-2,0.75,4,-2
74,4,-2,0.75,5,-0.5
43,4,-2,0.75,5,-1
57,4,-2,0.75,5,-1.5
48,4,-2,0.75,5,-2
61,4,-2,1.25,1,-0.5
48,4,-2,1.25,1,-1
51,4,-2,1.25,1,-1.5
31,4,-2,1.25,1,-2
64,4,-2,1.25,2,-0.5
55,4,-2,1.25,2,-1
35,4,-2,1.25,2,-1.5
20,4,-2,1.25,2,-2
38,4,-2,1.25,3,-0.5
37,4,-2,1.25,3,-1
28,4,-2,1.25,3,-1.5
20,4,-2,1.25,3,-2
44,4,-2,1.25,4,-0.5
33,4,-2,1.25,4,-1
28,4,-2,1.25,4,-1.5
35,4,-2,1.25,4,-2
38,4,-2,1.25,5,-0.5
45,4,-2,1.25,5,-1
22,4,-2,1.25,5,-1.5
31,4,-2,1.25,5,-2
78,4,-2,1.75,1,-0.5
65,4,-2,1.75,1,-1
37,4,-2,1.75,1,-1.5
25,4,-2,1.75,1,-2
52,4,-2,1.75,2,-0.5
49,4,-2,1.75,2,-1
29,4,-2,1.75,2,-1.5
25,4,-2,1.75,2,-2
45,4,-2,1.75,3,-0.5
26,4,-2,1.75,3,-1
21,4,-2,1.75,3,-1.5
31,4,-2,1.75,3,-2
44,4,-2,1.75,4,-0.5
27,4,-2,1.75,4,-1
37,4,-2,1.75,4,-1.5
46,4,-2,1.75,4,-2
41,4,-2,1.75,5,-0.5
40,4,-2,1.75,5,-1
30,4,-2,1.75,5,-1.5
37,4,-2,1.75,5,-2
436,4,-3,0.25,1,-0.5
312,4,-3,0.25,1,-1
62,4,-3,0.25,1,-1.5
124,4,-3,0.25,1,-2
396,4,-3,0.25,2,-0.5
36,4,-3,0.25,2,-1
90,4,-3,0.25,2,-1.5
111,4,-3,0.25,2,-2
99,4,-3,0.25,3,-0.5
44,4,-3,0.25,3,-1
39,4,-3,0.25,3,-1.5
36,4,-3,0.25,3,-2
159,4,-3,0.25,4,-0.5
65,4,-3,0.25,4,-1
40,4,-3,0.25,4,-1.5
26,4,-3,0.25,4,-2
133,4,-3,0.25,5,-0.5
63,4,-3,0.25,5,-1
79,4,-3,0.25,5,-1.5
137,4,-3,0.25,5,-2
81,4,-3,0.75,1,-0.5
113,4,-3,0.75,1,-1
55,4,-3,0.75,1,-1.5
24,4,-3,0.75,1,-2
55,4,-3,0.75,2,-0.5
48,4,-3,0.75,2,-1
74,4,-3,0.75,2,-1.5
21,4,-3,0.75,2,-2
93,4,-3,0.75,3,-0.5
65,4,-3,0.75,3,-1
72,4,-3,0.75,3,-1.5
39,4,-3,0.75,3,-2
57,4,-3,0.75,4,-0.5
42,4,-3,0.75,4,-1
311,4,-3,0.75,4,-1.5
22,4,-3,0.75,4,-2
47,4,-3,0.75,5,-0.5
23,4,-3,0.75,5,-1
24,4,-3,0.75,5,-1.5
40,4,-3,0.75,5,-2
89,4,-3,1.25,1,-0.5
38,4,-3,1.25,1,-1
32,4,-3,1.25,1,-1.5
35,4,-3,1.25,1,-2
48,4,-3,1.25,2,-0.5
56,4,-3,1.25,2,-1
35,4,-3,1.25,2,-1.5
21,4,-3,1.25,2,-2
41,4,-3,1.25,3,-0.5
21,4,-3,1.25,3,-1
42,4,-3,1.25,3,-1.5
18,4,-3,1.25,3,-2
55,4,-3,1.25,4,-0.5
29,4,-3,1.25,4,-1
40,4,-3,1.25,4,-1.5
15,4,-3,1.25,4,-2
39,4,-3,1.25,5,-0.5
23,4,-3,1.25,5,-1
25,4,-3,1.25,5,-1.5
21,4,-3,1.25,5,-2
42,4,-3,1.75,1,-0.5
61,4,-3,1.75,1,-1
30,4,-3,1.75,1,-1.5
32,4,-3,1.75,1,-2
55,4,-3,1.75,2,-0.5
48,4,-3,1.75,2,-1
38,4,-3,1.75,2,-1.5
28,4,-3,1.75,2,-2
49,4,-3,1.75,3,-0.5
20,4,-3,1.75,3,-1
35,4,-3,1.75,3,-1.5
46,4,-3,1.75,3,-2
38,4,-3,1.75,4,-0.5
38,4,-3,1.75,4,-1
68,4,-3,1.75,4,-1.5
33,4,-3,1.75,4,-2
44,4,-3,1.75,5,-0.5
22,4,-3,1.75,5,-1
62,4,-3,1.75,5,-1.5
28,4,-3,1.75,5,-2
199,4,-4,0.25,1,-0.5
41,4,-4,0.25,1,-1
82,4,-4,0.25,1,-1.5
34,4,-4,0.25,1,-2
79,4,-4,0.25,2,-0.5
393,4,-4,0.25,2,-1
116,4,-4,0.25,2,-1.5
156,4,-4,0.25,2,-2
93,4,-4,0.25,3,-0.5
167,4,-4,0.25,3,-1
215,4,-4,0.25,3,-1.5
42,4,-4,0.25,3,-2
146,4,-4,0.25,4,-0.5
53,4,-4,0.25,4,-1
78,4,-4,0.25,4,-1.5
36,4,-4,0.25,4,-2
121,4,-4,0.25,5,-0.5
63,4,-4,0.25,5,-1
61,4,-4,0.25,5,-1.5
37,4,-4,0.25,5,-2
79,4,-4,0.75,1,-0.5
451,4,-4,0.75,1,-1
91,4,-4,0.75,1,-1.5
34,4,-4,0.75,1,-2
67,4,-4,0.75,2,-0.5
234,4,-4,0.75,2,-1
31,4,-4,0.75,2,-1.5
18,4,-4,0.75,2,-2
36,4,-4,0.75,3,-0.5
51,4,-4,0.75,3,-1
96,4,-4,0.75,3,-1.5
35,4,-4,0.75,3,-2
61,4,-4,0.75,4,-0.5
28,4,-4,0.75,4,-1
18,4,-4,0.75,4,-1.5
28,4,-4,0.75,4,-2
44,4,-4,0.75,5,-0.5
25,4,-4,0.75,5,-1
36,4,-4,0.75,5,-1.5
55,4,-4,0.75,5,-2
33,4,-4,1.25,1,-0.5
22,4,-4,1.25,1,-1
120,4,-4,1.25,1,-1.5
31,4,-4,1.25,1,-2
16,4,-4,1.25,2,-0.5
39,4,-4,1.25,2,-1
17,4,-4,1.25,2,-1.5
21,4,-4,1.25,2,-2
235,4,-4,1.25,3,-0.5
34,4,-4,1.25,3,-1
27,4,-4,1.25,3,-1.5
18,4,-4,1.25,3,-2
22,4,-4,1.25,4,-0.5
39,4,-4,1.25,4,-1
205,4,-4,1.25,4,-1.5
19,4,-4,1.25,4,-2
36,4,-4,1.25,5,-0.5
45,4,-4,1.25,5,-1
23,4,-4,1.25,5,-1.5
14,4,-4,1.25,5,-2
42,4,-4,1.75,1,-0.5
35,4,-4,1.75,1,-1
24,4,-4,1.75,1,-1.5
20,4,-4,1.75,1,-2
28,4,-4,1.75,2,-0.5
20,4,-4,1.75,2,-1
31,4,-4,1.75,2,-1.5
17,4,-4,1.75,2,-2
209,4,-4,1.75,3,-0.5
20,4,-4,1.75,3,-1
35,4,-4,1.75,3,-1.5
46,4,-4,1.75,3,-2
21,4,-4,1.75,4,-0.5
32,4,-4,1.75,4,-1
23,4,-4,1.75,4,-1.5
34,4,-4,1.75,4,-2
46,4,-4,1.75,5,-0.5
33,4,-4,1.75,5,-1
24,4,-4,1.75,5,-1.5
18,4,-4,1.75,5,-2
128,4,-5,0.25,1,-0.5
109,4,-5,0.25,1,-1
59,4,-5,0.25,1,-1.5
56,4,-5,0.25,1,-2
362,4,-5,0.25,2,-0.5
180,4,-5,0.25,2,-1
224,4,-5,0.25,2,-1.5
108,4,-5,0.25,2,-2
342,4,-5,0.25,3,-0.5
280,4,-5,0.25,3,-1
224,4,-5,0.25,3,-1.5
221,4,-5,0.25,3,-2
339,4,-5,0.25,4,-0.5
297,4,-5,0.25,4,-1
224,4,-5,0.25,4,-1.5
54,4,-5,0.25,4,-2
86,4,-5,0.25,5,-0.5
53,4,-5,0.25,5,-1
74,4,-5,0.25,5,-1.5
182,4,-5,0.25,5,-2
84,4,-5,0.75,1,-0.5
126,4,-5,0.75,1,-1
66,4,-5,0.75,1,-1.5
280,4,-5,0.75,1,-2
462,4,-5,0.75,2,-0.5
59,4,-5,0.75,2,-1
42,4,-5,0.75,2,-1.5
79,4,-5,0.75,2,-2
50,4,-5,0.75,3,-0.5
69,4,-5,0.75,3,-1
47,4,-5,0.75,3,-1.5
28,4,-5,0.75,3,-2
58,4,-5,0.75,4,-0.5
50,4,-5,0.75,4,-1
68,4,-5,0.75,4,-1.5
71,4,-5,0.75,4,-2
41,4,-5,0.75,5,-0.5
35,4,-5,0.75,5,-1
456,4,-5,0.75,5,-1.5
35,4,-5,0.75,5,-2
34,4,-5,1.25,1,-0.5
146,4,-5,1.25,1,-1
25,4,-5,1.25,1,-1.5
69,4,-5,1.25,1,-2
26,4,-5,1.25,2,-0.5
67,4,-5,1.25,2,-1
35,4,-5,1.25,2,-1.5
27,4,-5,1.25,2,-2
85,4,-5,1.25,3,-0.5
42,4,-5,1.25,3,-1
25,4,-5,1.25,3,-1.5
20,4,-5,1.25,3,-2
66,4,-5,1.25,4,-0.5
35,4,-5,1.25,4,-1
21,4,-5,1.25,4,-1.5
20,4,-5,1.25,4,-2
24,4,-5,1.25,5,-0.5
31,4,-5,1.25,5,-1
27,4,-5,1.25,5,-1.5
22,4,-5,1.25,5,-2
48,4,-5,1.75,1,-0.5
22,4,-5,1.75,1,-1
14,4,-5,1.75,1,-1.5
22,4,-5,1.75,1,-2
31,4,-5,1.75,2,-0.5
20,4,-5,1.75,2,-1
31,4,-5,1.75,2,-1.5
21,4,-5,1.75,2,-2
32,4,-5,1.75,3,-0.5
29,4,-5,1.75,3,-1
15,4,-5,1.75,3,-1.5
23,4,-5,1.75,3,-2
48,4,-5,1.75,4,-0.5
256,4,-5,1.75,4,-1
18,4,-5,1.75,4,-1.5
15,4,-5,1.75,4,-2
31,4,-5,1.75,5,-0.5
40,4,-5,1.75,5,-1
25,4,-5,1.75,5,-1.5
26,4,-5,1.75,5,-2
157,5,-1,0.25,1,-0.5
131,5,-1,0.25,1,-1
94,5,-1,0.25,1,-1.5
106,5,-1,0.25,1,-2
187,5,-1,0.25,2,-0.5
157,5,-1,0.25,2,-1
99,5,-1,0.25,2,-1.5
60,5,-1,0.25,2,-2
143,5,-1,0.25,3,-0.5
124,5,-1,0.25,3,-1
101,5,-1,0.25,3,-1.5
79,5,-1,0.25,3,-2
155,5,-1,0.25,4,-0.5
195,5,-1,0.25,4,-1
75,5,-1,0.25,4,-1.5
84,5,-1,0.25,4,-2
112,5,-1,0.25,5,-0.5
122,5,-1,0.25,5,-1
113,5,-1,0.25,5,-1.5
61,5,-1,0.25,5,-2
135,5,-1,0.75,1,-0.5
101,5,-1,0.75,1,-1
94,5,-1,0.75,1,-1.5
75,5,-1,0.75,1,-2
131,5,-1,0.75,2,-0.5
128,5,-1,0.75,2,-1
60,5,-1,0.75,2,-1.5
46,5,-1,0.75,2,-2
121,5,-1,0.75,3,-0.5
105,5,-1,0.75,3,-1
64,5,-1,0.75,3,-1.5
40,5,-1,0.75,3,-2
103,5,-1,0.75,4,-0.5
52,5,-1,0.75,4,-1
58,5,-1,0.75,4,-1.5
47,5,-1,0.75,4,-2
117,5,-1,0.75,5,-0.5
79,5,-1,0.75,5,-1
55,5,-1,0.75,5,-1.5
49,5,-1,0.75,5,-2
131,5,-1,1.25,1,-0.5
60,5,-1,1.25,1,-1
103,5,-1,1.25,1,-1.5
59,5,-1,1.25,1,-2
123,5,-1,1.25,2,-0.5
70,5,-1,1.25,2,-1
55,5,-1,1.25,2,-1.5
52,5,-1,1.25,2,-2
102,5,-1,1.25,3,-0.5
98,5,-1,1.25,3,-1
77,5,-1,1.25,3,-1.5
70,5,-1,1.25,3,-2
107,5,-1,1.25,4,-0.5
95,5,-1,1.25,4,-1
61,5,-1,1.25,4,-1.5
46,5,-1,1.25,4,-2
97,5,-1,1.25,5,-0.5
107,5,-1,1.25,5,-1
54,5,-1,1.25,5,-1.5
47,5,-1,1.25,5,-2
133,5,-1,1.75,1,-0.5
91,5,-1,1.75,1,-1
67,5,-1,1.75,1,-1.5
65,5,-1,1.75,1,-2
118,5,-1,1.75,2,-0.5
74,5,-1,1.75,2,-1
71,5,-1,1.75,2,-1.5
74,5,-1,1.75,2,-2
57,5,-1,1.75,3,-0.5
70,5,-1,1.75,3,-1
52,5,-1,1.75,3,-1.5
41,5,-1,1.75,3,-2
93,5,-1,1.75,4,-0.5
84,5,-1,1.75,4,-1
69,5,-1,1.75,4,-1.5
56,5,-1,1.75,4,-2
95,5,-1,1.75,5,-0.5
75,5,-1,1.75,5,-1
63,5,-1,1.75,5,-1.5
64,5,-1,1.75,5,-2
182,5,-2,0.25,1,-0.5
446,5,-2,0.25,1,-1
95,5,-2,0.25,1,-1.5
59,5,-2,0.25,1,-2
204,5,-2,0.25,2,-0.5
152,5,-2,0.25,2,-1
56,5,-2,0.25,2,-1.5
82,5,-2,0.25,2,-2
161,5,-2,0.25,3,-0.5
47,5,-2,0.25,3,-1
181,5,-2,0.25,3,-1.5
139,5,-2,0.25,3,-2
368,5,-2,0.25,4,-0.5
96,5,-2,0.25,4,-1
63,5,-2,0.25,4,-1.5
59,5,-2,0.25,4,-2
146,5,-2,0.25,5,-0.5
460,5,-2,0.25,5,-1
57,5,-2,0.25,5,-1.5
81,5,-2,0.25,5,-2
128,5,-2,0.75,1,-0.5
87,5,-2,0.75,1,-1
38,5,-2,0.75,1,-1.5
29,5,-2,0.75,1,-2
115,5,-2,0.75,2,-0.5
99,5,-2,0.75,2,-1
28,5,-2,0.75,2,-1.5
71,5,-2,0.75,2,-2
85,5,-2,0.75,3,-0.5
64,5,-2,0.75,3,-1
41,5,-2,0.75,3,-1.5
85,5,-2,0.75,3,-2
70,5,-2,0.75,4,-0.5
50,5,-2,0.75,4,-1
71,5,-2,0.75,4,-1.5
36,5,-2,0.75,4,-2
73,5,-2,0.75,5,-0.5
79,5,-2,0.75,5,-1
57,5,-2,0.75,5,-1.5
44,5,-2,0.75,5,-2
84,5,-2,1.25,1,-0.5
58,5,-2,1.25,1,-1
57,5,-2,1.25,1,-1.5
57,5,-2,1.25,1,-2
59,5,-2,1.25,2,-0.5
94,5,-2,1.25,2,-1
46,5,-2,1.25,2,-1.5
37,5,-2,1.25,2,-2
54,5,-2,1.25,3,-0.5
56,5,-2,1.25,3,-1
40,5,-2,1.25,3,-1.5
20,5,-2,1.25,3,-2
52,5,-2,1.25,4,-0.5
72,5,-2,1.25,4,-1
24,5,-2,1.25,4,-1.5
42,5,-2,1.25,4,-2
49,5,-2,1.25,5,-0.5
47,5,-2,1.25,5,-1
46,5,-2,1.25,5,-1.5
28,5,-2,1.25,5,-2
97,5,-2,1.75,1,-0.5
44,5,-2,1.75,1,-1
54,5,-2,1.75,1,-1.5
38,5,-2,1.75,1,-2
101,5,-2,1.75,2,-0.5
66,5,-2,1.75,2,-1
19,5,-2,1.75,2,-1.5
38,5,-2,1.75,2,-2
73,5,-2,1.75,3,-0.5
62,5,-2,1.75,3,-1
47,5,-2,1.75,3,-1.5
40,5,-2,1.75,3,-2
85,5,-2,1.75,4,-0.5
65,5,-2,1.75,4,-1
66,5,-2,1.75,4,-1.5
38,5,-2,1.75,4,-2
54,5,-2,1.75,5,-0.5
38,5,-2,1.75,5,-1
47,5,-2,1.75,5,-1.5
24,5,-2,1.75,5,-2
236,5,-3,0.25,1,-0.5
139,5,-3,0.25,1,-1
88,5,-3,0.25,1,-1.5
99,5,-3,0.25,1,-2
149,5,-3,0.25,2,-0.5
98,5,-3,0.25,2,-1
79,5,-3,0.25,2,-1.5
94,5,-3,0.25,2,-2
84,5,-3,0.25,3,-0.5
94,5,-3,0.25,3,-1
53,5,-3,0.25,3,-1.5
33,5,-3,0.25,3,-2
255,5,-3,0.25,4,-0.5
65,5,-3,0.25,4,-1
204,5,-3,0.25,4,-1.5
201,5,-3,0.25,4,-2
165,5,-3,0.25,5,-0.5
86,5,-3,0.25,5,-1
53,5,-3,0.25,5,-1.5
48,5,-3,0.25,5,-2
63,5,-3,0.75,1,-0.5
53,5,-3,0.75,1,-1
75,5,-3,0.75,1,-1.5
70,5,-3,0.75,1,-2
85,5,-3,0.75,2,-0.5
53,5,-3,0.75,2,-1
41,5,-3,0.75,2,-1.5
58,5,-3,0.75,2,-2
137,5,-3,0.75,3,-0.5
107,5,-3,0.75,3,-1
49,5,-3,0.75,3,-1.5
50,5,-3,0.75,3,-2
61,5,-3,0.75,4,-0.5
63,5,-3,0.75,4,-1
43,5,-3,0.75,4,-1.5
76,5,-3,0.75,4,-2
89,5,-3,0.75,5,-0.5
49,5,-3,0.75,5,-1
44,5,-3,0.75,5,-1.5
290,5,-3,0.75,5,-2
61,5,-3,1.25,1,-0.5
59,5,-3,1.25,1,-1
81,5,-3,1.25,1,-1.5
45,5,-3,1.25,1,-2
74,5,-3,1.25,2,-0.5
61,5,-3,1.25,2,-1
96,5,-3,1.25,2,-1.5
32,5,-3,1.25,2,-2
33,5,-3,1.25,3,-0.5
28,5,-3,1.25,3,-1
38,5,-3,1.25,3,-1.5
34,5,-3,1.25,3,-2
31,5,-3,1.25,4,-0.5
57,5,-3,1.25,4,-1
25,5,-3,1.25,4,-1.5
32,5,-3,1.25,4,-2
49,5,-3,1.25,5,-0.5
35,5,-3,1.25,5,-1
32,5,-3,1.25,5,-1.5
41,5,-3,1.25,5,-2
54,5,-3,1.75,1,-0.5
40,5,-3,1.75,1,-1
60,5,-3,1.75,1,-1.5
22,5,-3,1.75,1,-2
53,5,-3,1.75,2,-0.5
41,5,-3,1.75,2,-1
36,5,-3,1.75,2,-1.5
26,5,-3,1.75,2,-2
42,5,-3,1.75,3,-0.5
35,5,-3,1.75,3,-1
24,5,-3,1.75,3,-1.5
40,5,-3,1.75,3,-2
53,5,-3,1.75,4,-0.5
54,5,-3,1.75,4,-1
22,5,-3,1.75,4,-1.5
41,5,-3,1.75,4,-2
44,5,-3,1.75,5,-0.5
38,5,-3,1.75,5,-1
48,5,-3,1.75,5,-1.5
39,5,-3,1.75,5,-2
216,5,-4,0.25,1,-0.5
226,5,-4,0.25,1,-1
238,5,-4,0.25,1,-1.5
39,5,-4,0.25,1,-2
135,5,-4,0.25,2,-0.5
312,5,-4,0.25,2,-1
262,5,-4,0.25,2,-1.5
59,5,-4,0.25,2,-2
201,5,-4,0.25,3,-0.5
121,5,-4,0.25,3,-1
42,5,-4,0.25,3,-1.5
178,5,-4,0.25,3,-2
180,5,-4,0.25,4,-0.5
191,5,-4,0.25,4,-1
31,5,-4,0.25,4,-1.5
303,5,-4,0.25,4,-2
115,5,-4,0.25,5,-0.5
170,5,-4,0.25,5,-1
43,5,-4,0.25,5,-1.5
86,5,-4,0.25,5,-2
78,5,-4,0.75,1,-0.5
86,5,-4,0.75,1,-1
59,5,-4,0.75,1,-1.5
49,5,-4,0.75,1,-2
79,5,-4,0.75,2,-0.5
117,5,-4,0.75,2,-1
81,5,-4,0.75,2,-1.5
44,5,-4,0.75,2,-2
55,5,-4,0.75,3,-0.5
39,5,-4,0.75,3,-1
25,5,-4,0.75,3,-1.5
88,5,-4,0.75,3,-2
104,5,-4,0.75,4,-0.5
36,5,-4,0.75,4,-1
73,5,-4,0.75,4,-1.5
17,5,-4,0.75,4,-2
61,5,-4,0.75,5,-0.5
233,5,-4,0.75,5,-1
26,5,-4,0.75,5,-1.5
35,5,-4,0.75,5,-2
55,5,-4,1.25,1,-0.5
34,5,-4,1.25,1,-1
32,5,-4,1.25,1,-1.5
44,5,-4,1.25,1,-2
57,5,-4,1.25,2,-0.5
42,5,-4,1.25,2,-1
37,5,-4,1.25,2,-1.5
40,5,-4,1.25,2,-2
575,5,-4,1.25,3,-0.5
31,5,-4,1.25,3,-1
126,5,-4,1.25,3,-1.5
39,5,-4,1.25,3,-2
37,5,-4,1.25,4,-0.5
25,5,-4,1.25,4,-1
31,5,-4,1.25,4,-1.5
19,5,-4,1.25,4,-2
26,5,-4,1.25,5,-0.5
18,5,-4,1.25,5,-1
71,5,-4,1.25,5,-1.5
20,5,-4,1.25,5,-2
52,5,-4,1.75,1,-0.5
43,5,-4,1.75,1,-1
33,5,-4,1.75,1,-1.5
31,5,-4,1.75,1,-2
39,5,-4,1.75,2,-0.5
39,5,-4,1.75,2,-1
25,5,-4,1.75,2,-1.5
42,5,-4,1.75,2,-2
28,5,-4,1.75,3,-0.5
30,5,-4,1.75,3,-1
20,5,-4,1.75,3,-1.5
22,5,-4,1.75,3,-2
37,5,-4,1.75,4,-0.5
34,5,-4,1.75,4,-1
40,5,-4,1.75,4,-1.5
32,5,-4,1.75,4,-2
40,5,-4,1.75,5,-0.5
40,5,-4,1.75,5,-1
31,5,-4,1.75,5,-1.5
22,5,-4,1.75,5,-2
376,5,-5,0.25,1,-0.5
432,5,-5,0.25,1,-1
51,5,-5,0.25,1,-1.5
55,5,-5,0.25,1,-2
86,5,-5,0.25,2,-0.5
277,5,-5,0.25,2,-1
109,5,-5,0.25,2,-1.5
43,5,-5,0.25,2,-2
319,5,-5,0.25,3,-0.5
95,5,-5,0.25,3,-1
43,5,-5,0.25,3,-1.5
321,5,-5,0.25,3,-2
56,5,-5,0.25,4,-0.5
115,5,-5,0.25,4,-1
58,5,-5,0.25,4,-1.5
321,5,-5,0.25,4,-2
69,5,-5,0.25,5,-0.5
123,5,-5,0.25,5,-1
80,5,-5,0.25,5,-1.5
321,5,-5,0.25,5,-2
347,5,-5,0.75,1,-0.5
156,5,-5,0.75,1,-1
95,5,-5,0.75,1,-1.5
51,5,-5,0.75,1,-2
96,5,-5,0.75,2,-0.5
70,5,-5,0.75,2,-1
352,5,-5,0.75,2,-1.5
244,5,-5,0.75,2,-2
46,5,-5,0.75,3,-0.5
41,5,-5,0.75,3,-1
59,5,-5,0.75,3,-1.5
26,5,-5,0.75,3,-2
72,5,-5,0.75,4,-0.5
23,5,-5,0.75,4,-1
63,5,-5,0.75,4,-1.5
22,5,-5,0.75,4,-2
66,5,-5,0.75,5,-0.5
30,5,-5,0.75,5,-1
27,5,-5,0.75,5,-1.5
28,5,-5,0.75,5,-2
31,5,-5,1.25,1,-0.5
30,5,-5,1.25,1,-1
68,5,-5,1.25,1,-1.5
34,5,-5,1.25,1,-2
40,5,-5,1.25,2,-0.5
44,5,-5,1.25,2,-1
21,5,-5,1.25,2,-1.5
17,5,-5,1.25,2,-2
566,5,-5,1.25,3,-0.5
48,5,-5,1.25,3,-1
47,5,-5,1.25,3,-1.5
21,5,-5,1.25,3,-2
663,5,-5,1.25,4,-0.5
37,5,-5,1.25,4,-1
191,5,-5,1.25,4,-1.5
53,5,-5,1.25,4,-2
55,5,-5,1.25,5,-0.5
42,5,-5,1.25,5,-1
103,5,-5,1.25,5,-1.5
58,5,-5,1.25,5,-2
74,5,-5,1.75,1,-0.5
33,5,-5,1.75,1,-1
67,5,-5,1.75,1,-1.5
24,5,-5,1.75,1,-2
39,5,-5,1.75,2,-0.5
68,5,-5,1.75,2,-1
35,5,-5,1.75,2,-1.5
23,5,-5,1.75,2,-2
49,5,-5,1.75,3,-0.5
24,5,-5,1.75,3,-1
18,5,-5,1.75,3,-1.5
31,5,-5,1.75,3,-2
66,5,-5,1.75,4,-0.5
43,5,-5,1.75,4,-1
27,5,-5,1.75,4,-1.5
46,5,-5,1.75,4,-2
37,5,-5,1.75,5,-0.5
28,5,-5,1.75,5,-1
31,5,-5,1.75,5,-1.5
27,5,-5,1.75,5,-2
