35,1,-1,0.25,1,-0.5
21,1,-1,0.25,1,-1
27,1,-1,0.25,1,-1.5
34,1,-1,0.25,1,-2
40,1,-1,0.25,2,-0.5
35,1,-1,0.25,2,-1
40,1,-1,0.25,2,-1.5
62,1,-1,0.25,2,-2
27,1,-1,0.25,3,-0.5
44,1,-1,0.25,3,-1
35,1,-1,0.25,3,-1.5
58,1,-1,0.25,3,-2
74,1,-1,0.25,4,-0.5
50,1,-1,0.25,4,-1
22,1,-1,0.25,4,-1.5
415,1,-1,0.25,4,-2
66,1,-1,0.25,5,-0.5
63,1,-1,0.25,5,-1
39,1,-1,0.25,5,-1.5
70,1,-1,0.25,5,-2
40,1,-1,0.75,1,-0.5
32,1,-1,0.75,1,-1
52,1,-1,0.75,1,-1.5
48,1,-1,0.75,1,-2
63,1,-1,0.75,2,-0.5
46,1,-1,0.75,2,-1
36,1,-1,0.75,2,-1.5
56,1,-1,0.75,2,-2
22,1,-1,0.75,3,-0.5
34,1,-1,0.75,3,-1
23,1,-1,0.75,3,-1.5
59,1,-1,0.75,3,-2
73,1,-1,0.75,4,-0.5
43,1,-1,0.75,4,-1
37,1,-1,0.75,4,-1.5
60,1,-1,0.75,4,-2
59,1,-1,0.75,5,-0.5
59,1,-1,0.75,5,-1
35,1,-1,0.75,5,-1.5
77,1,-1,0.75,5,-2
118,1,-1,1.25,1,-0.5
59,1,-1,1.25,1,-1
72,1,-1,1.25,1,-1.5
79,1,-1,1.25,1,-2
116,1,-1,1.25,2,-0.5
96,1,-1,1.25,2,-1
67,1,-1,1.25,2,-1.5
104,1,-1,1.25,2,-2
77,1,-1,1.25,3,-0.5
95,1,-1,1.25,3,-1
100,1,-1,1.25,3,-1.5
90,1,-1,1.25,3,-2
114,1,-1,1.25,4,-0.5
122,1,-1,1.25,4,-1
79,1,-1,1.25,4,-1.5
105,1,-1,1.25,4,-2
118,1,-1,1.25,5,-0.5
97,1,-1,1.25,5,-1
90,1,-1,1.25,5,-1.5
94,1,-1,1.25,5,-2
170,1,-1,1.75,1,-0.5
125,1,-1,1.75,1,-1
123,1,-1,1.75,1,-1.5
135,1,-1,1.75,1,-2
149,1,-1,1.75,2,-0.5
113,1,-1,1.75,2,-1
100,1,-1,1.75,2,-1.5
119,1,-1,1.75,2,-2
125,1,-1,1.75,3,-0.5
145,1,-1,1.75,3,-1
100,1,-1,1.75,3,-1.5
109,1,-1,1.75,3,-2
148,1,-1,1.75,4,-0.5
106,1,-1,1.75,4,-1
129,1,-1,1.75,4,-1.5
112,1,-1,1.75,4,-2
131,1,-1,1.75,5,-0.5
127,1,-1,1.75,5,-1
126,1,-1,1.75,5,-1.5
96,1,-1,1.75,5,-2
91,1,-2,0.25,1,-0.5
64,1,-2,0.25,1,-1
166,1,-2,0.25,1,-1.5
44,1,-2,0.25,1,-2
98,1,-2,0.25,2,-0.5
35,1,-2,0.25,2,-1
103,1,-2,0.25,2,-1.5
53,1,-2,0.25,2,-2
207,1,-2,0.25,3,-0.5
58,1,-2,0.25,3,-1
73,1,-2,0.25,3,-1.5
25,1,-2,0.25,3,-2
173,1,-2,0.25,4,-0.5
45,1,-2,0.25,4,-1
55,1,-2,0.25,4,-1.5
42,1,-2,0.25,4,-2
70,1,-2,0.25,5,-0.5
117,1,-2,0.25,5,-1
260,1,-2,0.25,5,-1.5
84,1,-2,0.25,5,-2
121,1,-2,0.75,1,-0.5
36,1,-2,0.75,1,-1
38,1,-2,0.75,1,-1.5
23,1,-2,0.75,1,-2
42,1,-2,0.75,2,-0.5
17,1,-2,0.75,2,-1
23,1,-2,0.75,2,-1.5
23,1,-2,0.75,2,-2
28,1,-2,0.75,3,-0.5
19,1,-2,0.75,3,-1
32,1,-2,0.75,3,-1.5
35,1,-2,0.75,3,-2
25,1,-2,0.75,4,-0.5
30,1,-2,0.75,4,-1
30,1,-2,0.75,4,-1.5
22,1,-2,0.75,4,-2
32,1,-2,0.75,5,-0.5
39,1,-2,0.75,5,-1
34,1,-2,0.75,5,-1.5
100,1,-2,0.75,5,-2
81,1,-2,1.25,1,-0.5
65,1,-2,1.25,1,-1
65,1,-2,1.25,1,-1.5
58,1,-2,1.25,1,-2
50,1,-2,1.25,2,-0.5
35,1,-2,1.25,2,-1
44,1,-2,1.25,2,-1.5
45,1,-2,1.25,2,-2
82,1,-2,1.25,3,-0.5
78,1,-2,1.25,3,-1
26,1,-2,1.25,3,-1.5
62,1,-2,1.25,3,-2
40,1,-2,1.25,4,-0.5
31,1,-2,1.25,4,-1
43,1,-2,1.25,4,-1.5
58,1,-2,1.25,4,-2
55,1,-2,1.25,5,-0.5
60,1,-2,1.25,5,-1
27,1,-2,1.25,5,-1.5
63,1,-2,1.25,5,-2
127,1,-2,1.75,1,-0.5
87,1,-2,1.75,1,-1
98,1,-2,1.75,1,-1.5
89,1,-2,1.75,1,-2
120,1,-2,1.75,2,-0.5
100,1,-2,1.75,2,-1
97,1,-2,1.75,2,-1.5
78,1,-2,1.75,2,-2
90,1,-2,1.75,3,-0.5
87,1,-2,1.75,3,-1
60,1,-2,1.75,3,-1.5
64,1,-2,1.75,3,-2
112,1,-2,1.75,4,-0.5
86,1,-2,1.75,4,-1
98,1,-2,1.75,4,-1.5
60,1,-2,1.75,4,-2
112,1,-2,1.75,5,-0.5
63,1,-2,1.75,5,-1
73,1,-2,1.75,5,-1.5
81,1,-2,1.75,5,-2
214,1,-3,0.25,1,-0.5
43,1,-3,0.25,1,-1
307,1,-3,0.25,1,-1.5
42,1,-3,0.25,1,-2
222,1,-3,0.25,2,-0.5
463,1,-3,0.25,2,-1
399,1,-3,0.25,2,-1.5
184,1,-3,0.25,2,-2
25,1,-3,0.25,3,-0.5
220,1,-3,0.25,3,-1
234,1,-3,0.25,3,-1.5
192,1,-3,0.25,3,-2
53,1,-3,0.25,4,-0.5
188,1,-3,0.25,4,-1
68,1,-3,0.25,4,-1.5
73,1,-3,0.25,4,-2
370,1,-3,0.25,5,-0.5
32,1,-3,0.25,5,-1
105,1,-3,0.25,5,-1.5
26,1,-3,0.25,5,-2
18,1,-3,0.75,1,-0.5
39,1,-3,0.75,1,-1
25,1,-3,0.75,1,-1.5
14,1,-3,0.75,1,-2
135,1,-3,0.75,2,-0.5
25,1,-3,0.75,2,-1
27,1,-3,0.75,2,-1.5
25,1,-3,0.75,2,-2
19,1,-3,0.75,3,-0.5
26,1,-3,0.75,3,-1
14,1,-3,0.75,3,-1.5
52,1,-3,0.75,3,-2
439,1,-3,0.75,4,-0.5
31,1,-3,0.75,4,-1
20,1,-3,0.75,4,-1.5
32,1,-3,0.75,4,-2
293,1,-3,0.75,5,-0.5
36,1,-3,0.75,5,-1
15,1,-3,0.75,5,-1.5
37,1,-3,0.75,5,-2
60,1,-3,1.25,1,-0.5
47,1,-3,1.25,1,-1
59,1,-3,1.25,1,-1.5
25,1,-3,1.25,1,-2
52,1,-3,1.25,2,-0.5
29,1,-3,1.25,2,-1
21,1,-3,1.25,2,-1.5
34,1,-3,1.25,2,-2
65,1,-3,1.25,3,-0.5
27,1,-3,1.25,3,-1
21,1,-3,1.25,3,-1.5
64,1,-3,1.25,3,-2
44,1,-3,1.25,4,-0.5
39,1,-3,1.25,4,-1
30,1,-3,1.25,4,-1.5
40,1,-3,1.25,4,-2
23,1,-3,1.25,5,-0.5
19,1,-3,1.25,5,-1
18,1,-3,1.25,5,-1.5
29,1,-3,1.25,5,-2
84,1,-3,1.75,1,-0.5
53,1,-3,1.75,1,-1
44,1,-3,1.75,1,-1.5
60,1,-3,1.75,1,-2
75,1,-3,1.75,2,-0.5
76,1,-3,1.75,2,-1
48,1,-3,1.75,2,-1.5
66,1,-3,1.75,2,-2
61,1,-3,1.75,3,-0.5
54,1,-3,1.75,3,-1
38,1,-3,1.75,3,-1.5
74,1,-3,1.75,3,-2
63,1,-3,1.75,4,-0.5
62,1,-3,1.75,4,-1
35,1,-3,1.75,4,-1.5
61,1,-3,1.75,4,-2
50,1,-3,1.75,5,-0.5
76,1,-3,1.75,5,-1
45,1,-3,1.75,5,-1.5
47,1,-3,1.75,5,-2
224,1,-4,0.25,1,-0.5
220,1,-4,0.25,1,-1
115,1,-4,0.25,1,-1.5
116,1,-4,0.25,1,-2
88,1,-4,0.25,2,-0.5
135,1,-4,0.25,2,-1
151,1,-4,0.25,2,-1.5
51,1,-4,0.25,2,-2
250,1,-4,0.25,3,-0.5
213,1,-4,0.25,3,-1
145,1,-4,0.25,3,-1.5
27,1,-4,0.25,3,-2
59,1,-4,0.25,4,-0.5
489,1,-4,0.25,4,-1
274,1,-4,0.25,4,-1.5
80,1,-4,0.25,4,-2
299,1,-4,0.25,5,-0.5
172,1,-4,0.25,5,-1
29,1,-4,0.25,5,-1.5
250,1,-4,0.25,5,-2
32,1,-4,0.75,1,-0.5
67,1,-4,0.75,1,-1
37,1,-4,0.75,1,-1.5
136,1,-4,0.75,1,-2
19,1,-4,0.75,2,-0.5
48,1,-4,0.75,2,-1
26,1,-4,0.75,2,-1.5
69,1,-4,0.75,2,-2
29,1,-4,0.75,3,-0.5
178,1,-4,0.75,3,-1
132,1,-4,0.75,3,-1.5
542,1,-4,0.75,3,-2
194,1,-4,0.75,4,-0.5
55,1,-4,0.75,4,-1
34,1,-4,0.75,4,-1.5
16,1,-4,0.75,4,-2
21,1,-4,0.75,5,-0.5
194,1,-4,0.75,5,-1
19,1,-4,0.75,5,-1.5
106,1,-4,0.75,5,-2
30,1,-4,1.25,1,-0.5
30,1,-4,1.25,1,-1
25,1,-4,1.25,1,-1.5
52,1,-4,1.25,1,-2
18,1,-4,1.25,2,-0.5
202,1,-4,1.25,2,-1
112,1,-4,1.25,2,-1.5
25,1,-4,1.25,2,-2
29,1,-4,1.25,3,-0.5
36,1,-4,1.25,3,-1
16,1,-4,1.25,3,-1.5
27,1,-4,1.25,3,-2
36,1,-4,1.25,4,-0.5
36,1,-4,1.25,4,-1
18,1,-4,1.25,4,-1.5
56,1,-4,1.25,4,-2
72,1,-4,1.25,5,-0.5
52,1,-4,1.25,5,-1
41,1,-4,1.25,5,-1.5
28,1,-4,1.25,5,-2
61,1,-4,1.75,1,-0.5
50,1,-4,1.75,1,-1
40,1,-4,1.75,1,-1.5
25,1,-4,1.75,1,-2
75,1,-4,1.75,2,-0.5
46,1,-4,1.75,2,-1
26,1,-4,1.75,2,-1.5
20,1,-4,1.75,2,-2
81,1,-4,1.75,3,-0.5
53,1,-4,1.75,3,-1
32,1,-4,1.75,3,-1.5
41,1,-4,1.75,3,-2
47,1,-4,1.75,4,-0.5
26,1,-4,1.75,4,-1
23,1,-4,1.75,4,-1.5
45,1,-4,1.75,4,-2
63,1,-4,1.75,5,-0.5
49,1,-4,1.75,5,-1
48,1,-4,1.75,5,-1.5
41,1,-4,1.75,5,-2
187,1,-5,0.25,1,-0.5
161,1,-5,0.25,1,-1
64,1,-5,0.25,1,-1.5
46,1,-5,0.25,1,-2
430,1,-5,0.25,2,-0.5
196,1,-5,0.25,2,-1
32,1,-5,0.25,2,-1.5
196,1,-5,0.25,2,-2
242,1,-5,0.25,3,-0.5
293,1,-5,0.25,3,-1
77,1,-5,0.25,3,-1.5
187,1,-5,0.25,3,-2
151,1,-5,0.25,4,-0.5
236,1,-5,0.25,4,-1
116,1,-5,0.25,4,-1.5
343,1,-5,0.25,4,-2
64,1,-5,0.25,5,-0.5
191,1,-5,0.25,5,-1
225,1,-5,0.25,5,-1.5
160,1,-5,0.25,5,-2
31,1,-5,0.75,1,-0.5
35,1,-5,0.75,1,-1
187,1,-5,0.75,1,-1.5
60,1,-5,0.75,1,-2
79,1,-5,0.75,2,-0.5
189,1,-5,0.75,2,-1
20,1,-5,0.75,2,-1.5
183,1,-5,0.75,2,-2
122,1,-5,0.75,3,-0.5
123,1,-5,0.75,3,-1
78,1,-5,0.75,3,-1.5
22,1,-5,0.75,3,-2
32,1,-5,0.75,4,-0.5
160,1,-5,0.75,4,-1
48,1,-5,0.75,4,-1.5
43,1,-5,0.75,4,-2
39,1,-5,0.75,5,-0.5
160,1,-5,0.75,5,-1
36,1,-5,0.75,5,-1.5
20,1,-5,0.75,5,-2
57,1,-5,1.25,1,-0.5
38,1,-5,1.25,1,-1
30,1,-5,1.25,1,-1.5
39,1,-5,1.25,1,-2
42,1,-5,1.25,2,-0.5
64,1,-5,1.25,2,-1
29,1,-5,1.25,2,-1.5
24,1,-5,1.25,2,-2
71,1,-5,1.25,3,-0.5
36,1,-5,1.25,3,-1
19,1,-5,1.25,3,-1.5
30,1,-5,1.25,3,-2
35,1,-5,1.25,4,-0.5
17,1,-5,1.25,4,-1
57,1,-5,1.25,4,-1.5
70,1,-5,1.25,4,-2
25,1,-5,1.25,5,-0.5
23,1,-5,1.25,5,-1
20,1,-5,1.25,5,-1.5
22,1,-5,1.25,5,-2
47,1,-5,1.75,1,-0.5
22,1,-5,1.75,1,-1
48,1,-5,1.75,1,-1.5
68,1,-5,1.75,1,-2
38,1,-5,1.75,2,-0.5
57,1,-5,1.75,2,-1
49,1,-5,1.75,2,-1.5
28,1,-5,1.75,2,-2
72,1,-5,1.75,3,-0.5
44,1,-5,1.75,3,-1
66,1,-5,1.75,3,-1.5
35,1,-5,1.75,3,-2
44,1,-5,1.75,4,-0.5
48,1,-5,1.75,4,-1
19,1,-5,1.75,4,-1.5
25,1,-5,1.75,4,-2
37,1,-5,1.75,5,-0.5
34,1,-5,1.75,5,-1
19,1,-5,1.75,5,-1.5
34,1,-5,1.75,5,-2
131,2,-1,0.25,1,-0.5
37,2,-1,0.25,1,-1
82,2,-1,0.25,1,-1.5
62,2,-1,0.25,1,-2
87,2,-1,0.25,2,-0.5
49,2,-1,0.25,2,-1
16,2,-1,0.25,2,-1.5
32,2,-1,0.25,2,-2
56,2,-1,0.25,3,-0.5
83,2,-1,0.25,3,-1
62,2,-1,0.25,3,-1.5
53,2,-1,0.25,3,-2
223,2,-1,0.25,4,-0.5
51,2,-1,0.25,4,-1
38,2,-1,0.25,4,-1.5
68,2,-1,0.25,4,-2
111,2,-1,0.25,5,-0.5
52,2,-1,0.25,5,-1
55,2,-1,0.25,5,-1.5
73,2,-1,0.25,5,-2
61,2,-1,0.75,1,-0.5
34,2,-1,0.75,1,-1
39,2,-1,0.75,1,-1.5
44,2,-1,0.75,1,-2
48,2,-1,0.75,2,-0.5
135,2,-1,0.75,2,-1
38,2,-1,0.75,2,-1.5
28,2,-1,0.75,2,-2
44,2,-1,0.75,3,-0.5
44,2,-1,0.75,3,-1
28,2,-1,0.75,3,-1.5
17,2,-1,0.75,3,-2
61,2,-1,0.75,4,-0.5
42,2,-1,0.75,4,-1
24,2,-1,0.75,4,-1.5
48,2,-1,0.75,4,-2
62,2,-1,0.75,5,-0.5
33,2,-1,0.75,5,-1
22,2,-1,0.75,5,-1.5
30,2,-1,0.75,5,-2
108,2,-1,1.25,1,-0.5
86,2,-1,1.25,1,-1
76,2,-1,1.25,1,-1.5
58,2,-1,1.25,1,-2
102,2,-1,1.25,2,-0.5
90,2,-1,1.25,2,-1
52,2,-1,1.25,2,-1.5
40,2,-1,1.25,2,-2
110,2,-1,1.25,3,-0.5
39,2,-1,1.25,3,-1
56,2,-1,1.25,3,-1.5
49,2,-1,1.25,3,-2
78,2,-1,1.25,4,-0.5
43,2,-1,1.25,4,-1
76,2,-1,1.25,4,-1.5
38,2,-1,1.25,4,-2
56,2,-1,1.25,5,-0.5
50,2,-1,1.25,5,-1
43,2,-1,1.25,5,-1.5
43,2,-1,1.25,5,-2
119,2,-1,1.75,1,-0.5
111,2,-1,1.75,1,-1
88,2,-1,1.75,1,-1.5
68,2,-1,1.75,1,-2
142,2,-1,1.75,2,-0.5
120,2,-1,1.75,2,-1
101,2,-1,1.75,2,-1.5
90,2,-1,1.75,2,-2
101,2,-1,1.75,3,-0.5
102,2,-1,1.75,3,-1
83,2,-1,1.75,3,-1.5
98,2,-1,1.75,3,-2
104,2,-1,1.75,4,-0.5
91,2,-1,1.75,4,-1
90,2,-1,1.75,4,-1.5
100,2,-1,1.75,4,-2
133,2,-1,1.75,5,-0.5
114,2,-1,1.75,5,-1
92,2,-1,1.75,5,-1.5
111,2,-1,1.75,5,-2
98,2,-2,0.25,1,-0.5
171,2,-2,0.25,1,-1
143,2,-2,0.25,1,-1.5
39,2,-2,0.25,1,-2
238,2,-2,0.25,2,-0.5
187,2,-2,0.25,2,-1
91,2,-2,0.25,2,-1.5
25,2,-2,0.25,2,-2
295,2,-2,0.25,3,-0.5
53,2,-2,0.25,3,-1
37,2,-2,0.25,3,-1.5
22,2,-2,0.25,3,-2
91,2,-2,0.25,4,-0.5
273,2,-2,0.25,4,-1
23,2,-2,0.25,4,-1.5
29,2,-2,0.25,4,-2
61,2,-2,0.25,5,-0.5
419,2,-2,0.25,5,-1
247,2,-2,0.25,5,-1.5
29,2,-2,0.25,5,-2
59,2,-2,0.75,1,-0.5
20,2,-2,0.75,1,-1
29,2,-2,0.75,1,-1.5
26,2,-2,0.75,1,-2
42,2,-2,0.75,2,-0.5
50,2,-2,0.75,2,-1
20,2,-2,0.75,2,-1.5
28,2,-2,0.75,2,-2
93,2,-2,0.75,3,-0.5
19,2,-2,0.75,3,-1
20,2,-2,0.75,3,-1.5
38,2,-2,0.75,3,-2
53,2,-2,0.75,4,-0.5
23,2,-2,0.75,4,-1
16,2,-2,0.75,4,-1.5
23,2,-2,0.75,4,-2
37,2,-2,0.75,5,-0.5
46,2,-2,0.75,5,-1
54,2,-2,0.75,5,-1.5
65,2,-2,0.75,5,-2
46,2,-2,1.25,1,-0.5
42,2,-2,1.25,1,-1
27,2,-2,1.25,1,-1.5
35,2,-2,1.25,1,-2
73,2,-2,1.25,2,-0.5
24,2,-2,1.25,2,-1
52,2,-2,1.25,2,-1.5
38,2,-2,1.25,2,-2
56,2,-2,1.25,3,-0.5
63,2,-2,1.25,3,-1
27,2,-2,1.25,3,-1.5
29,2,-2,1.25,3,-2
35,2,-2,1.25,4,-0.5
26,2,-2,1.25,4,-1
29,2,-2,1.25,4,-1.5
17,2,-2,1.25,4,-2
51,2,-2,1.25,5,-0.5
48,2,-2,1.25,5,-1
35,2,-2,1.25,5,-1.5
41,2,-2,1.25,5,-2
88,2,-2,1.75,1,-0.5
68,2,-2,1.75,1,-1
46,2,-2,1.75,1,-1.5
72,2,-2,1.75,1,-2
100,2,-2,1.75,2,-0.5
73,2,-2,1.75,2,-1
30,2,-2,1.75,2,-1.5
49,2,-2,1.75,2,-2
56,2,-2,1.75,3,-0.5
83,2,-2,1.75,3,-1
31,2,-2,1.75,3,-1.5
38,2,-2,1.75,3,-2
72,2,-2,1.75,4,-0.5
64,2,-2,1.75,4,-1
32,2,-2,1.75,4,-1.5
45,2,-2,1.75,4,-2
80,2,-2,1.75,5,-0.5
60,2,-2,1.75,5,-1
37,2,-2,1.75,5,-1.5
49,2,-2,1.75,5,-2
181,2,-3,0.25,1,-0.5
192,2,-3,0.25,1,-1
90,2,-3,0.25,1,-1.5
49,2,-3,0.25,1,-2
95,2,-3,0.25,2,-0.5
149,2,-3,0.25,2,-1
126,2,-3,0.25,2,-1.5
146,2,-3,0.25,2,-2
252,2,-3,0.25,3,-0.5
115,2,-3,0.25,3,-1
142,2,-3,0.25,3,-1.5
151,2,-3,0.25,3,-2
299,2,-3,0.25,4,-0.5
194,2,-3,0.25,4,-1
91,2,-3,0.25,4,-1.5
33,2,-3,0.25,4,-2
60,2,-3,0.25,5,-0.5
252,2,-3,0.25,5,-1
123,2,-3,0.25,5,-1.5
25,2,-3,0.25,5,-2
60,2,-3,0.75,1,-0.5
51,2,-3,0.75,1,-1
104,2,-3,0.75,1,-1.5
14,2,-3,0.75,1,-2
75,2,-3,0.75,2,-0.5
33,2,-3,0.75,2,-1
67,2,-3,0.75,2,-1.5
40,2,-3,0.75,2,-2
102,2,-3,0.75,3,-0.5
39,2,-3,0.75,3,-1
16,2,-3,0.75,3,-1.5
28,2,-3,0.75,3,-2
48,2,-3,0.75,4,-0.5
69,2,-3,0.75,4,-1
15,2,-3,0.75,4,-1.5
24,2,-3,0.75,4,-2
112,2,-3,0.75,5,-0.5
19,2,-3,0.75,5,-1
117,2,-3,0.75,5,-1.5
29,2,-3,0.75,5,-2
46,2,-3,1.25,1,-0.5
59,2,-3,1.25,1,-1
28,2,-3,1.25,1,-1.5
49,2,-3,1.25,1,-2
47,2,-3,1.25,2,-0.5
34,2,-3,1.25,2,-1
13,2,-3,1.25,2,-1.5
30,2,-3,1.25,2,-2
35,2,-3,1.25,3,-0.5
53,2,-3,1.25,3,-1
17,2,-3,1.25,3,-1.5
36,2,-3,1.25,3,-2
41,2,-3,1.25,4,-0.5
36,2,-3,1.25,4,-1
32,2,-3,1.25,4,-1.5
15,2,-3,1.25,4,-2
27,2,-3,1.25,5,-0.5
16,2,-3,1.25,5,-1
36,2,-3,1.25,5,-1.5
15,2,-3,1.25,5,-2
81,2,-3,1.75,1,-0.5
49,2,-3,1.75,1,-1
34,2,-3,1.75,1,-1.5
75,2,-3,1.75,1,-2
37,2,-3,1.75,2,-0.5
51,2,-3,1.75,2,-1
25,2,-3,1.75,2,-1.5
38,2,-3,1.75,2,-2
23,2,-3,1.75,3,-0.5
48,2,-3,1.75,3,-1
43,2,-3,1.75,3,-1.5
53,2,-3,1.75,3,-2
74,2,-3,1.75,4,-0.5
47,2,-3,1.75,4,-1
39,2,-3,1.75,4,-1.5
57,2,-3,1.75,4,-2
52,2,-3,1.75,5,-0.5
41,2,-3,1.75,5,-1
50,2,-3,1.75,5,-1.5
63,2,-3,1.75,5,-2
395,2,-4,0.25,1,-0.5
234,2,-4,0.25,1,-1
223,2,-4,0.25,1,-1.5
253,2,-4,0.25,1,-2
74,2,-4,0.25,2,-0.5
310,2,-4,0.25,2,-1
443,2,-4,0.25,2,-1.5
181,2,-4,0.25,2,-2
255,2,-4,0.25,3,-0.5
344,2,-4,0.25,3,-1
443,2,-4,0.25,3,-1.5
189,2,-4,0.25,3,-2
539,2,-4,0.25,4,-0.5
102,2,-4,0.25,4,-1
304,2,-4,0.25,4,-1.5
54,2,-4,0.25,4,-2
369,2,-4,0.25,5,-0.5
282,2,-4,0.25,5,-1
66,2,-4,0.25,5,-1.5
174,2,-4,0.25,5,-2
73,2,-4,0.75,1,-0.5
53,2,-4,0.75,1,-1
80,2,-4,0.75,1,-1.5
23,2,-4,0.75,1,-2
40,2,-4,0.75,2,-0.5
47,2,-4,0.75,2,-1
21,2,-4,0.75,2,-1.5
37,2,-4,0.75,2,-2
481,2,-4,0.75,3,-0.5
21,2,-4,0.75,3,-1
27,2,-4,0.75,3,-1.5
37,2,-4,0.75,3,-2
165,2,-4,0.75,4,-0.5
53,2,-4,0.75,4,-1
40,2,-4,0.75,4,-1.5
25,2,-4,0.75,4,-2
216,2,-4,0.75,5,-0.5
133,2,-4,0.75,5,-1
57,2,-4,0.75,5,-1.5
34,2,-4,0.75,5,-2
53,2,-4,1.25,1,-0.5
114,2,-4,1.25,1,-1
200,2,-4,1.25,1,-1.5
26,2,-4,1.25,1,-2
77,2,-4,1.25,2,-0.5
22,2,-4,1.25,2,-1
31,2,-4,1.25,2,-1.5
15,2,-4,1.25,2,-2
147,2,-4,1.25,3,-0.5
43,2,-4,1.25,3,-1
35,2,-4,1.25,3,-1.5
53,2,-4,1.25,3,-2
23,2,-4,1.25,4,-0.5
31,2,-4,1.25,4,-1
15,2,-4,1.25,4,-1.5
35,2,-4,1.25,4,-2
23,2,-4,1.25,5,-0.5
17,2,-4,1.25,5,-1
21,2,-4,1.25,5,-1.5
35,2,-4,1.25,5,-2
44,2,-4,1.75,1,-0.5
58,2,-4,1.75,1,-1
32,2,-4,1.75,1,-1.5
27,2,-4,1.75,1,-2
70,2,-4,1.75,2,-0.5
27,2,-4,1.75,2,-1
33,2,-4,1.75,2,-1.5
36,2,-4,1.75,2,-2
25,2,-4,1.75,3,-0.5
48,2,-4,1.75,3,-1
42,2,-4,1.75,3,-1.5
52,2,-4,1.75,3,-2
48,2,-4,1.75,4,-0.5
33,2,-4,1.75,4,-1
37,2,-4,1.75,4,-1.5
22,2,-4,1.75,4,-2
49,2,-4,1.75,5,-0.5
43,2,-4,1.75,5,-1
25,2,-4,1.75,5,-1.5
20,2,-4,1.75,5,-2
589,2,-5,0.25,1,-0.5
275,2,-5,0.25,1,-1
459,2,-5,0.25,1,-1.5
271,2,-5,0.25,1,-2
184,2,-5,0.25,2,-0.5
513,2,-5,0.25,2,-1
74,2,-5,0.25,2,-1.5
87,2,-5,0.25,2,-2
157,2,-5,0.25,3,-0.5
111,2,-5,0.25,3,-1
385,2,-5,0.25,3,-1.5
111,2,-5,0.25,3,-2
61,2,-5,0.25,4,-0.5
160,2,-5,0.25,4,-1
395,2,-5,0.25,4,-1.5
236,2,-5,0.25,4,-2
540,2,-5,0.25,5,-0.5
168,2,-5,0.25,5,-1
395,2,-5,0.25,5,-1.5
78,2,-5,0.25,5,-2
254,2,-5,0.75,1,-0.5
50,2,-5,0.75,1,-1
22,2,-5,0.75,1,-1.5
207,2,-5,0.75,1,-2
315,2,-5,0.75,2,-0.5
221,2,-5,0.75,2,-1
42,2,-5,0.75,2,-1.5
178,2,-5,0.75,2,-2
138,2,-5,0.75,3,-0.5
87,2,-5,0.75,3,-1
40,2,-5,0.75,3,-1.5
21,2,-5,0.75,3,-2
47,2,-5,0.75,4,-0.5
24,2,-5,0.75,4,-1
52,2,-5,0.75,4,-1.5
18,2,-5,0.75,4,-2
43,2,-5,0.75,5,-0.5
22,2,-5,0.75,5,-1
23,2,-5,0.75,5,-1.5
125,2,-5,0.75,5,-2
68,2,-5,1.25,1,-0.5
206,2,-5,1.25,1,-1
14,2,-5,1.25,1,-1.5
33,2,-5,1.25,1,-2
267,2,-5,1.25,2,-0.5
84,2,-5,1.25,2,-1
54,2,-5,1.25,2,-1.5
41,2,-5,1.25,2,-2
33,2,-5,1.25,3,-0.5
23,2,-5,1.25,3,-1
90,2,-5,1.25,3,-1.5
42,2,-5,1.25,3,-2
34,2,-5,1.25,4,-0.5
57,2,-5,1.25,4,-1
25,2,-5,1.25,4,-1.5
31,2,-5,1.25,4,-2
22,2,-5,1.25,5,-0.5
44,2,-5,1.25,5,-1
22,2,-5,1.25,5,-1.5
27,2,-5,1.25,5,-2
45,2,-5,1.75,1,-0.5
30,2,-5,1.75,1,-1
37,2,-5,1.75,1,-1.5
70,2,-5,1.75,1,-2
35,2,-5,1.75,2,-0.5
66,2,-5,1.75,2,-1
32,2,-5,1.75,2,-1.5
30,2,-5,1.75,2,-2
23,2,-5,1.75,3,-0.5
74,2,-5,1.75,3,-1
18,2,-5,1.75,3,-1.5
19,2,-5,1.75,3,-2
144,2,-5,1.75,4,-0.5
23,2,-5,1.75,4,-1
28,2,-5,1.75,4,-1.5
22,2,-5,1.75,4,-2
29,2,-5,1.75,5,-0.5
26,2,-5,1.75,5,-1
21,2,-5,1.75,5,-1.5
21,2,-5,1.75,5,-2
300,3,-1,0.25,1,-0.5
221,3,-1,0.25,1,-1
102,3,-1,0.25,1,-1.5
75,3,-1,0.25,1,-2
109,3,-1,0.25,2,-0.5
87,3,-1,0.25,2,-1
88,3,-1,0.25,2,-1.5
41,3,-1,0.25,2,-2
251,3,-1,0.25,3,-0.5
77,3,-1,0.25,3,-1
53,3,-1,0.25,3,-1.5
83,3,-1,0.25,3,-2
192,3,-1,0.25,4,-0.5
84,3,-1,0.25,4,-1
53,3,-1,0.25,4,-1.5
46,3,-1,0.25,4,-2
141,3,-1,0.25,5,-0.5
225,3,-1,0.25,5,-1
52,3,-1,0.25,5,-1.5
51,3,-1,0.25,5,-2
77,3,-1,0.75,1,-0.5
52,3,-1,0.75,1,-1
49,3,-1,0.75,1,-1.5
55,3,-1,0.75,1,-2
54,3,-1,0.75,2,-0.5
72,3,-1,0.75,2,-1
67,3,-1,0.75,2,-1.5
38,3,-1,0.75,2,-2
71,3,-1,0.75,3,-0.5
74,3,-1,0.75,3,-1
54,3,-1,0.75,3,-1.5
53,3,-1,0.75,3,-2
56,3,-1,0.75,4,-0.5
34,3,-1,0.75,4,-1
73,3,-1,0.75,4,-1.5
45,3,-1,0.75,4,-2
80,3,-1,0.75,5,-0.5
82,3,-1,0.75,5,-1
48,3,-1,0.75,5,-1.5
83,3,-1,0.75,5,-2
117,3,-1,1.25,1,-0.5
83,3,-1,1.25,1,-1
61,3,-1,1.25,1,-1.5
51,3,-1,1.25,1,-2
66,3,-1,1.25,2,-0.5
46,3,-1,1.25,2,-1
44,3,-1,1.25,2,-1.5
53,3,-1,1.25,2,-2
73,3,-1,1.25,3,-0.5
51,3,-1,1.25,3,-1
29,3,-1,1.25,3,-1.5
27,3,-1,1.25,3,-2
71,3,-1,1.25,4,-0.5
62,3,-1,1.25,4,-1
25,3,-1,1.25,4,-1.5
54,3,-1,1.25,4,-2
70,3,-1,1.25,5,-0.5
60,3,-1,1.25,5,-1
38,3,-1,1.25,5,-1.5
58,3,-1,1.25,5,-2
135,3,-1,1.75,1,-0.5
80,3,-1,1.75,1,-1
84,3,-1,1.75,1,-1.5
68,3,-1,1.75,1,-2
93,3,-1,1.75,2,-0.5
77,3,-1,1.75,2,-1
79,3,-1,1.75,2,-1.5
61,3,-1,1.75,2,-2
108,3,-1,1.75,3,-0.5
68,3,-1,1.75,3,-1
72,3,-1,1.75,3,-1.5
65,3,-1,1.75,3,-2
102,3,-1,1.75,4,-0.5
82,3,-1,1.75,4,-1
71,3,-1,1.75,4,-1.5
71,3,-1,1.75,4,-2
91,3,-1,1.75,5,-0.5
102,3,-1,1.75,5,-1
84,3,-1,1.75,5,-1.5
65,3,-1,1.75,5,-2
341,3,-2,0.25,1,-0.5
117,3,-2,0.25,1,-1
116,3,-2,0.25,1,-1.5
105,3,-2,0.25,1,-2
339,3,-2,0.25,2,-0.5
144,3,-2,0.25,2,-1
235,3,-2,0.25,2,-1.5
96,3,-2,0.25,2,-2
272,3,-2,0.25,3,-0.5
147,3,-2,0.25,3,-1
407,3,-2,0.25,3,-1.5
22,3,-2,0.25,3,-2
118,3,-2,0.25,4,-0.5
152,3,-2,0.25,4,-1
188,3,-2,0.25,4,-1.5
68,3,-2,0.25,4,-2
216,3,-2,0.25,5,-0.5
315,3,-2,0.25,5,-1
85,3,-2,0.25,5,-1.5
65,3,-2,0.25,5,-2
76,3,-2,0.75,1,-0.5
57,3,-2,0.75,1,-1
41,3,-2,0.75,1,-1.5
21,3,-2,0.75,1,-2
67,3,-2,0.75,2,-0.5
58,3,-2,0.75,2,-1
34,3,-2,0.75,2,-1.5
52,3,-2,0.75,2,-2
50,3,-2,0.75,3,-0.5
47,3,-2,0.75,3,-1
84,3,-2,0.75,3,-1.5
21,3,-2,0.75,3,-2
33,3,-2,0.75,4,-0.5
21,3,-2,0.75,4,-1
65,3,-2,0.75,4,-1.5
23,3,-2,0.75,4,-2
23,3,-2,0.75,5,-0.5
140,3,-2,0.75,5,-1
36,3,-2,0.75,5,-1.5
29,3,-2,0.75,5,-2
89,3,-2,1.25,1,-0.5
50,3,-2,1.25,1,-1
15,3,-2,1.25,1,-1.5
21,3,-2,1.25,1,-2
72,3,-2,1.25,2,-0.5
29,3,-2,1.25,2,-1
44,3,-2,1.25,2,-1.5
25,3,-2,1.25,2,-2
40,3,-2,1.25,3,-0.5
33,3,-2,1.25,3,-1
17,3,-2,1.25,3,-1.5
29,3,-2,1.25,3,-2
46,3,-2,1.25,4,-0.5
29,3,-2,1.25,4,-1
21,3,-2,1.25,4,-1.5
26,3,-2,1.25,4,-2
61,3,-2,1.25,5,-0.5
33,3,-2,1.25,5,-1
17,3,-2,1.25,5,-1.5
22,3,-2,1.25,5,-2
106,3,-2,1.75,1,-0.5
78,3,-2,1.75,1,-1
64,3,-2,1.75,1,-1.5
57,3,-2,1.75,1,-2
64,3,-2,1.75,2,-0.5
42,3,-2,1.75,2,-1
37,3,-2,1.75,2,-1.5
52,3,-2,1.75,2,-2
66,3,-2,1.75,3,-0.5
53,3,-2,1.75,3,-1
32,3,-2,1.75,3,-1.5
60,3,-2,1.75,3,-2
76,3,-2,1.75,4,-0.5
59,3,-2,1.75,4,-1
30,3,-2,1.75,4,-1.5
44,3,-2,1.75,4,-2
65,3,-2,1.75,5,-0.5
70,3,-2,1.75,5,-1
48,3,-2,1.75,5,-1.5
40,3,-2,1.75,5,-2
210,3,-3,0.25,1,-0.5
335,3,-3,0.25,1,-1
207,3,-3,0.25,1,-1.5
202,3,-3,0.25,1,-2
282,3,-3,0.25,2,-0.5
218,3,-3,0.25,2,-1
108,3,-3,0.25,2,-1.5
32,3,-3,0.25,2,-2
185,3,-3,0.25,3,-0.5
226,3,-3,0.25,3,-1
75,3,-3,0.25,3,-1.5
89,3,-3,0.25,3,-2
208,3,-3,0.25,4,-0.5
155,3,-3,0.25,4,-1
159,3,-3,0.25,4,-1.5
36,3,-3,0.25,4,-2
234,3,-3,0.25,5,-0.5
25,3,-3,0.25,5,-1
61,3,-3,0.25,5,-1.5
104,3,-3,0.25,5,-2
82,3,-3,0.75,1,-0.5
62,3,-3,0.75,1,-1
43,3,-3,0.75,1,-1.5
73,3,-3,0.75,1,-2
63,3,-3,0.75,2,-0.5
46,3,-3,0.75,2,-1
122,3,-3,0.75,2,-1.5
36,3,-3,0.75,2,-2
74,3,-3,0.75,3,-0.5
66,3,-3,0.75,3,-1
35,3,-3,0.75,3,-1.5
26,3,-3,0.75,3,-2
59,3,-3,0.75,4,-0.5
61,3,-3,0.75,4,-1
21,3,-3,0.75,4,-1.5
67,3,-3,0.75,4,-2
50,3,-3,0.75,5,-0.5
52,3,-3,0.75,5,-1
177,3,-3,0.75,5,-1.5
18,3,-3,0.75,5,-2
72,3,-3,1.25,1,-0.5
25,3,-3,1.25,1,-1
37,3,-3,1.25,1,-1.5
32,3,-3,1.25,1,-2
55,3,-3,1.25,2,-0.5
58,3,-3,1.25,2,-1
19,3,-3,1.25,2,-1.5
50,3,-3,1.25,2,-2
73,3,-3,1.25,3,-0.5
70,3,-3,1.25,3,-1
22,3,-3,1.25,3,-1.5
33,3,-3,1.25,3,-2
33,3,-3,1.25,4,-0.5
39,3,-3,1.25,4,-1
34,3,-3,1.25,4,-1.5
49,3,-3,1.25,4,-2
39,3,-3,1.25,5,-0.5
76,3,-3,1.25,5,-1
22,3,-3,1.25,5,-1.5
36,3,-3,1.25,5,-2
93,3,-3,1.75,1,-0.5
56,3,-3,1.75,1,-1
32,3,-3,1.75,1,-1.5
50,3,-3,1.75,1,-2
35,3,-3,1.75,2,-0.5
41,3,-3,1.75,2,-1
43,3,-3,1.75,2,-1.5
71,3,-3,1.75,2,-2
75,3,-3,1.75,3,-0.5
48,3,-3,1.75,3,-1
40,3,-3,1.75,3,-1.5
41,3,-3,1.75,3,-2
58,3,-3,1.75,4,-0.5
31,3,-3,1.75,4,-1
55,3,-3,1.75,4,-1.5
19,3,-3,1.75,4,-2
65,3,-3,1.75,5,-0.5
24,3,-3,1.75,5,-1
37,3,-3,1.75,5,-1.5
29,3,-3,1.75,5,-2
711,3,-4,0.25,1,-0.5
182,3,-4,0.25,1,-1
290,3,-4,0.25,1,-1.5
37,3,-4,0.25,1,-2
501,3,-4,0.25,2,-0.5
235,3,-4,0.25,2,-1
235,3,-4,0.25,2,-1.5
411,3,-4,0.25,2,-2
53,3,-4,0.25,3,-0.5
403,3,-4,0.25,3,-1
166,3,-4,0.25,3,-1.5
65,3,-4,0.25,3,-2
204,3,-4,0.25,4,-0.5
252,3,-4,0.25,4,-1
348,3,-4,0.25,4,-1.5
83,3,-4,0.25,4,-2
196,3,-4,0.25,5,-0.5
156,3,-4,0.25,5,-1
168,3,-4,0.25,5,-1.5
59,3,-4,0.25,5,-2
159,3,-4,0.75,1,-0.5
245,3,-4,0.75,1,-1
194,3,-4,0.75,1,-1.5
115,3,-4,0.75,1,-2
35,3,-4,0.75,2,-0.5
111,3,-4,0.75,2,-1
75,3,-4,0.75,2,-1.5
25,3,-4,0.75,2,-2
60,3,-4,0.75,3,-0.5
244,3,-4,0.75,3,-1
44,3,-4,0.75,3,-1.5
72,3,-4,0.75,3,-2
20,3,-4,0.75,4,-0.5
89,3,-4,0.75,4,-1
81,3,-4,0.75,4,-1.5
22,3,-4,0.75,4,-2
67,3,-4,0.75,5,-0.5
21,3,-4,0.75,5,-1
209,3,-4,0.75,5,-1.5
26,3,-4,0.75,5,-2
40,3,-4,1.25,1,-0.5
30,3,-4,1.25,1,-1
50,3,-4,1.25,1,-1.5
119,3,-4,1.25,1,-2
72,3,-4,1.25,2,-0.5
215,3,-4,1.25,2,-1
76,3,-4,1.25,2,-1.5
24,3,-4,1.25,2,-2
45,3,-4,1.25,3,-0.5
47,3,-4,1.25,3,-1
25,3,-4,1.25,3,-1.5
19,3,-4,1.25,3,-2
19,3,-4,1.25,4,-0.5
16,3,-4,1.25,4,-1
35,3,-4,1.25,4,-1.5
23,3,-4,1.25,4,-2
32,3,-4,1.25,5,-0.5
27,3,-4,1.25,5,-1
40,3,-4,1.25,5,-1.5
33,3,-4,1.25,5,-2
77,3,-4,1.75,1,-0.5
36,3,-4,1.75,1,-1
33,3,-4,1.75,1,-1.5
30,3,-4,1.75,1,-2
37,3,-4,1.75,2,-0.5
26,3,-4,1.75,2,-1
21,3,-4,1.75,2,-1.5
17,3,-4,1.75,2,-2
38,3,-4,1.75,3,-0.5
20,3,-4,1.75,3,-1
41,3,-4,1.75,3,-1.5
24,3,-4,1.75,3,-2
94,3,-4,1.75,4,-0.5
30,3,-4,1.75,4,-1
19,3,-4,1.75,4,-1.5
14,3,-4,1.75,4,-2
55,3,-4,1.75,5,-0.5
26,3,-4,1.75,5,-1
15,3,-4,1.75,5,-1.5
25,3,-4,1.75,5,-2
551,3,-5,0.25,1,-0.5
342,3,-5,0.25,1,-1
197,3,-5,0.25,1,-1.5
259,3,-5,0.25,1,-2
461,3,-5,0.25,2,-0.5
221,3,-5,0.25,2,-1
158,3,-5,0.25,2,-1.5
256,3,-5,0.25,2,-2
461,3,-5,0.25,3,-0.5
39,3,-5,0.25,3,-1
349,3,-5,0.25,3,-1.5
200,3,-5,0.25,3,-2
206,3,-5,0.25,4,-0.5
205,3,-5,0.25,4,-1
345,3,-5,0.25,4,-1.5
338,3,-5,0.25,4,-2
41,3,-5,0.25,5,-0.5
196,3,-5,0.25,5,-1
138,3,-5,0.25,5,-1.5
254,3,-5,0.25,5,-2
471,3,-5,0.75,1,-0.5
39,3,-5,0.75,1,-1
65,3,-5,0.75,1,-1.5
178,3,-5,0.75,1,-2
72,3,-5,0.75,2,-0.5
117,3,-5,0.75,2,-1
47,3,-5,0.75,2,-1.5
130,3,-5,0.75,2,-2
127,3,-5,0.75,3,-0.5
29,3,-5,0.75,3,-1
188,3,-5,0.75,3,-1.5
16,3,-5,0.75,3,-2
510,3,-5,0.75,4,-0.5
24,3,-5,0.75,4,-1
190,3,-5,0.75,4,-1.5
127,3,-5,0.75,4,-2
126,3,-5,0.75,5,-0.5
70,3,-5,0.75,5,-1
53,3,-5,0.75,5,-1.5
118,3,-5,0.75,5,-2
410,3,-5,1.25,1,-0.5
46,3,-5,1.25,1,-1
82,3,-5,1.25,1,-1.5
46,3,-5,1.25,1,-2
50,3,-5,1.25,2,-0.5
20,3,-5,1.25,2,-1
52,3,-5,1.25,2,-1.5
29,3,-5,1.25,2,-2
40,3,-5,1.25,3,-0.5
130,3,-5,1.25,3,-1
35,3,-5,1.25,3,-1.5
107,3,-5,1.25,3,-2
103,3,-5,1.25,4,-0.5
74,3,-5,1.25,4,-1
39,3,-5,1.25,4,-1.5
18,3,-5,1.25,4,-2
251,3,-5,1.25,5,-0.5
44,3,-5,1.25,5,-1
38,3,-5,1.25,5,-1.5
24,3,-5,1.25,5,-2
82,3,-5,1.75,1,-0.5
213,3,-5,1.75,1,-1
48,3,-5,1.75,1,-1.5
40,3,-5,1.75,1,-2
29,3,-5,1.75,2,-0.5
50,3,-5,1.75,2,-1
32,3,-5,1.75,2,-1.5
30,3,-5,1.75,2,-2
19,3,-5,1.75,3,-0.5
118,3,-5,1.75,3,-1
50,3,-5,1.75,3,-1.5
14,3,-5,1.75,3,-2
77,3,-5,1.75,4,-0.5
87,3,-5,1.75,4,-1
33,3,-5,1.75,4,-1.5
63,3,-5,1.75,4,-2
48,3,-5,1.75,5,-0.5
23,3,-5,1.75,5,-1
33,3,-5,1.75,5,-1.5
13,3,-5,1.75,5,-2
122,4,-1,0.25,1,-0.5
129,4,-1,0.25,1,-1
128,4,-1,0.25,1,-1.5
64,4,-1,0.25,1,-2
156,4,-1,0.25,2,-0.5
241,4,-1,0.25,2,-1
104,4,-1,0.25,2,-1.5
79,4,-1,0.25,2,-2
220,4,-1,0.25,3,-0.5
152,4,-1,0.25,3,-1
32,4,-1,0.25,3,-1.5
59,4,-1,0.25,3,-2
110,4,-1,0.25,4,-0.5
46,4,-1,0.25,4,-1
61,4,-1,0.25,4,-1.5
91,4,-1,0.25,4,-2
283,4,-1,0.25,5,-0.5
454,4,-1,0.25,5,-1
115,4,-1,0.25,5,-1.5
101,4,-1,0.25,5,-2
160,4,-1,0.75,1,-0.5
134,4,-1,0.75,1,-1
93,4,-1,0.75,1,-1.5
36,4,-1,0.75,1,-2
114,4,-1,0.75,2,-0.5
115,4,-1,0.75,2,-1
108,4,-1,0.75,2,-1.5
50,4,-1,0.75,2,-2
94,4,-1,0.75,3,-0.5
124,4,-1,0.75,3,-1
63,4,-1,0.75,3,-1.5
38,4,-1,0.75,3,-2
74,4,-1,0.75,4,-0.5
70,4,-1,0.75,4,-1
63,4,-1,0.75,4,-1.5
24,4,-1,0.75,4,-2
111,4,-1,0.75,5,-0.5
77,4,-1,0.75,5,-1
78,4,-1,0.75,5,-1.5
70,4,-1,0.75,5,-2
100,4,-1,1.25,1,-0.5
85,4,-1,1.25,1,-1
82,4,-1,1.25,1,-1.5
55,4,-1,1.25,1,-2
82,4,-1,1.25,2,-0.5
44,4,-1,1.25,2,-1
61,4,-1,1.25,2,-1.5
26,4,-1,1.25,2,-2
95,4,-1,1.25,3,-0.5
56,4,-1,1.25,3,-1
57,4,-1,1.25,3,-1.5
73,4,-1,1.25,3,-2
60,4,-1,1.25,4,-0.5
64,4,-1,1.25,4,-1
63,4,-1,1.25,4,-1.5
61,4,-1,1.25,4,-2
84,4,-1,1.25,5,-0.5
77,4,-1,1.25,5,-1
68,4,-1,1.25,5,-1.5
70,4,-1,1.25,5,-2
159,4,-1,1.75,1,-0.5
83,4,-1,1.75,1,-1
91,4,-1,1.75,1,-1.5
60,4,-1,1.75,1,-2
103,4,-1,1.75,2,-0.5
75,4,-1,1.75,2,-1
42,4,-1,1.75,2,-1.5
76,4,-1,1.75,2,-2
117,4,-1,1.75,3,-0.5
66,4,-1,1.75,3,-1
63,4,-1,1.75,3,-1.5
52,4,-1,1.75,3,-2
94,4,-1,1.75,4,-0.5
49,4,-1,1.75,4,-1
49,4,-1,1.75,4,-1.5
72,4,-1,1.75,4,-2
85,4,-1,1.75,5,-0.5
88,4,-1,1.75,5,-1
54,4,-1,1.75,5,-1.5
55,4,-1,1.75,5,-2
398,4,-2,0.25,1,-0.5
266,4,-2,0.25,1,-1
196,4,-2,0.25,1,-1.5
49,4,-2,0.25,1,-2
263,4,-2,0.25,2,-0.5
478,4,-2,0.25,2,-1
213,4,-2,0.25,2,-1.5
37,4,-2,0.25,2,-2
270,4,-2,0.25,3,-0.5
478,4,-2,0.25,3,-1
30,4,-2,0.25,3,-1.5
105,4,-2,0.25,3,-2
182,4,-2,0.25,4,-0.5
478,4,-2,0.25,4,-1
43,4,-2,0.25,4,-1.5
106,4,-2,0.25,4,-2
232,4,-2,0.25,5,-0.5
138,4,-2,0.25,5,-1
91,4,-2,0.25,5,-1.5
45,4,-2,0.25,5,-2
87,4,-2,0.75,1,-0.5
61,4,-2,0.75,1,-1
83,4,-2,0.75,1,-1.5
26,4,-2,0.75,1,-2
114,4,-2,0.75,2,-0.5
32,4,-2,0.75,2,-1
50,4,-2,0.75,2,-1.5
76,4,-2,0.75,2,-2
85,4,-2,0.75,3,-0.5
50,4,-2,0.75,3,-1
76,4,-2,0.75,3,-1.5
71,4,-2,0.75,3,-2
104,4,-2,0.75,4,-0.5
85,4,-2,0.75,4,-1
86,4,-2,0.75,4,-1.5
224,4,-2,0.75,4,-2
94,4,-2,0.75,5,-0.5
41,4,-2,0.75,5,-1
31,4,-2,0.75,5,-1.5
57,4,-2,0.75,5,-2
95,4,-2,1.25,1,-0.5
52,4,-2,1.25,1,-1
100,4,-2,1.25,1,-1.5
18,4,-2,1.25,1,-2
68,4,-2,1.25,2,-0.5
37,4,-2,1.25,2,-1
145,4,-2,1.25,2,-1.5
27,4,-2,1.25,2,-2
52,4,-2,1.25,3,-0.5
51,4,-2,1.25,3,-1
39,4,-2,1.25,3,-1.5
31,4,-2,1.25,3,-2
67,4,-2,1.25,4,-0.5
38,4,-2,1.25,4,-1
19,4,-2,1.25,4,-1.5
44,4,-2,1.25,4,-2
56,4,-2,1.25,5,-0.5
57,4,-2,1.25,5,-1
14,4,-2,1.25,5,-1.5
48,4,-2,1.25,5,-2
81,4,-2,1.75,1,-0.5
66,4,-2,1.75,1,-1
55,4,-2,1.75,1,-1.5
37,4,-2,1.75,1,-2
72,4,-2,1.75,2,-0.5
71,4,-2,1.75,2,-1
39,4,-2,1.75,2,-1.5
32,4,-2,1.75,2,-2
70,4,-2,1.75,3,-0.5
51,4,-2,1.75,3,-1
29,4,-2,1.75,3,-1.5
43,4,-2,1.75,3,-2
74,4,-2,1.75,4,-0.5
55,4,-2,1.75,4,-1
34,4,-2,1.75,4,-1.5
42,4,-2,1.75,4,-2
57,4,-2,1.75,5,-0.5
85,4,-2,1.75,5,-1
40,4,-2,1.75,5,-1.5
46,4,-2,1.75,5,-2
298,4,-3,0.25,1,-0.5
522,4,-3,0.25,1,-1
306,4,-3,0.25,1,-1.5
415,4,-3,0.25,1,-2
239,4,-3,0.25,2,-0.5
522,4,-3,0.25,2,-1
197,4,-3,0.25,2,-1.5
81,4,-3,0.25,2,-2
199,4,-3,0.25,3,-0.5
522,4,-3,0.25,3,-1
119,4,-3,0.25,3,-1.5
177,4,-3,0.25,3,-2
358,4,-3,0.25,4,-0.5
171,4,-3,0.25,4,-1
110,4,-3,0.25,4,-1.5
131,4,-3,0.25,4,-2
419,4,-3,0.25,5,-0.5
92,4,-3,0.25,5,-1
86,4,-3,0.25,5,-1.5
256,4,-3,0.25,5,-2
284,4,-3,0.75,1,-0.5
169,4,-3,0.75,1,-1
86,4,-3,0.75,1,-1.5
109,4,-3,0.75,1,-2
140,4,-3,0.75,2,-0.5
64,4,-3,0.75,2,-1
57,4,-3,0.75,2,-1.5
42,4,-3,0.75,2,-2
57,4,-3,0.75,3,-0.5
69,4,-3,0.75,3,-1
106,4,-3,0.75,3,-1.5
39,4,-3,0.75,3,-2
111,4,-3,0.75,4,-0.5
177,4,-3,0.75,4,-1
44,4,-3,0.75,4,-1.5
52,4,-3,0.75,4,-2
84,4,-3,0.75,5,-0.5
75,4,-3,0.75,5,-1
25,4,-3,0.75,5,-1.5
55,4,-3,0.75,5,-2
148,4,-3,1.25,1,-0.5
30,4,-3,1.25,1,-1
51,4,-3,1.25,1,-1.5
53,4,-3,1.25,1,-2
90,4,-3,1.25,2,-0.5
60,4,-3,1.25,2,-1
26,4,-3,1.25,2,-1.5
59,4,-3,1.25,2,-2
51,4,-3,1.25,3,-0.5
33,4,-3,1.25,3,-1
93,4,-3,1.25,3,-1.5
42,4,-3,1.25,3,-2
68,4,-3,1.25,4,-0.5
50,4,-3,1.25,4,-1
30,4,-3,1.25,4,-1.5
67,4,-3,1.25,4,-2
75,4,-3,1.25,5,-0.5
18,4,-3,1.25,5,-1
29,4,-3,1.25,5,-1.5
40,4,-3,1.25,5,-2
70,4,-3,1.75,1,-0.5
56,4,-3,1.75,1,-1
28,4,-3,1.75,1,-1.5
31,4,-3,1.75,1,-2
72,4,-3,1.75,2,-0.5
49,4,-3,1.75,2,-1
48,4,-3,1.75,2,-1.5
31,4,-3,1.75,2,-2
63,4,-3,1.75,3,-0.5
37,4,-3,1.75,3,-1
33,4,-3,1.75,3,-1.5
42,4,-3,1.75,3,-2
52,4,-3,1.75,4,-0.5
52,4,-3,1.75,4,-1
21,4,-3,1.75,4,-1.5
36,4,-3,1.75,4,-2
57,4,-3,1.75,5,-0.5
27,4,-3,1.75,5,-1
32,4,-3,1.75,5,-1.5
29,4,-3,1.75,5,-2
400,4,-4,0.25,1,-0.5
477,4,-4,0.25,1,-1
497,4,-4,0.25,1,-1.5
107,4,-4,0.25,1,-2
425,4,-4,0.25,2,-0.5
477,4,-4,0.25,2,-1
495,4,-4,0.25,2,-1.5
212,4,-4,0.25,2,-2
314,4,-4,0.25,3,-0.5
487,4,-4,0.25,3,-1
303,4,-4,0.25,3,-1.5
186,4,-4,0.25,3,-2
271,4,-4,0.25,4,-0.5
487,4,-4,0.25,4,-1
433,4,-4,0.25,4,-1.5
69,4,-4,0.25,4,-2
233,4,-4,0.25,5,-0.5
291,4,-4,0.25,5,-1
365,4,-4,0.25,5,-1.5
230,4,-4,0.25,5,-2
225,4,-4,0.75,1,-0.5
270,4,-4,0.75,1,-1
103,4,-4,0.75,1,-1.5
80,4,-4,0.75,1,-2
99,4,-4,0.75,2,-0.5
182,4,-4,0.75,2,-1
309,4,-4,0.75,2,-1.5
26,4,-4,0.75,2,-2
52,4,-4,0.75,3,-0.5
197,4,-4,0.75,3,-1
77,4,-4,0.75,3,-1.5
72,4,-4,0.75,3,-2
206,4,-4,0.75,4,-0.5
101,4,-4,0.75,4,-1
155,4,-4,0.75,4,-1.5
33,4,-4,0.75,4,-2
179,4,-4,0.75,5,-0.5
79,4,-4,0.75,5,-1
58,4,-4,0.75,5,-1.5
207,4,-4,0.75,5,-2
47,4,-4,1.25,1,-0.5
269,4,-4,1.25,1,-1
102,4,-4,1.25,1,-1.5
31,4,-4,1.25,1,-2
21,4,-4,1.25,2,-0.5
118,4,-4,1.25,2,-1
199,4,-4,1.25,2,-1.5
40,4,-4,1.25,2,-2
131,4,-4,1.25,3,-0.5
334,4,-4,1.25,3,-1
21,4,-4,1.25,3,-1.5
124,4,-4,1.25,3,-2
46,4,-4,1.25,4,-0.5
17,4,-4,1.25,4,-1
67,4,-4,1.25,4,-1.5
39,4,-4,1.25,4,-2
59,4,-4,1.25,5,-0.5
41,4,-4,1.25,5,-1
38,4,-4,1.25,5,-1.5
26,4,-4,1.25,5,-2
44,4,-4,1.75,1,-0.5
46,4,-4,1.75,1,-1
52,4,-4,1.75,1,-1.5
36,4,-4,1.75,1,-2
57,4,-4,1.75,2,-0.5
23,4,-4,1.75,2,-1
46,4,-4,1.75,2,-1.5
16,4,-4,1.75,2,-2
49,4,-4,1.75,3,-0.5
114,4,-4,1.75,3,-1
57,4,-4,1.75,3,-1.5
46,4,-4,1.75,3,-2
35,4,-4,1.75,4,-0.5
23,4,-4,1.75,4,-1
33,4,-4,1.75,4,-1.5
22,4,-4,1.75,4,-2
43,4,-4,1.75,5,-0.5
24,4,-4,1.75,5,-1
16,4,-4,1.75,5,-1.5
28,4,-4,1.75,5,-2
520,4,-5,0.25,1,-0.5
227,4,-5,0.25,1,-1
114,4,-5,0.25,1,-1.5
193,4,-5,0.25,1,-2
267,4,-5,0.25,2,-0.5
332,4,-5,0.25,2,-1
256,4,-5,0.25,2,-1.5
227,4,-5,0.25,2,-2
490,4,-5,0.25,3,-0.5
239,4,-5,0.25,3,-1
164,4,-5,0.25,3,-1.5
119,4,-5,0.25,3,-2
147,4,-5,0.25,4,-0.5
92,4,-5,0.25,4,-1
249,4,-5,0.25,4,-1.5
278,4,-5,0.25,4,-2
296,4,-5,0.25,5,-0.5
159,4,-5,0.25,5,-1
253,4,-5,0.25,5,-1.5
235,4,-5,0.25,5,-2
320,4,-5,0.75,1,-0.5
81,4,-5,0.75,1,-1
171,4,-5,0.75,1,-1.5
48,4,-5,0.75,1,-2
138,4,-5,0.75,2,-0.5
88,4,-5,0.75,2,-1
166,4,-5,0.75,2,-1.5
269,4,-5,0.75,2,-2
118,4,-5,0.75,3,-0.5
209,4,-5,0.75,3,-1
86,4,-5,0.75,3,-1.5
220,4,-5,0.75,3,-2
488,4,-5,0.75,4,-0.5
504,4,-5,0.75,4,-1
21,4,-5,0.75,4,-1.5
201,4,-5,0.75,4,-2
292,4,-5,0.75,5,-0.5
173,4,-5,0.75,5,-1
183,4,-5,0.75,5,-1.5
140,4,-5,0.75,5,-2
98,4,-5,1.25,1,-0.5
105,4,-5,1.25,1,-1
71,4,-5,1.25,1,-1.5
97,4,-5,1.25,1,-2
629,4,-5,1.25,2,-0.5
30,4,-5,1.25,2,-1
47,4,-5,1.25,2,-1.5
137,4,-5,1.25,2,-2
629,4,-5,1.25,3,-0.5
33,4,-5,1.25,3,-1
22,4,-5,1.25,3,-1.5
36,4,-5,1.25,3,-2
629,4,-5,1.25,4,-0.5
361,4,-5,1.25,4,-1
39,4,-5,1.25,4,-1.5
110,4,-5,1.25,4,-2
28,4,-5,1.25,5,-0.5
42,4,-5,1.25,5,-1
35,4,-5,1.25,5,-1.5
38,4,-5,1.25,5,-2
259,4,-5,1.75,1,-0.5
46,4,-5,1.75,1,-1
41,4,-5,1.75,1,-1.5
44,4,-5,1.75,1,-2
93,4,-5,1.75,2,-0.5
43,4,-5,1.75,2,-1
38,4,-5,1.75,2,-1.5
34,4,-5,1.75,2,-2
20,4,-5,1.75,3,-0.5
112,4,-5,1.75,3,-1
18,4,-5,1.75,3,-1.5
132,4,-5,1.75,3,-2
77,4,-5,1.75,4,-0.5
62,4,-5,1.75,4,-1
39,4,-5,1.75,4,-1.5
34,4,-5,1.75,4,-2
36,4,-5,1.75,5,-0.5
68,4,-5,1.75,5,-1
18,4,-5,1.75,5,-1.5
36,4,-5,1.75,5,-2
251,5,-1,0.25,1,-0.5
175,5,-1,0.25,1,-1
144,5,-1,0.25,1,-1.5
150,5,-1,0.25,1,-2
152,5,-1,0.25,2,-0.5
128,5,-1,0.25,2,-1
127,5,-1,0.25,2,-1.5
133,5,-1,0.25,2,-2
145,5,-1,0.25,3,-0.5
185,5,-1,0.25,3,-1
105,5,-1,0.25,3,-1.5
89,5,-1,0.25,3,-2
164,5,-1,0.25,4,-0.5
129,5,-1,0.25,4,-1
97,5,-1,0.25,4,-1.5
141,5,-1,0.25,4,-2
156,5,-1,0.25,5,-0.5
261,5,-1,0.25,5,-1
140,5,-1,0.25,5,-1.5
472,5,-1,0.25,5,-2
158,5,-1,0.75,1,-0.5
141,5,-1,0.75,1,-1
142,5,-1,0.75,1,-1.5
75,5,-1,0.75,1,-2
135,5,-1,0.75,2,-0.5
77,5,-1,0.75,2,-1
61,5,-1,0.75,2,-1.5
79,5,-1,0.75,2,-2
166,5,-1,0.75,3,-0.5
83,5,-1,0.75,3,-1
77,5,-1,0.75,3,-1.5
64,5,-1,0.75,3,-2
114,5,-1,0.75,4,-0.5
70,5,-1,0.75,4,-1
58,5,-1,0.75,4,-1.5
48,5,-1,0.75,4,-2
135,5,-1,0.75,5,-0.5
61,5,-1,0.75,5,-1
70,5,-1,0.75,5,-1.5
48,5,-1,0.75,5,-2
96,5,-1,1.25,1,-0.5
95,5,-1,1.25,1,-1
79,5,-1,1.25,1,-1.5
80,5,-1,1.25,1,-2
107,5,-1,1.25,2,-0.5
90,5,-1,1.25,2,-1
82,5,-1,1.25,2,-1.5
74,5,-1,1.25,2,-2
80,5,-1,1.25,3,-0.5
103,5,-1,1.25,3,-1
74,5,-1,1.25,3,-1.5
33,5,-1,1.25,3,-2
88,5,-1,1.25,4,-0.5
114,5,-1,1.25,4,-1
74,5,-1,1.25,4,-1.5
48,5,-1,1.25,4,-2
86,5,-1,1.25,5,-0.5
70,5,-1,1.25,5,-1
90,5,-1,1.25,5,-1.5
70,5,-1,1.25,5,-2
125,5,-1,1.75,1,-0.5
106,5,-1,1.75,1,-1
78,5,-1,1.75,1,-1.5
103,5,-1,1.75,1,-2
115,5,-1,1.75,2,-0.5
52,5,-1,1.75,2,-1
96,5,-1,1.75,2,-1.5
72,5,-1,1.75,2,-2
85,5,-1,1.75,3,-0.5
79,5,-1,1.75,3,-1
53,5,-1,1.75,3,-1.5
61,5,-1,1.75,3,-2
96,5,-1,1.75,4,-0.5
89,5,-1,1.75,4,-1
78,5,-1,1.75,4,-1.5
47,5,-1,1.75,4,-2
92,5,-1,1.75,5,-0.5
44,5,-1,1.75,5,-1
67,5,-1,1.75,5,-1.5
54,5,-1,1.75,5,-2
260,5,-2,0.25,1,-0.5
168,5,-2,0.25,1,-1
186,5,-2,0.25,1,-1.5
131,5,-2,0.25,1,-2
466,5,-2,0.25,2,-0.5
259,5,-2,0.25,2,-1
240,5,-2,0.25,2,-1.5
136,5,-2,0.25,2,-2
238,5,-2,0.25,3,-0.5
258,5,-2,0.25,3,-1
152,5,-2,0.25,3,-1.5
144,5,-2,0.25,3,-2
233,5,-2,0.25,4,-0.5
327,5,-2,0.25,4,-1
97,5,-2,0.25,4,-1.5
102,5,-2,0.25,4,-2
355,5,-2,0.25,5,-0.5
192,5,-2,0.25,5,-1
57,5,-2,0.25,5,-1.5
89,5,-2,0.25,5,-2
218,5,-2,0.75,1,-0.5
84,5,-2,0.75,1,-1
140,5,-2,0.75,1,-1.5
81,5,-2,0.75,1,-2
127,5,-2,0.75,2,-0.5
127,5,-2,0.75,2,-1
71,5,-2,0.75,2,-1.5
78,5,-2,0.75,2,-2
98,5,-2,0.75,3,-0.5
85,5,-2,0.75,3,-1
95,5,-2,0.75,3,-1.5
31,5,-2,0.75,3,-2
90,5,-2,0.75,4,-0.5
87,5,-2,0.75,4,-1
43,5,-2,0.75,4,-1.5
72,5,-2,0.75,4,-2
109,5,-2,0.75,5,-0.5
88,5,-2,0.75,5,-1
49,5,-2,0.75,5,-1.5
44,5,-2,0.75,5,-2
105,5,-2,1.25,1,-0.5
39,5,-2,1.25,1,-1
84,5,-2,1.25,1,-1.5
69,5,-2,1.25,1,-2
76,5,-2,1.25,2,-0.5
66,5,-2,1.25,2,-1
49,5,-2,1.25,2,-1.5
61,5,-2,1.25,2,-2
88,5,-2,1.25,3,-0.5
55,5,-2,1.25,3,-1
162,5,-2,1.25,3,-1.5
60,5,-2,1.25,3,-2
77,5,-2,1.25,4,-0.5
41,5,-2,1.25,4,-1
29,5,-2,1.25,4,-1.5
57,5,-2,1.25,4,-2
56,5,-2,1.25,5,-0.5
67,5,-2,1.25,5,-1
46,5,-2,1.25,5,-1.5
61,5,-2,1.25,5,-2
111,5,-2,1.75,1,-0.5
61,5,-2,1.75,1,-1
48,5,-2,1.75,1,-1.5
51,5,-2,1.75,1,-2
70,5,-2,1.75,2,-0.5
58,5,-2,1.75,2,-1
43,5,-2,1.75,2,-1.5
28,5,-2,1.75,2,-2
65,5,-2,1.75,3,-0.5
66,5,-2,1.75,3,-1
43,5,-2,1.75,3,-1.5
39,5,-2,1.75,3,-2
64,5,-2,1.75,4,-0.5
53,5,-2,1.75,4,-1
37,5,-2,1.75,4,-1.5
58,5,-2,1.75,4,-2
80,5,-2,1.75,5,-0.5
72,5,-2,1.75,5,-1
18,5,-2,1.75,5,-1.5
38,5,-2,1.75,5,-2
309,5,-3,0.25,1,-0.5
156,5,-3,0.25,1,-1
156,5,-3,0.25,1,-1.5
98,5,-3,0.25,1,-2
541,5,-3,0.25,2,-0.5
276,5,-3,0.25,2,-1
273,5,-3,0.25,2,-1.5
215,5,-3,0.25,2,-2
416,5,-3,0.25,3,-0.5
370,5,-3,0.25,3,-1
155,5,-3,0.25,3,-1.5
224,5,-3,0.25,3,-2
231,5,-3,0.25,4,-0.5
367,5,-3,0.25,4,-1
99,5,-3,0.25,4,-1.5
271,5,-3,0.25,4,-2
314,5,-3,0.25,5,-0.5
159,5,-3,0.25,5,-1
240,5,-3,0.25,5,-1.5
93,5,-3,0.25,5,-2
336,5,-3,0.75,1,-0.5
121,5,-3,0.75,1,-1
140,5,-3,0.75,1,-1.5
64,5,-3,0.75,1,-2
120,5,-3,0.75,2,-0.5
62,5,-3,0.75,2,-1
153,5,-3,0.75,2,-1.5
56,5,-3,0.75,2,-2
321,5,-3,0.75,3,-0.5
101,5,-3,0.75,3,-1
116,5,-3,0.75,3,-1.5
80,5,-3,0.75,3,-2
569,5,-3,0.75,4,-0.5
69,5,-3,0.75,4,-1
80,5,-3,0.75,4,-1.5
61,5,-3,0.75,4,-2
104,5,-3,0.75,5,-0.5
104,5,-3,0.75,5,-1
61,5,-3,0.75,5,-1.5
359,5,-3,0.75,5,-2
128,5,-3,1.25,1,-0.5
39,5,-3,1.25,1,-1
21,5,-3,1.25,1,-1.5
56,5,-3,1.25,1,-2
152,5,-3,1.25,2,-0.5
52,5,-3,1.25,2,-1
106,5,-3,1.25,2,-1.5
26,5,-3,1.25,2,-2
82,5,-3,1.25,3,-0.5
113,5,-3,1.25,3,-1
66,5,-3,1.25,3,-1.5
72,5,-3,1.25,3,-2
54,5,-3,1.25,4,-0.5
74,5,-3,1.25,4,-1
153,5,-3,1.25,4,-1.5
169,5,-3,1.25,4,-2
42,5,-3,1.25,5,-0.5
44,5,-3,1.25,5,-1
30,5,-3,1.25,5,-1.5
39,5,-3,1.25,5,-2
96,5,-3,1.75,1,-0.5
80,5,-3,1.75,1,-1
59,5,-3,1.75,1,-1.5
29,5,-3,1.75,1,-2
76,5,-3,1.75,2,-0.5
42,5,-3,1.75,2,-1
49,5,-3,1.75,2,-1.5
42,5,-3,1.75,2,-2
41,5,-3,1.75,3,-0.5
46,5,-3,1.75,3,-1
67,5,-3,1.75,3,-1.5
36,5,-3,1.75,3,-2
37,5,-3,1.75,4,-0.5
28,5,-3,1.75,4,-1
48,5,-3,1.75,4,-1.5
22,5,-3,1.75,4,-2
86,5,-3,1.75,5,-0.5
38,5,-3,1.75,5,-1
56,5,-3,1.75,5,-1.5
28,5,-3,1.75,5,-2
383,5,-4,0.25,1,-0.5
261,5,-4,0.25,1,-1
389,5,-4,0.25,1,-1.5
303,5,-4,0.25,1,-2
223,5,-4,0.25,2,-0.5
225,5,-4,0.25,2,-1
265,5,-4,0.25,2,-1.5
187,5,-4,0.25,2,-2
495,5,-4,0.25,3,-0.5
150,5,-4,0.25,3,-1
479,5,-4,0.25,3,-1.5
452,5,-4,0.25,3,-2
495,5,-4,0.25,4,-0.5
207,5,-4,0.25,4,-1
193,5,-4,0.25,4,-1.5
452,5,-4,0.25,4,-2
124,5,-4,0.25,5,-0.5
257,5,-4,0.25,5,-1
148,5,-4,0.25,5,-1.5
173,5,-4,0.25,5,-2
279,5,-4,0.75,1,-0.5
98,5,-4,0.75,1,-1
189,5,-4,0.75,1,-1.5
229,5,-4,0.75,1,-2
318,5,-4,0.75,2,-0.5
271,5,-4,0.75,2,-1
500,5,-4,0.75,2,-1.5
78,5,-4,0.75,2,-2
117,5,-4,0.75,3,-0.5
128,5,-4,0.75,3,-1
197,5,-4,0.75,3,-1.5
155,5,-4,0.75,3,-2
505,5,-4,0.75,4,-0.5
148,5,-4,0.75,4,-1
437,5,-4,0.75,4,-1.5
90,5,-4,0.75,4,-2
115,5,-4,0.75,5,-0.5
226,5,-4,0.75,5,-1
33,5,-4,0.75,5,-1.5
57,5,-4,0.75,5,-2
116,5,-4,1.25,1,-0.5
262,5,-4,1.25,1,-1
55,5,-4,1.25,1,-1.5
31,5,-4,1.25,1,-2
100,5,-4,1.25,2,-0.5
66,5,-4,1.25,2,-1
60,5,-4,1.25,2,-1.5
40,5,-4,1.25,2,-2
79,5,-4,1.25,3,-0.5
128,5,-4,1.25,3,-1
48,5,-4,1.25,3,-1.5
71,5,-4,1.25,3,-2
195,5,-4,1.25,4,-0.5
36,5,-4,1.25,4,-1
68,5,-4,1.25,4,-1.5
164,5,-4,1.25,4,-2
50,5,-4,1.25,5,-0.5
74,5,-4,1.25,5,-1
78,5,-4,1.25,5,-1.5
34,5,-4,1.25,5,-2
69,5,-4,1.75,1,-0.5
119,5,-4,1.75,1,-1
45,5,-4,1.75,1,-1.5
34,5,-4,1.75,1,-2
61,5,-4,1.75,2,-0.5
37,5,-4,1.75,2,-1
55,5,-4,1.75,2,-1.5
46,5,-4,1.75,2,-2
53,5,-4,1.75,3,-0.5
63,5,-4,1.75,3,-1
43,5,-4,1.75,3,-1.5
20,5,-4,1.75,3,-2
48,5,-4,1.75,4,-0.5
38,5,-4,1.75,4,-1
33,5,-4,1.75,4,-1.5
35,5,-4,1.75,4,-2
58,5,-4,1.75,5,-0.5
51,5,-4,1.75,5,-1
43,5,-4,1.75,5,-1.5
31,5,-4,1.75,5,-2
351,5,-5,0.25,1,-0.5
448,5,-5,0.25,1,-1
365,5,-5,0.25,1,-1.5
353,5,-5,0.25,1,-2
194,5,-5,0.25,2,-0.5
412,5,-5,0.25,2,-1
324,5,-5,0.25,2,-1.5
213,5,-5,0.25,2,-2
683,5,-5,0.25,3,-0.5
453,5,-5,0.25,3,-1
201,5,-5,0.25,3,-1.5
295,5,-5,0.25,3,-2
536,5,-5,0.25,4,-0.5
261,5,-5,0.25,4,-1
214,5,-5,0.25,4,-1.5
152,5,-5,0.25,4,-2
536,5,-5,0.25,5,-0.5
232,5,-5,0.25,5,-1
256,5,-5,0.25,5,-1.5
153,5,-5,0.25,5,-2
150,5,-5,0.75,1,-0.5
283,5,-5,0.75,1,-1
92,5,-5,0.75,1,-1.5
43,5,-5,0.75,1,-2
145,5,-5,0.75,2,-0.5
109,5,-5,0.75,2,-1
221,5,-5,0.75,2,-1.5
99,5,-5,0.75,2,-2
316,5,-5,0.75,3,-0.5
68,5,-5,0.75,3,-1
221,5,-5,0.75,3,-1.5
157,5,-5,0.75,3,-2
160,5,-5,0.75,4,-0.5
253,5,-5,0.75,4,-1
49,5,-5,0.75,4,-1.5
70,5,-5,0.75,4,-2
257,5,-5,0.75,5,-0.5
412,5,-5,0.75,5,-1
71,5,-5,0.75,5,-1.5
68,5,-5,0.75,5,-2
46,5,-5,1.25,1,-0.5
283,5,-5,1.25,1,-1
184,5,-5,1.25,1,-1.5
36,5,-5,1.25,1,-2
271,5,-5,1.25,2,-0.5
71,5,-5,1.25,2,-1
118,5,-5,1.25,2,-1.5
44,5,-5,1.25,2,-2
31,5,-5,1.25,3,-0.5
92,5,-5,1.25,3,-1
140,5,-5,1.25,3,-1.5
47,5,-5,1.25,3,-2
34,5,-5,1.25,4,-0.5
94,5,-5,1.25,4,-1
21,5,-5,1.25,4,-1.5
66,5,-5,1.25,4,-2
107,5,-5,1.25,5,-0.5
510,5,-5,1.25,5,-1
108,5,-5,1.25,5,-1.5
35,5,-5,1.25,5,-2
84,5,-5,1.75,1,-0.5
46,5,-5,1.75,1,-1
180,5,-5,1.75,1,-1.5
88,5,-5,1.75,1,-2
55,5,-5,1.75,2,-0.5
37,5,-5,1.75,2,-1
108,5,-5,1.75,2,-1.5
24,5,-5,1.75,2,-2
217,5,-5,1.75,3,-0.5
35,5,-5,1.75,3,-1
61,5,-5,1.75,3,-1.5
35,5,-5,1.75,3,-2
43,5,-5,1.75,4,-0.5
43,5,-5,1.75,4,-1
33,5,-5,1.75,4,-1.5
20,5,-5,1.75,4,-2
56,5,-5,1.75,5,-0.5
72,5,-5,1.75,5,-1
39,5,-5,1.75,5,-1.5
15,5,-5,1.75,5,-2
