93,1,-1,0.25,1,-0.5
47,1,-1,0.25,1,-1
37,1,-1,0.25,1,-1.5
49,1,-1,0.25,1,-2
53,1,-1,0.25,2,-0.5
99,1,-1,0.25,2,-1
47,1,-1,0.25,2,-1.5
42,1,-1,0.25,2,-2
51,1,-1,0.25,3,-0.5
46,1,-1,0.25,3,-1
34,1,-1,0.25,3,-1.5
51,1,-1,0.25,3,-2
108,1,-1,0.25,4,-0.5
74,1,-1,0.25,4,-1
41,1,-1,0.25,4,-1.5
53,1,-1,0.25,4,-2
85,1,-1,0.25,5,-0.5
103,1,-1,0.25,5,-1
33,1,-1,0.25,5,-1.5
65,1,-1,0.25,5,-2
26,1,-1,0.75,1,-0.5
23,1,-1,0.75,1,-1
59,1,-1,0.75,1,-1.5
69,1,-1,0.75,1,-2
59,1,-1,0.75,2,-0.5
26,1,-1,0.75,2,-1
74,1,-1,0.75,2,-1.5
55,1,-1,0.75,2,-2
46,1,-1,0.75,3,-0.5
77,1,-1,0.75,3,-1
54,1,-1,0.75,3,-1.5
72,1,-1,0.75,3,-2
34,1,-1,0.75,4,-0.5
66,1,-1,0.75,4,-1
52,1,-1,0.75,4,-1.5
63,1,-1,0.75,4,-2
64,1,-1,0.75,5,-0.5
52,1,-1,0.75,5,-1
67,1,-1,0.75,5,-1.5
82,1,-1,0.75,5,-2
124,1,-1,1.25,1,-0.5
78,1,-1,1.25,1,-1
90,1,-1,1.25,1,-1.5
108,1,-1,1.25,1,-2
92,1,-1,1.25,2,-0.5
108,1,-1,1.25,2,-1
97,1,-1,1.25,2,-1.5
70,1,-1,1.25,2,-2
78,1,-1,1.25,3,-0.5
127,1,-1,1.25,3,-1
64,1,-1,1.25,3,-1.5
52,1,-1,1.25,3,-2
102,1,-1,1.25,4,-0.5
97,1,-1,1.25,4,-1
67,1,-1,1.25,4,-1.5
92,1,-1,1.25,4,-2
139,1,-1,1.25,5,-0.5
116,1,-1,1.25,5,-1
103,1,-1,1.25,5,-1.5
92,1,-1,1.25,5,-2
158,1,-1,1.75,1,-0.5
138,1,-1,1.75,1,-1
121,1,-1,1.75,1,-1.5
126,1,-1,1.75,1,-2
159,1,-1,1.75,2,-0.5
121,1,-1,1.75,2,-1
135,1,-1,1.75,2,-1.5
120,1,-1,1.75,2,-2
150,1,-1,1.75,3,-0.5
146,1,-1,1.75,3,-1
121,1,-1,1.75,3,-1.5
104,1,-1,1.75,3,-2
154,1,-1,1.75,4,-0.5
132,1,-1,1.75,4,-1
112,1,-1,1.75,4,-1.5
112,1,-1,1.75,4,-2
155,1,-1,1.75,5,-0.5
135,1,-1,1.75,5,-1
127,1,-1,1.75,5,-1.5
126,1,-1,1.75,5,-2
340,1,-2,0.25,1,-0.5
32,1,-2,0.25,1,-1
269,1,-2,0.25,1,-1.5
93,1,-2,0.25,1,-2
61,1,-2,0.25,2,-0.5
374,1,-2,0.25,2,-1
155,1,-2,0.25,2,-1.5
34,1,-2,0.25,2,-2
257,1,-2,0.25,3,-0.5
141,1,-2,0.25,3,-1
53,1,-2,0.25,3,-1.5
26,1,-2,0.25,3,-2
305,1,-2,0.25,4,-0.5
316,1,-2,0.25,4,-1
403,1,-2,0.25,4,-1.5
49,1,-2,0.25,4,-2
193,1,-2,0.25,5,-0.5
30,1,-2,0.25,5,-1
58,1,-2,0.25,5,-1.5
38,1,-2,0.25,5,-2
74,1,-2,0.75,1,-0.5
76,1,-2,0.75,1,-1
56,1,-2,0.75,1,-1.5
24,1,-2,0.75,1,-2
74,1,-2,0.75,2,-0.5
19,1,-2,0.75,2,-1
28,1,-2,0.75,2,-1.5
40,1,-2,0.75,2,-2
49,1,-2,0.75,3,-0.5
27,1,-2,0.75,3,-1
24,1,-2,0.75,3,-1.5
58,1,-2,0.75,3,-2
43,1,-2,0.75,4,-0.5
39,1,-2,0.75,4,-1
48,1,-2,0.75,4,-1.5
55,1,-2,0.75,4,-2
52,1,-2,0.75,5,-0.5
41,1,-2,0.75,5,-1
59,1,-2,0.75,5,-1.5
29,1,-2,0.75,5,-2
91,1,-2,1.25,1,-0.5
59,1,-2,1.25,1,-1
53,1,-2,1.25,1,-1.5
40,1,-2,1.25,1,-2
79,1,-2,1.25,2,-0.5
38,1,-2,1.25,2,-1
38,1,-2,1.25,2,-1.5
59,1,-2,1.25,2,-2
75,1,-2,1.25,3,-0.5
37,1,-2,1.25,3,-1
41,1,-2,1.25,3,-1.5
73,1,-2,1.25,3,-2
65,1,-2,1.25,4,-0.5
48,1,-2,1.25,4,-1
68,1,-2,1.25,4,-1.5
65,1,-2,1.25,4,-2
88,1,-2,1.25,5,-0.5
60,1,-2,1.25,5,-1
71,1,-2,1.25,5,-1.5
67,1,-2,1.25,5,-2
103,1,-2,1.75,1,-0.5
107,1,-2,1.75,1,-1
92,1,-2,1.75,1,-1.5
70,1,-2,1.75,1,-2
91,1,-2,1.75,2,-0.5
85,1,-2,1.75,2,-1
106,1,-2,1.75,2,-1.5
79,1,-2,1.75,2,-2
97,1,-2,1.75,3,-0.5
96,1,-2,1.75,3,-1
92,1,-2,1.75,3,-1.5
72,1,-2,1.75,3,-2
146,1,-2,1.75,4,-0.5
85,1,-2,1.75,4,-1
78,1,-2,1.75,4,-1.5
76,1,-2,1.75,4,-2
105,1,-2,1.75,5,-0.5
113,1,-2,1.75,5,-1
97,1,-2,1.75,5,-1.5
81,1,-2,1.75,5,-2
368,1,-3,0.25,1,-0.5
197,1,-3,0.25,1,-1
124,1,-3,0.25,1,-1.5
102,1,-3,0.25,1,-2
161,1,-3,0.25,2,-0.5
59,1,-3,0.25,2,-1
292,1,-3,0.25,2,-1.5
165,1,-3,0.25,2,-2
128,1,-3,0.25,3,-0.5
146,1,-3,0.25,3,-1
379,1,-3,0.25,3,-1.5
368,1,-3,0.25,3,-2
56,1,-3,0.25,4,-0.5
334,1,-3,0.25,4,-1
305,1,-3,0.25,4,-1.5
202,1,-3,0.25,4,-2
76,1,-3,0.25,5,-0.5
334,1,-3,0.25,5,-1
326,1,-3,0.25,5,-1.5
29,1,-3,0.25,5,-2
295,1,-3,0.75,1,-0.5
36,1,-3,0.75,1,-1
370,1,-3,0.75,1,-1.5
84,1,-3,0.75,1,-2
144,1,-3,0.75,2,-0.5
118,1,-3,0.75,2,-1
368,1,-3,0.75,2,-1.5
21,1,-3,0.75,2,-2
380,1,-3,0.75,3,-0.5
147,1,-3,0.75,3,-1
27,1,-3,0.75,3,-1.5
38,1,-3,0.75,3,-2
32,1,-3,0.75,4,-0.5
46,1,-3,0.75,4,-1
68,1,-3,0.75,4,-1.5
44,1,-3,0.75,4,-2
61,1,-3,0.75,5,-0.5
51,1,-3,0.75,5,-1
49,1,-3,0.75,5,-1.5
65,1,-3,0.75,5,-2
28,1,-3,1.25,1,-0.5
80,1,-3,1.25,1,-1
47,1,-3,1.25,1,-1.5
44,1,-3,1.25,1,-2
39,1,-3,1.25,2,-0.5
83,1,-3,1.25,2,-1
26,1,-3,1.25,2,-1.5
43,1,-3,1.25,2,-2
67,1,-3,1.25,3,-0.5
46,1,-3,1.25,3,-1
32,1,-3,1.25,3,-1.5
115,1,-3,1.25,3,-2
39,1,-3,1.25,4,-0.5
30,1,-3,1.25,4,-1
42,1,-3,1.25,4,-1.5
68,1,-3,1.25,4,-2
48,1,-3,1.25,5,-0.5
45,1,-3,1.25,5,-1
42,1,-3,1.25,5,-1.5
55,1,-3,1.25,5,-2
110,1,-3,1.75,1,-0.5
55,1,-3,1.75,1,-1
51,1,-3,1.75,1,-1.5
52,1,-3,1.75,1,-2
75,1,-3,1.75,2,-0.5
87,1,-3,1.75,2,-1
58,1,-3,1.75,2,-1.5
70,1,-3,1.75,2,-2
90,1,-3,1.75,3,-0.5
45,1,-3,1.75,3,-1
44,1,-3,1.75,3,-1.5
40,1,-3,1.75,3,-2
68,1,-3,1.75,4,-0.5
59,1,-3,1.75,4,-1
51,1,-3,1.75,4,-1.5
46,1,-3,1.75,4,-2
74,1,-3,1.75,5,-0.5
45,1,-3,1.75,5,-1
71,1,-3,1.75,5,-1.5
81,1,-3,1.75,5,-2
511,1,-4,0.25,1,-0.5
233,1,-4,0.25,1,-1
499,1,-4,0.25,1,-1.5
77,1,-4,0.25,1,-2
476,1,-4,0.25,2,-0.5
161,1,-4,0.25,2,-1
225,1,-4,0.25,2,-1.5
149,1,-4,0.25,2,-2
91,1,-4,0.25,3,-0.5
340,1,-4,0.25,3,-1
180,1,-4,0.25,3,-1.5
141,1,-4,0.25,3,-2
190,1,-4,0.25,4,-0.5
394,1,-4,0.25,4,-1
344,1,-4,0.25,4,-1.5
24,1,-4,0.25,4,-2
221,1,-4,0.25,5,-0.5
135,1,-4,0.25,5,-1
197,1,-4,0.25,5,-1.5
315,1,-4,0.25,5,-2
155,1,-4,0.75,1,-0.5
247,1,-4,0.75,1,-1
201,1,-4,0.75,1,-1.5
81,1,-4,0.75,1,-2
53,1,-4,0.75,2,-0.5
76,1,-4,0.75,2,-1
114,1,-4,0.75,2,-1.5
106,1,-4,0.75,2,-2
510,1,-4,0.75,3,-0.5
33,1,-4,0.75,3,-1
114,1,-4,0.75,3,-1.5
94,1,-4,0.75,3,-2
29,1,-4,0.75,4,-0.5
51,1,-4,0.75,4,-1
200,1,-4,0.75,4,-1.5
121,1,-4,0.75,4,-2
56,1,-4,0.75,5,-0.5
19,1,-4,0.75,5,-1
192,1,-4,0.75,5,-1.5
128,1,-4,0.75,5,-2
91,1,-4,1.25,1,-0.5
117,1,-4,1.25,1,-1
32,1,-4,1.25,1,-1.5
27,1,-4,1.25,1,-2
32,1,-4,1.25,2,-0.5
39,1,-4,1.25,2,-1
63,1,-4,1.25,2,-1.5
37,1,-4,1.25,2,-2
38,1,-4,1.25,3,-0.5
51,1,-4,1.25,3,-1
36,1,-4,1.25,3,-1.5
262,1,-4,1.25,3,-2
486,1,-4,1.25,4,-0.5
239,1,-4,1.25,4,-1
28,1,-4,1.25,4,-1.5
28,1,-4,1.25,4,-2
64,1,-4,1.25,5,-0.5
34,1,-4,1.25,5,-1
54,1,-4,1.25,5,-1.5
82,1,-4,1.25,5,-2
71,1,-4,1.75,1,-0.5
51,1,-4,1.75,1,-1
50,1,-4,1.75,1,-1.5
42,1,-4,1.75,1,-2
74,1,-4,1.75,2,-0.5
36,1,-4,1.75,2,-1
36,1,-4,1.75,2,-1.5
69,1,-4,1.75,2,-2
113,1,-4,1.75,3,-0.5
48,1,-4,1.75,3,-1
19,1,-4,1.75,3,-1.5
35,1,-4,1.75,3,-2
46,1,-4,1.75,4,-0.5
36,1,-4,1.75,4,-1
39,1,-4,1.75,4,-1.5
37,1,-4,1.75,4,-2
68,1,-4,1.75,5,-0.5
73,1,-4,1.75,5,-1
35,1,-4,1.75,5,-1.5
52,1,-4,1.75,5,-2
529,1,-5,0.25,1,-0.5
334,1,-5,0.25,1,-1
210,1,-5,0.25,1,-1.5
120,1,-5,0.25,1,-2
414,1,-5,0.25,2,-0.5
286,1,-5,0.25,2,-1
495,1,-5,0.25,2,-1.5
242,1,-5,0.25,2,-2
392,1,-5,0.25,3,-0.5
282,1,-5,0.25,3,-1
492,1,-5,0.25,3,-1.5
264,1,-5,0.25,3,-2
92,1,-5,0.25,4,-0.5
111,1,-5,0.25,4,-1
138,1,-5,0.25,4,-1.5
357,1,-5,0.25,4,-2
283,1,-5,0.25,5,-0.5
86,1,-5,0.25,5,-1
103,1,-5,0.25,5,-1.5
364,1,-5,0.25,5,-2
80,1,-5,0.75,1,-0.5
293,1,-5,0.75,1,-1
183,1,-5,0.75,1,-1.5
30,1,-5,0.75,1,-2
388,1,-5,0.75,2,-0.5
277,1,-5,0.75,2,-1
162,1,-5,0.75,2,-1.5
68,1,-5,0.75,2,-2
64,1,-5,0.75,3,-0.5
89,1,-5,0.75,3,-1
169,1,-5,0.75,3,-1.5
52,1,-5,0.75,3,-2
736,1,-5,0.75,4,-0.5
64,1,-5,0.75,4,-1
158,1,-5,0.75,4,-1.5
102,1,-5,0.75,4,-2
473,1,-5,0.75,5,-0.5
90,1,-5,0.75,5,-1
366,1,-5,0.75,5,-1.5
311,1,-5,0.75,5,-2
44,1,-5,1.25,1,-0.5
42,1,-5,1.25,1,-1
105,1,-5,1.25,1,-1.5
19,1,-5,1.25,1,-2
58,1,-5,1.25,2,-0.5
154,1,-5,1.25,2,-1
29,1,-5,1.25,2,-1.5
34,1,-5,1.25,2,-2
69,1,-5,1.25,3,-0.5
70,1,-5,1.25,3,-1
57,1,-5,1.25,3,-1.5
53,1,-5,1.25,3,-2
74,1,-5,1.25,4,-0.5
73,1,-5,1.25,4,-1
50,1,-5,1.25,4,-1.5
75,1,-5,1.25,4,-2
95,1,-5,1.25,5,-0.5
35,1,-5,1.25,5,-1
19,1,-5,1.25,5,-1.5
52,1,-5,1.25,5,-2
54,1,-5,1.75,1,-0.5
45,1,-5,1.75,1,-1
32,1,-5,1.75,1,-1.5
25,1,-5,1.75,1,-2
52,1,-5,1.75,2,-0.5
48,1,-5,1.75,2,-1
49,1,-5,1.75,2,-1.5
52,1,-5,1.75,2,-2
46,1,-5,1.75,3,-0.5
47,1,-5,1.75,3,-1
41,1,-5,1.75,3,-1.5
24,1,-5,1.75,3,-2
135,1,-5,1.75,4,-0.5
75,1,-5,1.75,4,-1
44,1,-5,1.75,4,-1.5
51,1,-5,1.75,4,-2
50,1,-5,1.75,5,-0.5
38,1,-5,1.75,5,-1
37,1,-5,1.75,5,-1.5
139,1,-5,1.75,5,-2
319,2,-1,0.25,1,-0.5
64,2,-1,0.25,1,-1
95,2,-1,0.25,1,-1.5
82,2,-1,0.25,1,-2
239,2,-1,0.25,2,-0.5
143,2,-1,0.25,2,-1
65,2,-1,0.25,2,-1.5
72,2,-1,0.25,2,-2
119,2,-1,0.25,3,-0.5
111,2,-1,0.25,3,-1
30,2,-1,0.25,3,-1.5
58,2,-1,0.25,3,-2
104,2,-1,0.25,4,-0.5
128,2,-1,0.25,4,-1
79,2,-1,0.25,4,-1.5
74,2,-1,0.25,4,-2
113,2,-1,0.25,5,-0.5
53,2,-1,0.25,5,-1
95,2,-1,0.25,5,-1.5
35,2,-1,0.25,5,-2
40,2,-1,0.75,1,-0.5
46,2,-1,0.75,1,-1
31,2,-1,0.75,1,-1.5
58,2,-1,0.75,1,-2
32,2,-1,0.75,2,-0.5
50,2,-1,0.75,2,-1
34,2,-1,0.75,2,-1.5
51,2,-1,0.75,2,-2
61,2,-1,0.75,3,-0.5
38,2,-1,0.75,3,-1
42,2,-1,0.75,3,-1.5
32,2,-1,0.75,3,-2
43,2,-1,0.75,4,-0.5
38,2,-1,0.75,4,-1
74,2,-1,0.75,4,-1.5
62,2,-1,0.75,4,-2
62,2,-1,0.75,5,-0.5
72,2,-1,0.75,5,-1
41,2,-1,0.75,5,-1.5
68,2,-1,0.75,5,-2
97,2,-1,1.25,1,-0.5
55,2,-1,1.25,1,-1
64,2,-1,1.25,1,-1.5
88,2,-1,1.25,1,-2
64,2,-1,1.25,2,-0.5
65,2,-1,1.25,2,-1
76,2,-1,1.25,2,-1.5
86,2,-1,1.25,2,-2
89,2,-1,1.25,3,-0.5
62,2,-1,1.25,3,-1
74,2,-1,1.25,3,-1.5
62,2,-1,1.25,3,-2
88,2,-1,1.25,4,-0.5
60,2,-1,1.25,4,-1
47,2,-1,1.25,4,-1.5
33,2,-1,1.25,4,-2
97,2,-1,1.25,5,-0.5
68,2,-1,1.25,5,-1
70,2,-1,1.25,5,-1.5
61,2,-1,1.25,5,-2
152,2,-1,1.75,1,-0.5
140,2,-1,1.75,1,-1
111,2,-1,1.75,1,-1.5
109,2,-1,1.75,1,-2
142,2,-1,1.75,2,-0.5
129,2,-1,1.75,2,-1
100,2,-1,1.75,2,-1.5
80,2,-1,1.75,2,-2
115,2,-1,1.75,3,-0.5
85,2,-1,1.75,3,-1
91,2,-1,1.75,3,-1.5
80,2,-1,1.75,3,-2
104,2,-1,1.75,4,-0.5
114,2,-1,1.75,4,-1
77,2,-1,1.75,4,-1.5
110,2,-1,1.75,4,-2
118,2,-1,1.75,5,-0.5
108,2,-1,1.75,5,-1
74,2,-1,1.75,5,-1.5
97,2,-1,1.75,5,-2
147,2,-2,0.25,1,-0.5
198,2,-2,0.25,1,-1
212,2,-2,0.25,1,-1.5
148,2,-2,0.25,1,-2
178,2,-2,0.25,2,-0.5
61,2,-2,0.25,2,-1
114,2,-2,0.25,2,-1.5
56,2,-2,0.25,2,-2
97,2,-2,0.25,3,-0.5
65,2,-2,0.25,3,-1
155,2,-2,0.25,3,-1.5
136,2,-2,0.25,3,-2
190,2,-2,0.25,4,-0.5
60,2,-2,0.25,4,-1
373,2,-2,0.25,4,-1.5
200,2,-2,0.25,4,-2
229,2,-2,0.25,5,-0.5
105,2,-2,0.25,5,-1
232,2,-2,0.25,5,-1.5
77,2,-2,0.25,5,-2
133,2,-2,0.75,1,-0.5
60,2,-2,0.75,1,-1
33,2,-2,0.75,1,-1.5
37,2,-2,0.75,1,-2
51,2,-2,0.75,2,-0.5
38,2,-2,0.75,2,-1
25,2,-2,0.75,2,-1.5
36,2,-2,0.75,2,-2
52,2,-2,0.75,3,-0.5
18,2,-2,0.75,3,-1
54,2,-2,0.75,3,-1.5
77,2,-2,0.75,3,-2
107,2,-2,0.75,4,-0.5
50,2,-2,0.75,4,-1
56,2,-2,0.75,4,-1.5
25,2,-2,0.75,4,-2
54,2,-2,0.75,5,-0.5
38,2,-2,0.75,5,-1
94,2,-2,0.75,5,-1.5
29,2,-2,0.75,5,-2
99,2,-2,1.25,1,-0.5
38,2,-2,1.25,1,-1
34,2,-2,1.25,1,-1.5
62,2,-2,1.25,1,-2
44,2,-2,1.25,2,-0.5
86,2,-2,1.25,2,-1
47,2,-2,1.25,2,-1.5
30,2,-2,1.25,2,-2
34,2,-2,1.25,3,-0.5
67,2,-2,1.25,3,-1
42,2,-2,1.25,3,-1.5
29,2,-2,1.25,3,-2
62,2,-2,1.25,4,-0.5
45,2,-2,1.25,4,-1
36,2,-2,1.25,4,-1.5
66,2,-2,1.25,4,-2
61,2,-2,1.25,5,-0.5
41,2,-2,1.25,5,-1
47,2,-2,1.25,5,-1.5
34,2,-2,1.25,5,-2
100,2,-2,1.75,1,-0.5
61,2,-2,1.75,1,-1
62,2,-2,1.75,1,-1.5
82,2,-2,1.75,1,-2
89,2,-2,1.75,2,-0.5
48,2,-2,1.75,2,-1
47,2,-2,1.75,2,-1.5
38,2,-2,1.75,2,-2
61,2,-2,1.75,3,-0.5
82,2,-2,1.75,3,-1
90,2,-2,1.75,3,-1.5
50,2,-2,1.75,3,-2
70,2,-2,1.75,4,-0.5
76,2,-2,1.75,4,-1
61,2,-2,1.75,4,-1.5
53,2,-2,1.75,4,-2
86,2,-2,1.75,5,-0.5
80,2,-2,1.75,5,-1
62,2,-2,1.75,5,-1.5
45,2,-2,1.75,5,-2
315,2,-3,0.25,1,-0.5
279,2,-3,0.25,1,-1
508,2,-3,0.25,1,-1.5
393,2,-3,0.25,1,-2
271,2,-3,0.25,2,-0.5
351,2,-3,0.25,2,-1
508,2,-3,0.25,2,-1.5
192,2,-3,0.25,2,-2
376,2,-3,0.25,3,-0.5
296,2,-3,0.25,3,-1
132,2,-3,0.25,3,-1.5
104,2,-3,0.25,3,-2
501,2,-3,0.25,4,-0.5
226,2,-3,0.25,4,-1
126,2,-3,0.25,4,-1.5
65,2,-3,0.25,4,-2
372,2,-3,0.25,5,-0.5
224,2,-3,0.25,5,-1
240,2,-3,0.25,5,-1.5
85,2,-3,0.25,5,-2
114,2,-3,0.75,1,-0.5
75,2,-3,0.75,1,-1
46,2,-3,0.75,1,-1.5
63,2,-3,0.75,1,-2
409,2,-3,0.75,2,-0.5
141,2,-3,0.75,2,-1
57,2,-3,0.75,2,-1.5
143,2,-3,0.75,2,-2
21,2,-3,0.75,3,-0.5
49,2,-3,0.75,3,-1
31,2,-3,0.75,3,-1.5
18,2,-3,0.75,3,-2
34,2,-3,0.75,4,-0.5
24,2,-3,0.75,4,-1
69,2,-3,0.75,4,-1.5
79,2,-3,0.75,4,-2
49,2,-3,0.75,5,-0.5
36,2,-3,0.75,5,-1
32,2,-3,0.75,5,-1.5
33,2,-3,0.75,5,-2
81,2,-3,1.25,1,-0.5
33,2,-3,1.25,1,-1
22,2,-3,1.25,1,-1.5
52,2,-3,1.25,1,-2
292,2,-3,1.25,2,-0.5
267,2,-3,1.25,2,-1
21,2,-3,1.25,2,-1.5
30,2,-3,1.25,2,-2
52,2,-3,1.25,3,-0.5
20,2,-3,1.25,3,-1
39,2,-3,1.25,3,-1.5
22,2,-3,1.25,3,-2
72,2,-3,1.25,4,-0.5
46,2,-3,1.25,4,-1
37,2,-3,1.25,4,-1.5
21,2,-3,1.25,4,-2
47,2,-3,1.25,5,-0.5
70,2,-3,1.25,5,-1
35,2,-3,1.25,5,-1.5
36,2,-3,1.25,5,-2
106,2,-3,1.75,1,-0.5
67,2,-3,1.75,1,-1
64,2,-3,1.75,1,-1.5
71,2,-3,1.75,1,-2
46,2,-3,1.75,2,-0.5
83,2,-3,1.75,2,-1
40,2,-3,1.75,2,-1.5
52,2,-3,1.75,2,-2
59,2,-3,1.75,3,-0.5
57,2,-3,1.75,3,-1
65,2,-3,1.75,3,-1.5
38,2,-3,1.75,3,-2
57,2,-3,1.75,4,-0.5
52,2,-3,1.75,4,-1
40,2,-3,1.75,4,-1.5
34,2,-3,1.75,4,-2
42,2,-3,1.75,5,-0.5
78,2,-3,1.75,5,-1
48,2,-3,1.75,5,-1.5
60,2,-3,1.75,5,-2
417,2,-4,0.25,1,-0.5
89,2,-4,0.25,1,-1
139,2,-4,0.25,1,-1.5
102,2,-4,0.25,1,-2
210,2,-4,0.25,2,-0.5
107,2,-4,0.25,2,-1
197,2,-4,0.25,2,-1.5
67,2,-4,0.25,2,-2
282,2,-4,0.25,3,-0.5
154,2,-4,0.25,3,-1
402,2,-4,0.25,3,-1.5
341,2,-4,0.25,3,-2
107,2,-4,0.25,4,-0.5
244,2,-4,0.25,4,-1
167,2,-4,0.25,4,-1.5
346,2,-4,0.25,4,-2
482,2,-4,0.25,5,-0.5
469,2,-4,0.25,5,-1
106,2,-4,0.25,5,-1.5
154,2,-4,0.25,5,-2
98,2,-4,0.75,1,-0.5
89,2,-4,0.75,1,-1
126,2,-4,0.75,1,-1.5
166,2,-4,0.75,1,-2
254,2,-4,0.75,2,-0.5
58,2,-4,0.75,2,-1
66,2,-4,0.75,2,-1.5
49,2,-4,0.75,2,-2
363,2,-4,0.75,3,-0.5
117,2,-4,0.75,3,-1
91,2,-4,0.75,3,-1.5
84,2,-4,0.75,3,-2
141,2,-4,0.75,4,-0.5
163,2,-4,0.75,4,-1
45,2,-4,0.75,4,-1.5
25,2,-4,0.75,4,-2
172,2,-4,0.75,5,-0.5
163,2,-4,0.75,5,-1
80,2,-4,0.75,5,-1.5
72,2,-4,0.75,5,-2
99,2,-4,1.25,1,-0.5
38,2,-4,1.25,1,-1
42,2,-4,1.25,1,-1.5
26,2,-4,1.25,1,-2
49,2,-4,1.25,2,-0.5
58,2,-4,1.25,2,-1
37,2,-4,1.25,2,-1.5
26,2,-4,1.25,2,-2
41,2,-4,1.25,3,-0.5
26,2,-4,1.25,3,-1
41,2,-4,1.25,3,-1.5
36,2,-4,1.25,3,-2
49,2,-4,1.25,4,-0.5
27,2,-4,1.25,4,-1
45,2,-4,1.25,4,-1.5
49,2,-4,1.25,4,-2
38,2,-4,1.25,5,-0.5
24,2,-4,1.25,5,-1
65,2,-4,1.25,5,-1.5
35,2,-4,1.25,5,-2
377,2,-4,1.75,1,-0.5
72,2,-4,1.75,1,-1
23,2,-4,1.75,1,-1.5
60,2,-4,1.75,1,-2
44,2,-4,1.75,2,-0.5
34,2,-4,1.75,2,-1
47,2,-4,1.75,2,-1.5
46,2,-4,1.75,2,-2
52,2,-4,1.75,3,-0.5
23,2,-4,1.75,3,-1
50,2,-4,1.75,3,-1.5
68,2,-4,1.75,3,-2
38,2,-4,1.75,4,-0.5
51,2,-4,1.75,4,-1
37,2,-4,1.75,4,-1.5
49,2,-4,1.75,4,-2
39,2,-4,1.75,5,-0.5
18,2,-4,1.75,5,-1
50,2,-4,1.75,5,-1.5
51,2,-4,1.75,5,-2
167,2,-5,0.25,1,-0.5
218,2,-5,0.25,1,-1
410,2,-5,0.25,1,-1.5
116,2,-5,0.25,1,-2
321,2,-5,0.25,2,-0.5
351,2,-5,0.25,2,-1
439,2,-5,0.25,2,-1.5
150,2,-5,0.25,2,-2
442,2,-5,0.25,3,-0.5
124,2,-5,0.25,3,-1
292,2,-5,0.25,3,-1.5
60,2,-5,0.25,3,-2
635,2,-5,0.25,4,-0.5
321,2,-5,0.25,4,-1
268,2,-5,0.25,4,-1.5
87,2,-5,0.25,4,-2
119,2,-5,0.25,5,-0.5
207,2,-5,0.25,5,-1
166,2,-5,0.25,5,-1.5
149,2,-5,0.25,5,-2
196,2,-5,0.75,1,-0.5
110,2,-5,0.75,1,-1
58,2,-5,0.75,1,-1.5
167,2,-5,0.75,1,-2
62,2,-5,0.75,2,-0.5
178,2,-5,0.75,2,-1
70,2,-5,0.75,2,-1.5
103,2,-5,0.75,2,-2
344,2,-5,0.75,3,-0.5
100,2,-5,0.75,3,-1
63,2,-5,0.75,3,-1.5
56,2,-5,0.75,3,-2
122,2,-5,0.75,4,-0.5
235,2,-5,0.75,4,-1
76,2,-5,0.75,4,-1.5
77,2,-5,0.75,4,-2
559,2,-5,0.75,5,-0.5
86,2,-5,0.75,5,-1
134,2,-5,0.75,5,-1.5
61,2,-5,0.75,5,-2
549,2,-5,1.25,1,-0.5
59,2,-5,1.25,1,-1
32,2,-5,1.25,1,-1.5
49,2,-5,1.25,1,-2
127,2,-5,1.25,2,-0.5
142,2,-5,1.25,2,-1
31,2,-5,1.25,2,-1.5
144,2,-5,1.25,2,-2
39,2,-5,1.25,3,-0.5
53,2,-5,1.25,3,-1
136,2,-5,1.25,3,-1.5
141,2,-5,1.25,3,-2
54,2,-5,1.25,4,-0.5
408,2,-5,1.25,4,-1
55,2,-5,1.25,4,-1.5
118,2,-5,1.25,4,-2
58,2,-5,1.25,5,-0.5
54,2,-5,1.25,5,-1
18,2,-5,1.25,5,-1.5
40,2,-5,1.25,5,-2
94,2,-5,1.75,1,-0.5
61,2,-5,1.75,1,-1
49,2,-5,1.75,1,-1.5
67,2,-5,1.75,1,-2
57,2,-5,1.75,2,-0.5
43,2,-5,1.75,2,-1
33,2,-5,1.75,2,-1.5
27,2,-5,1.75,2,-2
44,2,-5,1.75,3,-0.5
42,2,-5,1.75,3,-1
21,2,-5,1.75,3,-1.5
27,2,-5,1.75,3,-2
22,2,-5,1.75,4,-0.5
33,2,-5,1.75,4,-1
19,2,-5,1.75,4,-1.5
22,2,-5,1.75,4,-2
45,2,-5,1.75,5,-0.5
22,2,-5,1.75,5,-1
45,2,-5,1.75,5,-1.5
19,2,-5,1.75,5,-2
191,3,-1,0.25,1,-0.5
161,3,-1,0.25,1,-1
88,3,-1,0.25,1,-1.5
241,3,-1,0.25,1,-2
348,3,-1,0.25,2,-0.5
155,3,-1,0.25,2,-1
145,3,-1,0.25,2,-1.5
95,3,-1,0.25,2,-2
128,3,-1,0.25,3,-0.5
144,3,-1,0.25,3,-1
79,3,-1,0.25,3,-1.5
114,3,-1,0.25,3,-2
230,3,-1,0.25,4,-0.5
90,3,-1,0.25,4,-1
105,3,-1,0.25,4,-1.5
84,3,-1,0.25,4,-2
403,3,-1,0.25,5,-0.5
202,3,-1,0.25,5,-1
120,3,-1,0.25,5,-1.5
81,3,-1,0.25,5,-2
61,3,-1,0.75,1,-0.5
84,3,-1,0.75,1,-1
59,3,-1,0.75,1,-1.5
35,3,-1,0.75,1,-2
80,3,-1,0.75,2,-0.5
76,3,-1,0.75,2,-1
71,3,-1,0.75,2,-1.5
32,3,-1,0.75,2,-2
78,3,-1,0.75,3,-0.5
57,3,-1,0.75,3,-1
66,3,-1,0.75,3,-1.5
33,3,-1,0.75,3,-2
81,3,-1,0.75,4,-0.5
20,3,-1,0.75,4,-1
66,3,-1,0.75,4,-1.5
61,3,-1,0.75,4,-2
63,3,-1,0.75,5,-0.5
43,3,-1,0.75,5,-1
89,3,-1,0.75,5,-1.5
50,3,-1,0.75,5,-2
102,3,-1,1.25,1,-0.5
58,3,-1,1.25,1,-1
74,3,-1,1.25,1,-1.5
36,3,-1,1.25,1,-2
67,3,-1,1.25,2,-0.5
71,3,-1,1.25,2,-1
71,3,-1,1.25,2,-1.5
28,3,-1,1.25,2,-2
69,3,-1,1.25,3,-0.5
57,3,-1,1.25,3,-1
57,3,-1,1.25,3,-1.5
39,3,-1,1.25,3,-2
73,3,-1,1.25,4,-0.5
41,3,-1,1.25,4,-1
81,3,-1,1.25,4,-1.5
37,3,-1,1.25,4,-2
91,3,-1,1.25,5,-0.5
52,3,-1,1.25,5,-1
57,3,-1,1.25,5,-1.5
53,3,-1,1.25,5,-2
117,3,-1,1.75,1,-0.5
103,3,-1,1.75,1,-1
44,3,-1,1.75,1,-1.5
89,3,-1,1.75,1,-2
128,3,-1,1.75,2,-0.5
74,3,-1,1.75,2,-1
85,3,-1,1.75,2,-1.5
65,3,-1,1.75,2,-2
89,3,-1,1.75,3,-0.5
64,3,-1,1.75,3,-1
55,3,-1,1.75,3,-1.5
103,3,-1,1.75,3,-2
121,3,-1,1.75,4,-0.5
88,3,-1,1.75,4,-1
66,3,-1,1.75,4,-1.5
90,3,-1,1.75,4,-2
103,3,-1,1.75,5,-0.5
84,3,-1,1.75,5,-1
70,3,-1,1.75,5,-1.5
58,3,-1,1.75,5,-2
194,3,-2,0.25,1,-0.5
180,3,-2,0.25,1,-1
135,3,-2,0.25,1,-1.5
142,3,-2,0.25,1,-2
358,3,-2,0.25,2,-0.5
337,3,-2,0.25,2,-1
518,3,-2,0.25,2,-1.5
276,3,-2,0.25,2,-2
330,3,-2,0.25,3,-0.5
176,3,-2,0.25,3,-1
94,3,-2,0.25,3,-1.5
139,3,-2,0.25,3,-2
176,3,-2,0.25,4,-0.5
179,3,-2,0.25,4,-1
425,3,-2,0.25,4,-1.5
73,3,-2,0.25,4,-2
271,3,-2,0.25,5,-0.5
333,3,-2,0.25,5,-1
89,3,-2,0.25,5,-1.5
97,3,-2,0.25,5,-2
196,3,-2,0.75,1,-0.5
94,3,-2,0.75,1,-1
96,3,-2,0.75,1,-1.5
131,3,-2,0.75,1,-2
111,3,-2,0.75,2,-0.5
186,3,-2,0.75,2,-1
51,3,-2,0.75,2,-1.5
82,3,-2,0.75,2,-2
525,3,-2,0.75,3,-0.5
109,3,-2,0.75,3,-1
42,3,-2,0.75,3,-1.5
48,3,-2,0.75,3,-2
96,3,-2,0.75,4,-0.5
36,3,-2,0.75,4,-1
49,3,-2,0.75,4,-1.5
26,3,-2,0.75,4,-2
38,3,-2,0.75,5,-0.5
47,3,-2,0.75,5,-1
59,3,-2,0.75,5,-1.5
60,3,-2,0.75,5,-2
66,3,-2,1.25,1,-0.5
57,3,-2,1.25,1,-1
59,3,-2,1.25,1,-1.5
42,3,-2,1.25,1,-2
74,3,-2,1.25,2,-0.5
51,3,-2,1.25,2,-1
48,3,-2,1.25,2,-1.5
31,3,-2,1.25,2,-2
79,3,-2,1.25,3,-0.5
40,3,-2,1.25,3,-1
49,3,-2,1.25,3,-1.5
69,3,-2,1.25,3,-2
54,3,-2,1.25,4,-0.5
48,3,-2,1.25,4,-1
54,3,-2,1.25,4,-1.5
28,3,-2,1.25,4,-2
43,3,-2,1.25,5,-0.5
46,3,-2,1.25,5,-1
64,3,-2,1.25,5,-1.5
47,3,-2,1.25,5,-2
80,3,-2,1.75,1,-0.5
50,3,-2,1.75,1,-1
60,3,-2,1.75,1,-1.5
74,3,-2,1.75,1,-2
75,3,-2,1.75,2,-0.5
73,3,-2,1.75,2,-1
46,3,-2,1.75,2,-1.5
41,3,-2,1.75,2,-2
80,3,-2,1.75,3,-0.5
48,3,-2,1.75,3,-1
67,3,-2,1.75,3,-1.5
37,3,-2,1.75,3,-2
66,3,-2,1.75,4,-0.5
61,3,-2,1.75,4,-1
38,3,-2,1.75,4,-1.5
41,3,-2,1.75,4,-2
67,3,-2,1.75,5,-0.5
77,3,-2,1.75,5,-1
54,3,-2,1.75,5,-1.5
57,3,-2,1.75,5,-2
409,3,-3,0.25,1,-0.5
253,3,-3,0.25,1,-1
388,3,-3,0.25,1,-1.5
140,3,-3,0.25,1,-2
368,3,-3,0.25,2,-0.5
146,3,-3,0.25,2,-1
466,3,-3,0.25,2,-1.5
272,3,-3,0.25,2,-2
413,3,-3,0.25,3,-0.5
387,3,-3,0.25,3,-1
466,3,-3,0.25,3,-1.5
50,3,-3,0.25,3,-2
375,3,-3,0.25,4,-0.5
126,3,-3,0.25,4,-1
132,3,-3,0.25,4,-1.5
298,3,-3,0.25,4,-2
177,3,-3,0.25,5,-0.5
115,3,-3,0.25,5,-1
163,3,-3,0.25,5,-1.5
71,3,-3,0.25,5,-2
82,3,-3,0.75,1,-0.5
53,3,-3,0.75,1,-1
78,3,-3,0.75,1,-1.5
301,3,-3,0.75,1,-2
96,3,-3,0.75,2,-0.5
79,3,-3,0.75,2,-1
45,3,-3,0.75,2,-1.5
66,3,-3,0.75,2,-2
57,3,-3,0.75,3,-0.5
67,3,-3,0.75,3,-1
93,3,-3,0.75,3,-1.5
141,3,-3,0.75,3,-2
72,3,-3,0.75,4,-0.5
253,3,-3,0.75,4,-1
175,3,-3,0.75,4,-1.5
43,3,-3,0.75,4,-2
254,3,-3,0.75,5,-0.5
71,3,-3,0.75,5,-1
94,3,-3,0.75,5,-1.5
80,3,-3,0.75,5,-2
100,3,-3,1.25,1,-0.5
89,3,-3,1.25,1,-1
38,3,-3,1.25,1,-1.5
27,3,-3,1.25,1,-2
46,3,-3,1.25,2,-0.5
79,3,-3,1.25,2,-1
27,3,-3,1.25,2,-1.5
28,3,-3,1.25,2,-2
49,3,-3,1.25,3,-0.5
49,3,-3,1.25,3,-1
33,3,-3,1.25,3,-1.5
36,3,-3,1.25,3,-2
70,3,-3,1.25,4,-0.5
25,3,-3,1.25,4,-1
39,3,-3,1.25,4,-1.5
29,3,-3,1.25,4,-2
47,3,-3,1.25,5,-0.5
41,3,-3,1.25,5,-1
45,3,-3,1.25,5,-1.5
15,3,-3,1.25,5,-2
108,3,-3,1.75,1,-0.5
94,3,-3,1.75,1,-1
63,3,-3,1.75,1,-1.5
29,3,-3,1.75,1,-2
81,3,-3,1.75,2,-0.5
46,3,-3,1.75,2,-1
61,3,-3,1.75,2,-1.5
44,3,-3,1.75,2,-2
91,3,-3,1.75,3,-0.5
32,3,-3,1.75,3,-1
35,3,-3,1.75,3,-1.5
52,3,-3,1.75,3,-2
30,3,-3,1.75,4,-0.5
44,3,-3,1.75,4,-1
53,3,-3,1.75,4,-1.5
56,3,-3,1.75,4,-2
54,3,-3,1.75,5,-0.5
41,3,-3,1.75,5,-1
44,3,-3,1.75,5,-1.5
33,3,-3,1.75,5,-2
320,3,-4,0.25,1,-0.5
303,3,-4,0.25,1,-1
157,3,-4,0.25,1,-1.5
277,3,-4,0.25,1,-2
410,3,-4,0.25,2,-0.5
360,3,-4,0.25,2,-1
236,3,-4,0.25,2,-1.5
505,3,-4,0.25,2,-2
436,3,-4,0.25,3,-0.5
342,3,-4,0.25,3,-1
305,3,-4,0.25,3,-1.5
505,3,-4,0.25,3,-2
166,3,-4,0.25,4,-0.5
371,3,-4,0.25,4,-1
236,3,-4,0.25,4,-1.5
227,3,-4,0.25,4,-2
521,3,-4,0.25,5,-0.5
132,3,-4,0.25,5,-1
118,3,-4,0.25,5,-1.5
50,3,-4,0.25,5,-2
99,3,-4,0.75,1,-0.5
50,3,-4,0.75,1,-1
114,3,-4,0.75,1,-1.5
36,3,-4,0.75,1,-2
389,3,-4,0.75,2,-0.5
69,3,-4,0.75,2,-1
68,3,-4,0.75,2,-1.5
277,3,-4,0.75,2,-2
54,3,-4,0.75,3,-0.5
353,3,-4,0.75,3,-1
31,3,-4,0.75,3,-1.5
382,3,-4,0.75,3,-2
98,3,-4,0.75,4,-0.5
208,3,-4,0.75,4,-1
103,3,-4,0.75,4,-1.5
83,3,-4,0.75,4,-2
70,3,-4,0.75,5,-0.5
68,3,-4,0.75,5,-1
75,3,-4,0.75,5,-1.5
48,3,-4,0.75,5,-2
217,3,-4,1.25,1,-0.5
190,3,-4,1.25,1,-1
56,3,-4,1.25,1,-1.5
93,3,-4,1.25,1,-2
487,3,-4,1.25,2,-0.5
49,3,-4,1.25,2,-1
64,3,-4,1.25,2,-1.5
21,3,-4,1.25,2,-2
57,3,-4,1.25,3,-0.5
38,3,-4,1.25,3,-1
59,3,-4,1.25,3,-1.5
54,3,-4,1.25,3,-2
267,3,-4,1.25,4,-0.5
141,3,-4,1.25,4,-1
22,3,-4,1.25,4,-1.5
46,3,-4,1.25,4,-2
46,3,-4,1.25,5,-0.5
43,3,-4,1.25,5,-1
46,3,-4,1.25,5,-1.5
48,3,-4,1.25,5,-2
79,3,-4,1.75,1,-0.5
43,3,-4,1.75,1,-1
37,3,-4,1.75,1,-1.5
45,3,-4,1.75,1,-2
57,3,-4,1.75,2,-0.5
70,3,-4,1.75,2,-1
29,3,-4,1.75,2,-1.5
37,3,-4,1.75,2,-2
64,3,-4,1.75,3,-0.5
37,3,-4,1.75,3,-1
153,3,-4,1.75,3,-1.5
21,3,-4,1.75,3,-2
23,3,-4,1.75,4,-0.5
90,3,-4,1.75,4,-1
54,3,-4,1.75,4,-1.5
55,3,-4,1.75,4,-2
64,3,-4,1.75,5,-0.5
30,3,-4,1.75,5,-1
31,3,-4,1.75,5,-1.5
31,3,-4,1.75,5,-2
443,3,-5,0.25,1,-0.5
396,3,-5,0.25,1,-1
363,3,-5,0.25,1,-1.5
448,3,-5,0.25,1,-2
551,3,-5,0.25,2,-0.5
209,3,-5,0.25,2,-1
449,3,-5,0.25,2,-1.5
161,3,-5,0.25,2,-2
334,3,-5,0.25,3,-0.5
124,3,-5,0.25,3,-1
204,3,-5,0.25,3,-1.5
153,3,-5,0.25,3,-2
457,3,-5,0.25,4,-0.5
306,3,-5,0.25,4,-1
171,3,-5,0.25,4,-1.5
184,3,-5,0.25,4,-2
242,3,-5,0.25,5,-0.5
272,3,-5,0.25,5,-1
313,3,-5,0.25,5,-1.5
202,3,-5,0.25,5,-2
297,3,-5,0.75,1,-0.5
367,3,-5,0.75,1,-1
127,3,-5,0.75,1,-1.5
55,3,-5,0.75,1,-2
652,3,-5,0.75,2,-0.5
178,3,-5,0.75,2,-1
300,3,-5,0.75,2,-1.5
214,3,-5,0.75,2,-2
145,3,-5,0.75,3,-0.5
441,3,-5,0.75,3,-1
42,3,-5,0.75,3,-1.5
43,3,-5,0.75,3,-2
96,3,-5,0.75,4,-0.5
441,3,-5,0.75,4,-1
64,3,-5,0.75,4,-1.5
172,3,-5,0.75,4,-2
106,3,-5,0.75,5,-0.5
95,3,-5,0.75,5,-1
104,3,-5,0.75,5,-1.5
46,3,-5,0.75,5,-2
525,3,-5,1.25,1,-0.5
197,3,-5,1.25,1,-1
69,3,-5,1.25,1,-1.5
108,3,-5,1.25,1,-2
356,3,-5,1.25,2,-0.5
229,3,-5,1.25,2,-1
85,3,-5,1.25,2,-1.5
56,3,-5,1.25,2,-2
90,3,-5,1.25,3,-0.5
90,3,-5,1.25,3,-1
18,3,-5,1.25,3,-1.5
51,3,-5,1.25,3,-2
384,3,-5,1.25,4,-0.5
267,3,-5,1.25,4,-1
63,3,-5,1.25,4,-1.5
37,3,-5,1.25,4,-2
113,3,-5,1.25,5,-0.5
79,3,-5,1.25,5,-1
173,3,-5,1.25,5,-1.5
47,3,-5,1.25,5,-2
49,3,-5,1.75,1,-0.5
41,3,-5,1.75,1,-1
93,3,-5,1.75,1,-1.5
31,3,-5,1.75,1,-2
45,3,-5,1.75,2,-0.5
74,3,-5,1.75,2,-1
32,3,-5,1.75,2,-1.5
31,3,-5,1.75,2,-2
104,3,-5,1.75,3,-0.5
350,3,-5,1.75,3,-1
27,3,-5,1.75,3,-1.5
66,3,-5,1.75,3,-2
68,3,-5,1.75,4,-0.5
43,3,-5,1.75,4,-1
32,3,-5,1.75,4,-1.5
27,3,-5,1.75,4,-2
25,3,-5,1.75,5,-0.5
23,3,-5,1.75,5,-1
29,3,-5,1.75,5,-1.5
36,3,-5,1.75,5,-2
538,4,-1,0.25,1,-0.5
348,4,-1,0.25,1,-1
172,4,-1,0.25,1,-1.5
136,4,-1,0.25,1,-2
343,4,-1,0.25,2,-0.5
150,4,-1,0.25,2,-1
180,4,-1,0.25,2,-1.5
80,4,-1,0.25,2,-2
125,4,-1,0.25,3,-0.5
124,4,-1,0.25,3,-1
97,4,-1,0.25,3,-1.5
103,4,-1,0.25,3,-2
158,4,-1,0.25,4,-0.5
120,4,-1,0.25,4,-1
147,4,-1,0.25,4,-1.5
102,4,-1,0.25,4,-2
167,4,-1,0.25,5,-0.5
141,4,-1,0.25,5,-1
100,4,-1,0.25,5,-1.5
73,4,-1,0.25,5,-2
106,4,-1,0.75,1,-0.5
146,4,-1,0.75,1,-1
109,4,-1,0.75,1,-1.5
74,4,-1,0.75,1,-2
137,4,-1,0.75,2,-0.5
80,4,-1,0.75,2,-1
48,4,-1,0.75,2,-1.5
47,4,-1,0.75,2,-2
124,4,-1,0.75,3,-0.5
82,4,-1,0.75,3,-1
105,4,-1,0.75,3,-1.5
49,4,-1,0.75,3,-2
109,4,-1,0.75,4,-0.5
103,4,-1,0.75,4,-1
96,4,-1,0.75,4,-1.5
70,4,-1,0.75,4,-2
126,4,-1,0.75,5,-0.5
101,4,-1,0.75,5,-1
121,4,-1,0.75,5,-1.5
64,4,-1,0.75,5,-2
123,4,-1,1.25,1,-0.5
70,4,-1,1.25,1,-1
84,4,-1,1.25,1,-1.5
92,4,-1,1.25,1,-2
94,4,-1,1.25,2,-0.5
77,4,-1,1.25,2,-1
67,4,-1,1.25,2,-1.5
54,4,-1,1.25,2,-2
83,4,-1,1.25,3,-0.5
78,4,-1,1.25,3,-1
60,4,-1,1.25,3,-1.5
90,4,-1,1.25,3,-2
96,4,-1,1.25,4,-0.5
52,4,-1,1.25,4,-1
57,4,-1,1.25,4,-1.5
59,4,-1,1.25,4,-2
85,4,-1,1.25,5,-0.5
58,4,-1,1.25,5,-1
36,4,-1,1.25,5,-1.5
40,4,-1,1.25,5,-2
119,4,-1,1.75,1,-0.5
93,4,-1,1.75,1,-1
83,4,-1,1.75,1,-1.5
72,4,-1,1.75,1,-2
113,4,-1,1.75,2,-0.5
91,4,-1,1.75,2,-1
80,4,-1,1.75,2,-1.5
66,4,-1,1.75,2,-2
106,4,-1,1.75,3,-0.5
86,4,-1,1.75,3,-1
64,4,-1,1.75,3,-1.5
42,4,-1,1.75,3,-2
62,4,-1,1.75,4,-0.5
90,4,-1,1.75,4,-1
82,4,-1,1.75,4,-1.5
62,4,-1,1.75,4,-2
84,4,-1,1.75,5,-0.5
72,4,-1,1.75,5,-1
73,4,-1,1.75,5,-1.5
71,4,-1,1.75,5,-2
388,4,-2,0.25,1,-0.5
313,4,-2,0.25,1,-1
245,4,-2,0.25,1,-1.5
133,4,-2,0.25,1,-2
388,4,-2,0.25,2,-0.5
240,4,-2,0.25,2,-1
175,4,-2,0.25,2,-1.5
62,4,-2,0.25,2,-2
160,4,-2,0.25,3,-0.5
454,4,-2,0.25,3,-1
150,4,-2,0.25,3,-1.5
110,4,-2,0.25,3,-2
496,4,-2,0.25,4,-0.5
171,4,-2,0.25,4,-1
110,4,-2,0.25,4,-1.5
98,4,-2,0.25,4,-2
228,4,-2,0.25,5,-0.5
118,4,-2,0.25,5,-1
155,4,-2,0.25,5,-1.5
103,4,-2,0.25,5,-2
148,4,-2,0.75,1,-0.5
368,4,-2,0.75,1,-1
55,4,-2,0.75,1,-1.5
53,4,-2,0.75,1,-2
98,4,-2,0.75,2,-0.5
93,4,-2,0.75,2,-1
64,4,-2,0.75,2,-1.5
41,4,-2,0.75,2,-2
113,4,-2,0.75,3,-0.5
84,4,-2,0.75,3,-1
70,4,-2,0.75,3,-1.5
51,4,-2,0.75,3,-2
196,4,-2,0.75,4,-0.5
48,4,-2,0.75,4,-1
41,4,-2,0.75,4,-1.5
102,4,-2,0.75,4,-2
56,4,-2,0.75,5,-0.5
109,4,-2,0.75,5,-1
78,4,-2,0.75,5,-1.5
63,4,-2,0.75,5,-2
137,4,-2,1.25,1,-0.5
54,4,-2,1.25,1,-1
100,4,-2,1.25,1,-1.5
50,4,-2,1.25,1,-2
100,4,-2,1.25,2,-0.5
34,4,-2,1.25,2,-1
107,4,-2,1.25,2,-1.5
63,4,-2,1.25,2,-2
78,4,-2,1.25,3,-0.5
37,4,-2,1.25,3,-1
49,4,-2,1.25,3,-1.5
35,4,-2,1.25,3,-2
56,4,-2,1.25,4,-0.5
101,4,-2,1.25,4,-1
54,4,-2,1.25,4,-1.5
47,4,-2,1.25,4,-2
79,4,-2,1.25,5,-0.5
101,4,-2,1.25,5,-1
99,4,-2,1.25,5,-1.5
57,4,-2,1.25,5,-2
127,4,-2,1.75,1,-0.5
63,4,-2,1.75,1,-1
49,4,-2,1.75,1,-1.5
68,4,-2,1.75,1,-2
115,4,-2,1.75,2,-0.5
60,4,-2,1.75,2,-1
68,4,-2,1.75,2,-1.5
55,4,-2,1.75,2,-2
104,4,-2,1.75,3,-0.5
24,4,-2,1.75,3,-1
59,4,-2,1.75,3,-1.5
44,4,-2,1.75,3,-2
62,4,-2,1.75,4,-0.5
48,4,-2,1.75,4,-1
65,4,-2,1.75,4,-1.5
44,4,-2,1.75,4,-2
54,4,-2,1.75,5,-0.5
49,4,-2,1.75,5,-1
100,4,-2,1.75,5,-1.5
40,4,-2,1.75,5,-2
482,4,-3,0.25,1,-0.5
259,4,-3,0.25,1,-1
142,4,-3,0.25,1,-1.5
248,4,-3,0.25,1,-2
335,4,-3,0.25,2,-0.5
190,4,-3,0.25,2,-1
258,4,-3,0.25,2,-1.5
151,4,-3,0.25,2,-2
284,4,-3,0.25,3,-0.5
436,4,-3,0.25,3,-1
518,4,-3,0.25,3,-1.5
509,4,-3,0.25,3,-2
408,4,-3,0.25,4,-0.5
207,4,-3,0.25,4,-1
518,4,-3,0.25,4,-1.5
482,4,-3,0.25,4,-2
333,4,-3,0.25,5,-0.5
283,4,-3,0.25,5,-1
271,4,-3,0.25,5,-1.5
191,4,-3,0.25,5,-2
429,4,-3,0.75,1,-0.5
170,4,-3,0.75,1,-1
117,4,-3,0.75,1,-1.5
181,4,-3,0.75,1,-2
75,4,-3,0.75,2,-0.5
102,4,-3,0.75,2,-1
93,4,-3,0.75,2,-1.5
111,4,-3,0.75,2,-2
122,4,-3,0.75,3,-0.5
79,4,-3,0.75,3,-1
77,4,-3,0.75,3,-1.5
191,4,-3,0.75,3,-2
72,4,-3,0.75,4,-0.5
149,4,-3,0.75,4,-1
125,4,-3,0.75,4,-1.5
110,4,-3,0.75,4,-2
21,4,-3,0.75,5,-0.5
85,4,-3,0.75,5,-1
107,4,-3,0.75,5,-1.5
59,4,-3,0.75,5,-2
55,4,-3,1.25,1,-0.5
276,4,-3,1.25,1,-1
88,4,-3,1.25,1,-1.5
77,4,-3,1.25,1,-2
83,4,-3,1.25,2,-0.5
101,4,-3,1.25,2,-1
50,4,-3,1.25,2,-1.5
37,4,-3,1.25,2,-2
69,4,-3,1.25,3,-0.5
56,4,-3,1.25,3,-1
20,4,-3,1.25,3,-1.5
54,4,-3,1.25,3,-2
54,4,-3,1.25,4,-0.5
62,4,-3,1.25,4,-1
23,4,-3,1.25,4,-1.5
66,4,-3,1.25,4,-2
34,4,-3,1.25,5,-0.5
86,4,-3,1.25,5,-1
28,4,-3,1.25,5,-1.5
62,4,-3,1.25,5,-2
78,4,-3,1.75,1,-0.5
55,4,-3,1.75,1,-1
43,4,-3,1.75,1,-1.5
24,4,-3,1.75,1,-2
73,4,-3,1.75,2,-0.5
40,4,-3,1.75,2,-1
82,4,-3,1.75,2,-1.5
42,4,-3,1.75,2,-2
54,4,-3,1.75,3,-0.5
29,4,-3,1.75,3,-1
45,4,-3,1.75,3,-1.5
31,4,-3,1.75,3,-2
71,4,-3,1.75,4,-0.5
33,4,-3,1.75,4,-1
28,4,-3,1.75,4,-1.5
47,4,-3,1.75,4,-2
67,4,-3,1.75,5,-0.5
82,4,-3,1.75,5,-1
29,4,-3,1.75,5,-1.5
39,4,-3,1.75,5,-2
318,4,-4,0.25,1,-0.5
349,4,-4,0.25,1,-1
237,4,-4,0.25,1,-1.5
170,4,-4,0.25,1,-2
306,4,-4,0.25,2,-0.5
349,4,-4,0.25,2,-1
384,4,-4,0.25,2,-1.5
134,4,-4,0.25,2,-2
501,4,-4,0.25,3,-0.5
173,4,-4,0.25,3,-1
516,4,-4,0.25,3,-1.5
178,4,-4,0.25,3,-2
554,4,-4,0.25,4,-0.5
436,4,-4,0.25,4,-1
516,4,-4,0.25,4,-1.5
308,4,-4,0.25,4,-2
554,4,-4,0.25,5,-0.5
374,4,-4,0.25,5,-1
516,4,-4,0.25,5,-1.5
176,4,-4,0.25,5,-2
442,4,-4,0.75,1,-0.5
371,4,-4,0.75,1,-1
129,4,-4,0.75,1,-1.5
207,4,-4,0.75,1,-2
95,4,-4,0.75,2,-0.5
172,4,-4,0.75,2,-1
68,4,-4,0.75,2,-1.5
67,4,-4,0.75,2,-2
79,4,-4,0.75,3,-0.5
99,4,-4,0.75,3,-1
83,4,-4,0.75,3,-1.5
93,4,-4,0.75,3,-2
130,4,-4,0.75,4,-0.5
494,4,-4,0.75,4,-1
74,4,-4,0.75,4,-1.5
81,4,-4,0.75,4,-2
58,4,-4,0.75,5,-0.5
93,4,-4,0.75,5,-1
78,4,-4,0.75,5,-1.5
55,4,-4,0.75,5,-2
160,4,-4,1.25,1,-0.5
242,4,-4,1.25,1,-1
79,4,-4,1.25,1,-1.5
124,4,-4,1.25,1,-2
54,4,-4,1.25,2,-0.5
43,4,-4,1.25,2,-1
62,4,-4,1.25,2,-1.5
158,4,-4,1.25,2,-2
154,4,-4,1.25,3,-0.5
309,4,-4,1.25,3,-1
60,4,-4,1.25,3,-1.5
41,4,-4,1.25,3,-2
56,4,-4,1.25,4,-0.5
262,4,-4,1.25,4,-1
100,4,-4,1.25,4,-1.5
45,4,-4,1.25,4,-2
109,4,-4,1.25,5,-0.5
77,4,-4,1.25,5,-1
154,4,-4,1.25,5,-1.5
68,4,-4,1.25,5,-2
65,4,-4,1.75,1,-0.5
88,4,-4,1.75,1,-1
41,4,-4,1.75,1,-1.5
31,4,-4,1.75,1,-2
38,4,-4,1.75,2,-0.5
109,4,-4,1.75,2,-1
58,4,-4,1.75,2,-1.5
29,4,-4,1.75,2,-2
52,4,-4,1.75,3,-0.5
48,4,-4,1.75,3,-1
31,4,-4,1.75,3,-1.5
55,4,-4,1.75,3,-2
49,4,-4,1.75,4,-0.5
47,4,-4,1.75,4,-1
33,4,-4,1.75,4,-1.5
33,4,-4,1.75,4,-2
39,4,-4,1.75,5,-0.5
64,4,-4,1.75,5,-1
35,4,-4,1.75,5,-1.5
17,4,-4,1.75,5,-2
549,4,-5,0.25,1,-0.5
429,4,-5,0.25,1,-1
259,4,-5,0.25,1,-1.5
92,4,-5,0.25,1,-2
549,4,-5,0.25,2,-0.5
157,4,-5,0.25,2,-1
353,4,-5,0.25,2,-1.5
373,4,-5,0.25,2,-2
336,4,-5,0.25,3,-0.5
360,4,-5,0.25,3,-1
189,4,-5,0.25,3,-1.5
142,4,-5,0.25,3,-2
240,4,-5,0.25,4,-0.5
360,4,-5,0.25,4,-1
509,4,-5,0.25,4,-1.5
174,4,-5,0.25,4,-2
273,4,-5,0.25,5,-0.5
342,4,-5,0.25,5,-1
509,4,-5,0.25,5,-1.5
435,4,-5,0.25,5,-2
627,4,-5,0.75,1,-0.5
432,4,-5,0.75,1,-1
98,4,-5,0.75,1,-1.5
89,4,-5,0.75,1,-2
660,4,-5,0.75,2,-0.5
322,4,-5,0.75,2,-1
78,4,-5,0.75,2,-1.5
332,4,-5,0.75,2,-2
440,4,-5,0.75,3,-0.5
221,4,-5,0.75,3,-1
242,4,-5,0.75,3,-1.5
218,4,-5,0.75,3,-2
519,4,-5,0.75,4,-0.5
63,4,-5,0.75,4,-1
285,4,-5,0.75,4,-1.5
186,4,-5,0.75,4,-2
80,4,-5,0.75,5,-0.5
36,4,-5,0.75,5,-1
106,4,-5,0.75,5,-1.5
122,4,-5,0.75,5,-2
545,4,-5,1.25,1,-0.5
91,4,-5,1.25,1,-1
51,4,-5,1.25,1,-1.5
78,4,-5,1.25,1,-2
310,4,-5,1.25,2,-0.5
79,4,-5,1.25,2,-1
92,4,-5,1.25,2,-1.5
285,4,-5,1.25,2,-2
141,4,-5,1.25,3,-0.5
77,4,-5,1.25,3,-1
192,4,-5,1.25,3,-1.5
122,4,-5,1.25,3,-2
92,4,-5,1.25,4,-0.5
76,4,-5,1.25,4,-1
76,4,-5,1.25,4,-1.5
190,4,-5,1.25,4,-2
86,4,-5,1.25,5,-0.5
46,4,-5,1.25,5,-1
44,4,-5,1.25,5,-1.5
75,4,-5,1.25,5,-2
94,4,-5,1.75,1,-0.5
71,4,-5,1.75,1,-1
32,4,-5,1.75,1,-1.5
34,4,-5,1.75,1,-2
60,4,-5,1.75,2,-0.5
357,4,-5,1.75,2,-1
57,4,-5,1.75,2,-1.5
47,4,-5,1.75,2,-2
48,4,-5,1.75,3,-0.5
49,4,-5,1.75,3,-1
37,4,-5,1.75,3,-1.5
24,4,-5,1.75,3,-2
47,4,-5,1.75,4,-0.5
113,4,-5,1.75,4,-1
43,4,-5,1.75,4,-1.5
23,4,-5,1.75,4,-2
46,4,-5,1.75,5,-0.5
46,4,-5,1.75,5,-1
30,4,-5,1.75,5,-1.5
42,4,-5,1.75,5,-2
268,5,-1,0.25,1,-0.5
241,5,-1,0.25,1,-1
271,5,-1,0.25,1,-1.5
206,5,-1,0.25,1,-2
338,5,-1,0.25,2,-0.5
196,5,-1,0.25,2,-1
131,5,-1,0.25,2,-1.5
187,5,-1,0.25,2,-2
218,5,-1,0.25,3,-0.5
151,5,-1,0.25,3,-1
184,5,-1,0.25,3,-1.5
158,5,-1,0.25,3,-2
444,5,-1,0.25,4,-0.5
215,5,-1,0.25,4,-1
193,5,-1,0.25,4,-1.5
169,5,-1,0.25,4,-2
369,5,-1,0.25,5,-0.5
415,5,-1,0.25,5,-1
111,5,-1,0.25,5,-1.5
111,5,-1,0.25,5,-2
147,5,-1,0.75,1,-0.5
170,5,-1,0.75,1,-1
125,5,-1,0.75,1,-1.5
121,5,-1,0.75,1,-2
143,5,-1,0.75,2,-0.5
82,5,-1,0.75,2,-1
123,5,-1,0.75,2,-1.5
93,5,-1,0.75,2,-2
167,5,-1,0.75,3,-0.5
149,5,-1,0.75,3,-1
88,5,-1,0.75,3,-1.5
34,5,-1,0.75,3,-2
129,5,-1,0.75,4,-0.5
90,5,-1,0.75,4,-1
105,5,-1,0.75,4,-1.5
116,5,-1,0.75,4,-2
102,5,-1,0.75,5,-0.5
119,5,-1,0.75,5,-1
41,5,-1,0.75,5,-1.5
50,5,-1,0.75,5,-2
119,5,-1,1.25,1,-0.5
74,5,-1,1.25,1,-1
113,5,-1,1.25,1,-1.5
69,5,-1,1.25,1,-2
137,5,-1,1.25,2,-0.5
118,5,-1,1.25,2,-1
110,5,-1,1.25,2,-1.5
83,5,-1,1.25,2,-2
103,5,-1,1.25,3,-0.5
96,5,-1,1.25,3,-1
60,5,-1,1.25,3,-1.5
71,5,-1,1.25,3,-2
114,5,-1,1.25,4,-0.5
78,5,-1,1.25,4,-1
43,5,-1,1.25,4,-1.5
85,5,-1,1.25,4,-2
90,5,-1,1.25,5,-0.5
110,5,-1,1.25,5,-1
54,5,-1,1.25,5,-1.5
72,5,-1,1.25,5,-2
142,5,-1,1.75,1,-0.5
107,5,-1,1.75,1,-1
65,5,-1,1.75,1,-1.5
83,5,-1,1.75,1,-2
132,5,-1,1.75,2,-0.5
110,5,-1,1.75,2,-1
96,5,-1,1.75,2,-1.5
52,5,-1,1.75,2,-2
131,5,-1,1.75,3,-0.5
123,5,-1,1.75,3,-1
83,5,-1,1.75,3,-1.5
67,5,-1,1.75,3,-2
91,5,-1,1.75,4,-0.5
79,5,-1,1.75,4,-1
63,5,-1,1.75,4,-1.5
49,5,-1,1.75,4,-2
100,5,-1,1.75,5,-0.5
108,5,-1,1.75,5,-1
69,5,-1,1.75,5,-1.5
76,5,-1,1.75,5,-2
263,5,-2,0.25,1,-0.5
392,5,-2,0.25,1,-1
451,5,-2,0.25,1,-1.5
260,5,-2,0.25,1,-2
283,5,-2,0.25,2,-0.5
209,5,-2,0.25,2,-1
138,5,-2,0.25,2,-1.5
291,5,-2,0.25,2,-2
448,5,-2,0.25,3,-0.5
415,5,-2,0.25,3,-1
98,5,-2,0.25,3,-1.5
397,5,-2,0.25,3,-2
354,5,-2,0.25,4,-0.5
184,5,-2,0.25,4,-1
97,5,-2,0.25,4,-1.5
163,5,-2,0.25,4,-2
316,5,-2,0.25,5,-0.5
346,5,-2,0.25,5,-1
259,5,-2,0.25,5,-1.5
113,5,-2,0.25,5,-2
380,5,-2,0.75,1,-0.5
543,5,-2,0.75,1,-1
136,5,-2,0.75,1,-1.5
136,5,-2,0.75,1,-2
181,5,-2,0.75,2,-0.5
282,5,-2,0.75,2,-1
136,5,-2,0.75,2,-1.5
61,5,-2,0.75,2,-2
108,5,-2,0.75,3,-0.5
93,5,-2,0.75,3,-1
53,5,-2,0.75,3,-1.5
130,5,-2,0.75,3,-2
76,5,-2,0.75,4,-0.5
141,5,-2,0.75,4,-1
87,5,-2,0.75,4,-1.5
54,5,-2,0.75,4,-2
110,5,-2,0.75,5,-0.5
113,5,-2,0.75,5,-1
72,5,-2,0.75,5,-1.5
77,5,-2,0.75,5,-2
122,5,-2,1.25,1,-0.5
463,5,-2,1.25,1,-1
65,5,-2,1.25,1,-1.5
75,5,-2,1.25,1,-2
93,5,-2,1.25,2,-0.5
89,5,-2,1.25,2,-1
108,5,-2,1.25,2,-1.5
90,5,-2,1.25,2,-2
87,5,-2,1.25,3,-0.5
103,5,-2,1.25,3,-1
59,5,-2,1.25,3,-1.5
40,5,-2,1.25,3,-2
53,5,-2,1.25,4,-0.5
110,5,-2,1.25,4,-1
62,5,-2,1.25,4,-1.5
30,5,-2,1.25,4,-2
105,5,-2,1.25,5,-0.5
51,5,-2,1.25,5,-1
30,5,-2,1.25,5,-1.5
51,5,-2,1.25,5,-2
85,5,-2,1.75,1,-0.5
95,5,-2,1.75,1,-1
86,5,-2,1.75,1,-1.5
77,5,-2,1.75,1,-2
120,5,-2,1.75,2,-0.5
78,5,-2,1.75,2,-1
54,5,-2,1.75,2,-1.5
51,5,-2,1.75,2,-2
81,5,-2,1.75,3,-0.5
27,5,-2,1.75,3,-1
53,5,-2,1.75,3,-1.5
66,5,-2,1.75,3,-2
70,5,-2,1.75,4,-0.5
56,5,-2,1.75,4,-1
105,5,-2,1.75,4,-1.5
65,5,-2,1.75,4,-2
79,5,-2,1.75,5,-0.5
48,5,-2,1.75,5,-1
46,5,-2,1.75,5,-1.5
47,5,-2,1.75,5,-2
502,5,-3,0.25,1,-0.5
442,5,-3,0.25,1,-1
168,5,-3,0.25,1,-1.5
233,5,-3,0.25,1,-2
434,5,-3,0.25,2,-0.5
442,5,-3,0.25,2,-1
137,5,-3,0.25,2,-1.5
122,5,-3,0.25,2,-2
301,5,-3,0.25,3,-0.5
157,5,-3,0.25,3,-1
333,5,-3,0.25,3,-1.5
512,5,-3,0.25,3,-2
159,5,-3,0.25,4,-0.5
532,5,-3,0.25,4,-1
303,5,-3,0.25,4,-1.5
378,5,-3,0.25,4,-2
281,5,-3,0.25,5,-0.5
151,5,-3,0.25,5,-1
232,5,-3,0.25,5,-1.5
387,5,-3,0.25,5,-2
173,5,-3,0.75,1,-0.5
123,5,-3,0.75,1,-1
123,5,-3,0.75,1,-1.5
107,5,-3,0.75,1,-2
261,5,-3,0.75,2,-0.5
127,5,-3,0.75,2,-1
147,5,-3,0.75,2,-1.5
137,5,-3,0.75,2,-2
97,5,-3,0.75,3,-0.5
334,5,-3,0.75,3,-1
102,5,-3,0.75,3,-1.5
301,5,-3,0.75,3,-2
407,5,-3,0.75,4,-0.5
70,5,-3,0.75,4,-1
113,5,-3,0.75,4,-1.5
100,5,-3,0.75,4,-2
416,5,-3,0.75,5,-0.5
74,5,-3,0.75,5,-1
55,5,-3,0.75,5,-1.5
48,5,-3,0.75,5,-2
134,5,-3,1.25,1,-0.5
236,5,-3,1.25,1,-1
53,5,-3,1.25,1,-1.5
68,5,-3,1.25,1,-2
78,5,-3,1.25,2,-0.5
83,5,-3,1.25,2,-1
83,5,-3,1.25,2,-1.5
90,5,-3,1.25,2,-2
118,5,-3,1.25,3,-0.5
117,5,-3,1.25,3,-1
60,5,-3,1.25,3,-1.5
63,5,-3,1.25,3,-2
79,5,-3,1.25,4,-0.5
93,5,-3,1.25,4,-1
63,5,-3,1.25,4,-1.5
95,5,-3,1.25,4,-2
48,5,-3,1.25,5,-0.5
111,5,-3,1.25,5,-1
47,5,-3,1.25,5,-1.5
37,5,-3,1.25,5,-2
103,5,-3,1.75,1,-0.5
68,5,-3,1.75,1,-1
73,5,-3,1.75,1,-1.5
47,5,-3,1.75,1,-2
105,5,-3,1.75,2,-0.5
57,5,-3,1.75,2,-1
43,5,-3,1.75,2,-1.5
26,5,-3,1.75,2,-2
79,5,-3,1.75,3,-0.5
41,5,-3,1.75,3,-1
138,5,-3,1.75,3,-1.5
53,5,-3,1.75,3,-2
62,5,-3,1.75,4,-0.5
53,5,-3,1.75,4,-1
45,5,-3,1.75,4,-1.5
67,5,-3,1.75,4,-2
126,5,-3,1.75,5,-0.5
78,5,-3,1.75,5,-1
38,5,-3,1.75,5,-1.5
30,5,-3,1.75,5,-2
307,5,-4,0.25,1,-0.5
182,5,-4,0.25,1,-1
157,5,-4,0.25,1,-1.5
149,5,-4,0.25,1,-2
471,5,-4,0.25,2,-0.5
170,5,-4,0.25,2,-1
225,5,-4,0.25,2,-1.5
396,5,-4,0.25,2,-2
494,5,-4,0.25,3,-0.5
207,5,-4,0.25,3,-1
292,5,-4,0.25,3,-1.5
251,5,-4,0.25,3,-2
217,5,-4,0.25,4,-0.5
344,5,-4,0.25,4,-1
180,5,-4,0.25,4,-1.5
493,5,-4,0.25,4,-2
403,5,-4,0.25,5,-0.5
336,5,-4,0.25,5,-1
278,5,-4,0.25,5,-1.5
493,5,-4,0.25,5,-2
427,5,-4,0.75,1,-0.5
228,5,-4,0.75,1,-1
198,5,-4,0.75,1,-1.5
98,5,-4,0.75,1,-2
311,5,-4,0.75,2,-0.5
134,5,-4,0.75,2,-1
335,5,-4,0.75,2,-1.5
83,5,-4,0.75,2,-2
367,5,-4,0.75,3,-0.5
229,5,-4,0.75,3,-1
86,5,-4,0.75,3,-1.5
389,5,-4,0.75,3,-2
421,5,-4,0.75,4,-0.5
122,5,-4,0.75,4,-1
142,5,-4,0.75,4,-1.5
481,5,-4,0.75,4,-2
123,5,-4,0.75,5,-0.5
144,5,-4,0.75,5,-1
406,5,-4,0.75,5,-1.5
183,5,-4,0.75,5,-2
382,5,-4,1.25,1,-0.5
102,5,-4,1.25,1,-1
88,5,-4,1.25,1,-1.5
82,5,-4,1.25,1,-2
389,5,-4,1.25,2,-0.5
150,5,-4,1.25,2,-1
124,5,-4,1.25,2,-1.5
35,5,-4,1.25,2,-2
556,5,-4,1.25,3,-0.5
150,5,-4,1.25,3,-1
50,5,-4,1.25,3,-1.5
41,5,-4,1.25,3,-2
145,5,-4,1.25,4,-0.5
149,5,-4,1.25,4,-1
364,5,-4,1.25,4,-1.5
44,5,-4,1.25,4,-2
56,5,-4,1.25,5,-0.5
53,5,-4,1.25,5,-1
24,5,-4,1.25,5,-1.5
78,5,-4,1.25,5,-2
452,5,-4,1.75,1,-0.5
69,5,-4,1.75,1,-1
39,5,-4,1.75,1,-1.5
153,5,-4,1.75,1,-2
164,5,-4,1.75,2,-0.5
50,5,-4,1.75,2,-1
61,5,-4,1.75,2,-1.5
109,5,-4,1.75,2,-2
75,5,-4,1.75,3,-0.5
47,5,-4,1.75,3,-1
81,5,-4,1.75,3,-1.5
55,5,-4,1.75,3,-2
314,5,-4,1.75,4,-0.5
334,5,-4,1.75,4,-1
48,5,-4,1.75,4,-1.5
97,5,-4,1.75,4,-2
27,5,-4,1.75,5,-0.5
69,5,-4,1.75,5,-1
45,5,-4,1.75,5,-1.5
64,5,-4,1.75,5,-2
391,5,-5,0.25,1,-0.5
481,5,-5,0.25,1,-1
435,5,-5,0.25,1,-1.5
248,5,-5,0.25,1,-2
445,5,-5,0.25,2,-0.5
355,5,-5,0.25,2,-1
433,5,-5,0.25,2,-1.5
158,5,-5,0.25,2,-2
442,5,-5,0.25,3,-0.5
371,5,-5,0.25,3,-1
433,5,-5,0.25,3,-1.5
452,5,-5,0.25,3,-2
206,5,-5,0.25,4,-0.5
371,5,-5,0.25,4,-1
161,5,-5,0.25,4,-1.5
475,5,-5,0.25,4,-2
219,5,-5,0.25,5,-0.5
335,5,-5,0.25,5,-1
164,5,-5,0.25,5,-1.5
475,5,-5,0.25,5,-2
574,5,-5,0.75,1,-0.5
127,5,-5,0.75,1,-1
154,5,-5,0.75,1,-1.5
72,5,-5,0.75,1,-2
1071,5,-5,0.75,2,-0.5
150,5,-5,0.75,2,-1
141,5,-5,0.75,2,-1.5
443,5,-5,0.75,2,-2
514,5,-5,0.75,3,-0.5
481,5,-5,0.75,3,-1
92,5,-5,0.75,3,-1.5
151,5,-5,0.75,3,-2
145,5,-5,0.75,4,-0.5
429,5,-5,0.75,4,-1
213,5,-5,0.75,4,-1.5
47,5,-5,0.75,4,-2
90,5,-5,0.75,5,-0.5
400,5,-5,0.75,5,-1
331,5,-5,0.75,5,-1.5
82,5,-5,0.75,5,-2
119,5,-5,1.25,1,-0.5
318,5,-5,1.25,1,-1
94,5,-5,1.25,1,-1.5
121,5,-5,1.25,1,-2
96,5,-5,1.25,2,-0.5
71,5,-5,1.25,2,-1
154,5,-5,1.25,2,-1.5
61,5,-5,1.25,2,-2
95,5,-5,1.25,3,-0.5
461,5,-5,1.25,3,-1
62,5,-5,1.25,3,-1.5
36,5,-5,1.25,3,-2
228,5,-5,1.25,4,-0.5
310,5,-5,1.25,4,-1
55,5,-5,1.25,4,-1.5
53,5,-5,1.25,4,-2
89,5,-5,1.25,5,-0.5
171,5,-5,1.25,5,-1
31,5,-5,1.25,5,-1.5
93,5,-5,1.25,5,-2
80,5,-5,1.75,1,-0.5
49,5,-5,1.75,1,-1
70,5,-5,1.75,1,-1.5
50,5,-5,1.75,1,-2
100,5,-5,1.75,2,-0.5
76,5,-5,1.75,2,-1
42,5,-5,1.75,2,-1.5
55,5,-5,1.75,2,-2
73,5,-5,1.75,3,-0.5
78,5,-5,1.75,3,-1
45,5,-5,1.75,3,-1.5
126,5,-5,1.75,3,-2
44,5,-5,1.75,4,-0.5
105,5,-5,1.75,4,-1
53,5,-5,1.75,4,-1.5
118,5,-5,1.75,4,-2
541,5,-5,1.75,5,-0.5
59,5,-5,1.75,5,-1
37,5,-5,1.75,5,-1.5
62,5,-5,1.75,5,-2
