130,1,-1,0.25,1,-0.5
53,1,-1,0.25,1,-1
44,1,-1,0.25,1,-1.5
36,1,-1,0.25,1,-2
49,1,-1,0.25,2,-0.5
284,1,-1,0.25,2,-1
58,1,-1,0.25,2,-1.5
54,1,-1,0.25,2,-2
103,1,-1,0.25,3,-0.5
34,1,-1,0.25,3,-1
38,1,-1,0.25,3,-1.5
50,1,-1,0.25,3,-2
57,1,-1,0.25,4,-0.5
55,1,-1,0.25,4,-1
47,1,-1,0.25,4,-1.5
82,1,-1,0.25,4,-2
96,1,-1,0.25,5,-0.5
37,1,-1,0.25,5,-1
61,1,-1,0.25,5,-1.5
52,1,-1,0.25,5,-2
42,1,-1,0.75,1,-0.5
52,1,-1,0.75,1,-1
43,1,-1,0.75,1,-1.5
51,1,-1,0.75,1,-2
46,1,-1,0.75,2,-0.5
76,1,-1,0.75,2,-1
60,1,-1,0.75,2,-1.5
74,1,-1,0.75,2,-2
65,1,-1,0.75,3,-0.5
51,1,-1,0.75,3,-1
53,1,-1,0.75,3,-1.5
66,1,-1,0.75,3,-2
63,1,-1,0.75,4,-0.5
40,1,-1,0.75,4,-1
70,1,-1,0.75,4,-1.5
87,1,-1,0.75,4,-2
44,1,-1,0.75,5,-0.5
66,1,-1,0.75,5,-1
52,1,-1,0.75,5,-1.5
78,1,-1,0.75,5,-2
112,1,-1,1.25,1,-0.5
98,1,-1,1.25,1,-1
88,1,-1,1.25,1,-1.5
81,1,-1,1.25,1,-2
105,1,-1,1.25,2,-0.5
83,1,-1,1.25,2,-1
79,1,-1,1.25,2,-1.5
102,1,-1,1.25,2,-2
113,1,-1,1.25,3,-0.5
97,1,-1,1.25,3,-1
91,1,-1,1.25,3,-1.5
79,1,-1,1.25,3,-2
116,1,-1,1.25,4,-0.5
74,1,-1,1.25,4,-1
97,1,-1,1.25,4,-1.5
101,1,-1,1.25,4,-2
113,1,-1,1.25,5,-0.5
110,1,-1,1.25,5,-1
84,1,-1,1.25,5,-1.5
111,1,-1,1.25,5,-2
183,1,-1,1.75,1,-0.5
123,1,-1,1.75,1,-1
145,1,-1,1.75,1,-1.5
124,1,-1,1.75,1,-2
169,1,-1,1.75,2,-0.5
155,1,-1,1.75,2,-1
104,1,-1,1.75,2,-1.5
94,1,-1,1.75,2,-2
148,1,-1,1.75,3,-0.5
169,1,-1,1.75,3,-1
123,1,-1,1.75,3,-1.5
124,1,-1,1.75,3,-2
172,1,-1,1.75,4,-0.5
112,1,-1,1.75,4,-1
122,1,-1,1.75,4,-1.5
139,1,-1,1.75,4,-2
149,1,-1,1.75,5,-0.5
155,1,-1,1.75,5,-1
133,1,-1,1.75,5,-1.5
121,1,-1,1.75,5,-2
22,1,-2,0.25,1,-0.5
194,1,-2,0.25,1,-1
272,1,-2,0.25,1,-1.5
38,1,-2,0.25,1,-2
176,1,-2,0.25,2,-0.5
24,1,-2,0.25,2,-1
85,1,-2,0.25,2,-1.5
34,1,-2,0.25,2,-2
83,1,-2,0.25,3,-0.5
38,1,-2,0.25,3,-1
19,1,-2,0.25,3,-1.5
20,1,-2,0.25,3,-2
211,1,-2,0.25,4,-0.5
51,1,-2,0.25,4,-1
158,1,-2,0.25,4,-1.5
36,1,-2,0.25,4,-2
404,1,-2,0.25,5,-0.5
93,1,-2,0.25,5,-1
166,1,-2,0.25,5,-1.5
109,1,-2,0.25,5,-2
26,1,-2,0.75,1,-0.5
27,1,-2,0.75,1,-1
45,1,-2,0.75,1,-1.5
50,1,-2,0.75,1,-2
19,1,-2,0.75,2,-0.5
17,1,-2,0.75,2,-1
40,1,-2,0.75,2,-1.5
23,1,-2,0.75,2,-2
47,1,-2,0.75,3,-0.5
44,1,-2,0.75,3,-1
36,1,-2,0.75,3,-1.5
29,1,-2,0.75,3,-2
31,1,-2,0.75,4,-0.5
29,1,-2,0.75,4,-1
33,1,-2,0.75,4,-1.5
29,1,-2,0.75,4,-2
62,1,-2,0.75,5,-0.5
49,1,-2,0.75,5,-1
36,1,-2,0.75,5,-1.5
55,1,-2,0.75,5,-2
60,1,-2,1.25,1,-0.5
47,1,-2,1.25,1,-1
55,1,-2,1.25,1,-1.5
40,1,-2,1.25,1,-2
58,1,-2,1.25,2,-0.5
35,1,-2,1.25,2,-1
29,1,-2,1.25,2,-1.5
50,1,-2,1.25,2,-2
74,1,-2,1.25,3,-0.5
48,1,-2,1.25,3,-1
45,1,-2,1.25,3,-1.5
40,1,-2,1.25,3,-2
72,1,-2,1.25,4,-0.5
60,1,-2,1.25,4,-1
53,1,-2,1.25,4,-1.5
50,1,-2,1.25,4,-2
68,1,-2,1.25,5,-0.5
44,1,-2,1.25,5,-1
28,1,-2,1.25,5,-1.5
67,1,-2,1.25,5,-2
110,1,-2,1.75,1,-0.5
109,1,-2,1.75,1,-1
98,1,-2,1.75,1,-1.5
66,1,-2,1.75,1,-2
103,1,-2,1.75,2,-0.5
83,1,-2,1.75,2,-1
78,1,-2,1.75,2,-1.5
68,1,-2,1.75,2,-2
113,1,-2,1.75,3,-0.5
84,1,-2,1.75,3,-1
80,1,-2,1.75,3,-1.5
80,1,-2,1.75,3,-2
134,1,-2,1.75,4,-0.5
96,1,-2,1.75,4,-1
100,1,-2,1.75,4,-1.5
85,1,-2,1.75,4,-2
100,1,-2,1.75,5,-0.5
98,1,-2,1.75,5,-1
76,1,-2,1.75,5,-1.5
72,1,-2,1.75,5,-2
54,1,-3,0.25,1,-0.5
507,1,-3,0.25,1,-1
133,1,-3,0.25,1,-1.5
88,1,-3,0.25,1,-2
374,1,-3,0.25,2,-0.5
212,1,-3,0.25,2,-1
118,1,-3,0.25,2,-1.5
84,1,-3,0.25,2,-2
374,1,-3,0.25,3,-0.5
149,1,-3,0.25,3,-1
237,1,-3,0.25,3,-1.5
47,1,-3,0.25,3,-2
333,1,-3,0.25,4,-0.5
154,1,-3,0.25,4,-1
42,1,-3,0.25,4,-1.5
57,1,-3,0.25,4,-2
333,1,-3,0.25,5,-0.5
292,1,-3,0.25,5,-1
243,1,-3,0.25,5,-1.5
41,1,-3,0.25,5,-2
33,1,-3,0.75,1,-0.5
56,1,-3,0.75,1,-1
37,1,-3,0.75,1,-1.5
32,1,-3,0.75,1,-2
27,1,-3,0.75,2,-0.5
72,1,-3,0.75,2,-1
55,1,-3,0.75,2,-1.5
17,1,-3,0.75,2,-2
39,1,-3,0.75,3,-0.5
23,1,-3,0.75,3,-1
46,1,-3,0.75,3,-1.5
47,1,-3,0.75,3,-2
264,1,-3,0.75,4,-0.5
20,1,-3,0.75,4,-1
40,1,-3,0.75,4,-1.5
29,1,-3,0.75,4,-2
38,1,-3,0.75,5,-0.5
505,1,-3,0.75,5,-1
44,1,-3,0.75,5,-1.5
25,1,-3,0.75,5,-2
40,1,-3,1.25,1,-0.5
34,1,-3,1.25,1,-1
36,1,-3,1.25,1,-1.5
26,1,-3,1.25,1,-2
30,1,-3,1.25,2,-0.5
40,1,-3,1.25,2,-1
23,1,-3,1.25,2,-1.5
18,1,-3,1.25,2,-2
47,1,-3,1.25,3,-0.5
21,1,-3,1.25,3,-1
35,1,-3,1.25,3,-1.5
52,1,-3,1.25,3,-2
31,1,-3,1.25,4,-0.5
38,1,-3,1.25,4,-1
39,1,-3,1.25,4,-1.5
24,1,-3,1.25,4,-2
43,1,-3,1.25,5,-0.5
121,1,-3,1.25,5,-1
28,1,-3,1.25,5,-1.5
45,1,-3,1.25,5,-2
91,1,-3,1.75,1,-0.5
59,1,-3,1.75,1,-1
45,1,-3,1.75,1,-1.5
51,1,-3,1.75,1,-2
67,1,-3,1.75,2,-0.5
70,1,-3,1.75,2,-1
59,1,-3,1.75,2,-1.5
53,1,-3,1.75,2,-2
59,1,-3,1.75,3,-0.5
59,1,-3,1.75,3,-1
29,1,-3,1.75,3,-1.5
38,1,-3,1.75,3,-2
73,1,-3,1.75,4,-0.5
82,1,-3,1.75,4,-1
63,1,-3,1.75,4,-1.5
60,1,-3,1.75,4,-2
81,1,-3,1.75,5,-0.5
60,1,-3,1.75,5,-1
60,1,-3,1.75,5,-1.5
67,1,-3,1.75,5,-2
233,1,-4,0.25,1,-0.5
200,1,-4,0.25,1,-1
69,1,-4,0.25,1,-1.5
314,1,-4,0.25,1,-2
224,1,-4,0.25,2,-0.5
188,1,-4,0.25,2,-1
74,1,-4,0.25,2,-1.5
226,1,-4,0.25,2,-2
253,1,-4,0.25,3,-0.5
199,1,-4,0.25,3,-1
287,1,-4,0.25,3,-1.5
47,1,-4,0.25,3,-2
270,1,-4,0.25,4,-0.5
371,1,-4,0.25,4,-1
62,1,-4,0.25,4,-1.5
36,1,-4,0.25,4,-2
101,1,-4,0.25,5,-0.5
107,1,-4,0.25,5,-1
63,1,-4,0.25,5,-1.5
73,1,-4,0.25,5,-2
48,1,-4,0.75,1,-0.5
36,1,-4,0.75,1,-1
27,1,-4,0.75,1,-1.5
96,1,-4,0.75,1,-2
533,1,-4,0.75,2,-0.5
26,1,-4,0.75,2,-1
31,1,-4,0.75,2,-1.5
298,1,-4,0.75,2,-2
72,1,-4,0.75,3,-0.5
28,1,-4,0.75,3,-1
43,1,-4,0.75,3,-1.5
99,1,-4,0.75,3,-2
23,1,-4,0.75,4,-0.5
51,1,-4,0.75,4,-1
50,1,-4,0.75,4,-1.5
49,1,-4,0.75,4,-2
25,1,-4,0.75,5,-0.5
31,1,-4,0.75,5,-1
21,1,-4,0.75,5,-1.5
35,1,-4,0.75,5,-2
33,1,-4,1.25,1,-0.5
34,1,-4,1.25,1,-1
96,1,-4,1.25,1,-1.5
75,1,-4,1.25,1,-2
43,1,-4,1.25,2,-0.5
22,1,-4,1.25,2,-1
52,1,-4,1.25,2,-1.5
24,1,-4,1.25,2,-2
46,1,-4,1.25,3,-0.5
32,1,-4,1.25,3,-1
40,1,-4,1.25,3,-1.5
37,1,-4,1.25,3,-2
43,1,-4,1.25,4,-0.5
66,1,-4,1.25,4,-1
33,1,-4,1.25,4,-1.5
32,1,-4,1.25,4,-2
53,1,-4,1.25,5,-0.5
17,1,-4,1.25,5,-1
33,1,-4,1.25,5,-1.5
26,1,-4,1.25,5,-2
88,1,-4,1.75,1,-0.5
51,1,-4,1.75,1,-1
23,1,-4,1.75,1,-1.5
35,1,-4,1.75,1,-2
68,1,-4,1.75,2,-0.5
54,1,-4,1.75,2,-1
64,1,-4,1.75,2,-1.5
42,1,-4,1.75,2,-2
58,1,-4,1.75,3,-0.5
106,1,-4,1.75,3,-1
22,1,-4,1.75,3,-1.5
21,1,-4,1.75,3,-2
50,1,-4,1.75,4,-0.5
109,1,-4,1.75,4,-1
28,1,-4,1.75,4,-1.5
49,1,-4,1.75,4,-2
55,1,-4,1.75,5,-0.5
126,1,-4,1.75,5,-1
45,1,-4,1.75,5,-1.5
55,1,-4,1.75,5,-2
211,1,-5,0.25,1,-0.5
107,1,-5,0.25,1,-1
176,1,-5,0.25,1,-1.5
148,1,-5,0.25,1,-2
478,1,-5,0.25,2,-0.5
454,1,-5,0.25,2,-1
176,1,-5,0.25,2,-1.5
47,1,-5,0.25,2,-2
189,1,-5,0.25,3,-0.5
364,1,-5,0.25,3,-1
66,1,-5,0.25,3,-1.5
42,1,-5,0.25,3,-2
271,1,-5,0.25,4,-0.5
114,1,-5,0.25,4,-1
23,1,-5,0.25,4,-1.5
76,1,-5,0.25,4,-2
171,1,-5,0.25,5,-0.5
196,1,-5,0.25,5,-1
138,1,-5,0.25,5,-1.5
28,1,-5,0.25,5,-2
194,1,-5,0.75,1,-0.5
186,1,-5,0.75,1,-1
110,1,-5,0.75,1,-1.5
147,1,-5,0.75,1,-2
115,1,-5,0.75,2,-0.5
51,1,-5,0.75,2,-1
74,1,-5,0.75,2,-1.5
19,1,-5,0.75,2,-2
525,1,-5,0.75,3,-0.5
291,1,-5,0.75,3,-1
42,1,-5,0.75,3,-1.5
56,1,-5,0.75,3,-2
24,1,-5,0.75,4,-0.5
123,1,-5,0.75,4,-1
90,1,-5,0.75,4,-1.5
206,1,-5,0.75,4,-2
24,1,-5,0.75,5,-0.5
203,1,-5,0.75,5,-1
223,1,-5,0.75,5,-1.5
51,1,-5,0.75,5,-2
37,1,-5,1.25,1,-0.5
28,1,-5,1.25,1,-1
34,1,-5,1.25,1,-1.5
49,1,-5,1.25,1,-2
33,1,-5,1.25,2,-0.5
57,1,-5,1.25,2,-1
173,1,-5,1.25,2,-1.5
38,1,-5,1.25,2,-2
67,1,-5,1.25,3,-0.5
38,1,-5,1.25,3,-1
32,1,-5,1.25,3,-1.5
29,1,-5,1.25,3,-2
51,1,-5,1.25,4,-0.5
48,1,-5,1.25,4,-1
30,1,-5,1.25,4,-1.5
71,1,-5,1.25,4,-2
49,1,-5,1.25,5,-0.5
35,1,-5,1.25,5,-1
30,1,-5,1.25,5,-1.5
21,1,-5,1.25,5,-2
47,1,-5,1.75,1,-0.5
50,1,-5,1.75,1,-1
38,1,-5,1.75,1,-1.5
34,1,-5,1.75,1,-2
41,1,-5,1.75,2,-0.5
51,1,-5,1.75,2,-1
30,1,-5,1.75,2,-1.5
34,1,-5,1.75,2,-2
44,1,-5,1.75,3,-0.5
29,1,-5,1.75,3,-1
39,1,-5,1.75,3,-1.5
28,1,-5,1.75,3,-2
32,1,-5,1.75,4,-0.5
29,1,-5,1.75,4,-1
37,1,-5,1.75,4,-1.5
55,1,-5,1.75,4,-2
49,1,-5,1.75,5,-0.5
35,1,-5,1.75,5,-1
53,1,-5,1.75,5,-1.5
46,1,-5,1.75,5,-2
230,2,-1,0.25,1,-0.5
76,2,-1,0.25,1,-1
30,2,-1,0.25,1,-1.5
18,2,-1,0.25,1,-2
133,2,-1,0.25,2,-0.5
119,2,-1,0.25,2,-1
35,2,-1,0.25,2,-1.5
39,2,-1,0.25,2,-2
88,2,-1,0.25,3,-0.5
99,2,-1,0.25,3,-1
60,2,-1,0.25,3,-1.5
39,2,-1,0.25,3,-2
151,2,-1,0.25,4,-0.5
73,2,-1,0.25,4,-1
61,2,-1,0.25,4,-1.5
70,2,-1,0.25,4,-2
93,2,-1,0.25,5,-0.5
74,2,-1,0.25,5,-1
65,2,-1,0.25,5,-1.5
73,2,-1,0.25,5,-2
45,2,-1,0.75,1,-0.5
46,2,-1,0.75,1,-1
30,2,-1,0.75,1,-1.5
24,2,-1,0.75,1,-2
32,2,-1,0.75,2,-0.5
36,2,-1,0.75,2,-1
38,2,-1,0.75,2,-1.5
32,2,-1,0.75,2,-2
28,2,-1,0.75,3,-0.5
52,2,-1,0.75,3,-1
39,2,-1,0.75,3,-1.5
48,2,-1,0.75,3,-2
62,2,-1,0.75,4,-0.5
45,2,-1,0.75,4,-1
52,2,-1,0.75,4,-1.5
45,2,-1,0.75,4,-2
60,2,-1,0.75,5,-0.5
57,2,-1,0.75,5,-1
40,2,-1,0.75,5,-1.5
53,2,-1,0.75,5,-2
87,2,-1,1.25,1,-0.5
29,2,-1,1.25,1,-1
52,2,-1,1.25,1,-1.5
52,2,-1,1.25,1,-2
98,2,-1,1.25,2,-0.5
61,2,-1,1.25,2,-1
44,2,-1,1.25,2,-1.5
70,2,-1,1.25,2,-2
72,2,-1,1.25,3,-0.5
91,2,-1,1.25,3,-1
59,2,-1,1.25,3,-1.5
59,2,-1,1.25,3,-2
111,2,-1,1.25,4,-0.5
74,2,-1,1.25,4,-1
67,2,-1,1.25,4,-1.5
67,2,-1,1.25,4,-2
93,2,-1,1.25,5,-0.5
76,2,-1,1.25,5,-1
87,2,-1,1.25,5,-1.5
50,2,-1,1.25,5,-2
144,2,-1,1.75,1,-0.5
111,2,-1,1.75,1,-1
104,2,-1,1.75,1,-1.5
70,2,-1,1.75,1,-2
138,2,-1,1.75,2,-0.5
99,2,-1,1.75,2,-1
124,2,-1,1.75,2,-1.5
95,2,-1,1.75,2,-2
115,2,-1,1.75,3,-0.5
107,2,-1,1.75,3,-1
86,2,-1,1.75,3,-1.5
95,2,-1,1.75,3,-2
118,2,-1,1.75,4,-0.5
90,2,-1,1.75,4,-1
81,2,-1,1.75,4,-1.5
93,2,-1,1.75,4,-2
113,2,-1,1.75,5,-0.5
82,2,-1,1.75,5,-1
101,2,-1,1.75,5,-1.5
103,2,-1,1.75,5,-2
383,2,-2,0.25,1,-0.5
276,2,-2,0.25,1,-1
91,2,-2,0.25,1,-1.5
405,2,-2,0.25,1,-2
146,2,-2,0.25,2,-0.5
290,2,-2,0.25,2,-1
49,2,-2,0.25,2,-1.5
174,2,-2,0.25,2,-2
147,2,-2,0.25,3,-0.5
181,2,-2,0.25,3,-1
83,2,-2,0.25,3,-1.5
55,2,-2,0.25,3,-2
79,2,-2,0.25,4,-0.5
57,2,-2,0.25,4,-1
31,2,-2,0.25,4,-1.5
63,2,-2,0.25,4,-2
189,2,-2,0.25,5,-0.5
56,2,-2,0.25,5,-1
82,2,-2,0.25,5,-1.5
136,2,-2,0.25,5,-2
43,2,-2,0.75,1,-0.5
31,2,-2,0.75,1,-1
24,2,-2,0.75,1,-1.5
39,2,-2,0.75,1,-2
46,2,-2,0.75,2,-0.5
24,2,-2,0.75,2,-1
37,2,-2,0.75,2,-1.5
30,2,-2,0.75,2,-2
21,2,-2,0.75,3,-0.5
46,2,-2,0.75,3,-1
29,2,-2,0.75,3,-1.5
20,2,-2,0.75,3,-2
30,2,-2,0.75,4,-0.5
74,2,-2,0.75,4,-1
19,2,-2,0.75,4,-1.5
34,2,-2,0.75,4,-2
83,2,-2,0.75,5,-0.5
37,2,-2,0.75,5,-1
71,2,-2,0.75,5,-1.5
20,2,-2,0.75,5,-2
47,2,-2,1.25,1,-0.5
31,2,-2,1.25,1,-1
35,2,-2,1.25,1,-1.5
42,2,-2,1.25,1,-2
54,2,-2,1.25,2,-0.5
34,2,-2,1.25,2,-1
28,2,-2,1.25,2,-1.5
44,2,-2,1.25,2,-2
38,2,-2,1.25,3,-0.5
38,2,-2,1.25,3,-1
42,2,-2,1.25,3,-1.5
37,2,-2,1.25,3,-2
37,2,-2,1.25,4,-0.5
55,2,-2,1.25,4,-1
51,2,-2,1.25,4,-1.5
27,2,-2,1.25,4,-2
40,2,-2,1.25,5,-0.5
38,2,-2,1.25,5,-1
48,2,-2,1.25,5,-1.5
47,2,-2,1.25,5,-2
102,2,-2,1.75,1,-0.5
89,2,-2,1.75,1,-1
60,2,-2,1.75,1,-1.5
55,2,-2,1.75,1,-2
86,2,-2,1.75,2,-0.5
78,2,-2,1.75,2,-1
66,2,-2,1.75,2,-1.5
49,2,-2,1.75,2,-2
78,2,-2,1.75,3,-0.5
53,2,-2,1.75,3,-1
72,2,-2,1.75,3,-1.5
68,2,-2,1.75,3,-2
91,2,-2,1.75,4,-0.5
62,2,-2,1.75,4,-1
68,2,-2,1.75,4,-1.5
46,2,-2,1.75,4,-2
103,2,-2,1.75,5,-0.5
52,2,-2,1.75,5,-1
70,2,-2,1.75,5,-1.5
35,2,-2,1.75,5,-2
382,2,-3,0.25,1,-0.5
195,2,-3,0.25,1,-1
170,2,-3,0.25,1,-1.5
38,2,-3,0.25,1,-2
119,2,-3,0.25,2,-0.5
56,2,-3,0.25,2,-1
181,2,-3,0.25,2,-1.5
148,2,-3,0.25,2,-2
287,2,-3,0.25,3,-0.5
412,2,-3,0.25,3,-1
287,2,-3,0.25,3,-1.5
133,2,-3,0.25,3,-2
268,2,-3,0.25,4,-0.5
198,2,-3,0.25,4,-1
286,2,-3,0.25,4,-1.5
52,2,-3,0.25,4,-2
159,2,-3,0.25,5,-0.5
47,2,-3,0.25,5,-1
77,2,-3,0.25,5,-1.5
238,2,-3,0.25,5,-2
38,2,-3,0.75,1,-0.5
62,2,-3,0.75,1,-1
157,2,-3,0.75,1,-1.5
53,2,-3,0.75,1,-2
43,2,-3,0.75,2,-0.5
83,2,-3,0.75,2,-1
61,2,-3,0.75,2,-1.5
31,2,-3,0.75,2,-2
26,2,-3,0.75,3,-0.5
308,2,-3,0.75,3,-1
19,2,-3,0.75,3,-1.5
38,2,-3,0.75,3,-2
52,2,-3,0.75,4,-0.5
308,2,-3,0.75,4,-1
89,2,-3,0.75,4,-1.5
22,2,-3,0.75,4,-2
65,2,-3,0.75,5,-0.5
84,2,-3,0.75,5,-1
73,2,-3,0.75,5,-1.5
30,2,-3,0.75,5,-2
57,2,-3,1.25,1,-0.5
82,2,-3,1.25,1,-1
20,2,-3,1.25,1,-1.5
48,2,-3,1.25,1,-2
31,2,-3,1.25,2,-0.5
18,2,-3,1.25,2,-1
26,2,-3,1.25,2,-1.5
34,2,-3,1.25,2,-2
48,2,-3,1.25,3,-0.5
19,2,-3,1.25,3,-1
24,2,-3,1.25,3,-1.5
47,2,-3,1.25,3,-2
27,2,-3,1.25,4,-0.5
26,2,-3,1.25,4,-1
41,2,-3,1.25,4,-1.5
30,2,-3,1.25,4,-2
48,2,-3,1.25,5,-0.5
30,2,-3,1.25,5,-1
39,2,-3,1.25,5,-1.5
33,2,-3,1.25,5,-2
93,2,-3,1.75,1,-0.5
51,2,-3,1.75,1,-1
46,2,-3,1.75,1,-1.5
48,2,-3,1.75,1,-2
52,2,-3,1.75,2,-0.5
45,2,-3,1.75,2,-1
53,2,-3,1.75,2,-1.5
32,2,-3,1.75,2,-2
58,2,-3,1.75,3,-0.5
32,2,-3,1.75,3,-1
25,2,-3,1.75,3,-1.5
41,2,-3,1.75,3,-2
68,2,-3,1.75,4,-0.5
47,2,-3,1.75,4,-1
27,2,-3,1.75,4,-1.5
45,2,-3,1.75,4,-2
69,2,-3,1.75,5,-0.5
65,2,-3,1.75,5,-1
36,2,-3,1.75,5,-1.5
54,2,-3,1.75,5,-2
80,2,-4,0.25,1,-0.5
157,2,-4,0.25,1,-1
311,2,-4,0.25,1,-1.5
69,2,-4,0.25,1,-2
506,2,-4,0.25,2,-0.5
373,2,-4,0.25,2,-1
181,2,-4,0.25,2,-1.5
210,2,-4,0.25,2,-2
323,2,-4,0.25,3,-0.5
501,2,-4,0.25,3,-1
292,2,-4,0.25,3,-1.5
214,2,-4,0.25,3,-2
289,2,-4,0.25,4,-0.5
136,2,-4,0.25,4,-1
290,2,-4,0.25,4,-1.5
208,2,-4,0.25,4,-2
147,2,-4,0.25,5,-0.5
165,2,-4,0.25,5,-1
318,2,-4,0.25,5,-1.5
347,2,-4,0.25,5,-2
87,2,-4,0.75,1,-0.5
390,2,-4,0.75,1,-1
80,2,-4,0.75,1,-1.5
19,2,-4,0.75,1,-2
82,2,-4,0.75,2,-0.5
65,2,-4,0.75,2,-1
78,2,-4,0.75,2,-1.5
49,2,-4,0.75,2,-2
169,2,-4,0.75,3,-0.5
58,2,-4,0.75,3,-1
50,2,-4,0.75,3,-1.5
41,2,-4,0.75,3,-2
129,2,-4,0.75,4,-0.5
34,2,-4,0.75,4,-1
31,2,-4,0.75,4,-1.5
132,2,-4,0.75,4,-2
22,2,-4,0.75,5,-0.5
34,2,-4,0.75,5,-1
40,2,-4,0.75,5,-1.5
96,2,-4,0.75,5,-2
45,2,-4,1.25,1,-0.5
37,2,-4,1.25,1,-1
41,2,-4,1.25,1,-1.5
52,2,-4,1.25,1,-2
62,2,-4,1.25,2,-0.5
49,2,-4,1.25,2,-1
73,2,-4,1.25,2,-1.5
53,2,-4,1.25,2,-2
15,2,-4,1.25,3,-0.5
23,2,-4,1.25,3,-1
24,2,-4,1.25,3,-1.5
75,2,-4,1.25,3,-2
30,2,-4,1.25,4,-0.5
31,2,-4,1.25,4,-1
51,2,-4,1.25,4,-1.5
16,2,-4,1.25,4,-2
32,2,-4,1.25,5,-0.5
21,2,-4,1.25,5,-1
46,2,-4,1.25,5,-1.5
31,2,-4,1.25,5,-2
76,2,-4,1.75,1,-0.5
48,2,-4,1.75,1,-1
20,2,-4,1.75,1,-1.5
59,2,-4,1.75,1,-2
47,2,-4,1.75,2,-0.5
39,2,-4,1.75,2,-1
35,2,-4,1.75,2,-1.5
37,2,-4,1.75,2,-2
44,2,-4,1.75,3,-0.5
32,2,-4,1.75,3,-1
23,2,-4,1.75,3,-1.5
35,2,-4,1.75,3,-2
55,2,-4,1.75,4,-0.5
33,2,-4,1.75,4,-1
35,2,-4,1.75,4,-1.5
18,2,-4,1.75,4,-2
46,2,-4,1.75,5,-0.5
26,2,-4,1.75,5,-1
22,2,-4,1.75,5,-1.5
20,2,-4,1.75,5,-2
473,2,-5,0.25,1,-0.5
217,2,-5,0.25,1,-1
284,2,-5,0.25,1,-1.5
173,2,-5,0.25,1,-2
435,2,-5,0.25,2,-0.5
350,2,-5,0.25,2,-1
160,2,-5,0.25,2,-1.5
234,2,-5,0.25,2,-2
387,2,-5,0.25,3,-0.5
504,2,-5,0.25,3,-1
134,2,-5,0.25,3,-1.5
135,2,-5,0.25,3,-2
375,2,-5,0.25,4,-0.5
504,2,-5,0.25,4,-1
280,2,-5,0.25,4,-1.5
402,2,-5,0.25,4,-2
498,2,-5,0.25,5,-0.5
163,2,-5,0.25,5,-1
157,2,-5,0.25,5,-1.5
109,2,-5,0.25,5,-2
108,2,-5,0.75,1,-0.5
458,2,-5,0.75,1,-1
113,2,-5,0.75,1,-1.5
59,2,-5,0.75,1,-2
248,2,-5,0.75,2,-0.5
61,2,-5,0.75,2,-1
245,2,-5,0.75,2,-1.5
208,2,-5,0.75,2,-2
84,2,-5,0.75,3,-0.5
267,2,-5,0.75,3,-1
159,2,-5,0.75,3,-1.5
25,2,-5,0.75,3,-2
265,2,-5,0.75,4,-0.5
170,2,-5,0.75,4,-1
217,2,-5,0.75,4,-1.5
64,2,-5,0.75,4,-2
44,2,-5,0.75,5,-0.5
86,2,-5,0.75,5,-1
524,2,-5,0.75,5,-1.5
51,2,-5,0.75,5,-2
55,2,-5,1.25,1,-0.5
31,2,-5,1.25,1,-1
84,2,-5,1.25,1,-1.5
22,2,-5,1.25,1,-2
140,2,-5,1.25,2,-0.5
17,2,-5,1.25,2,-1
29,2,-5,1.25,2,-1.5
27,2,-5,1.25,2,-2
27,2,-5,1.25,3,-0.5
28,2,-5,1.25,3,-1
35,2,-5,1.25,3,-1.5
67,2,-5,1.25,3,-2
36,2,-5,1.25,4,-0.5
22,2,-5,1.25,4,-1
37,2,-5,1.25,4,-1.5
33,2,-5,1.25,4,-2
37,2,-5,1.25,5,-0.5
34,2,-5,1.25,5,-1
26,2,-5,1.25,5,-1.5
28,2,-5,1.25,5,-2
57,2,-5,1.75,1,-0.5
37,2,-5,1.75,1,-1
46,2,-5,1.75,1,-1.5
45,2,-5,1.75,1,-2
77,2,-5,1.75,2,-0.5
67,2,-5,1.75,2,-1
34,2,-5,1.75,2,-1.5
41,2,-5,1.75,2,-2
33,2,-5,1.75,3,-0.5
17,2,-5,1.75,3,-1
97,2,-5,1.75,3,-1.5
40,2,-5,1.75,3,-2
16,2,-5,1.75,4,-0.5
38,2,-5,1.75,4,-1
24,2,-5,1.75,4,-1.5
30,2,-5,1.75,4,-2
27,2,-5,1.75,5,-0.5
26,2,-5,1.75,5,-1
18,2,-5,1.75,5,-1.5
13,2,-5,1.75,5,-2
112,3,-1,0.25,1,-0.5
112,3,-1,0.25,1,-1
65,3,-1,0.25,1,-1.5
117,3,-1,0.25,1,-2
107,3,-1,0.25,2,-0.5
90,3,-1,0.25,2,-1
220,3,-1,0.25,2,-1.5
40,3,-1,0.25,2,-2
367,3,-1,0.25,3,-0.5
111,3,-1,0.25,3,-1
75,3,-1,0.25,3,-1.5
40,3,-1,0.25,3,-2
103,3,-1,0.25,4,-0.5
66,3,-1,0.25,4,-1
127,3,-1,0.25,4,-1.5
250,3,-1,0.25,4,-2
167,3,-1,0.25,5,-0.5
265,3,-1,0.25,5,-1
56,3,-1,0.25,5,-1.5
92,3,-1,0.25,5,-2
97,3,-1,0.75,1,-0.5
58,3,-1,0.75,1,-1
42,3,-1,0.75,1,-1.5
44,3,-1,0.75,1,-2
73,3,-1,0.75,2,-0.5
68,3,-1,0.75,2,-1
25,3,-1,0.75,2,-1.5
32,3,-1,0.75,2,-2
97,3,-1,0.75,3,-0.5
66,3,-1,0.75,3,-1
36,3,-1,0.75,3,-1.5
51,3,-1,0.75,3,-2
105,3,-1,0.75,4,-0.5
58,3,-1,0.75,4,-1
19,3,-1,0.75,4,-1.5
28,3,-1,0.75,4,-2
43,3,-1,0.75,5,-0.5
54,3,-1,0.75,5,-1
181,3,-1,0.75,5,-1.5
59,3,-1,0.75,5,-2
89,3,-1,1.25,1,-0.5
90,3,-1,1.25,1,-1
59,3,-1,1.25,1,-1.5
41,3,-1,1.25,1,-2
96,3,-1,1.25,2,-0.5
63,3,-1,1.25,2,-1
39,3,-1,1.25,2,-1.5
68,3,-1,1.25,2,-2
76,3,-1,1.25,3,-0.5
67,3,-1,1.25,3,-1
36,3,-1,1.25,3,-1.5
29,3,-1,1.25,3,-2
79,3,-1,1.25,4,-0.5
71,3,-1,1.25,4,-1
77,3,-1,1.25,4,-1.5
26,3,-1,1.25,4,-2
43,3,-1,1.25,5,-0.5
47,3,-1,1.25,5,-1
72,3,-1,1.25,5,-1.5
64,3,-1,1.25,5,-2
124,3,-1,1.75,1,-0.5
99,3,-1,1.75,1,-1
83,3,-1,1.75,1,-1.5
71,3,-1,1.75,1,-2
109,3,-1,1.75,2,-0.5
81,3,-1,1.75,2,-1
87,3,-1,1.75,2,-1.5
79,3,-1,1.75,2,-2
101,3,-1,1.75,3,-0.5
98,3,-1,1.75,3,-1
73,3,-1,1.75,3,-1.5
71,3,-1,1.75,3,-2
91,3,-1,1.75,4,-0.5
99,3,-1,1.75,4,-1
84,3,-1,1.75,4,-1.5
64,3,-1,1.75,4,-2
114,3,-1,1.75,5,-0.5
75,3,-1,1.75,5,-1
69,3,-1,1.75,5,-1.5
73,3,-1,1.75,5,-2
272,3,-2,0.25,1,-0.5
172,3,-2,0.25,1,-1
141,3,-2,0.25,1,-1.5
76,3,-2,0.25,1,-2
235,3,-2,0.25,2,-0.5
177,3,-2,0.25,2,-1
233,3,-2,0.25,2,-1.5
25,3,-2,0.25,2,-2
219,3,-2,0.25,3,-0.5
267,3,-2,0.25,3,-1
82,3,-2,0.25,3,-1.5
53,3,-2,0.25,3,-2
117,3,-2,0.25,4,-0.5
380,3,-2,0.25,4,-1
62,3,-2,0.25,4,-1.5
146,3,-2,0.25,4,-2
121,3,-2,0.25,5,-0.5
200,3,-2,0.25,5,-1
121,3,-2,0.25,5,-1.5
53,3,-2,0.25,5,-2
82,3,-2,0.75,1,-0.5
77,3,-2,0.75,1,-1
157,3,-2,0.75,1,-1.5
541,3,-2,0.75,1,-2
53,3,-2,0.75,2,-0.5
75,3,-2,0.75,2,-1
29,3,-2,0.75,2,-1.5
27,3,-2,0.75,2,-2
82,3,-2,0.75,3,-0.5
66,3,-2,0.75,3,-1
79,3,-2,0.75,3,-1.5
29,3,-2,0.75,3,-2
45,3,-2,0.75,4,-0.5
44,3,-2,0.75,4,-1
67,3,-2,0.75,4,-1.5
30,3,-2,0.75,4,-2
51,3,-2,0.75,5,-0.5
32,3,-2,0.75,5,-1
155,3,-2,0.75,5,-1.5
49,3,-2,0.75,5,-2
94,3,-2,1.25,1,-0.5
46,3,-2,1.25,1,-1
28,3,-2,1.25,1,-1.5
30,3,-2,1.25,1,-2
57,3,-2,1.25,2,-0.5
35,3,-2,1.25,2,-1
24,3,-2,1.25,2,-1.5
30,3,-2,1.25,2,-2
57,3,-2,1.25,3,-0.5
39,3,-2,1.25,3,-1
41,3,-2,1.25,3,-1.5
25,3,-2,1.25,3,-2
43,3,-2,1.25,4,-0.5
54,3,-2,1.25,4,-1
36,3,-2,1.25,4,-1.5
38,3,-2,1.25,4,-2
67,3,-2,1.25,5,-0.5
38,3,-2,1.25,5,-1
33,3,-2,1.25,5,-1.5
24,3,-2,1.25,5,-2
72,3,-2,1.75,1,-0.5
73,3,-2,1.75,1,-1
46,3,-2,1.75,1,-1.5
59,3,-2,1.75,1,-2
78,3,-2,1.75,2,-0.5
52,3,-2,1.75,2,-1
27,3,-2,1.75,2,-1.5
51,3,-2,1.75,2,-2
59,3,-2,1.75,3,-0.5
66,3,-2,1.75,3,-1
62,3,-2,1.75,3,-1.5
41,3,-2,1.75,3,-2
54,3,-2,1.75,4,-0.5
47,3,-2,1.75,4,-1
54,3,-2,1.75,4,-1.5
55,3,-2,1.75,4,-2
81,3,-2,1.75,5,-0.5
58,3,-2,1.75,5,-1
64,3,-2,1.75,5,-1.5
68,3,-2,1.75,5,-2
422,3,-3,0.25,1,-0.5
222,3,-3,0.25,1,-1
455,3,-3,0.25,1,-1.5
252,3,-3,0.25,1,-2
281,3,-3,0.25,2,-0.5
393,3,-3,0.25,2,-1
199,3,-3,0.25,2,-1.5
72,3,-3,0.25,2,-2
99,3,-3,0.25,3,-0.5
328,3,-3,0.25,3,-1
75,3,-3,0.25,3,-1.5
150,3,-3,0.25,3,-2
45,3,-3,0.25,4,-0.5
236,3,-3,0.25,4,-1
273,3,-3,0.25,4,-1.5
210,3,-3,0.25,4,-2
56,3,-3,0.25,5,-0.5
135,3,-3,0.25,5,-1
286,3,-3,0.25,5,-1.5
332,3,-3,0.25,5,-2
320,3,-3,0.75,1,-0.5
40,3,-3,0.75,1,-1
52,3,-3,0.75,1,-1.5
39,3,-3,0.75,1,-2
124,3,-3,0.75,2,-0.5
104,3,-3,0.75,2,-1
22,3,-3,0.75,2,-1.5
60,3,-3,0.75,2,-2
55,3,-3,0.75,3,-0.5
53,3,-3,0.75,3,-1
130,3,-3,0.75,3,-1.5
32,3,-3,0.75,3,-2
27,3,-3,0.75,4,-0.5
70,3,-3,0.75,4,-1
78,3,-3,0.75,4,-1.5
27,3,-3,0.75,4,-2
95,3,-3,0.75,5,-0.5
31,3,-3,0.75,5,-1
58,3,-3,0.75,5,-1.5
99,3,-3,0.75,5,-2
46,3,-3,1.25,1,-0.5
47,3,-3,1.25,1,-1
34,3,-3,1.25,1,-1.5
46,3,-3,1.25,1,-2
56,3,-3,1.25,2,-0.5
41,3,-3,1.25,2,-1
167,3,-3,1.25,2,-1.5
23,3,-3,1.25,2,-2
35,3,-3,1.25,3,-0.5
58,3,-3,1.25,3,-1
53,3,-3,1.25,3,-1.5
20,3,-3,1.25,3,-2
51,3,-3,1.25,4,-0.5
37,3,-3,1.25,4,-1
27,3,-3,1.25,4,-1.5
27,3,-3,1.25,4,-2
45,3,-3,1.25,5,-0.5
63,3,-3,1.25,5,-1
50,3,-3,1.25,5,-1.5
125,3,-3,1.25,5,-2
72,3,-3,1.75,1,-0.5
36,3,-3,1.75,1,-1
49,3,-3,1.75,1,-1.5
33,3,-3,1.75,1,-2
64,3,-3,1.75,2,-0.5
35,3,-3,1.75,2,-1
19,3,-3,1.75,2,-1.5
35,3,-3,1.75,2,-2
37,3,-3,1.75,3,-0.5
35,3,-3,1.75,3,-1
20,3,-3,1.75,3,-1.5
41,3,-3,1.75,3,-2
36,3,-3,1.75,4,-0.5
41,3,-3,1.75,4,-1
49,3,-3,1.75,4,-1.5
37,3,-3,1.75,4,-2
42,3,-3,1.75,5,-0.5
93,3,-3,1.75,5,-1
38,3,-3,1.75,5,-1.5
27,3,-3,1.75,5,-2
104,3,-4,0.25,1,-0.5
234,3,-4,0.25,1,-1
150,3,-4,0.25,1,-1.5
145,3,-4,0.25,1,-2
397,3,-4,0.25,2,-0.5
307,3,-4,0.25,2,-1
86,3,-4,0.25,2,-1.5
147,3,-4,0.25,2,-2
144,3,-4,0.25,3,-0.5
313,3,-4,0.25,3,-1
111,3,-4,0.25,3,-1.5
467,3,-4,0.25,3,-2
225,3,-4,0.25,4,-0.5
138,3,-4,0.25,4,-1
163,3,-4,0.25,4,-1.5
57,3,-4,0.25,4,-2
209,3,-4,0.25,5,-0.5
301,3,-4,0.25,5,-1
234,3,-4,0.25,5,-1.5
503,3,-4,0.25,5,-2
182,3,-4,0.75,1,-0.5
247,3,-4,0.75,1,-1
385,3,-4,0.75,1,-1.5
345,3,-4,0.75,1,-2
338,3,-4,0.75,2,-0.5
217,3,-4,0.75,2,-1
49,3,-4,0.75,2,-1.5
21,3,-4,0.75,2,-2
46,3,-4,0.75,3,-0.5
435,3,-4,0.75,3,-1
49,3,-4,0.75,3,-1.5
37,3,-4,0.75,3,-2
68,3,-4,0.75,4,-0.5
111,3,-4,0.75,4,-1
24,3,-4,0.75,4,-1.5
184,3,-4,0.75,4,-2
168,3,-4,0.75,5,-0.5
418,3,-4,0.75,5,-1
97,3,-4,0.75,5,-1.5
65,3,-4,0.75,5,-2
54,3,-4,1.25,1,-0.5
20,3,-4,1.25,1,-1
21,3,-4,1.25,1,-1.5
47,3,-4,1.25,1,-2
75,3,-4,1.25,2,-0.5
85,3,-4,1.25,2,-1
54,3,-4,1.25,2,-1.5
19,3,-4,1.25,2,-2
30,3,-4,1.25,3,-0.5
29,3,-4,1.25,3,-1
28,3,-4,1.25,3,-1.5
29,3,-4,1.25,3,-2
28,3,-4,1.25,4,-0.5
172,3,-4,1.25,4,-1
20,3,-4,1.25,4,-1.5
18,3,-4,1.25,4,-2
327,3,-4,1.25,5,-0.5
22,3,-4,1.25,5,-1
24,3,-4,1.25,5,-1.5
52,3,-4,1.25,5,-2
69,3,-4,1.75,1,-0.5
45,3,-4,1.75,1,-1
33,3,-4,1.75,1,-1.5
39,3,-4,1.75,1,-2
164,3,-4,1.75,2,-0.5
24,3,-4,1.75,2,-1
44,3,-4,1.75,2,-1.5
58,3,-4,1.75,2,-2
48,3,-4,1.75,3,-0.5
44,3,-4,1.75,3,-1
47,3,-4,1.75,3,-1.5
41,3,-4,1.75,3,-2
47,3,-4,1.75,4,-0.5
26,3,-4,1.75,4,-1
48,3,-4,1.75,4,-1.5
50,3,-4,1.75,4,-2
43,3,-4,1.75,5,-0.5
23,3,-4,1.75,5,-1
55,3,-4,1.75,5,-1.5
30,3,-4,1.75,5,-2
306,3,-5,0.25,1,-0.5
167,3,-5,0.25,1,-1
155,3,-5,0.25,1,-1.5
395,3,-5,0.25,1,-2
403,3,-5,0.25,2,-0.5
342,3,-5,0.25,2,-1
329,3,-5,0.25,2,-1.5
164,3,-5,0.25,2,-2
422,3,-5,0.25,3,-0.5
358,3,-5,0.25,3,-1
121,3,-5,0.25,3,-1.5
213,3,-5,0.25,3,-2
291,3,-5,0.25,4,-0.5
501,3,-5,0.25,4,-1
337,3,-5,0.25,4,-1.5
93,3,-5,0.25,4,-2
67,3,-5,0.25,5,-0.5
310,3,-5,0.25,5,-1
419,3,-5,0.25,5,-1.5
126,3,-5,0.25,5,-2
548,3,-5,0.75,1,-0.5
132,3,-5,0.75,1,-1
135,3,-5,0.75,1,-1.5
154,3,-5,0.75,1,-2
635,3,-5,0.75,2,-0.5
289,3,-5,0.75,2,-1
147,3,-5,0.75,2,-1.5
48,3,-5,0.75,2,-2
146,3,-5,0.75,3,-0.5
106,3,-5,0.75,3,-1
27,3,-5,0.75,3,-1.5
371,3,-5,0.75,3,-2
182,3,-5,0.75,4,-0.5
71,3,-5,0.75,4,-1
21,3,-5,0.75,4,-1.5
26,3,-5,0.75,4,-2
209,3,-5,0.75,5,-0.5
206,3,-5,0.75,5,-1
199,3,-5,0.75,5,-1.5
65,3,-5,0.75,5,-2
199,3,-5,1.25,1,-0.5
501,3,-5,1.25,1,-1
75,3,-5,1.25,1,-1.5
34,3,-5,1.25,1,-2
287,3,-5,1.25,2,-0.5
48,3,-5,1.25,2,-1
41,3,-5,1.25,2,-1.5
108,3,-5,1.25,2,-2
36,3,-5,1.25,3,-0.5
33,3,-5,1.25,3,-1
26,3,-5,1.25,3,-1.5
148,3,-5,1.25,3,-2
30,3,-5,1.25,4,-0.5
38,3,-5,1.25,4,-1
72,3,-5,1.25,4,-1.5
36,3,-5,1.25,4,-2
26,3,-5,1.25,5,-0.5
175,3,-5,1.25,5,-1
46,3,-5,1.25,5,-1.5
50,3,-5,1.25,5,-2
53,3,-5,1.75,1,-0.5
79,3,-5,1.75,1,-1
40,3,-5,1.75,1,-1.5
30,3,-5,1.75,1,-2
18,3,-5,1.75,2,-0.5
114,3,-5,1.75,2,-1
21,3,-5,1.75,2,-1.5
36,3,-5,1.75,2,-2
29,3,-5,1.75,3,-0.5
34,3,-5,1.75,3,-1
15,3,-5,1.75,3,-1.5
60,3,-5,1.75,3,-2
36,3,-5,1.75,4,-0.5
29,3,-5,1.75,4,-1
37,3,-5,1.75,4,-1.5
31,3,-5,1.75,4,-2
175,3,-5,1.75,5,-0.5
20,3,-5,1.75,5,-1
199,3,-5,1.75,5,-1.5
16,3,-5,1.75,5,-2
255,4,-1,0.25,1,-0.5
118,4,-1,0.25,1,-1
111,4,-1,0.25,1,-1.5
94,4,-1,0.25,1,-2
100,4,-1,0.25,2,-0.5
130,4,-1,0.25,2,-1
154,4,-1,0.25,2,-1.5
83,4,-1,0.25,2,-2
127,4,-1,0.25,3,-0.5
108,4,-1,0.25,3,-1
95,4,-1,0.25,3,-1.5
65,4,-1,0.25,3,-2
117,4,-1,0.25,4,-0.5
244,4,-1,0.25,4,-1
63,4,-1,0.25,4,-1.5
92,4,-1,0.25,4,-2
298,4,-1,0.25,5,-0.5
110,4,-1,0.25,5,-1
106,4,-1,0.25,5,-1.5
67,4,-1,0.25,5,-2
96,4,-1,0.75,1,-0.5
71,4,-1,0.75,1,-1
57,4,-1,0.75,1,-1.5
54,4,-1,0.75,1,-2
139,4,-1,0.75,2,-0.5
91,4,-1,0.75,2,-1
65,4,-1,0.75,2,-1.5
79,4,-1,0.75,2,-2
118,4,-1,0.75,3,-0.5
66,4,-1,0.75,3,-1
60,4,-1,0.75,3,-1.5
67,4,-1,0.75,3,-2
118,4,-1,0.75,4,-0.5
38,4,-1,0.75,4,-1
61,4,-1,0.75,4,-1.5
23,4,-1,0.75,4,-2
81,4,-1,0.75,5,-0.5
93,4,-1,0.75,5,-1
63,4,-1,0.75,5,-1.5
35,4,-1,0.75,5,-2
98,4,-1,1.25,1,-0.5
93,4,-1,1.25,1,-1
70,4,-1,1.25,1,-1.5
52,4,-1,1.25,1,-2
91,4,-1,1.25,2,-0.5
45,4,-1,1.25,2,-1
68,4,-1,1.25,2,-1.5
37,4,-1,1.25,2,-2
105,4,-1,1.25,3,-0.5
45,4,-1,1.25,3,-1
78,4,-1,1.25,3,-1.5
53,4,-1,1.25,3,-2
81,4,-1,1.25,4,-0.5
72,4,-1,1.25,4,-1
92,4,-1,1.25,4,-1.5
95,4,-1,1.25,4,-2
72,4,-1,1.25,5,-0.5
94,4,-1,1.25,5,-1
42,4,-1,1.25,5,-1.5
45,4,-1,1.25,5,-2
115,4,-1,1.75,1,-0.5
107,4,-1,1.75,1,-1
78,4,-1,1.75,1,-1.5
86,4,-1,1.75,1,-2
108,4,-1,1.75,2,-0.5
97,4,-1,1.75,2,-1
66,4,-1,1.75,2,-1.5
90,4,-1,1.75,2,-2
129,4,-1,1.75,3,-0.5
90,4,-1,1.75,3,-1
80,4,-1,1.75,3,-1.5
79,4,-1,1.75,3,-2
70,4,-1,1.75,4,-0.5
90,4,-1,1.75,4,-1
81,4,-1,1.75,4,-1.5
59,4,-1,1.75,4,-2
76,4,-1,1.75,5,-0.5
65,4,-1,1.75,5,-1
63,4,-1,1.75,5,-1.5
71,4,-1,1.75,5,-2
522,4,-2,0.25,1,-0.5
218,4,-2,0.25,1,-1
280,4,-2,0.25,1,-1.5
88,4,-2,0.25,1,-2
249,4,-2,0.25,2,-0.5
174,4,-2,0.25,2,-1
57,4,-2,0.25,2,-1.5
336,4,-2,0.25,2,-2
144,4,-2,0.25,3,-0.5
309,4,-2,0.25,3,-1
272,4,-2,0.25,3,-1.5
57,4,-2,0.25,3,-2
190,4,-2,0.25,4,-0.5
526,4,-2,0.25,4,-1
147,4,-2,0.25,4,-1.5
119,4,-2,0.25,4,-2
335,4,-2,0.25,5,-0.5
154,4,-2,0.25,5,-1
257,4,-2,0.25,5,-1.5
314,4,-2,0.25,5,-2
475,4,-2,0.75,1,-0.5
67,4,-2,0.75,1,-1
236,4,-2,0.75,1,-1.5
59,4,-2,0.75,1,-2
91,4,-2,0.75,2,-0.5
92,4,-2,0.75,2,-1
85,4,-2,0.75,2,-1.5
29,4,-2,0.75,2,-2
86,4,-2,0.75,3,-0.5
105,4,-2,0.75,3,-1
94,4,-2,0.75,3,-1.5
54,4,-2,0.75,3,-2
77,4,-2,0.75,4,-0.5
515,4,-2,0.75,4,-1
110,4,-2,0.75,4,-1.5
84,4,-2,0.75,4,-2
48,4,-2,0.75,5,-0.5
69,4,-2,0.75,5,-1
73,4,-2,0.75,5,-1.5
57,4,-2,0.75,5,-2
49,4,-2,1.25,1,-0.5
51,4,-2,1.25,1,-1
38,4,-2,1.25,1,-1.5
56,4,-2,1.25,1,-2
52,4,-2,1.25,2,-0.5
43,4,-2,1.25,2,-1
62,4,-2,1.25,2,-1.5
50,4,-2,1.25,2,-2
69,4,-2,1.25,3,-0.5
56,4,-2,1.25,3,-1
17,4,-2,1.25,3,-1.5
20,4,-2,1.25,3,-2
79,4,-2,1.25,4,-0.5
32,4,-2,1.25,4,-1
48,4,-2,1.25,4,-1.5
20,4,-2,1.25,4,-2
75,4,-2,1.25,5,-0.5
70,4,-2,1.25,5,-1
36,4,-2,1.25,5,-1.5
37,4,-2,1.25,5,-2
94,4,-2,1.75,1,-0.5
82,4,-2,1.75,1,-1
60,4,-2,1.75,1,-1.5
32,4,-2,1.75,1,-2
58,4,-2,1.75,2,-0.5
69,4,-2,1.75,2,-1
47,4,-2,1.75,2,-1.5
50,4,-2,1.75,2,-2
70,4,-2,1.75,3,-0.5
38,4,-2,1.75,3,-1
39,4,-2,1.75,3,-1.5
53,4,-2,1.75,3,-2
89,4,-2,1.75,4,-0.5
94,4,-2,1.75,4,-1
58,4,-2,1.75,4,-1.5
33,4,-2,1.75,4,-2
66,4,-2,1.75,5,-0.5
35,4,-2,1.75,5,-1
53,4,-2,1.75,5,-1.5
19,4,-2,1.75,5,-2
509,4,-3,0.25,1,-0.5
373,4,-3,0.25,1,-1
178,4,-3,0.25,1,-1.5
379,4,-3,0.25,1,-2
187,4,-3,0.25,2,-0.5
373,4,-3,0.25,2,-1
208,4,-3,0.25,2,-1.5
214,4,-3,0.25,2,-2
277,4,-3,0.25,3,-0.5
141,4,-3,0.25,3,-1
350,4,-3,0.25,3,-1.5
206,4,-3,0.25,3,-2
411,4,-3,0.25,4,-0.5
527,4,-3,0.25,4,-1
189,4,-3,0.25,4,-1.5
73,4,-3,0.25,4,-2
374,4,-3,0.25,5,-0.5
108,4,-3,0.25,5,-1
198,4,-3,0.25,5,-1.5
70,4,-3,0.25,5,-2
293,4,-3,0.75,1,-0.5
64,4,-3,0.75,1,-1
113,4,-3,0.75,1,-1.5
39,4,-3,0.75,1,-2
444,4,-3,0.75,2,-0.5
101,4,-3,0.75,2,-1
83,4,-3,0.75,2,-1.5
26,4,-3,0.75,2,-2
115,4,-3,0.75,3,-0.5
91,4,-3,0.75,3,-1
35,4,-3,0.75,3,-1.5
33,4,-3,0.75,3,-2
43,4,-3,0.75,4,-0.5
59,4,-3,0.75,4,-1
83,4,-3,0.75,4,-1.5
67,4,-3,0.75,4,-2
403,4,-3,0.75,5,-0.5
104,4,-3,0.75,5,-1
23,4,-3,0.75,5,-1.5
35,4,-3,0.75,5,-2
93,4,-3,1.25,1,-0.5
83,4,-3,1.25,1,-1
44,4,-3,1.25,1,-1.5
48,4,-3,1.25,1,-2
30,4,-3,1.25,2,-0.5
100,4,-3,1.25,2,-1
41,4,-3,1.25,2,-1.5
172,4,-3,1.25,2,-2
47,4,-3,1.25,3,-0.5
65,4,-3,1.25,3,-1
49,4,-3,1.25,3,-1.5
57,4,-3,1.25,3,-2
48,4,-3,1.25,4,-0.5
88,4,-3,1.25,4,-1
73,4,-3,1.25,4,-1.5
72,4,-3,1.25,4,-2
59,4,-3,1.25,5,-0.5
64,4,-3,1.25,5,-1
37,4,-3,1.25,5,-1.5
45,4,-3,1.25,5,-2
66,4,-3,1.75,1,-0.5
64,4,-3,1.75,1,-1
64,4,-3,1.75,1,-1.5
36,4,-3,1.75,1,-2
45,4,-3,1.75,2,-0.5
53,4,-3,1.75,2,-1
37,4,-3,1.75,2,-1.5
39,4,-3,1.75,2,-2
42,4,-3,1.75,3,-0.5
55,4,-3,1.75,3,-1
29,4,-3,1.75,3,-1.5
39,4,-3,1.75,3,-2
52,4,-3,1.75,4,-0.5
53,4,-3,1.75,4,-1
25,4,-3,1.75,4,-1.5
39,4,-3,1.75,4,-2
38,4,-3,1.75,5,-0.5
43,4,-3,1.75,5,-1
23,4,-3,1.75,5,-1.5
29,4,-3,1.75,5,-2
470,4,-4,0.25,1,-0.5
389,4,-4,0.25,1,-1
115,4,-4,0.25,1,-1.5
82,4,-4,0.25,1,-2
322,4,-4,0.25,2,-0.5
431,4,-4,0.25,2,-1
89,4,-4,0.25,2,-1.5
317,4,-4,0.25,2,-2
336,4,-4,0.25,3,-0.5
326,4,-4,0.25,3,-1
170,4,-4,0.25,3,-1.5
64,4,-4,0.25,3,-2
309,4,-4,0.25,4,-0.5
333,4,-4,0.25,4,-1
163,4,-4,0.25,4,-1.5
139,4,-4,0.25,4,-2
274,4,-4,0.25,5,-0.5
170,4,-4,0.25,5,-1
366,4,-4,0.25,5,-1.5
518,4,-4,0.25,5,-2
82,4,-4,0.75,1,-0.5
123,4,-4,0.75,1,-1
166,4,-4,0.75,1,-1.5
114,4,-4,0.75,1,-2
544,4,-4,0.75,2,-0.5
430,4,-4,0.75,2,-1
45,4,-4,0.75,2,-1.5
26,4,-4,0.75,2,-2
37,4,-4,0.75,3,-0.5
71,4,-4,0.75,3,-1
524,4,-4,0.75,3,-1.5
99,4,-4,0.75,3,-2
33,4,-4,0.75,4,-0.5
89,4,-4,0.75,4,-1
99,4,-4,0.75,4,-1.5
33,4,-4,0.75,4,-2
377,4,-4,0.75,5,-0.5
203,4,-4,0.75,5,-1
161,4,-4,0.75,5,-1.5
369,4,-4,0.75,5,-2
63,4,-4,1.25,1,-0.5
49,4,-4,1.25,1,-1
170,4,-4,1.25,1,-1.5
25,4,-4,1.25,1,-2
51,4,-4,1.25,2,-0.5
65,4,-4,1.25,2,-1
32,4,-4,1.25,2,-1.5
89,4,-4,1.25,2,-2
312,4,-4,1.25,3,-0.5
25,4,-4,1.25,3,-1
53,4,-4,1.25,3,-1.5
43,4,-4,1.25,3,-2
35,4,-4,1.25,4,-0.5
30,4,-4,1.25,4,-1
20,4,-4,1.25,4,-1.5
22,4,-4,1.25,4,-2
74,4,-4,1.25,5,-0.5
18,4,-4,1.25,5,-1
42,4,-4,1.25,5,-1.5
30,4,-4,1.25,5,-2
70,4,-4,1.75,1,-0.5
30,4,-4,1.75,1,-1
44,4,-4,1.75,1,-1.5
30,4,-4,1.75,1,-2
51,4,-4,1.75,2,-0.5
44,4,-4,1.75,2,-1
40,4,-4,1.75,2,-1.5
29,4,-4,1.75,2,-2
56,4,-4,1.75,3,-0.5
19,4,-4,1.75,3,-1
44,4,-4,1.75,3,-1.5
38,4,-4,1.75,3,-2
55,4,-4,1.75,4,-0.5
33,4,-4,1.75,4,-1
41,4,-4,1.75,4,-1.5
52,4,-4,1.75,4,-2
35,4,-4,1.75,5,-0.5
36,4,-4,1.75,5,-1
17,4,-4,1.75,5,-1.5
27,4,-4,1.75,5,-2
482,4,-5,0.25,1,-0.5
435,4,-5,0.25,1,-1
248,4,-5,0.25,1,-1.5
489,4,-5,0.25,1,-2
219,4,-5,0.25,2,-0.5
239,4,-5,0.25,2,-1
256,4,-5,0.25,2,-1.5
69,4,-5,0.25,2,-2
288,4,-5,0.25,3,-0.5
358,4,-5,0.25,3,-1
308,4,-5,0.25,3,-1.5
161,4,-5,0.25,3,-2
320,4,-5,0.25,4,-0.5
352,4,-5,0.25,4,-1
101,4,-5,0.25,4,-1.5
219,4,-5,0.25,4,-2
427,4,-5,0.25,5,-0.5
535,4,-5,0.25,5,-1
312,4,-5,0.25,5,-1.5
387,4,-5,0.25,5,-2
87,4,-5,0.75,1,-0.5
112,4,-5,0.75,1,-1
286,4,-5,0.75,1,-1.5
390,4,-5,0.75,1,-2
79,4,-5,0.75,2,-0.5
384,4,-5,0.75,2,-1
460,4,-5,0.75,2,-1.5
145,4,-5,0.75,2,-2
77,4,-5,0.75,3,-0.5
384,4,-5,0.75,3,-1
151,4,-5,0.75,3,-1.5
38,4,-5,0.75,3,-2
363,4,-5,0.75,4,-0.5
118,4,-5,0.75,4,-1
128,4,-5,0.75,4,-1.5
19,4,-5,0.75,4,-2
331,4,-5,0.75,5,-0.5
182,4,-5,0.75,5,-1
126,4,-5,0.75,5,-1.5
55,4,-5,0.75,5,-2
234,4,-5,1.25,1,-0.5
86,4,-5,1.25,1,-1
70,4,-5,1.25,1,-1.5
50,4,-5,1.25,1,-2
47,4,-5,1.25,2,-0.5
287,4,-5,1.25,2,-1
61,4,-5,1.25,2,-1.5
32,4,-5,1.25,2,-2
39,4,-5,1.25,3,-0.5
36,4,-5,1.25,3,-1
25,4,-5,1.25,3,-1.5
56,4,-5,1.25,3,-2
50,4,-5,1.25,4,-0.5
21,4,-5,1.25,4,-1
97,4,-5,1.25,4,-1.5
19,4,-5,1.25,4,-2
251,4,-5,1.25,5,-0.5
20,4,-5,1.25,5,-1
101,4,-5,1.25,5,-1.5
79,4,-5,1.25,5,-2
52,4,-5,1.75,1,-0.5
93,4,-5,1.75,1,-1
53,4,-5,1.75,1,-1.5
20,4,-5,1.75,1,-2
58,4,-5,1.75,2,-0.5
43,4,-5,1.75,2,-1
41,4,-5,1.75,2,-1.5
82,4,-5,1.75,2,-2
63,4,-5,1.75,3,-0.5
47,4,-5,1.75,3,-1
45,4,-5,1.75,3,-1.5
29,4,-5,1.75,3,-2
45,4,-5,1.75,4,-0.5
23,4,-5,1.75,4,-1
19,4,-5,1.75,4,-1.5
24,4,-5,1.75,4,-2
349,4,-5,1.75,5,-0.5
37,4,-5,1.75,5,-1
27,4,-5,1.75,5,-1.5
131,4,-5,1.75,5,-2
412,5,-1,0.25,1,-0.5
192,5,-1,0.25,1,-1
212,5,-1,0.25,1,-1.5
119,5,-1,0.25,1,-2
164,5,-1,0.25,2,-0.5
137,5,-1,0.25,2,-1
115,5,-1,0.25,2,-1.5
91,5,-1,0.25,2,-2
111,5,-1,0.25,3,-0.5
162,5,-1,0.25,3,-1
112,5,-1,0.25,3,-1.5
95,5,-1,0.25,3,-2
182,5,-1,0.25,4,-0.5
129,5,-1,0.25,4,-1
132,5,-1,0.25,4,-1.5
65,5,-1,0.25,4,-2
297,5,-1,0.25,5,-0.5
327,5,-1,0.25,5,-1
208,5,-1,0.25,5,-1.5
80,5,-1,0.25,5,-2
128,5,-1,0.75,1,-0.5
174,5,-1,0.75,1,-1
105,5,-1,0.75,1,-1.5
55,5,-1,0.75,1,-2
131,5,-1,0.75,2,-0.5
122,5,-1,0.75,2,-1
80,5,-1,0.75,2,-1.5
56,5,-1,0.75,2,-2
125,5,-1,0.75,3,-0.5
113,5,-1,0.75,3,-1
109,5,-1,0.75,3,-1.5
140,5,-1,0.75,3,-2
122,5,-1,0.75,4,-0.5
103,5,-1,0.75,4,-1
68,5,-1,0.75,4,-1.5
79,5,-1,0.75,4,-2
103,5,-1,0.75,5,-0.5
106,5,-1,0.75,5,-1
97,5,-1,0.75,5,-1.5
43,5,-1,0.75,5,-2
127,5,-1,1.25,1,-0.5
104,5,-1,1.25,1,-1
108,5,-1,1.25,1,-1.5
87,5,-1,1.25,1,-2
74,5,-1,1.25,2,-0.5
91,5,-1,1.25,2,-1
100,5,-1,1.25,2,-1.5
60,5,-1,1.25,2,-2
88,5,-1,1.25,3,-0.5
72,5,-1,1.25,3,-1
112,5,-1,1.25,3,-1.5
45,5,-1,1.25,3,-2
108,5,-1,1.25,4,-0.5
61,5,-1,1.25,4,-1
88,5,-1,1.25,4,-1.5
73,5,-1,1.25,4,-2
81,5,-1,1.25,5,-0.5
96,5,-1,1.25,5,-1
90,5,-1,1.25,5,-1.5
47,5,-1,1.25,5,-2
137,5,-1,1.75,1,-0.5
93,5,-1,1.75,1,-1
89,5,-1,1.75,1,-1.5
77,5,-1,1.75,1,-2
113,5,-1,1.75,2,-0.5
83,5,-1,1.75,2,-1
80,5,-1,1.75,2,-1.5
84,5,-1,1.75,2,-2
111,5,-1,1.75,3,-0.5
111,5,-1,1.75,3,-1
61,5,-1,1.75,3,-1.5
68,5,-1,1.75,3,-2
107,5,-1,1.75,4,-0.5
78,5,-1,1.75,4,-1
62,5,-1,1.75,4,-1.5
74,5,-1,1.75,4,-2
102,5,-1,1.75,5,-0.5
86,5,-1,1.75,5,-1
61,5,-1,1.75,5,-1.5
44,5,-1,1.75,5,-2
278,5,-2,0.25,1,-0.5
145,5,-2,0.25,1,-1
256,5,-2,0.25,1,-1.5
157,5,-2,0.25,1,-2
529,5,-2,0.25,2,-0.5
476,5,-2,0.25,2,-1
68,5,-2,0.25,2,-1.5
106,5,-2,0.25,2,-2
156,5,-2,0.25,3,-0.5
347,5,-2,0.25,3,-1
167,5,-2,0.25,3,-1.5
210,5,-2,0.25,3,-2
318,5,-2,0.25,4,-0.5
90,5,-2,0.25,4,-1
198,5,-2,0.25,4,-1.5
74,5,-2,0.25,4,-2
115,5,-2,0.25,5,-0.5
256,5,-2,0.25,5,-1
66,5,-2,0.25,5,-1.5
75,5,-2,0.25,5,-2
114,5,-2,0.75,1,-0.5
183,5,-2,0.75,1,-1
125,5,-2,0.75,1,-1.5
93,5,-2,0.75,1,-2
300,5,-2,0.75,2,-0.5
93,5,-2,0.75,2,-1
60,5,-2,0.75,2,-1.5
79,5,-2,0.75,2,-2
142,5,-2,0.75,3,-0.5
155,5,-2,0.75,3,-1
86,5,-2,0.75,3,-1.5
53,5,-2,0.75,3,-2
273,5,-2,0.75,4,-0.5
225,5,-2,0.75,4,-1
46,5,-2,0.75,4,-1.5
147,5,-2,0.75,4,-2
105,5,-2,0.75,5,-0.5
201,5,-2,0.75,5,-1
60,5,-2,0.75,5,-1.5
515,5,-2,0.75,5,-2
95,5,-2,1.25,1,-0.5
72,5,-2,1.25,1,-1
70,5,-2,1.25,1,-1.5
73,5,-2,1.25,1,-2
89,5,-2,1.25,2,-0.5
75,5,-2,1.25,2,-1
49,5,-2,1.25,2,-1.5
40,5,-2,1.25,2,-2
80,5,-2,1.25,3,-0.5
52,5,-2,1.25,3,-1
40,5,-2,1.25,3,-1.5
42,5,-2,1.25,3,-2
92,5,-2,1.25,4,-0.5
71,5,-2,1.25,4,-1
42,5,-2,1.25,4,-1.5
113,5,-2,1.25,4,-2
57,5,-2,1.25,5,-0.5
73,5,-2,1.25,5,-1
40,5,-2,1.25,5,-1.5
39,5,-2,1.25,5,-2
79,5,-2,1.75,1,-0.5
79,5,-2,1.75,1,-1
62,5,-2,1.75,1,-1.5
61,5,-2,1.75,1,-2
74,5,-2,1.75,2,-0.5
63,5,-2,1.75,2,-1
50,5,-2,1.75,2,-1.5
69,5,-2,1.75,2,-2
84,5,-2,1.75,3,-0.5
68,5,-2,1.75,3,-1
41,5,-2,1.75,3,-1.5
44,5,-2,1.75,3,-2
79,5,-2,1.75,4,-0.5
53,5,-2,1.75,4,-1
65,5,-2,1.75,4,-1.5
54,5,-2,1.75,4,-2
61,5,-2,1.75,5,-0.5
78,5,-2,1.75,5,-1
56,5,-2,1.75,5,-1.5
49,5,-2,1.75,5,-2
488,5,-3,0.25,1,-0.5
537,5,-3,0.25,1,-1
440,5,-3,0.25,1,-1.5
142,5,-3,0.25,1,-2
334,5,-3,0.25,2,-0.5
381,5,-3,0.25,2,-1
440,5,-3,0.25,2,-1.5
85,5,-3,0.25,2,-2
377,5,-3,0.25,3,-0.5
290,5,-3,0.25,3,-1
452,5,-3,0.25,3,-1.5
145,5,-3,0.25,3,-2
377,5,-3,0.25,4,-0.5
216,5,-3,0.25,4,-1
160,5,-3,0.25,4,-1.5
151,5,-3,0.25,4,-2
535,5,-3,0.25,5,-0.5
296,5,-3,0.25,5,-1
526,5,-3,0.25,5,-1.5
279,5,-3,0.25,5,-2
303,5,-3,0.75,1,-0.5
83,5,-3,0.75,1,-1
205,5,-3,0.75,1,-1.5
148,5,-3,0.75,1,-2
532,5,-3,0.75,2,-0.5
224,5,-3,0.75,2,-1
66,5,-3,0.75,2,-1.5
101,5,-3,0.75,2,-2
191,5,-3,0.75,3,-0.5
315,5,-3,0.75,3,-1
138,5,-3,0.75,3,-1.5
67,5,-3,0.75,3,-2
125,5,-3,0.75,4,-0.5
273,5,-3,0.75,4,-1
174,5,-3,0.75,4,-1.5
520,5,-3,0.75,4,-2
219,5,-3,0.75,5,-0.5
198,5,-3,0.75,5,-1
230,5,-3,0.75,5,-1.5
264,5,-3,0.75,5,-2
303,5,-3,1.25,1,-0.5
74,5,-3,1.25,1,-1
87,5,-3,1.25,1,-1.5
40,5,-3,1.25,1,-2
54,5,-3,1.25,2,-0.5
139,5,-3,1.25,2,-1
47,5,-3,1.25,2,-1.5
71,5,-3,1.25,2,-2
67,5,-3,1.25,3,-0.5
43,5,-3,1.25,3,-1
64,5,-3,1.25,3,-1.5
57,5,-3,1.25,3,-2
59,5,-3,1.25,4,-0.5
35,5,-3,1.25,4,-1
61,5,-3,1.25,4,-1.5
42,5,-3,1.25,4,-2
63,5,-3,1.25,5,-0.5
34,5,-3,1.25,5,-1
51,5,-3,1.25,5,-1.5
66,5,-3,1.25,5,-2
71,5,-3,1.75,1,-0.5
99,5,-3,1.75,1,-1
50,5,-3,1.75,1,-1.5
47,5,-3,1.75,1,-2
78,5,-3,1.75,2,-0.5
48,5,-3,1.75,2,-1
55,5,-3,1.75,2,-1.5
34,5,-3,1.75,2,-2
94,5,-3,1.75,3,-0.5
69,5,-3,1.75,3,-1
26,5,-3,1.75,3,-1.5
24,5,-3,1.75,3,-2
54,5,-3,1.75,4,-0.5
29,5,-3,1.75,4,-1
40,5,-3,1.75,4,-1.5
20,5,-3,1.75,4,-2
90,5,-3,1.75,5,-0.5
26,5,-3,1.75,5,-1
50,5,-3,1.75,5,-1.5
65,5,-3,1.75,5,-2
667,5,-4,0.25,1,-0.5
308,5,-4,0.25,1,-1
406,5,-4,0.25,1,-1.5
160,5,-4,0.25,1,-2
667,5,-4,0.25,2,-0.5
345,5,-4,0.25,2,-1
167,5,-4,0.25,2,-1.5
259,5,-4,0.25,2,-2
222,5,-4,0.25,3,-0.5
375,5,-4,0.25,3,-1
226,5,-4,0.25,3,-1.5
479,5,-4,0.25,3,-2
244,5,-4,0.25,4,-0.5
331,5,-4,0.25,4,-1
121,5,-4,0.25,4,-1.5
164,5,-4,0.25,4,-2
535,5,-4,0.25,5,-0.5
299,5,-4,0.25,5,-1
393,5,-4,0.25,5,-1.5
169,5,-4,0.25,5,-2
140,5,-4,0.75,1,-0.5
105,5,-4,0.75,1,-1
165,5,-4,0.75,1,-1.5
133,5,-4,0.75,1,-2
451,5,-4,0.75,2,-0.5
113,5,-4,0.75,2,-1
237,5,-4,0.75,2,-1.5
80,5,-4,0.75,2,-2
614,5,-4,0.75,3,-0.5
113,5,-4,0.75,3,-1
138,5,-4,0.75,3,-1.5
70,5,-4,0.75,3,-2
221,5,-4,0.75,4,-0.5
81,5,-4,0.75,4,-1
94,5,-4,0.75,4,-1.5
57,5,-4,0.75,4,-2
60,5,-4,0.75,5,-0.5
141,5,-4,0.75,5,-1
222,5,-4,0.75,5,-1.5
92,5,-4,0.75,5,-2
41,5,-4,1.25,1,-0.5
71,5,-4,1.25,1,-1
73,5,-4,1.25,1,-1.5
72,5,-4,1.25,1,-2
45,5,-4,1.25,2,-0.5
195,5,-4,1.25,2,-1
60,5,-4,1.25,2,-1.5
79,5,-4,1.25,2,-2
61,5,-4,1.25,3,-0.5
345,5,-4,1.25,3,-1
60,5,-4,1.25,3,-1.5
245,5,-4,1.25,3,-2
53,5,-4,1.25,4,-0.5
187,5,-4,1.25,4,-1
81,5,-4,1.25,4,-1.5
41,5,-4,1.25,4,-2
43,5,-4,1.25,5,-0.5
46,5,-4,1.25,5,-1
124,5,-4,1.25,5,-1.5
44,5,-4,1.25,5,-2
59,5,-4,1.75,1,-0.5
37,5,-4,1.75,1,-1
67,5,-4,1.75,1,-1.5
45,5,-4,1.75,1,-2
63,5,-4,1.75,2,-0.5
35,5,-4,1.75,2,-1
57,5,-4,1.75,2,-1.5
35,5,-4,1.75,2,-2
31,5,-4,1.75,3,-0.5
30,5,-4,1.75,3,-1
53,5,-4,1.75,3,-1.5
36,5,-4,1.75,3,-2
46,5,-4,1.75,4,-0.5
51,5,-4,1.75,4,-1
32,5,-4,1.75,4,-1.5
24,5,-4,1.75,4,-2
49,5,-4,1.75,5,-0.5
48,5,-4,1.75,5,-1
31,5,-4,1.75,5,-1.5
42,5,-4,1.75,5,-2
460,5,-5,0.25,1,-0.5
265,5,-5,0.25,1,-1
214,5,-5,0.25,1,-1.5
140,5,-5,0.25,1,-2
484,5,-5,0.25,2,-0.5
367,5,-5,0.25,2,-1
274,5,-5,0.25,2,-1.5
129,5,-5,0.25,2,-2
349,5,-5,0.25,3,-0.5
240,5,-5,0.25,3,-1
377,5,-5,0.25,3,-1.5
308,5,-5,0.25,3,-2
482,5,-5,0.25,4,-0.5
271,5,-5,0.25,4,-1
404,5,-5,0.25,4,-1.5
331,5,-5,0.25,4,-2
535,5,-5,0.25,5,-0.5
102,5,-5,0.25,5,-1
97,5,-5,0.25,5,-1.5
441,5,-5,0.25,5,-2
406,5,-5,0.75,1,-0.5
300,5,-5,0.75,1,-1
96,5,-5,0.75,1,-1.5
91,5,-5,0.75,1,-2
293,5,-5,0.75,2,-0.5
103,5,-5,0.75,2,-1
232,5,-5,0.75,2,-1.5
396,5,-5,0.75,2,-2
451,5,-5,0.75,3,-0.5
330,5,-5,0.75,3,-1
77,5,-5,0.75,3,-1.5
396,5,-5,0.75,3,-2
265,5,-5,0.75,4,-0.5
277,5,-5,0.75,4,-1
136,5,-5,0.75,4,-1.5
138,5,-5,0.75,4,-2
145,5,-5,0.75,5,-0.5
247,5,-5,0.75,5,-1
254,5,-5,0.75,5,-1.5
125,5,-5,0.75,5,-2
178,5,-5,1.25,1,-0.5
86,5,-5,1.25,1,-1
65,5,-5,1.25,1,-1.5
428,5,-5,1.25,1,-2
58,5,-5,1.25,2,-0.5
42,5,-5,1.25,2,-1
31,5,-5,1.25,2,-1.5
42,5,-5,1.25,2,-2
45,5,-5,1.25,3,-0.5
48,5,-5,1.25,3,-1
48,5,-5,1.25,3,-1.5
135,5,-5,1.25,3,-2
230,5,-5,1.25,4,-0.5
38,5,-5,1.25,4,-1
74,5,-5,1.25,4,-1.5
196,5,-5,1.25,4,-2
134,5,-5,1.25,5,-0.5
113,5,-5,1.25,5,-1
230,5,-5,1.25,5,-1.5
32,5,-5,1.25,5,-2
77,5,-5,1.75,1,-0.5
46,5,-5,1.75,1,-1
55,5,-5,1.75,1,-1.5
50,5,-5,1.75,1,-2
377,5,-5,1.75,2,-0.5
27,5,-5,1.75,2,-1
242,5,-5,1.75,2,-1.5
55,5,-5,1.75,2,-2
50,5,-5,1.75,3,-0.5
39,5,-5,1.75,3,-1
59,5,-5,1.75,3,-1.5
83,5,-5,1.75,3,-2
48,5,-5,1.75,4,-0.5
53,5,-5,1.75,4,-1
44,5,-5,1.75,4,-1.5
28,5,-5,1.75,4,-2
336,5,-5,1.75,5,-0.5
29,5,-5,1.75,5,-1
60,5,-5,1.75,5,-1.5
37,5,-5,1.75,5,-2
