165,1,-1,0.25,1,-0.5
24,1,-1,0.25,1,-1
17,1,-1,0.25,1,-1.5
46,1,-1,0.25,1,-2
35,1,-1,0.25,2,-0.5
26,1,-1,0.25,2,-1
23,1,-1,0.25,2,-1.5
30,1,-1,0.25,2,-2
50,1,-1,0.25,3,-0.5
29,1,-1,0.25,3,-1
48,1,-1,0.25,3,-1.5
20,1,-1,0.25,3,-2
47,1,-1,0.25,4,-0.5
46,1,-1,0.25,4,-1
33,1,-1,0.25,4,-1.5
31,1,-1,0.25,4,-2
85,1,-1,0.25,5,-0.5
33,1,-1,0.25,5,-1
53,1,-1,0.25,5,-1.5
43,1,-1,0.25,5,-2
48,1,-1,0.75,1,-0.5
49,1,-1,0.75,1,-1
60,1,-1,0.75,1,-1.5
31,1,-1,0.75,1,-2
28,1,-1,0.75,2,-0.5
83,1,-1,0.75,2,-1
62,1,-1,0.75,2,-1.5
70,1,-1,0.75,2,-2
49,1,-1,0.75,3,-0.5
50,1,-1,0.75,3,-1
51,1,-1,0.75,3,-1.5
40,1,-1,0.75,3,-2
70,1,-1,0.75,4,-0.5
37,1,-1,0.75,4,-1
56,1,-1,0.75,4,-1.5
64,1,-1,0.75,4,-2
80,1,-1,0.75,5,-0.5
38,1,-1,0.75,5,-1
52,1,-1,0.75,5,-1.5
80,1,-1,0.75,5,-2
120,1,-1,1.25,1,-0.5
93,1,-1,1.25,1,-1
88,1,-1,1.25,1,-1.5
93,1,-1,1.25,1,-2
111,1,-1,1.25,2,-0.5
95,1,-1,1.25,2,-1
88,1,-1,1.25,2,-1.5
89,1,-1,1.25,2,-2
105,1,-1,1.25,3,-0.5
89,1,-1,1.25,3,-1
81,1,-1,1.25,3,-1.5
87,1,-1,1.25,3,-2
118,1,-1,1.25,4,-0.5
100,1,-1,1.25,4,-1
103,1,-1,1.25,4,-1.5
72,1,-1,1.25,4,-2
87,1,-1,1.25,5,-0.5
112,1,-1,1.25,5,-1
132,1,-1,1.25,5,-1.5
97,1,-1,1.25,5,-2
162,1,-1,1.75,1,-0.5
139,1,-1,1.75,1,-1
137,1,-1,1.75,1,-1.5
130,1,-1,1.75,1,-2
180,1,-1,1.75,2,-0.5
151,1,-1,1.75,2,-1
124,1,-1,1.75,2,-1.5
118,1,-1,1.75,2,-2
125,1,-1,1.75,3,-0.5
113,1,-1,1.75,3,-1
134,1,-1,1.75,3,-1.5
124,1,-1,1.75,3,-2
147,1,-1,1.75,4,-0.5
135,1,-1,1.75,4,-1
101,1,-1,1.75,4,-1.5
114,1,-1,1.75,4,-2
163,1,-1,1.75,5,-0.5
123,1,-1,1.75,5,-1
113,1,-1,1.75,5,-1.5
126,1,-1,1.75,5,-2
41,1,-2,0.25,1,-0.5
30,1,-2,0.25,1,-1
33,1,-2,0.25,1,-1.5
39,1,-2,0.25,1,-2
84,1,-2,0.25,2,-0.5
247,1,-2,0.25,2,-1
66,1,-2,0.25,2,-1.5
212,1,-2,0.25,2,-2
83,1,-2,0.25,3,-0.5
44,1,-2,0.25,3,-1
72,1,-2,0.25,3,-1.5
55,1,-2,0.25,3,-2
42,1,-2,0.25,4,-0.5
59,1,-2,0.25,4,-1
192,1,-2,0.25,4,-1.5
20,1,-2,0.25,4,-2
32,1,-2,0.25,5,-0.5
66,1,-2,0.25,5,-1
46,1,-2,0.25,5,-1.5
74,1,-2,0.25,5,-2
37,1,-2,0.75,1,-0.5
30,1,-2,0.75,1,-1
48,1,-2,0.75,1,-1.5
26,1,-2,0.75,1,-2
42,1,-2,0.75,2,-0.5
29,1,-2,0.75,2,-1
34,1,-2,0.75,2,-1.5
26,1,-2,0.75,2,-2
32,1,-2,0.75,3,-0.5
22,1,-2,0.75,3,-1
54,1,-2,0.75,3,-1.5
26,1,-2,0.75,3,-2
42,1,-2,0.75,4,-0.5
41,1,-2,0.75,4,-1
38,1,-2,0.75,4,-1.5
56,1,-2,0.75,4,-2
38,1,-2,0.75,5,-0.5
59,1,-2,0.75,5,-1
58,1,-2,0.75,5,-1.5
36,1,-2,0.75,5,-2
78,1,-2,1.25,1,-0.5
59,1,-2,1.25,1,-1
44,1,-2,1.25,1,-1.5
38,1,-2,1.25,1,-2
57,1,-2,1.25,2,-0.5
49,1,-2,1.25,2,-1
26,1,-2,1.25,2,-1.5
58,1,-2,1.25,2,-2
76,1,-2,1.25,3,-0.5
53,1,-2,1.25,3,-1
65,1,-2,1.25,3,-1.5
24,1,-2,1.25,3,-2
73,1,-2,1.25,4,-0.5
40,1,-2,1.25,4,-1
65,1,-2,1.25,4,-1.5
32,1,-2,1.25,4,-2
102,1,-2,1.25,5,-0.5
77,1,-2,1.25,5,-1
57,1,-2,1.25,5,-1.5
57,1,-2,1.25,5,-2
119,1,-2,1.75,1,-0.5
103,1,-2,1.75,1,-1
98,1,-2,1.75,1,-1.5
57,1,-2,1.75,1,-2
110,1,-2,1.75,2,-0.5
82,1,-2,1.75,2,-1
57,1,-2,1.75,2,-1.5
85,1,-2,1.75,2,-2
94,1,-2,1.75,3,-0.5
91,1,-2,1.75,3,-1
85,1,-2,1.75,3,-1.5
69,1,-2,1.75,3,-2
84,1,-2,1.75,4,-0.5
102,1,-2,1.75,4,-1
69,1,-2,1.75,4,-1.5
55,1,-2,1.75,4,-2
96,1,-2,1.75,5,-0.5
93,1,-2,1.75,5,-1
100,1,-2,1.75,5,-1.5
79,1,-2,1.75,5,-2
50,1,-3,0.25,1,-0.5
444,1,-3,0.25,1,-1
287,1,-3,0.25,1,-1.5
128,1,-3,0.25,1,-2
49,1,-3,0.25,2,-0.5
157,1,-3,0.25,2,-1
142,1,-3,0.25,2,-1.5
398,1,-3,0.25,2,-2
30,1,-3,0.25,3,-0.5
65,1,-3,0.25,3,-1
84,1,-3,0.25,3,-1.5
332,1,-3,0.25,3,-2
20,1,-3,0.25,4,-0.5
105,1,-3,0.25,4,-1
25,1,-3,0.25,4,-1.5
46,1,-3,0.25,4,-2
51,1,-3,0.25,5,-0.5
50,1,-3,0.25,5,-1
315,1,-3,0.25,5,-1.5
55,1,-3,0.25,5,-2
63,1,-3,0.75,1,-0.5
183,1,-3,0.75,1,-1
24,1,-3,0.75,1,-1.5
52,1,-3,0.75,1,-2
207,1,-3,0.75,2,-0.5
32,1,-3,0.75,2,-1
28,1,-3,0.75,2,-1.5
27,1,-3,0.75,2,-2
186,1,-3,0.75,3,-0.5
35,1,-3,0.75,3,-1
52,1,-3,0.75,3,-1.5
35,1,-3,0.75,3,-2
52,1,-3,0.75,4,-0.5
18,1,-3,0.75,4,-1
24,1,-3,0.75,4,-1.5
34,1,-3,0.75,4,-2
30,1,-3,0.75,5,-0.5
218,1,-3,0.75,5,-1
34,1,-3,0.75,5,-1.5
38,1,-3,0.75,5,-2
65,1,-3,1.25,1,-0.5
31,1,-3,1.25,1,-1
34,1,-3,1.25,1,-1.5
37,1,-3,1.25,1,-2
24,1,-3,1.25,2,-0.5
34,1,-3,1.25,2,-1
41,1,-3,1.25,2,-1.5
18,1,-3,1.25,2,-2
35,1,-3,1.25,3,-0.5
27,1,-3,1.25,3,-1
93,1,-3,1.25,3,-1.5
14,1,-3,1.25,3,-2
25,1,-3,1.25,4,-0.5
18,1,-3,1.25,4,-1
25,1,-3,1.25,4,-1.5
39,1,-3,1.25,4,-2
46,1,-3,1.25,5,-0.5
40,1,-3,1.25,5,-1
35,1,-3,1.25,5,-1.5
40,1,-3,1.25,5,-2
97,1,-3,1.75,1,-0.5
44,1,-3,1.75,1,-1
30,1,-3,1.75,1,-1.5
189,1,-3,1.75,1,-2
83,1,-3,1.75,2,-0.5
61,1,-3,1.75,2,-1
46,1,-3,1.75,2,-1.5
66,1,-3,1.75,2,-2
63,1,-3,1.75,3,-0.5
57,1,-3,1.75,3,-1
61,1,-3,1.75,3,-1.5
36,1,-3,1.75,3,-2
55,1,-3,1.75,4,-0.5
64,1,-3,1.75,4,-1
47,1,-3,1.75,4,-1.5
69,1,-3,1.75,4,-2
83,1,-3,1.75,5,-0.5
75,1,-3,1.75,5,-1
67,1,-3,1.75,5,-1.5
54,1,-3,1.75,5,-2
371,1,-4,0.25,1,-0.5
203,1,-4,0.25,1,-1
257,1,-4,0.25,1,-1.5
141,1,-4,0.25,1,-2
130,1,-4,0.25,2,-0.5
170,1,-4,0.25,2,-1
224,1,-4,0.25,2,-1.5
49,1,-4,0.25,2,-2
177,1,-4,0.25,3,-0.5
74,1,-4,0.25,3,-1
179,1,-4,0.25,3,-1.5
475,1,-4,0.25,3,-2
117,1,-4,0.25,4,-0.5
305,1,-4,0.25,4,-1
52,1,-4,0.25,4,-1.5
52,1,-4,0.25,4,-2
278,1,-4,0.25,5,-0.5
305,1,-4,0.25,5,-1
337,1,-4,0.25,5,-1.5
238,1,-4,0.25,5,-2
30,1,-4,0.75,1,-0.5
439,1,-4,0.75,1,-1
349,1,-4,0.75,1,-1.5
48,1,-4,0.75,1,-2
96,1,-4,0.75,2,-0.5
37,1,-4,0.75,2,-1
67,1,-4,0.75,2,-1.5
53,1,-4,0.75,2,-2
290,1,-4,0.75,3,-0.5
24,1,-4,0.75,3,-1
31,1,-4,0.75,3,-1.5
51,1,-4,0.75,3,-2
34,1,-4,0.75,4,-0.5
42,1,-4,0.75,4,-1
188,1,-4,0.75,4,-1.5
122,1,-4,0.75,4,-2
39,1,-4,0.75,5,-0.5
50,1,-4,0.75,5,-1
97,1,-4,0.75,5,-1.5
21,1,-4,0.75,5,-2
37,1,-4,1.25,1,-0.5
367,1,-4,1.25,1,-1
31,1,-4,1.25,1,-1.5
33,1,-4,1.25,1,-2
59,1,-4,1.25,2,-0.5
28,1,-4,1.25,2,-1
31,1,-4,1.25,2,-1.5
49,1,-4,1.25,2,-2
26,1,-4,1.25,3,-0.5
19,1,-4,1.25,3,-1
52,1,-4,1.25,3,-1.5
50,1,-4,1.25,3,-2
20,1,-4,1.25,4,-0.5
31,1,-4,1.25,4,-1
23,1,-4,1.25,4,-1.5
38,1,-4,1.25,4,-2
28,1,-4,1.25,5,-0.5
36,1,-4,1.25,5,-1
35,1,-4,1.25,5,-1.5
43,1,-4,1.25,5,-2
77,1,-4,1.75,1,-0.5
54,1,-4,1.75,1,-1
52,1,-4,1.75,1,-1.5
78,1,-4,1.75,1,-2
56,1,-4,1.75,2,-0.5
49,1,-4,1.75,2,-1
31,1,-4,1.75,2,-1.5
23,1,-4,1.75,2,-2
51,1,-4,1.75,3,-0.5
69,1,-4,1.75,3,-1
36,1,-4,1.75,3,-1.5
57,1,-4,1.75,3,-2
67,1,-4,1.75,4,-0.5
45,1,-4,1.75,4,-1
28,1,-4,1.75,4,-1.5
30,1,-4,1.75,4,-2
57,1,-4,1.75,5,-0.5
40,1,-4,1.75,5,-1
32,1,-4,1.75,5,-1.5
26,1,-4,1.75,5,-2
460,1,-5,0.25,1,-0.5
121,1,-5,0.25,1,-1
339,1,-5,0.25,1,-1.5
98,1,-5,0.25,1,-2
377,1,-5,0.25,2,-0.5
17,1,-5,0.25,2,-1
471,1,-5,0.25,2,-1.5
161,1,-5,0.25,2,-2
336,1,-5,0.25,3,-0.5
435,1,-5,0.25,3,-1
471,1,-5,0.25,3,-1.5
353,1,-5,0.25,3,-2
229,1,-5,0.25,4,-0.5
435,1,-5,0.25,4,-1
153,1,-5,0.25,4,-1.5
408,1,-5,0.25,4,-2
265,1,-5,0.25,5,-0.5
406,1,-5,0.25,5,-1
130,1,-5,0.25,5,-1.5
33,1,-5,0.25,5,-2
87,1,-5,0.75,1,-0.5
238,1,-5,0.75,1,-1
19,1,-5,0.75,1,-1.5
38,1,-5,0.75,1,-2
580,1,-5,0.75,2,-0.5
37,1,-5,0.75,2,-1
108,1,-5,0.75,2,-1.5
31,1,-5,0.75,2,-2
32,1,-5,0.75,3,-0.5
79,1,-5,0.75,3,-1
19,1,-5,0.75,3,-1.5
48,1,-5,0.75,3,-2
501,1,-5,0.75,4,-0.5
29,1,-5,0.75,4,-1
33,1,-5,0.75,4,-1.5
93,1,-5,0.75,4,-2
565,1,-5,0.75,5,-0.5
103,1,-5,0.75,5,-1
130,1,-5,0.75,5,-1.5
38,1,-5,0.75,5,-2
46,1,-5,1.25,1,-0.5
53,1,-5,1.25,1,-1
30,1,-5,1.25,1,-1.5
55,1,-5,1.25,1,-2
46,1,-5,1.25,2,-0.5
42,1,-5,1.25,2,-1
26,1,-5,1.25,2,-1.5
31,1,-5,1.25,2,-2
70,1,-5,1.25,3,-0.5
57,1,-5,1.25,3,-1
37,1,-5,1.25,3,-1.5
40,1,-5,1.25,3,-2
66,1,-5,1.25,4,-0.5
31,1,-5,1.25,4,-1
18,1,-5,1.25,4,-1.5
80,1,-5,1.25,4,-2
654,1,-5,1.25,5,-0.5
58,1,-5,1.25,5,-1
52,1,-5,1.25,5,-1.5
18,1,-5,1.25,5,-2
53,1,-5,1.75,1,-0.5
52,1,-5,1.75,1,-1
19,1,-5,1.75,1,-1.5
36,1,-5,1.75,1,-2
38,1,-5,1.75,2,-0.5
30,1,-5,1.75,2,-1
263,1,-5,1.75,2,-1.5
32,1,-5,1.75,2,-2
52,1,-5,1.75,3,-0.5
42,1,-5,1.75,3,-1
28,1,-5,1.75,3,-1.5
29,1,-5,1.75,3,-2
50,1,-5,1.75,4,-0.5
60,1,-5,1.75,4,-1
31,1,-5,1.75,4,-1.5
39,1,-5,1.75,4,-2
29,1,-5,1.75,5,-0.5
33,1,-5,1.75,5,-1
31,1,-5,1.75,5,-1.5
44,1,-5,1.75,5,-2
93,2,-1,0.25,1,-0.5
58,2,-1,0.25,1,-1
41,2,-1,0.25,1,-1.5
75,2,-1,0.25,1,-2
155,2,-1,0.25,2,-0.5
65,2,-1,0.25,2,-1
76,2,-1,0.25,2,-1.5
22,2,-1,0.25,2,-2
72,2,-1,0.25,3,-0.5
46,2,-1,0.25,3,-1
64,2,-1,0.25,3,-1.5
25,2,-1,0.25,3,-2
115,2,-1,0.25,4,-0.5
65,2,-1,0.25,4,-1
74,2,-1,0.25,4,-1.5
78,2,-1,0.25,4,-2
62,2,-1,0.25,5,-0.5
99,2,-1,0.25,5,-1
67,2,-1,0.25,5,-1.5
51,2,-1,0.25,5,-2
64,2,-1,0.75,1,-0.5
54,2,-1,0.75,1,-1
34,2,-1,0.75,1,-1.5
42,2,-1,0.75,1,-2
44,2,-1,0.75,2,-0.5
45,2,-1,0.75,2,-1
61,2,-1,0.75,2,-1.5
54,2,-1,0.75,2,-2
62,2,-1,0.75,3,-0.5
44,2,-1,0.75,3,-1
47,2,-1,0.75,3,-1.5
28,2,-1,0.75,3,-2
65,2,-1,0.75,4,-0.5
44,2,-1,0.75,4,-1
60,2,-1,0.75,4,-1.5
55,2,-1,0.75,4,-2
43,2,-1,0.75,5,-0.5
47,2,-1,0.75,5,-1
52,2,-1,0.75,5,-1.5
46,2,-1,0.75,5,-2
110,2,-1,1.25,1,-0.5
62,2,-1,1.25,1,-1
59,2,-1,1.25,1,-1.5
85,2,-1,1.25,1,-2
67,2,-1,1.25,2,-0.5
43,2,-1,1.25,2,-1
58,2,-1,1.25,2,-1.5
94,2,-1,1.25,2,-2
62,2,-1,1.25,3,-0.5
52,2,-1,1.25,3,-1
58,2,-1,1.25,3,-1.5
45,2,-1,1.25,3,-2
99,2,-1,1.25,4,-0.5
62,2,-1,1.25,4,-1
46,2,-1,1.25,4,-1.5
34,2,-1,1.25,4,-2
95,2,-1,1.25,5,-0.5
46,2,-1,1.25,5,-1
72,2,-1,1.25,5,-1.5
70,2,-1,1.25,5,-2
124,2,-1,1.75,1,-0.5
122,2,-1,1.75,1,-1
64,2,-1,1.75,1,-1.5
106,2,-1,1.75,1,-2
143,2,-1,1.75,2,-0.5
91,2,-1,1.75,2,-1
73,2,-1,1.75,2,-1.5
96,2,-1,1.75,2,-2
124,2,-1,1.75,3,-0.5
80,2,-1,1.75,3,-1
78,2,-1,1.75,3,-1.5
80,2,-1,1.75,3,-2
119,2,-1,1.75,4,-0.5
97,2,-1,1.75,4,-1
70,2,-1,1.75,4,-1.5
96,2,-1,1.75,4,-2
104,2,-1,1.75,5,-0.5
61,2,-1,1.75,5,-1
97,2,-1,1.75,5,-1.5
84,2,-1,1.75,5,-2
203,2,-2,0.25,1,-0.5
141,2,-2,0.25,1,-1
38,2,-2,0.25,1,-1.5
38,2,-2,0.25,1,-2
115,2,-2,0.25,2,-0.5
444,2,-2,0.25,2,-1
74,2,-2,0.25,2,-1.5
25,2,-2,0.25,2,-2
70,2,-2,0.25,3,-0.5
81,2,-2,0.25,3,-1
56,2,-2,0.25,3,-1.5
85,2,-2,0.25,3,-2
278,2,-2,0.25,4,-0.5
80,2,-2,0.25,4,-1
124,2,-2,0.25,4,-1.5
21,2,-2,0.25,4,-2
167,2,-2,0.25,5,-0.5
71,2,-2,0.25,5,-1
94,2,-2,0.25,5,-1.5
97,2,-2,0.25,5,-2
38,2,-2,0.75,1,-0.5
37,2,-2,0.75,1,-1
21,2,-2,0.75,1,-1.5
19,2,-2,0.75,1,-2
52,2,-2,0.75,2,-0.5
47,2,-2,0.75,2,-1
41,2,-2,0.75,2,-1.5
43,2,-2,0.75,2,-2
72,2,-2,0.75,3,-0.5
25,2,-2,0.75,3,-1
18,2,-2,0.75,3,-1.5
29,2,-2,0.75,3,-2
45,2,-2,0.75,4,-0.5
37,2,-2,0.75,4,-1
30,2,-2,0.75,4,-1.5
48,2,-2,0.75,4,-2
349,2,-2,0.75,5,-0.5
25,2,-2,0.75,5,-1
59,2,-2,0.75,5,-1.5
62,2,-2,0.75,5,-2
42,2,-2,1.25,1,-0.5
26,2,-2,1.25,1,-1
26,2,-2,1.25,1,-1.5
26,2,-2,1.25,1,-2
38,2,-2,1.25,2,-0.5
36,2,-2,1.25,2,-1
42,2,-2,1.25,2,-1.5
38,2,-2,1.25,2,-2
32,2,-2,1.25,3,-0.5
36,2,-2,1.25,3,-1
29,2,-2,1.25,3,-1.5
20,2,-2,1.25,3,-2
56,2,-2,1.25,4,-0.5
17,2,-2,1.25,4,-1
32,2,-2,1.25,4,-1.5
37,2,-2,1.25,4,-2
51,2,-2,1.25,5,-0.5
41,2,-2,1.25,5,-1
36,2,-2,1.25,5,-1.5
56,2,-2,1.25,5,-2
79,2,-2,1.75,1,-0.5
67,2,-2,1.75,1,-1
53,2,-2,1.75,1,-1.5
78,2,-2,1.75,1,-2
80,2,-2,1.75,2,-0.5
57,2,-2,1.75,2,-1
49,2,-2,1.75,2,-1.5
49,2,-2,1.75,2,-2
69,2,-2,1.75,3,-0.5
68,2,-2,1.75,3,-1
74,2,-2,1.75,3,-1.5
32,2,-2,1.75,3,-2
83,2,-2,1.75,4,-0.5
78,2,-2,1.75,4,-1
50,2,-2,1.75,4,-1.5
25,2,-2,1.75,4,-2
104,2,-2,1.75,5,-0.5
94,2,-2,1.75,5,-1
67,2,-2,1.75,5,-1.5
37,2,-2,1.75,5,-2
230,2,-3,0.25,1,-0.5
365,2,-3,0.25,1,-1
243,2,-3,0.25,1,-1.5
153,2,-3,0.25,1,-2
595,2,-3,0.25,2,-0.5
320,2,-3,0.25,2,-1
86,2,-3,0.25,2,-1.5
128,2,-3,0.25,2,-2
582,2,-3,0.25,3,-0.5
320,2,-3,0.25,3,-1
59,2,-3,0.25,3,-1.5
61,2,-3,0.25,3,-2
217,2,-3,0.25,4,-0.5
320,2,-3,0.25,4,-1
73,2,-3,0.25,4,-1.5
411,2,-3,0.25,4,-2
89,2,-3,0.25,5,-0.5
320,2,-3,0.25,5,-1
505,2,-3,0.25,5,-1.5
91,2,-3,0.25,5,-2
87,2,-3,0.75,1,-0.5
33,2,-3,0.75,1,-1
78,2,-3,0.75,1,-1.5
32,2,-3,0.75,1,-2
50,2,-3,0.75,2,-0.5
20,2,-3,0.75,2,-1
50,2,-3,0.75,2,-1.5
33,2,-3,0.75,2,-2
21,2,-3,0.75,3,-0.5
46,2,-3,0.75,3,-1
34,2,-3,0.75,3,-1.5
35,2,-3,0.75,3,-2
129,2,-3,0.75,4,-0.5
31,2,-3,0.75,4,-1
34,2,-3,0.75,4,-1.5
37,2,-3,0.75,4,-2
31,2,-3,0.75,5,-0.5
57,2,-3,0.75,5,-1
16,2,-3,0.75,5,-1.5
43,2,-3,0.75,5,-2
94,2,-3,1.25,1,-0.5
33,2,-3,1.25,1,-1
24,2,-3,1.25,1,-1.5
36,2,-3,1.25,1,-2
26,2,-3,1.25,2,-0.5
61,2,-3,1.25,2,-1
25,2,-3,1.25,2,-1.5
29,2,-3,1.25,2,-2
49,2,-3,1.25,3,-0.5
33,2,-3,1.25,3,-1
36,2,-3,1.25,3,-1.5
34,2,-3,1.25,3,-2
46,2,-3,1.25,4,-0.5
20,2,-3,1.25,4,-1
19,2,-3,1.25,4,-1.5
38,2,-3,1.25,4,-2
46,2,-3,1.25,5,-0.5
37,2,-3,1.25,5,-1
33,2,-3,1.25,5,-1.5
30,2,-3,1.25,5,-2
65,2,-3,1.75,1,-0.5
53,2,-3,1.75,1,-1
26,2,-3,1.75,1,-1.5
44,2,-3,1.75,1,-2
88,2,-3,1.75,2,-0.5
20,2,-3,1.75,2,-1
55,2,-3,1.75,2,-1.5
51,2,-3,1.75,2,-2
62,2,-3,1.75,3,-0.5
54,2,-3,1.75,3,-1
50,2,-3,1.75,3,-1.5
44,2,-3,1.75,3,-2
65,2,-3,1.75,4,-0.5
26,2,-3,1.75,4,-1
56,2,-3,1.75,4,-1.5
42,2,-3,1.75,4,-2
37,2,-3,1.75,5,-0.5
32,2,-3,1.75,5,-1
59,2,-3,1.75,5,-1.5
37,2,-3,1.75,5,-2
346,2,-4,0.25,1,-0.5
513,2,-4,0.25,1,-1
97,2,-4,0.25,1,-1.5
480,2,-4,0.25,1,-2
244,2,-4,0.25,2,-0.5
513,2,-4,0.25,2,-1
239,2,-4,0.25,2,-1.5
124,2,-4,0.25,2,-2
227,2,-4,0.25,3,-0.5
393,2,-4,0.25,3,-1
92,2,-4,0.25,3,-1.5
308,2,-4,0.25,3,-2
529,2,-4,0.25,4,-0.5
392,2,-4,0.25,4,-1
136,2,-4,0.25,4,-1.5
160,2,-4,0.25,4,-2
327,2,-4,0.25,5,-0.5
227,2,-4,0.25,5,-1
230,2,-4,0.25,5,-1.5
43,2,-4,0.25,5,-2
48,2,-4,0.75,1,-0.5
54,2,-4,0.75,1,-1
42,2,-4,0.75,1,-1.5
38,2,-4,0.75,1,-2
149,2,-4,0.75,2,-0.5
188,2,-4,0.75,2,-1
212,2,-4,0.75,2,-1.5
48,2,-4,0.75,2,-2
360,2,-4,0.75,3,-0.5
28,2,-4,0.75,3,-1
337,2,-4,0.75,3,-1.5
104,2,-4,0.75,3,-2
204,2,-4,0.75,4,-0.5
517,2,-4,0.75,4,-1
119,2,-4,0.75,4,-1.5
30,2,-4,0.75,4,-2
540,2,-4,0.75,5,-0.5
517,2,-4,0.75,5,-1
23,2,-4,0.75,5,-1.5
77,2,-4,0.75,5,-2
44,2,-4,1.25,1,-0.5
19,2,-4,1.25,1,-1
41,2,-4,1.25,1,-1.5
29,2,-4,1.25,1,-2
22,2,-4,1.25,2,-0.5
23,2,-4,1.25,2,-1
78,2,-4,1.25,2,-1.5
20,2,-4,1.25,2,-2
87,2,-4,1.25,3,-0.5
43,2,-4,1.25,3,-1
24,2,-4,1.25,3,-1.5
36,2,-4,1.25,3,-2
27,2,-4,1.25,4,-0.5
34,2,-4,1.25,4,-1
18,2,-4,1.25,4,-1.5
28,2,-4,1.25,4,-2
28,2,-4,1.25,5,-0.5
25,2,-4,1.25,5,-1
32,2,-4,1.25,5,-1.5
27,2,-4,1.25,5,-2
67,2,-4,1.75,1,-0.5
31,2,-4,1.75,1,-1
43,2,-4,1.75,1,-1.5
30,2,-4,1.75,1,-2
92,2,-4,1.75,2,-0.5
42,2,-4,1.75,2,-1
30,2,-4,1.75,2,-1.5
17,2,-4,1.75,2,-2
32,2,-4,1.75,3,-0.5
54,2,-4,1.75,3,-1
34,2,-4,1.75,3,-1.5
37,2,-4,1.75,3,-2
66,2,-4,1.75,4,-0.5
40,2,-4,1.75,4,-1
17,2,-4,1.75,4,-1.5
77,2,-4,1.75,4,-2
42,2,-4,1.75,5,-0.5
54,2,-4,1.75,5,-1
22,2,-4,1.75,5,-1.5
39,2,-4,1.75,5,-2
344,2,-5,0.25,1,-0.5
520,2,-5,0.25,1,-1
203,2,-5,0.25,1,-1.5
103,2,-5,0.25,1,-2
362,2,-5,0.25,2,-0.5
520,2,-5,0.25,2,-1
196,2,-5,0.25,2,-1.5
73,2,-5,0.25,2,-2
507,2,-5,0.25,3,-0.5
520,2,-5,0.25,3,-1
170,2,-5,0.25,3,-1.5
120,2,-5,0.25,3,-2
81,2,-5,0.25,4,-0.5
520,2,-5,0.25,4,-1
176,2,-5,0.25,4,-1.5
69,2,-5,0.25,4,-2
496,2,-5,0.25,5,-0.5
520,2,-5,0.25,5,-1
168,2,-5,0.25,5,-1.5
90,2,-5,0.25,5,-2
422,2,-5,0.75,1,-0.5
550,2,-5,0.75,1,-1
457,2,-5,0.75,1,-1.5
21,2,-5,0.75,1,-2
428,2,-5,0.75,2,-0.5
550,2,-5,0.75,2,-1
59,2,-5,0.75,2,-1.5
67,2,-5,0.75,2,-2
50,2,-5,0.75,3,-0.5
219,2,-5,0.75,3,-1
27,2,-5,0.75,3,-1.5
82,2,-5,0.75,3,-2
172,2,-5,0.75,4,-0.5
21,2,-5,0.75,4,-1
18,2,-5,0.75,4,-1.5
40,2,-5,0.75,4,-2
44,2,-5,0.75,5,-0.5
370,2,-5,0.75,5,-1
65,2,-5,0.75,5,-1.5
55,2,-5,0.75,5,-2
46,2,-5,1.25,1,-0.5
30,2,-5,1.25,1,-1
21,2,-5,1.25,1,-1.5
75,2,-5,1.25,1,-2
27,2,-5,1.25,2,-0.5
27,2,-5,1.25,2,-1
34,2,-5,1.25,2,-1.5
28,2,-5,1.25,2,-2
63,2,-5,1.25,3,-0.5
31,2,-5,1.25,3,-1
243,2,-5,1.25,3,-1.5
168,2,-5,1.25,3,-2
25,2,-5,1.25,4,-0.5
17,2,-5,1.25,4,-1
24,2,-5,1.25,4,-1.5
21,2,-5,1.25,4,-2
24,2,-5,1.25,5,-0.5
46,2,-5,1.25,5,-1
46,2,-5,1.25,5,-1.5
90,2,-5,1.25,5,-2
47,2,-5,1.75,1,-0.5
23,2,-5,1.75,1,-1
342,2,-5,1.75,1,-1.5
47,2,-5,1.75,1,-2
34,2,-5,1.75,2,-0.5
59,2,-5,1.75,2,-1
102,2,-5,1.75,2,-1.5
17,2,-5,1.75,2,-2
25,2,-5,1.75,3,-0.5
104,2,-5,1.75,3,-1
39,2,-5,1.75,3,-1.5
25,2,-5,1.75,3,-2
57,2,-5,1.75,4,-0.5
41,2,-5,1.75,4,-1
23,2,-5,1.75,4,-1.5
34,2,-5,1.75,4,-2
53,2,-5,1.75,5,-0.5
76,2,-5,1.75,5,-1
19,2,-5,1.75,5,-1.5
20,2,-5,1.75,5,-2
82,3,-1,0.25,1,-0.5
120,3,-1,0.25,1,-1
77,3,-1,0.25,1,-1.5
100,3,-1,0.25,1,-2
142,3,-1,0.25,2,-0.5
80,3,-1,0.25,2,-1
105,3,-1,0.25,2,-1.5
149,3,-1,0.25,2,-2
113,3,-1,0.25,3,-0.5
86,3,-1,0.25,3,-1
50,3,-1,0.25,3,-1.5
160,3,-1,0.25,3,-2
91,3,-1,0.25,4,-0.5
141,3,-1,0.25,4,-1
57,3,-1,0.25,4,-1.5
183,3,-1,0.25,4,-2
133,3,-1,0.25,5,-0.5
149,3,-1,0.25,5,-1
82,3,-1,0.25,5,-1.5
147,3,-1,0.25,5,-2
95,3,-1,0.75,1,-0.5
46,3,-1,0.75,1,-1
69,3,-1,0.75,1,-1.5
70,3,-1,0.75,1,-2
78,3,-1,0.75,2,-0.5
63,3,-1,0.75,2,-1
24,3,-1,0.75,2,-1.5
56,3,-1,0.75,2,-2
249,3,-1,0.75,3,-0.5
86,3,-1,0.75,3,-1
65,3,-1,0.75,3,-1.5
25,3,-1,0.75,3,-2
67,3,-1,0.75,4,-0.5
47,3,-1,0.75,4,-1
75,3,-1,0.75,4,-1.5
52,3,-1,0.75,4,-2
84,3,-1,0.75,5,-0.5
61,3,-1,0.75,5,-1
41,3,-1,0.75,5,-1.5
50,3,-1,0.75,5,-2
101,3,-1,1.25,1,-0.5
86,3,-1,1.25,1,-1
52,3,-1,1.25,1,-1.5
58,3,-1,1.25,1,-2
86,3,-1,1.25,2,-0.5
43,3,-1,1.25,2,-1
66,3,-1,1.25,2,-1.5
39,3,-1,1.25,2,-2
105,3,-1,1.25,3,-0.5
75,3,-1,1.25,3,-1
42,3,-1,1.25,3,-1.5
49,3,-1,1.25,3,-2
38,3,-1,1.25,4,-0.5
63,3,-1,1.25,4,-1
57,3,-1,1.25,4,-1.5
48,3,-1,1.25,4,-2
75,3,-1,1.25,5,-0.5
56,3,-1,1.25,5,-1
33,3,-1,1.25,5,-1.5
36,3,-1,1.25,5,-2
132,3,-1,1.75,1,-0.5
93,3,-1,1.75,1,-1
77,3,-1,1.75,1,-1.5
43,3,-1,1.75,1,-2
97,3,-1,1.75,2,-0.5
82,3,-1,1.75,2,-1
57,3,-1,1.75,2,-1.5
47,3,-1,1.75,2,-2
124,3,-1,1.75,3,-0.5
91,3,-1,1.75,3,-1
70,3,-1,1.75,3,-1.5
56,3,-1,1.75,3,-2
111,3,-1,1.75,4,-0.5
96,3,-1,1.75,4,-1
84,3,-1,1.75,4,-1.5
55,3,-1,1.75,4,-2
111,3,-1,1.75,5,-0.5
105,3,-1,1.75,5,-1
60,3,-1,1.75,5,-1.5
63,3,-1,1.75,5,-2
206,3,-2,0.25,1,-0.5
544,3,-2,0.25,1,-1
123,3,-2,0.25,1,-1.5
203,3,-2,0.25,1,-2
331,3,-2,0.25,2,-0.5
544,3,-2,0.25,2,-1
86,3,-2,0.25,2,-1.5
70,3,-2,0.25,2,-2
482,3,-2,0.25,3,-0.5
544,3,-2,0.25,3,-1
218,3,-2,0.25,3,-1.5
64,3,-2,0.25,3,-2
241,3,-2,0.25,4,-0.5
544,3,-2,0.25,4,-1
466,3,-2,0.25,4,-1.5
107,3,-2,0.25,4,-2
526,3,-2,0.25,5,-0.5
544,3,-2,0.25,5,-1
102,3,-2,0.25,5,-1.5
94,3,-2,0.25,5,-2
163,3,-2,0.75,1,-0.5
51,3,-2,0.75,1,-1
58,3,-2,0.75,1,-1.5
18,3,-2,0.75,1,-2
51,3,-2,0.75,2,-0.5
60,3,-2,0.75,2,-1
42,3,-2,0.75,2,-1.5
28,3,-2,0.75,2,-2
35,3,-2,0.75,3,-0.5
70,3,-2,0.75,3,-1
21,3,-2,0.75,3,-1.5
60,3,-2,0.75,3,-2
47,3,-2,0.75,4,-0.5
35,3,-2,0.75,4,-1
37,3,-2,0.75,4,-1.5
142,3,-2,0.75,4,-2
54,3,-2,0.75,5,-0.5
50,3,-2,0.75,5,-1
43,3,-2,0.75,5,-1.5
126,3,-2,0.75,5,-2
49,3,-2,1.25,1,-0.5
35,3,-2,1.25,1,-1
51,3,-2,1.25,1,-1.5
35,3,-2,1.25,1,-2
49,3,-2,1.25,2,-0.5
56,3,-2,1.25,2,-1
44,3,-2,1.25,2,-1.5
23,3,-2,1.25,2,-2
67,3,-2,1.25,3,-0.5
57,3,-2,1.25,3,-1
14,3,-2,1.25,3,-1.5
26,3,-2,1.25,3,-2
31,3,-2,1.25,4,-0.5
42,3,-2,1.25,4,-1
28,3,-2,1.25,4,-1.5
32,3,-2,1.25,4,-2
31,3,-2,1.25,5,-0.5
31,3,-2,1.25,5,-1
25,3,-2,1.25,5,-1.5
40,3,-2,1.25,5,-2
104,3,-2,1.75,1,-0.5
60,3,-2,1.75,1,-1
43,3,-2,1.75,1,-1.5
23,3,-2,1.75,1,-2
82,3,-2,1.75,2,-0.5
34,3,-2,1.75,2,-1
48,3,-2,1.75,2,-1.5
27,3,-2,1.75,2,-2
67,3,-2,1.75,3,-0.5
53,3,-2,1.75,3,-1
34,3,-2,1.75,3,-1.5
34,3,-2,1.75,3,-2
68,3,-2,1.75,4,-0.5
59,3,-2,1.75,4,-1
70,3,-2,1.75,4,-1.5
49,3,-2,1.75,4,-2
66,3,-2,1.75,5,-0.5
66,3,-2,1.75,5,-1
62,3,-2,1.75,5,-1.5
50,3,-2,1.75,5,-2
184,3,-3,0.25,1,-0.5
282,3,-3,0.25,1,-1
168,3,-3,0.25,1,-1.5
159,3,-3,0.25,1,-2
376,3,-3,0.25,2,-0.5
371,3,-3,0.25,2,-1
414,3,-3,0.25,2,-1.5
94,3,-3,0.25,2,-2
373,3,-3,0.25,3,-0.5
533,3,-3,0.25,3,-1
80,3,-3,0.25,3,-1.5
114,3,-3,0.25,3,-2
424,3,-3,0.25,4,-0.5
533,3,-3,0.25,4,-1
97,3,-3,0.25,4,-1.5
85,3,-3,0.25,4,-2
391,3,-3,0.25,5,-0.5
532,3,-3,0.25,5,-1
127,3,-3,0.25,5,-1.5
104,3,-3,0.25,5,-2
60,3,-3,0.75,1,-0.5
60,3,-3,0.75,1,-1
95,3,-3,0.75,1,-1.5
134,3,-3,0.75,1,-2
41,3,-3,0.75,2,-0.5
107,3,-3,0.75,2,-1
373,3,-3,0.75,2,-1.5
42,3,-3,0.75,2,-2
58,3,-3,0.75,3,-0.5
370,3,-3,0.75,3,-1
165,3,-3,0.75,3,-1.5
55,3,-3,0.75,3,-2
512,3,-3,0.75,4,-0.5
45,3,-3,0.75,4,-1
41,3,-3,0.75,4,-1.5
35,3,-3,0.75,4,-2
47,3,-3,0.75,5,-0.5
114,3,-3,0.75,5,-1
23,3,-3,0.75,5,-1.5
103,3,-3,0.75,5,-2
44,3,-3,1.25,1,-0.5
22,3,-3,1.25,1,-1
23,3,-3,1.25,1,-1.5
74,3,-3,1.25,1,-2
36,3,-3,1.25,2,-0.5
24,3,-3,1.25,2,-1
36,3,-3,1.25,2,-1.5
33,3,-3,1.25,2,-2
27,3,-3,1.25,3,-0.5
33,3,-3,1.25,3,-1
19,3,-3,1.25,3,-1.5
24,3,-3,1.25,3,-2
69,3,-3,1.25,4,-0.5
59,3,-3,1.25,4,-1
30,3,-3,1.25,4,-1.5
36,3,-3,1.25,4,-2
65,3,-3,1.25,5,-0.5
20,3,-3,1.25,5,-1
36,3,-3,1.25,5,-1.5
25,3,-3,1.25,5,-2
64,3,-3,1.75,1,-0.5
51,3,-3,1.75,1,-1
66,3,-3,1.75,1,-1.5
24,3,-3,1.75,1,-2
60,3,-3,1.75,2,-0.5
49,3,-3,1.75,2,-1
29,3,-3,1.75,2,-1.5
54,3,-3,1.75,2,-2
55,3,-3,1.75,3,-0.5
41,3,-3,1.75,3,-1
49,3,-3,1.75,3,-1.5
17,3,-3,1.75,3,-2
75,3,-3,1.75,4,-0.5
20,3,-3,1.75,4,-1
37,3,-3,1.75,4,-1.5
25,3,-3,1.75,4,-2
45,3,-3,1.75,5,-0.5
44,3,-3,1.75,5,-1
27,3,-3,1.75,5,-1.5
21,3,-3,1.75,5,-2
194,3,-4,0.25,1,-0.5
179,3,-4,0.25,1,-1
373,3,-4,0.25,1,-1.5
388,3,-4,0.25,1,-2
336,3,-4,0.25,2,-0.5
344,3,-4,0.25,2,-1
373,3,-4,0.25,2,-1.5
97,3,-4,0.25,2,-2
93,3,-4,0.25,3,-0.5
263,3,-4,0.25,3,-1
356,3,-4,0.25,3,-1.5
127,3,-4,0.25,3,-2
153,3,-4,0.25,4,-0.5
184,3,-4,0.25,4,-1
442,3,-4,0.25,4,-1.5
183,3,-4,0.25,4,-2
319,3,-4,0.25,5,-0.5
231,3,-4,0.25,5,-1
442,3,-4,0.25,5,-1.5
86,3,-4,0.25,5,-2
123,3,-4,0.75,1,-0.5
105,3,-4,0.75,1,-1
47,3,-4,0.75,1,-1.5
65,3,-4,0.75,1,-2
471,3,-4,0.75,2,-0.5
34,3,-4,0.75,2,-1
30,3,-4,0.75,2,-1.5
49,3,-4,0.75,2,-2
49,3,-4,0.75,3,-0.5
316,3,-4,0.75,3,-1
25,3,-4,0.75,3,-1.5
17,3,-4,0.75,3,-2
118,3,-4,0.75,4,-0.5
39,3,-4,0.75,4,-1
49,3,-4,0.75,4,-1.5
27,3,-4,0.75,4,-2
30,3,-4,0.75,5,-0.5
60,3,-4,0.75,5,-1
41,3,-4,0.75,5,-1.5
50,3,-4,0.75,5,-2
54,3,-4,1.25,1,-0.5
21,3,-4,1.25,1,-1
38,3,-4,1.25,1,-1.5
26,3,-4,1.25,1,-2
50,3,-4,1.25,2,-0.5
40,3,-4,1.25,2,-1
32,3,-4,1.25,2,-1.5
52,3,-4,1.25,2,-2
155,3,-4,1.25,3,-0.5
32,3,-4,1.25,3,-1
27,3,-4,1.25,3,-1.5
19,3,-4,1.25,3,-2
56,3,-4,1.25,4,-0.5
171,3,-4,1.25,4,-1
27,3,-4,1.25,4,-1.5
25,3,-4,1.25,4,-2
147,3,-4,1.25,5,-0.5
41,3,-4,1.25,5,-1
41,3,-4,1.25,5,-1.5
32,3,-4,1.25,5,-2
50,3,-4,1.75,1,-0.5
48,3,-4,1.75,1,-1
29,3,-4,1.75,1,-1.5
33,3,-4,1.75,1,-2
65,3,-4,1.75,2,-0.5
40,3,-4,1.75,2,-1
24,3,-4,1.75,2,-1.5
30,3,-4,1.75,2,-2
98,3,-4,1.75,3,-0.5
60,3,-4,1.75,3,-1
41,3,-4,1.75,3,-1.5
14,3,-4,1.75,3,-2
112,3,-4,1.75,4,-0.5
25,3,-4,1.75,4,-1
24,3,-4,1.75,4,-1.5
45,3,-4,1.75,4,-2
57,3,-4,1.75,5,-0.5
57,3,-4,1.75,5,-1
38,3,-4,1.75,5,-1.5
20,3,-4,1.75,5,-2
378,3,-5,0.25,1,-0.5
234,3,-5,0.25,1,-1
536,3,-5,0.25,1,-1.5
124,3,-5,0.25,1,-2
616,3,-5,0.25,2,-0.5
326,3,-5,0.25,2,-1
536,3,-5,0.25,2,-1.5
318,3,-5,0.25,2,-2
408,3,-5,0.25,3,-0.5
301,3,-5,0.25,3,-1
536,3,-5,0.25,3,-1.5
109,3,-5,0.25,3,-2
182,3,-5,0.25,4,-0.5
453,3,-5,0.25,4,-1
536,3,-5,0.25,4,-1.5
171,3,-5,0.25,4,-2
155,3,-5,0.25,5,-0.5
453,3,-5,0.25,5,-1
536,3,-5,0.25,5,-1.5
168,3,-5,0.25,5,-2
489,3,-5,0.75,1,-0.5
375,3,-5,0.75,1,-1
58,3,-5,0.75,1,-1.5
92,3,-5,0.75,1,-2
658,3,-5,0.75,2,-0.5
204,3,-5,0.75,2,-1
76,3,-5,0.75,2,-1.5
209,3,-5,0.75,2,-2
571,3,-5,0.75,3,-0.5
512,3,-5,0.75,3,-1
64,3,-5,0.75,3,-1.5
20,3,-5,0.75,3,-2
478,3,-5,0.75,4,-0.5
511,3,-5,0.75,4,-1
160,3,-5,0.75,4,-1.5
37,3,-5,0.75,4,-2
25,3,-5,0.75,5,-0.5
51,3,-5,0.75,5,-1
181,3,-5,0.75,5,-1.5
359,3,-5,0.75,5,-2
115,3,-5,1.25,1,-0.5
35,3,-5,1.25,1,-1
46,3,-5,1.25,1,-1.5
47,3,-5,1.25,1,-2
34,3,-5,1.25,2,-0.5
45,3,-5,1.25,2,-1
62,3,-5,1.25,2,-1.5
20,3,-5,1.25,2,-2
49,3,-5,1.25,3,-0.5
61,3,-5,1.25,3,-1
28,3,-5,1.25,3,-1.5
18,3,-5,1.25,3,-2
407,3,-5,1.25,4,-0.5
33,3,-5,1.25,4,-1
16,3,-5,1.25,4,-1.5
19,3,-5,1.25,4,-2
44,3,-5,1.25,5,-0.5
110,3,-5,1.25,5,-1
89,3,-5,1.25,5,-1.5
29,3,-5,1.25,5,-2
59,3,-5,1.75,1,-0.5
60,3,-5,1.75,1,-1
26,3,-5,1.75,1,-1.5
26,3,-5,1.75,1,-2
485,3,-5,1.75,2,-0.5
40,3,-5,1.75,2,-1
95,3,-5,1.75,2,-1.5
26,3,-5,1.75,2,-2
44,3,-5,1.75,3,-0.5
52,3,-5,1.75,3,-1
46,3,-5,1.75,3,-1.5
20,3,-5,1.75,3,-2
41,3,-5,1.75,4,-0.5
21,3,-5,1.75,4,-1
28,3,-5,1.75,4,-1.5
17,3,-5,1.75,4,-2
54,3,-5,1.75,5,-0.5
23,3,-5,1.75,5,-1
23,3,-5,1.75,5,-1.5
16,3,-5,1.75,5,-2
135,4,-1,0.25,1,-0.5
179,4,-1,0.25,1,-1
131,4,-1,0.25,1,-1.5
98,4,-1,0.25,1,-2
152,4,-1,0.25,2,-0.5
119,4,-1,0.25,2,-1
106,4,-1,0.25,2,-1.5
160,4,-1,0.25,2,-2
157,4,-1,0.25,3,-0.5
132,4,-1,0.25,3,-1
73,4,-1,0.25,3,-1.5
54,4,-1,0.25,3,-2
107,4,-1,0.25,4,-0.5
137,4,-1,0.25,4,-1
84,4,-1,0.25,4,-1.5
75,4,-1,0.25,4,-2
129,4,-1,0.25,5,-0.5
153,4,-1,0.25,5,-1
94,4,-1,0.25,5,-1.5
142,4,-1,0.25,5,-2
121,4,-1,0.75,1,-0.5
92,4,-1,0.75,1,-1
77,4,-1,0.75,1,-1.5
42,4,-1,0.75,1,-2
97,4,-1,0.75,2,-0.5
86,4,-1,0.75,2,-1
49,4,-1,0.75,2,-1.5
72,4,-1,0.75,2,-2
116,4,-1,0.75,3,-0.5
93,4,-1,0.75,3,-1
49,4,-1,0.75,3,-1.5
46,4,-1,0.75,3,-2
117,4,-1,0.75,4,-0.5
68,4,-1,0.75,4,-1
86,4,-1,0.75,4,-1.5
50,4,-1,0.75,4,-2
110,4,-1,0.75,5,-0.5
83,4,-1,0.75,5,-1
68,4,-1,0.75,5,-1.5
30,4,-1,0.75,5,-2
66,4,-1,1.25,1,-0.5
81,4,-1,1.25,1,-1
55,4,-1,1.25,1,-1.5
68,4,-1,1.25,1,-2
101,4,-1,1.25,2,-0.5
74,4,-1,1.25,2,-1
66,4,-1,1.25,2,-1.5
38,4,-1,1.25,2,-2
102,4,-1,1.25,3,-0.5
76,4,-1,1.25,3,-1
38,4,-1,1.25,3,-1.5
38,4,-1,1.25,3,-2
86,4,-1,1.25,4,-0.5
78,4,-1,1.25,4,-1
87,4,-1,1.25,4,-1.5
44,4,-1,1.25,4,-2
99,4,-1,1.25,5,-0.5
65,4,-1,1.25,5,-1
62,4,-1,1.25,5,-1.5
26,4,-1,1.25,5,-2
124,4,-1,1.75,1,-0.5
107,4,-1,1.75,1,-1
83,4,-1,1.75,1,-1.5
64,4,-1,1.75,1,-2
108,4,-1,1.75,2,-0.5
102,4,-1,1.75,2,-1
68,4,-1,1.75,2,-1.5
59,4,-1,1.75,2,-2
102,4,-1,1.75,3,-0.5
98,4,-1,1.75,3,-1
56,4,-1,1.75,3,-1.5
63,4,-1,1.75,3,-2
101,4,-1,1.75,4,-0.5
83,4,-1,1.75,4,-1
58,4,-1,1.75,4,-1.5
79,4,-1,1.75,4,-2
82,4,-1,1.75,5,-0.5
81,4,-1,1.75,5,-1
72,4,-1,1.75,5,-1.5
57,4,-1,1.75,5,-2
112,4,-2,0.25,1,-0.5
217,4,-2,0.25,1,-1
82,4,-2,0.25,1,-1.5
111,4,-2,0.25,1,-2
192,4,-2,0.25,2,-0.5
167,4,-2,0.25,2,-1
124,4,-2,0.25,2,-1.5
105,4,-2,0.25,2,-2
142,4,-2,0.25,3,-0.5
156,4,-2,0.25,3,-1
105,4,-2,0.25,3,-1.5
122,4,-2,0.25,3,-2
131,4,-2,0.25,4,-0.5
276,4,-2,0.25,4,-1
78,4,-2,0.25,4,-1.5
104,4,-2,0.25,4,-2
71,4,-2,0.25,5,-0.5
156,4,-2,0.25,5,-1
86,4,-2,0.25,5,-1.5
94,4,-2,0.25,5,-2
63,4,-2,0.75,1,-0.5
58,4,-2,0.75,1,-1
84,4,-2,0.75,1,-1.5
84,4,-2,0.75,1,-2
84,4,-2,0.75,2,-0.5
88,4,-2,0.75,2,-1
53,4,-2,0.75,2,-1.5
83,4,-2,0.75,2,-2
74,4,-2,0.75,3,-0.5
81,4,-2,0.75,3,-1
65,4,-2,0.75,3,-1.5
67,4,-2,0.75,3,-2
85,4,-2,0.75,4,-0.5
56,4,-2,0.75,4,-1
52,4,-2,0.75,4,-1.5
66,4,-2,0.75,4,-2
53,4,-2,0.75,5,-0.5
51,4,-2,0.75,5,-1
99,4,-2,0.75,5,-1.5
38,4,-2,0.75,5,-2
80,4,-2,1.25,1,-0.5
58,4,-2,1.25,1,-1
66,4,-2,1.25,1,-1.5
25,4,-2,1.25,1,-2
76,4,-2,1.25,2,-0.5
58,4,-2,1.25,2,-1
37,4,-2,1.25,2,-1.5
70,4,-2,1.25,2,-2
61,4,-2,1.25,3,-0.5
59,4,-2,1.25,3,-1
51,4,-2,1.25,3,-1.5
28,4,-2,1.25,3,-2
44,4,-2,1.25,4,-0.5
21,4,-2,1.25,4,-1
64,4,-2,1.25,4,-1.5
49,4,-2,1.25,4,-2
67,4,-2,1.25,5,-0.5
36,4,-2,1.25,5,-1
22,4,-2,1.25,5,-1.5
51,4,-2,1.25,5,-2
98,4,-2,1.75,1,-0.5
80,4,-2,1.75,1,-1
52,4,-2,1.75,1,-1.5
48,4,-2,1.75,1,-2
54,4,-2,1.75,2,-0.5
88,4,-2,1.75,2,-1
78,4,-2,1.75,2,-1.5
62,4,-2,1.75,2,-2
67,4,-2,1.75,3,-0.5
51,4,-2,1.75,3,-1
53,4,-2,1.75,3,-1.5
49,4,-2,1.75,3,-2
49,4,-2,1.75,4,-0.5
72,4,-2,1.75,4,-1
38,4,-2,1.75,4,-1.5
35,4,-2,1.75,4,-2
78,4,-2,1.75,5,-0.5
78,4,-2,1.75,5,-1
45,4,-2,1.75,5,-1.5
53,4,-2,1.75,5,-2
152,4,-3,0.25,1,-0.5
176,4,-3,0.25,1,-1
280,4,-3,0.25,1,-1.5
150,4,-3,0.25,1,-2
115,4,-3,0.25,2,-0.5
379,4,-3,0.25,2,-1
279,4,-3,0.25,2,-1.5
234,4,-3,0.25,2,-2
525,4,-3,0.25,3,-0.5
546,4,-3,0.25,3,-1
262,4,-3,0.25,3,-1.5
378,4,-3,0.25,3,-2
525,4,-3,0.25,4,-0.5
546,4,-3,0.25,4,-1
282,4,-3,0.25,4,-1.5
378,4,-3,0.25,4,-2
525,4,-3,0.25,5,-0.5
546,4,-3,0.25,5,-1
262,4,-3,0.25,5,-1.5
105,4,-3,0.25,5,-2
77,4,-3,0.75,1,-0.5
52,4,-3,0.75,1,-1
70,4,-3,0.75,1,-1.5
76,4,-3,0.75,1,-2
96,4,-3,0.75,2,-0.5
57,4,-3,0.75,2,-1
80,4,-3,0.75,2,-1.5
26,4,-3,0.75,2,-2
69,4,-3,0.75,3,-0.5
70,4,-3,0.75,3,-1
43,4,-3,0.75,3,-1.5
51,4,-3,0.75,3,-2
82,4,-3,0.75,4,-0.5
51,4,-3,0.75,4,-1
160,4,-3,0.75,4,-1.5
53,4,-3,0.75,4,-2
60,4,-3,0.75,5,-0.5
95,4,-3,0.75,5,-1
27,4,-3,0.75,5,-1.5
61,4,-3,0.75,5,-2
36,4,-3,1.25,1,-0.5
41,4,-3,1.25,1,-1
42,4,-3,1.25,1,-1.5
53,4,-3,1.25,1,-2
31,4,-3,1.25,2,-0.5
109,4,-3,1.25,2,-1
32,4,-3,1.25,2,-1.5
42,4,-3,1.25,2,-2
37,4,-3,1.25,3,-0.5
50,4,-3,1.25,3,-1
33,4,-3,1.25,3,-1.5
44,4,-3,1.25,3,-2
67,4,-3,1.25,4,-0.5
43,4,-3,1.25,4,-1
41,4,-3,1.25,4,-1.5
19,4,-3,1.25,4,-2
61,4,-3,1.25,5,-0.5
34,4,-3,1.25,5,-1
31,4,-3,1.25,5,-1.5
57,4,-3,1.25,5,-2
72,4,-3,1.75,1,-0.5
85,4,-3,1.75,1,-1
20,4,-3,1.75,1,-1.5
53,4,-3,1.75,1,-2
56,4,-3,1.75,2,-0.5
47,4,-3,1.75,2,-1
32,4,-3,1.75,2,-1.5
53,4,-3,1.75,2,-2
35,4,-3,1.75,3,-0.5
42,4,-3,1.75,3,-1
51,4,-3,1.75,3,-1.5
26,4,-3,1.75,3,-2
42,4,-3,1.75,4,-0.5
31,4,-3,1.75,4,-1
39,4,-3,1.75,4,-1.5
55,4,-3,1.75,4,-2
51,4,-3,1.75,5,-0.5
36,4,-3,1.75,5,-1
33,4,-3,1.75,5,-1.5
20,4,-3,1.75,5,-2
351,4,-4,0.25,1,-0.5
349,4,-4,0.25,1,-1
367,4,-4,0.25,1,-1.5
150,4,-4,0.25,1,-2
202,4,-4,0.25,2,-0.5
396,4,-4,0.25,2,-1
186,4,-4,0.25,2,-1.5
441,4,-4,0.25,2,-2
346,4,-4,0.25,3,-0.5
396,4,-4,0.25,3,-1
170,4,-4,0.25,3,-1.5
170,4,-4,0.25,3,-2
410,4,-4,0.25,4,-0.5
383,4,-4,0.25,4,-1
166,4,-4,0.25,4,-1.5
224,4,-4,0.25,4,-2
410,4,-4,0.25,5,-0.5
383,4,-4,0.25,5,-1
281,4,-4,0.25,5,-1.5
150,4,-4,0.25,5,-2
66,4,-4,0.75,1,-0.5
42,4,-4,0.75,1,-1
78,4,-4,0.75,1,-1.5
45,4,-4,0.75,1,-2
319,4,-4,0.75,2,-0.5
88,4,-4,0.75,2,-1
70,4,-4,0.75,2,-1.5
321,4,-4,0.75,2,-2
542,4,-4,0.75,3,-0.5
23,4,-4,0.75,3,-1
29,4,-4,0.75,3,-1.5
99,4,-4,0.75,3,-2
149,4,-4,0.75,4,-0.5
30,4,-4,0.75,4,-1
362,4,-4,0.75,4,-1.5
73,4,-4,0.75,4,-2
374,4,-4,0.75,5,-0.5
85,4,-4,0.75,5,-1
78,4,-4,0.75,5,-1.5
23,4,-4,0.75,5,-2
64,4,-4,1.25,1,-0.5
25,4,-4,1.25,1,-1
56,4,-4,1.25,1,-1.5
59,4,-4,1.25,1,-2
55,4,-4,1.25,2,-0.5
19,4,-4,1.25,2,-1
49,4,-4,1.25,2,-1.5
62,4,-4,1.25,2,-2
93,4,-4,1.25,3,-0.5
45,4,-4,1.25,3,-1
44,4,-4,1.25,3,-1.5
46,4,-4,1.25,3,-2
45,4,-4,1.25,4,-0.5
82,4,-4,1.25,4,-1
39,4,-4,1.25,4,-1.5
29,4,-4,1.25,4,-2
85,4,-4,1.25,5,-0.5
48,4,-4,1.25,5,-1
22,4,-4,1.25,5,-1.5
45,4,-4,1.25,5,-2
31,4,-4,1.75,1,-0.5
41,4,-4,1.75,1,-1
26,4,-4,1.75,1,-1.5
31,4,-4,1.75,1,-2
43,4,-4,1.75,2,-0.5
34,4,-4,1.75,2,-1
27,4,-4,1.75,2,-1.5
24,4,-4,1.75,2,-2
45,4,-4,1.75,3,-0.5
67,4,-4,1.75,3,-1
28,4,-4,1.75,3,-1.5
27,4,-4,1.75,3,-2
81,4,-4,1.75,4,-0.5
17,4,-4,1.75,4,-1
27,4,-4,1.75,4,-1.5
32,4,-4,1.75,4,-2
88,4,-4,1.75,5,-0.5
36,4,-4,1.75,5,-1
173,4,-4,1.75,5,-1.5
52,4,-4,1.75,5,-2
406,4,-5,0.25,1,-0.5
425,4,-5,0.25,1,-1
301,4,-5,0.25,1,-1.5
189,4,-5,0.25,1,-2
166,4,-5,0.25,2,-0.5
425,4,-5,0.25,2,-1
520,4,-5,0.25,2,-1.5
207,4,-5,0.25,2,-2
308,4,-5,0.25,3,-0.5
406,4,-5,0.25,3,-1
520,4,-5,0.25,3,-1.5
164,4,-5,0.25,3,-2
166,4,-5,0.25,4,-0.5
406,4,-5,0.25,4,-1
520,4,-5,0.25,4,-1.5
191,4,-5,0.25,4,-2
107,4,-5,0.25,5,-0.5
397,4,-5,0.25,5,-1
520,4,-5,0.25,5,-1.5
167,4,-5,0.25,5,-2
140,4,-5,0.75,1,-0.5
434,4,-5,0.75,1,-1
119,4,-5,0.75,1,-1.5
86,4,-5,0.75,1,-2
373,4,-5,0.75,2,-0.5
96,4,-5,0.75,2,-1
106,4,-5,0.75,2,-1.5
82,4,-5,0.75,2,-2
101,4,-5,0.75,3,-0.5
427,4,-5,0.75,3,-1
119,4,-5,0.75,3,-1.5
331,4,-5,0.75,3,-2
480,4,-5,0.75,4,-0.5
155,4,-5,0.75,4,-1
33,4,-5,0.75,4,-1.5
106,4,-5,0.75,4,-2
477,4,-5,0.75,5,-0.5
187,4,-5,0.75,5,-1
218,4,-5,0.75,5,-1.5
82,4,-5,0.75,5,-2
26,4,-5,1.25,1,-0.5
43,4,-5,1.25,1,-1
37,4,-5,1.25,1,-1.5
94,4,-5,1.25,1,-2
150,4,-5,1.25,2,-0.5
289,4,-5,1.25,2,-1
62,4,-5,1.25,2,-1.5
77,4,-5,1.25,2,-2
38,4,-5,1.25,3,-0.5
40,4,-5,1.25,3,-1
59,4,-5,1.25,3,-1.5
392,4,-5,1.25,3,-2
44,4,-5,1.25,4,-0.5
20,4,-5,1.25,4,-1
24,4,-5,1.25,4,-1.5
27,4,-5,1.25,4,-2
64,4,-5,1.25,5,-0.5
45,4,-5,1.25,5,-1
347,4,-5,1.25,5,-1.5
23,4,-5,1.25,5,-2
43,4,-5,1.75,1,-0.5
96,4,-5,1.75,1,-1
40,4,-5,1.75,1,-1.5
22,4,-5,1.75,1,-2
27,4,-5,1.75,2,-0.5
64,4,-5,1.75,2,-1
30,4,-5,1.75,2,-1.5
46,4,-5,1.75,2,-2
26,4,-5,1.75,3,-0.5
22,4,-5,1.75,3,-1
24,4,-5,1.75,3,-1.5
16,4,-5,1.75,3,-2
30,4,-5,1.75,4,-0.5
40,4,-5,1.75,4,-1
37,4,-5,1.75,4,-1.5
26,4,-5,1.75,4,-2
32,4,-5,1.75,5,-0.5
23,4,-5,1.75,5,-1
48,4,-5,1.75,5,-1.5
23,4,-5,1.75,5,-2
236,5,-1,0.25,1,-0.5
139,5,-1,0.25,1,-1
253,5,-1,0.25,1,-1.5
126,5,-1,0.25,1,-2
180,5,-1,0.25,2,-0.5
198,5,-1,0.25,2,-1
184,5,-1,0.25,2,-1.5
92,5,-1,0.25,2,-2
189,5,-1,0.25,3,-0.5
173,5,-1,0.25,3,-1
102,5,-1,0.25,3,-1.5
133,5,-1,0.25,3,-2
248,5,-1,0.25,4,-0.5
241,5,-1,0.25,4,-1
156,5,-1,0.25,4,-1.5
118,5,-1,0.25,4,-2
141,5,-1,0.25,5,-0.5
142,5,-1,0.25,5,-1
145,5,-1,0.25,5,-1.5
118,5,-1,0.25,5,-2
185,5,-1,0.75,1,-0.5
98,5,-1,0.75,1,-1
82,5,-1,0.75,1,-1.5
71,5,-1,0.75,1,-2
105,5,-1,0.75,2,-0.5
105,5,-1,0.75,2,-1
79,5,-1,0.75,2,-1.5
85,5,-1,0.75,2,-2
104,5,-1,0.75,3,-0.5
72,5,-1,0.75,3,-1
67,5,-1,0.75,3,-1.5
30,5,-1,0.75,3,-2
409,5,-1,0.75,4,-0.5
72,5,-1,0.75,4,-1
106,5,-1,0.75,4,-1.5
51,5,-1,0.75,4,-2
409,5,-1,0.75,5,-0.5
102,5,-1,0.75,5,-1
68,5,-1,0.75,5,-1.5
81,5,-1,0.75,5,-2
113,5,-1,1.25,1,-0.5
115,5,-1,1.25,1,-1
94,5,-1,1.25,1,-1.5
62,5,-1,1.25,1,-2
137,5,-1,1.25,2,-0.5
71,5,-1,1.25,2,-1
96,5,-1,1.25,2,-1.5
55,5,-1,1.25,2,-2
86,5,-1,1.25,3,-0.5
58,5,-1,1.25,3,-1
82,5,-1,1.25,3,-1.5
69,5,-1,1.25,3,-2
117,5,-1,1.25,4,-0.5
129,5,-1,1.25,4,-1
88,5,-1,1.25,4,-1.5
80,5,-1,1.25,4,-2
109,5,-1,1.25,5,-0.5
96,5,-1,1.25,5,-1
73,5,-1,1.25,5,-1.5
82,5,-1,1.25,5,-2
134,5,-1,1.75,1,-0.5
117,5,-1,1.75,1,-1
100,5,-1,1.75,1,-1.5
83,5,-1,1.75,1,-2
102,5,-1,1.75,2,-0.5
77,5,-1,1.75,2,-1
76,5,-1,1.75,2,-1.5
52,5,-1,1.75,2,-2
122,5,-1,1.75,3,-0.5
70,5,-1,1.75,3,-1
72,5,-1,1.75,3,-1.5
67,5,-1,1.75,3,-2
106,5,-1,1.75,4,-0.5
72,5,-1,1.75,4,-1
101,5,-1,1.75,4,-1.5
43,5,-1,1.75,4,-2
89,5,-1,1.75,5,-0.5
68,5,-1,1.75,5,-1
76,5,-1,1.75,5,-1.5
62,5,-1,1.75,5,-2
334,5,-2,0.25,1,-0.5
290,5,-2,0.25,1,-1
106,5,-2,0.25,1,-1.5
156,5,-2,0.25,1,-2
285,5,-2,0.25,2,-0.5
456,5,-2,0.25,2,-1
267,5,-2,0.25,2,-1.5
133,5,-2,0.25,2,-2
210,5,-2,0.25,3,-0.5
455,5,-2,0.25,3,-1
421,5,-2,0.25,3,-1.5
118,5,-2,0.25,3,-2
413,5,-2,0.25,4,-0.5
454,5,-2,0.25,4,-1
141,5,-2,0.25,4,-1.5
101,5,-2,0.25,4,-2
414,5,-2,0.25,5,-0.5
259,5,-2,0.25,5,-1
120,5,-2,0.25,5,-1.5
211,5,-2,0.25,5,-2
172,5,-2,0.75,1,-0.5
72,5,-2,0.75,1,-1
81,5,-2,0.75,1,-1.5
118,5,-2,0.75,1,-2
88,5,-2,0.75,2,-0.5
94,5,-2,0.75,2,-1
75,5,-2,0.75,2,-1.5
95,5,-2,0.75,2,-2
119,5,-2,0.75,3,-0.5
138,5,-2,0.75,3,-1
88,5,-2,0.75,3,-1.5
59,5,-2,0.75,3,-2
137,5,-2,0.75,4,-0.5
63,5,-2,0.75,4,-1
193,5,-2,0.75,4,-1.5
64,5,-2,0.75,4,-2
102,5,-2,0.75,5,-0.5
92,5,-2,0.75,5,-1
41,5,-2,0.75,5,-1.5
76,5,-2,0.75,5,-2
77,5,-2,1.25,1,-0.5
79,5,-2,1.25,1,-1
347,5,-2,1.25,1,-1.5
60,5,-2,1.25,1,-2
79,5,-2,1.25,2,-0.5
33,5,-2,1.25,2,-1
64,5,-2,1.25,2,-1.5
55,5,-2,1.25,2,-2
111,5,-2,1.25,3,-0.5
41,5,-2,1.25,3,-1
55,5,-2,1.25,3,-1.5
75,5,-2,1.25,3,-2
81,5,-2,1.25,4,-0.5
44,5,-2,1.25,4,-1
48,5,-2,1.25,4,-1.5
47,5,-2,1.25,4,-2
94,5,-2,1.25,5,-0.5
62,5,-2,1.25,5,-1
54,5,-2,1.25,5,-1.5
67,5,-2,1.25,5,-2
94,5,-2,1.75,1,-0.5
86,5,-2,1.75,1,-1
87,5,-2,1.75,1,-1.5
49,5,-2,1.75,1,-2
77,5,-2,1.75,2,-0.5
113,5,-2,1.75,2,-1
50,5,-2,1.75,2,-1.5
103,5,-2,1.75,2,-2
63,5,-2,1.75,3,-0.5
67,5,-2,1.75,3,-1
43,5,-2,1.75,3,-1.5
33,5,-2,1.75,3,-2
72,5,-2,1.75,4,-0.5
67,5,-2,1.75,4,-1
87,5,-2,1.75,4,-1.5
38,5,-2,1.75,4,-2
76,5,-2,1.75,5,-0.5
61,5,-2,1.75,5,-1
23,5,-2,1.75,5,-1.5
27,5,-2,1.75,5,-2
187,5,-3,0.25,1,-0.5
507,5,-3,0.25,1,-1
174,5,-3,0.25,1,-1.5
223,5,-3,0.25,1,-2
97,5,-3,0.25,2,-0.5
507,5,-3,0.25,2,-1
142,5,-3,0.25,2,-1.5
171,5,-3,0.25,2,-2
303,5,-3,0.25,3,-0.5
507,5,-3,0.25,3,-1
189,5,-3,0.25,3,-1.5
197,5,-3,0.25,3,-2
525,5,-3,0.25,4,-0.5
507,5,-3,0.25,4,-1
180,5,-3,0.25,4,-1.5
79,5,-3,0.25,4,-2
525,5,-3,0.25,5,-0.5
507,5,-3,0.25,5,-1
305,5,-3,0.25,5,-1.5
108,5,-3,0.25,5,-2
172,5,-3,0.75,1,-0.5
171,5,-3,0.75,1,-1
83,5,-3,0.75,1,-1.5
107,5,-3,0.75,1,-2
549,5,-3,0.75,2,-0.5
72,5,-3,0.75,2,-1
55,5,-3,0.75,2,-1.5
61,5,-3,0.75,2,-2
61,5,-3,0.75,3,-0.5
216,5,-3,0.75,3,-1
70,5,-3,0.75,3,-1.5
60,5,-3,0.75,3,-2
197,5,-3,0.75,4,-0.5
414,5,-3,0.75,4,-1
122,5,-3,0.75,4,-1.5
145,5,-3,0.75,4,-2
135,5,-3,0.75,5,-0.5
393,5,-3,0.75,5,-1
83,5,-3,0.75,5,-1.5
42,5,-3,0.75,5,-2
95,5,-3,1.25,1,-0.5
96,5,-3,1.25,1,-1
73,5,-3,1.25,1,-1.5
52,5,-3,1.25,1,-2
65,5,-3,1.25,2,-0.5
217,5,-3,1.25,2,-1
32,5,-3,1.25,2,-1.5
28,5,-3,1.25,2,-2
101,5,-3,1.25,3,-0.5
62,5,-3,1.25,3,-1
96,5,-3,1.25,3,-1.5
92,5,-3,1.25,3,-2
76,5,-3,1.25,4,-0.5
55,5,-3,1.25,4,-1
35,5,-3,1.25,4,-1.5
64,5,-3,1.25,4,-2
53,5,-3,1.25,5,-0.5
31,5,-3,1.25,5,-1
53,5,-3,1.25,5,-1.5
49,5,-3,1.25,5,-2
119,5,-3,1.75,1,-0.5
50,5,-3,1.75,1,-1
63,5,-3,1.75,1,-1.5
57,5,-3,1.75,1,-2
195,5,-3,1.75,2,-0.5
50,5,-3,1.75,2,-1
52,5,-3,1.75,2,-1.5
23,5,-3,1.75,2,-2
95,5,-3,1.75,3,-0.5
30,5,-3,1.75,3,-1
35,5,-3,1.75,3,-1.5
56,5,-3,1.75,3,-2
43,5,-3,1.75,4,-0.5
19,5,-3,1.75,4,-1
41,5,-3,1.75,4,-1.5
83,5,-3,1.75,4,-2
378,5,-3,1.75,5,-0.5
16,5,-3,1.75,5,-1
35,5,-3,1.75,5,-1.5
36,5,-3,1.75,5,-2
349,5,-4,0.25,1,-0.5
388,5,-4,0.25,1,-1
208,5,-4,0.25,1,-1.5
244,5,-4,0.25,1,-2
433,5,-4,0.25,2,-0.5
353,5,-4,0.25,2,-1
528,5,-4,0.25,2,-1.5
425,5,-4,0.25,2,-2
115,5,-4,0.25,3,-0.5
396,5,-4,0.25,3,-1
528,5,-4,0.25,3,-1.5
425,5,-4,0.25,3,-2
104,5,-4,0.25,4,-0.5
290,5,-4,0.25,4,-1
528,5,-4,0.25,4,-1.5
425,5,-4,0.25,4,-2
398,5,-4,0.25,5,-0.5
346,5,-4,0.25,5,-1
528,5,-4,0.25,5,-1.5
425,5,-4,0.25,5,-2
154,5,-4,0.75,1,-0.5
330,5,-4,0.75,1,-1
476,5,-4,0.75,1,-1.5
115,5,-4,0.75,1,-2
109,5,-4,0.75,2,-0.5
156,5,-4,0.75,2,-1
78,5,-4,0.75,2,-1.5
115,5,-4,0.75,2,-2
686,5,-4,0.75,3,-0.5
213,5,-4,0.75,3,-1
61,5,-4,0.75,3,-1.5
149,5,-4,0.75,3,-2
227,5,-4,0.75,4,-0.5
127,5,-4,0.75,4,-1
128,5,-4,0.75,4,-1.5
140,5,-4,0.75,4,-2
131,5,-4,0.75,5,-0.5
133,5,-4,0.75,5,-1
89,5,-4,0.75,5,-1.5
48,5,-4,0.75,5,-2
179,5,-4,1.25,1,-0.5
61,5,-4,1.25,1,-1
61,5,-4,1.25,1,-1.5
129,5,-4,1.25,1,-2
272,5,-4,1.25,2,-0.5
97,5,-4,1.25,2,-1
52,5,-4,1.25,2,-1.5
92,5,-4,1.25,2,-2
34,5,-4,1.25,3,-0.5
63,5,-4,1.25,3,-1
42,5,-4,1.25,3,-1.5
52,5,-4,1.25,3,-2
106,5,-4,1.25,4,-0.5
38,5,-4,1.25,4,-1
66,5,-4,1.25,4,-1.5
43,5,-4,1.25,4,-2
72,5,-4,1.25,5,-0.5
38,5,-4,1.25,5,-1
45,5,-4,1.25,5,-1.5
33,5,-4,1.25,5,-2
55,5,-4,1.75,1,-0.5
59,5,-4,1.75,1,-1
43,5,-4,1.75,1,-1.5
49,5,-4,1.75,1,-2
94,5,-4,1.75,2,-0.5
41,5,-4,1.75,2,-1
77,5,-4,1.75,2,-1.5
34,5,-4,1.75,2,-2
46,5,-4,1.75,3,-0.5
39,5,-4,1.75,3,-1
38,5,-4,1.75,3,-1.5
24,5,-4,1.75,3,-2
48,5,-4,1.75,4,-0.5
52,5,-4,1.75,4,-1
39,5,-4,1.75,4,-1.5
34,5,-4,1.75,4,-2
69,5,-4,1.75,5,-0.5
27,5,-4,1.75,5,-1
48,5,-4,1.75,5,-1.5
26,5,-4,1.75,5,-2
286,5,-5,0.25,1,-0.5
308,5,-5,0.25,1,-1
276,5,-5,0.25,1,-1.5
387,5,-5,0.25,1,-2
362,5,-5,0.25,2,-0.5
196,5,-5,0.25,2,-1
538,5,-5,0.25,2,-1.5
376,5,-5,0.25,2,-2
241,5,-5,0.25,3,-0.5
150,5,-5,0.25,3,-1
538,5,-5,0.25,3,-1.5
376,5,-5,0.25,3,-2
209,5,-5,0.25,4,-0.5
320,5,-5,0.25,4,-1
538,5,-5,0.25,4,-1.5
380,5,-5,0.25,4,-2
377,5,-5,0.25,5,-0.5
221,5,-5,0.25,5,-1
538,5,-5,0.25,5,-1.5
380,5,-5,0.25,5,-2
530,5,-5,0.75,1,-0.5
118,5,-5,0.75,1,-1
162,5,-5,0.75,1,-1.5
136,5,-5,0.75,1,-2
508,5,-5,0.75,2,-0.5
182,5,-5,0.75,2,-1
234,5,-5,0.75,2,-1.5
360,5,-5,0.75,2,-2
434,5,-5,0.75,3,-0.5
400,5,-5,0.75,3,-1
97,5,-5,0.75,3,-1.5
196,5,-5,0.75,3,-2
383,5,-5,0.75,4,-0.5
400,5,-5,0.75,4,-1
106,5,-5,0.75,4,-1.5
52,5,-5,0.75,4,-2
414,5,-5,0.75,5,-0.5
400,5,-5,0.75,5,-1
39,5,-5,0.75,5,-1.5
78,5,-5,0.75,5,-2
766,5,-5,1.25,1,-0.5
332,5,-5,1.25,1,-1
56,5,-5,1.25,1,-1.5
101,5,-5,1.25,1,-2
401,5,-5,1.25,2,-0.5
135,5,-5,1.25,2,-1
78,5,-5,1.25,2,-1.5
53,5,-5,1.25,2,-2
64,5,-5,1.25,3,-0.5
34,5,-5,1.25,3,-1
62,5,-5,1.25,3,-1.5
65,5,-5,1.25,3,-2
514,5,-5,1.25,4,-0.5
99,5,-5,1.25,4,-1
27,5,-5,1.25,4,-1.5
72,5,-5,1.25,4,-2
54,5,-5,1.25,5,-0.5
17,5,-5,1.25,5,-1
125,5,-5,1.25,5,-1.5
27,5,-5,1.25,5,-2
43,5,-5,1.75,1,-0.5
45,5,-5,1.75,1,-1
51,5,-5,1.75,1,-1.5
125,5,-5,1.75,1,-2
40,5,-5,1.75,2,-0.5
50,5,-5,1.75,2,-1
20,5,-5,1.75,2,-1.5
22,5,-5,1.75,2,-2
53,5,-5,1.75,3,-0.5
102,5,-5,1.75,3,-1
33,5,-5,1.75,3,-1.5
75,5,-5,1.75,3,-2
27,5,-5,1.75,4,-0.5
20,5,-5,1.75,4,-1
37,5,-5,1.75,4,-1.5
29,5,-5,1.75,4,-2
53,5,-5,1.75,5,-0.5
24,5,-5,1.75,5,-1
45,5,-5,1.75,5,-1.5
24,5,-5,1.75,5,-2
