34,1,-1,0.25,1,-0.5
53,1,-1,0.25,1,-1
78,1,-1,0.25,1,-1.5
29,1,-1,0.25,1,-2
67,1,-1,0.25,2,-0.5
72,1,-1,0.25,2,-1
57,1,-1,0.25,2,-1.5
47,1,-1,0.25,2,-2
54,1,-1,0.25,3,-0.5
110,1,-1,0.25,3,-1
35,1,-1,0.25,3,-1.5
46,1,-1,0.25,3,-2
53,1,-1,0.25,4,-0.5
68,1,-1,0.25,4,-1
62,1,-1,0.25,4,-1.5
50,1,-1,0.25,4,-2
103,1,-1,0.25,5,-0.5
59,1,-1,0.25,5,-1
77,1,-1,0.25,5,-1.5
24,1,-1,0.25,5,-2
33,1,-1,0.75,1,-0.5
36,1,-1,0.75,1,-1
42,1,-1,0.75,1,-1.5
53,1,-1,0.75,1,-2
73,1,-1,0.75,2,-0.5
28,1,-1,0.75,2,-1
64,1,-1,0.75,2,-1.5
70,1,-1,0.75,2,-2
49,1,-1,0.75,3,-0.5
62,1,-1,0.75,3,-1
52,1,-1,0.75,3,-1.5
43,1,-1,0.75,3,-2
73,1,-1,0.75,4,-0.5
67,1,-1,0.75,4,-1
70,1,-1,0.75,4,-1.5
30,1,-1,0.75,4,-2
69,1,-1,0.75,5,-0.5
67,1,-1,0.75,5,-1
38,1,-1,0.75,5,-1.5
75,1,-1,0.75,5,-2
133,1,-1,1.25,1,-0.5
103,1,-1,1.25,1,-1
91,1,-1,1.25,1,-1.5
69,1,-1,1.25,1,-2
131,1,-1,1.25,2,-0.5
53,1,-1,1.25,2,-1
92,1,-1,1.25,2,-1.5
85,1,-1,1.25,2,-2
100,1,-1,1.25,3,-0.5
110,1,-1,1.25,3,-1
106,1,-1,1.25,3,-1.5
79,1,-1,1.25,3,-2
117,1,-1,1.25,4,-0.5
79,1,-1,1.25,4,-1
130,1,-1,1.25,4,-1.5
91,1,-1,1.25,4,-2
125,1,-1,1.25,5,-0.5
90,1,-1,1.25,5,-1
95,1,-1,1.25,5,-1.5
85,1,-1,1.25,5,-2
172,1,-1,1.75,1,-0.5
142,1,-1,1.75,1,-1
150,1,-1,1.75,1,-1.5
111,1,-1,1.75,1,-2
138,1,-1,1.75,2,-0.5
140,1,-1,1.75,2,-1
127,1,-1,1.75,2,-1.5
144,1,-1,1.75,2,-2
147,1,-1,1.75,3,-0.5
138,1,-1,1.75,3,-1
132,1,-1,1.75,3,-1.5
119,1,-1,1.75,3,-2
141,1,-1,1.75,4,-0.5
126,1,-1,1.75,4,-1
142,1,-1,1.75,4,-1.5
135,1,-1,1.75,4,-2
158,1,-1,1.75,5,-0.5
100,1,-1,1.75,5,-1
126,1,-1,1.75,5,-1.5
110,1,-1,1.75,5,-2
157,1,-2,0.25,1,-0.5
40,1,-2,0.25,1,-1
145,1,-2,0.25,1,-1.5
74,1,-2,0.25,1,-2
297,1,-2,0.25,2,-0.5
446,1,-2,0.25,2,-1
95,1,-2,0.25,2,-1.5
19,1,-2,0.25,2,-2
78,1,-2,0.25,3,-0.5
446,1,-2,0.25,3,-1
84,1,-2,0.25,3,-1.5
30,1,-2,0.25,3,-2
45,1,-2,0.25,4,-0.5
446,1,-2,0.25,4,-1
74,1,-2,0.25,4,-1.5
77,1,-2,0.25,4,-2
101,1,-2,0.25,5,-0.5
51,1,-2,0.25,5,-1
533,1,-2,0.25,5,-1.5
159,1,-2,0.25,5,-2
51,1,-2,0.75,1,-0.5
49,1,-2,0.75,1,-1
78,1,-2,0.75,1,-1.5
22,1,-2,0.75,1,-2
24,1,-2,0.75,2,-0.5
54,1,-2,0.75,2,-1
40,1,-2,0.75,2,-1.5
32,1,-2,0.75,2,-2
39,1,-2,0.75,3,-0.5
52,1,-2,0.75,3,-1
46,1,-2,0.75,3,-1.5
26,1,-2,0.75,3,-2
35,1,-2,0.75,4,-0.5
48,1,-2,0.75,4,-1
59,1,-2,0.75,4,-1.5
58,1,-2,0.75,4,-2
93,1,-2,0.75,5,-0.5
50,1,-2,0.75,5,-1
51,1,-2,0.75,5,-1.5
38,1,-2,0.75,5,-2
85,1,-2,1.25,1,-0.5
66,1,-2,1.25,1,-1
56,1,-2,1.25,1,-1.5
55,1,-2,1.25,1,-2
84,1,-2,1.25,2,-0.5
84,1,-2,1.25,2,-1
52,1,-2,1.25,2,-1.5
64,1,-2,1.25,2,-2
57,1,-2,1.25,3,-0.5
68,1,-2,1.25,3,-1
41,1,-2,1.25,3,-1.5
56,1,-2,1.25,3,-2
67,1,-2,1.25,4,-0.5
63,1,-2,1.25,4,-1
78,1,-2,1.25,4,-1.5
68,1,-2,1.25,4,-2
76,1,-2,1.25,5,-0.5
71,1,-2,1.25,5,-1
61,1,-2,1.25,5,-1.5
67,1,-2,1.25,5,-2
119,1,-2,1.75,1,-0.5
93,1,-2,1.75,1,-1
115,1,-2,1.75,1,-1.5
64,1,-2,1.75,1,-2
127,1,-2,1.75,2,-0.5
122,1,-2,1.75,2,-1
96,1,-2,1.75,2,-1.5
77,1,-2,1.75,2,-2
136,1,-2,1.75,3,-0.5
93,1,-2,1.75,3,-1
75,1,-2,1.75,3,-1.5
62,1,-2,1.75,3,-2
103,1,-2,1.75,4,-0.5
108,1,-2,1.75,4,-1
89,1,-2,1.75,4,-1.5
73,1,-2,1.75,4,-2
119,1,-2,1.75,5,-0.5
87,1,-2,1.75,5,-1
84,1,-2,1.75,5,-1.5
96,1,-2,1.75,5,-2
233,1,-3,0.25,1,-0.5
537,1,-3,0.25,1,-1
77,1,-3,0.25,1,-1.5
150,1,-3,0.25,1,-2
203,1,-3,0.25,2,-0.5
265,1,-3,0.25,2,-1
474,1,-3,0.25,2,-1.5
107,1,-3,0.25,2,-2
46,1,-3,0.25,3,-0.5
364,1,-3,0.25,3,-1
38,1,-3,0.25,3,-1.5
57,1,-3,0.25,3,-2
79,1,-3,0.25,4,-0.5
367,1,-3,0.25,4,-1
68,1,-3,0.25,4,-1.5
38,1,-3,0.25,4,-2
50,1,-3,0.25,5,-0.5
367,1,-3,0.25,5,-1
118,1,-3,0.25,5,-1.5
45,1,-3,0.25,5,-2
26,1,-3,0.75,1,-0.5
23,1,-3,0.75,1,-1
65,1,-3,0.75,1,-1.5
73,1,-3,0.75,1,-2
25,1,-3,0.75,2,-0.5
35,1,-3,0.75,2,-1
43,1,-3,0.75,2,-1.5
14,1,-3,0.75,2,-2
95,1,-3,0.75,3,-0.5
53,1,-3,0.75,3,-1
48,1,-3,0.75,3,-1.5
48,1,-3,0.75,3,-2
51,1,-3,0.75,4,-0.5
209,1,-3,0.75,4,-1
64,1,-3,0.75,4,-1.5
60,1,-3,0.75,4,-2
72,1,-3,0.75,5,-0.5
41,1,-3,0.75,5,-1
48,1,-3,0.75,5,-1.5
59,1,-3,0.75,5,-2
53,1,-3,1.25,1,-0.5
33,1,-3,1.25,1,-1
42,1,-3,1.25,1,-1.5
45,1,-3,1.25,1,-2
49,1,-3,1.25,2,-0.5
52,1,-3,1.25,2,-1
24,1,-3,1.25,2,-1.5
58,1,-3,1.25,2,-2
54,1,-3,1.25,3,-0.5
134,1,-3,1.25,3,-1
41,1,-3,1.25,3,-1.5
44,1,-3,1.25,3,-2
54,1,-3,1.25,4,-0.5
65,1,-3,1.25,4,-1
59,1,-3,1.25,4,-1.5
47,1,-3,1.25,4,-2
53,1,-3,1.25,5,-0.5
41,1,-3,1.25,5,-1
60,1,-3,1.25,5,-1.5
74,1,-3,1.25,5,-2
86,1,-3,1.75,1,-0.5
42,1,-3,1.75,1,-1
57,1,-3,1.75,1,-1.5
41,1,-3,1.75,1,-2
78,1,-3,1.75,2,-0.5
47,1,-3,1.75,2,-1
53,1,-3,1.75,2,-1.5
67,1,-3,1.75,2,-2
70,1,-3,1.75,3,-0.5
67,1,-3,1.75,3,-1
32,1,-3,1.75,3,-1.5
65,1,-3,1.75,3,-2
58,1,-3,1.75,4,-0.5
70,1,-3,1.75,4,-1
39,1,-3,1.75,4,-1.5
36,1,-3,1.75,4,-2
77,1,-3,1.75,5,-0.5
88,1,-3,1.75,5,-1
46,1,-3,1.75,5,-1.5
73,1,-3,1.75,5,-2
348,1,-4,0.25,1,-0.5
536,1,-4,0.25,1,-1
433,1,-4,0.25,1,-1.5
158,1,-4,0.25,1,-2
176,1,-4,0.25,2,-0.5
519,1,-4,0.25,2,-1
168,1,-4,0.25,2,-1.5
471,1,-4,0.25,2,-2
115,1,-4,0.25,3,-0.5
519,1,-4,0.25,3,-1
46,1,-4,0.25,3,-1.5
471,1,-4,0.25,3,-2
252,1,-4,0.25,4,-0.5
519,1,-4,0.25,4,-1
471,1,-4,0.25,4,-1.5
52,1,-4,0.25,4,-2
215,1,-4,0.25,5,-0.5
519,1,-4,0.25,5,-1
26,1,-4,0.25,5,-1.5
60,1,-4,0.25,5,-2
104,1,-4,0.75,1,-0.5
18,1,-4,0.75,1,-1
341,1,-4,0.75,1,-1.5
22,1,-4,0.75,1,-2
128,1,-4,0.75,2,-0.5
248,1,-4,0.75,2,-1
40,1,-4,0.75,2,-1.5
62,1,-4,0.75,2,-2
31,1,-4,0.75,3,-0.5
85,1,-4,0.75,3,-1
130,1,-4,0.75,3,-1.5
156,1,-4,0.75,3,-2
58,1,-4,0.75,4,-0.5
30,1,-4,0.75,4,-1
212,1,-4,0.75,4,-1.5
240,1,-4,0.75,4,-2
20,1,-4,0.75,5,-0.5
99,1,-4,0.75,5,-1
55,1,-4,0.75,5,-1.5
168,1,-4,0.75,5,-2
62,1,-4,1.25,1,-0.5
86,1,-4,1.25,1,-1
31,1,-4,1.25,1,-1.5
77,1,-4,1.25,1,-2
52,1,-4,1.25,2,-0.5
31,1,-4,1.25,2,-1
67,1,-4,1.25,2,-1.5
37,1,-4,1.25,2,-2
27,1,-4,1.25,3,-0.5
73,1,-4,1.25,3,-1
48,1,-4,1.25,3,-1.5
25,1,-4,1.25,3,-2
24,1,-4,1.25,4,-0.5
19,1,-4,1.25,4,-1
21,1,-4,1.25,4,-1.5
28,1,-4,1.25,4,-2
47,1,-4,1.25,5,-0.5
17,1,-4,1.25,5,-1
27,1,-4,1.25,5,-1.5
27,1,-4,1.25,5,-2
75,1,-4,1.75,1,-0.5
35,1,-4,1.75,1,-1
45,1,-4,1.75,1,-1.5
71,1,-4,1.75,1,-2
61,1,-4,1.75,2,-0.5
47,1,-4,1.75,2,-1
62,1,-4,1.75,2,-1.5
53,1,-4,1.75,2,-2
58,1,-4,1.75,3,-0.5
39,1,-4,1.75,3,-1
57,1,-4,1.75,3,-1.5
44,1,-4,1.75,3,-2
45,1,-4,1.75,4,-0.5
42,1,-4,1.75,4,-1
98,1,-4,1.75,4,-1.5
40,1,-4,1.75,4,-2
59,1,-4,1.75,5,-0.5
55,1,-4,1.75,5,-1
44,1,-4,1.75,5,-1.5
40,1,-4,1.75,5,-2
144,1,-5,0.25,1,-0.5
532,1,-5,0.25,1,-1
529,1,-5,0.25,1,-1.5
296,1,-5,0.25,1,-2
425,1,-5,0.25,2,-0.5
532,1,-5,0.25,2,-1
137,1,-5,0.25,2,-1.5
193,1,-5,0.25,2,-2
73,1,-5,0.25,3,-0.5
401,1,-5,0.25,3,-1
252,1,-5,0.25,3,-1.5
83,1,-5,0.25,3,-2
112,1,-5,0.25,4,-0.5
399,1,-5,0.25,4,-1
149,1,-5,0.25,4,-1.5
326,1,-5,0.25,4,-2
194,1,-5,0.25,5,-0.5
380,1,-5,0.25,5,-1
69,1,-5,0.25,5,-1.5
66,1,-5,0.25,5,-2
138,1,-5,0.75,1,-0.5
112,1,-5,0.75,1,-1
438,1,-5,0.75,1,-1.5
91,1,-5,0.75,1,-2
396,1,-5,0.75,2,-0.5
45,1,-5,0.75,2,-1
194,1,-5,0.75,2,-1.5
39,1,-5,0.75,2,-2
288,1,-5,0.75,3,-0.5
397,1,-5,0.75,3,-1
389,1,-5,0.75,3,-1.5
56,1,-5,0.75,3,-2
18,1,-5,0.75,4,-0.5
84,1,-5,0.75,4,-1
377,1,-5,0.75,4,-1.5
15,1,-5,0.75,4,-2
169,1,-5,0.75,5,-0.5
194,1,-5,0.75,5,-1
47,1,-5,0.75,5,-1.5
53,1,-5,0.75,5,-2
22,1,-5,1.25,1,-0.5
58,1,-5,1.25,1,-1
69,1,-5,1.25,1,-1.5
48,1,-5,1.25,1,-2
245,1,-5,1.25,2,-0.5
156,1,-5,1.25,2,-1
38,1,-5,1.25,2,-1.5
26,1,-5,1.25,2,-2
157,1,-5,1.25,3,-0.5
73,1,-5,1.25,3,-1
47,1,-5,1.25,3,-1.5
154,1,-5,1.25,3,-2
190,1,-5,1.25,4,-0.5
71,1,-5,1.25,4,-1
208,1,-5,1.25,4,-1.5
33,1,-5,1.25,4,-2
132,1,-5,1.25,5,-0.5
35,1,-5,1.25,5,-1
186,1,-5,1.25,5,-1.5
118,1,-5,1.25,5,-2
51,1,-5,1.75,1,-0.5
46,1,-5,1.75,1,-1
27,1,-5,1.75,1,-1.5
42,1,-5,1.75,1,-2
44,1,-5,1.75,2,-0.5
181,1,-5,1.75,2,-1
67,1,-5,1.75,2,-1.5
28,1,-5,1.75,2,-2
126,1,-5,1.75,3,-0.5
54,1,-5,1.75,3,-1
56,1,-5,1.75,3,-1.5
19,1,-5,1.75,3,-2
82,1,-5,1.75,4,-0.5
43,1,-5,1.75,4,-1
39,1,-5,1.75,4,-1.5
33,1,-5,1.75,4,-2
84,1,-5,1.75,5,-0.5
137,1,-5,1.75,5,-1
23,1,-5,1.75,5,-1.5
23,1,-5,1.75,5,-2
194,2,-1,0.25,1,-0.5
28,2,-1,0.25,1,-1
61,2,-1,0.25,1,-1.5
37,2,-1,0.25,1,-2
205,2,-1,0.25,2,-0.5
53,2,-1,0.25,2,-1
61,2,-1,0.25,2,-1.5
92,2,-1,0.25,2,-2
122,2,-1,0.25,3,-0.5
119,2,-1,0.25,3,-1
71,2,-1,0.25,3,-1.5
28,2,-1,0.25,3,-2
79,2,-1,0.25,4,-0.5
101,2,-1,0.25,4,-1
203,2,-1,0.25,4,-1.5
40,2,-1,0.25,4,-2
102,2,-1,0.25,5,-0.5
96,2,-1,0.25,5,-1
80,2,-1,0.25,5,-1.5
70,2,-1,0.25,5,-2
56,2,-1,0.75,1,-0.5
44,2,-1,0.75,1,-1
39,2,-1,0.75,1,-1.5
26,2,-1,0.75,1,-2
40,2,-1,0.75,2,-0.5
42,2,-1,0.75,2,-1
17,2,-1,0.75,2,-1.5
49,2,-1,0.75,2,-2
45,2,-1,0.75,3,-0.5
64,2,-1,0.75,3,-1
55,2,-1,0.75,3,-1.5
56,2,-1,0.75,3,-2
39,2,-1,0.75,4,-0.5
71,2,-1,0.75,4,-1
53,2,-1,0.75,4,-1.5
29,2,-1,0.75,4,-2
68,2,-1,0.75,5,-0.5
65,2,-1,0.75,5,-1
48,2,-1,0.75,5,-1.5
57,2,-1,0.75,5,-2
90,2,-1,1.25,1,-0.5
62,2,-1,1.25,1,-1
65,2,-1,1.25,1,-1.5
60,2,-1,1.25,1,-2
77,2,-1,1.25,2,-0.5
87,2,-1,1.25,2,-1
48,2,-1,1.25,2,-1.5
86,2,-1,1.25,2,-2
84,2,-1,1.25,3,-0.5
66,2,-1,1.25,3,-1
56,2,-1,1.25,3,-1.5
55,2,-1,1.25,3,-2
55,2,-1,1.25,4,-0.5
57,2,-1,1.25,4,-1
77,2,-1,1.25,4,-1.5
37,2,-1,1.25,4,-2
78,2,-1,1.25,5,-0.5
67,2,-1,1.25,5,-1
65,2,-1,1.25,5,-1.5
85,2,-1,1.25,5,-2
129,2,-1,1.75,1,-0.5
101,2,-1,1.75,1,-1
105,2,-1,1.75,1,-1.5
91,2,-1,1.75,1,-2
144,2,-1,1.75,2,-0.5
96,2,-1,1.75,2,-1
97,2,-1,1.75,2,-1.5
78,2,-1,1.75,2,-2
107,2,-1,1.75,3,-0.5
133,2,-1,1.75,3,-1
105,2,-1,1.75,3,-1.5
98,2,-1,1.75,3,-2
134,2,-1,1.75,4,-0.5
130,2,-1,1.75,4,-1
89,2,-1,1.75,4,-1.5
95,2,-1,1.75,4,-2
130,2,-1,1.75,5,-0.5
112,2,-1,1.75,5,-1
111,2,-1,1.75,5,-1.5
92,2,-1,1.75,5,-2
350,2,-2,0.25,1,-0.5
146,2,-2,0.25,1,-1
130,2,-2,0.25,1,-1.5
153,2,-2,0.25,1,-2
312,2,-2,0.25,2,-0.5
196,2,-2,0.25,2,-1
41,2,-2,0.25,2,-1.5
106,2,-2,0.25,2,-2
263,2,-2,0.25,3,-0.5
192,2,-2,0.25,3,-1
126,2,-2,0.25,3,-1.5
196,2,-2,0.25,3,-2
116,2,-2,0.25,4,-0.5
232,2,-2,0.25,4,-1
176,2,-2,0.25,4,-1.5
103,2,-2,0.25,4,-2
83,2,-2,0.25,5,-0.5
234,2,-2,0.25,5,-1
176,2,-2,0.25,5,-1.5
217,2,-2,0.25,5,-2
68,2,-2,0.75,1,-0.5
44,2,-2,0.75,1,-1
33,2,-2,0.75,1,-1.5
46,2,-2,0.75,1,-2
32,2,-2,0.75,2,-0.5
45,2,-2,0.75,2,-1
59,2,-2,0.75,2,-1.5
27,2,-2,0.75,2,-2
196,2,-2,0.75,3,-0.5
37,2,-2,0.75,3,-1
19,2,-2,0.75,3,-1.5
35,2,-2,0.75,3,-2
38,2,-2,0.75,4,-0.5
56,2,-2,0.75,4,-1
19,2,-2,0.75,4,-1.5
72,2,-2,0.75,4,-2
144,2,-2,0.75,5,-0.5
43,2,-2,0.75,5,-1
77,2,-2,0.75,5,-1.5
36,2,-2,0.75,5,-2
52,2,-2,1.25,1,-0.5
49,2,-2,1.25,1,-1
29,2,-2,1.25,1,-1.5
50,2,-2,1.25,1,-2
109,2,-2,1.25,2,-0.5
61,2,-2,1.25,2,-1
54,2,-2,1.25,2,-1.5
48,2,-2,1.25,2,-2
46,2,-2,1.25,3,-0.5
45,2,-2,1.25,3,-1
44,2,-2,1.25,3,-1.5
33,2,-2,1.25,3,-2
49,2,-2,1.25,4,-0.5
56,2,-2,1.25,4,-1
39,2,-2,1.25,4,-1.5
44,2,-2,1.25,4,-2
119,2,-2,1.25,5,-0.5
92,2,-2,1.25,5,-1
52,2,-2,1.25,5,-1.5
46,2,-2,1.25,5,-2
111,2,-2,1.75,1,-0.5
73,2,-2,1.75,1,-1
50,2,-2,1.75,1,-1.5
47,2,-2,1.75,1,-2
89,2,-2,1.75,2,-0.5
38,2,-2,1.75,2,-1
57,2,-2,1.75,2,-1.5
41,2,-2,1.75,2,-2
79,2,-2,1.75,3,-0.5
70,2,-2,1.75,3,-1
72,2,-2,1.75,3,-1.5
62,2,-2,1.75,3,-2
107,2,-2,1.75,4,-0.5
76,2,-2,1.75,4,-1
76,2,-2,1.75,4,-1.5
60,2,-2,1.75,4,-2
81,2,-2,1.75,5,-0.5
76,2,-2,1.75,5,-1
65,2,-2,1.75,5,-1.5
62,2,-2,1.75,5,-2
257,2,-3,0.25,1,-0.5
154,2,-3,0.25,1,-1
210,2,-3,0.25,1,-1.5
175,2,-3,0.25,1,-2
134,2,-3,0.25,2,-0.5
283,2,-3,0.25,2,-1
170,2,-3,0.25,2,-1.5
157,2,-3,0.25,2,-2
204,2,-3,0.25,3,-0.5
92,2,-3,0.25,3,-1
206,2,-3,0.25,3,-1.5
130,2,-3,0.25,3,-2
215,2,-3,0.25,4,-0.5
188,2,-3,0.25,4,-1
293,2,-3,0.25,4,-1.5
282,2,-3,0.25,4,-2
156,2,-3,0.25,5,-0.5
315,2,-3,0.25,5,-1
178,2,-3,0.25,5,-1.5
190,2,-3,0.25,5,-2
60,2,-3,0.75,1,-0.5
122,2,-3,0.75,1,-1
28,2,-3,0.75,1,-1.5
75,2,-3,0.75,1,-2
18,2,-3,0.75,2,-0.5
26,2,-3,0.75,2,-1
34,2,-3,0.75,2,-1.5
180,2,-3,0.75,2,-2
112,2,-3,0.75,3,-0.5
35,2,-3,0.75,3,-1
18,2,-3,0.75,3,-1.5
29,2,-3,0.75,3,-2
187,2,-3,0.75,4,-0.5
38,2,-3,0.75,4,-1
21,2,-3,0.75,4,-1.5
42,2,-3,0.75,4,-2
39,2,-3,0.75,5,-0.5
49,2,-3,0.75,5,-1
31,2,-3,0.75,5,-1.5
82,2,-3,0.75,5,-2
54,2,-3,1.25,1,-0.5
94,2,-3,1.25,1,-1
57,2,-3,1.25,1,-1.5
23,2,-3,1.25,1,-2
59,2,-3,1.25,2,-0.5
100,2,-3,1.25,2,-1
55,2,-3,1.25,2,-1.5
27,2,-3,1.25,2,-2
52,2,-3,1.25,3,-0.5
151,2,-3,1.25,3,-1
42,2,-3,1.25,3,-1.5
48,2,-3,1.25,3,-2
42,2,-3,1.25,4,-0.5
18,2,-3,1.25,4,-1
26,2,-3,1.25,4,-1.5
60,2,-3,1.25,4,-2
23,2,-3,1.25,5,-0.5
39,2,-3,1.25,5,-1
37,2,-3,1.25,5,-1.5
58,2,-3,1.25,5,-2
106,2,-3,1.75,1,-0.5
39,2,-3,1.75,1,-1
48,2,-3,1.75,1,-1.5
52,2,-3,1.75,1,-2
52,2,-3,1.75,2,-0.5
56,2,-3,1.75,2,-1
59,2,-3,1.75,2,-1.5
63,2,-3,1.75,2,-2
67,2,-3,1.75,3,-0.5
32,2,-3,1.75,3,-1
39,2,-3,1.75,3,-1.5
71,2,-3,1.75,3,-2
62,2,-3,1.75,4,-0.5
51,2,-3,1.75,4,-1
53,2,-3,1.75,4,-1.5
40,2,-3,1.75,4,-2
42,2,-3,1.75,5,-0.5
52,2,-3,1.75,5,-1
59,2,-3,1.75,5,-1.5
83,2,-3,1.75,5,-2
407,2,-4,0.25,1,-0.5
271,2,-4,0.25,1,-1
174,2,-4,0.25,1,-1.5
160,2,-4,0.25,1,-2
204,2,-4,0.25,2,-0.5
186,2,-4,0.25,2,-1
204,2,-4,0.25,2,-1.5
504,2,-4,0.25,2,-2
256,2,-4,0.25,3,-0.5
213,2,-4,0.25,3,-1
181,2,-4,0.25,3,-1.5
504,2,-4,0.25,3,-2
282,2,-4,0.25,4,-0.5
121,2,-4,0.25,4,-1
272,2,-4,0.25,4,-1.5
504,2,-4,0.25,4,-2
340,2,-4,0.25,5,-0.5
177,2,-4,0.25,5,-1
269,2,-4,0.25,5,-1.5
504,2,-4,0.25,5,-2
32,2,-4,0.75,1,-0.5
76,2,-4,0.75,1,-1
51,2,-4,0.75,1,-1.5
34,2,-4,0.75,1,-2
276,2,-4,0.75,2,-0.5
196,2,-4,0.75,2,-1
124,2,-4,0.75,2,-1.5
61,2,-4,0.75,2,-2
40,2,-4,0.75,3,-0.5
28,2,-4,0.75,3,-1
96,2,-4,0.75,3,-1.5
51,2,-4,0.75,3,-2
76,2,-4,0.75,4,-0.5
71,2,-4,0.75,4,-1
74,2,-4,0.75,4,-1.5
190,2,-4,0.75,4,-2
26,2,-4,0.75,5,-0.5
94,2,-4,0.75,5,-1
86,2,-4,0.75,5,-1.5
28,2,-4,0.75,5,-2
52,2,-4,1.25,1,-0.5
53,2,-4,1.25,1,-1
85,2,-4,1.25,1,-1.5
38,2,-4,1.25,1,-2
38,2,-4,1.25,2,-0.5
39,2,-4,1.25,2,-1
26,2,-4,1.25,2,-1.5
92,2,-4,1.25,2,-2
208,2,-4,1.25,3,-0.5
38,2,-4,1.25,3,-1
25,2,-4,1.25,3,-1.5
77,2,-4,1.25,3,-2
42,2,-4,1.25,4,-0.5
32,2,-4,1.25,4,-1
26,2,-4,1.25,4,-1.5
294,2,-4,1.25,4,-2
62,2,-4,1.25,5,-0.5
44,2,-4,1.25,5,-1
22,2,-4,1.25,5,-1.5
30,2,-4,1.25,5,-2
88,2,-4,1.75,1,-0.5
59,2,-4,1.75,1,-1
56,2,-4,1.75,1,-1.5
76,2,-4,1.75,1,-2
44,2,-4,1.75,2,-0.5
36,2,-4,1.75,2,-1
34,2,-4,1.75,2,-1.5
68,2,-4,1.75,2,-2
54,2,-4,1.75,3,-0.5
18,2,-4,1.75,3,-1
50,2,-4,1.75,3,-1.5
47,2,-4,1.75,3,-2
88,2,-4,1.75,4,-0.5
28,2,-4,1.75,4,-1
58,2,-4,1.75,4,-1.5
40,2,-4,1.75,4,-2
62,2,-4,1.75,5,-0.5
42,2,-4,1.75,5,-1
40,2,-4,1.75,5,-1.5
54,2,-4,1.75,5,-2
386,2,-5,0.25,1,-0.5
253,2,-5,0.25,1,-1
309,2,-5,0.25,1,-1.5
532,2,-5,0.25,1,-2
223,2,-5,0.25,2,-0.5
316,2,-5,0.25,2,-1
386,2,-5,0.25,2,-1.5
516,2,-5,0.25,2,-2
135,2,-5,0.25,3,-0.5
93,2,-5,0.25,3,-1
281,2,-5,0.25,3,-1.5
516,2,-5,0.25,3,-2
267,2,-5,0.25,4,-0.5
140,2,-5,0.25,4,-1
214,2,-5,0.25,4,-1.5
516,2,-5,0.25,4,-2
173,2,-5,0.25,5,-0.5
312,2,-5,0.25,5,-1
156,2,-5,0.25,5,-1.5
516,2,-5,0.25,5,-2
609,2,-5,0.75,1,-0.5
86,2,-5,0.75,1,-1
51,2,-5,0.75,1,-1.5
236,2,-5,0.75,1,-2
417,2,-5,0.75,2,-0.5
84,2,-5,0.75,2,-1
64,2,-5,0.75,2,-1.5
100,2,-5,0.75,2,-2
49,2,-5,0.75,3,-0.5
194,2,-5,0.75,3,-1
148,2,-5,0.75,3,-1.5
65,2,-5,0.75,3,-2
320,2,-5,0.75,4,-0.5
92,2,-5,0.75,4,-1
188,2,-5,0.75,4,-1.5
49,2,-5,0.75,4,-2
69,2,-5,0.75,5,-0.5
77,2,-5,0.75,5,-1
59,2,-5,0.75,5,-1.5
167,2,-5,0.75,5,-2
64,2,-5,1.25,1,-0.5
165,2,-5,1.25,1,-1
37,2,-5,1.25,1,-1.5
70,2,-5,1.25,1,-2
31,2,-5,1.25,2,-0.5
149,2,-5,1.25,2,-1
221,2,-5,1.25,2,-1.5
23,2,-5,1.25,2,-2
69,2,-5,1.25,3,-0.5
37,2,-5,1.25,3,-1
35,2,-5,1.25,3,-1.5
34,2,-5,1.25,3,-2
35,2,-5,1.25,4,-0.5
35,2,-5,1.25,4,-1
68,2,-5,1.25,4,-1.5
106,2,-5,1.25,4,-2
63,2,-5,1.25,5,-0.5
55,2,-5,1.25,5,-1
29,2,-5,1.25,5,-1.5
28,2,-5,1.25,5,-2
40,2,-5,1.75,1,-0.5
50,2,-5,1.75,1,-1
58,2,-5,1.75,1,-1.5
66,2,-5,1.75,1,-2
74,2,-5,1.75,2,-0.5
43,2,-5,1.75,2,-1
47,2,-5,1.75,2,-1.5
65,2,-5,1.75,2,-2
347,2,-5,1.75,3,-0.5
52,2,-5,1.75,3,-1
43,2,-5,1.75,3,-1.5
26,2,-5,1.75,3,-2
66,2,-5,1.75,4,-0.5
57,2,-5,1.75,4,-1
44,2,-5,1.75,4,-1.5
14,2,-5,1.75,4,-2
39,2,-5,1.75,5,-0.5
22,2,-5,1.75,5,-1
38,2,-5,1.75,5,-1.5
45,2,-5,1.75,5,-2
172,3,-1,0.25,1,-0.5
146,3,-1,0.25,1,-1
127,3,-1,0.25,1,-1.5
56,3,-1,0.25,1,-2
151,3,-1,0.25,2,-0.5
222,3,-1,0.25,2,-1
44,3,-1,0.25,2,-1.5
83,3,-1,0.25,2,-2
293,3,-1,0.25,3,-0.5
154,3,-1,0.25,3,-1
108,3,-1,0.25,3,-1.5
74,3,-1,0.25,3,-2
96,3,-1,0.25,4,-0.5
59,3,-1,0.25,4,-1
106,3,-1,0.25,4,-1.5
56,3,-1,0.25,4,-2
132,3,-1,0.25,5,-0.5
180,3,-1,0.25,5,-1
103,3,-1,0.25,5,-1.5
151,3,-1,0.25,5,-2
78,3,-1,0.75,1,-0.5
78,3,-1,0.75,1,-1
72,3,-1,0.75,1,-1.5
53,3,-1,0.75,1,-2
79,3,-1,0.75,2,-0.5
39,3,-1,0.75,2,-1
90,3,-1,0.75,2,-1.5
34,3,-1,0.75,2,-2
59,3,-1,0.75,3,-0.5
52,3,-1,0.75,3,-1
40,3,-1,0.75,3,-1.5
46,3,-1,0.75,3,-2
66,3,-1,0.75,4,-0.5
49,3,-1,0.75,4,-1
45,3,-1,0.75,4,-1.5
57,3,-1,0.75,4,-2
63,3,-1,0.75,5,-0.5
52,3,-1,0.75,5,-1
44,3,-1,0.75,5,-1.5
42,3,-1,0.75,5,-2
106,3,-1,1.25,1,-0.5
65,3,-1,1.25,1,-1
54,3,-1,1.25,1,-1.5
53,3,-1,1.25,1,-2
112,3,-1,1.25,2,-0.5
83,3,-1,1.25,2,-1
42,3,-1,1.25,2,-1.5
40,3,-1,1.25,2,-2
65,3,-1,1.25,3,-0.5
61,3,-1,1.25,3,-1
83,3,-1,1.25,3,-1.5
49,3,-1,1.25,3,-2
65,3,-1,1.25,4,-0.5
77,3,-1,1.25,4,-1
68,3,-1,1.25,4,-1.5
40,3,-1,1.25,4,-2
88,3,-1,1.25,5,-0.5
66,3,-1,1.25,5,-1
56,3,-1,1.25,5,-1.5
53,3,-1,1.25,5,-2
143,3,-1,1.75,1,-0.5
124,3,-1,1.75,1,-1
68,3,-1,1.75,1,-1.5
84,3,-1,1.75,1,-2
103,3,-1,1.75,2,-0.5
110,3,-1,1.75,2,-1
88,3,-1,1.75,2,-1.5
82,3,-1,1.75,2,-2
78,3,-1,1.75,3,-0.5
80,3,-1,1.75,3,-1
79,3,-1,1.75,3,-1.5
102,3,-1,1.75,3,-2
91,3,-1,1.75,4,-0.5
63,3,-1,1.75,4,-1
101,3,-1,1.75,4,-1.5
67,3,-1,1.75,4,-2
108,3,-1,1.75,5,-0.5
93,3,-1,1.75,5,-1
100,3,-1,1.75,5,-1.5
58,3,-1,1.75,5,-2
368,3,-2,0.25,1,-0.5
170,3,-2,0.25,1,-1
76,3,-2,0.25,1,-1.5
67,3,-2,0.25,1,-2
351,3,-2,0.25,2,-0.5
170,3,-2,0.25,2,-1
90,3,-2,0.25,2,-1.5
145,3,-2,0.25,2,-2
80,3,-2,0.25,3,-0.5
134,3,-2,0.25,3,-1
70,3,-2,0.25,3,-1.5
102,3,-2,0.25,3,-2
256,3,-2,0.25,4,-0.5
112,3,-2,0.25,4,-1
92,3,-2,0.25,4,-1.5
115,3,-2,0.25,4,-2
240,3,-2,0.25,5,-0.5
41,3,-2,0.25,5,-1
80,3,-2,0.25,5,-1.5
136,3,-2,0.25,5,-2
83,3,-2,0.75,1,-0.5
94,3,-2,0.75,1,-1
123,3,-2,0.75,1,-1.5
74,3,-2,0.75,1,-2
118,3,-2,0.75,2,-0.5
58,3,-2,0.75,2,-1
50,3,-2,0.75,2,-1.5
36,3,-2,0.75,2,-2
61,3,-2,0.75,3,-0.5
47,3,-2,0.75,3,-1
54,3,-2,0.75,3,-1.5
24,3,-2,0.75,3,-2
55,3,-2,0.75,4,-0.5
39,3,-2,0.75,4,-1
51,3,-2,0.75,4,-1.5
27,3,-2,0.75,4,-2
75,3,-2,0.75,5,-0.5
50,3,-2,0.75,5,-1
37,3,-2,0.75,5,-1.5
43,3,-2,0.75,5,-2
63,3,-2,1.25,1,-0.5
95,3,-2,1.25,1,-1
69,3,-2,1.25,1,-1.5
32,3,-2,1.25,1,-2
49,3,-2,1.25,2,-0.5
29,3,-2,1.25,2,-1
29,3,-2,1.25,2,-1.5
29,3,-2,1.25,2,-2
159,3,-2,1.25,3,-0.5
51,3,-2,1.25,3,-1
42,3,-2,1.25,3,-1.5
39,3,-2,1.25,3,-2
44,3,-2,1.25,4,-0.5
29,3,-2,1.25,4,-1
20,3,-2,1.25,4,-1.5
19,3,-2,1.25,4,-2
66,3,-2,1.25,5,-0.5
53,3,-2,1.25,5,-1
39,3,-2,1.25,5,-1.5
62,3,-2,1.25,5,-2
107,3,-2,1.75,1,-0.5
62,3,-2,1.75,1,-1
40,3,-2,1.75,1,-1.5
72,3,-2,1.75,1,-2
109,3,-2,1.75,2,-0.5
44,3,-2,1.75,2,-1
38,3,-2,1.75,2,-1.5
68,3,-2,1.75,2,-2
73,3,-2,1.75,3,-0.5
66,3,-2,1.75,3,-1
50,3,-2,1.75,3,-1.5
63,3,-2,1.75,3,-2
78,3,-2,1.75,4,-0.5
46,3,-2,1.75,4,-1
59,3,-2,1.75,4,-1.5
54,3,-2,1.75,4,-2
67,3,-2,1.75,5,-0.5
65,3,-2,1.75,5,-1
70,3,-2,1.75,5,-1.5
66,3,-2,1.75,5,-2
350,3,-3,0.25,1,-0.5
266,3,-3,0.25,1,-1
69,3,-3,0.25,1,-1.5
88,3,-3,0.25,1,-2
333,3,-3,0.25,2,-0.5
121,3,-3,0.25,2,-1
272,3,-3,0.25,2,-1.5
515,3,-3,0.25,2,-2
161,3,-3,0.25,3,-0.5
384,3,-3,0.25,3,-1
67,3,-3,0.25,3,-1.5
515,3,-3,0.25,3,-2
413,3,-3,0.25,4,-0.5
227,3,-3,0.25,4,-1
118,3,-3,0.25,4,-1.5
515,3,-3,0.25,4,-2
376,3,-3,0.25,5,-0.5
305,3,-3,0.25,5,-1
163,3,-3,0.25,5,-1.5
515,3,-3,0.25,5,-2
64,3,-3,0.75,1,-0.5
64,3,-3,0.75,1,-1
155,3,-3,0.75,1,-1.5
111,3,-3,0.75,1,-2
54,3,-3,0.75,2,-0.5
74,3,-3,0.75,2,-1
110,3,-3,0.75,2,-1.5
71,3,-3,0.75,2,-2
54,3,-3,0.75,3,-0.5
136,3,-3,0.75,3,-1
34,3,-3,0.75,3,-1.5
54,3,-3,0.75,3,-2
74,3,-3,0.75,4,-0.5
43,3,-3,0.75,4,-1
75,3,-3,0.75,4,-1.5
47,3,-3,0.75,4,-2
347,3,-3,0.75,5,-0.5
54,3,-3,0.75,5,-1
78,3,-3,0.75,5,-1.5
47,3,-3,0.75,5,-2
83,3,-3,1.25,1,-0.5
42,3,-3,1.25,1,-1
75,3,-3,1.25,1,-1.5
24,3,-3,1.25,1,-2
142,3,-3,1.25,2,-0.5
100,3,-3,1.25,2,-1
26,3,-3,1.25,2,-1.5
23,3,-3,1.25,2,-2
87,3,-3,1.25,3,-0.5
36,3,-3,1.25,3,-1
32,3,-3,1.25,3,-1.5
21,3,-3,1.25,3,-2
40,3,-3,1.25,4,-0.5
18,3,-3,1.25,4,-1
33,3,-3,1.25,4,-1.5
38,3,-3,1.25,4,-2
30,3,-3,1.25,5,-0.5
27,3,-3,1.25,5,-1
21,3,-3,1.25,5,-1.5
307,3,-3,1.25,5,-2
76,3,-3,1.75,1,-0.5
72,3,-3,1.75,1,-1
36,3,-3,1.75,1,-1.5
61,3,-3,1.75,1,-2
56,3,-3,1.75,2,-0.5
64,3,-3,1.75,2,-1
31,3,-3,1.75,2,-1.5
42,3,-3,1.75,2,-2
33,3,-3,1.75,3,-0.5
31,3,-3,1.75,3,-1
36,3,-3,1.75,3,-1.5
47,3,-3,1.75,3,-2
45,3,-3,1.75,4,-0.5
61,3,-3,1.75,4,-1
50,3,-3,1.75,4,-1.5
37,3,-3,1.75,4,-2
57,3,-3,1.75,5,-0.5
40,3,-3,1.75,5,-1
53,3,-3,1.75,5,-1.5
21,3,-3,1.75,5,-2
289,3,-4,0.25,1,-0.5
297,3,-4,0.25,1,-1
123,3,-4,0.25,1,-1.5
153,3,-4,0.25,1,-2
378,3,-4,0.25,2,-0.5
216,3,-4,0.25,2,-1
327,3,-4,0.25,2,-1.5
99,3,-4,0.25,2,-2
236,3,-4,0.25,3,-0.5
144,3,-4,0.25,3,-1
188,3,-4,0.25,3,-1.5
382,3,-4,0.25,3,-2
255,3,-4,0.25,4,-0.5
287,3,-4,0.25,4,-1
181,3,-4,0.25,4,-1.5
258,3,-4,0.25,4,-2
452,3,-4,0.25,5,-0.5
124,3,-4,0.25,5,-1
89,3,-4,0.25,5,-1.5
159,3,-4,0.25,5,-2
110,3,-4,0.75,1,-0.5
33,3,-4,0.75,1,-1
94,3,-4,0.75,1,-1.5
94,3,-4,0.75,1,-2
63,3,-4,0.75,2,-0.5
511,3,-4,0.75,2,-1
165,3,-4,0.75,2,-1.5
110,3,-4,0.75,2,-2
75,3,-4,0.75,3,-0.5
41,3,-4,0.75,3,-1
123,3,-4,0.75,3,-1.5
17,3,-4,0.75,3,-2
50,3,-4,0.75,4,-0.5
334,3,-4,0.75,4,-1
25,3,-4,0.75,4,-1.5
106,3,-4,0.75,4,-2
313,3,-4,0.75,5,-0.5
41,3,-4,0.75,5,-1
219,3,-4,0.75,5,-1.5
169,3,-4,0.75,5,-2
52,3,-4,1.25,1,-0.5
36,3,-4,1.25,1,-1
17,3,-4,1.25,1,-1.5
98,3,-4,1.25,1,-2
41,3,-4,1.25,2,-0.5
53,3,-4,1.25,2,-1
36,3,-4,1.25,2,-1.5
30,3,-4,1.25,2,-2
43,3,-4,1.25,3,-0.5
66,3,-4,1.25,3,-1
168,3,-4,1.25,3,-1.5
179,3,-4,1.25,3,-2
33,3,-4,1.25,4,-0.5
26,3,-4,1.25,4,-1
26,3,-4,1.25,4,-1.5
36,3,-4,1.25,4,-2
20,3,-4,1.25,5,-0.5
41,3,-4,1.25,5,-1
22,3,-4,1.25,5,-1.5
48,3,-4,1.25,5,-2
73,3,-4,1.75,1,-0.5
78,3,-4,1.75,1,-1
47,3,-4,1.75,1,-1.5
32,3,-4,1.75,1,-2
58,3,-4,1.75,2,-0.5
53,3,-4,1.75,2,-1
49,3,-4,1.75,2,-1.5
22,3,-4,1.75,2,-2
39,3,-4,1.75,3,-0.5
76,3,-4,1.75,3,-1
25,3,-4,1.75,3,-1.5
54,3,-4,1.75,3,-2
118,3,-4,1.75,4,-0.5
50,3,-4,1.75,4,-1
19,3,-4,1.75,4,-1.5
30,3,-4,1.75,4,-2
83,3,-4,1.75,5,-0.5
24,3,-4,1.75,5,-1
26,3,-4,1.75,5,-1.5
32,3,-4,1.75,5,-2
427,3,-5,0.25,1,-0.5
480,3,-5,0.25,1,-1
247,3,-5,0.25,1,-1.5
189,3,-5,0.25,1,-2
371,3,-5,0.25,2,-0.5
267,3,-5,0.25,2,-1
273,3,-5,0.25,2,-1.5
255,3,-5,0.25,2,-2
313,3,-5,0.25,3,-0.5
385,3,-5,0.25,3,-1
368,3,-5,0.25,3,-1.5
310,3,-5,0.25,3,-2
323,3,-5,0.25,4,-0.5
191,3,-5,0.25,4,-1
169,3,-5,0.25,4,-1.5
351,3,-5,0.25,4,-2
507,3,-5,0.25,5,-0.5
237,3,-5,0.25,5,-1
294,3,-5,0.25,5,-1.5
226,3,-5,0.25,5,-2
173,3,-5,0.75,1,-0.5
253,3,-5,0.75,1,-1
83,3,-5,0.75,1,-1.5
99,3,-5,0.75,1,-2
221,3,-5,0.75,2,-0.5
213,3,-5,0.75,2,-1
58,3,-5,0.75,2,-1.5
58,3,-5,0.75,2,-2
338,3,-5,0.75,3,-0.5
132,3,-5,0.75,3,-1
106,3,-5,0.75,3,-1.5
40,3,-5,0.75,3,-2
285,3,-5,0.75,4,-0.5
55,3,-5,0.75,4,-1
275,3,-5,0.75,4,-1.5
164,3,-5,0.75,4,-2
100,3,-5,0.75,5,-0.5
110,3,-5,0.75,5,-1
46,3,-5,0.75,5,-1.5
37,3,-5,0.75,5,-2
292,3,-5,1.25,1,-0.5
90,3,-5,1.25,1,-1
70,3,-5,1.25,1,-1.5
502,3,-5,1.25,1,-2
91,3,-5,1.25,2,-0.5
72,3,-5,1.25,2,-1
46,3,-5,1.25,2,-1.5
59,3,-5,1.25,2,-2
200,3,-5,1.25,3,-0.5
34,3,-5,1.25,3,-1
24,3,-5,1.25,3,-1.5
24,3,-5,1.25,3,-2
106,3,-5,1.25,4,-0.5
206,3,-5,1.25,4,-1
35,3,-5,1.25,4,-1.5
48,3,-5,1.25,4,-2
109,3,-5,1.25,5,-0.5
38,3,-5,1.25,5,-1
66,3,-5,1.25,5,-1.5
221,3,-5,1.25,5,-2
51,3,-5,1.75,1,-0.5
144,3,-5,1.75,1,-1
25,3,-5,1.75,1,-1.5
54,3,-5,1.75,1,-2
70,3,-5,1.75,2,-0.5
44,3,-5,1.75,2,-1
59,3,-5,1.75,2,-1.5
97,3,-5,1.75,2,-2
155,3,-5,1.75,3,-0.5
162,3,-5,1.75,3,-1
175,3,-5,1.75,3,-1.5
28,3,-5,1.75,3,-2
62,3,-5,1.75,4,-0.5
55,3,-5,1.75,4,-1
28,3,-5,1.75,4,-1.5
115,3,-5,1.75,4,-2
43,3,-5,1.75,5,-0.5
51,3,-5,1.75,5,-1
31,3,-5,1.75,5,-1.5
39,3,-5,1.75,5,-2
153,4,-1,0.25,1,-0.5
157,4,-1,0.25,1,-1
131,4,-1,0.25,1,-1.5
127,4,-1,0.25,1,-2
305,4,-1,0.25,2,-0.5
487,4,-1,0.25,2,-1
106,4,-1,0.25,2,-1.5
97,4,-1,0.25,2,-2
186,4,-1,0.25,3,-0.5
117,4,-1,0.25,3,-1
93,4,-1,0.25,3,-1.5
43,4,-1,0.25,3,-2
234,4,-1,0.25,4,-0.5
255,4,-1,0.25,4,-1
119,4,-1,0.25,4,-1.5
84,4,-1,0.25,4,-2
134,4,-1,0.25,5,-0.5
184,4,-1,0.25,5,-1
95,4,-1,0.25,5,-1.5
131,4,-1,0.25,5,-2
106,4,-1,0.75,1,-0.5
99,4,-1,0.75,1,-1
112,4,-1,0.75,1,-1.5
69,4,-1,0.75,1,-2
110,4,-1,0.75,2,-0.5
127,4,-1,0.75,2,-1
91,4,-1,0.75,2,-1.5
52,4,-1,0.75,2,-2
91,4,-1,0.75,3,-0.5
124,4,-1,0.75,3,-1
103,4,-1,0.75,3,-1.5
41,4,-1,0.75,3,-2
64,4,-1,0.75,4,-0.5
89,4,-1,0.75,4,-1
96,4,-1,0.75,4,-1.5
36,4,-1,0.75,4,-2
138,4,-1,0.75,5,-0.5
82,4,-1,0.75,5,-1
81,4,-1,0.75,5,-1.5
55,4,-1,0.75,5,-2
151,4,-1,1.25,1,-0.5
68,4,-1,1.25,1,-1
98,4,-1,1.25,1,-1.5
63,4,-1,1.25,1,-2
99,4,-1,1.25,2,-0.5
71,4,-1,1.25,2,-1
86,4,-1,1.25,2,-1.5
44,4,-1,1.25,2,-2
112,4,-1,1.25,3,-0.5
78,4,-1,1.25,3,-1
64,4,-1,1.25,3,-1.5
74,4,-1,1.25,3,-2
88,4,-1,1.25,4,-0.5
100,4,-1,1.25,4,-1
46,4,-1,1.25,4,-1.5
61,4,-1,1.25,4,-2
109,4,-1,1.25,5,-0.5
69,4,-1,1.25,5,-1
72,4,-1,1.25,5,-1.5
48,4,-1,1.25,5,-2
147,4,-1,1.75,1,-0.5
106,4,-1,1.75,1,-1
101,4,-1,1.75,1,-1.5
86,4,-1,1.75,1,-2
139,4,-1,1.75,2,-0.5
103,4,-1,1.75,2,-1
94,4,-1,1.75,2,-1.5
59,4,-1,1.75,2,-2
135,4,-1,1.75,3,-0.5
68,4,-1,1.75,3,-1
70,4,-1,1.75,3,-1.5
62,4,-1,1.75,3,-2
98,4,-1,1.75,4,-0.5
88,4,-1,1.75,4,-1
83,4,-1,1.75,4,-1.5
60,4,-1,1.75,4,-2
111,4,-1,1.75,5,-0.5
76,4,-1,1.75,5,-1
93,4,-1,1.75,5,-1.5
61,4,-1,1.75,5,-2
208,4,-2,0.25,1,-0.5
173,4,-2,0.25,1,-1
152,4,-2,0.25,1,-1.5
80,4,-2,0.25,1,-2
303,4,-2,0.25,2,-0.5
154,4,-2,0.25,2,-1
390,4,-2,0.25,2,-1.5
94,4,-2,0.25,2,-2
354,4,-2,0.25,3,-0.5
133,4,-2,0.25,3,-1
84,4,-2,0.25,3,-1.5
55,4,-2,0.25,3,-2
263,4,-2,0.25,4,-0.5
309,4,-2,0.25,4,-1
120,4,-2,0.25,4,-1.5
138,4,-2,0.25,4,-2
240,4,-2,0.25,5,-0.5
271,4,-2,0.25,5,-1
123,4,-2,0.25,5,-1.5
156,4,-2,0.25,5,-2
112,4,-2,0.75,1,-0.5
141,4,-2,0.75,1,-1
63,4,-2,0.75,1,-1.5
64,4,-2,0.75,1,-2
95,4,-2,0.75,2,-0.5
128,4,-2,0.75,2,-1
47,4,-2,0.75,2,-1.5
73,4,-2,0.75,2,-2
200,4,-2,0.75,3,-0.5
48,4,-2,0.75,3,-1
107,4,-2,0.75,3,-1.5
39,4,-2,0.75,3,-2
103,4,-2,0.75,4,-0.5
96,4,-2,0.75,4,-1
93,4,-2,0.75,4,-1.5
71,4,-2,0.75,4,-2
98,4,-2,0.75,5,-0.5
87,4,-2,0.75,5,-1
84,4,-2,0.75,5,-1.5
26,4,-2,0.75,5,-2
109,4,-2,1.25,1,-0.5
70,4,-2,1.25,1,-1
51,4,-2,1.25,1,-1.5
52,4,-2,1.25,1,-2
71,4,-2,1.25,2,-0.5
60,4,-2,1.25,2,-1
59,4,-2,1.25,2,-1.5
61,4,-2,1.25,2,-2
66,4,-2,1.25,3,-0.5
44,4,-2,1.25,3,-1
24,4,-2,1.25,3,-1.5
26,4,-2,1.25,3,-2
50,4,-2,1.25,4,-0.5
83,4,-2,1.25,4,-1
80,4,-2,1.25,4,-1.5
37,4,-2,1.25,4,-2
55,4,-2,1.25,5,-0.5
50,4,-2,1.25,5,-1
50,4,-2,1.25,5,-1.5
55,4,-2,1.25,5,-2
72,4,-2,1.75,1,-0.5
53,4,-2,1.75,1,-1
61,4,-2,1.75,1,-1.5
47,4,-2,1.75,1,-2
80,4,-2,1.75,2,-0.5
79,4,-2,1.75,2,-1
60,4,-2,1.75,2,-1.5
62,4,-2,1.75,2,-2
62,4,-2,1.75,3,-0.5
50,4,-2,1.75,3,-1
41,4,-2,1.75,3,-1.5
43,4,-2,1.75,3,-2
80,4,-2,1.75,4,-0.5
65,4,-2,1.75,4,-1
85,4,-2,1.75,4,-1.5
36,4,-2,1.75,4,-2
53,4,-2,1.75,5,-0.5
42,4,-2,1.75,5,-1
49,4,-2,1.75,5,-1.5
48,4,-2,1.75,5,-2
297,4,-3,0.25,1,-0.5
198,4,-3,0.25,1,-1
522,4,-3,0.25,1,-1.5
137,4,-3,0.25,1,-2
305,4,-3,0.25,2,-0.5
114,4,-3,0.25,2,-1
522,4,-3,0.25,2,-1.5
190,4,-3,0.25,2,-2
174,4,-3,0.25,3,-0.5
124,4,-3,0.25,3,-1
115,4,-3,0.25,3,-1.5
201,4,-3,0.25,3,-2
468,4,-3,0.25,4,-0.5
64,4,-3,0.25,4,-1
251,4,-3,0.25,4,-1.5
132,4,-3,0.25,4,-2
219,4,-3,0.25,5,-0.5
276,4,-3,0.25,5,-1
108,4,-3,0.25,5,-1.5
52,4,-3,0.25,5,-2
121,4,-3,0.75,1,-0.5
79,4,-3,0.75,1,-1
144,4,-3,0.75,1,-1.5
76,4,-3,0.75,1,-2
147,4,-3,0.75,2,-0.5
110,4,-3,0.75,2,-1
94,4,-3,0.75,2,-1.5
32,4,-3,0.75,2,-2
184,4,-3,0.75,3,-0.5
111,4,-3,0.75,3,-1
57,4,-3,0.75,3,-1.5
47,4,-3,0.75,3,-2
135,4,-3,0.75,4,-0.5
41,4,-3,0.75,4,-1
48,4,-3,0.75,4,-1.5
99,4,-3,0.75,4,-2
118,4,-3,0.75,5,-0.5
53,4,-3,0.75,5,-1
54,4,-3,0.75,5,-1.5
43,4,-3,0.75,5,-2
78,4,-3,1.25,1,-0.5
69,4,-3,1.25,1,-1
149,4,-3,1.25,1,-1.5
185,4,-3,1.25,1,-2
58,4,-3,1.25,2,-0.5
105,4,-3,1.25,2,-1
79,4,-3,1.25,2,-1.5
48,4,-3,1.25,2,-2
52,4,-3,1.25,3,-0.5
133,4,-3,1.25,3,-1
19,4,-3,1.25,3,-1.5
27,4,-3,1.25,3,-2
53,4,-3,1.25,4,-0.5
68,4,-3,1.25,4,-1
35,4,-3,1.25,4,-1.5
32,4,-3,1.25,4,-2
31,4,-3,1.25,5,-0.5
26,4,-3,1.25,5,-1
55,4,-3,1.25,5,-1.5
42,4,-3,1.25,5,-2
87,4,-3,1.75,1,-0.5
64,4,-3,1.75,1,-1
62,4,-3,1.75,1,-1.5
25,4,-3,1.75,1,-2
82,4,-3,1.75,2,-0.5
49,4,-3,1.75,2,-1
52,4,-3,1.75,2,-1.5
69,4,-3,1.75,2,-2
110,4,-3,1.75,3,-0.5
46,4,-3,1.75,3,-1
32,4,-3,1.75,3,-1.5
28,4,-3,1.75,3,-2
53,4,-3,1.75,4,-0.5
40,4,-3,1.75,4,-1
33,4,-3,1.75,4,-1.5
39,4,-3,1.75,4,-2
69,4,-3,1.75,5,-0.5
41,4,-3,1.75,5,-1
57,4,-3,1.75,5,-1.5
28,4,-3,1.75,5,-2
333,4,-4,0.25,1,-0.5
205,4,-4,0.25,1,-1
126,4,-4,0.25,1,-1.5
163,4,-4,0.25,1,-2
378,4,-4,0.25,2,-0.5
210,4,-4,0.25,2,-1
116,4,-4,0.25,2,-1.5
84,4,-4,0.25,2,-2
378,4,-4,0.25,3,-0.5
268,4,-4,0.25,3,-1
357,4,-4,0.25,3,-1.5
96,4,-4,0.25,3,-2
467,4,-4,0.25,4,-0.5
286,4,-4,0.25,4,-1
355,4,-4,0.25,4,-1.5
151,4,-4,0.25,4,-2
469,4,-4,0.25,5,-0.5
165,4,-4,0.25,5,-1
248,4,-4,0.25,5,-1.5
235,4,-4,0.25,5,-2
421,4,-4,0.75,1,-0.5
276,4,-4,0.75,1,-1
198,4,-4,0.75,1,-1.5
89,4,-4,0.75,1,-2
95,4,-4,0.75,2,-0.5
250,4,-4,0.75,2,-1
172,4,-4,0.75,2,-1.5
223,4,-4,0.75,2,-2
412,4,-4,0.75,3,-0.5
137,4,-4,0.75,3,-1
41,4,-4,0.75,3,-1.5
92,4,-4,0.75,3,-2
353,4,-4,0.75,4,-0.5
242,4,-4,0.75,4,-1
134,4,-4,0.75,4,-1.5
216,4,-4,0.75,4,-2
228,4,-4,0.75,5,-0.5
156,4,-4,0.75,5,-1
231,4,-4,0.75,5,-1.5
140,4,-4,0.75,5,-2
318,4,-4,1.25,1,-0.5
73,4,-4,1.25,1,-1
50,4,-4,1.25,1,-1.5
56,4,-4,1.25,1,-2
65,4,-4,1.25,2,-0.5
64,4,-4,1.25,2,-1
54,4,-4,1.25,2,-1.5
26,4,-4,1.25,2,-2
86,4,-4,1.25,3,-0.5
53,4,-4,1.25,3,-1
35,4,-4,1.25,3,-1.5
38,4,-4,1.25,3,-2
59,4,-4,1.25,4,-0.5
46,4,-4,1.25,4,-1
55,4,-4,1.25,4,-1.5
50,4,-4,1.25,4,-2
52,4,-4,1.25,5,-0.5
40,4,-4,1.25,5,-1
46,4,-4,1.25,5,-1.5
42,4,-4,1.25,5,-2
62,4,-4,1.75,1,-0.5
39,4,-4,1.75,1,-1
45,4,-4,1.75,1,-1.5
27,4,-4,1.75,1,-2
103,4,-4,1.75,2,-0.5
79,4,-4,1.75,2,-1
40,4,-4,1.75,2,-1.5
26,4,-4,1.75,2,-2
47,4,-4,1.75,3,-0.5
74,4,-4,1.75,3,-1
18,4,-4,1.75,3,-1.5
28,4,-4,1.75,3,-2
456,4,-4,1.75,4,-0.5
42,4,-4,1.75,4,-1
46,4,-4,1.75,4,-1.5
32,4,-4,1.75,4,-2
34,4,-4,1.75,5,-0.5
97,4,-4,1.75,5,-1
87,4,-4,1.75,5,-1.5
43,4,-4,1.75,5,-2
404,4,-5,0.25,1,-0.5
410,4,-5,0.25,1,-1
328,4,-5,0.25,1,-1.5
224,4,-5,0.25,1,-2
594,4,-5,0.25,2,-0.5
212,4,-5,0.25,2,-1
328,4,-5,0.25,2,-1.5
232,4,-5,0.25,2,-2
300,4,-5,0.25,3,-0.5
236,4,-5,0.25,3,-1
328,4,-5,0.25,3,-1.5
230,4,-5,0.25,3,-2
242,4,-5,0.25,4,-0.5
209,4,-5,0.25,4,-1
214,4,-5,0.25,4,-1.5
149,4,-5,0.25,4,-2
249,4,-5,0.25,5,-0.5
426,4,-5,0.25,5,-1
132,4,-5,0.25,5,-1.5
312,4,-5,0.25,5,-2
483,4,-5,0.75,1,-0.5
367,4,-5,0.75,1,-1
148,4,-5,0.75,1,-1.5
31,4,-5,0.75,1,-2
354,4,-5,0.75,2,-0.5
213,4,-5,0.75,2,-1
202,4,-5,0.75,2,-1.5
442,4,-5,0.75,2,-2
251,4,-5,0.75,3,-0.5
135,4,-5,0.75,3,-1
197,4,-5,0.75,3,-1.5
81,4,-5,0.75,3,-2
322,4,-5,0.75,4,-0.5
59,4,-5,0.75,4,-1
147,4,-5,0.75,4,-1.5
134,4,-5,0.75,4,-2
318,4,-5,0.75,5,-0.5
191,4,-5,0.75,5,-1
58,4,-5,0.75,5,-1.5
120,4,-5,0.75,5,-2
68,4,-5,1.25,1,-0.5
71,4,-5,1.25,1,-1
58,4,-5,1.25,1,-1.5
23,4,-5,1.25,1,-2
152,4,-5,1.25,2,-0.5
90,4,-5,1.25,2,-1
65,4,-5,1.25,2,-1.5
81,4,-5,1.25,2,-2
90,4,-5,1.25,3,-0.5
74,4,-5,1.25,3,-1
204,4,-5,1.25,3,-1.5
46,4,-5,1.25,3,-2
76,4,-5,1.25,4,-0.5
64,4,-5,1.25,4,-1
148,4,-5,1.25,4,-1.5
40,4,-5,1.25,4,-2
101,4,-5,1.25,5,-0.5
65,4,-5,1.25,5,-1
83,4,-5,1.25,5,-1.5
50,4,-5,1.25,5,-2
84,4,-5,1.75,1,-0.5
45,4,-5,1.75,1,-1
27,4,-5,1.75,1,-1.5
38,4,-5,1.75,1,-2
36,4,-5,1.75,2,-0.5
108,4,-5,1.75,2,-1
166,4,-5,1.75,2,-1.5
24,4,-5,1.75,2,-2
70,4,-5,1.75,3,-0.5
46,4,-5,1.75,3,-1
51,4,-5,1.75,3,-1.5
21,4,-5,1.75,3,-2
78,4,-5,1.75,4,-0.5
56,4,-5,1.75,4,-1
49,4,-5,1.75,4,-1.5
24,4,-5,1.75,4,-2
26,4,-5,1.75,5,-0.5
65,4,-5,1.75,5,-1
44,4,-5,1.75,5,-1.5
22,4,-5,1.75,5,-2
246,5,-1,0.25,1,-0.5
342,5,-1,0.25,1,-1
145,5,-1,0.25,1,-1.5
163,5,-1,0.25,1,-2
222,5,-1,0.25,2,-0.5
169,5,-1,0.25,2,-1
164,5,-1,0.25,2,-1.5
79,5,-1,0.25,2,-2
280,5,-1,0.25,3,-0.5
155,5,-1,0.25,3,-1
163,5,-1,0.25,3,-1.5
85,5,-1,0.25,3,-2
182,5,-1,0.25,4,-0.5
184,5,-1,0.25,4,-1
89,5,-1,0.25,4,-1.5
144,5,-1,0.25,4,-2
132,5,-1,0.25,5,-0.5
204,5,-1,0.25,5,-1
173,5,-1,0.25,5,-1.5
112,5,-1,0.25,5,-2
128,5,-1,0.75,1,-0.5
155,5,-1,0.75,1,-1
153,5,-1,0.75,1,-1.5
128,5,-1,0.75,1,-2
160,5,-1,0.75,2,-0.5
116,5,-1,0.75,2,-1
76,5,-1,0.75,2,-1.5
74,5,-1,0.75,2,-2
108,5,-1,0.75,3,-0.5
159,5,-1,0.75,3,-1
53,5,-1,0.75,3,-1.5
75,5,-1,0.75,3,-2
106,5,-1,0.75,4,-0.5
96,5,-1,0.75,4,-1
174,5,-1,0.75,4,-1.5
85,5,-1,0.75,4,-2
106,5,-1,0.75,5,-0.5
114,5,-1,0.75,5,-1
91,5,-1,0.75,5,-1.5
76,5,-1,0.75,5,-2
113,5,-1,1.25,1,-0.5
103,5,-1,1.25,1,-1
79,5,-1,1.25,1,-1.5
78,5,-1,1.25,1,-2
93,5,-1,1.25,2,-0.5
84,5,-1,1.25,2,-1
74,5,-1,1.25,2,-1.5
54,5,-1,1.25,2,-2
118,5,-1,1.25,3,-0.5
97,5,-1,1.25,3,-1
65,5,-1,1.25,3,-1.5
41,5,-1,1.25,3,-2
97,5,-1,1.25,4,-0.5
97,5,-1,1.25,4,-1
71,5,-1,1.25,4,-1.5
83,5,-1,1.25,4,-2
146,5,-1,1.25,5,-0.5
93,5,-1,1.25,5,-1
72,5,-1,1.25,5,-1.5
63,5,-1,1.25,5,-2
118,5,-1,1.75,1,-0.5
112,5,-1,1.75,1,-1
111,5,-1,1.75,1,-1.5
98,5,-1,1.75,1,-2
107,5,-1,1.75,2,-0.5
100,5,-1,1.75,2,-1
80,5,-1,1.75,2,-1.5
94,5,-1,1.75,2,-2
102,5,-1,1.75,3,-0.5
79,5,-1,1.75,3,-1
90,5,-1,1.75,3,-1.5
69,5,-1,1.75,3,-2
129,5,-1,1.75,4,-0.5
93,5,-1,1.75,4,-1
75,5,-1,1.75,4,-1.5
69,5,-1,1.75,4,-2
102,5,-1,1.75,5,-0.5
75,5,-1,1.75,5,-1
101,5,-1,1.75,5,-1.5
63,5,-1,1.75,5,-2
219,5,-2,0.25,1,-0.5
193,5,-2,0.25,1,-1
174,5,-2,0.25,1,-1.5
147,5,-2,0.25,1,-2
271,5,-2,0.25,2,-0.5
205,5,-2,0.25,2,-1
121,5,-2,0.25,2,-1.5
153,5,-2,0.25,2,-2
244,5,-2,0.25,3,-0.5
136,5,-2,0.25,3,-1
102,5,-2,0.25,3,-1.5
49,5,-2,0.25,3,-2
314,5,-2,0.25,4,-0.5
111,5,-2,0.25,4,-1
355,5,-2,0.25,4,-1.5
267,5,-2,0.25,4,-2
277,5,-2,0.25,5,-0.5
147,5,-2,0.25,5,-1
91,5,-2,0.25,5,-1.5
195,5,-2,0.25,5,-2
115,5,-2,0.75,1,-0.5
88,5,-2,0.75,1,-1
143,5,-2,0.75,1,-1.5
87,5,-2,0.75,1,-2
256,5,-2,0.75,2,-0.5
115,5,-2,0.75,2,-1
129,5,-2,0.75,2,-1.5
156,5,-2,0.75,2,-2
188,5,-2,0.75,3,-0.5
132,5,-2,0.75,3,-1
44,5,-2,0.75,3,-1.5
92,5,-2,0.75,3,-2
162,5,-2,0.75,4,-0.5
110,5,-2,0.75,4,-1
152,5,-2,0.75,4,-1.5
47,5,-2,0.75,4,-2
110,5,-2,0.75,5,-0.5
205,5,-2,0.75,5,-1
84,5,-2,0.75,5,-1.5
61,5,-2,0.75,5,-2
74,5,-2,1.25,1,-0.5
84,5,-2,1.25,1,-1
61,5,-2,1.25,1,-1.5
45,5,-2,1.25,1,-2
84,5,-2,1.25,2,-0.5
70,5,-2,1.25,2,-1
75,5,-2,1.25,2,-1.5
60,5,-2,1.25,2,-2
121,5,-2,1.25,3,-0.5
42,5,-2,1.25,3,-1
78,5,-2,1.25,3,-1.5
54,5,-2,1.25,3,-2
109,5,-2,1.25,4,-0.5
77,5,-2,1.25,4,-1
56,5,-2,1.25,4,-1.5
25,5,-2,1.25,4,-2
70,5,-2,1.25,5,-0.5
54,5,-2,1.25,5,-1
79,5,-2,1.25,5,-1.5
53,5,-2,1.25,5,-2
130,5,-2,1.75,1,-0.5
46,5,-2,1.75,1,-1
83,5,-2,1.75,1,-1.5
44,5,-2,1.75,1,-2
103,5,-2,1.75,2,-0.5
72,5,-2,1.75,2,-1
82,5,-2,1.75,2,-1.5
45,5,-2,1.75,2,-2
66,5,-2,1.75,3,-0.5
74,5,-2,1.75,3,-1
80,5,-2,1.75,3,-1.5
65,5,-2,1.75,3,-2
67,5,-2,1.75,4,-0.5
40,5,-2,1.75,4,-1
27,5,-2,1.75,4,-1.5
55,5,-2,1.75,4,-2
94,5,-2,1.75,5,-0.5
60,5,-2,1.75,5,-1
60,5,-2,1.75,5,-1.5
54,5,-2,1.75,5,-2
442,5,-3,0.25,1,-0.5
273,5,-3,0.25,1,-1
169,5,-3,0.25,1,-1.5
172,5,-3,0.25,1,-2
316,5,-3,0.25,2,-0.5
274,5,-3,0.25,2,-1
161,5,-3,0.25,2,-1.5
101,5,-3,0.25,2,-2
192,5,-3,0.25,3,-0.5
86,5,-3,0.25,3,-1
147,5,-3,0.25,3,-1.5
432,5,-3,0.25,3,-2
382,5,-3,0.25,4,-0.5
159,5,-3,0.25,4,-1
86,5,-3,0.25,4,-1.5
77,5,-3,0.25,4,-2
424,5,-3,0.25,5,-0.5
104,5,-3,0.25,5,-1
244,5,-3,0.25,5,-1.5
192,5,-3,0.25,5,-2
158,5,-3,0.75,1,-0.5
200,5,-3,0.75,1,-1
127,5,-3,0.75,1,-1.5
214,5,-3,0.75,1,-2
510,5,-3,0.75,2,-0.5
56,5,-3,0.75,2,-1
73,5,-3,0.75,2,-1.5
120,5,-3,0.75,2,-2
51,5,-3,0.75,3,-0.5
181,5,-3,0.75,3,-1
91,5,-3,0.75,3,-1.5
158,5,-3,0.75,3,-2
263,5,-3,0.75,4,-0.5
104,5,-3,0.75,4,-1
72,5,-3,0.75,4,-1.5
131,5,-3,0.75,4,-2
80,5,-3,0.75,5,-0.5
268,5,-3,0.75,5,-1
27,5,-3,0.75,5,-1.5
96,5,-3,0.75,5,-2
63,5,-3,1.25,1,-0.5
102,5,-3,1.25,1,-1
137,5,-3,1.25,1,-1.5
77,5,-3,1.25,1,-2
51,5,-3,1.25,2,-0.5
108,5,-3,1.25,2,-1
48,5,-3,1.25,2,-1.5
63,5,-3,1.25,2,-2
118,5,-3,1.25,3,-0.5
79,5,-3,1.25,3,-1
71,5,-3,1.25,3,-1.5
52,5,-3,1.25,3,-2
96,5,-3,1.25,4,-0.5
67,5,-3,1.25,4,-1
89,5,-3,1.25,4,-1.5
66,5,-3,1.25,4,-2
52,5,-3,1.25,5,-0.5
84,5,-3,1.25,5,-1
26,5,-3,1.25,5,-1.5
22,5,-3,1.25,5,-2
63,5,-3,1.75,1,-0.5
58,5,-3,1.75,1,-1
78,5,-3,1.75,1,-1.5
48,5,-3,1.75,1,-2
102,5,-3,1.75,2,-0.5
50,5,-3,1.75,2,-1
49,5,-3,1.75,2,-1.5
63,5,-3,1.75,2,-2
81,5,-3,1.75,3,-0.5
30,5,-3,1.75,3,-1
32,5,-3,1.75,3,-1.5
41,5,-3,1.75,3,-2
58,5,-3,1.75,4,-0.5
91,5,-3,1.75,4,-1
43,5,-3,1.75,4,-1.5
37,5,-3,1.75,4,-2
50,5,-3,1.75,5,-0.5
43,5,-3,1.75,5,-1
30,5,-3,1.75,5,-1.5
31,5,-3,1.75,5,-2
266,5,-4,0.25,1,-0.5
148,5,-4,0.25,1,-1
226,5,-4,0.25,1,-1.5
518,5,-4,0.25,1,-2
498,5,-4,0.25,2,-0.5
277,5,-4,0.25,2,-1
125,5,-4,0.25,2,-1.5
518,5,-4,0.25,2,-2
496,5,-4,0.25,3,-0.5
318,5,-4,0.25,3,-1
188,5,-4,0.25,3,-1.5
469,5,-4,0.25,3,-2
249,5,-4,0.25,4,-0.5
235,5,-4,0.25,4,-1
455,5,-4,0.25,4,-1.5
164,5,-4,0.25,4,-2
169,5,-4,0.25,5,-0.5
513,5,-4,0.25,5,-1
455,5,-4,0.25,5,-1.5
333,5,-4,0.25,5,-2
154,5,-4,0.75,1,-0.5
140,5,-4,0.75,1,-1
278,5,-4,0.75,1,-1.5
123,5,-4,0.75,1,-2
550,5,-4,0.75,2,-0.5
96,5,-4,0.75,2,-1
54,5,-4,0.75,2,-1.5
39,5,-4,0.75,2,-2
128,5,-4,0.75,3,-0.5
249,5,-4,0.75,3,-1
136,5,-4,0.75,3,-1.5
150,5,-4,0.75,3,-2
97,5,-4,0.75,4,-0.5
53,5,-4,0.75,4,-1
60,5,-4,0.75,4,-1.5
83,5,-4,0.75,4,-2
215,5,-4,0.75,5,-0.5
97,5,-4,0.75,5,-1
134,5,-4,0.75,5,-1.5
160,5,-4,0.75,5,-2
73,5,-4,1.25,1,-0.5
90,5,-4,1.25,1,-1
96,5,-4,1.25,1,-1.5
94,5,-4,1.25,1,-2
102,5,-4,1.25,2,-0.5
78,5,-4,1.25,2,-1
45,5,-4,1.25,2,-1.5
58,5,-4,1.25,2,-2
167,5,-4,1.25,3,-0.5
73,5,-4,1.25,3,-1
72,5,-4,1.25,3,-1.5
86,5,-4,1.25,3,-2
90,5,-4,1.25,4,-0.5
35,5,-4,1.25,4,-1
88,5,-4,1.25,4,-1.5
95,5,-4,1.25,4,-2
72,5,-4,1.25,5,-0.5
69,5,-4,1.25,5,-1
99,5,-4,1.25,5,-1.5
43,5,-4,1.25,5,-2
62,5,-4,1.75,1,-0.5
68,5,-4,1.75,1,-1
35,5,-4,1.75,1,-1.5
58,5,-4,1.75,1,-2
80,5,-4,1.75,2,-0.5
84,5,-4,1.75,2,-1
84,5,-4,1.75,2,-1.5
172,5,-4,1.75,2,-2
91,5,-4,1.75,3,-0.5
51,5,-4,1.75,3,-1
66,5,-4,1.75,3,-1.5
18,5,-4,1.75,3,-2
34,5,-4,1.75,4,-0.5
54,5,-4,1.75,4,-1
47,5,-4,1.75,4,-1.5
53,5,-4,1.75,4,-2
159,5,-4,1.75,5,-0.5
41,5,-4,1.75,5,-1
24,5,-4,1.75,5,-1.5
31,5,-4,1.75,5,-2
126,5,-5,0.25,1,-0.5
192,5,-5,0.25,1,-1
445,5,-5,0.25,1,-1.5
390,5,-5,0.25,1,-2
500,5,-5,0.25,2,-0.5
209,5,-5,0.25,2,-1
236,5,-5,0.25,2,-1.5
389,5,-5,0.25,2,-2
343,5,-5,0.25,3,-0.5
423,5,-5,0.25,3,-1
249,5,-5,0.25,3,-1.5
198,5,-5,0.25,3,-2
411,5,-5,0.25,4,-0.5
423,5,-5,0.25,4,-1
336,5,-5,0.25,4,-1.5
143,5,-5,0.25,4,-2
343,5,-5,0.25,5,-0.5
224,5,-5,0.25,5,-1
341,5,-5,0.25,5,-1.5
251,5,-5,0.25,5,-2
95,5,-5,0.75,1,-0.5
165,5,-5,0.75,1,-1
235,5,-5,0.75,1,-1.5
205,5,-5,0.75,1,-2
238,5,-5,0.75,2,-0.5
171,5,-5,0.75,2,-1
300,5,-5,0.75,2,-1.5
102,5,-5,0.75,2,-2
325,5,-5,0.75,3,-0.5
473,5,-5,0.75,3,-1
216,5,-5,0.75,3,-1.5
192,5,-5,0.75,3,-2
154,5,-5,0.75,4,-0.5
105,5,-5,0.75,4,-1
199,5,-5,0.75,4,-1.5
170,5,-5,0.75,4,-2
215,5,-5,0.75,5,-0.5
282,5,-5,0.75,5,-1
31,5,-5,0.75,5,-1.5
47,5,-5,0.75,5,-2
242,5,-5,1.25,1,-0.5
69,5,-5,1.25,1,-1
74,5,-5,1.25,1,-1.5
341,5,-5,1.25,1,-2
50,5,-5,1.25,2,-0.5
203,5,-5,1.25,2,-1
35,5,-5,1.25,2,-1.5
67,5,-5,1.25,2,-2
278,5,-5,1.25,3,-0.5
97,5,-5,1.25,3,-1
74,5,-5,1.25,3,-1.5
55,5,-5,1.25,3,-2
121,5,-5,1.25,4,-0.5
66,5,-5,1.25,4,-1
313,5,-5,1.25,4,-1.5
26,5,-5,1.25,4,-2
224,5,-5,1.25,5,-0.5
44,5,-5,1.25,5,-1
43,5,-5,1.25,5,-1.5
52,5,-5,1.25,5,-2
133,5,-5,1.75,1,-0.5
197,5,-5,1.75,1,-1
83,5,-5,1.75,1,-1.5
51,5,-5,1.75,1,-2
164,5,-5,1.75,2,-0.5
60,5,-5,1.75,2,-1
219,5,-5,1.75,2,-1.5
31,5,-5,1.75,2,-2
71,5,-5,1.75,3,-0.5
89,5,-5,1.75,3,-1
45,5,-5,1.75,3,-1.5
27,5,-5,1.75,3,-2
156,5,-5,1.75,4,-0.5
58,5,-5,1.75,4,-1
36,5,-5,1.75,4,-1.5
163,5,-5,1.75,4,-2
97,5,-5,1.75,5,-0.5
57,5,-5,1.75,5,-1
31,5,-5,1.75,5,-1.5
35,5,-5,1.75,5,-2
