28,1,-1,0.25,1,-0.5
26,1,-1,0.25,1,-1
22,1,-1,0.25,1,-1.5
58,1,-1,0.25,1,-2
246,1,-1,0.25,2,-0.5
74,1,-1,0.25,2,-1
39,1,-1,0.25,2,-1.5
19,1,-1,0.25,2,-2
44,1,-1,0.25,3,-0.5
38,1,-1,0.25,3,-1
27,1,-1,0.25,3,-1.5
59,1,-1,0.25,3,-2
55,1,-1,0.25,4,-0.5
31,1,-1,0.25,4,-1
34,1,-1,0.25,4,-1.5
38,1,-1,0.25,4,-2
61,1,-1,0.25,5,-0.5
44,1,-1,0.25,5,-1
52,1,-1,0.25,5,-1.5
54,1,-1,0.25,5,-2
77,1,-1,0.75,1,-0.5
47,1,-1,0.75,1,-1
62,1,-1,0.75,1,-1.5
66,1,-1,0.75,1,-2
26,1,-1,0.75,2,-0.5
50,1,-1,0.75,2,-1
43,1,-1,0.75,2,-1.5
53,1,-1,0.75,2,-2
50,1,-1,0.75,3,-0.5
44,1,-1,0.75,3,-1
38,1,-1,0.75,3,-1.5
49,1,-1,0.75,3,-2
61,1,-1,0.75,4,-0.5
58,1,-1,0.75,4,-1
91,1,-1,0.75,4,-1.5
44,1,-1,0.75,4,-2
78,1,-1,0.75,5,-0.5
64,1,-1,0.75,5,-1
45,1,-1,0.75,5,-1.5
60,1,-1,0.75,5,-2
98,1,-1,1.25,1,-0.5
101,1,-1,1.25,1,-1
74,1,-1,1.25,1,-1.5
115,1,-1,1.25,1,-2
97,1,-1,1.25,2,-0.5
97,1,-1,1.25,2,-1
78,1,-1,1.25,2,-1.5
94,1,-1,1.25,2,-2
98,1,-1,1.25,3,-0.5
63,1,-1,1.25,3,-1
70,1,-1,1.25,3,-1.5
88,1,-1,1.25,3,-2
116,1,-1,1.25,4,-0.5
89,1,-1,1.25,4,-1
108,1,-1,1.25,4,-1.5
77,1,-1,1.25,4,-2
116,1,-1,1.25,5,-0.5
107,1,-1,1.25,5,-1
90,1,-1,1.25,5,-1.5
83,1,-1,1.25,5,-2
165,1,-1,1.75,1,-0.5
150,1,-1,1.75,1,-1
162,1,-1,1.75,1,-1.5
140,1,-1,1.75,1,-2
153,1,-1,1.75,2,-0.5
128,1,-1,1.75,2,-1
113,1,-1,1.75,2,-1.5
124,1,-1,1.75,2,-2
156,1,-1,1.75,3,-0.5
115,1,-1,1.75,3,-1
107,1,-1,1.75,3,-1.5
105,1,-1,1.75,3,-2
156,1,-1,1.75,4,-0.5
122,1,-1,1.75,4,-1
110,1,-1,1.75,4,-1.5
118,1,-1,1.75,4,-2
146,1,-1,1.75,5,-0.5
97,1,-1,1.75,5,-1
92,1,-1,1.75,5,-1.5
95,1,-1,1.75,5,-2
47,1,-2,0.25,1,-0.5
111,1,-2,0.25,1,-1
42,1,-2,0.25,1,-1.5
44,1,-2,0.25,1,-2
75,1,-2,0.25,2,-0.5
358,1,-2,0.25,2,-1
26,1,-2,0.25,2,-1.5
28,1,-2,0.25,2,-2
279,1,-2,0.25,3,-0.5
23,1,-2,0.25,3,-1
49,1,-2,0.25,3,-1.5
44,1,-2,0.25,3,-2
103,1,-2,0.25,4,-0.5
354,1,-2,0.25,4,-1
42,1,-2,0.25,4,-1.5
40,1,-2,0.25,4,-2
33,1,-2,0.25,5,-0.5
48,1,-2,0.25,5,-1
43,1,-2,0.25,5,-1.5
28,1,-2,0.25,5,-2
40,1,-2,0.75,1,-0.5
22,1,-2,0.75,1,-1
35,1,-2,0.75,1,-1.5
31,1,-2,0.75,1,-2
31,1,-2,0.75,2,-0.5
25,1,-2,0.75,2,-1
16,1,-2,0.75,2,-1.5
42,1,-2,0.75,2,-2
26,1,-2,0.75,3,-0.5
14,1,-2,0.75,3,-1
34,1,-2,0.75,3,-1.5
45,1,-2,0.75,3,-2
23,1,-2,0.75,4,-0.5
37,1,-2,0.75,4,-1
55,1,-2,0.75,4,-1.5
36,1,-2,0.75,4,-2
42,1,-2,0.75,5,-0.5
26,1,-2,0.75,5,-1
30,1,-2,0.75,5,-1.5
53,1,-2,0.75,5,-2
85,1,-2,1.25,1,-0.5
66,1,-2,1.25,1,-1
49,1,-2,1.25,1,-1.5
59,1,-2,1.25,1,-2
67,1,-2,1.25,2,-0.5
47,1,-2,1.25,2,-1
17,1,-2,1.25,2,-1.5
51,1,-2,1.25,2,-2
60,1,-2,1.25,3,-0.5
31,1,-2,1.25,3,-1
52,1,-2,1.25,3,-1.5
58,1,-2,1.25,3,-2
39,1,-2,1.25,4,-0.5
32,1,-2,1.25,4,-1
51,1,-2,1.25,4,-1.5
34,1,-2,1.25,4,-2
62,1,-2,1.25,5,-0.5
37,1,-2,1.25,5,-1
34,1,-2,1.25,5,-1.5
49,1,-2,1.25,5,-2
111,1,-2,1.75,1,-0.5
117,1,-2,1.75,1,-1
67,1,-2,1.75,1,-1.5
95,1,-2,1.75,1,-2
111,1,-2,1.75,2,-0.5
87,1,-2,1.75,2,-1
86,1,-2,1.75,2,-1.5
53,1,-2,1.75,2,-2
91,1,-2,1.75,3,-0.5
83,1,-2,1.75,3,-1
53,1,-2,1.75,3,-1.5
74,1,-2,1.75,3,-2
82,1,-2,1.75,4,-0.5
76,1,-2,1.75,4,-1
94,1,-2,1.75,4,-1.5
80,1,-2,1.75,4,-2
106,1,-2,1.75,5,-0.5
86,1,-2,1.75,5,-1
71,1,-2,1.75,5,-1.5
79,1,-2,1.75,5,-2
88,1,-3,0.25,1,-0.5
264,1,-3,0.25,1,-1
211,1,-3,0.25,1,-1.5
112,1,-3,0.25,1,-2
48,1,-3,0.25,2,-0.5
36,1,-3,0.25,2,-1
143,1,-3,0.25,2,-1.5
51,1,-3,0.25,2,-2
42,1,-3,0.25,3,-0.5
65,1,-3,0.25,3,-1
42,1,-3,0.25,3,-1.5
44,1,-3,0.25,3,-2
49,1,-3,0.25,4,-0.5
104,1,-3,0.25,4,-1
98,1,-3,0.25,4,-1.5
526,1,-3,0.25,4,-2
41,1,-3,0.25,5,-0.5
25,1,-3,0.25,5,-1
419,1,-3,0.25,5,-1.5
114,1,-3,0.25,5,-2
15,1,-3,0.75,1,-0.5
34,1,-3,0.75,1,-1
20,1,-3,0.75,1,-1.5
22,1,-3,0.75,1,-2
17,1,-3,0.75,2,-0.5
57,1,-3,0.75,2,-1
25,1,-3,0.75,2,-1.5
13,1,-3,0.75,2,-2
18,1,-3,0.75,3,-0.5
25,1,-3,0.75,3,-1
37,1,-3,0.75,3,-1.5
22,1,-3,0.75,3,-2
32,1,-3,0.75,4,-0.5
21,1,-3,0.75,4,-1
53,1,-3,0.75,4,-1.5
34,1,-3,0.75,4,-2
55,1,-3,0.75,5,-0.5
40,1,-3,0.75,5,-1
20,1,-3,0.75,5,-1.5
23,1,-3,0.75,5,-2
32,1,-3,1.25,1,-0.5
50,1,-3,1.25,1,-1
38,1,-3,1.25,1,-1.5
23,1,-3,1.25,1,-2
45,1,-3,1.25,2,-0.5
70,1,-3,1.25,2,-1
40,1,-3,1.25,2,-1.5
24,1,-3,1.25,2,-2
41,1,-3,1.25,3,-0.5
31,1,-3,1.25,3,-1
34,1,-3,1.25,3,-1.5
24,1,-3,1.25,3,-2
46,1,-3,1.25,4,-0.5
37,1,-3,1.25,4,-1
37,1,-3,1.25,4,-1.5
40,1,-3,1.25,4,-2
59,1,-3,1.25,5,-0.5
39,1,-3,1.25,5,-1
50,1,-3,1.25,5,-1.5
44,1,-3,1.25,5,-2
72,1,-3,1.75,1,-0.5
58,1,-3,1.75,1,-1
55,1,-3,1.75,1,-1.5
44,1,-3,1.75,1,-2
75,1,-3,1.75,2,-0.5
79,1,-3,1.75,2,-1
32,1,-3,1.75,2,-1.5
58,1,-3,1.75,2,-2
70,1,-3,1.75,3,-0.5
49,1,-3,1.75,3,-1
37,1,-3,1.75,3,-1.5
47,1,-3,1.75,3,-2
74,1,-3,1.75,4,-0.5
60,1,-3,1.75,4,-1
66,1,-3,1.75,4,-1.5
36,1,-3,1.75,4,-2
55,1,-3,1.75,5,-0.5
51,1,-3,1.75,5,-1
44,1,-3,1.75,5,-1.5
28,1,-3,1.75,5,-2
327,1,-4,0.25,1,-0.5
221,1,-4,0.25,1,-1
105,1,-4,0.25,1,-1.5
26,1,-4,0.25,1,-2
223,1,-4,0.25,2,-0.5
129,1,-4,0.25,2,-1
342,1,-4,0.25,2,-1.5
123,1,-4,0.25,2,-2
112,1,-4,0.25,3,-0.5
385,1,-4,0.25,3,-1
35,1,-4,0.25,3,-1.5
281,1,-4,0.25,3,-2
555,1,-4,0.25,4,-0.5
173,1,-4,0.25,4,-1
124,1,-4,0.25,4,-1.5
308,1,-4,0.25,4,-2
179,1,-4,0.25,5,-0.5
21,1,-4,0.25,5,-1
237,1,-4,0.25,5,-1.5
534,1,-4,0.25,5,-2
120,1,-4,0.75,1,-0.5
69,1,-4,0.75,1,-1
134,1,-4,0.75,1,-1.5
20,1,-4,0.75,1,-2
416,1,-4,0.75,2,-0.5
40,1,-4,0.75,2,-1
71,1,-4,0.75,2,-1.5
54,1,-4,0.75,2,-2
35,1,-4,0.75,3,-0.5
18,1,-4,0.75,3,-1
28,1,-4,0.75,3,-1.5
77,1,-4,0.75,3,-2
81,1,-4,0.75,4,-0.5
16,1,-4,0.75,4,-1
48,1,-4,0.75,4,-1.5
45,1,-4,0.75,4,-2
45,1,-4,0.75,5,-0.5
38,1,-4,0.75,5,-1
31,1,-4,0.75,5,-1.5
43,1,-4,0.75,5,-2
52,1,-4,1.25,1,-0.5
33,1,-4,1.25,1,-1
18,1,-4,1.25,1,-1.5
39,1,-4,1.25,1,-2
49,1,-4,1.25,2,-0.5
33,1,-4,1.25,2,-1
37,1,-4,1.25,2,-1.5
33,1,-4,1.25,2,-2
32,1,-4,1.25,3,-0.5
15,1,-4,1.25,3,-1
19,1,-4,1.25,3,-1.5
46,1,-4,1.25,3,-2
20,1,-4,1.25,4,-0.5
30,1,-4,1.25,4,-1
46,1,-4,1.25,4,-1.5
29,1,-4,1.25,4,-2
32,1,-4,1.25,5,-0.5
22,1,-4,1.25,5,-1
182,1,-4,1.25,5,-1.5
39,1,-4,1.25,5,-2
61,1,-4,1.75,1,-0.5
48,1,-4,1.75,1,-1
44,1,-4,1.75,1,-1.5
48,1,-4,1.75,1,-2
49,1,-4,1.75,2,-0.5
62,1,-4,1.75,2,-1
16,1,-4,1.75,2,-1.5
21,1,-4,1.75,2,-2
36,1,-4,1.75,3,-0.5
28,1,-4,1.75,3,-1
40,1,-4,1.75,3,-1.5
36,1,-4,1.75,3,-2
50,1,-4,1.75,4,-0.5
47,1,-4,1.75,4,-1
47,1,-4,1.75,4,-1.5
25,1,-4,1.75,4,-2
54,1,-4,1.75,5,-0.5
45,1,-4,1.75,5,-1
32,1,-4,1.75,5,-1.5
39,1,-4,1.75,5,-2
431,1,-5,0.25,1,-0.5
83,1,-5,0.25,1,-1
283,1,-5,0.25,1,-1.5
124,1,-5,0.25,1,-2
277,1,-5,0.25,2,-0.5
38,1,-5,0.25,2,-1
344,1,-5,0.25,2,-1.5
192,1,-5,0.25,2,-2
74,1,-5,0.25,3,-0.5
293,1,-5,0.25,3,-1
344,1,-5,0.25,3,-1.5
103,1,-5,0.25,3,-2
168,1,-5,0.25,4,-0.5
337,1,-5,0.25,4,-1
330,1,-5,0.25,4,-1.5
164,1,-5,0.25,4,-2
35,1,-5,0.25,5,-0.5
469,1,-5,0.25,5,-1
377,1,-5,0.25,5,-1.5
282,1,-5,0.25,5,-2
170,1,-5,0.75,1,-0.5
36,1,-5,0.75,1,-1
34,1,-5,0.75,1,-1.5
27,1,-5,0.75,1,-2
38,1,-5,0.75,2,-0.5
485,1,-5,0.75,2,-1
26,1,-5,0.75,2,-1.5
68,1,-5,0.75,2,-2
32,1,-5,0.75,3,-0.5
31,1,-5,0.75,3,-1
48,1,-5,0.75,3,-1.5
22,1,-5,0.75,3,-2
15,1,-5,0.75,4,-0.5
61,1,-5,0.75,4,-1
40,1,-5,0.75,4,-1.5
86,1,-5,0.75,4,-2
267,1,-5,0.75,5,-0.5
20,1,-5,0.75,5,-1
25,1,-5,0.75,5,-1.5
137,1,-5,0.75,5,-2
92,1,-5,1.25,1,-0.5
57,1,-5,1.25,1,-1
25,1,-5,1.25,1,-1.5
22,1,-5,1.25,1,-2
22,1,-5,1.25,2,-0.5
25,1,-5,1.25,2,-1
36,1,-5,1.25,2,-1.5
34,1,-5,1.25,2,-2
106,1,-5,1.25,3,-0.5
39,1,-5,1.25,3,-1
401,1,-5,1.25,3,-1.5
32,1,-5,1.25,3,-2
287,1,-5,1.25,4,-0.5
54,1,-5,1.25,4,-1
19,1,-5,1.25,4,-1.5
15,1,-5,1.25,4,-2
29,1,-5,1.25,5,-0.5
20,1,-5,1.25,5,-1
44,1,-5,1.25,5,-1.5
54,1,-5,1.25,5,-2
78,1,-5,1.75,1,-0.5
35,1,-5,1.75,1,-1
28,1,-5,1.75,1,-1.5
17,1,-5,1.75,1,-2
47,1,-5,1.75,2,-0.5
25,1,-5,1.75,2,-1
45,1,-5,1.75,2,-1.5
40,1,-5,1.75,2,-2
29,1,-5,1.75,3,-0.5
44,1,-5,1.75,3,-1
22,1,-5,1.75,3,-1.5
43,1,-5,1.75,3,-2
38,1,-5,1.75,4,-0.5
50,1,-5,1.75,4,-1
21,1,-5,1.75,4,-1.5
19,1,-5,1.75,4,-2
67,1,-5,1.75,5,-0.5
20,1,-5,1.75,5,-1
56,1,-5,1.75,5,-1.5
26,1,-5,1.75,5,-2
111,2,-1,0.25,1,-0.5
176,2,-1,0.25,1,-1
38,2,-1,0.25,1,-1.5
40,2,-1,0.25,1,-2
123,2,-1,0.25,2,-0.5
132,2,-1,0.25,2,-1
35,2,-1,0.25,2,-1.5
325,2,-1,0.25,2,-2
77,2,-1,0.25,3,-0.5
128,2,-1,0.25,3,-1
34,2,-1,0.25,3,-1.5
56,2,-1,0.25,3,-2
76,2,-1,0.25,4,-0.5
58,2,-1,0.25,4,-1
36,2,-1,0.25,4,-1.5
175,2,-1,0.25,4,-2
85,2,-1,0.25,5,-0.5
61,2,-1,0.25,5,-1
76,2,-1,0.25,5,-1.5
66,2,-1,0.25,5,-2
57,2,-1,0.75,1,-0.5
42,2,-1,0.75,1,-1
25,2,-1,0.75,1,-1.5
43,2,-1,0.75,1,-2
42,2,-1,0.75,2,-0.5
51,2,-1,0.75,2,-1
32,2,-1,0.75,2,-1.5
25,2,-1,0.75,2,-2
51,2,-1,0.75,3,-0.5
62,2,-1,0.75,3,-1
41,2,-1,0.75,3,-1.5
48,2,-1,0.75,3,-2
60,2,-1,0.75,4,-0.5
39,2,-1,0.75,4,-1
32,2,-1,0.75,4,-1.5
29,2,-1,0.75,4,-2
78,2,-1,0.75,5,-0.5
63,2,-1,0.75,5,-1
50,2,-1,0.75,5,-1.5
62,2,-1,0.75,5,-2
91,2,-1,1.25,1,-0.5
44,2,-1,1.25,1,-1
66,2,-1,1.25,1,-1.5
38,2,-1,1.25,1,-2
52,2,-1,1.25,2,-0.5
56,2,-1,1.25,2,-1
69,2,-1,1.25,2,-1.5
49,2,-1,1.25,2,-2
79,2,-1,1.25,3,-0.5
48,2,-1,1.25,3,-1
59,2,-1,1.25,3,-1.5
53,2,-1,1.25,3,-2
74,2,-1,1.25,4,-0.5
64,2,-1,1.25,4,-1
74,2,-1,1.25,4,-1.5
51,2,-1,1.25,4,-2
62,2,-1,1.25,5,-0.5
65,2,-1,1.25,5,-1
56,2,-1,1.25,5,-1.5
44,2,-1,1.25,5,-2
116,2,-1,1.75,1,-0.5
120,2,-1,1.75,1,-1
85,2,-1,1.75,1,-1.5
120,2,-1,1.75,1,-2
123,2,-1,1.75,2,-0.5
71,2,-1,1.75,2,-1
83,2,-1,1.75,2,-1.5
80,2,-1,1.75,2,-2
133,2,-1,1.75,3,-0.5
99,2,-1,1.75,3,-1
66,2,-1,1.75,3,-1.5
96,2,-1,1.75,3,-2
106,2,-1,1.75,4,-0.5
110,2,-1,1.75,4,-1
80,2,-1,1.75,4,-1.5
85,2,-1,1.75,4,-2
129,2,-1,1.75,5,-0.5
81,2,-1,1.75,5,-1
108,2,-1,1.75,5,-1.5
101,2,-1,1.75,5,-2
90,2,-2,0.25,1,-0.5
81,2,-2,0.25,1,-1
380,2,-2,0.25,1,-1.5
54,2,-2,0.25,1,-2
72,2,-2,0.25,2,-0.5
363,2,-2,0.25,2,-1
81,2,-2,0.25,2,-1.5
242,2,-2,0.25,2,-2
65,2,-2,0.25,3,-0.5
89,2,-2,0.25,3,-1
34,2,-2,0.25,3,-1.5
95,2,-2,0.25,3,-2
320,2,-2,0.25,4,-0.5
79,2,-2,0.25,4,-1
67,2,-2,0.25,4,-1.5
143,2,-2,0.25,4,-2
458,2,-2,0.25,5,-0.5
38,2,-2,0.25,5,-1
95,2,-2,0.25,5,-1.5
55,2,-2,0.25,5,-2
41,2,-2,0.75,1,-0.5
40,2,-2,0.75,1,-1
19,2,-2,0.75,1,-1.5
22,2,-2,0.75,1,-2
39,2,-2,0.75,2,-0.5
24,2,-2,0.75,2,-1
25,2,-2,0.75,2,-1.5
46,2,-2,0.75,2,-2
28,2,-2,0.75,3,-0.5
46,2,-2,0.75,3,-1
62,2,-2,0.75,3,-1.5
27,2,-2,0.75,3,-2
30,2,-2,0.75,4,-0.5
18,2,-2,0.75,4,-1
13,2,-2,0.75,4,-1.5
25,2,-2,0.75,4,-2
24,2,-2,0.75,5,-0.5
33,2,-2,0.75,5,-1
41,2,-2,0.75,5,-1.5
43,2,-2,0.75,5,-2
67,2,-2,1.25,1,-0.5
51,2,-2,1.25,1,-1
44,2,-2,1.25,1,-1.5
25,2,-2,1.25,1,-2
51,2,-2,1.25,2,-0.5
37,2,-2,1.25,2,-1
30,2,-2,1.25,2,-1.5
29,2,-2,1.25,2,-2
37,2,-2,1.25,3,-0.5
24,2,-2,1.25,3,-1
32,2,-2,1.25,3,-1.5
48,2,-2,1.25,3,-2
45,2,-2,1.25,4,-0.5
49,2,-2,1.25,4,-1
24,2,-2,1.25,4,-1.5
22,2,-2,1.25,4,-2
65,2,-2,1.25,5,-0.5
43,2,-2,1.25,5,-1
22,2,-2,1.25,5,-1.5
19,2,-2,1.25,5,-2
118,2,-2,1.75,1,-0.5
81,2,-2,1.75,1,-1
55,2,-2,1.75,1,-1.5
36,2,-2,1.75,1,-2
92,2,-2,1.75,2,-0.5
77,2,-2,1.75,2,-1
66,2,-2,1.75,2,-1.5
32,2,-2,1.75,2,-2
100,2,-2,1.75,3,-0.5
83,2,-2,1.75,3,-1
77,2,-2,1.75,3,-1.5
42,2,-2,1.75,3,-2
80,2,-2,1.75,4,-0.5
50,2,-2,1.75,4,-1
42,2,-2,1.75,4,-1.5
52,2,-2,1.75,4,-2
77,2,-2,1.75,5,-0.5
54,2,-2,1.75,5,-1
43,2,-2,1.75,5,-1.5
77,2,-2,1.75,5,-2
66,2,-3,0.25,1,-0.5
138,2,-3,0.25,1,-1
464,2,-3,0.25,1,-1.5
39,2,-3,0.25,1,-2
106,2,-3,0.25,2,-0.5
273,2,-3,0.25,2,-1
114,2,-3,0.25,2,-1.5
17,2,-3,0.25,2,-2
308,2,-3,0.25,3,-0.5
98,2,-3,0.25,3,-1
76,2,-3,0.25,3,-1.5
78,2,-3,0.25,3,-2
316,2,-3,0.25,4,-0.5
185,2,-3,0.25,4,-1
126,2,-3,0.25,4,-1.5
65,2,-3,0.25,4,-2
368,2,-3,0.25,5,-0.5
170,2,-3,0.25,5,-1
449,2,-3,0.25,5,-1.5
162,2,-3,0.25,5,-2
21,2,-3,0.75,1,-0.5
99,2,-3,0.75,1,-1
37,2,-3,0.75,1,-1.5
47,2,-3,0.75,1,-2
97,2,-3,0.75,2,-0.5
108,2,-3,0.75,2,-1
68,2,-3,0.75,2,-1.5
21,2,-3,0.75,2,-2
50,2,-3,0.75,3,-0.5
50,2,-3,0.75,3,-1
41,2,-3,0.75,3,-1.5
16,2,-3,0.75,3,-2
39,2,-3,0.75,4,-0.5
42,2,-3,0.75,4,-1
24,2,-3,0.75,4,-1.5
35,2,-3,0.75,4,-2
278,2,-3,0.75,5,-0.5
46,2,-3,0.75,5,-1
30,2,-3,0.75,5,-1.5
19,2,-3,0.75,5,-2
87,2,-3,1.25,1,-0.5
39,2,-3,1.25,1,-1
55,2,-3,1.25,1,-1.5
26,2,-3,1.25,1,-2
33,2,-3,1.25,2,-0.5
17,2,-3,1.25,2,-1
17,2,-3,1.25,2,-1.5
22,2,-3,1.25,2,-2
38,2,-3,1.25,3,-0.5
32,2,-3,1.25,3,-1
43,2,-3,1.25,3,-1.5
40,2,-3,1.25,3,-2
64,2,-3,1.25,4,-0.5
22,2,-3,1.25,4,-1
15,2,-3,1.25,4,-1.5
23,2,-3,1.25,4,-2
26,2,-3,1.25,5,-0.5
19,2,-3,1.25,5,-1
30,2,-3,1.25,5,-1.5
19,2,-3,1.25,5,-2
77,2,-3,1.75,1,-0.5
28,2,-3,1.75,1,-1
35,2,-3,1.75,1,-1.5
52,2,-3,1.75,1,-2
53,2,-3,1.75,2,-0.5
58,2,-3,1.75,2,-1
45,2,-3,1.75,2,-1.5
43,2,-3,1.75,2,-2
76,2,-3,1.75,3,-0.5
34,2,-3,1.75,3,-1
39,2,-3,1.75,3,-1.5
47,2,-3,1.75,3,-2
68,2,-3,1.75,4,-0.5
39,2,-3,1.75,4,-1
34,2,-3,1.75,4,-1.5
46,2,-3,1.75,4,-2
82,2,-3,1.75,5,-0.5
33,2,-3,1.75,5,-1
51,2,-3,1.75,5,-1.5
31,2,-3,1.75,5,-2
483,2,-4,0.25,1,-0.5
234,2,-4,0.25,1,-1
87,2,-4,0.25,1,-1.5
62,2,-4,0.25,1,-2
380,2,-4,0.25,2,-0.5
209,2,-4,0.25,2,-1
315,2,-4,0.25,2,-1.5
80,2,-4,0.25,2,-2
246,2,-4,0.25,3,-0.5
62,2,-4,0.25,3,-1
49,2,-4,0.25,3,-1.5
278,2,-4,0.25,3,-2
379,2,-4,0.25,4,-0.5
150,2,-4,0.25,4,-1
257,2,-4,0.25,4,-1.5
77,2,-4,0.25,4,-2
450,2,-4,0.25,5,-0.5
75,2,-4,0.25,5,-1
72,2,-4,0.25,5,-1.5
35,2,-4,0.25,5,-2
377,2,-4,0.75,1,-0.5
130,2,-4,0.75,1,-1
49,2,-4,0.75,1,-1.5
41,2,-4,0.75,1,-2
48,2,-4,0.75,2,-0.5
190,2,-4,0.75,2,-1
87,2,-4,0.75,2,-1.5
167,2,-4,0.75,2,-2
104,2,-4,0.75,3,-0.5
165,2,-4,0.75,3,-1
89,2,-4,0.75,3,-1.5
33,2,-4,0.75,3,-2
24,2,-4,0.75,4,-0.5
28,2,-4,0.75,4,-1
31,2,-4,0.75,4,-1.5
30,2,-4,0.75,4,-2
66,2,-4,0.75,5,-0.5
32,2,-4,0.75,5,-1
26,2,-4,0.75,5,-1.5
71,2,-4,0.75,5,-2
316,2,-4,1.25,1,-0.5
33,2,-4,1.25,1,-1
25,2,-4,1.25,1,-1.5
25,2,-4,1.25,1,-2
28,2,-4,1.25,2,-0.5
62,2,-4,1.25,2,-1
52,2,-4,1.25,2,-1.5
22,2,-4,1.25,2,-2
35,2,-4,1.25,3,-0.5
72,2,-4,1.25,3,-1
18,2,-4,1.25,3,-1.5
18,2,-4,1.25,3,-2
24,2,-4,1.25,4,-0.5
18,2,-4,1.25,4,-1
34,2,-4,1.25,4,-1.5
45,2,-4,1.25,4,-2
39,2,-4,1.25,5,-0.5
43,2,-4,1.25,5,-1
22,2,-4,1.25,5,-1.5
24,2,-4,1.25,5,-2
40,2,-4,1.75,1,-0.5
26,2,-4,1.75,1,-1
19,2,-4,1.75,1,-1.5
150,2,-4,1.75,1,-2
48,2,-4,1.75,2,-0.5
42,2,-4,1.75,2,-1
24,2,-4,1.75,2,-1.5
29,2,-4,1.75,2,-2
53,2,-4,1.75,3,-0.5
31,2,-4,1.75,3,-1
48,2,-4,1.75,3,-1.5
41,2,-4,1.75,3,-2
65,2,-4,1.75,4,-0.5
29,2,-4,1.75,4,-1
25,2,-4,1.75,4,-1.5
19,2,-4,1.75,4,-2
45,2,-4,1.75,5,-0.5
49,2,-4,1.75,5,-1
34,2,-4,1.75,5,-1.5
21,2,-4,1.75,5,-2
333,2,-5,0.25,1,-0.5
523,2,-5,0.25,1,-1
177,2,-5,0.25,1,-1.5
289,2,-5,0.25,1,-2
288,2,-5,0.25,2,-0.5
114,2,-5,0.25,2,-1
127,2,-5,0.25,2,-1.5
352,2,-5,0.25,2,-2
326,2,-5,0.25,3,-0.5
223,2,-5,0.25,3,-1
43,2,-5,0.25,3,-1.5
59,2,-5,0.25,3,-2
381,2,-5,0.25,4,-0.5
210,2,-5,0.25,4,-1
368,2,-5,0.25,4,-1.5
85,2,-5,0.25,4,-2
379,2,-5,0.25,5,-0.5
321,2,-5,0.25,5,-1
391,2,-5,0.25,5,-1.5
40,2,-5,0.25,5,-2
404,2,-5,0.75,1,-0.5
34,2,-5,0.75,1,-1
185,2,-5,0.75,1,-1.5
390,2,-5,0.75,1,-2
471,2,-5,0.75,2,-0.5
426,2,-5,0.75,2,-1
52,2,-5,0.75,2,-1.5
18,2,-5,0.75,2,-2
110,2,-5,0.75,3,-0.5
43,2,-5,0.75,3,-1
72,2,-5,0.75,3,-1.5
394,2,-5,0.75,3,-2
278,2,-5,0.75,4,-0.5
36,2,-5,0.75,4,-1
18,2,-5,0.75,4,-1.5
27,2,-5,0.75,4,-2
27,2,-5,0.75,5,-0.5
33,2,-5,0.75,5,-1
352,2,-5,0.75,5,-1.5
50,2,-5,0.75,5,-2
59,2,-5,1.25,1,-0.5
21,2,-5,1.25,1,-1
60,2,-5,1.25,1,-1.5
26,2,-5,1.25,1,-2
54,2,-5,1.25,2,-0.5
100,2,-5,1.25,2,-1
20,2,-5,1.25,2,-1.5
40,2,-5,1.25,2,-2
140,2,-5,1.25,3,-0.5
25,2,-5,1.25,3,-1
25,2,-5,1.25,3,-1.5
24,2,-5,1.25,3,-2
33,2,-5,1.25,4,-0.5
42,2,-5,1.25,4,-1
54,2,-5,1.25,4,-1.5
42,2,-5,1.25,4,-2
28,2,-5,1.25,5,-0.5
16,2,-5,1.25,5,-1
218,2,-5,1.25,5,-1.5
48,2,-5,1.25,5,-2
45,2,-5,1.75,1,-0.5
44,2,-5,1.75,1,-1
24,2,-5,1.75,1,-1.5
24,2,-5,1.75,1,-2
38,2,-5,1.75,2,-0.5
41,2,-5,1.75,2,-1
55,2,-5,1.75,2,-1.5
36,2,-5,1.75,2,-2
28,2,-5,1.75,3,-0.5
23,2,-5,1.75,3,-1
40,2,-5,1.75,3,-1.5
33,2,-5,1.75,3,-2
56,2,-5,1.75,4,-0.5
40,2,-5,1.75,4,-1
24,2,-5,1.75,4,-1.5
36,2,-5,1.75,4,-2
24,2,-5,1.75,5,-0.5
43,2,-5,1.75,5,-1
29,2,-5,1.75,5,-1.5
382,2,-5,1.75,5,-2
100,3,-1,0.25,1,-0.5
115,3,-1,0.25,1,-1
101,3,-1,0.25,1,-1.5
50,3,-1,0.25,1,-2
108,3,-1,0.25,2,-0.5
132,3,-1,0.25,2,-1
74,3,-1,0.25,2,-1.5
58,3,-1,0.25,2,-2
107,3,-1,0.25,3,-0.5
107,3,-1,0.25,3,-1
72,3,-1,0.25,3,-1.5
59,3,-1,0.25,3,-2
126,3,-1,0.25,4,-0.5
105,3,-1,0.25,4,-1
103,3,-1,0.25,4,-1.5
73,3,-1,0.25,4,-2
131,3,-1,0.25,5,-0.5
115,3,-1,0.25,5,-1
87,3,-1,0.25,5,-1.5
33,3,-1,0.25,5,-2
68,3,-1,0.75,1,-0.5
49,3,-1,0.75,1,-1
42,3,-1,0.75,1,-1.5
41,3,-1,0.75,1,-2
64,3,-1,0.75,2,-0.5
50,3,-1,0.75,2,-1
51,3,-1,0.75,2,-1.5
57,3,-1,0.75,2,-2
80,3,-1,0.75,3,-0.5
42,3,-1,0.75,3,-1
62,3,-1,0.75,3,-1.5
27,3,-1,0.75,3,-2
58,3,-1,0.75,4,-0.5
87,3,-1,0.75,4,-1
45,3,-1,0.75,4,-1.5
26,3,-1,0.75,4,-2
65,3,-1,0.75,5,-0.5
39,3,-1,0.75,5,-1
86,3,-1,0.75,5,-1.5
43,3,-1,0.75,5,-2
84,3,-1,1.25,1,-0.5
54,3,-1,1.25,1,-1
57,3,-1,1.25,1,-1.5
37,3,-1,1.25,1,-2
100,3,-1,1.25,2,-0.5
58,3,-1,1.25,2,-1
47,3,-1,1.25,2,-1.5
41,3,-1,1.25,2,-2
75,3,-1,1.25,3,-0.5
61,3,-1,1.25,3,-1
64,3,-1,1.25,3,-1.5
93,3,-1,1.25,3,-2
85,3,-1,1.25,4,-0.5
66,3,-1,1.25,4,-1
37,3,-1,1.25,4,-1.5
67,3,-1,1.25,4,-2
84,3,-1,1.25,5,-0.5
56,3,-1,1.25,5,-1
37,3,-1,1.25,5,-1.5
41,3,-1,1.25,5,-2
117,3,-1,1.75,1,-0.5
79,3,-1,1.75,1,-1
67,3,-1,1.75,1,-1.5
62,3,-1,1.75,1,-2
144,3,-1,1.75,2,-0.5
119,3,-1,1.75,2,-1
64,3,-1,1.75,2,-1.5
75,3,-1,1.75,2,-2
92,3,-1,1.75,3,-0.5
105,3,-1,1.75,3,-1
35,3,-1,1.75,3,-1.5
73,3,-1,1.75,3,-2
109,3,-1,1.75,4,-0.5
55,3,-1,1.75,4,-1
74,3,-1,1.75,4,-1.5
82,3,-1,1.75,4,-2
120,3,-1,1.75,5,-0.5
120,3,-1,1.75,5,-1
67,3,-1,1.75,5,-1.5
73,3,-1,1.75,5,-2
388,3,-2,0.25,1,-0.5
447,3,-2,0.25,1,-1
97,3,-2,0.25,1,-1.5
77,3,-2,0.25,1,-2
197,3,-2,0.25,2,-0.5
435,3,-2,0.25,2,-1
371,3,-2,0.25,2,-1.5
246,3,-2,0.25,2,-2
134,3,-2,0.25,3,-0.5
47,3,-2,0.25,3,-1
131,3,-2,0.25,3,-1.5
123,3,-2,0.25,3,-2
88,3,-2,0.25,4,-0.5
46,3,-2,0.25,4,-1
136,3,-2,0.25,4,-1.5
139,3,-2,0.25,4,-2
104,3,-2,0.25,5,-0.5
133,3,-2,0.25,5,-1
75,3,-2,0.25,5,-1.5
128,3,-2,0.25,5,-2
108,3,-2,0.75,1,-0.5
37,3,-2,0.75,1,-1
68,3,-2,0.75,1,-1.5
21,3,-2,0.75,1,-2
44,3,-2,0.75,2,-0.5
153,3,-2,0.75,2,-1
26,3,-2,0.75,2,-1.5
21,3,-2,0.75,2,-2
39,3,-2,0.75,3,-0.5
19,3,-2,0.75,3,-1
24,3,-2,0.75,3,-1.5
37,3,-2,0.75,3,-2
126,3,-2,0.75,4,-0.5
73,3,-2,0.75,4,-1
19,3,-2,0.75,4,-1.5
42,3,-2,0.75,4,-2
59,3,-2,0.75,5,-0.5
40,3,-2,0.75,5,-1
50,3,-2,0.75,5,-1.5
46,3,-2,0.75,5,-2
47,3,-2,1.25,1,-0.5
20,3,-2,1.25,1,-1
40,3,-2,1.25,1,-1.5
38,3,-2,1.25,1,-2
55,3,-2,1.25,2,-0.5
50,3,-2,1.25,2,-1
20,3,-2,1.25,2,-1.5
42,3,-2,1.25,2,-2
62,3,-2,1.25,3,-0.5
40,3,-2,1.25,3,-1
20,3,-2,1.25,3,-1.5
34,3,-2,1.25,3,-2
20,3,-2,1.25,4,-0.5
58,3,-2,1.25,4,-1
34,3,-2,1.25,4,-1.5
30,3,-2,1.25,4,-2
48,3,-2,1.25,5,-0.5
49,3,-2,1.25,5,-1
52,3,-2,1.25,5,-1.5
52,3,-2,1.25,5,-2
105,3,-2,1.75,1,-0.5
66,3,-2,1.75,1,-1
54,3,-2,1.75,1,-1.5
63,3,-2,1.75,1,-2
73,3,-2,1.75,2,-0.5
90,3,-2,1.75,2,-1
53,3,-2,1.75,2,-1.5
49,3,-2,1.75,2,-2
43,3,-2,1.75,3,-0.5
35,3,-2,1.75,3,-1
23,3,-2,1.75,3,-1.5
58,3,-2,1.75,3,-2
61,3,-2,1.75,4,-0.5
43,3,-2,1.75,4,-1
60,3,-2,1.75,4,-1.5
23,3,-2,1.75,4,-2
72,3,-2,1.75,5,-0.5
46,3,-2,1.75,5,-1
82,3,-2,1.75,5,-1.5
55,3,-2,1.75,5,-2
346,3,-3,0.25,1,-0.5
212,3,-3,0.25,1,-1
169,3,-3,0.25,1,-1.5
156,3,-3,0.25,1,-2
306,3,-3,0.25,2,-0.5
174,3,-3,0.25,2,-1
98,3,-3,0.25,2,-1.5
107,3,-3,0.25,2,-2
415,3,-3,0.25,3,-0.5
382,3,-3,0.25,3,-1
351,3,-3,0.25,3,-1.5
72,3,-3,0.25,3,-2
218,3,-3,0.25,4,-0.5
161,3,-3,0.25,4,-1
110,3,-3,0.25,4,-1.5
264,3,-3,0.25,4,-2
196,3,-3,0.25,5,-0.5
293,3,-3,0.25,5,-1
106,3,-3,0.25,5,-1.5
255,3,-3,0.25,5,-2
62,3,-3,0.75,1,-0.5
24,3,-3,0.75,1,-1
29,3,-3,0.75,1,-1.5
32,3,-3,0.75,1,-2
56,3,-3,0.75,2,-0.5
282,3,-3,0.75,2,-1
26,3,-3,0.75,2,-1.5
53,3,-3,0.75,2,-2
230,3,-3,0.75,3,-0.5
37,3,-3,0.75,3,-1
28,3,-3,0.75,3,-1.5
46,3,-3,0.75,3,-2
36,3,-3,0.75,4,-0.5
25,3,-3,0.75,4,-1
27,3,-3,0.75,4,-1.5
28,3,-3,0.75,4,-2
66,3,-3,0.75,5,-0.5
29,3,-3,0.75,5,-1
40,3,-3,0.75,5,-1.5
45,3,-3,0.75,5,-2
47,3,-3,1.25,1,-0.5
20,3,-3,1.25,1,-1
21,3,-3,1.25,1,-1.5
23,3,-3,1.25,1,-2
74,3,-3,1.25,2,-0.5
34,3,-3,1.25,2,-1
17,3,-3,1.25,2,-1.5
20,3,-3,1.25,2,-2
22,3,-3,1.25,3,-0.5
19,3,-3,1.25,3,-1
18,3,-3,1.25,3,-1.5
43,3,-3,1.25,3,-2
39,3,-3,1.25,4,-0.5
31,3,-3,1.25,4,-1
16,3,-3,1.25,4,-1.5
45,3,-3,1.25,4,-2
41,3,-3,1.25,5,-0.5
27,3,-3,1.25,5,-1
31,3,-3,1.25,5,-1.5
17,3,-3,1.25,5,-2
81,3,-3,1.75,1,-0.5
51,3,-3,1.75,1,-1
37,3,-3,1.75,1,-1.5
38,3,-3,1.75,1,-2
47,3,-3,1.75,2,-0.5
22,3,-3,1.75,2,-1
28,3,-3,1.75,2,-1.5
51,3,-3,1.75,2,-2
208,3,-3,1.75,3,-0.5
29,3,-3,1.75,3,-1
22,3,-3,1.75,3,-1.5
31,3,-3,1.75,3,-2
57,3,-3,1.75,4,-0.5
26,3,-3,1.75,4,-1
25,3,-3,1.75,4,-1.5
20,3,-3,1.75,4,-2
32,3,-3,1.75,5,-0.5
28,3,-3,1.75,5,-1
33,3,-3,1.75,5,-1.5
23,3,-3,1.75,5,-2
360,3,-4,0.25,1,-0.5
381,3,-4,0.25,1,-1
117,3,-4,0.25,1,-1.5
311,3,-4,0.25,1,-2
347,3,-4,0.25,2,-0.5
122,3,-4,0.25,2,-1
213,3,-4,0.25,2,-1.5
88,3,-4,0.25,2,-2
382,3,-4,0.25,3,-0.5
99,3,-4,0.25,3,-1
161,3,-4,0.25,3,-1.5
21,3,-4,0.25,3,-2
270,3,-4,0.25,4,-0.5
80,3,-4,0.25,4,-1
58,3,-4,0.25,4,-1.5
377,3,-4,0.25,4,-2
329,3,-4,0.25,5,-0.5
363,3,-4,0.25,5,-1
154,3,-4,0.25,5,-1.5
477,3,-4,0.25,5,-2
288,3,-4,0.75,1,-0.5
38,3,-4,0.75,1,-1
243,3,-4,0.75,1,-1.5
24,3,-4,0.75,1,-2
44,3,-4,0.75,2,-0.5
27,3,-4,0.75,2,-1
351,3,-4,0.75,2,-1.5
34,3,-4,0.75,2,-2
366,3,-4,0.75,3,-0.5
60,3,-4,0.75,3,-1
285,3,-4,0.75,3,-1.5
25,3,-4,0.75,3,-2
39,3,-4,0.75,4,-0.5
30,3,-4,0.75,4,-1
99,3,-4,0.75,4,-1.5
19,3,-4,0.75,4,-2
134,3,-4,0.75,5,-0.5
34,3,-4,0.75,5,-1
289,3,-4,0.75,5,-1.5
38,3,-4,0.75,5,-2
45,3,-4,1.25,1,-0.5
41,3,-4,1.25,1,-1
43,3,-4,1.25,1,-1.5
43,3,-4,1.25,1,-2
36,3,-4,1.25,2,-0.5
38,3,-4,1.25,2,-1
23,3,-4,1.25,2,-1.5
35,3,-4,1.25,2,-2
23,3,-4,1.25,3,-0.5
17,3,-4,1.25,3,-1
31,3,-4,1.25,3,-1.5
26,3,-4,1.25,3,-2
20,3,-4,1.25,4,-0.5
16,3,-4,1.25,4,-1
24,3,-4,1.25,4,-1.5
17,3,-4,1.25,4,-2
28,3,-4,1.25,5,-0.5
44,3,-4,1.25,5,-1
26,3,-4,1.25,5,-1.5
34,3,-4,1.25,5,-2
68,3,-4,1.75,1,-0.5
28,3,-4,1.75,1,-1
83,3,-4,1.75,1,-1.5
21,3,-4,1.75,1,-2
61,3,-4,1.75,2,-0.5
23,3,-4,1.75,2,-1
37,3,-4,1.75,2,-1.5
44,3,-4,1.75,2,-2
41,3,-4,1.75,3,-0.5
43,3,-4,1.75,3,-1
23,3,-4,1.75,3,-1.5
29,3,-4,1.75,3,-2
43,3,-4,1.75,4,-0.5
22,3,-4,1.75,4,-1
37,3,-4,1.75,4,-1.5
20,3,-4,1.75,4,-2
113,3,-4,1.75,5,-0.5
27,3,-4,1.75,5,-1
25,3,-4,1.75,5,-1.5
30,3,-4,1.75,5,-2
364,3,-5,0.25,1,-0.5
480,3,-5,0.25,1,-1
121,3,-5,0.25,1,-1.5
230,3,-5,0.25,1,-2
425,3,-5,0.25,2,-0.5
151,3,-5,0.25,2,-1
249,3,-5,0.25,2,-1.5
230,3,-5,0.25,2,-2
403,3,-5,0.25,3,-0.5
116,3,-5,0.25,3,-1
102,3,-5,0.25,3,-1.5
61,3,-5,0.25,3,-2
305,3,-5,0.25,4,-0.5
290,3,-5,0.25,4,-1
246,3,-5,0.25,4,-1.5
103,3,-5,0.25,4,-2
305,3,-5,0.25,5,-0.5
348,3,-5,0.25,5,-1
43,3,-5,0.25,5,-1.5
227,3,-5,0.25,5,-2
429,3,-5,0.75,1,-0.5
130,3,-5,0.75,1,-1
22,3,-5,0.75,1,-1.5
134,3,-5,0.75,1,-2
59,3,-5,0.75,2,-0.5
243,3,-5,0.75,2,-1
62,3,-5,0.75,2,-1.5
209,3,-5,0.75,2,-2
56,3,-5,0.75,3,-0.5
51,3,-5,0.75,3,-1
261,3,-5,0.75,3,-1.5
18,3,-5,0.75,3,-2
164,3,-5,0.75,4,-0.5
102,3,-5,0.75,4,-1
62,3,-5,0.75,4,-1.5
104,3,-5,0.75,4,-2
355,3,-5,0.75,5,-0.5
49,3,-5,0.75,5,-1
178,3,-5,0.75,5,-1.5
32,3,-5,0.75,5,-2
62,3,-5,1.25,1,-0.5
53,3,-5,1.25,1,-1
25,3,-5,1.25,1,-1.5
44,3,-5,1.25,1,-2
58,3,-5,1.25,2,-0.5
18,3,-5,1.25,2,-1
26,3,-5,1.25,2,-1.5
55,3,-5,1.25,2,-2
21,3,-5,1.25,3,-0.5
22,3,-5,1.25,3,-1
55,3,-5,1.25,3,-1.5
47,3,-5,1.25,3,-2
38,3,-5,1.25,4,-0.5
36,3,-5,1.25,4,-1
25,3,-5,1.25,4,-1.5
26,3,-5,1.25,4,-2
88,3,-5,1.25,5,-0.5
24,3,-5,1.25,5,-1
54,3,-5,1.25,5,-1.5
51,3,-5,1.25,5,-2
72,3,-5,1.75,1,-0.5
578,3,-5,1.75,1,-1
26,3,-5,1.75,1,-1.5
26,3,-5,1.75,1,-2
30,3,-5,1.75,2,-0.5
26,3,-5,1.75,2,-1
26,3,-5,1.75,2,-1.5
36,3,-5,1.75,2,-2
558,3,-5,1.75,3,-0.5
25,3,-5,1.75,3,-1
20,3,-5,1.75,3,-1.5
31,3,-5,1.75,3,-2
25,3,-5,1.75,4,-0.5
27,3,-5,1.75,4,-1
25,3,-5,1.75,4,-1.5
24,3,-5,1.75,4,-2
38,3,-5,1.75,5,-0.5
17,3,-5,1.75,5,-1
38,3,-5,1.75,5,-1.5
27,3,-5,1.75,5,-2
229,4,-1,0.25,1,-0.5
128,4,-1,0.25,1,-1
125,4,-1,0.25,1,-1.5
131,4,-1,0.25,1,-2
256,4,-1,0.25,2,-0.5
193,4,-1,0.25,2,-1
107,4,-1,0.25,2,-1.5
47,4,-1,0.25,2,-2
146,4,-1,0.25,3,-0.5
63,4,-1,0.25,3,-1
132,4,-1,0.25,3,-1.5
63,4,-1,0.25,3,-2
126,4,-1,0.25,4,-0.5
122,4,-1,0.25,4,-1
97,4,-1,0.25,4,-1.5
123,4,-1,0.25,4,-2
138,4,-1,0.25,5,-0.5
101,4,-1,0.25,5,-1
67,4,-1,0.25,5,-1.5
122,4,-1,0.25,5,-2
100,4,-1,0.75,1,-0.5
92,4,-1,0.75,1,-1
61,4,-1,0.75,1,-1.5
52,4,-1,0.75,1,-2
63,4,-1,0.75,2,-0.5
37,4,-1,0.75,2,-1
31,4,-1,0.75,2,-1.5
60,4,-1,0.75,2,-2
87,4,-1,0.75,3,-0.5
75,4,-1,0.75,3,-1
55,4,-1,0.75,3,-1.5
63,4,-1,0.75,3,-2
78,4,-1,0.75,4,-0.5
57,4,-1,0.75,4,-1
61,4,-1,0.75,4,-1.5
45,4,-1,0.75,4,-2
52,4,-1,0.75,5,-0.5
61,4,-1,0.75,5,-1
78,4,-1,0.75,5,-1.5
94,4,-1,0.75,5,-2
92,4,-1,1.25,1,-0.5
56,4,-1,1.25,1,-1
86,4,-1,1.25,1,-1.5
48,4,-1,1.25,1,-2
90,4,-1,1.25,2,-0.5
79,4,-1,1.25,2,-1
32,4,-1,1.25,2,-1.5
56,4,-1,1.25,2,-2
112,4,-1,1.25,3,-0.5
71,4,-1,1.25,3,-1
66,4,-1,1.25,3,-1.5
77,4,-1,1.25,3,-2
75,4,-1,1.25,4,-0.5
63,4,-1,1.25,4,-1
53,4,-1,1.25,4,-1.5
54,4,-1,1.25,4,-2
72,4,-1,1.25,5,-0.5
42,4,-1,1.25,5,-1
26,4,-1,1.25,5,-1.5
44,4,-1,1.25,5,-2
137,4,-1,1.75,1,-0.5
91,4,-1,1.75,1,-1
103,4,-1,1.75,1,-1.5
50,4,-1,1.75,1,-2
114,4,-1,1.75,2,-0.5
81,4,-1,1.75,2,-1
86,4,-1,1.75,2,-1.5
72,4,-1,1.75,2,-2
107,4,-1,1.75,3,-0.5
78,4,-1,1.75,3,-1
59,4,-1,1.75,3,-1.5
66,4,-1,1.75,3,-2
83,4,-1,1.75,4,-0.5
94,4,-1,1.75,4,-1
69,4,-1,1.75,4,-1.5
66,4,-1,1.75,4,-2
100,4,-1,1.75,5,-0.5
44,4,-1,1.75,5,-1
61,4,-1,1.75,5,-1.5
51,4,-1,1.75,5,-2
146,4,-2,0.25,1,-0.5
401,4,-2,0.25,1,-1
116,4,-2,0.25,1,-1.5
388,4,-2,0.25,1,-2
169,4,-2,0.25,2,-0.5
177,4,-2,0.25,2,-1
188,4,-2,0.25,2,-1.5
223,4,-2,0.25,2,-2
314,4,-2,0.25,3,-0.5
130,4,-2,0.25,3,-1
364,4,-2,0.25,3,-1.5
113,4,-2,0.25,3,-2
185,4,-2,0.25,4,-0.5
416,4,-2,0.25,4,-1
114,4,-2,0.25,4,-1.5
135,4,-2,0.25,4,-2
139,4,-2,0.25,5,-0.5
149,4,-2,0.25,5,-1
74,4,-2,0.25,5,-1.5
187,4,-2,0.25,5,-2
77,4,-2,0.75,1,-0.5
188,4,-2,0.75,1,-1
84,4,-2,0.75,1,-1.5
43,4,-2,0.75,1,-2
142,4,-2,0.75,2,-0.5
157,4,-2,0.75,2,-1
63,4,-2,0.75,2,-1.5
18,4,-2,0.75,2,-2
125,4,-2,0.75,3,-0.5
80,4,-2,0.75,3,-1
27,4,-2,0.75,3,-1.5
45,4,-2,0.75,3,-2
93,4,-2,0.75,4,-0.5
52,4,-2,0.75,4,-1
40,4,-2,0.75,4,-1.5
43,4,-2,0.75,4,-2
51,4,-2,0.75,5,-0.5
53,4,-2,0.75,5,-1
58,4,-2,0.75,5,-1.5
37,4,-2,0.75,5,-2
85,4,-2,1.25,1,-0.5
58,4,-2,1.25,1,-1
43,4,-2,1.25,1,-1.5
28,4,-2,1.25,1,-2
29,4,-2,1.25,2,-0.5
46,4,-2,1.25,2,-1
24,4,-2,1.25,2,-1.5
30,4,-2,1.25,2,-2
62,4,-2,1.25,3,-0.5
32,4,-2,1.25,3,-1
34,4,-2,1.25,3,-1.5
34,4,-2,1.25,3,-2
32,4,-2,1.25,4,-0.5
69,4,-2,1.25,4,-1
48,4,-2,1.25,4,-1.5
54,4,-2,1.25,4,-2
48,4,-2,1.25,5,-0.5
28,4,-2,1.25,5,-1
53,4,-2,1.25,5,-1.5
29,4,-2,1.25,5,-2
83,4,-2,1.75,1,-0.5
60,4,-2,1.75,1,-1
38,4,-2,1.75,1,-1.5
30,4,-2,1.75,1,-2
41,4,-2,1.75,2,-0.5
54,4,-2,1.75,2,-1
56,4,-2,1.75,2,-1.5
37,4,-2,1.75,2,-2
62,4,-2,1.75,3,-0.5
51,4,-2,1.75,3,-1
28,4,-2,1.75,3,-1.5
39,4,-2,1.75,3,-2
58,4,-2,1.75,4,-0.5
73,4,-2,1.75,4,-1
41,4,-2,1.75,4,-1.5
35,4,-2,1.75,4,-2
48,4,-2,1.75,5,-0.5
57,4,-2,1.75,5,-1
42,4,-2,1.75,5,-1.5
58,4,-2,1.75,5,-2
383,4,-3,0.25,1,-0.5
184,4,-3,0.25,1,-1
117,4,-3,0.25,1,-1.5
398,4,-3,0.25,1,-2
383,4,-3,0.25,2,-0.5
145,4,-3,0.25,2,-1
275,4,-3,0.25,2,-1.5
398,4,-3,0.25,2,-2
446,4,-3,0.25,3,-0.5
398,4,-3,0.25,3,-1
210,4,-3,0.25,3,-1.5
370,4,-3,0.25,3,-2
169,4,-3,0.25,4,-0.5
125,4,-3,0.25,4,-1
258,4,-3,0.25,4,-1.5
334,4,-3,0.25,4,-2
206,4,-3,0.25,5,-0.5
254,4,-3,0.25,5,-1
324,4,-3,0.25,5,-1.5
71,4,-3,0.25,5,-2
309,4,-3,0.75,1,-0.5
81,4,-3,0.75,1,-1
60,4,-3,0.75,1,-1.5
191,4,-3,0.75,1,-2
66,4,-3,0.75,2,-0.5
498,4,-3,0.75,2,-1
27,4,-3,0.75,2,-1.5
31,4,-3,0.75,2,-2
111,4,-3,0.75,3,-0.5
110,4,-3,0.75,3,-1
56,4,-3,0.75,3,-1.5
28,4,-3,0.75,3,-2
187,4,-3,0.75,4,-0.5
59,4,-3,0.75,4,-1
24,4,-3,0.75,4,-1.5
116,4,-3,0.75,4,-2
126,4,-3,0.75,5,-0.5
57,4,-3,0.75,5,-1
63,4,-3,0.75,5,-1.5
62,4,-3,0.75,5,-2
66,4,-3,1.25,1,-0.5
70,4,-3,1.25,1,-1
59,4,-3,1.25,1,-1.5
43,4,-3,1.25,1,-2
48,4,-3,1.25,2,-0.5
36,4,-3,1.25,2,-1
31,4,-3,1.25,2,-1.5
47,4,-3,1.25,2,-2
26,4,-3,1.25,3,-0.5
24,4,-3,1.25,3,-1
14,4,-3,1.25,3,-1.5
46,4,-3,1.25,3,-2
43,4,-3,1.25,4,-0.5
33,4,-3,1.25,4,-1
49,4,-3,1.25,4,-1.5
104,4,-3,1.25,4,-2
43,4,-3,1.25,5,-0.5
64,4,-3,1.25,5,-1
28,4,-3,1.25,5,-1.5
38,4,-3,1.25,5,-2
46,4,-3,1.75,1,-0.5
36,4,-3,1.75,1,-1
25,4,-3,1.75,1,-1.5
40,4,-3,1.75,1,-2
59,4,-3,1.75,2,-0.5
33,4,-3,1.75,2,-1
29,4,-3,1.75,2,-1.5
57,4,-3,1.75,2,-2
103,4,-3,1.75,3,-0.5
18,4,-3,1.75,3,-1
28,4,-3,1.75,3,-1.5
27,4,-3,1.75,3,-2
73,4,-3,1.75,4,-0.5
28,4,-3,1.75,4,-1
32,4,-3,1.75,4,-1.5
24,4,-3,1.75,4,-2
74,4,-3,1.75,5,-0.5
46,4,-3,1.75,5,-1
43,4,-3,1.75,5,-1.5
31,4,-3,1.75,5,-2
556,4,-4,0.25,1,-0.5
192,4,-4,0.25,1,-1
174,4,-4,0.25,1,-1.5
35,4,-4,0.25,1,-2
492,4,-4,0.25,2,-0.5
357,4,-4,0.25,2,-1
355,4,-4,0.25,2,-1.5
76,4,-4,0.25,2,-2
264,4,-4,0.25,3,-0.5
520,4,-4,0.25,3,-1
355,4,-4,0.25,3,-1.5
167,4,-4,0.25,3,-2
161,4,-4,0.25,4,-0.5
520,4,-4,0.25,4,-1
355,4,-4,0.25,4,-1.5
147,4,-4,0.25,4,-2
127,4,-4,0.25,5,-0.5
218,4,-4,0.25,5,-1
473,4,-4,0.25,5,-1.5
341,4,-4,0.25,5,-2
97,4,-4,0.75,1,-0.5
61,4,-4,0.75,1,-1
132,4,-4,0.75,1,-1.5
27,4,-4,0.75,1,-2
379,4,-4,0.75,2,-0.5
37,4,-4,0.75,2,-1
159,4,-4,0.75,2,-1.5
44,4,-4,0.75,2,-2
100,4,-4,0.75,3,-0.5
389,4,-4,0.75,3,-1
473,4,-4,0.75,3,-1.5
62,4,-4,0.75,3,-2
40,4,-4,0.75,4,-0.5
77,4,-4,0.75,4,-1
473,4,-4,0.75,4,-1.5
467,4,-4,0.75,4,-2
132,4,-4,0.75,5,-0.5
295,4,-4,0.75,5,-1
16,4,-4,0.75,5,-1.5
61,4,-4,0.75,5,-2
68,4,-4,1.25,1,-0.5
45,4,-4,1.25,1,-1
21,4,-4,1.25,1,-1.5
37,4,-4,1.25,1,-2
36,4,-4,1.25,2,-0.5
46,4,-4,1.25,2,-1
37,4,-4,1.25,2,-1.5
33,4,-4,1.25,2,-2
263,4,-4,1.25,3,-0.5
37,4,-4,1.25,3,-1
503,4,-4,1.25,3,-1.5
24,4,-4,1.25,3,-2
38,4,-4,1.25,4,-0.5
162,4,-4,1.25,4,-1
25,4,-4,1.25,4,-1.5
24,4,-4,1.25,4,-2
69,4,-4,1.25,5,-0.5
67,4,-4,1.25,5,-1
28,4,-4,1.25,5,-1.5
24,4,-4,1.25,5,-2
83,4,-4,1.75,1,-0.5
44,4,-4,1.75,1,-1
45,4,-4,1.75,1,-1.5
26,4,-4,1.75,1,-2
67,4,-4,1.75,2,-0.5
32,4,-4,1.75,2,-1
20,4,-4,1.75,2,-1.5
29,4,-4,1.75,2,-2
25,4,-4,1.75,3,-0.5
53,4,-4,1.75,3,-1
22,4,-4,1.75,3,-1.5
33,4,-4,1.75,3,-2
35,4,-4,1.75,4,-0.5
39,4,-4,1.75,4,-1
32,4,-4,1.75,4,-1.5
18,4,-4,1.75,4,-2
45,4,-4,1.75,5,-0.5
33,4,-4,1.75,5,-1
26,4,-4,1.75,5,-1.5
27,4,-4,1.75,5,-2
452,4,-5,0.25,1,-0.5
202,4,-5,0.25,1,-1
167,4,-5,0.25,1,-1.5
251,4,-5,0.25,1,-2
280,4,-5,0.25,2,-0.5
72,4,-5,0.25,2,-1
266,4,-5,0.25,2,-1.5
247,4,-5,0.25,2,-2
84,4,-5,0.25,3,-0.5
388,4,-5,0.25,3,-1
54,4,-5,0.25,3,-1.5
408,4,-5,0.25,3,-2
461,4,-5,0.25,4,-0.5
393,4,-5,0.25,4,-1
165,4,-5,0.25,4,-1.5
145,4,-5,0.25,4,-2
149,4,-5,0.25,5,-0.5
350,4,-5,0.25,5,-1
199,4,-5,0.25,5,-1.5
151,4,-5,0.25,5,-2
237,4,-5,0.75,1,-0.5
233,4,-5,0.75,1,-1
466,4,-5,0.75,1,-1.5
213,4,-5,0.75,1,-2
521,4,-5,0.75,2,-0.5
84,4,-5,0.75,2,-1
359,4,-5,0.75,2,-1.5
64,4,-5,0.75,2,-2
372,4,-5,0.75,3,-0.5
93,4,-5,0.75,3,-1
476,4,-5,0.75,3,-1.5
138,4,-5,0.75,3,-2
118,4,-5,0.75,4,-0.5
40,4,-5,0.75,4,-1
163,4,-5,0.75,4,-1.5
195,4,-5,0.75,4,-2
117,4,-5,0.75,5,-0.5
35,4,-5,0.75,5,-1
43,4,-5,0.75,5,-1.5
103,4,-5,0.75,5,-2
134,4,-5,1.25,1,-0.5
64,4,-5,1.25,1,-1
42,4,-5,1.25,1,-1.5
36,4,-5,1.25,1,-2
49,4,-5,1.25,2,-0.5
118,4,-5,1.25,2,-1
75,4,-5,1.25,2,-1.5
24,4,-5,1.25,2,-2
64,4,-5,1.25,3,-0.5
19,4,-5,1.25,3,-1
24,4,-5,1.25,3,-1.5
28,4,-5,1.25,3,-2
33,4,-5,1.25,4,-0.5
49,4,-5,1.25,4,-1
209,4,-5,1.25,4,-1.5
104,4,-5,1.25,4,-2
93,4,-5,1.25,5,-0.5
19,4,-5,1.25,5,-1
72,4,-5,1.25,5,-1.5
64,4,-5,1.25,5,-2
52,4,-5,1.75,1,-0.5
40,4,-5,1.75,1,-1
45,4,-5,1.75,1,-1.5
64,4,-5,1.75,1,-2
43,4,-5,1.75,2,-0.5
36,4,-5,1.75,2,-1
14,4,-5,1.75,2,-1.5
24,4,-5,1.75,2,-2
28,4,-5,1.75,3,-0.5
57,4,-5,1.75,3,-1
20,4,-5,1.75,3,-1.5
59,4,-5,1.75,3,-2
41,4,-5,1.75,4,-0.5
41,4,-5,1.75,4,-1
54,4,-5,1.75,4,-1.5
26,4,-5,1.75,4,-2
60,4,-5,1.75,5,-0.5
19,4,-5,1.75,5,-1
40,4,-5,1.75,5,-1.5
15,4,-5,1.75,5,-2
342,5,-1,0.25,1,-0.5
141,5,-1,0.25,1,-1
151,5,-1,0.25,1,-1.5
125,5,-1,0.25,1,-2
345,5,-1,0.25,2,-0.5
194,5,-1,0.25,2,-1
109,5,-1,0.25,2,-1.5
107,5,-1,0.25,2,-2
251,5,-1,0.25,3,-0.5
416,5,-1,0.25,3,-1
121,5,-1,0.25,3,-1.5
148,5,-1,0.25,3,-2
203,5,-1,0.25,4,-0.5
142,5,-1,0.25,4,-1
152,5,-1,0.25,4,-1.5
94,5,-1,0.25,4,-2
244,5,-1,0.25,5,-0.5
101,5,-1,0.25,5,-1
128,5,-1,0.25,5,-1.5
72,5,-1,0.25,5,-2
125,5,-1,0.75,1,-0.5
101,5,-1,0.75,1,-1
243,5,-1,0.75,1,-1.5
59,5,-1,0.75,1,-2
142,5,-1,0.75,2,-0.5
122,5,-1,0.75,2,-1
85,5,-1,0.75,2,-1.5
48,5,-1,0.75,2,-2
73,5,-1,0.75,3,-0.5
39,5,-1,0.75,3,-1
66,5,-1,0.75,3,-1.5
68,5,-1,0.75,3,-2
99,5,-1,0.75,4,-0.5
106,5,-1,0.75,4,-1
65,5,-1,0.75,4,-1.5
44,5,-1,0.75,4,-2
82,5,-1,0.75,5,-0.5
64,5,-1,0.75,5,-1
56,5,-1,0.75,5,-1.5
45,5,-1,0.75,5,-2
129,5,-1,1.25,1,-0.5
95,5,-1,1.25,1,-1
102,5,-1,1.25,1,-1.5
30,5,-1,1.25,1,-2
127,5,-1,1.25,2,-0.5
76,5,-1,1.25,2,-1
59,5,-1,1.25,2,-1.5
50,5,-1,1.25,2,-2
87,5,-1,1.25,3,-0.5
72,5,-1,1.25,3,-1
55,5,-1,1.25,3,-1.5
62,5,-1,1.25,3,-2
63,5,-1,1.25,4,-0.5
91,5,-1,1.25,4,-1
94,5,-1,1.25,4,-1.5
66,5,-1,1.25,4,-2
59,5,-1,1.25,5,-0.5
73,5,-1,1.25,5,-1
74,5,-1,1.25,5,-1.5
41,5,-1,1.25,5,-2
114,5,-1,1.75,1,-0.5
97,5,-1,1.75,1,-1
84,5,-1,1.75,1,-1.5
89,5,-1,1.75,1,-2
115,5,-1,1.75,2,-0.5
86,5,-1,1.75,2,-1
43,5,-1,1.75,2,-1.5
55,5,-1,1.75,2,-2
91,5,-1,1.75,3,-0.5
73,5,-1,1.75,3,-1
65,5,-1,1.75,3,-1.5
76,5,-1,1.75,3,-2
107,5,-1,1.75,4,-0.5
81,5,-1,1.75,4,-1
64,5,-1,1.75,4,-1.5
79,5,-1,1.75,4,-2
88,5,-1,1.75,5,-0.5
74,5,-1,1.75,5,-1
55,5,-1,1.75,5,-1.5
62,5,-1,1.75,5,-2
110,5,-2,0.25,1,-0.5
177,5,-2,0.25,1,-1
119,5,-2,0.25,1,-1.5
130,5,-2,0.25,1,-2
185,5,-2,0.25,2,-0.5
309,5,-2,0.25,2,-1
195,5,-2,0.25,2,-1.5
148,5,-2,0.25,2,-2
223,5,-2,0.25,3,-0.5
217,5,-2,0.25,3,-1
258,5,-2,0.25,3,-1.5
164,5,-2,0.25,3,-2
155,5,-2,0.25,4,-0.5
314,5,-2,0.25,4,-1
166,5,-2,0.25,4,-1.5
476,5,-2,0.25,4,-2
240,5,-2,0.25,5,-0.5
274,5,-2,0.25,5,-1
182,5,-2,0.25,5,-1.5
102,5,-2,0.25,5,-2
104,5,-2,0.75,1,-0.5
139,5,-2,0.75,1,-1
80,5,-2,0.75,1,-1.5
98,5,-2,0.75,1,-2
469,5,-2,0.75,2,-0.5
163,5,-2,0.75,2,-1
53,5,-2,0.75,2,-1.5
81,5,-2,0.75,2,-2
118,5,-2,0.75,3,-0.5
86,5,-2,0.75,3,-1
46,5,-2,0.75,3,-1.5
90,5,-2,0.75,3,-2
113,5,-2,0.75,4,-0.5
104,5,-2,0.75,4,-1
60,5,-2,0.75,4,-1.5
74,5,-2,0.75,4,-2
85,5,-2,0.75,5,-0.5
75,5,-2,0.75,5,-1
103,5,-2,0.75,5,-1.5
51,5,-2,0.75,5,-2
121,5,-2,1.25,1,-0.5
66,5,-2,1.25,1,-1
71,5,-2,1.25,1,-1.5
40,5,-2,1.25,1,-2
82,5,-2,1.25,2,-0.5
68,5,-2,1.25,2,-1
77,5,-2,1.25,2,-1.5
55,5,-2,1.25,2,-2
87,5,-2,1.25,3,-0.5
57,5,-2,1.25,3,-1
76,5,-2,1.25,3,-1.5
46,5,-2,1.25,3,-2
73,5,-2,1.25,4,-0.5
42,5,-2,1.25,4,-1
73,5,-2,1.25,4,-1.5
34,5,-2,1.25,4,-2
24,5,-2,1.25,5,-0.5
39,5,-2,1.25,5,-1
33,5,-2,1.25,5,-1.5
21,5,-2,1.25,5,-2
86,5,-2,1.75,1,-0.5
34,5,-2,1.75,1,-1
58,5,-2,1.75,1,-1.5
50,5,-2,1.75,1,-2
71,5,-2,1.75,2,-0.5
87,5,-2,1.75,2,-1
39,5,-2,1.75,2,-1.5
57,5,-2,1.75,2,-2
38,5,-2,1.75,3,-0.5
36,5,-2,1.75,3,-1
59,5,-2,1.75,3,-1.5
26,5,-2,1.75,3,-2
44,5,-2,1.75,4,-0.5
50,5,-2,1.75,4,-1
26,5,-2,1.75,4,-1.5
43,5,-2,1.75,4,-2
46,5,-2,1.75,5,-0.5
68,5,-2,1.75,5,-1
52,5,-2,1.75,5,-1.5
48,5,-2,1.75,5,-2
288,5,-3,0.25,1,-0.5
166,5,-3,0.25,1,-1
253,5,-3,0.25,1,-1.5
89,5,-3,0.25,1,-2
338,5,-3,0.25,2,-0.5
237,5,-3,0.25,2,-1
239,5,-3,0.25,2,-1.5
79,5,-3,0.25,2,-2
232,5,-3,0.25,3,-0.5
161,5,-3,0.25,3,-1
244,5,-3,0.25,3,-1.5
219,5,-3,0.25,3,-2
421,5,-3,0.25,4,-0.5
528,5,-3,0.25,4,-1
389,5,-3,0.25,4,-1.5
70,5,-3,0.25,4,-2
289,5,-3,0.25,5,-0.5
380,5,-3,0.25,5,-1
389,5,-3,0.25,5,-1.5
157,5,-3,0.25,5,-2
122,5,-3,0.75,1,-0.5
82,5,-3,0.75,1,-1
36,5,-3,0.75,1,-1.5
99,5,-3,0.75,1,-2
71,5,-3,0.75,2,-0.5
93,5,-3,0.75,2,-1
70,5,-3,0.75,2,-1.5
82,5,-3,0.75,2,-2
220,5,-3,0.75,3,-0.5
75,5,-3,0.75,3,-1
49,5,-3,0.75,3,-1.5
149,5,-3,0.75,3,-2
502,5,-3,0.75,4,-0.5
63,5,-3,0.75,4,-1
33,5,-3,0.75,4,-1.5
30,5,-3,0.75,4,-2
116,5,-3,0.75,5,-0.5
145,5,-3,0.75,5,-1
144,5,-3,0.75,5,-1.5
28,5,-3,0.75,5,-2
100,5,-3,1.25,1,-0.5
49,5,-3,1.25,1,-1
48,5,-3,1.25,1,-1.5
49,5,-3,1.25,1,-2
87,5,-3,1.25,2,-0.5
32,5,-3,1.25,2,-1
51,5,-3,1.25,2,-1.5
39,5,-3,1.25,2,-2
48,5,-3,1.25,3,-0.5
28,5,-3,1.25,3,-1
24,5,-3,1.25,3,-1.5
36,5,-3,1.25,3,-2
66,5,-3,1.25,4,-0.5
45,5,-3,1.25,4,-1
44,5,-3,1.25,4,-1.5
26,5,-3,1.25,4,-2
63,5,-3,1.25,5,-0.5
25,5,-3,1.25,5,-1
31,5,-3,1.25,5,-1.5
20,5,-3,1.25,5,-2
62,5,-3,1.75,1,-0.5
50,5,-3,1.75,1,-1
42,5,-3,1.75,1,-1.5
21,5,-3,1.75,1,-2
82,5,-3,1.75,2,-0.5
48,5,-3,1.75,2,-1
27,5,-3,1.75,2,-1.5
20,5,-3,1.75,2,-2
34,5,-3,1.75,3,-0.5
45,5,-3,1.75,3,-1
20,5,-3,1.75,3,-1.5
51,5,-3,1.75,3,-2
49,5,-3,1.75,4,-0.5
48,5,-3,1.75,4,-1
28,5,-3,1.75,4,-1.5
26,5,-3,1.75,4,-2
26,5,-3,1.75,5,-0.5
20,5,-3,1.75,5,-1
20,5,-3,1.75,5,-1.5
118,5,-3,1.75,5,-2
498,5,-4,0.25,1,-0.5
243,5,-4,0.25,1,-1
315,5,-4,0.25,1,-1.5
124,5,-4,0.25,1,-2
489,5,-4,0.25,2,-0.5
103,5,-4,0.25,2,-1
315,5,-4,0.25,2,-1.5
232,5,-4,0.25,2,-2
330,5,-4,0.25,3,-0.5
249,5,-4,0.25,3,-1
315,5,-4,0.25,3,-1.5
268,5,-4,0.25,3,-2
157,5,-4,0.25,4,-0.5
541,5,-4,0.25,4,-1
303,5,-4,0.25,4,-1.5
209,5,-4,0.25,4,-2
212,5,-4,0.25,5,-0.5
114,5,-4,0.25,5,-1
303,5,-4,0.25,5,-1.5
405,5,-4,0.25,5,-2
365,5,-4,0.75,1,-0.5
155,5,-4,0.75,1,-1
47,5,-4,0.75,1,-1.5
68,5,-4,0.75,1,-2
118,5,-4,0.75,2,-0.5
184,5,-4,0.75,2,-1
143,5,-4,0.75,2,-1.5
118,5,-4,0.75,2,-2
260,5,-4,0.75,3,-0.5
361,5,-4,0.75,3,-1
120,5,-4,0.75,3,-1.5
63,5,-4,0.75,3,-2
68,5,-4,0.75,4,-0.5
487,5,-4,0.75,4,-1
63,5,-4,0.75,4,-1.5
167,5,-4,0.75,4,-2
45,5,-4,0.75,5,-0.5
201,5,-4,0.75,5,-1
105,5,-4,0.75,5,-1.5
73,5,-4,0.75,5,-2
163,5,-4,1.25,1,-0.5
83,5,-4,1.25,1,-1
31,5,-4,1.25,1,-1.5
32,5,-4,1.25,1,-2
147,5,-4,1.25,2,-0.5
168,5,-4,1.25,2,-1
38,5,-4,1.25,2,-1.5
39,5,-4,1.25,2,-2
42,5,-4,1.25,3,-0.5
42,5,-4,1.25,3,-1
110,5,-4,1.25,3,-1.5
25,5,-4,1.25,3,-2
24,5,-4,1.25,4,-0.5
102,5,-4,1.25,4,-1
122,5,-4,1.25,4,-1.5
28,5,-4,1.25,4,-2
30,5,-4,1.25,5,-0.5
169,5,-4,1.25,5,-1
30,5,-4,1.25,5,-1.5
26,5,-4,1.25,5,-2
63,5,-4,1.75,1,-0.5
50,5,-4,1.75,1,-1
37,5,-4,1.75,1,-1.5
72,5,-4,1.75,1,-2
96,5,-4,1.75,2,-0.5
61,5,-4,1.75,2,-1
37,5,-4,1.75,2,-1.5
26,5,-4,1.75,2,-2
63,5,-4,1.75,3,-0.5
83,5,-4,1.75,3,-1
40,5,-4,1.75,3,-1.5
34,5,-4,1.75,3,-2
46,5,-4,1.75,4,-0.5
52,5,-4,1.75,4,-1
20,5,-4,1.75,4,-1.5
33,5,-4,1.75,4,-2
34,5,-4,1.75,5,-0.5
34,5,-4,1.75,5,-1
23,5,-4,1.75,5,-1.5
36,5,-4,1.75,5,-2
437,5,-5,0.25,1,-0.5
144,5,-5,0.25,1,-1
225,5,-5,0.25,1,-1.5
105,5,-5,0.25,1,-2
190,5,-5,0.25,2,-0.5
107,5,-5,0.25,2,-1
229,5,-5,0.25,2,-1.5
363,5,-5,0.25,2,-2
332,5,-5,0.25,3,-0.5
335,5,-5,0.25,3,-1
365,5,-5,0.25,3,-1.5
363,5,-5,0.25,3,-2
296,5,-5,0.25,4,-0.5
531,5,-5,0.25,4,-1
216,5,-5,0.25,4,-1.5
363,5,-5,0.25,4,-2
268,5,-5,0.25,5,-0.5
275,5,-5,0.25,5,-1
219,5,-5,0.25,5,-1.5
363,5,-5,0.25,5,-2
777,5,-5,0.75,1,-0.5
202,5,-5,0.75,1,-1
379,5,-5,0.75,1,-1.5
41,5,-5,0.75,1,-2
647,5,-5,0.75,2,-0.5
240,5,-5,0.75,2,-1
90,5,-5,0.75,2,-1.5
50,5,-5,0.75,2,-2
509,5,-5,0.75,3,-0.5
276,5,-5,0.75,3,-1
229,5,-5,0.75,3,-1.5
54,5,-5,0.75,3,-2
103,5,-5,0.75,4,-0.5
409,5,-5,0.75,4,-1
103,5,-5,0.75,4,-1.5
119,5,-5,0.75,4,-2
70,5,-5,0.75,5,-0.5
266,5,-5,0.75,5,-1
59,5,-5,0.75,5,-1.5
387,5,-5,0.75,5,-2
64,5,-5,1.25,1,-0.5
70,5,-5,1.25,1,-1
35,5,-5,1.25,1,-1.5
18,5,-5,1.25,1,-2
517,5,-5,1.25,2,-0.5
131,5,-5,1.25,2,-1
34,5,-5,1.25,2,-1.5
28,5,-5,1.25,2,-2
64,5,-5,1.25,3,-0.5
47,5,-5,1.25,3,-1
47,5,-5,1.25,3,-1.5
20,5,-5,1.25,3,-2
57,5,-5,1.25,4,-0.5
22,5,-5,1.25,4,-1
69,5,-5,1.25,4,-1.5
47,5,-5,1.25,4,-2
34,5,-5,1.25,5,-0.5
198,5,-5,1.25,5,-1
59,5,-5,1.25,5,-1.5
34,5,-5,1.25,5,-2
83,5,-5,1.75,1,-0.5
31,5,-5,1.75,1,-1
26,5,-5,1.75,1,-1.5
183,5,-5,1.75,1,-2
68,5,-5,1.75,2,-0.5
30,5,-5,1.75,2,-1
19,5,-5,1.75,2,-1.5
47,5,-5,1.75,2,-2
61,5,-5,1.75,3,-0.5
52,5,-5,1.75,3,-1
44,5,-5,1.75,3,-1.5
33,5,-5,1.75,3,-2
41,5,-5,1.75,4,-0.5
74,5,-5,1.75,4,-1
299,5,-5,1.75,4,-1.5
27,5,-5,1.75,4,-2
29,5,-5,1.75,5,-0.5
22,5,-5,1.75,5,-1
58,5,-5,1.75,5,-1.5
33,5,-5,1.75,5,-2
