67,1,-1,0.25,1,-0.5
23,1,-1,0.25,1,-1
34,1,-1,0.25,1,-1.5
30,1,-1,0.25,1,-2
35,1,-1,0.25,2,-0.5
26,1,-1,0.25,2,-1
24,1,-1,0.25,2,-1.5
25,1,-1,0.25,2,-2
39,1,-1,0.25,3,-0.5
37,1,-1,0.25,3,-1
50,1,-1,0.25,3,-1.5
44,1,-1,0.25,3,-2
57,1,-1,0.25,4,-0.5
71,1,-1,0.25,4,-1
58,1,-1,0.25,4,-1.5
40,1,-1,0.25,4,-2
54,1,-1,0.25,5,-0.5
46,1,-1,0.25,5,-1
61,1,-1,0.25,5,-1.5
56,1,-1,0.25,5,-2
23,1,-1,0.75,1,-0.5
42,1,-1,0.75,1,-1
45,1,-1,0.75,1,-1.5
77,1,-1,0.75,1,-2
51,1,-1,0.75,2,-0.5
27,1,-1,0.75,2,-1
63,1,-1,0.75,2,-1.5
64,1,-1,0.75,2,-2
53,1,-1,0.75,3,-0.5
35,1,-1,0.75,3,-1
46,1,-1,0.75,3,-1.5
53,1,-1,0.75,3,-2
64,1,-1,0.75,4,-0.5
57,1,-1,0.75,4,-1
39,1,-1,0.75,4,-1.5
60,1,-1,0.75,4,-2
58,1,-1,0.75,5,-0.5
58,1,-1,0.75,5,-1
69,1,-1,0.75,5,-1.5
73,1,-1,0.75,5,-2
111,1,-1,1.25,1,-0.5
114,1,-1,1.25,1,-1
70,1,-1,1.25,1,-1.5
83,1,-1,1.25,1,-2
95,1,-1,1.25,2,-0.5
90,1,-1,1.25,2,-1
83,1,-1,1.25,2,-1.5
99,1,-1,1.25,2,-2
94,1,-1,1.25,3,-0.5
80,1,-1,1.25,3,-1
86,1,-1,1.25,3,-1.5
88,1,-1,1.25,3,-2
84,1,-1,1.25,4,-0.5
48,1,-1,1.25,4,-1
126,1,-1,1.25,4,-1.5
117,1,-1,1.25,4,-2
99,1,-1,1.25,5,-0.5
95,1,-1,1.25,5,-1
97,1,-1,1.25,5,-1.5
96,1,-1,1.25,5,-2
151,1,-1,1.75,1,-0.5
131,1,-1,1.75,1,-1
134,1,-1,1.75,1,-1.5
105,1,-1,1.75,1,-2
161,1,-1,1.75,2,-0.5
124,1,-1,1.75,2,-1
140,1,-1,1.75,2,-1.5
121,1,-1,1.75,2,-2
144,1,-1,1.75,3,-0.5
160,1,-1,1.75,3,-1
90,1,-1,1.75,3,-1.5
106,1,-1,1.75,3,-2
139,1,-1,1.75,4,-0.5
122,1,-1,1.75,4,-1
121,1,-1,1.75,4,-1.5
107,1,-1,1.75,4,-2
137,1,-1,1.75,5,-0.5
128,1,-1,1.75,5,-1
115,1,-1,1.75,5,-1.5
99,1,-1,1.75,5,-2
31,1,-2,0.25,1,-0.5
20,1,-2,0.25,1,-1
59,1,-2,0.25,1,-1.5
30,1,-2,0.25,1,-2
27,1,-2,0.25,2,-0.5
224,1,-2,0.25,2,-1
16,1,-2,0.25,2,-1.5
24,1,-2,0.25,2,-2
77,1,-2,0.25,3,-0.5
93,1,-2,0.25,3,-1
49,1,-2,0.25,3,-1.5
55,1,-2,0.25,3,-2
40,1,-2,0.25,4,-0.5
71,1,-2,0.25,4,-1
35,1,-2,0.25,4,-1.5
47,1,-2,0.25,4,-2
131,1,-2,0.25,5,-0.5
420,1,-2,0.25,5,-1
158,1,-2,0.25,5,-1.5
80,1,-2,0.25,5,-2
25,1,-2,0.75,1,-0.5
14,1,-2,0.75,1,-1
16,1,-2,0.75,1,-1.5
32,1,-2,0.75,1,-2
22,1,-2,0.75,2,-0.5
17,1,-2,0.75,2,-1
48,1,-2,0.75,2,-1.5
30,1,-2,0.75,2,-2
23,1,-2,0.75,3,-0.5
90,1,-2,0.75,3,-1
28,1,-2,0.75,3,-1.5
49,1,-2,0.75,3,-2
21,1,-2,0.75,4,-0.5
35,1,-2,0.75,4,-1
45,1,-2,0.75,4,-1.5
36,1,-2,0.75,4,-2
38,1,-2,0.75,5,-0.5
55,1,-2,0.75,5,-1
41,1,-2,0.75,5,-1.5
34,1,-2,0.75,5,-2
68,1,-2,1.25,1,-0.5
51,1,-2,1.25,1,-1
48,1,-2,1.25,1,-1.5
25,1,-2,1.25,1,-2
62,1,-2,1.25,2,-0.5
75,1,-2,1.25,2,-1
45,1,-2,1.25,2,-1.5
23,1,-2,1.25,2,-2
58,1,-2,1.25,3,-0.5
45,1,-2,1.25,3,-1
29,1,-2,1.25,3,-1.5
45,1,-2,1.25,3,-2
64,1,-2,1.25,4,-0.5
43,1,-2,1.25,4,-1
36,1,-2,1.25,4,-1.5
42,1,-2,1.25,4,-2
59,1,-2,1.25,5,-0.5
23,1,-2,1.25,5,-1
77,1,-2,1.25,5,-1.5
54,1,-2,1.25,5,-2
165,1,-2,1.75,1,-0.5
67,1,-2,1.75,1,-1
70,1,-2,1.75,1,-1.5
71,1,-2,1.75,1,-2
121,1,-2,1.75,2,-0.5
87,1,-2,1.75,2,-1
97,1,-2,1.75,2,-1.5
93,1,-2,1.75,2,-2
131,1,-2,1.75,3,-0.5
115,1,-2,1.75,3,-1
100,1,-2,1.75,3,-1.5
91,1,-2,1.75,3,-2
110,1,-2,1.75,4,-0.5
96,1,-2,1.75,4,-1
97,1,-2,1.75,4,-1.5
87,1,-2,1.75,4,-2
106,1,-2,1.75,5,-0.5
88,1,-2,1.75,5,-1
87,1,-2,1.75,5,-1.5
63,1,-2,1.75,5,-2
228,1,-3,0.25,1,-0.5
86,1,-3,0.25,1,-1
106,1,-3,0.25,1,-1.5
54,1,-3,0.25,1,-2
91,1,-3,0.25,2,-0.5
72,1,-3,0.25,2,-1
105,1,-3,0.25,2,-1.5
78,1,-3,0.25,2,-2
48,1,-3,0.25,3,-0.5
73,1,-3,0.25,3,-1
95,1,-3,0.25,3,-1.5
58,1,-3,0.25,3,-2
67,1,-3,0.25,4,-0.5
321,1,-3,0.25,4,-1
355,1,-3,0.25,4,-1.5
88,1,-3,0.25,4,-2
188,1,-3,0.25,5,-0.5
221,1,-3,0.25,5,-1
93,1,-3,0.25,5,-1.5
59,1,-3,0.25,5,-2
29,1,-3,0.75,1,-0.5
36,1,-3,0.75,1,-1
18,1,-3,0.75,1,-1.5
30,1,-3,0.75,1,-2
37,1,-3,0.75,2,-0.5
46,1,-3,0.75,2,-1
50,1,-3,0.75,2,-1.5
69,1,-3,0.75,2,-2
19,1,-3,0.75,3,-0.5
49,1,-3,0.75,3,-1
40,1,-3,0.75,3,-1.5
34,1,-3,0.75,3,-2
22,1,-3,0.75,4,-0.5
25,1,-3,0.75,4,-1
33,1,-3,0.75,4,-1.5
30,1,-3,0.75,4,-2
31,1,-3,0.75,5,-0.5
35,1,-3,0.75,5,-1
32,1,-3,0.75,5,-1.5
23,1,-3,0.75,5,-2
38,1,-3,1.25,1,-0.5
112,1,-3,1.25,1,-1
29,1,-3,1.25,1,-1.5
31,1,-3,1.25,1,-2
56,1,-3,1.25,2,-0.5
30,1,-3,1.25,2,-1
26,1,-3,1.25,2,-1.5
19,1,-3,1.25,2,-2
60,1,-3,1.25,3,-0.5
27,1,-3,1.25,3,-1
28,1,-3,1.25,3,-1.5
63,1,-3,1.25,3,-2
24,1,-3,1.25,4,-0.5
60,1,-3,1.25,4,-1
37,1,-3,1.25,4,-1.5
44,1,-3,1.25,4,-2
31,1,-3,1.25,5,-0.5
49,1,-3,1.25,5,-1
34,1,-3,1.25,5,-1.5
31,1,-3,1.25,5,-2
85,1,-3,1.75,1,-0.5
88,1,-3,1.75,1,-1
65,1,-3,1.75,1,-1.5
72,1,-3,1.75,1,-2
42,1,-3,1.75,2,-0.5
44,1,-3,1.75,2,-1
51,1,-3,1.75,2,-1.5
39,1,-3,1.75,2,-2
70,1,-3,1.75,3,-0.5
51,1,-3,1.75,3,-1
67,1,-3,1.75,3,-1.5
51,1,-3,1.75,3,-2
86,1,-3,1.75,4,-0.5
43,1,-3,1.75,4,-1
39,1,-3,1.75,4,-1.5
38,1,-3,1.75,4,-2
57,1,-3,1.75,5,-0.5
41,1,-3,1.75,5,-1
66,1,-3,1.75,5,-1.5
45,1,-3,1.75,5,-2
93,1,-4,0.25,1,-0.5
416,1,-4,0.25,1,-1
133,1,-4,0.25,1,-1.5
55,1,-4,0.25,1,-2
546,1,-4,0.25,2,-0.5
141,1,-4,0.25,2,-1
248,1,-4,0.25,2,-1.5
111,1,-4,0.25,2,-2
55,1,-4,0.25,3,-0.5
429,1,-4,0.25,3,-1
134,1,-4,0.25,3,-1.5
33,1,-4,0.25,3,-2
190,1,-4,0.25,4,-0.5
26,1,-4,0.25,4,-1
62,1,-4,0.25,4,-1.5
85,1,-4,0.25,4,-2
65,1,-4,0.25,5,-0.5
444,1,-4,0.25,5,-1
266,1,-4,0.25,5,-1.5
76,1,-4,0.25,5,-2
27,1,-4,0.75,1,-0.5
32,1,-4,0.75,1,-1
30,1,-4,0.75,1,-1.5
46,1,-4,0.75,1,-2
108,1,-4,0.75,2,-0.5
49,1,-4,0.75,2,-1
65,1,-4,0.75,2,-1.5
30,1,-4,0.75,2,-2
50,1,-4,0.75,3,-0.5
267,1,-4,0.75,3,-1
51,1,-4,0.75,3,-1.5
29,1,-4,0.75,3,-2
343,1,-4,0.75,4,-0.5
18,1,-4,0.75,4,-1
89,1,-4,0.75,4,-1.5
36,1,-4,0.75,4,-2
46,1,-4,0.75,5,-0.5
29,1,-4,0.75,5,-1
40,1,-4,0.75,5,-1.5
191,1,-4,0.75,5,-2
59,1,-4,1.25,1,-0.5
24,1,-4,1.25,1,-1
38,1,-4,1.25,1,-1.5
52,1,-4,1.25,1,-2
30,1,-4,1.25,2,-0.5
20,1,-4,1.25,2,-1
40,1,-4,1.25,2,-1.5
36,1,-4,1.25,2,-2
30,1,-4,1.25,3,-0.5
24,1,-4,1.25,3,-1
21,1,-4,1.25,3,-1.5
16,1,-4,1.25,3,-2
56,1,-4,1.25,4,-0.5
19,1,-4,1.25,4,-1
22,1,-4,1.25,4,-1.5
27,1,-4,1.25,4,-2
23,1,-4,1.25,5,-0.5
27,1,-4,1.25,5,-1
29,1,-4,1.25,5,-1.5
23,1,-4,1.25,5,-2
61,1,-4,1.75,1,-0.5
34,1,-4,1.75,1,-1
43,1,-4,1.75,1,-1.5
47,1,-4,1.75,1,-2
70,1,-4,1.75,2,-0.5
44,1,-4,1.75,2,-1
39,1,-4,1.75,2,-1.5
48,1,-4,1.75,2,-2
72,1,-4,1.75,3,-0.5
47,1,-4,1.75,3,-1
38,1,-4,1.75,3,-1.5
43,1,-4,1.75,3,-2
74,1,-4,1.75,4,-0.5
42,1,-4,1.75,4,-1
48,1,-4,1.75,4,-1.5
21,1,-4,1.75,4,-2
40,1,-4,1.75,5,-0.5
51,1,-4,1.75,5,-1
48,1,-4,1.75,5,-1.5
27,1,-4,1.75,5,-2
253,1,-5,0.25,1,-0.5
138,1,-5,0.25,1,-1
96,1,-5,0.25,1,-1.5
298,1,-5,0.25,1,-2
539,1,-5,0.25,2,-0.5
44,1,-5,0.25,2,-1
141,1,-5,0.25,2,-1.5
302,1,-5,0.25,2,-2
391,1,-5,0.25,3,-0.5
152,1,-5,0.25,3,-1
182,1,-5,0.25,3,-1.5
119,1,-5,0.25,3,-2
407,1,-5,0.25,4,-0.5
380,1,-5,0.25,4,-1
148,1,-5,0.25,4,-1.5
88,1,-5,0.25,4,-2
32,1,-5,0.25,5,-0.5
79,1,-5,0.25,5,-1
47,1,-5,0.25,5,-1.5
429,1,-5,0.25,5,-2
42,1,-5,0.75,1,-0.5
28,1,-5,0.75,1,-1
67,1,-5,0.75,1,-1.5
48,1,-5,0.75,1,-2
318,1,-5,0.75,2,-0.5
332,1,-5,0.75,2,-1
300,1,-5,0.75,2,-1.5
94,1,-5,0.75,2,-2
679,1,-5,0.75,3,-0.5
112,1,-5,0.75,3,-1
242,1,-5,0.75,3,-1.5
20,1,-5,0.75,3,-2
589,1,-5,0.75,4,-0.5
36,1,-5,0.75,4,-1
50,1,-5,0.75,4,-1.5
14,1,-5,0.75,4,-2
249,1,-5,0.75,5,-0.5
90,1,-5,0.75,5,-1
17,1,-5,0.75,5,-1.5
33,1,-5,0.75,5,-2
32,1,-5,1.25,1,-0.5
40,1,-5,1.25,1,-1
21,1,-5,1.25,1,-1.5
53,1,-5,1.25,1,-2
47,1,-5,1.25,2,-0.5
25,1,-5,1.25,2,-1
18,1,-5,1.25,2,-1.5
15,1,-5,1.25,2,-2
37,1,-5,1.25,3,-0.5
25,1,-5,1.25,3,-1
31,1,-5,1.25,3,-1.5
22,1,-5,1.25,3,-2
67,1,-5,1.25,4,-0.5
28,1,-5,1.25,4,-1
25,1,-5,1.25,4,-1.5
32,1,-5,1.25,4,-2
20,1,-5,1.25,5,-0.5
41,1,-5,1.25,5,-1
45,1,-5,1.25,5,-1.5
32,1,-5,1.25,5,-2
55,1,-5,1.75,1,-0.5
28,1,-5,1.75,1,-1
27,1,-5,1.75,1,-1.5
40,1,-5,1.75,1,-2
40,1,-5,1.75,2,-0.5
40,1,-5,1.75,2,-1
32,1,-5,1.75,2,-1.5
29,1,-5,1.75,2,-2
46,1,-5,1.75,3,-0.5
18,1,-5,1.75,3,-1
26,1,-5,1.75,3,-1.5
46,1,-5,1.75,3,-2
33,1,-5,1.75,4,-0.5
22,1,-5,1.75,4,-1
33,1,-5,1.75,4,-1.5
50,1,-5,1.75,4,-2
25,1,-5,1.75,5,-0.5
24,1,-5,1.75,5,-1
49,1,-5,1.75,5,-1.5
33,1,-5,1.75,5,-2
84,2,-1,0.25,1,-0.5
30,2,-1,0.25,1,-1
73,2,-1,0.25,1,-1.5
26,2,-1,0.25,1,-2
74,2,-1,0.25,2,-0.5
47,2,-1,0.25,2,-1
32,2,-1,0.25,2,-1.5
56,2,-1,0.25,2,-2
49,2,-1,0.25,3,-0.5
42,2,-1,0.25,3,-1
28,2,-1,0.25,3,-1.5
20,2,-1,0.25,3,-2
89,2,-1,0.25,4,-0.5
81,2,-1,0.25,4,-1
30,2,-1,0.25,4,-1.5
49,2,-1,0.25,4,-2
102,2,-1,0.25,5,-0.5
48,2,-1,0.25,5,-1
29,2,-1,0.25,5,-1.5
59,2,-1,0.25,5,-2
27,2,-1,0.75,1,-0.5
25,2,-1,0.75,1,-1
17,2,-1,0.75,1,-1.5
41,2,-1,0.75,1,-2
53,2,-1,0.75,2,-0.5
32,2,-1,0.75,2,-1
18,2,-1,0.75,2,-1.5
52,2,-1,0.75,2,-2
28,2,-1,0.75,3,-0.5
30,2,-1,0.75,3,-1
27,2,-1,0.75,3,-1.5
26,2,-1,0.75,3,-2
63,2,-1,0.75,4,-0.5
38,2,-1,0.75,4,-1
34,2,-1,0.75,4,-1.5
26,2,-1,0.75,4,-2
38,2,-1,0.75,5,-0.5
56,2,-1,0.75,5,-1
35,2,-1,0.75,5,-1.5
37,2,-1,0.75,5,-2
83,2,-1,1.25,1,-0.5
76,2,-1,1.25,1,-1
40,2,-1,1.25,1,-1.5
65,2,-1,1.25,1,-2
93,2,-1,1.25,2,-0.5
77,2,-1,1.25,2,-1
56,2,-1,1.25,2,-1.5
59,2,-1,1.25,2,-2
53,2,-1,1.25,3,-0.5
48,2,-1,1.25,3,-1
73,2,-1,1.25,3,-1.5
59,2,-1,1.25,3,-2
60,2,-1,1.25,4,-0.5
50,2,-1,1.25,4,-1
61,2,-1,1.25,4,-1.5
72,2,-1,1.25,4,-2
96,2,-1,1.25,5,-0.5
41,2,-1,1.25,5,-1
54,2,-1,1.25,5,-1.5
74,2,-1,1.25,5,-2
155,2,-1,1.75,1,-0.5
109,2,-1,1.75,1,-1
102,2,-1,1.75,1,-1.5
89,2,-1,1.75,1,-2
124,2,-1,1.75,2,-0.5
109,2,-1,1.75,2,-1
86,2,-1,1.75,2,-1.5
70,2,-1,1.75,2,-2
97,2,-1,1.75,3,-0.5
93,2,-1,1.75,3,-1
73,2,-1,1.75,3,-1.5
80,2,-1,1.75,3,-2
114,2,-1,1.75,4,-0.5
86,2,-1,1.75,4,-1
88,2,-1,1.75,4,-1.5
66,2,-1,1.75,4,-2
119,2,-1,1.75,5,-0.5
99,2,-1,1.75,5,-1
84,2,-1,1.75,5,-1.5
83,2,-1,1.75,5,-2
477,2,-2,0.25,1,-0.5
168,2,-2,0.25,1,-1
85,2,-2,0.25,1,-1.5
49,2,-2,0.25,1,-2
194,2,-2,0.25,2,-0.5
142,2,-2,0.25,2,-1
311,2,-2,0.25,2,-1.5
36,2,-2,0.25,2,-2
102,2,-2,0.25,3,-0.5
52,2,-2,0.25,3,-1
138,2,-2,0.25,3,-1.5
79,2,-2,0.25,3,-2
143,2,-2,0.25,4,-0.5
48,2,-2,0.25,4,-1
39,2,-2,0.25,4,-1.5
49,2,-2,0.25,4,-2
72,2,-2,0.25,5,-0.5
37,2,-2,0.25,5,-1
69,2,-2,0.25,5,-1.5
60,2,-2,0.25,5,-2
50,2,-2,0.75,1,-0.5
20,2,-2,0.75,1,-1
23,2,-2,0.75,1,-1.5
25,2,-2,0.75,1,-2
22,2,-2,0.75,2,-0.5
49,2,-2,0.75,2,-1
21,2,-2,0.75,2,-1.5
46,2,-2,0.75,2,-2
27,2,-2,0.75,3,-0.5
37,2,-2,0.75,3,-1
27,2,-2,0.75,3,-1.5
29,2,-2,0.75,3,-2
24,2,-2,0.75,4,-0.5
16,2,-2,0.75,4,-1
24,2,-2,0.75,4,-1.5
18,2,-2,0.75,4,-2
26,2,-2,0.75,5,-0.5
28,2,-2,0.75,5,-1
16,2,-2,0.75,5,-1.5
28,2,-2,0.75,5,-2
45,2,-2,1.25,1,-0.5
56,2,-2,1.25,1,-1
60,2,-2,1.25,1,-1.5
29,2,-2,1.25,1,-2
48,2,-2,1.25,2,-0.5
36,2,-2,1.25,2,-1
21,2,-2,1.25,2,-1.5
28,2,-2,1.25,2,-2
49,2,-2,1.25,3,-0.5
37,2,-2,1.25,3,-1
19,2,-2,1.25,3,-1.5
28,2,-2,1.25,3,-2
82,2,-2,1.25,4,-0.5
26,2,-2,1.25,4,-1
50,2,-2,1.25,4,-1.5
44,2,-2,1.25,4,-2
37,2,-2,1.25,5,-0.5
38,2,-2,1.25,5,-1
46,2,-2,1.25,5,-1.5
40,2,-2,1.25,5,-2
105,2,-2,1.75,1,-0.5
79,2,-2,1.75,1,-1
71,2,-2,1.75,1,-1.5
52,2,-2,1.75,1,-2
82,2,-2,1.75,2,-0.5
85,2,-2,1.75,2,-1
51,2,-2,1.75,2,-1.5
39,2,-2,1.75,2,-2
75,2,-2,1.75,3,-0.5
46,2,-2,1.75,3,-1
33,2,-2,1.75,3,-1.5
61,2,-2,1.75,3,-2
70,2,-2,1.75,4,-0.5
54,2,-2,1.75,4,-1
33,2,-2,1.75,4,-1.5
44,2,-2,1.75,4,-2
89,2,-2,1.75,5,-0.5
63,2,-2,1.75,5,-1
46,2,-2,1.75,5,-1.5
43,2,-2,1.75,5,-2
282,2,-3,0.25,1,-0.5
64,2,-3,0.25,1,-1
57,2,-3,0.25,1,-1.5
93,2,-3,0.25,1,-2
54,2,-3,0.25,2,-0.5
344,2,-3,0.25,2,-1
48,2,-3,0.25,2,-1.5
72,2,-3,0.25,2,-2
297,2,-3,0.25,3,-0.5
71,2,-3,0.25,3,-1
314,2,-3,0.25,3,-1.5
197,2,-3,0.25,3,-2
108,2,-3,0.25,4,-0.5
107,2,-3,0.25,4,-1
314,2,-3,0.25,4,-1.5
45,2,-3,0.25,4,-2
159,2,-3,0.25,5,-0.5
54,2,-3,0.25,5,-1
209,2,-3,0.25,5,-1.5
77,2,-3,0.25,5,-2
50,2,-3,0.75,1,-0.5
22,2,-3,0.75,1,-1
17,2,-3,0.75,1,-1.5
76,2,-3,0.75,1,-2
90,2,-3,0.75,2,-0.5
25,2,-3,0.75,2,-1
24,2,-3,0.75,2,-1.5
100,2,-3,0.75,2,-2
43,2,-3,0.75,3,-0.5
38,2,-3,0.75,3,-1
136,2,-3,0.75,3,-1.5
25,2,-3,0.75,3,-2
53,2,-3,0.75,4,-0.5
19,2,-3,0.75,4,-1
15,2,-3,0.75,4,-1.5
26,2,-3,0.75,4,-2
71,2,-3,0.75,5,-0.5
49,2,-3,0.75,5,-1
20,2,-3,0.75,5,-1.5
29,2,-3,0.75,5,-2
57,2,-3,1.25,1,-0.5
48,2,-3,1.25,1,-1
16,2,-3,1.25,1,-1.5
16,2,-3,1.25,1,-2
22,2,-3,1.25,2,-0.5
18,2,-3,1.25,2,-1
29,2,-3,1.25,2,-1.5
43,2,-3,1.25,2,-2
27,2,-3,1.25,3,-0.5
30,2,-3,1.25,3,-1
27,2,-3,1.25,3,-1.5
21,2,-3,1.25,3,-2
41,2,-3,1.25,4,-0.5
32,2,-3,1.25,4,-1
29,2,-3,1.25,4,-1.5
49,2,-3,1.25,4,-2
35,2,-3,1.25,5,-0.5
25,2,-3,1.25,5,-1
18,2,-3,1.25,5,-1.5
28,2,-3,1.25,5,-2
76,2,-3,1.75,1,-0.5
48,2,-3,1.75,1,-1
36,2,-3,1.75,1,-1.5
33,2,-3,1.75,1,-2
63,2,-3,1.75,2,-0.5
50,2,-3,1.75,2,-1
25,2,-3,1.75,2,-1.5
48,2,-3,1.75,2,-2
54,2,-3,1.75,3,-0.5
37,2,-3,1.75,3,-1
37,2,-3,1.75,3,-1.5
27,2,-3,1.75,3,-2
38,2,-3,1.75,4,-0.5
57,2,-3,1.75,4,-1
35,2,-3,1.75,4,-1.5
59,2,-3,1.75,4,-2
35,2,-3,1.75,5,-0.5
62,2,-3,1.75,5,-1
40,2,-3,1.75,5,-1.5
31,2,-3,1.75,5,-2
99,2,-4,0.25,1,-0.5
127,2,-4,0.25,1,-1
192,2,-4,0.25,1,-1.5
449,2,-4,0.25,1,-2
532,2,-4,0.25,2,-0.5
192,2,-4,0.25,2,-1
22,2,-4,0.25,2,-1.5
94,2,-4,0.25,2,-2
472,2,-4,0.25,3,-0.5
202,2,-4,0.25,3,-1
116,2,-4,0.25,3,-1.5
169,2,-4,0.25,3,-2
261,2,-4,0.25,4,-0.5
105,2,-4,0.25,4,-1
30,2,-4,0.25,4,-1.5
24,2,-4,0.25,4,-2
59,2,-4,0.25,5,-0.5
120,2,-4,0.25,5,-1
192,2,-4,0.25,5,-1.5
278,2,-4,0.25,5,-2
26,2,-4,0.75,1,-0.5
137,2,-4,0.75,1,-1
43,2,-4,0.75,1,-1.5
75,2,-4,0.75,1,-2
472,2,-4,0.75,2,-0.5
36,2,-4,0.75,2,-1
25,2,-4,0.75,2,-1.5
79,2,-4,0.75,2,-2
28,2,-4,0.75,3,-0.5
103,2,-4,0.75,3,-1
349,2,-4,0.75,3,-1.5
24,2,-4,0.75,3,-2
109,2,-4,0.75,4,-0.5
18,2,-4,0.75,4,-1
281,2,-4,0.75,4,-1.5
108,2,-4,0.75,4,-2
40,2,-4,0.75,5,-0.5
31,2,-4,0.75,5,-1
40,2,-4,0.75,5,-1.5
18,2,-4,0.75,5,-2
23,2,-4,1.25,1,-0.5
49,2,-4,1.25,1,-1
28,2,-4,1.25,1,-1.5
52,2,-4,1.25,1,-2
21,2,-4,1.25,2,-0.5
38,2,-4,1.25,2,-1
21,2,-4,1.25,2,-1.5
27,2,-4,1.25,2,-2
30,2,-4,1.25,3,-0.5
30,2,-4,1.25,3,-1
41,2,-4,1.25,3,-1.5
26,2,-4,1.25,3,-2
45,2,-4,1.25,4,-0.5
37,2,-4,1.25,4,-1
17,2,-4,1.25,4,-1.5
15,2,-4,1.25,4,-2
151,2,-4,1.25,5,-0.5
33,2,-4,1.25,5,-1
59,2,-4,1.25,5,-1.5
14,2,-4,1.25,5,-2
53,2,-4,1.75,1,-0.5
32,2,-4,1.75,1,-1
45,2,-4,1.75,1,-1.5
20,2,-4,1.75,1,-2
43,2,-4,1.75,2,-0.5
32,2,-4,1.75,2,-1
36,2,-4,1.75,2,-1.5
22,2,-4,1.75,2,-2
55,2,-4,1.75,3,-0.5
31,2,-4,1.75,3,-1
19,2,-4,1.75,3,-1.5
12,2,-4,1.75,3,-2
47,2,-4,1.75,4,-0.5
34,2,-4,1.75,4,-1
35,2,-4,1.75,4,-1.5
22,2,-4,1.75,4,-2
49,2,-4,1.75,5,-0.5
35,2,-4,1.75,5,-1
21,2,-4,1.75,5,-1.5
37,2,-4,1.75,5,-2
241,2,-5,0.25,1,-0.5
182,2,-5,0.25,1,-1
138,2,-5,0.25,1,-1.5
19,2,-5,0.25,1,-2
313,2,-5,0.25,2,-0.5
218,2,-5,0.25,2,-1
298,2,-5,0.25,2,-1.5
141,2,-5,0.25,2,-2
337,2,-5,0.25,3,-0.5
343,2,-5,0.25,3,-1
67,2,-5,0.25,3,-1.5
84,2,-5,0.25,3,-2
349,2,-5,0.25,4,-0.5
179,2,-5,0.25,4,-1
124,2,-5,0.25,4,-1.5
36,2,-5,0.25,4,-2
204,2,-5,0.25,5,-0.5
319,2,-5,0.25,5,-1
399,2,-5,0.25,5,-1.5
86,2,-5,0.25,5,-2
24,2,-5,0.75,1,-0.5
68,2,-5,0.75,1,-1
191,2,-5,0.75,1,-1.5
374,2,-5,0.75,1,-2
67,2,-5,0.75,2,-0.5
95,2,-5,0.75,2,-1
302,2,-5,0.75,2,-1.5
91,2,-5,0.75,2,-2
144,2,-5,0.75,3,-0.5
115,2,-5,0.75,3,-1
176,2,-5,0.75,3,-1.5
50,2,-5,0.75,3,-2
23,2,-5,0.75,4,-0.5
142,2,-5,0.75,4,-1
87,2,-5,0.75,4,-1.5
41,2,-5,0.75,4,-2
52,2,-5,0.75,5,-0.5
39,2,-5,0.75,5,-1
242,2,-5,0.75,5,-1.5
43,2,-5,0.75,5,-2
169,2,-5,1.25,1,-0.5
21,2,-5,1.25,1,-1
48,2,-5,1.25,1,-1.5
15,2,-5,1.25,1,-2
58,2,-5,1.25,2,-0.5
58,2,-5,1.25,2,-1
30,2,-5,1.25,2,-1.5
40,2,-5,1.25,2,-2
226,2,-5,1.25,3,-0.5
45,2,-5,1.25,3,-1
63,2,-5,1.25,3,-1.5
26,2,-5,1.25,3,-2
24,2,-5,1.25,4,-0.5
27,2,-5,1.25,4,-1
61,2,-5,1.25,4,-1.5
39,2,-5,1.25,4,-2
390,2,-5,1.25,5,-0.5
63,2,-5,1.25,5,-1
28,2,-5,1.25,5,-1.5
15,2,-5,1.25,5,-2
50,2,-5,1.75,1,-0.5
40,2,-5,1.75,1,-1
124,2,-5,1.75,1,-1.5
29,2,-5,1.75,1,-2
55,2,-5,1.75,2,-0.5
18,2,-5,1.75,2,-1
16,2,-5,1.75,2,-1.5
44,2,-5,1.75,2,-2
60,2,-5,1.75,3,-0.5
24,2,-5,1.75,3,-1
23,2,-5,1.75,3,-1.5
13,2,-5,1.75,3,-2
25,2,-5,1.75,4,-0.5
49,2,-5,1.75,4,-1
43,2,-5,1.75,4,-1.5
13,2,-5,1.75,4,-2
45,2,-5,1.75,5,-0.5
13,2,-5,1.75,5,-1
29,2,-5,1.75,5,-1.5
66,2,-5,1.75,5,-2
128,3,-1,0.25,1,-0.5
91,3,-1,0.25,1,-1
132,3,-1,0.25,1,-1.5
23,3,-1,0.25,1,-2
197,3,-1,0.25,2,-0.5
186,3,-1,0.25,2,-1
107,3,-1,0.25,2,-1.5
39,3,-1,0.25,2,-2
131,3,-1,0.25,3,-0.5
67,3,-1,0.25,3,-1
64,3,-1,0.25,3,-1.5
48,3,-1,0.25,3,-2
198,3,-1,0.25,4,-0.5
95,3,-1,0.25,4,-1
74,3,-1,0.25,4,-1.5
64,3,-1,0.25,4,-2
147,3,-1,0.25,5,-0.5
352,3,-1,0.25,5,-1
54,3,-1,0.25,5,-1.5
58,3,-1,0.25,5,-2
83,3,-1,0.75,1,-0.5
83,3,-1,0.75,1,-1
58,3,-1,0.75,1,-1.5
53,3,-1,0.75,1,-2
71,3,-1,0.75,2,-0.5
19,3,-1,0.75,2,-1
44,3,-1,0.75,2,-1.5
22,3,-1,0.75,2,-2
60,3,-1,0.75,3,-0.5
36,3,-1,0.75,3,-1
20,3,-1,0.75,3,-1.5
43,3,-1,0.75,3,-2
51,3,-1,0.75,4,-0.5
76,3,-1,0.75,4,-1
57,3,-1,0.75,4,-1.5
33,3,-1,0.75,4,-2
47,3,-1,0.75,5,-0.5
45,3,-1,0.75,5,-1
37,3,-1,0.75,5,-1.5
27,3,-1,0.75,5,-2
87,3,-1,1.25,1,-0.5
80,3,-1,1.25,1,-1
67,3,-1,1.25,1,-1.5
42,3,-1,1.25,1,-2
59,3,-1,1.25,2,-0.5
69,3,-1,1.25,2,-1
53,3,-1,1.25,2,-1.5
49,3,-1,1.25,2,-2
77,3,-1,1.25,3,-0.5
50,3,-1,1.25,3,-1
55,3,-1,1.25,3,-1.5
46,3,-1,1.25,3,-2
64,3,-1,1.25,4,-0.5
59,3,-1,1.25,4,-1
26,3,-1,1.25,4,-1.5
29,3,-1,1.25,4,-2
66,3,-1,1.25,5,-0.5
70,3,-1,1.25,5,-1
63,3,-1,1.25,5,-1.5
28,3,-1,1.25,5,-2
142,3,-1,1.75,1,-0.5
82,3,-1,1.75,1,-1
103,3,-1,1.75,1,-1.5
85,3,-1,1.75,1,-2
132,3,-1,1.75,2,-0.5
114,3,-1,1.75,2,-1
75,3,-1,1.75,2,-1.5
69,3,-1,1.75,2,-2
93,3,-1,1.75,3,-0.5
58,3,-1,1.75,3,-1
70,3,-1,1.75,3,-1.5
77,3,-1,1.75,3,-2
80,3,-1,1.75,4,-0.5
71,3,-1,1.75,4,-1
58,3,-1,1.75,4,-1.5
63,3,-1,1.75,4,-2
119,3,-1,1.75,5,-0.5
81,3,-1,1.75,5,-1
48,3,-1,1.75,5,-1.5
82,3,-1,1.75,5,-2
393,3,-2,0.25,1,-0.5
139,3,-2,0.25,1,-1
131,3,-2,0.25,1,-1.5
105,3,-2,0.25,1,-2
251,3,-2,0.25,2,-0.5
248,3,-2,0.25,2,-1
77,3,-2,0.25,2,-1.5
46,3,-2,0.25,2,-2
101,3,-2,0.25,3,-0.5
210,3,-2,0.25,3,-1
85,3,-2,0.25,3,-1.5
56,3,-2,0.25,3,-2
336,3,-2,0.25,4,-0.5
36,3,-2,0.25,4,-1
47,3,-2,0.25,4,-1.5
45,3,-2,0.25,4,-2
112,3,-2,0.25,5,-0.5
164,3,-2,0.25,5,-1
105,3,-2,0.25,5,-1.5
71,3,-2,0.25,5,-2
49,3,-2,0.75,1,-0.5
23,3,-2,0.75,1,-1
28,3,-2,0.75,1,-1.5
35,3,-2,0.75,1,-2
63,3,-2,0.75,2,-0.5
46,3,-2,0.75,2,-1
23,3,-2,0.75,2,-1.5
32,3,-2,0.75,2,-2
59,3,-2,0.75,3,-0.5
28,3,-2,0.75,3,-1
38,3,-2,0.75,3,-1.5
52,3,-2,0.75,3,-2
51,3,-2,0.75,4,-0.5
27,3,-2,0.75,4,-1
16,3,-2,0.75,4,-1.5
17,3,-2,0.75,4,-2
41,3,-2,0.75,5,-0.5
59,3,-2,0.75,5,-1
32,3,-2,0.75,5,-1.5
20,3,-2,0.75,5,-2
53,3,-2,1.25,1,-0.5
47,3,-2,1.25,1,-1
34,3,-2,1.25,1,-1.5
44,3,-2,1.25,1,-2
41,3,-2,1.25,2,-0.5
59,3,-2,1.25,2,-1
21,3,-2,1.25,2,-1.5
14,3,-2,1.25,2,-2
40,3,-2,1.25,3,-0.5
28,3,-2,1.25,3,-1
22,3,-2,1.25,3,-1.5
24,3,-2,1.25,3,-2
19,3,-2,1.25,4,-0.5
17,3,-2,1.25,4,-1
19,3,-2,1.25,4,-1.5
35,3,-2,1.25,4,-2
66,3,-2,1.25,5,-0.5
18,3,-2,1.25,5,-1
31,3,-2,1.25,5,-1.5
33,3,-2,1.25,5,-2
84,3,-2,1.75,1,-0.5
68,3,-2,1.75,1,-1
92,3,-2,1.75,1,-1.5
58,3,-2,1.75,1,-2
95,3,-2,1.75,2,-0.5
100,3,-2,1.75,2,-1
50,3,-2,1.75,2,-1.5
54,3,-2,1.75,2,-2
55,3,-2,1.75,3,-0.5
65,3,-2,1.75,3,-1
36,3,-2,1.75,3,-1.5
47,3,-2,1.75,3,-2
67,3,-2,1.75,4,-0.5
38,3,-2,1.75,4,-1
45,3,-2,1.75,4,-1.5
58,3,-2,1.75,4,-2
75,3,-2,1.75,5,-0.5
58,3,-2,1.75,5,-1
31,3,-2,1.75,5,-1.5
55,3,-2,1.75,5,-2
465,3,-3,0.25,1,-0.5
90,3,-3,0.25,1,-1
70,3,-3,0.25,1,-1.5
262,3,-3,0.25,1,-2
476,3,-3,0.25,2,-0.5
95,3,-3,0.25,2,-1
271,3,-3,0.25,2,-1.5
22,3,-3,0.25,2,-2
186,3,-3,0.25,3,-0.5
60,3,-3,0.25,3,-1
219,3,-3,0.25,3,-1.5
140,3,-3,0.25,3,-2
134,3,-3,0.25,4,-0.5
181,3,-3,0.25,4,-1
458,3,-3,0.25,4,-1.5
68,3,-3,0.25,4,-2
110,3,-3,0.25,5,-0.5
245,3,-3,0.25,5,-1
232,3,-3,0.25,5,-1.5
88,3,-3,0.25,5,-2
137,3,-3,0.75,1,-0.5
52,3,-3,0.75,1,-1
38,3,-3,0.75,1,-1.5
60,3,-3,0.75,1,-2
51,3,-3,0.75,2,-0.5
180,3,-3,0.75,2,-1
55,3,-3,0.75,2,-1.5
18,3,-3,0.75,2,-2
84,3,-3,0.75,3,-0.5
17,3,-3,0.75,3,-1
67,3,-3,0.75,3,-1.5
47,3,-3,0.75,3,-2
57,3,-3,0.75,4,-0.5
44,3,-3,0.75,4,-1
14,3,-3,0.75,4,-1.5
68,3,-3,0.75,4,-2
39,3,-3,0.75,5,-0.5
31,3,-3,0.75,5,-1
56,3,-3,0.75,5,-1.5
45,3,-3,0.75,5,-2
42,3,-3,1.25,1,-0.5
37,3,-3,1.25,1,-1
27,3,-3,1.25,1,-1.5
22,3,-3,1.25,1,-2
43,3,-3,1.25,2,-0.5
209,3,-3,1.25,2,-1
55,3,-3,1.25,2,-1.5
51,3,-3,1.25,2,-2
23,3,-3,1.25,3,-0.5
16,3,-3,1.25,3,-1
14,3,-3,1.25,3,-1.5
22,3,-3,1.25,3,-2
74,3,-3,1.25,4,-0.5
92,3,-3,1.25,4,-1
40,3,-3,1.25,4,-1.5
16,3,-3,1.25,4,-2
50,3,-3,1.25,5,-0.5
18,3,-3,1.25,5,-1
14,3,-3,1.25,5,-1.5
47,3,-3,1.25,5,-2
61,3,-3,1.75,1,-0.5
33,3,-3,1.75,1,-1
35,3,-3,1.75,1,-1.5
18,3,-3,1.75,1,-2
80,3,-3,1.75,2,-0.5
59,3,-3,1.75,2,-1
65,3,-3,1.75,2,-1.5
36,3,-3,1.75,2,-2
33,3,-3,1.75,3,-0.5
58,3,-3,1.75,3,-1
23,3,-3,1.75,3,-1.5
15,3,-3,1.75,3,-2
40,3,-3,1.75,4,-0.5
46,3,-3,1.75,4,-1
28,3,-3,1.75,4,-1.5
23,3,-3,1.75,4,-2
38,3,-3,1.75,5,-0.5
24,3,-3,1.75,5,-1
31,3,-3,1.75,5,-1.5
48,3,-3,1.75,5,-2
372,3,-4,0.25,1,-0.5
132,3,-4,0.25,1,-1
474,3,-4,0.25,1,-1.5
93,3,-4,0.25,1,-2
205,3,-4,0.25,2,-0.5
178,3,-4,0.25,2,-1
461,3,-4,0.25,2,-1.5
114,3,-4,0.25,2,-2
279,3,-4,0.25,3,-0.5
344,3,-4,0.25,3,-1
163,3,-4,0.25,3,-1.5
92,3,-4,0.25,3,-2
137,3,-4,0.25,4,-0.5
451,3,-4,0.25,4,-1
70,3,-4,0.25,4,-1.5
152,3,-4,0.25,4,-2
237,3,-4,0.25,5,-0.5
155,3,-4,0.25,5,-1
171,3,-4,0.25,5,-1.5
264,3,-4,0.25,5,-2
73,3,-4,0.75,1,-0.5
80,3,-4,0.75,1,-1
50,3,-4,0.75,1,-1.5
28,3,-4,0.75,1,-2
120,3,-4,0.75,2,-0.5
67,3,-4,0.75,2,-1
114,3,-4,0.75,2,-1.5
101,3,-4,0.75,2,-2
85,3,-4,0.75,3,-0.5
90,3,-4,0.75,3,-1
20,3,-4,0.75,3,-1.5
66,3,-4,0.75,3,-2
138,3,-4,0.75,4,-0.5
27,3,-4,0.75,4,-1
207,3,-4,0.75,4,-1.5
42,3,-4,0.75,4,-2
173,3,-4,0.75,5,-0.5
96,3,-4,0.75,5,-1
54,3,-4,0.75,5,-1.5
25,3,-4,0.75,5,-2
37,3,-4,1.25,1,-0.5
26,3,-4,1.25,1,-1
34,3,-4,1.25,1,-1.5
23,3,-4,1.25,1,-2
69,3,-4,1.25,2,-0.5
29,3,-4,1.25,2,-1
20,3,-4,1.25,2,-1.5
16,3,-4,1.25,2,-2
44,3,-4,1.25,3,-0.5
29,3,-4,1.25,3,-1
18,3,-4,1.25,3,-1.5
40,3,-4,1.25,3,-2
66,3,-4,1.25,4,-0.5
55,3,-4,1.25,4,-1
24,3,-4,1.25,4,-1.5
63,3,-4,1.25,4,-2
34,3,-4,1.25,5,-0.5
18,3,-4,1.25,5,-1
34,3,-4,1.25,5,-1.5
20,3,-4,1.25,5,-2
71,3,-4,1.75,1,-0.5
72,3,-4,1.75,1,-1
40,3,-4,1.75,1,-1.5
34,3,-4,1.75,1,-2
44,3,-4,1.75,2,-0.5
56,3,-4,1.75,2,-1
26,3,-4,1.75,2,-1.5
44,3,-4,1.75,2,-2
32,3,-4,1.75,3,-0.5
49,3,-4,1.75,3,-1
36,3,-4,1.75,3,-1.5
35,3,-4,1.75,3,-2
40,3,-4,1.75,4,-0.5
31,3,-4,1.75,4,-1
30,3,-4,1.75,4,-1.5
19,3,-4,1.75,4,-2
65,3,-4,1.75,5,-0.5
16,3,-4,1.75,5,-1
34,3,-4,1.75,5,-1.5
21,3,-4,1.75,5,-2
262,3,-5,0.25,1,-0.5
369,3,-5,0.25,1,-1
243,3,-5,0.25,1,-1.5
409,3,-5,0.25,1,-2
119,3,-5,0.25,2,-0.5
365,3,-5,0.25,2,-1
69,3,-5,0.25,2,-1.5
401,3,-5,0.25,2,-2
453,3,-5,0.25,3,-0.5
246,3,-5,0.25,3,-1
165,3,-5,0.25,3,-1.5
175,3,-5,0.25,3,-2
54,3,-5,0.25,4,-0.5
79,3,-5,0.25,4,-1
395,3,-5,0.25,4,-1.5
137,3,-5,0.25,4,-2
309,3,-5,0.25,5,-0.5
193,3,-5,0.25,5,-1
216,3,-5,0.25,5,-1.5
34,3,-5,0.25,5,-2
43,3,-5,0.75,1,-0.5
225,3,-5,0.75,1,-1
48,3,-5,0.75,1,-1.5
140,3,-5,0.75,1,-2
94,3,-5,0.75,2,-0.5
133,3,-5,0.75,2,-1
92,3,-5,0.75,2,-1.5
186,3,-5,0.75,2,-2
285,3,-5,0.75,3,-0.5
180,3,-5,0.75,3,-1
340,3,-5,0.75,3,-1.5
177,3,-5,0.75,3,-2
44,3,-5,0.75,4,-0.5
114,3,-5,0.75,4,-1
59,3,-5,0.75,4,-1.5
14,3,-5,0.75,4,-2
337,3,-5,0.75,5,-0.5
237,3,-5,0.75,5,-1
40,3,-5,0.75,5,-1.5
143,3,-5,0.75,5,-2
28,3,-5,1.25,1,-0.5
40,3,-5,1.25,1,-1
239,3,-5,1.25,1,-1.5
32,3,-5,1.25,1,-2
20,3,-5,1.25,2,-0.5
42,3,-5,1.25,2,-1
42,3,-5,1.25,2,-1.5
25,3,-5,1.25,2,-2
32,3,-5,1.25,3,-0.5
31,3,-5,1.25,3,-1
38,3,-5,1.25,3,-1.5
80,3,-5,1.25,3,-2
96,3,-5,1.25,4,-0.5
18,3,-5,1.25,4,-1
41,3,-5,1.25,4,-1.5
27,3,-5,1.25,4,-2
104,3,-5,1.25,5,-0.5
51,3,-5,1.25,5,-1
22,3,-5,1.25,5,-1.5
18,3,-5,1.25,5,-2
43,3,-5,1.75,1,-0.5
60,3,-5,1.75,1,-1
25,3,-5,1.75,1,-1.5
20,3,-5,1.75,1,-2
33,3,-5,1.75,2,-0.5
47,3,-5,1.75,2,-1
18,3,-5,1.75,2,-1.5
30,3,-5,1.75,2,-2
39,3,-5,1.75,3,-0.5
27,3,-5,1.75,3,-1
17,3,-5,1.75,3,-1.5
22,3,-5,1.75,3,-2
92,3,-5,1.75,4,-0.5
33,3,-5,1.75,4,-1
63,3,-5,1.75,4,-1.5
29,3,-5,1.75,4,-2
50,3,-5,1.75,5,-0.5
27,3,-5,1.75,5,-1
35,3,-5,1.75,5,-1.5
17,3,-5,1.75,5,-2
133,4,-1,0.25,1,-0.5
209,4,-1,0.25,1,-1
154,4,-1,0.25,1,-1.5
89,4,-1,0.25,1,-2
507,4,-1,0.25,2,-0.5
110,4,-1,0.25,2,-1
108,4,-1,0.25,2,-1.5
112,4,-1,0.25,2,-2
507,4,-1,0.25,3,-0.5
135,4,-1,0.25,3,-1
95,4,-1,0.25,3,-1.5
85,4,-1,0.25,3,-2
152,4,-1,0.25,4,-0.5
198,4,-1,0.25,4,-1
123,4,-1,0.25,4,-1.5
55,4,-1,0.25,4,-2
110,4,-1,0.25,5,-0.5
83,4,-1,0.25,5,-1
88,4,-1,0.25,5,-1.5
54,4,-1,0.25,5,-2
110,4,-1,0.75,1,-0.5
96,4,-1,0.75,1,-1
91,4,-1,0.75,1,-1.5
49,4,-1,0.75,1,-2
132,4,-1,0.75,2,-0.5
72,4,-1,0.75,2,-1
62,4,-1,0.75,2,-1.5
46,4,-1,0.75,2,-2
63,4,-1,0.75,3,-0.5
62,4,-1,0.75,3,-1
79,4,-1,0.75,3,-1.5
63,4,-1,0.75,3,-2
109,4,-1,0.75,4,-0.5
85,4,-1,0.75,4,-1
38,4,-1,0.75,4,-1.5
60,4,-1,0.75,4,-2
99,4,-1,0.75,5,-0.5
89,4,-1,0.75,5,-1
76,4,-1,0.75,5,-1.5
59,4,-1,0.75,5,-2
114,4,-1,1.25,1,-0.5
63,4,-1,1.25,1,-1
65,4,-1,1.25,1,-1.5
55,4,-1,1.25,1,-2
110,4,-1,1.25,2,-0.5
54,4,-1,1.25,2,-1
54,4,-1,1.25,2,-1.5
45,4,-1,1.25,2,-2
68,4,-1,1.25,3,-0.5
60,4,-1,1.25,3,-1
42,4,-1,1.25,3,-1.5
36,4,-1,1.25,3,-2
79,4,-1,1.25,4,-0.5
63,4,-1,1.25,4,-1
73,4,-1,1.25,4,-1.5
59,4,-1,1.25,4,-2
68,4,-1,1.25,5,-0.5
88,4,-1,1.25,5,-1
59,4,-1,1.25,5,-1.5
42,4,-1,1.25,5,-2
135,4,-1,1.75,1,-0.5
70,4,-1,1.75,1,-1
74,4,-1,1.75,1,-1.5
70,4,-1,1.75,1,-2
128,4,-1,1.75,2,-0.5
69,4,-1,1.75,2,-1
83,4,-1,1.75,2,-1.5
52,4,-1,1.75,2,-2
90,4,-1,1.75,3,-0.5
74,4,-1,1.75,3,-1
62,4,-1,1.75,3,-1.5
45,4,-1,1.75,3,-2
77,4,-1,1.75,4,-0.5
77,4,-1,1.75,4,-1
70,4,-1,1.75,4,-1.5
49,4,-1,1.75,4,-2
80,4,-1,1.75,5,-0.5
55,4,-1,1.75,5,-1
64,4,-1,1.75,5,-1.5
68,4,-1,1.75,5,-2
278,4,-2,0.25,1,-0.5
333,4,-2,0.25,1,-1
446,4,-2,0.25,1,-1.5
162,4,-2,0.25,1,-2
301,4,-2,0.25,2,-0.5
146,4,-2,0.25,2,-1
120,4,-2,0.25,2,-1.5
116,4,-2,0.25,2,-2
163,4,-2,0.25,3,-0.5
228,4,-2,0.25,3,-1
116,4,-2,0.25,3,-1.5
94,4,-2,0.25,3,-2
331,4,-2,0.25,4,-0.5
170,4,-2,0.25,4,-1
476,4,-2,0.25,4,-1.5
107,4,-2,0.25,4,-2
142,4,-2,0.25,5,-0.5
414,4,-2,0.25,5,-1
216,4,-2,0.25,5,-1.5
62,4,-2,0.25,5,-2
128,4,-2,0.75,1,-0.5
93,4,-2,0.75,1,-1
128,4,-2,0.75,1,-1.5
29,4,-2,0.75,1,-2
108,4,-2,0.75,2,-0.5
117,4,-2,0.75,2,-1
51,4,-2,0.75,2,-1.5
95,4,-2,0.75,2,-2
57,4,-2,0.75,3,-0.5
74,4,-2,0.75,3,-1
47,4,-2,0.75,3,-1.5
18,4,-2,0.75,3,-2
62,4,-2,0.75,4,-0.5
66,4,-2,0.75,4,-1
69,4,-2,0.75,4,-1.5
38,4,-2,0.75,4,-2
72,4,-2,0.75,5,-0.5
47,4,-2,0.75,5,-1
96,4,-2,0.75,5,-1.5
63,4,-2,0.75,5,-2
77,4,-2,1.25,1,-0.5
35,4,-2,1.25,1,-1
39,4,-2,1.25,1,-1.5
51,4,-2,1.25,1,-2
56,4,-2,1.25,2,-0.5
43,4,-2,1.25,2,-1
26,4,-2,1.25,2,-1.5
46,4,-2,1.25,2,-2
50,4,-2,1.25,3,-0.5
45,4,-2,1.25,3,-1
46,4,-2,1.25,3,-1.5
78,4,-2,1.25,3,-2
51,4,-2,1.25,4,-0.5
38,4,-2,1.25,4,-1
28,4,-2,1.25,4,-1.5
29,4,-2,1.25,4,-2
51,4,-2,1.25,5,-0.5
59,4,-2,1.25,5,-1
50,4,-2,1.25,5,-1.5
49,4,-2,1.25,5,-2
81,4,-2,1.75,1,-0.5
54,4,-2,1.75,1,-1
57,4,-2,1.75,1,-1.5
66,4,-2,1.75,1,-2
57,4,-2,1.75,2,-0.5
67,4,-2,1.75,2,-1
52,4,-2,1.75,2,-1.5
24,4,-2,1.75,2,-2
55,4,-2,1.75,3,-0.5
47,4,-2,1.75,3,-1
32,4,-2,1.75,3,-1.5
57,4,-2,1.75,3,-2
67,4,-2,1.75,4,-0.5
32,4,-2,1.75,4,-1
55,4,-2,1.75,4,-1.5
32,4,-2,1.75,4,-2
57,4,-2,1.75,5,-0.5
49,4,-2,1.75,5,-1
57,4,-2,1.75,5,-1.5
56,4,-2,1.75,5,-2
182,4,-3,0.25,1,-0.5
417,4,-3,0.25,1,-1
397,4,-3,0.25,1,-1.5
101,4,-3,0.25,1,-2
316,4,-3,0.25,2,-0.5
112,4,-3,0.25,2,-1
211,4,-3,0.25,2,-1.5
94,4,-3,0.25,2,-2
293,4,-3,0.25,3,-0.5
309,4,-3,0.25,3,-1
155,4,-3,0.25,3,-1.5
81,4,-3,0.25,3,-2
249,4,-3,0.25,4,-0.5
209,4,-3,0.25,4,-1
99,4,-3,0.25,4,-1.5
181,4,-3,0.25,4,-2
491,4,-3,0.25,5,-0.5
403,4,-3,0.25,5,-1
78,4,-3,0.25,5,-1.5
40,4,-3,0.25,5,-2
108,4,-3,0.75,1,-0.5
92,4,-3,0.75,1,-1
108,4,-3,0.75,1,-1.5
68,4,-3,0.75,1,-2
112,4,-3,0.75,2,-0.5
174,4,-3,0.75,2,-1
82,4,-3,0.75,2,-1.5
51,4,-3,0.75,2,-2
109,4,-3,0.75,3,-0.5
92,4,-3,0.75,3,-1
33,4,-3,0.75,3,-1.5
456,4,-3,0.75,3,-2
42,4,-3,0.75,4,-0.5
63,4,-3,0.75,4,-1
25,4,-3,0.75,4,-1.5
35,4,-3,0.75,4,-2
362,4,-3,0.75,5,-0.5
48,4,-3,0.75,5,-1
56,4,-3,0.75,5,-1.5
90,4,-3,0.75,5,-2
59,4,-3,1.25,1,-0.5
47,4,-3,1.25,1,-1
61,4,-3,1.25,1,-1.5
42,4,-3,1.25,1,-2
59,4,-3,1.25,2,-0.5
27,4,-3,1.25,2,-1
31,4,-3,1.25,2,-1.5
33,4,-3,1.25,2,-2
36,4,-3,1.25,3,-0.5
59,4,-3,1.25,3,-1
30,4,-3,1.25,3,-1.5
29,4,-3,1.25,3,-2
34,4,-3,1.25,4,-0.5
39,4,-3,1.25,4,-1
110,4,-3,1.25,4,-1.5
29,4,-3,1.25,4,-2
46,4,-3,1.25,5,-0.5
28,4,-3,1.25,5,-1
41,4,-3,1.25,5,-1.5
36,4,-3,1.25,5,-2
52,4,-3,1.75,1,-0.5
70,4,-3,1.75,1,-1
49,4,-3,1.75,1,-1.5
42,4,-3,1.75,1,-2
77,4,-3,1.75,2,-0.5
64,4,-3,1.75,2,-1
25,4,-3,1.75,2,-1.5
20,4,-3,1.75,2,-2
51,4,-3,1.75,3,-0.5
42,4,-3,1.75,3,-1
37,4,-3,1.75,3,-1.5
20,4,-3,1.75,3,-2
65,4,-3,1.75,4,-0.5
63,4,-3,1.75,4,-1
26,4,-3,1.75,4,-1.5
25,4,-3,1.75,4,-2
47,4,-3,1.75,5,-0.5
29,4,-3,1.75,5,-1
27,4,-3,1.75,5,-1.5
22,4,-3,1.75,5,-2
349,4,-4,0.25,1,-0.5
110,4,-4,0.25,1,-1
181,4,-4,0.25,1,-1.5
64,4,-4,0.25,1,-2
283,4,-4,0.25,2,-0.5
219,4,-4,0.25,2,-1
72,4,-4,0.25,2,-1.5
55,4,-4,0.25,2,-2
493,4,-4,0.25,3,-0.5
195,4,-4,0.25,3,-1
184,4,-4,0.25,3,-1.5
173,4,-4,0.25,3,-2
497,4,-4,0.25,4,-0.5
314,4,-4,0.25,4,-1
340,4,-4,0.25,4,-1.5
67,4,-4,0.25,4,-2
219,4,-4,0.25,5,-0.5
142,4,-4,0.25,5,-1
135,4,-4,0.25,5,-1.5
305,4,-4,0.25,5,-2
93,4,-4,0.75,1,-0.5
88,4,-4,0.75,1,-1
51,4,-4,0.75,1,-1.5
43,4,-4,0.75,1,-2
314,4,-4,0.75,2,-0.5
47,4,-4,0.75,2,-1
200,4,-4,0.75,2,-1.5
24,4,-4,0.75,2,-2
74,4,-4,0.75,3,-0.5
146,4,-4,0.75,3,-1
24,4,-4,0.75,3,-1.5
46,4,-4,0.75,3,-2
126,4,-4,0.75,4,-0.5
161,4,-4,0.75,4,-1
207,4,-4,0.75,4,-1.5
81,4,-4,0.75,4,-2
93,4,-4,0.75,5,-0.5
88,4,-4,0.75,5,-1
80,4,-4,0.75,5,-1.5
31,4,-4,0.75,5,-2
40,4,-4,1.25,1,-0.5
27,4,-4,1.25,1,-1
67,4,-4,1.25,1,-1.5
26,4,-4,1.25,1,-2
47,4,-4,1.25,2,-0.5
36,4,-4,1.25,2,-1
45,4,-4,1.25,2,-1.5
29,4,-4,1.25,2,-2
28,4,-4,1.25,3,-0.5
22,4,-4,1.25,3,-1
152,4,-4,1.25,3,-1.5
29,4,-4,1.25,3,-2
42,4,-4,1.25,4,-0.5
24,4,-4,1.25,4,-1
20,4,-4,1.25,4,-1.5
27,4,-4,1.25,4,-2
48,4,-4,1.25,5,-0.5
42,4,-4,1.25,5,-1
31,4,-4,1.25,5,-1.5
34,4,-4,1.25,5,-2
30,4,-4,1.75,1,-0.5
33,4,-4,1.75,1,-1
35,4,-4,1.75,1,-1.5
41,4,-4,1.75,1,-2
88,4,-4,1.75,2,-0.5
35,4,-4,1.75,2,-1
53,4,-4,1.75,2,-1.5
14,4,-4,1.75,2,-2
37,4,-4,1.75,3,-0.5
26,4,-4,1.75,3,-1
22,4,-4,1.75,3,-1.5
31,4,-4,1.75,3,-2
167,4,-4,1.75,4,-0.5
58,4,-4,1.75,4,-1
28,4,-4,1.75,4,-1.5
14,4,-4,1.75,4,-2
36,4,-4,1.75,5,-0.5
86,4,-4,1.75,5,-1
21,4,-4,1.75,5,-1.5
21,4,-4,1.75,5,-2
322,4,-5,0.25,1,-0.5
97,4,-5,0.25,1,-1
391,4,-5,0.25,1,-1.5
466,4,-5,0.25,1,-2
266,4,-5,0.25,2,-0.5
215,4,-5,0.25,2,-1
227,4,-5,0.25,2,-1.5
307,4,-5,0.25,2,-2
264,4,-5,0.25,3,-0.5
337,4,-5,0.25,3,-1
70,4,-5,0.25,3,-1.5
354,4,-5,0.25,3,-2
311,4,-5,0.25,4,-0.5
194,4,-5,0.25,4,-1
334,4,-5,0.25,4,-1.5
212,4,-5,0.25,4,-2
154,4,-5,0.25,5,-0.5
262,4,-5,0.25,5,-1
321,4,-5,0.25,5,-1.5
118,4,-5,0.25,5,-2
221,4,-5,0.75,1,-0.5
220,4,-5,0.75,1,-1
87,4,-5,0.75,1,-1.5
133,4,-5,0.75,1,-2
83,4,-5,0.75,2,-0.5
90,4,-5,0.75,2,-1
75,4,-5,0.75,2,-1.5
52,4,-5,0.75,2,-2
104,4,-5,0.75,3,-0.5
51,4,-5,0.75,3,-1
40,4,-5,0.75,3,-1.5
59,4,-5,0.75,3,-2
95,4,-5,0.75,4,-0.5
35,4,-5,0.75,4,-1
99,4,-5,0.75,4,-1.5
107,4,-5,0.75,4,-2
52,4,-5,0.75,5,-0.5
164,4,-5,0.75,5,-1
65,4,-5,0.75,5,-1.5
64,4,-5,0.75,5,-2
98,4,-5,1.25,1,-0.5
42,4,-5,1.25,1,-1
67,4,-5,1.25,1,-1.5
40,4,-5,1.25,1,-2
133,4,-5,1.25,2,-0.5
77,4,-5,1.25,2,-1
98,4,-5,1.25,2,-1.5
25,4,-5,1.25,2,-2
43,4,-5,1.25,3,-0.5
45,4,-5,1.25,3,-1
19,4,-5,1.25,3,-1.5
50,4,-5,1.25,3,-2
25,4,-5,1.25,4,-0.5
24,4,-5,1.25,4,-1
43,4,-5,1.25,4,-1.5
159,4,-5,1.25,4,-2
27,4,-5,1.25,5,-0.5
25,4,-5,1.25,5,-1
25,4,-5,1.25,5,-1.5
37,4,-5,1.25,5,-2
88,4,-5,1.75,1,-0.5
36,4,-5,1.75,1,-1
31,4,-5,1.75,1,-1.5
32,4,-5,1.75,1,-2
51,4,-5,1.75,2,-0.5
42,4,-5,1.75,2,-1
83,4,-5,1.75,2,-1.5
42,4,-5,1.75,2,-2
103,4,-5,1.75,3,-0.5
83,4,-5,1.75,3,-1
23,4,-5,1.75,3,-1.5
37,4,-5,1.75,3,-2
33,4,-5,1.75,4,-0.5
43,4,-5,1.75,4,-1
24,4,-5,1.75,4,-1.5
24,4,-5,1.75,4,-2
29,4,-5,1.75,5,-0.5
26,4,-5,1.75,5,-1
45,4,-5,1.75,5,-1.5
57,4,-5,1.75,5,-2
225,5,-1,0.25,1,-0.5
159,5,-1,0.25,1,-1
164,5,-1,0.25,1,-1.5
124,5,-1,0.25,1,-2
193,5,-1,0.25,2,-0.5
194,5,-1,0.25,2,-1
125,5,-1,0.25,2,-1.5
134,5,-1,0.25,2,-2
215,5,-1,0.25,3,-0.5
147,5,-1,0.25,3,-1
82,5,-1,0.25,3,-1.5
115,5,-1,0.25,3,-2
225,5,-1,0.25,4,-0.5
145,5,-1,0.25,4,-1
107,5,-1,0.25,4,-1.5
111,5,-1,0.25,4,-2
171,5,-1,0.25,5,-0.5
117,5,-1,0.25,5,-1
100,5,-1,0.25,5,-1.5
120,5,-1,0.25,5,-2
87,5,-1,0.75,1,-0.5
165,5,-1,0.75,1,-1
114,5,-1,0.75,1,-1.5
109,5,-1,0.75,1,-2
148,5,-1,0.75,2,-0.5
105,5,-1,0.75,2,-1
89,5,-1,0.75,2,-1.5
112,5,-1,0.75,2,-2
109,5,-1,0.75,3,-0.5
78,5,-1,0.75,3,-1
101,5,-1,0.75,3,-1.5
57,5,-1,0.75,3,-2
102,5,-1,0.75,4,-0.5
73,5,-1,0.75,4,-1
63,5,-1,0.75,4,-1.5
76,5,-1,0.75,4,-2
120,5,-1,0.75,5,-0.5
100,5,-1,0.75,5,-1
64,5,-1,0.75,5,-1.5
91,5,-1,0.75,5,-2
122,5,-1,1.25,1,-0.5
94,5,-1,1.25,1,-1
92,5,-1,1.25,1,-1.5
71,5,-1,1.25,1,-2
183,5,-1,1.25,2,-0.5
87,5,-1,1.25,2,-1
71,5,-1,1.25,2,-1.5
34,5,-1,1.25,2,-2
94,5,-1,1.25,3,-0.5
93,5,-1,1.25,3,-1
90,5,-1,1.25,3,-1.5
54,5,-1,1.25,3,-2
66,5,-1,1.25,4,-0.5
84,5,-1,1.25,4,-1
90,5,-1,1.25,4,-1.5
62,5,-1,1.25,4,-2
99,5,-1,1.25,5,-0.5
76,5,-1,1.25,5,-1
84,5,-1,1.25,5,-1.5
50,5,-1,1.25,5,-2
117,5,-1,1.75,1,-0.5
112,5,-1,1.75,1,-1
107,5,-1,1.75,1,-1.5
112,5,-1,1.75,1,-2
121,5,-1,1.75,2,-0.5
83,5,-1,1.75,2,-1
77,5,-1,1.75,2,-1.5
54,5,-1,1.75,2,-2
103,5,-1,1.75,3,-0.5
91,5,-1,1.75,3,-1
66,5,-1,1.75,3,-1.5
68,5,-1,1.75,3,-2
91,5,-1,1.75,4,-0.5
85,5,-1,1.75,4,-1
51,5,-1,1.75,4,-1.5
87,5,-1,1.75,4,-2
81,5,-1,1.75,5,-0.5
53,5,-1,1.75,5,-1
79,5,-1,1.75,5,-1.5
66,5,-1,1.75,5,-2
223,5,-2,0.25,1,-0.5
191,5,-2,0.25,1,-1
289,5,-2,0.25,1,-1.5
127,5,-2,0.25,1,-2
323,5,-2,0.25,2,-0.5
165,5,-2,0.25,2,-1
149,5,-2,0.25,2,-1.5
427,5,-2,0.25,2,-2
394,5,-2,0.25,3,-0.5
348,5,-2,0.25,3,-1
109,5,-2,0.25,3,-1.5
185,5,-2,0.25,3,-2
472,5,-2,0.25,4,-0.5
199,5,-2,0.25,4,-1
178,5,-2,0.25,4,-1.5
77,5,-2,0.25,4,-2
269,5,-2,0.25,5,-0.5
91,5,-2,0.25,5,-1
134,5,-2,0.25,5,-1.5
67,5,-2,0.25,5,-2
131,5,-2,0.75,1,-0.5
125,5,-2,0.75,1,-1
66,5,-2,0.75,1,-1.5
57,5,-2,0.75,1,-2
178,5,-2,0.75,2,-0.5
89,5,-2,0.75,2,-1
92,5,-2,0.75,2,-1.5
46,5,-2,0.75,2,-2
146,5,-2,0.75,3,-0.5
72,5,-2,0.75,3,-1
57,5,-2,0.75,3,-1.5
76,5,-2,0.75,3,-2
181,5,-2,0.75,4,-0.5
129,5,-2,0.75,4,-1
73,5,-2,0.75,4,-1.5
29,5,-2,0.75,4,-2
74,5,-2,0.75,5,-0.5
192,5,-2,0.75,5,-1
80,5,-2,0.75,5,-1.5
69,5,-2,0.75,5,-2
63,5,-2,1.25,1,-0.5
38,5,-2,1.25,1,-1
50,5,-2,1.25,1,-1.5
67,5,-2,1.25,1,-2
88,5,-2,1.25,2,-0.5
74,5,-2,1.25,2,-1
87,5,-2,1.25,2,-1.5
47,5,-2,1.25,2,-2
81,5,-2,1.25,3,-0.5
75,5,-2,1.25,3,-1
39,5,-2,1.25,3,-1.5
38,5,-2,1.25,3,-2
84,5,-2,1.25,4,-0.5
54,5,-2,1.25,4,-1
50,5,-2,1.25,4,-1.5
48,5,-2,1.25,4,-2
49,5,-2,1.25,5,-0.5
101,5,-2,1.25,5,-1
71,5,-2,1.25,5,-1.5
23,5,-2,1.25,5,-2
126,5,-2,1.75,1,-0.5
67,5,-2,1.75,1,-1
51,5,-2,1.75,1,-1.5
80,5,-2,1.75,1,-2
75,5,-2,1.75,2,-0.5
82,5,-2,1.75,2,-1
47,5,-2,1.75,2,-1.5
36,5,-2,1.75,2,-2
83,5,-2,1.75,3,-0.5
88,5,-2,1.75,3,-1
48,5,-2,1.75,3,-1.5
36,5,-2,1.75,3,-2
89,5,-2,1.75,4,-0.5
66,5,-2,1.75,4,-1
29,5,-2,1.75,4,-1.5
43,5,-2,1.75,4,-2
101,5,-2,1.75,5,-0.5
59,5,-2,1.75,5,-1
42,5,-2,1.75,5,-1.5
32,5,-2,1.75,5,-2
501,5,-3,0.25,1,-0.5
127,5,-3,0.25,1,-1
448,5,-3,0.25,1,-1.5
86,5,-3,0.25,1,-2
500,5,-3,0.25,2,-0.5
231,5,-3,0.25,2,-1
448,5,-3,0.25,2,-1.5
127,5,-3,0.25,2,-2
222,5,-3,0.25,3,-0.5
269,5,-3,0.25,3,-1
190,5,-3,0.25,3,-1.5
69,5,-3,0.25,3,-2
324,5,-3,0.25,4,-0.5
486,5,-3,0.25,4,-1
181,5,-3,0.25,4,-1.5
188,5,-3,0.25,4,-2
518,5,-3,0.25,5,-0.5
474,5,-3,0.25,5,-1
113,5,-3,0.25,5,-1.5
207,5,-3,0.25,5,-2
526,5,-3,0.75,1,-0.5
117,5,-3,0.75,1,-1
158,5,-3,0.75,1,-1.5
31,5,-3,0.75,1,-2
88,5,-3,0.75,2,-0.5
250,5,-3,0.75,2,-1
384,5,-3,0.75,2,-1.5
485,5,-3,0.75,2,-2
85,5,-3,0.75,3,-0.5
88,5,-3,0.75,3,-1
65,5,-3,0.75,3,-1.5
25,5,-3,0.75,3,-2
69,5,-3,0.75,4,-0.5
99,5,-3,0.75,4,-1
149,5,-3,0.75,4,-1.5
137,5,-3,0.75,4,-2
149,5,-3,0.75,5,-0.5
60,5,-3,0.75,5,-1
54,5,-3,0.75,5,-1.5
195,5,-3,0.75,5,-2
98,5,-3,1.25,1,-0.5
152,5,-3,1.25,1,-1
239,5,-3,1.25,1,-1.5
44,5,-3,1.25,1,-2
82,5,-3,1.25,2,-0.5
71,5,-3,1.25,2,-1
39,5,-3,1.25,2,-1.5
51,5,-3,1.25,2,-2
71,5,-3,1.25,3,-0.5
47,5,-3,1.25,3,-1
23,5,-3,1.25,3,-1.5
76,5,-3,1.25,3,-2
83,5,-3,1.25,4,-0.5
57,5,-3,1.25,4,-1
43,5,-3,1.25,4,-1.5
41,5,-3,1.25,4,-2
93,5,-3,1.25,5,-0.5
54,5,-3,1.25,5,-1
44,5,-3,1.25,5,-1.5
35,5,-3,1.25,5,-2
96,5,-3,1.75,1,-0.5
48,5,-3,1.75,1,-1
40,5,-3,1.75,1,-1.5
44,5,-3,1.75,1,-2
51,5,-3,1.75,2,-0.5
65,5,-3,1.75,2,-1
45,5,-3,1.75,2,-1.5
39,5,-3,1.75,2,-2
70,5,-3,1.75,3,-0.5
43,5,-3,1.75,3,-1
18,5,-3,1.75,3,-1.5
20,5,-3,1.75,3,-2
42,5,-3,1.75,4,-0.5
18,5,-3,1.75,4,-1
49,5,-3,1.75,4,-1.5
36,5,-3,1.75,4,-2
65,5,-3,1.75,5,-0.5
498,5,-3,1.75,5,-1
13,5,-3,1.75,5,-1.5
23,5,-3,1.75,5,-2
367,5,-4,0.25,1,-0.5
160,5,-4,0.25,1,-1
300,5,-4,0.25,1,-1.5
93,5,-4,0.25,1,-2
362,5,-4,0.25,2,-0.5
218,5,-4,0.25,2,-1
103,5,-4,0.25,2,-1.5
145,5,-4,0.25,2,-2
256,5,-4,0.25,3,-0.5
344,5,-4,0.25,3,-1
314,5,-4,0.25,3,-1.5
126,5,-4,0.25,3,-2
196,5,-4,0.25,4,-0.5
124,5,-4,0.25,4,-1
196,5,-4,0.25,4,-1.5
113,5,-4,0.25,4,-2
478,5,-4,0.25,5,-0.5
52,5,-4,0.25,5,-1
128,5,-4,0.25,5,-1.5
114,5,-4,0.25,5,-2
564,5,-4,0.75,1,-0.5
92,5,-4,0.75,1,-1
418,5,-4,0.75,1,-1.5
72,5,-4,0.75,1,-2
484,5,-4,0.75,2,-0.5
173,5,-4,0.75,2,-1
57,5,-4,0.75,2,-1.5
118,5,-4,0.75,2,-2
463,5,-4,0.75,3,-0.5
37,5,-4,0.75,3,-1
146,5,-4,0.75,3,-1.5
35,5,-4,0.75,3,-2
534,5,-4,0.75,4,-0.5
272,5,-4,0.75,4,-1
58,5,-4,0.75,4,-1.5
104,5,-4,0.75,4,-2
80,5,-4,0.75,5,-0.5
147,5,-4,0.75,5,-1
167,5,-4,0.75,5,-1.5
45,5,-4,0.75,5,-2
108,5,-4,1.25,1,-0.5
44,5,-4,1.25,1,-1
23,5,-4,1.25,1,-1.5
20,5,-4,1.25,1,-2
125,5,-4,1.25,2,-0.5
91,5,-4,1.25,2,-1
57,5,-4,1.25,2,-1.5
87,5,-4,1.25,2,-2
102,5,-4,1.25,3,-0.5
97,5,-4,1.25,3,-1
41,5,-4,1.25,3,-1.5
37,5,-4,1.25,3,-2
40,5,-4,1.25,4,-0.5
28,5,-4,1.25,4,-1
89,5,-4,1.25,4,-1.5
81,5,-4,1.25,4,-2
32,5,-4,1.25,5,-0.5
52,5,-4,1.25,5,-1
36,5,-4,1.25,5,-1.5
57,5,-4,1.25,5,-2
82,5,-4,1.75,1,-0.5
56,5,-4,1.75,1,-1
62,5,-4,1.75,1,-1.5
49,5,-4,1.75,1,-2
65,5,-4,1.75,2,-0.5
33,5,-4,1.75,2,-1
23,5,-4,1.75,2,-1.5
34,5,-4,1.75,2,-2
39,5,-4,1.75,3,-0.5
50,5,-4,1.75,3,-1
25,5,-4,1.75,3,-1.5
15,5,-4,1.75,3,-2
49,5,-4,1.75,4,-0.5
27,5,-4,1.75,4,-1
25,5,-4,1.75,4,-1.5
22,5,-4,1.75,4,-2
80,5,-4,1.75,5,-0.5
25,5,-4,1.75,5,-1
94,5,-4,1.75,5,-1.5
22,5,-4,1.75,5,-2
277,5,-5,0.25,1,-0.5
296,5,-5,0.25,1,-1
135,5,-5,0.25,1,-1.5
340,5,-5,0.25,1,-2
169,5,-5,0.25,2,-0.5
196,5,-5,0.25,2,-1
211,5,-5,0.25,2,-1.5
327,5,-5,0.25,2,-2
292,5,-5,0.25,3,-0.5
274,5,-5,0.25,3,-1
60,5,-5,0.25,3,-1.5
168,5,-5,0.25,3,-2
255,5,-5,0.25,4,-0.5
262,5,-5,0.25,4,-1
86,5,-5,0.25,4,-1.5
151,5,-5,0.25,4,-2
386,5,-5,0.25,5,-0.5
318,5,-5,0.25,5,-1
114,5,-5,0.25,5,-1.5
335,5,-5,0.25,5,-2
374,5,-5,0.75,1,-0.5
137,5,-5,0.75,1,-1
130,5,-5,0.75,1,-1.5
55,5,-5,0.75,1,-2
362,5,-5,0.75,2,-0.5
90,5,-5,0.75,2,-1
79,5,-5,0.75,2,-1.5
108,5,-5,0.75,2,-2
343,5,-5,0.75,3,-0.5
123,5,-5,0.75,3,-1
58,5,-5,0.75,3,-1.5
45,5,-5,0.75,3,-2
71,5,-5,0.75,4,-0.5
278,5,-5,0.75,4,-1
372,5,-5,0.75,4,-1.5
64,5,-5,0.75,4,-2
229,5,-5,0.75,5,-0.5
241,5,-5,0.75,5,-1
251,5,-5,0.75,5,-1.5
194,5,-5,0.75,5,-2
394,5,-5,1.25,1,-0.5
70,5,-5,1.25,1,-1
172,5,-5,1.25,1,-1.5
92,5,-5,1.25,1,-2
227,5,-5,1.25,2,-0.5
39,5,-5,1.25,2,-1
69,5,-5,1.25,2,-1.5
59,5,-5,1.25,2,-2
416,5,-5,1.25,3,-0.5
123,5,-5,1.25,3,-1
26,5,-5,1.25,3,-1.5
67,5,-5,1.25,3,-2
526,5,-5,1.25,4,-0.5
30,5,-5,1.25,4,-1
91,5,-5,1.25,4,-1.5
37,5,-5,1.25,4,-2
45,5,-5,1.25,5,-0.5
32,5,-5,1.25,5,-1
69,5,-5,1.25,5,-1.5
66,5,-5,1.25,5,-2
61,5,-5,1.75,1,-0.5
62,5,-5,1.75,1,-1
45,5,-5,1.75,1,-1.5
56,5,-5,1.75,1,-2
55,5,-5,1.75,2,-0.5
33,5,-5,1.75,2,-1
52,5,-5,1.75,2,-1.5
24,5,-5,1.75,2,-2
43,5,-5,1.75,3,-0.5
42,5,-5,1.75,3,-1
29,5,-5,1.75,3,-1.5
56,5,-5,1.75,3,-2
64,5,-5,1.75,4,-0.5
28,5,-5,1.75,4,-1
24,5,-5,1.75,4,-1.5
27,5,-5,1.75,4,-2
46,5,-5,1.75,5,-0.5
75,5,-5,1.75,5,-1
18,5,-5,1.75,5,-1.5
25,5,-5,1.75,5,-2
