85,1,-1,0.25,1,-0.5
33,1,-1,0.25,1,-1
52,1,-1,0.25,1,-1.5
39,1,-1,0.25,1,-2
117,1,-1,0.25,2,-0.5
38,1,-1,0.25,2,-1
59,1,-1,0.25,2,-1.5
43,1,-1,0.25,2,-2
81,1,-1,0.25,3,-0.5
41,1,-1,0.25,3,-1
49,1,-1,0.25,3,-1.5
35,1,-1,0.25,3,-2
77,1,-1,0.25,4,-0.5
55,1,-1,0.25,4,-1
49,1,-1,0.25,4,-1.5
25,1,-1,0.25,4,-2
96,1,-1,0.25,5,-0.5
32,1,-1,0.25,5,-1
43,1,-1,0.25,5,-1.5
25,1,-1,0.25,5,-2
65,1,-1,0.75,1,-0.5
48,1,-1,0.75,1,-1
53,1,-1,0.75,1,-1.5
32,1,-1,0.75,1,-2
68,1,-1,0.75,2,-0.5
59,1,-1,0.75,2,-1
53,1,-1,0.75,2,-1.5
59,1,-1,0.75,2,-2
43,1,-1,0.75,3,-0.5
50,1,-1,0.75,3,-1
79,1,-1,0.75,3,-1.5
71,1,-1,0.75,3,-2
45,1,-1,0.75,4,-0.5
42,1,-1,0.75,4,-1
61,1,-1,0.75,4,-1.5
41,1,-1,0.75,4,-2
48,1,-1,0.75,5,-0.5
41,1,-1,0.75,5,-1
60,1,-1,0.75,5,-1.5
76,1,-1,0.75,5,-2
102,1,-1,1.25,1,-0.5
86,1,-1,1.25,1,-1
106,1,-1,1.25,1,-1.5
84,1,-1,1.25,1,-2
116,1,-1,1.25,2,-0.5
78,1,-1,1.25,2,-1
79,1,-1,1.25,2,-1.5
69,1,-1,1.25,2,-2
99,1,-1,1.25,3,-0.5
77,1,-1,1.25,3,-1
71,1,-1,1.25,3,-1.5
58,1,-1,1.25,3,-2
113,1,-1,1.25,4,-0.5
78,1,-1,1.25,4,-1
67,1,-1,1.25,4,-1.5
60,1,-1,1.25,4,-2
99,1,-1,1.25,5,-0.5
76,1,-1,1.25,5,-1
53,1,-1,1.25,5,-1.5
78,1,-1,1.25,5,-2
168,1,-1,1.75,1,-0.5
133,1,-1,1.75,1,-1
129,1,-1,1.75,1,-1.5
118,1,-1,1.75,1,-2
126,1,-1,1.75,2,-0.5
135,1,-1,1.75,2,-1
117,1,-1,1.75,2,-1.5
124,1,-1,1.75,2,-2
152,1,-1,1.75,3,-0.5
140,1,-1,1.75,3,-1
145,1,-1,1.75,3,-1.5
114,1,-1,1.75,3,-2
154,1,-1,1.75,4,-0.5
142,1,-1,1.75,4,-1
134,1,-1,1.75,4,-1.5
112,1,-1,1.75,4,-2
132,1,-1,1.75,5,-0.5
130,1,-1,1.75,5,-1
146,1,-1,1.75,5,-1.5
108,1,-1,1.75,5,-2
147,1,-2,0.25,1,-0.5
31,1,-2,0.25,1,-1
26,1,-2,0.25,1,-1.5
41,1,-2,0.25,1,-2
75,1,-2,0.25,2,-0.5
35,1,-2,0.25,2,-1
43,1,-2,0.25,2,-1.5
29,1,-2,0.25,2,-2
90,1,-2,0.25,3,-0.5
62,1,-2,0.25,3,-1
42,1,-2,0.25,3,-1.5
70,1,-2,0.25,3,-2
120,1,-2,0.25,4,-0.5
92,1,-2,0.25,4,-1
25,1,-2,0.25,4,-1.5
21,1,-2,0.25,4,-2
38,1,-2,0.25,5,-0.5
37,1,-2,0.25,5,-1
64,1,-2,0.25,5,-1.5
22,1,-2,0.25,5,-2
30,1,-2,0.75,1,-0.5
78,1,-2,0.75,1,-1
18,1,-2,0.75,1,-1.5
14,1,-2,0.75,1,-2
56,1,-2,0.75,2,-0.5
27,1,-2,0.75,2,-1
45,1,-2,0.75,2,-1.5
16,1,-2,0.75,2,-2
45,1,-2,0.75,3,-0.5
53,1,-2,0.75,3,-1
25,1,-2,0.75,3,-1.5
27,1,-2,0.75,3,-2
51,1,-2,0.75,4,-0.5
50,1,-2,0.75,4,-1
66,1,-2,0.75,4,-1.5
47,1,-2,0.75,4,-2
122,1,-2,0.75,5,-0.5
73,1,-2,0.75,5,-1
27,1,-2,0.75,5,-1.5
53,1,-2,0.75,5,-2
71,1,-2,1.25,1,-0.5
60,1,-2,1.25,1,-1
28,1,-2,1.25,1,-1.5
44,1,-2,1.25,1,-2
70,1,-2,1.25,2,-0.5
82,1,-2,1.25,2,-1
39,1,-2,1.25,2,-1.5
63,1,-2,1.25,2,-2
53,1,-2,1.25,3,-0.5
34,1,-2,1.25,3,-1
30,1,-2,1.25,3,-1.5
54,1,-2,1.25,3,-2
54,1,-2,1.25,4,-0.5
42,1,-2,1.25,4,-1
53,1,-2,1.25,4,-1.5
70,1,-2,1.25,4,-2
85,1,-2,1.25,5,-0.5
52,1,-2,1.25,5,-1
49,1,-2,1.25,5,-1.5
57,1,-2,1.25,5,-2
101,1,-2,1.75,1,-0.5
98,1,-2,1.75,1,-1
75,1,-2,1.75,1,-1.5
73,1,-2,1.75,1,-2
102,1,-2,1.75,2,-0.5
80,1,-2,1.75,2,-1
73,1,-2,1.75,2,-1.5
100,1,-2,1.75,2,-2
84,1,-2,1.75,3,-0.5
76,1,-2,1.75,3,-1
65,1,-2,1.75,3,-1.5
89,1,-2,1.75,3,-2
108,1,-2,1.75,4,-0.5
84,1,-2,1.75,4,-1
82,1,-2,1.75,4,-1.5
68,1,-2,1.75,4,-2
96,1,-2,1.75,5,-0.5
79,1,-2,1.75,5,-1
93,1,-2,1.75,5,-1.5
72,1,-2,1.75,5,-2
155,1,-3,0.25,1,-0.5
172,1,-3,0.25,1,-1
531,1,-3,0.25,1,-1.5
77,1,-3,0.25,1,-2
176,1,-3,0.25,2,-0.5
298,1,-3,0.25,2,-1
105,1,-3,0.25,2,-1.5
52,1,-3,0.25,2,-2
355,1,-3,0.25,3,-0.5
346,1,-3,0.25,3,-1
289,1,-3,0.25,3,-1.5
19,1,-3,0.25,3,-2
379,1,-3,0.25,4,-0.5
88,1,-3,0.25,4,-1
139,1,-3,0.25,4,-1.5
188,1,-3,0.25,4,-2
283,1,-3,0.25,5,-0.5
254,1,-3,0.25,5,-1
93,1,-3,0.25,5,-1.5
153,1,-3,0.25,5,-2
393,1,-3,0.75,1,-0.5
35,1,-3,0.75,1,-1
46,1,-3,0.75,1,-1.5
25,1,-3,0.75,1,-2
26,1,-3,0.75,2,-0.5
61,1,-3,0.75,2,-1
54,1,-3,0.75,2,-1.5
22,1,-3,0.75,2,-2
65,1,-3,0.75,3,-0.5
53,1,-3,0.75,3,-1
17,1,-3,0.75,3,-1.5
37,1,-3,0.75,3,-2
27,1,-3,0.75,4,-0.5
48,1,-3,0.75,4,-1
36,1,-3,0.75,4,-1.5
39,1,-3,0.75,4,-2
48,1,-3,0.75,5,-0.5
17,1,-3,0.75,5,-1
45,1,-3,0.75,5,-1.5
46,1,-3,0.75,5,-2
42,1,-3,1.25,1,-0.5
23,1,-3,1.25,1,-1
43,1,-3,1.25,1,-1.5
20,1,-3,1.25,1,-2
63,1,-3,1.25,2,-0.5
38,1,-3,1.25,2,-1
40,1,-3,1.25,2,-1.5
20,1,-3,1.25,2,-2
56,1,-3,1.25,3,-0.5
44,1,-3,1.25,3,-1
48,1,-3,1.25,3,-1.5
40,1,-3,1.25,3,-2
49,1,-3,1.25,4,-0.5
44,1,-3,1.25,4,-1
29,1,-3,1.25,4,-1.5
31,1,-3,1.25,4,-2
24,1,-3,1.25,5,-0.5
33,1,-3,1.25,5,-1
41,1,-3,1.25,5,-1.5
34,1,-3,1.25,5,-2
88,1,-3,1.75,1,-0.5
67,1,-3,1.75,1,-1
59,1,-3,1.75,1,-1.5
64,1,-3,1.75,1,-2
98,1,-3,1.75,2,-0.5
89,1,-3,1.75,2,-1
60,1,-3,1.75,2,-1.5
63,1,-3,1.75,2,-2
95,1,-3,1.75,3,-0.5
77,1,-3,1.75,3,-1
68,1,-3,1.75,3,-1.5
40,1,-3,1.75,3,-2
60,1,-3,1.75,4,-0.5
85,1,-3,1.75,4,-1
41,1,-3,1.75,4,-1.5
46,1,-3,1.75,4,-2
80,1,-3,1.75,5,-0.5
49,1,-3,1.75,5,-1
52,1,-3,1.75,5,-1.5
40,1,-3,1.75,5,-2
86,1,-4,0.25,1,-0.5
35,1,-4,0.25,1,-1
27,1,-4,0.25,1,-1.5
192,1,-4,0.25,1,-2
304,1,-4,0.25,2,-0.5
272,1,-4,0.25,2,-1
49,1,-4,0.25,2,-1.5
163,1,-4,0.25,2,-2
429,1,-4,0.25,3,-0.5
367,1,-4,0.25,3,-1
220,1,-4,0.25,3,-1.5
81,1,-4,0.25,3,-2
96,1,-4,0.25,4,-0.5
339,1,-4,0.25,4,-1
283,1,-4,0.25,4,-1.5
88,1,-4,0.25,4,-2
65,1,-4,0.25,5,-0.5
458,1,-4,0.25,5,-1
129,1,-4,0.25,5,-1.5
113,1,-4,0.25,5,-2
351,1,-4,0.75,1,-0.5
357,1,-4,0.75,1,-1
53,1,-4,0.75,1,-1.5
198,1,-4,0.75,1,-2
269,1,-4,0.75,2,-0.5
48,1,-4,0.75,2,-1
62,1,-4,0.75,2,-1.5
38,1,-4,0.75,2,-2
47,1,-4,0.75,3,-0.5
40,1,-4,0.75,3,-1
305,1,-4,0.75,3,-1.5
98,1,-4,0.75,3,-2
68,1,-4,0.75,4,-0.5
39,1,-4,0.75,4,-1
31,1,-4,0.75,4,-1.5
135,1,-4,0.75,4,-2
29,1,-4,0.75,5,-0.5
88,1,-4,0.75,5,-1
65,1,-4,0.75,5,-1.5
59,1,-4,0.75,5,-2
35,1,-4,1.25,1,-0.5
47,1,-4,1.25,1,-1
46,1,-4,1.25,1,-1.5
33,1,-4,1.25,1,-2
27,1,-4,1.25,2,-0.5
37,1,-4,1.25,2,-1
23,1,-4,1.25,2,-1.5
39,1,-4,1.25,2,-2
28,1,-4,1.25,3,-0.5
31,1,-4,1.25,3,-1
40,1,-4,1.25,3,-1.5
36,1,-4,1.25,3,-2
43,1,-4,1.25,4,-0.5
45,1,-4,1.25,4,-1
83,1,-4,1.25,4,-1.5
69,1,-4,1.25,4,-2
18,1,-4,1.25,5,-0.5
28,1,-4,1.25,5,-1
41,1,-4,1.25,5,-1.5
50,1,-4,1.25,5,-2
73,1,-4,1.75,1,-0.5
54,1,-4,1.75,1,-1
48,1,-4,1.75,1,-1.5
49,1,-4,1.75,1,-2
77,1,-4,1.75,2,-0.5
55,1,-4,1.75,2,-1
52,1,-4,1.75,2,-1.5
52,1,-4,1.75,2,-2
62,1,-4,1.75,3,-0.5
28,1,-4,1.75,3,-1
46,1,-4,1.75,3,-1.5
40,1,-4,1.75,3,-2
62,1,-4,1.75,4,-0.5
94,1,-4,1.75,4,-1
72,1,-4,1.75,4,-1.5
50,1,-4,1.75,4,-2
67,1,-4,1.75,5,-0.5
51,1,-4,1.75,5,-1
48,1,-4,1.75,5,-1.5
41,1,-4,1.75,5,-2
255,1,-5,0.25,1,-0.5
377,1,-5,0.25,1,-1
69,1,-5,0.25,1,-1.5
122,1,-5,0.25,1,-2
444,1,-5,0.25,2,-0.5
237,1,-5,0.25,2,-1
184,1,-5,0.25,2,-1.5
109,1,-5,0.25,2,-2
357,1,-5,0.25,3,-0.5
326,1,-5,0.25,3,-1
310,1,-5,0.25,3,-1.5
93,1,-5,0.25,3,-2
223,1,-5,0.25,4,-0.5
158,1,-5,0.25,4,-1
94,1,-5,0.25,4,-1.5
151,1,-5,0.25,4,-2
332,1,-5,0.25,5,-0.5
253,1,-5,0.25,5,-1
160,1,-5,0.25,5,-1.5
512,1,-5,0.25,5,-2
495,1,-5,0.75,1,-0.5
104,1,-5,0.75,1,-1
30,1,-5,0.75,1,-1.5
119,1,-5,0.75,1,-2
64,1,-5,0.75,2,-0.5
199,1,-5,0.75,2,-1
331,1,-5,0.75,2,-1.5
118,1,-5,0.75,2,-2
212,1,-5,0.75,3,-0.5
34,1,-5,0.75,3,-1
35,1,-5,0.75,3,-1.5
38,1,-5,0.75,3,-2
108,1,-5,0.75,4,-0.5
23,1,-5,0.75,4,-1
155,1,-5,0.75,4,-1.5
336,1,-5,0.75,4,-2
21,1,-5,0.75,5,-0.5
75,1,-5,0.75,5,-1
34,1,-5,0.75,5,-1.5
91,1,-5,0.75,5,-2
49,1,-5,1.25,1,-0.5
25,1,-5,1.25,1,-1
96,1,-5,1.25,1,-1.5
177,1,-5,1.25,1,-2
38,1,-5,1.25,2,-0.5
60,1,-5,1.25,2,-1
59,1,-5,1.25,2,-1.5
51,1,-5,1.25,2,-2
54,1,-5,1.25,3,-0.5
131,1,-5,1.25,3,-1
138,1,-5,1.25,3,-1.5
20,1,-5,1.25,3,-2
57,1,-5,1.25,4,-0.5
107,1,-5,1.25,4,-1
34,1,-5,1.25,4,-1.5
114,1,-5,1.25,4,-2
23,1,-5,1.25,5,-0.5
30,1,-5,1.25,5,-1
145,1,-5,1.25,5,-1.5
36,1,-5,1.25,5,-2
67,1,-5,1.75,1,-0.5
54,1,-5,1.75,1,-1
64,1,-5,1.75,1,-1.5
28,1,-5,1.75,1,-2
51,1,-5,1.75,2,-0.5
25,1,-5,1.75,2,-1
32,1,-5,1.75,2,-1.5
34,1,-5,1.75,2,-2
43,1,-5,1.75,3,-0.5
41,1,-5,1.75,3,-1
46,1,-5,1.75,3,-1.5
36,1,-5,1.75,3,-2
57,1,-5,1.75,4,-0.5
29,1,-5,1.75,4,-1
17,1,-5,1.75,4,-1.5
29,1,-5,1.75,4,-2
30,1,-5,1.75,5,-0.5
17,1,-5,1.75,5,-1
32,1,-5,1.75,5,-1.5
49,1,-5,1.75,5,-2
60,2,-1,0.25,1,-0.5
35,2,-1,0.25,1,-1
61,2,-1,0.25,1,-1.5
39,2,-1,0.25,1,-2
145,2,-1,0.25,2,-0.5
65,2,-1,0.25,2,-1
51,2,-1,0.25,2,-1.5
25,2,-1,0.25,2,-2
115,2,-1,0.25,3,-0.5
92,2,-1,0.25,3,-1
33,2,-1,0.25,3,-1.5
47,2,-1,0.25,3,-2
312,2,-1,0.25,4,-0.5
59,2,-1,0.25,4,-1
90,2,-1,0.25,4,-1.5
55,2,-1,0.25,4,-2
98,2,-1,0.25,5,-0.5
83,2,-1,0.25,5,-1
56,2,-1,0.25,5,-1.5
57,2,-1,0.25,5,-2
55,2,-1,0.75,1,-0.5
59,2,-1,0.75,1,-1
44,2,-1,0.75,1,-1.5
37,2,-1,0.75,1,-2
62,2,-1,0.75,2,-0.5
44,2,-1,0.75,2,-1
25,2,-1,0.75,2,-1.5
52,2,-1,0.75,2,-2
59,2,-1,0.75,3,-0.5
35,2,-1,0.75,3,-1
36,2,-1,0.75,3,-1.5
63,2,-1,0.75,3,-2
46,2,-1,0.75,4,-0.5
57,2,-1,0.75,4,-1
44,2,-1,0.75,4,-1.5
57,2,-1,0.75,4,-2
57,2,-1,0.75,5,-0.5
45,2,-1,0.75,5,-1
65,2,-1,0.75,5,-1.5
47,2,-1,0.75,5,-2
92,2,-1,1.25,1,-0.5
65,2,-1,1.25,1,-1
64,2,-1,1.25,1,-1.5
67,2,-1,1.25,1,-2
81,2,-1,1.25,2,-0.5
56,2,-1,1.25,2,-1
56,2,-1,1.25,2,-1.5
86,2,-1,1.25,2,-2
94,2,-1,1.25,3,-0.5
28,2,-1,1.25,3,-1
35,2,-1,1.25,3,-1.5
46,2,-1,1.25,3,-2
77,2,-1,1.25,4,-0.5
58,2,-1,1.25,4,-1
41,2,-1,1.25,4,-1.5
70,2,-1,1.25,4,-2
75,2,-1,1.25,5,-0.5
62,2,-1,1.25,5,-1
65,2,-1,1.25,5,-1.5
74,2,-1,1.25,5,-2
132,2,-1,1.75,1,-0.5
110,2,-1,1.75,1,-1
84,2,-1,1.75,1,-1.5
81,2,-1,1.75,1,-2
111,2,-1,1.75,2,-0.5
112,2,-1,1.75,2,-1
84,2,-1,1.75,2,-1.5
63,2,-1,1.75,2,-2
116,2,-1,1.75,3,-0.5
97,2,-1,1.75,3,-1
94,2,-1,1.75,3,-1.5
65,2,-1,1.75,3,-2
130,2,-1,1.75,4,-0.5
75,2,-1,1.75,4,-1
96,2,-1,1.75,4,-1.5
84,2,-1,1.75,4,-2
145,2,-1,1.75,5,-0.5
85,2,-1,1.75,5,-1
76,2,-1,1.75,5,-1.5
79,2,-1,1.75,5,-2
492,2,-2,0.25,1,-0.5
294,2,-2,0.25,1,-1
159,2,-2,0.25,1,-1.5
115,2,-2,0.25,1,-2
233,2,-2,0.25,2,-0.5
250,2,-2,0.25,2,-1
43,2,-2,0.25,2,-1.5
65,2,-2,0.25,2,-2
238,2,-2,0.25,3,-0.5
49,2,-2,0.25,3,-1
209,2,-2,0.25,3,-1.5
32,2,-2,0.25,3,-2
99,2,-2,0.25,4,-0.5
236,2,-2,0.25,4,-1
47,2,-2,0.25,4,-1.5
58,2,-2,0.25,4,-2
124,2,-2,0.25,5,-0.5
65,2,-2,0.25,5,-1
71,2,-2,0.25,5,-1.5
128,2,-2,0.25,5,-2
66,2,-2,0.75,1,-0.5
64,2,-2,0.75,1,-1
40,2,-2,0.75,1,-1.5
30,2,-2,0.75,1,-2
78,2,-2,0.75,2,-0.5
18,2,-2,0.75,2,-1
36,2,-2,0.75,2,-1.5
65,2,-2,0.75,2,-2
53,2,-2,0.75,3,-0.5
45,2,-2,0.75,3,-1
22,2,-2,0.75,3,-1.5
19,2,-2,0.75,3,-2
29,2,-2,0.75,4,-0.5
19,2,-2,0.75,4,-1
29,2,-2,0.75,4,-1.5
16,2,-2,0.75,4,-2
36,2,-2,0.75,5,-0.5
41,2,-2,0.75,5,-1
33,2,-2,0.75,5,-1.5
62,2,-2,0.75,5,-2
67,2,-2,1.25,1,-0.5
39,2,-2,1.25,1,-1
78,2,-2,1.25,1,-1.5
28,2,-2,1.25,1,-2
26,2,-2,1.25,2,-0.5
38,2,-2,1.25,2,-1
20,2,-2,1.25,2,-1.5
36,2,-2,1.25,2,-2
39,2,-2,1.25,3,-0.5
49,2,-2,1.25,3,-1
28,2,-2,1.25,3,-1.5
33,2,-2,1.25,3,-2
73,2,-2,1.25,4,-0.5
34,2,-2,1.25,4,-1
28,2,-2,1.25,4,-1.5
26,2,-2,1.25,4,-2
57,2,-2,1.25,5,-0.5
49,2,-2,1.25,5,-1
41,2,-2,1.25,5,-1.5
35,2,-2,1.25,5,-2
86,2,-2,1.75,1,-0.5
56,2,-2,1.75,1,-1
25,2,-2,1.75,1,-1.5
55,2,-2,1.75,1,-2
97,2,-2,1.75,2,-0.5
66,2,-2,1.75,2,-1
76,2,-2,1.75,2,-1.5
48,2,-2,1.75,2,-2
81,2,-2,1.75,3,-0.5
74,2,-2,1.75,3,-1
34,2,-2,1.75,3,-1.5
46,2,-2,1.75,3,-2
63,2,-2,1.75,4,-0.5
56,2,-2,1.75,4,-1
55,2,-2,1.75,4,-1.5
54,2,-2,1.75,4,-2
84,2,-2,1.75,5,-0.5
71,2,-2,1.75,5,-1
63,2,-2,1.75,5,-1.5
78,2,-2,1.75,5,-2
452,2,-3,0.25,1,-0.5
159,2,-3,0.25,1,-1
418,2,-3,0.25,1,-1.5
157,2,-3,0.25,1,-2
272,2,-3,0.25,2,-0.5
145,2,-3,0.25,2,-1
46,2,-3,0.25,2,-1.5
32,2,-3,0.25,2,-2
90,2,-3,0.25,3,-0.5
59,2,-3,0.25,3,-1
40,2,-3,0.25,3,-1.5
378,2,-3,0.25,3,-2
198,2,-3,0.25,4,-0.5
117,2,-3,0.25,4,-1
170,2,-3,0.25,4,-1.5
199,2,-3,0.25,4,-2
220,2,-3,0.25,5,-0.5
257,2,-3,0.25,5,-1
400,2,-3,0.25,5,-1.5
30,2,-3,0.25,5,-2
266,2,-3,0.75,1,-0.5
50,2,-3,0.75,1,-1
436,2,-3,0.75,1,-1.5
48,2,-3,0.75,1,-2
278,2,-3,0.75,2,-0.5
275,2,-3,0.75,2,-1
83,2,-3,0.75,2,-1.5
51,2,-3,0.75,2,-2
42,2,-3,0.75,3,-0.5
26,2,-3,0.75,3,-1
19,2,-3,0.75,3,-1.5
97,2,-3,0.75,3,-2
43,2,-3,0.75,4,-0.5
43,2,-3,0.75,4,-1
49,2,-3,0.75,4,-1.5
30,2,-3,0.75,4,-2
40,2,-3,0.75,5,-0.5
48,2,-3,0.75,5,-1
45,2,-3,0.75,5,-1.5
43,2,-3,0.75,5,-2
44,2,-3,1.25,1,-0.5
38,2,-3,1.25,1,-1
280,2,-3,1.25,1,-1.5
31,2,-3,1.25,1,-2
27,2,-3,1.25,2,-0.5
22,2,-3,1.25,2,-1
33,2,-3,1.25,2,-1.5
32,2,-3,1.25,2,-2
38,2,-3,1.25,3,-0.5
26,2,-3,1.25,3,-1
21,2,-3,1.25,3,-1.5
20,2,-3,1.25,3,-2
54,2,-3,1.25,4,-0.5
49,2,-3,1.25,4,-1
17,2,-3,1.25,4,-1.5
42,2,-3,1.25,4,-2
28,2,-3,1.25,5,-0.5
29,2,-3,1.25,5,-1
43,2,-3,1.25,5,-1.5
28,2,-3,1.25,5,-2
69,2,-3,1.75,1,-0.5
73,2,-3,1.75,1,-1
39,2,-3,1.75,1,-1.5
41,2,-3,1.75,1,-2
72,2,-3,1.75,2,-0.5
64,2,-3,1.75,2,-1
57,2,-3,1.75,2,-1.5
28,2,-3,1.75,2,-2
41,2,-3,1.75,3,-0.5
59,2,-3,1.75,3,-1
47,2,-3,1.75,3,-1.5
39,2,-3,1.75,3,-2
67,2,-3,1.75,4,-0.5
54,2,-3,1.75,4,-1
51,2,-3,1.75,4,-1.5
99,2,-3,1.75,4,-2
50,2,-3,1.75,5,-0.5
47,2,-3,1.75,5,-1
26,2,-3,1.75,5,-1.5
34,2,-3,1.75,5,-2
578,2,-4,0.25,1,-0.5
213,2,-4,0.25,1,-1
398,2,-4,0.25,1,-1.5
347,2,-4,0.25,1,-2
359,2,-4,0.25,2,-0.5
504,2,-4,0.25,2,-1
308,2,-4,0.25,2,-1.5
338,2,-4,0.25,2,-2
225,2,-4,0.25,3,-0.5
337,2,-4,0.25,3,-1
211,2,-4,0.25,3,-1.5
194,2,-4,0.25,3,-2
131,2,-4,0.25,4,-0.5
402,2,-4,0.25,4,-1
260,2,-4,0.25,4,-1.5
313,2,-4,0.25,4,-2
69,2,-4,0.25,5,-0.5
284,2,-4,0.25,5,-1
85,2,-4,0.25,5,-1.5
127,2,-4,0.25,5,-2
402,2,-4,0.75,1,-0.5
221,2,-4,0.75,1,-1
51,2,-4,0.75,1,-1.5
27,2,-4,0.75,1,-2
662,2,-4,0.75,2,-0.5
41,2,-4,0.75,2,-1
123,2,-4,0.75,2,-1.5
49,2,-4,0.75,2,-2
30,2,-4,0.75,3,-0.5
29,2,-4,0.75,3,-1
526,2,-4,0.75,3,-1.5
30,2,-4,0.75,3,-2
64,2,-4,0.75,4,-0.5
53,2,-4,0.75,4,-1
526,2,-4,0.75,4,-1.5
42,2,-4,0.75,4,-2
39,2,-4,0.75,5,-0.5
304,2,-4,0.75,5,-1
30,2,-4,0.75,5,-1.5
60,2,-4,0.75,5,-2
49,2,-4,1.25,1,-0.5
75,2,-4,1.25,1,-1
20,2,-4,1.25,1,-1.5
64,2,-4,1.25,1,-2
66,2,-4,1.25,2,-0.5
21,2,-4,1.25,2,-1
25,2,-4,1.25,2,-1.5
38,2,-4,1.25,2,-2
49,2,-4,1.25,3,-0.5
35,2,-4,1.25,3,-1
26,2,-4,1.25,3,-1.5
32,2,-4,1.25,3,-2
75,2,-4,1.25,4,-0.5
113,2,-4,1.25,4,-1
28,2,-4,1.25,4,-1.5
33,2,-4,1.25,4,-2
28,2,-4,1.25,5,-0.5
48,2,-4,1.25,5,-1
40,2,-4,1.25,5,-1.5
53,2,-4,1.25,5,-2
66,2,-4,1.75,1,-0.5
60,2,-4,1.75,1,-1
45,2,-4,1.75,1,-1.5
25,2,-4,1.75,1,-2
41,2,-4,1.75,2,-0.5
57,2,-4,1.75,2,-1
36,2,-4,1.75,2,-1.5
22,2,-4,1.75,2,-2
65,2,-4,1.75,3,-0.5
35,2,-4,1.75,3,-1
44,2,-4,1.75,3,-1.5
37,2,-4,1.75,3,-2
39,2,-4,1.75,4,-0.5
27,2,-4,1.75,4,-1
53,2,-4,1.75,4,-1.5
52,2,-4,1.75,4,-2
28,2,-4,1.75,5,-0.5
54,2,-4,1.75,5,-1
54,2,-4,1.75,5,-1.5
26,2,-4,1.75,5,-2
580,2,-5,0.25,1,-0.5
325,2,-5,0.25,1,-1
123,2,-5,0.25,1,-1.5
318,2,-5,0.25,1,-2
298,2,-5,0.25,2,-0.5
375,2,-5,0.25,2,-1
175,2,-5,0.25,2,-1.5
188,2,-5,0.25,2,-2
234,2,-5,0.25,3,-0.5
454,2,-5,0.25,3,-1
90,2,-5,0.25,3,-1.5
162,2,-5,0.25,3,-2
367,2,-5,0.25,4,-0.5
260,2,-5,0.25,4,-1
70,2,-5,0.25,4,-1.5
311,2,-5,0.25,4,-2
406,2,-5,0.25,5,-0.5
367,2,-5,0.25,5,-1
343,2,-5,0.25,5,-1.5
396,2,-5,0.25,5,-2
470,2,-5,0.75,1,-0.5
388,2,-5,0.75,1,-1
153,2,-5,0.75,1,-1.5
133,2,-5,0.75,1,-2
679,2,-5,0.75,2,-0.5
307,2,-5,0.75,2,-1
52,2,-5,0.75,2,-1.5
99,2,-5,0.75,2,-2
679,2,-5,0.75,3,-0.5
245,2,-5,0.75,3,-1
232,2,-5,0.75,3,-1.5
277,2,-5,0.75,3,-2
182,2,-5,0.75,4,-0.5
75,2,-5,0.75,4,-1
103,2,-5,0.75,4,-1.5
39,2,-5,0.75,4,-2
194,2,-5,0.75,5,-0.5
174,2,-5,0.75,5,-1
32,2,-5,0.75,5,-1.5
22,2,-5,0.75,5,-2
45,2,-5,1.25,1,-0.5
387,2,-5,1.25,1,-1
22,2,-5,1.25,1,-1.5
34,2,-5,1.25,1,-2
185,2,-5,1.25,2,-0.5
387,2,-5,1.25,2,-1
20,2,-5,1.25,2,-1.5
48,2,-5,1.25,2,-2
388,2,-5,1.25,3,-0.5
22,2,-5,1.25,3,-1
51,2,-5,1.25,3,-1.5
41,2,-5,1.25,3,-2
33,2,-5,1.25,4,-0.5
30,2,-5,1.25,4,-1
121,2,-5,1.25,4,-1.5
100,2,-5,1.25,4,-2
30,2,-5,1.25,5,-0.5
16,2,-5,1.25,5,-1
23,2,-5,1.25,5,-1.5
36,2,-5,1.25,5,-2
43,2,-5,1.75,1,-0.5
77,2,-5,1.75,1,-1
17,2,-5,1.75,1,-1.5
48,2,-5,1.75,1,-2
70,2,-5,1.75,2,-0.5
35,2,-5,1.75,2,-1
29,2,-5,1.75,2,-1.5
29,2,-5,1.75,2,-2
63,2,-5,1.75,3,-0.5
22,2,-5,1.75,3,-1
109,2,-5,1.75,3,-1.5
30,2,-5,1.75,3,-2
37,2,-5,1.75,4,-0.5
28,2,-5,1.75,4,-1
30,2,-5,1.75,4,-1.5
41,2,-5,1.75,4,-2
37,2,-5,1.75,5,-0.5
41,2,-5,1.75,5,-1
66,2,-5,1.75,5,-1.5
28,2,-5,1.75,5,-2
175,3,-1,0.25,1,-0.5
156,3,-1,0.25,1,-1
320,3,-1,0.25,1,-1.5
80,3,-1,0.25,1,-2
456,3,-1,0.25,2,-0.5
110,3,-1,0.25,2,-1
95,3,-1,0.25,2,-1.5
32,3,-1,0.25,2,-2
141,3,-1,0.25,3,-0.5
264,3,-1,0.25,3,-1
51,3,-1,0.25,3,-1.5
79,3,-1,0.25,3,-2
359,3,-1,0.25,4,-0.5
73,3,-1,0.25,4,-1
46,3,-1,0.25,4,-1.5
62,3,-1,0.25,4,-2
135,3,-1,0.25,5,-0.5
185,3,-1,0.25,5,-1
77,3,-1,0.25,5,-1.5
60,3,-1,0.25,5,-2
133,3,-1,0.75,1,-0.5
71,3,-1,0.75,1,-1
38,3,-1,0.75,1,-1.5
78,3,-1,0.75,1,-2
49,3,-1,0.75,2,-0.5
74,3,-1,0.75,2,-1
54,3,-1,0.75,2,-1.5
54,3,-1,0.75,2,-2
89,3,-1,0.75,3,-0.5
44,3,-1,0.75,3,-1
45,3,-1,0.75,3,-1.5
25,3,-1,0.75,3,-2
62,3,-1,0.75,4,-0.5
34,3,-1,0.75,4,-1
24,3,-1,0.75,4,-1.5
58,3,-1,0.75,4,-2
79,3,-1,0.75,5,-0.5
46,3,-1,0.75,5,-1
49,3,-1,0.75,5,-1.5
46,3,-1,0.75,5,-2
71,3,-1,1.25,1,-0.5
45,3,-1,1.25,1,-1
38,3,-1,1.25,1,-1.5
28,3,-1,1.25,1,-2
67,3,-1,1.25,2,-0.5
51,3,-1,1.25,2,-1
38,3,-1,1.25,2,-1.5
35,3,-1,1.25,2,-2
57,3,-1,1.25,3,-0.5
69,3,-1,1.25,3,-1
51,3,-1,1.25,3,-1.5
57,3,-1,1.25,3,-2
37,3,-1,1.25,4,-0.5
50,3,-1,1.25,4,-1
42,3,-1,1.25,4,-1.5
44,3,-1,1.25,4,-2
51,3,-1,1.25,5,-0.5
72,3,-1,1.25,5,-1
25,3,-1,1.25,5,-1.5
39,3,-1,1.25,5,-2
144,3,-1,1.75,1,-0.5
111,3,-1,1.75,1,-1
118,3,-1,1.75,1,-1.5
84,3,-1,1.75,1,-2
108,3,-1,1.75,2,-0.5
83,3,-1,1.75,2,-1
72,3,-1,1.75,2,-1.5
55,3,-1,1.75,2,-2
75,3,-1,1.75,3,-0.5
52,3,-1,1.75,3,-1
70,3,-1,1.75,3,-1.5
63,3,-1,1.75,3,-2
102,3,-1,1.75,4,-0.5
80,3,-1,1.75,4,-1
89,3,-1,1.75,4,-1.5
67,3,-1,1.75,4,-2
96,3,-1,1.75,5,-0.5
77,3,-1,1.75,5,-1
79,3,-1,1.75,5,-1.5
87,3,-1,1.75,5,-2
253,3,-2,0.25,1,-0.5
427,3,-2,0.25,1,-1
173,3,-2,0.25,1,-1.5
106,3,-2,0.25,1,-2
130,3,-2,0.25,2,-0.5
168,3,-2,0.25,2,-1
81,3,-2,0.25,2,-1.5
319,3,-2,0.25,2,-2
308,3,-2,0.25,3,-0.5
269,3,-2,0.25,3,-1
165,3,-2,0.25,3,-1.5
123,3,-2,0.25,3,-2
412,3,-2,0.25,4,-0.5
469,3,-2,0.25,4,-1
97,3,-2,0.25,4,-1.5
94,3,-2,0.25,4,-2
126,3,-2,0.25,5,-0.5
205,3,-2,0.25,5,-1
323,3,-2,0.25,5,-1.5
51,3,-2,0.25,5,-2
152,3,-2,0.75,1,-0.5
128,3,-2,0.75,1,-1
81,3,-2,0.75,1,-1.5
57,3,-2,0.75,1,-2
47,3,-2,0.75,2,-0.5
29,3,-2,0.75,2,-1
24,3,-2,0.75,2,-1.5
39,3,-2,0.75,2,-2
45,3,-2,0.75,3,-0.5
338,3,-2,0.75,3,-1
52,3,-2,0.75,3,-1.5
32,3,-2,0.75,3,-2
47,3,-2,0.75,4,-0.5
48,3,-2,0.75,4,-1
41,3,-2,0.75,4,-1.5
30,3,-2,0.75,4,-2
58,3,-2,0.75,5,-0.5
59,3,-2,0.75,5,-1
26,3,-2,0.75,5,-1.5
46,3,-2,0.75,5,-2
48,3,-2,1.25,1,-0.5
53,3,-2,1.25,1,-1
36,3,-2,1.25,1,-1.5
26,3,-2,1.25,1,-2
51,3,-2,1.25,2,-0.5
36,3,-2,1.25,2,-1
44,3,-2,1.25,2,-1.5
36,3,-2,1.25,2,-2
53,3,-2,1.25,3,-0.5
35,3,-2,1.25,3,-1
46,3,-2,1.25,3,-1.5
56,3,-2,1.25,3,-2
47,3,-2,1.25,4,-0.5
46,3,-2,1.25,4,-1
23,3,-2,1.25,4,-1.5
36,3,-2,1.25,4,-2
60,3,-2,1.25,5,-0.5
37,3,-2,1.25,5,-1
32,3,-2,1.25,5,-1.5
37,3,-2,1.25,5,-2
80,3,-2,1.75,1,-0.5
50,3,-2,1.75,1,-1
60,3,-2,1.75,1,-1.5
77,3,-2,1.75,1,-2
69,3,-2,1.75,2,-0.5
73,3,-2,1.75,2,-1
32,3,-2,1.75,2,-1.5
69,3,-2,1.75,2,-2
71,3,-2,1.75,3,-0.5
113,3,-2,1.75,3,-1
75,3,-2,1.75,3,-1.5
58,3,-2,1.75,3,-2
72,3,-2,1.75,4,-0.5
55,3,-2,1.75,4,-1
46,3,-2,1.75,4,-1.5
45,3,-2,1.75,4,-2
46,3,-2,1.75,5,-0.5
53,3,-2,1.75,5,-1
45,3,-2,1.75,5,-1.5
67,3,-2,1.75,5,-2
441,3,-3,0.25,1,-0.5
117,3,-3,0.25,1,-1
194,3,-3,0.25,1,-1.5
319,3,-3,0.25,1,-2
284,3,-3,0.25,2,-0.5
331,3,-3,0.25,2,-1
150,3,-3,0.25,2,-1.5
112,3,-3,0.25,2,-2
516,3,-3,0.25,3,-0.5
222,3,-3,0.25,3,-1
310,3,-3,0.25,3,-1.5
107,3,-3,0.25,3,-2
561,3,-3,0.25,4,-0.5
291,3,-3,0.25,4,-1
203,3,-3,0.25,4,-1.5
102,3,-3,0.25,4,-2
170,3,-3,0.25,5,-0.5
456,3,-3,0.25,5,-1
391,3,-3,0.25,5,-1.5
47,3,-3,0.25,5,-2
451,3,-3,0.75,1,-0.5
113,3,-3,0.75,1,-1
248,3,-3,0.75,1,-1.5
49,3,-3,0.75,1,-2
169,3,-3,0.75,2,-0.5
32,3,-3,0.75,2,-1
95,3,-3,0.75,2,-1.5
349,3,-3,0.75,2,-2
476,3,-3,0.75,3,-0.5
27,3,-3,0.75,3,-1
85,3,-3,0.75,3,-1.5
21,3,-3,0.75,3,-2
161,3,-3,0.75,4,-0.5
42,3,-3,0.75,4,-1
69,3,-3,0.75,4,-1.5
28,3,-3,0.75,4,-2
61,3,-3,0.75,5,-0.5
81,3,-3,0.75,5,-1
36,3,-3,0.75,5,-1.5
14,3,-3,0.75,5,-2
45,3,-3,1.25,1,-0.5
45,3,-3,1.25,1,-1
46,3,-3,1.25,1,-1.5
66,3,-3,1.25,1,-2
78,3,-3,1.25,2,-0.5
69,3,-3,1.25,2,-1
27,3,-3,1.25,2,-1.5
27,3,-3,1.25,2,-2
33,3,-3,1.25,3,-0.5
29,3,-3,1.25,3,-1
35,3,-3,1.25,3,-1.5
23,3,-3,1.25,3,-2
44,3,-3,1.25,4,-0.5
30,3,-3,1.25,4,-1
43,3,-3,1.25,4,-1.5
31,3,-3,1.25,4,-2
74,3,-3,1.25,5,-0.5
20,3,-3,1.25,5,-1
33,3,-3,1.25,5,-1.5
26,3,-3,1.25,5,-2
56,3,-3,1.75,1,-0.5
38,3,-3,1.75,1,-1
44,3,-3,1.75,1,-1.5
31,3,-3,1.75,1,-2
64,3,-3,1.75,2,-0.5
47,3,-3,1.75,2,-1
30,3,-3,1.75,2,-1.5
20,3,-3,1.75,2,-2
67,3,-3,1.75,3,-0.5
31,3,-3,1.75,3,-1
46,3,-3,1.75,3,-1.5
40,3,-3,1.75,3,-2
76,3,-3,1.75,4,-0.5
28,3,-3,1.75,4,-1
36,3,-3,1.75,4,-1.5
20,3,-3,1.75,4,-2
57,3,-3,1.75,5,-0.5
27,3,-3,1.75,5,-1
50,3,-3,1.75,5,-1.5
46,3,-3,1.75,5,-2
424,3,-4,0.25,1,-0.5
358,3,-4,0.25,1,-1
424,3,-4,0.25,1,-1.5
98,3,-4,0.25,1,-2
388,3,-4,0.25,2,-0.5
306,3,-4,0.25,2,-1
373,3,-4,0.25,2,-1.5
112,3,-4,0.25,2,-2
555,3,-4,0.25,3,-0.5
243,3,-4,0.25,3,-1
324,3,-4,0.25,3,-1.5
211,3,-4,0.25,3,-2
394,3,-4,0.25,4,-0.5
275,3,-4,0.25,4,-1
247,3,-4,0.25,4,-1.5
278,3,-4,0.25,4,-2
334,3,-4,0.25,5,-0.5
148,3,-4,0.25,5,-1
291,3,-4,0.25,5,-1.5
184,3,-4,0.25,5,-2
581,3,-4,0.75,1,-0.5
396,3,-4,0.75,1,-1
81,3,-4,0.75,1,-1.5
52,3,-4,0.75,1,-2
446,3,-4,0.75,2,-0.5
318,3,-4,0.75,2,-1
92,3,-4,0.75,2,-1.5
32,3,-4,0.75,2,-2
338,3,-4,0.75,3,-0.5
57,3,-4,0.75,3,-1
46,3,-4,0.75,3,-1.5
149,3,-4,0.75,3,-2
137,3,-4,0.75,4,-0.5
110,3,-4,0.75,4,-1
23,3,-4,0.75,4,-1.5
47,3,-4,0.75,4,-2
144,3,-4,0.75,5,-0.5
51,3,-4,0.75,5,-1
19,3,-4,0.75,5,-1.5
23,3,-4,0.75,5,-2
29,3,-4,1.25,1,-0.5
45,3,-4,1.25,1,-1
26,3,-4,1.25,1,-1.5
103,3,-4,1.25,1,-2
70,3,-4,1.25,2,-0.5
43,3,-4,1.25,2,-1
35,3,-4,1.25,2,-1.5
35,3,-4,1.25,2,-2
559,3,-4,1.25,3,-0.5
29,3,-4,1.25,3,-1
31,3,-4,1.25,3,-1.5
74,3,-4,1.25,3,-2
37,3,-4,1.25,4,-0.5
36,3,-4,1.25,4,-1
68,3,-4,1.25,4,-1.5
20,3,-4,1.25,4,-2
32,3,-4,1.25,5,-0.5
37,3,-4,1.25,5,-1
50,3,-4,1.25,5,-1.5
21,3,-4,1.25,5,-2
71,3,-4,1.75,1,-0.5
55,3,-4,1.75,1,-1
45,3,-4,1.75,1,-1.5
39,3,-4,1.75,1,-2
74,3,-4,1.75,2,-0.5
57,3,-4,1.75,2,-1
38,3,-4,1.75,2,-1.5
34,3,-4,1.75,2,-2
70,3,-4,1.75,3,-0.5
91,3,-4,1.75,3,-1
34,3,-4,1.75,3,-1.5
30,3,-4,1.75,3,-2
24,3,-4,1.75,4,-0.5
19,3,-4,1.75,4,-1
40,3,-4,1.75,4,-1.5
20,3,-4,1.75,4,-2
74,3,-4,1.75,5,-0.5
57,3,-4,1.75,5,-1
47,3,-4,1.75,5,-1.5
35,3,-4,1.75,5,-2
278,3,-5,0.25,1,-0.5
341,3,-5,0.25,1,-1
400,3,-5,0.25,1,-1.5
502,3,-5,0.25,1,-2
527,3,-5,0.25,2,-0.5
355,3,-5,0.25,2,-1
417,3,-5,0.25,2,-1.5
502,3,-5,0.25,2,-2
506,3,-5,0.25,3,-0.5
395,3,-5,0.25,3,-1
150,3,-5,0.25,3,-1.5
154,3,-5,0.25,3,-2
507,3,-5,0.25,4,-0.5
378,3,-5,0.25,4,-1
312,3,-5,0.25,4,-1.5
424,3,-5,0.25,4,-2
507,3,-5,0.25,5,-0.5
378,3,-5,0.25,5,-1
118,3,-5,0.25,5,-1.5
263,3,-5,0.25,5,-2
834,3,-5,0.75,1,-0.5
379,3,-5,0.75,1,-1
77,3,-5,0.75,1,-1.5
108,3,-5,0.75,1,-2
619,3,-5,0.75,2,-0.5
244,3,-5,0.75,2,-1
132,3,-5,0.75,2,-1.5
139,3,-5,0.75,2,-2
520,3,-5,0.75,3,-0.5
75,3,-5,0.75,3,-1
389,3,-5,0.75,3,-1.5
219,3,-5,0.75,3,-2
381,3,-5,0.75,4,-0.5
72,3,-5,0.75,4,-1
101,3,-5,0.75,4,-1.5
21,3,-5,0.75,4,-2
55,3,-5,0.75,5,-0.5
261,3,-5,0.75,5,-1
119,3,-5,0.75,5,-1.5
104,3,-5,0.75,5,-2
47,3,-5,1.25,1,-0.5
407,3,-5,1.25,1,-1
105,3,-5,1.25,1,-1.5
83,3,-5,1.25,1,-2
51,3,-5,1.25,2,-0.5
407,3,-5,1.25,2,-1
94,3,-5,1.25,2,-1.5
130,3,-5,1.25,2,-2
568,3,-5,1.25,3,-0.5
38,3,-5,1.25,3,-1
72,3,-5,1.25,3,-1.5
31,3,-5,1.25,3,-2
32,3,-5,1.25,4,-0.5
227,3,-5,1.25,4,-1
29,3,-5,1.25,4,-1.5
46,3,-5,1.25,4,-2
73,3,-5,1.25,5,-0.5
38,3,-5,1.25,5,-1
385,3,-5,1.25,5,-1.5
102,3,-5,1.25,5,-2
69,3,-5,1.75,1,-0.5
63,3,-5,1.75,1,-1
31,3,-5,1.75,1,-1.5
131,3,-5,1.75,1,-2
37,3,-5,1.75,2,-0.5
23,3,-5,1.75,2,-1
52,3,-5,1.75,2,-1.5
60,3,-5,1.75,2,-2
38,3,-5,1.75,3,-0.5
128,3,-5,1.75,3,-1
34,3,-5,1.75,3,-1.5
23,3,-5,1.75,3,-2
39,3,-5,1.75,4,-0.5
75,3,-5,1.75,4,-1
30,3,-5,1.75,4,-1.5
48,3,-5,1.75,4,-2
35,3,-5,1.75,5,-0.5
38,3,-5,1.75,5,-1
20,3,-5,1.75,5,-1.5
158,3,-5,1.75,5,-2
223,4,-1,0.25,1,-0.5
165,4,-1,0.25,1,-1
160,4,-1,0.25,1,-1.5
92,4,-1,0.25,1,-2
174,4,-1,0.25,2,-0.5
229,4,-1,0.25,2,-1
83,4,-1,0.25,2,-1.5
95,4,-1,0.25,2,-2
114,4,-1,0.25,3,-0.5
135,4,-1,0.25,3,-1
93,4,-1,0.25,3,-1.5
100,4,-1,0.25,3,-2
220,4,-1,0.25,4,-0.5
110,4,-1,0.25,4,-1
100,4,-1,0.25,4,-1.5
40,4,-1,0.25,4,-2
262,4,-1,0.25,5,-0.5
147,4,-1,0.25,5,-1
81,4,-1,0.25,5,-1.5
88,4,-1,0.25,5,-2
137,4,-1,0.75,1,-0.5
68,4,-1,0.75,1,-1
79,4,-1,0.75,1,-1.5
71,4,-1,0.75,1,-2
85,4,-1,0.75,2,-0.5
83,4,-1,0.75,2,-1
48,4,-1,0.75,2,-1.5
67,4,-1,0.75,2,-2
80,4,-1,0.75,3,-0.5
52,4,-1,0.75,3,-1
94,4,-1,0.75,3,-1.5
45,4,-1,0.75,3,-2
123,4,-1,0.75,4,-0.5
67,4,-1,0.75,4,-1
67,4,-1,0.75,4,-1.5
42,4,-1,0.75,4,-2
148,4,-1,0.75,5,-0.5
67,4,-1,0.75,5,-1
48,4,-1,0.75,5,-1.5
80,4,-1,0.75,5,-2
96,4,-1,1.25,1,-0.5
93,4,-1,1.25,1,-1
67,4,-1,1.25,1,-1.5
53,4,-1,1.25,1,-2
89,4,-1,1.25,2,-0.5
90,4,-1,1.25,2,-1
78,4,-1,1.25,2,-1.5
55,4,-1,1.25,2,-2
66,4,-1,1.25,3,-0.5
72,4,-1,1.25,3,-1
62,4,-1,1.25,3,-1.5
42,4,-1,1.25,3,-2
71,4,-1,1.25,4,-0.5
59,4,-1,1.25,4,-1
55,4,-1,1.25,4,-1.5
49,4,-1,1.25,4,-2
80,4,-1,1.25,5,-0.5
60,4,-1,1.25,5,-1
63,4,-1,1.25,5,-1.5
57,4,-1,1.25,5,-2
125,4,-1,1.75,1,-0.5
94,4,-1,1.75,1,-1
65,4,-1,1.75,1,-1.5
78,4,-1,1.75,1,-2
104,4,-1,1.75,2,-0.5
119,4,-1,1.75,2,-1
73,4,-1,1.75,2,-1.5
73,4,-1,1.75,2,-2
94,4,-1,1.75,3,-0.5
55,4,-1,1.75,3,-1
53,4,-1,1.75,3,-1.5
76,4,-1,1.75,3,-2
119,4,-1,1.75,4,-0.5
78,4,-1,1.75,4,-1
80,4,-1,1.75,4,-1.5
30,4,-1,1.75,4,-2
110,4,-1,1.75,5,-0.5
63,4,-1,1.75,5,-1
73,4,-1,1.75,5,-1.5
72,4,-1,1.75,5,-2
338,4,-2,0.25,1,-0.5
338,4,-2,0.25,1,-1
263,4,-2,0.25,1,-1.5
110,4,-2,0.25,1,-2
362,4,-2,0.25,2,-0.5
400,4,-2,0.25,2,-1
217,4,-2,0.25,2,-1.5
41,4,-2,0.25,2,-2
349,4,-2,0.25,3,-0.5
543,4,-2,0.25,3,-1
498,4,-2,0.25,3,-1.5
61,4,-2,0.25,3,-2
349,4,-2,0.25,4,-0.5
325,4,-2,0.25,4,-1
266,4,-2,0.25,4,-1.5
550,4,-2,0.25,4,-2
407,4,-2,0.25,5,-0.5
229,4,-2,0.25,5,-1
151,4,-2,0.25,5,-1.5
114,4,-2,0.25,5,-2
119,4,-2,0.75,1,-0.5
74,4,-2,0.75,1,-1
93,4,-2,0.75,1,-1.5
101,4,-2,0.75,1,-2
199,4,-2,0.75,2,-0.5
76,4,-2,0.75,2,-1
79,4,-2,0.75,2,-1.5
90,4,-2,0.75,2,-2
107,4,-2,0.75,3,-0.5
81,4,-2,0.75,3,-1
74,4,-2,0.75,3,-1.5
37,4,-2,0.75,3,-2
46,4,-2,0.75,4,-0.5
88,4,-2,0.75,4,-1
71,4,-2,0.75,4,-1.5
55,4,-2,0.75,4,-2
33,4,-2,0.75,5,-0.5
56,4,-2,0.75,5,-1
240,4,-2,0.75,5,-1.5
58,4,-2,0.75,5,-2
77,4,-2,1.25,1,-0.5
39,4,-2,1.25,1,-1
51,4,-2,1.25,1,-1.5
38,4,-2,1.25,1,-2
45,4,-2,1.25,2,-0.5
38,4,-2,1.25,2,-1
62,4,-2,1.25,2,-1.5
60,4,-2,1.25,2,-2
59,4,-2,1.25,3,-0.5
30,4,-2,1.25,3,-1
36,4,-2,1.25,3,-1.5
30,4,-2,1.25,3,-2
35,4,-2,1.25,4,-0.5
40,4,-2,1.25,4,-1
37,4,-2,1.25,4,-1.5
55,4,-2,1.25,4,-2
44,4,-2,1.25,5,-0.5
16,4,-2,1.25,5,-1
34,4,-2,1.25,5,-1.5
30,4,-2,1.25,5,-2
82,4,-2,1.75,1,-0.5
44,4,-2,1.75,1,-1
54,4,-2,1.75,1,-1.5
38,4,-2,1.75,1,-2
66,4,-2,1.75,2,-0.5
58,4,-2,1.75,2,-1
51,4,-2,1.75,2,-1.5
44,4,-2,1.75,2,-2
53,4,-2,1.75,3,-0.5
46,4,-2,1.75,3,-1
53,4,-2,1.75,3,-1.5
39,4,-2,1.75,3,-2
54,4,-2,1.75,4,-0.5
51,4,-2,1.75,4,-1
46,4,-2,1.75,4,-1.5
39,4,-2,1.75,4,-2
39,4,-2,1.75,5,-0.5
53,4,-2,1.75,5,-1
35,4,-2,1.75,5,-1.5
41,4,-2,1.75,5,-2
507,4,-3,0.25,1,-0.5
515,4,-3,0.25,1,-1
481,4,-3,0.25,1,-1.5
60,4,-3,0.25,1,-2
372,4,-3,0.25,2,-0.5
515,4,-3,0.25,2,-1
337,4,-3,0.25,2,-1.5
377,4,-3,0.25,2,-2
279,4,-3,0.25,3,-0.5
123,4,-3,0.25,3,-1
370,4,-3,0.25,3,-1.5
307,4,-3,0.25,3,-2
441,4,-3,0.25,4,-0.5
284,4,-3,0.25,4,-1
301,4,-3,0.25,4,-1.5
130,4,-3,0.25,4,-2
559,4,-3,0.25,5,-0.5
210,4,-3,0.25,5,-1
269,4,-3,0.25,5,-1.5
217,4,-3,0.25,5,-2
157,4,-3,0.75,1,-0.5
144,4,-3,0.75,1,-1
128,4,-3,0.75,1,-1.5
69,4,-3,0.75,1,-2
363,4,-3,0.75,2,-0.5
96,4,-3,0.75,2,-1
42,4,-3,0.75,2,-1.5
85,4,-3,0.75,2,-2
157,4,-3,0.75,3,-0.5
53,4,-3,0.75,3,-1
80,4,-3,0.75,3,-1.5
46,4,-3,0.75,3,-2
465,4,-3,0.75,4,-0.5
68,4,-3,0.75,4,-1
52,4,-3,0.75,4,-1.5
84,4,-3,0.75,4,-2
465,4,-3,0.75,5,-0.5
61,4,-3,0.75,5,-1
41,4,-3,0.75,5,-1.5
117,4,-3,0.75,5,-2
57,4,-3,1.25,1,-0.5
104,4,-3,1.25,1,-1
25,4,-3,1.25,1,-1.5
58,4,-3,1.25,1,-2
30,4,-3,1.25,2,-0.5
19,4,-3,1.25,2,-1
18,4,-3,1.25,2,-1.5
120,4,-3,1.25,2,-2
86,4,-3,1.25,3,-0.5
22,4,-3,1.25,3,-1
39,4,-3,1.25,3,-1.5
32,4,-3,1.25,3,-2
51,4,-3,1.25,4,-0.5
53,4,-3,1.25,4,-1
29,4,-3,1.25,4,-1.5
46,4,-3,1.25,4,-2
47,4,-3,1.25,5,-0.5
29,4,-3,1.25,5,-1
40,4,-3,1.25,5,-1.5
34,4,-3,1.25,5,-2
57,4,-3,1.75,1,-0.5
65,4,-3,1.75,1,-1
63,4,-3,1.75,1,-1.5
42,4,-3,1.75,1,-2
69,4,-3,1.75,2,-0.5
46,4,-3,1.75,2,-1
42,4,-3,1.75,2,-1.5
36,4,-3,1.75,2,-2
61,4,-3,1.75,3,-0.5
31,4,-3,1.75,3,-1
64,4,-3,1.75,3,-1.5
56,4,-3,1.75,3,-2
48,4,-3,1.75,4,-0.5
62,4,-3,1.75,4,-1
28,4,-3,1.75,4,-1.5
23,4,-3,1.75,4,-2
45,4,-3,1.75,5,-0.5
48,4,-3,1.75,5,-1
36,4,-3,1.75,5,-1.5
29,4,-3,1.75,5,-2
492,4,-4,0.25,1,-0.5
469,4,-4,0.25,1,-1
426,4,-4,0.25,1,-1.5
258,4,-4,0.25,1,-2
363,4,-4,0.25,2,-0.5
475,4,-4,0.25,2,-1
279,4,-4,0.25,2,-1.5
435,4,-4,0.25,2,-2
179,4,-4,0.25,3,-0.5
537,4,-4,0.25,3,-1
328,4,-4,0.25,3,-1.5
435,4,-4,0.25,3,-2
525,4,-4,0.25,4,-0.5
531,4,-4,0.25,4,-1
338,4,-4,0.25,4,-1.5
80,4,-4,0.25,4,-2
394,4,-4,0.25,5,-0.5
531,4,-4,0.25,5,-1
239,4,-4,0.25,5,-1.5
198,4,-4,0.25,5,-2
117,4,-4,0.75,1,-0.5
210,4,-4,0.75,1,-1
69,4,-4,0.75,1,-1.5
99,4,-4,0.75,1,-2
355,4,-4,0.75,2,-0.5
225,4,-4,0.75,2,-1
252,4,-4,0.75,2,-1.5
39,4,-4,0.75,2,-2
77,4,-4,0.75,3,-0.5
408,4,-4,0.75,3,-1
291,4,-4,0.75,3,-1.5
65,4,-4,0.75,3,-2
167,4,-4,0.75,4,-0.5
112,4,-4,0.75,4,-1
139,4,-4,0.75,4,-1.5
381,4,-4,0.75,4,-2
571,4,-4,0.75,5,-0.5
413,4,-4,0.75,5,-1
212,4,-4,0.75,5,-1.5
111,4,-4,0.75,5,-2
54,4,-4,1.25,1,-0.5
46,4,-4,1.25,1,-1
131,4,-4,1.25,1,-1.5
58,4,-4,1.25,1,-2
197,4,-4,1.25,2,-0.5
45,4,-4,1.25,2,-1
44,4,-4,1.25,2,-1.5
72,4,-4,1.25,2,-2
128,4,-4,1.25,3,-0.5
106,4,-4,1.25,3,-1
20,4,-4,1.25,3,-1.5
116,4,-4,1.25,3,-2
128,4,-4,1.25,4,-0.5
39,4,-4,1.25,4,-1
45,4,-4,1.25,4,-1.5
20,4,-4,1.25,4,-2
38,4,-4,1.25,5,-0.5
41,4,-4,1.25,5,-1
36,4,-4,1.25,5,-1.5
27,4,-4,1.25,5,-2
92,4,-4,1.75,1,-0.5
38,4,-4,1.75,1,-1
45,4,-4,1.75,1,-1.5
74,4,-4,1.75,1,-2
45,4,-4,1.75,2,-0.5
32,4,-4,1.75,2,-1
43,4,-4,1.75,2,-1.5
34,4,-4,1.75,2,-2
52,4,-4,1.75,3,-0.5
26,4,-4,1.75,3,-1
37,4,-4,1.75,3,-1.5
47,4,-4,1.75,3,-2
27,4,-4,1.75,4,-0.5
35,4,-4,1.75,4,-1
37,4,-4,1.75,4,-1.5
55,4,-4,1.75,4,-2
66,4,-4,1.75,5,-0.5
48,4,-4,1.75,5,-1
25,4,-4,1.75,5,-1.5
38,4,-4,1.75,5,-2
545,4,-5,0.25,1,-0.5
406,4,-5,0.25,1,-1
265,4,-5,0.25,1,-1.5
468,4,-5,0.25,1,-2
256,4,-5,0.25,2,-0.5
406,4,-5,0.25,2,-1
195,4,-5,0.25,2,-1.5
377,4,-5,0.25,2,-2
333,4,-5,0.25,3,-0.5
299,4,-5,0.25,3,-1
151,4,-5,0.25,3,-1.5
415,4,-5,0.25,3,-2
362,4,-5,0.25,4,-0.5
242,4,-5,0.25,4,-1
238,4,-5,0.25,4,-1.5
299,4,-5,0.25,4,-2
251,4,-5,0.25,5,-0.5
399,4,-5,0.25,5,-1
238,4,-5,0.25,5,-1.5
117,4,-5,0.25,5,-2
84,4,-5,0.75,1,-0.5
469,4,-5,0.75,1,-1
86,4,-5,0.75,1,-1.5
124,4,-5,0.75,1,-2
628,4,-5,0.75,2,-0.5
204,4,-5,0.75,2,-1
244,4,-5,0.75,2,-1.5
257,4,-5,0.75,2,-2
114,4,-5,0.75,3,-0.5
212,4,-5,0.75,3,-1
221,4,-5,0.75,3,-1.5
61,4,-5,0.75,3,-2
555,4,-5,0.75,4,-0.5
245,4,-5,0.75,4,-1
95,4,-5,0.75,4,-1.5
50,4,-5,0.75,4,-2
597,4,-5,0.75,5,-0.5
518,4,-5,0.75,5,-1
111,4,-5,0.75,5,-1.5
267,4,-5,0.75,5,-2
277,4,-5,1.25,1,-0.5
137,4,-5,1.25,1,-1
145,4,-5,1.25,1,-1.5
100,4,-5,1.25,1,-2
40,4,-5,1.25,2,-0.5
132,4,-5,1.25,2,-1
442,4,-5,1.25,2,-1.5
63,4,-5,1.25,2,-2
188,4,-5,1.25,3,-0.5
56,4,-5,1.25,3,-1
25,4,-5,1.25,3,-1.5
105,4,-5,1.25,3,-2
23,4,-5,1.25,4,-0.5
101,4,-5,1.25,4,-1
65,4,-5,1.25,4,-1.5
36,4,-5,1.25,4,-2
75,4,-5,1.25,5,-0.5
37,4,-5,1.25,5,-1
46,4,-5,1.25,5,-1.5
80,4,-5,1.25,5,-2
59,4,-5,1.75,1,-0.5
36,4,-5,1.75,1,-1
48,4,-5,1.75,1,-1.5
114,4,-5,1.75,1,-2
476,4,-5,1.75,2,-0.5
45,4,-5,1.75,2,-1
34,4,-5,1.75,2,-1.5
36,4,-5,1.75,2,-2
74,4,-5,1.75,3,-0.5
52,4,-5,1.75,3,-1
33,4,-5,1.75,3,-1.5
66,4,-5,1.75,3,-2
83,4,-5,1.75,4,-0.5
74,4,-5,1.75,4,-1
28,4,-5,1.75,4,-1.5
20,4,-5,1.75,4,-2
34,4,-5,1.75,5,-0.5
29,4,-5,1.75,5,-1
20,4,-5,1.75,5,-1.5
18,4,-5,1.75,5,-2
230,5,-1,0.25,1,-0.5
169,5,-1,0.25,1,-1
135,5,-1,0.25,1,-1.5
179,5,-1,0.25,1,-2
169,5,-1,0.25,2,-0.5
155,5,-1,0.25,2,-1
232,5,-1,0.25,2,-1.5
156,5,-1,0.25,2,-2
149,5,-1,0.25,3,-0.5
304,5,-1,0.25,3,-1
158,5,-1,0.25,3,-1.5
93,5,-1,0.25,3,-2
200,5,-1,0.25,4,-0.5
183,5,-1,0.25,4,-1
67,5,-1,0.25,4,-1.5
73,5,-1,0.25,4,-2
142,5,-1,0.25,5,-0.5
220,5,-1,0.25,5,-1
401,5,-1,0.25,5,-1.5
130,5,-1,0.25,5,-2
166,5,-1,0.75,1,-0.5
133,5,-1,0.75,1,-1
87,5,-1,0.75,1,-1.5
86,5,-1,0.75,1,-2
173,5,-1,0.75,2,-0.5
110,5,-1,0.75,2,-1
189,5,-1,0.75,2,-1.5
82,5,-1,0.75,2,-2
130,5,-1,0.75,3,-0.5
147,5,-1,0.75,3,-1
66,5,-1,0.75,3,-1.5
51,5,-1,0.75,3,-2
144,5,-1,0.75,4,-0.5
99,5,-1,0.75,4,-1
40,5,-1,0.75,4,-1.5
111,5,-1,0.75,4,-2
118,5,-1,0.75,5,-0.5
146,5,-1,0.75,5,-1
103,5,-1,0.75,5,-1.5
54,5,-1,0.75,5,-2
154,5,-1,1.25,1,-0.5
124,5,-1,1.25,1,-1
81,5,-1,1.25,1,-1.5
55,5,-1,1.25,1,-2
109,5,-1,1.25,2,-0.5
69,5,-1,1.25,2,-1
71,5,-1,1.25,2,-1.5
80,5,-1,1.25,2,-2
102,5,-1,1.25,3,-0.5
87,5,-1,1.25,3,-1
84,5,-1,1.25,3,-1.5
90,5,-1,1.25,3,-2
94,5,-1,1.25,4,-0.5
91,5,-1,1.25,4,-1
61,5,-1,1.25,4,-1.5
59,5,-1,1.25,4,-2
128,5,-1,1.25,5,-0.5
70,5,-1,1.25,5,-1
86,5,-1,1.25,5,-1.5
39,5,-1,1.25,5,-2
108,5,-1,1.75,1,-0.5
87,5,-1,1.75,1,-1
89,5,-1,1.75,1,-1.5
88,5,-1,1.75,1,-2
67,5,-1,1.75,2,-0.5
88,5,-1,1.75,2,-1
55,5,-1,1.75,2,-1.5
77,5,-1,1.75,2,-2
107,5,-1,1.75,3,-0.5
97,5,-1,1.75,3,-1
80,5,-1,1.75,3,-1.5
73,5,-1,1.75,3,-2
102,5,-1,1.75,4,-0.5
67,5,-1,1.75,4,-1
46,5,-1,1.75,4,-1.5
63,5,-1,1.75,4,-2
58,5,-1,1.75,5,-0.5
89,5,-1,1.75,5,-1
68,5,-1,1.75,5,-1.5
70,5,-1,1.75,5,-2
336,5,-2,0.25,1,-0.5
195,5,-2,0.25,1,-1
164,5,-2,0.25,1,-1.5
142,5,-2,0.25,1,-2
478,5,-2,0.25,2,-0.5
409,5,-2,0.25,2,-1
353,5,-2,0.25,2,-1.5
327,5,-2,0.25,2,-2
432,5,-2,0.25,3,-0.5
179,5,-2,0.25,3,-1
183,5,-2,0.25,3,-1.5
108,5,-2,0.25,3,-2
281,5,-2,0.25,4,-0.5
124,5,-2,0.25,4,-1
245,5,-2,0.25,4,-1.5
111,5,-2,0.25,4,-2
404,5,-2,0.25,5,-0.5
181,5,-2,0.25,5,-1
110,5,-2,0.25,5,-1.5
239,5,-2,0.25,5,-2
279,5,-2,0.75,1,-0.5
145,5,-2,0.75,1,-1
132,5,-2,0.75,1,-1.5
198,5,-2,0.75,1,-2
90,5,-2,0.75,2,-0.5
113,5,-2,0.75,2,-1
126,5,-2,0.75,2,-1.5
134,5,-2,0.75,2,-2
257,5,-2,0.75,3,-0.5
142,5,-2,0.75,3,-1
117,5,-2,0.75,3,-1.5
53,5,-2,0.75,3,-2
259,5,-2,0.75,4,-0.5
46,5,-2,0.75,4,-1
53,5,-2,0.75,4,-1.5
50,5,-2,0.75,4,-2
65,5,-2,0.75,5,-0.5
101,5,-2,0.75,5,-1
46,5,-2,0.75,5,-1.5
58,5,-2,0.75,5,-2
91,5,-2,1.25,1,-0.5
67,5,-2,1.25,1,-1
100,5,-2,1.25,1,-1.5
73,5,-2,1.25,1,-2
76,5,-2,1.25,2,-0.5
73,5,-2,1.25,2,-1
76,5,-2,1.25,2,-1.5
53,5,-2,1.25,2,-2
89,5,-2,1.25,3,-0.5
74,5,-2,1.25,3,-1
79,5,-2,1.25,3,-1.5
39,5,-2,1.25,3,-2
136,5,-2,1.25,4,-0.5
45,5,-2,1.25,4,-1
79,5,-2,1.25,4,-1.5
49,5,-2,1.25,4,-2
94,5,-2,1.25,5,-0.5
63,5,-2,1.25,5,-1
70,5,-2,1.25,5,-1.5
35,5,-2,1.25,5,-2
74,5,-2,1.75,1,-0.5
55,5,-2,1.75,1,-1
58,5,-2,1.75,1,-1.5
62,5,-2,1.75,1,-2
81,5,-2,1.75,2,-0.5
59,5,-2,1.75,2,-1
38,5,-2,1.75,2,-1.5
41,5,-2,1.75,2,-2
72,5,-2,1.75,3,-0.5
75,5,-2,1.75,3,-1
30,5,-2,1.75,3,-1.5
41,5,-2,1.75,3,-2
58,5,-2,1.75,4,-0.5
63,5,-2,1.75,4,-1
41,5,-2,1.75,4,-1.5
35,5,-2,1.75,4,-2
59,5,-2,1.75,5,-0.5
50,5,-2,1.75,5,-1
52,5,-2,1.75,5,-1.5
55,5,-2,1.75,5,-2
388,5,-3,0.25,1,-0.5
386,5,-3,0.25,1,-1
327,5,-3,0.25,1,-1.5
308,5,-3,0.25,1,-2
506,5,-3,0.25,2,-0.5
356,5,-3,0.25,2,-1
248,5,-3,0.25,2,-1.5
180,5,-3,0.25,2,-2
704,5,-3,0.25,3,-0.5
361,5,-3,0.25,3,-1
144,5,-3,0.25,3,-1.5
109,5,-3,0.25,3,-2
497,5,-3,0.25,4,-0.5
524,5,-3,0.25,4,-1
123,5,-3,0.25,4,-1.5
87,5,-3,0.25,4,-2
438,5,-3,0.25,5,-0.5
503,5,-3,0.25,5,-1
303,5,-3,0.25,5,-1.5
271,5,-3,0.25,5,-2
410,5,-3,0.75,1,-0.5
389,5,-3,0.75,1,-1
115,5,-3,0.75,1,-1.5
93,5,-3,0.75,1,-2
549,5,-3,0.75,2,-0.5
195,5,-3,0.75,2,-1
77,5,-3,0.75,2,-1.5
54,5,-3,0.75,2,-2
157,5,-3,0.75,3,-0.5
80,5,-3,0.75,3,-1
165,5,-3,0.75,3,-1.5
78,5,-3,0.75,3,-2
141,5,-3,0.75,4,-0.5
174,5,-3,0.75,4,-1
71,5,-3,0.75,4,-1.5
70,5,-3,0.75,4,-2
166,5,-3,0.75,5,-0.5
63,5,-3,0.75,5,-1
327,5,-3,0.75,5,-1.5
99,5,-3,0.75,5,-2
82,5,-3,1.25,1,-0.5
87,5,-3,1.25,1,-1
306,5,-3,1.25,1,-1.5
49,5,-3,1.25,1,-2
118,5,-3,1.25,2,-0.5
125,5,-3,1.25,2,-1
89,5,-3,1.25,2,-1.5
37,5,-3,1.25,2,-2
61,5,-3,1.25,3,-0.5
438,5,-3,1.25,3,-1
41,5,-3,1.25,3,-1.5
35,5,-3,1.25,3,-2
80,5,-3,1.25,4,-0.5
34,5,-3,1.25,4,-1
31,5,-3,1.25,4,-1.5
55,5,-3,1.25,4,-2
48,5,-3,1.25,5,-0.5
40,5,-3,1.25,5,-1
286,5,-3,1.25,5,-1.5
44,5,-3,1.25,5,-2
93,5,-3,1.75,1,-0.5
82,5,-3,1.75,1,-1
58,5,-3,1.75,1,-1.5
51,5,-3,1.75,1,-2
62,5,-3,1.75,2,-0.5
48,5,-3,1.75,2,-1
38,5,-3,1.75,2,-1.5
56,5,-3,1.75,2,-2
115,5,-3,1.75,3,-0.5
47,5,-3,1.75,3,-1
70,5,-3,1.75,3,-1.5
67,5,-3,1.75,3,-2
72,5,-3,1.75,4,-0.5
93,5,-3,1.75,4,-1
69,5,-3,1.75,4,-1.5
23,5,-3,1.75,4,-2
49,5,-3,1.75,5,-0.5
44,5,-3,1.75,5,-1
39,5,-3,1.75,5,-1.5
47,5,-3,1.75,5,-2
541,5,-4,0.25,1,-0.5
379,5,-4,0.25,1,-1
162,5,-4,0.25,1,-1.5
286,5,-4,0.25,1,-2
488,5,-4,0.25,2,-0.5
320,5,-4,0.25,2,-1
206,5,-4,0.25,2,-1.5
242,5,-4,0.25,2,-2
177,5,-4,0.25,3,-0.5
288,5,-4,0.25,3,-1
373,5,-4,0.25,3,-1.5
265,5,-4,0.25,3,-2
423,5,-4,0.25,4,-0.5
461,5,-4,0.25,4,-1
280,5,-4,0.25,4,-1.5
209,5,-4,0.25,4,-2
478,5,-4,0.25,5,-0.5
445,5,-4,0.25,5,-1
358,5,-4,0.25,5,-1.5
176,5,-4,0.25,5,-2
582,5,-4,0.75,1,-0.5
333,5,-4,0.75,1,-1
116,5,-4,0.75,1,-1.5
86,5,-4,0.75,1,-2
485,5,-4,0.75,2,-0.5
205,5,-4,0.75,2,-1
164,5,-4,0.75,2,-1.5
439,5,-4,0.75,2,-2
557,5,-4,0.75,3,-0.5
538,5,-4,0.75,3,-1
116,5,-4,0.75,3,-1.5
134,5,-4,0.75,3,-2
250,5,-4,0.75,4,-0.5
285,5,-4,0.75,4,-1
351,5,-4,0.75,4,-1.5
56,5,-4,0.75,4,-2
581,5,-4,0.75,5,-0.5
369,5,-4,0.75,5,-1
189,5,-4,0.75,5,-1.5
525,5,-4,0.75,5,-2
96,5,-4,1.25,1,-0.5
176,5,-4,1.25,1,-1
169,5,-4,1.25,1,-1.5
74,5,-4,1.25,1,-2
107,5,-4,1.25,2,-0.5
76,5,-4,1.25,2,-1
156,5,-4,1.25,2,-1.5
34,5,-4,1.25,2,-2
89,5,-4,1.25,3,-0.5
120,5,-4,1.25,3,-1
42,5,-4,1.25,3,-1.5
44,5,-4,1.25,3,-2
40,5,-4,1.25,4,-0.5
211,5,-4,1.25,4,-1
42,5,-4,1.25,4,-1.5
324,5,-4,1.25,4,-2
69,5,-4,1.25,5,-0.5
116,5,-4,1.25,5,-1
61,5,-4,1.25,5,-1.5
91,5,-4,1.25,5,-2
80,5,-4,1.75,1,-0.5
57,5,-4,1.75,1,-1
86,5,-4,1.75,1,-1.5
36,5,-4,1.75,1,-2
52,5,-4,1.75,2,-0.5
57,5,-4,1.75,2,-1
50,5,-4,1.75,2,-1.5
39,5,-4,1.75,2,-2
524,5,-4,1.75,3,-0.5
25,5,-4,1.75,3,-1
39,5,-4,1.75,3,-1.5
66,5,-4,1.75,3,-2
56,5,-4,1.75,4,-0.5
29,5,-4,1.75,4,-1
27,5,-4,1.75,4,-1.5
53,5,-4,1.75,4,-2
25,5,-4,1.75,5,-0.5
67,5,-4,1.75,5,-1
21,5,-4,1.75,5,-1.5
33,5,-4,1.75,5,-2
481,5,-5,0.25,1,-0.5
403,5,-5,0.25,1,-1
494,5,-5,0.25,1,-1.5
287,5,-5,0.25,1,-2
381,5,-5,0.25,2,-0.5
357,5,-5,0.25,2,-1
153,5,-5,0.25,2,-1.5
292,5,-5,0.25,2,-2
420,5,-5,0.25,3,-0.5
278,5,-5,0.25,3,-1
333,5,-5,0.25,3,-1.5
227,5,-5,0.25,3,-2
530,5,-5,0.25,4,-0.5
329,5,-5,0.25,4,-1
236,5,-5,0.25,4,-1.5
237,5,-5,0.25,4,-2
443,5,-5,0.25,5,-0.5
396,5,-5,0.25,5,-1
253,5,-5,0.25,5,-1.5
280,5,-5,0.25,5,-2
411,5,-5,0.75,1,-0.5
241,5,-5,0.75,1,-1
121,5,-5,0.75,1,-1.5
268,5,-5,0.75,1,-2
423,5,-5,0.75,2,-0.5
559,5,-5,0.75,2,-1
390,5,-5,0.75,2,-1.5
107,5,-5,0.75,2,-2
45,5,-5,0.75,3,-0.5
270,5,-5,0.75,3,-1
99,5,-5,0.75,3,-1.5
219,5,-5,0.75,3,-2
288,5,-5,0.75,4,-0.5
121,5,-5,0.75,4,-1
186,5,-5,0.75,4,-1.5
79,5,-5,0.75,4,-2
392,5,-5,0.75,5,-0.5
79,5,-5,0.75,5,-1
157,5,-5,0.75,5,-1.5
30,5,-5,0.75,5,-2
79,5,-5,1.25,1,-0.5
463,5,-5,1.25,1,-1
391,5,-5,1.25,1,-1.5
84,5,-5,1.25,1,-2
294,5,-5,1.25,2,-0.5
544,5,-5,1.25,2,-1
416,5,-5,1.25,2,-1.5
74,5,-5,1.25,2,-2
85,5,-5,1.25,3,-0.5
61,5,-5,1.25,3,-1
60,5,-5,1.25,3,-1.5
127,5,-5,1.25,3,-2
96,5,-5,1.25,4,-0.5
37,5,-5,1.25,4,-1
52,5,-5,1.25,4,-1.5
104,5,-5,1.25,4,-2
395,5,-5,1.25,5,-0.5
37,5,-5,1.25,5,-1
87,5,-5,1.25,5,-1.5
78,5,-5,1.25,5,-2
378,5,-5,1.75,1,-0.5
71,5,-5,1.75,1,-1
73,5,-5,1.75,1,-1.5
158,5,-5,1.75,1,-2
47,5,-5,1.75,2,-0.5
70,5,-5,1.75,2,-1
28,5,-5,1.75,2,-1.5
35,5,-5,1.75,2,-2
95,5,-5,1.75,3,-0.5
44,5,-5,1.75,3,-1
15,5,-5,1.75,3,-1.5
58,5,-5,1.75,3,-2
61,5,-5,1.75,4,-0.5
419,5,-5,1.75,4,-1
24,5,-5,1.75,4,-1.5
35,5,-5,1.75,4,-2
29,5,-5,1.75,5,-0.5
31,5,-5,1.75,5,-1
42,5,-5,1.75,5,-1.5
23,5,-5,1.75,5,-2
