46,1,-1,0.25,1,-0.5
23,1,-1,0.25,1,-1
57,1,-1,0.25,1,-1.5
31,1,-1,0.25,1,-2
32,1,-1,0.25,2,-0.5
185,1,-1,0.25,2,-1
19,1,-1,0.25,2,-1.5
35,1,-1,0.25,2,-2
33,1,-1,0.25,3,-0.5
41,1,-1,0.25,3,-1
23,1,-1,0.25,3,-1.5
29,1,-1,0.25,3,-2
396,1,-1,0.25,4,-0.5
61,1,-1,0.25,4,-1
44,1,-1,0.25,4,-1.5
25,1,-1,0.25,4,-2
54,1,-1,0.25,5,-0.5
17,1,-1,0.25,5,-1
46,1,-1,0.25,5,-1.5
35,1,-1,0.25,5,-2
44,1,-1,0.75,1,-0.5
36,1,-1,0.75,1,-1
52,1,-1,0.75,1,-1.5
40,1,-1,0.75,1,-2
60,1,-1,0.75,2,-0.5
22,1,-1,0.75,2,-1
34,1,-1,0.75,2,-1.5
64,1,-1,0.75,2,-2
85,1,-1,0.75,3,-0.5
35,1,-1,0.75,3,-1
56,1,-1,0.75,3,-1.5
68,1,-1,0.75,3,-2
43,1,-1,0.75,4,-0.5
64,1,-1,0.75,4,-1
73,1,-1,0.75,4,-1.5
49,1,-1,0.75,4,-2
67,1,-1,0.75,5,-0.5
59,1,-1,0.75,5,-1
46,1,-1,0.75,5,-1.5
62,1,-1,0.75,5,-2
106,1,-1,1.25,1,-0.5
76,1,-1,1.25,1,-1
79,1,-1,1.25,1,-1.5
89,1,-1,1.25,1,-2
77,1,-1,1.25,2,-0.5
88,1,-1,1.25,2,-1
81,1,-1,1.25,2,-1.5
75,1,-1,1.25,2,-2
89,1,-1,1.25,3,-0.5
96,1,-1,1.25,3,-1
78,1,-1,1.25,3,-1.5
85,1,-1,1.25,3,-2
85,1,-1,1.25,4,-0.5
106,1,-1,1.25,4,-1
87,1,-1,1.25,4,-1.5
86,1,-1,1.25,4,-2
122,1,-1,1.25,5,-0.5
88,1,-1,1.25,5,-1
79,1,-1,1.25,5,-1.5
71,1,-1,1.25,5,-2
158,1,-1,1.75,1,-0.5
143,1,-1,1.75,1,-1
129,1,-1,1.75,1,-1.5
123,1,-1,1.75,1,-2
144,1,-1,1.75,2,-0.5
134,1,-1,1.75,2,-1
94,1,-1,1.75,2,-1.5
113,1,-1,1.75,2,-2
146,1,-1,1.75,3,-0.5
108,1,-1,1.75,3,-1
139,1,-1,1.75,3,-1.5
117,1,-1,1.75,3,-2
157,1,-1,1.75,4,-0.5
116,1,-1,1.75,4,-1
106,1,-1,1.75,4,-1.5
103,1,-1,1.75,4,-2
160,1,-1,1.75,5,-0.5
137,1,-1,1.75,5,-1
99,1,-1,1.75,5,-1.5
119,1,-1,1.75,5,-2
20,1,-2,0.25,1,-0.5
81,1,-2,0.25,1,-1
79,1,-2,0.25,1,-1.5
199,1,-2,0.25,1,-2
129,1,-2,0.25,2,-0.5
20,1,-2,0.25,2,-1
35,1,-2,0.25,2,-1.5
31,1,-2,0.25,2,-2
65,1,-2,0.25,3,-0.5
48,1,-2,0.25,3,-1
113,1,-2,0.25,3,-1.5
17,1,-2,0.25,3,-2
300,1,-2,0.25,4,-0.5
46,1,-2,0.25,4,-1
51,1,-2,0.25,4,-1.5
27,1,-2,0.25,4,-2
54,1,-2,0.25,5,-0.5
38,1,-2,0.25,5,-1
32,1,-2,0.25,5,-1.5
19,1,-2,0.25,5,-2
56,1,-2,0.75,1,-0.5
21,1,-2,0.75,1,-1
47,1,-2,0.75,1,-1.5
28,1,-2,0.75,1,-2
26,1,-2,0.75,2,-0.5
27,1,-2,0.75,2,-1
24,1,-2,0.75,2,-1.5
27,1,-2,0.75,2,-2
29,1,-2,0.75,3,-0.5
33,1,-2,0.75,3,-1
20,1,-2,0.75,3,-1.5
50,1,-2,0.75,3,-2
40,1,-2,0.75,4,-0.5
70,1,-2,0.75,4,-1
34,1,-2,0.75,4,-1.5
76,1,-2,0.75,4,-2
42,1,-2,0.75,5,-0.5
27,1,-2,0.75,5,-1
33,1,-2,0.75,5,-1.5
35,1,-2,0.75,5,-2
69,1,-2,1.25,1,-0.5
71,1,-2,1.25,1,-1
46,1,-2,1.25,1,-1.5
62,1,-2,1.25,1,-2
58,1,-2,1.25,2,-0.5
48,1,-2,1.25,2,-1
31,1,-2,1.25,2,-1.5
41,1,-2,1.25,2,-2
65,1,-2,1.25,3,-0.5
62,1,-2,1.25,3,-1
18,1,-2,1.25,3,-1.5
46,1,-2,1.25,3,-2
65,1,-2,1.25,4,-0.5
24,1,-2,1.25,4,-1
57,1,-2,1.25,4,-1.5
39,1,-2,1.25,4,-2
75,1,-2,1.25,5,-0.5
59,1,-2,1.25,5,-1
51,1,-2,1.25,5,-1.5
57,1,-2,1.25,5,-2
133,1,-2,1.75,1,-0.5
95,1,-2,1.75,1,-1
98,1,-2,1.75,1,-1.5
81,1,-2,1.75,1,-2
93,1,-2,1.75,2,-0.5
61,1,-2,1.75,2,-1
82,1,-2,1.75,2,-1.5
87,1,-2,1.75,2,-2
108,1,-2,1.75,3,-0.5
74,1,-2,1.75,3,-1
88,1,-2,1.75,3,-1.5
99,1,-2,1.75,3,-2
100,1,-2,1.75,4,-0.5
49,1,-2,1.75,4,-1
82,1,-2,1.75,4,-1.5
91,1,-2,1.75,4,-2
106,1,-2,1.75,5,-0.5
100,1,-2,1.75,5,-1
79,1,-2,1.75,5,-1.5
67,1,-2,1.75,5,-2
123,1,-3,0.25,1,-0.5
154,1,-3,0.25,1,-1
391,1,-3,0.25,1,-1.5
215,1,-3,0.25,1,-2
87,1,-3,0.25,2,-0.5
394,1,-3,0.25,2,-1
38,1,-3,0.25,2,-1.5
90,1,-3,0.25,2,-2
150,1,-3,0.25,3,-0.5
59,1,-3,0.25,3,-1
26,1,-3,0.25,3,-1.5
171,1,-3,0.25,3,-2
68,1,-3,0.25,4,-0.5
167,1,-3,0.25,4,-1
412,1,-3,0.25,4,-1.5
260,1,-3,0.25,4,-2
577,1,-3,0.25,5,-0.5
98,1,-3,0.25,5,-1
26,1,-3,0.25,5,-1.5
132,1,-3,0.25,5,-2
145,1,-3,0.75,1,-0.5
42,1,-3,0.75,1,-1
65,1,-3,0.75,1,-1.5
32,1,-3,0.75,1,-2
417,1,-3,0.75,2,-0.5
439,1,-3,0.75,2,-1
22,1,-3,0.75,2,-1.5
25,1,-3,0.75,2,-2
21,1,-3,0.75,3,-0.5
33,1,-3,0.75,3,-1
19,1,-3,0.75,3,-1.5
34,1,-3,0.75,3,-2
44,1,-3,0.75,4,-0.5
35,1,-3,0.75,4,-1
21,1,-3,0.75,4,-1.5
44,1,-3,0.75,4,-2
100,1,-3,0.75,5,-0.5
40,1,-3,0.75,5,-1
17,1,-3,0.75,5,-1.5
49,1,-3,0.75,5,-2
33,1,-3,1.25,1,-0.5
42,1,-3,1.25,1,-1
59,1,-3,1.25,1,-1.5
28,1,-3,1.25,1,-2
60,1,-3,1.25,2,-0.5
67,1,-3,1.25,2,-1
35,1,-3,1.25,2,-1.5
40,1,-3,1.25,2,-2
42,1,-3,1.25,3,-0.5
38,1,-3,1.25,3,-1
29,1,-3,1.25,3,-1.5
27,1,-3,1.25,3,-2
41,1,-3,1.25,4,-0.5
34,1,-3,1.25,4,-1
45,1,-3,1.25,4,-1.5
23,1,-3,1.25,4,-2
38,1,-3,1.25,5,-0.5
21,1,-3,1.25,5,-1
46,1,-3,1.25,5,-1.5
28,1,-3,1.25,5,-2
84,1,-3,1.75,1,-0.5
69,1,-3,1.75,1,-1
67,1,-3,1.75,1,-1.5
64,1,-3,1.75,1,-2
71,1,-3,1.75,2,-0.5
54,1,-3,1.75,2,-1
40,1,-3,1.75,2,-1.5
52,1,-3,1.75,2,-2
83,1,-3,1.75,3,-0.5
49,1,-3,1.75,3,-1
40,1,-3,1.75,3,-1.5
40,1,-3,1.75,3,-2
79,1,-3,1.75,4,-0.5
31,1,-3,1.75,4,-1
71,1,-3,1.75,4,-1.5
58,1,-3,1.75,4,-2
68,1,-3,1.75,5,-0.5
65,1,-3,1.75,5,-1
52,1,-3,1.75,5,-1.5
40,1,-3,1.75,5,-2
527,1,-4,0.25,1,-0.5
248,1,-4,0.25,1,-1
384,1,-4,0.25,1,-1.5
95,1,-4,0.25,1,-2
504,1,-4,0.25,2,-0.5
198,1,-4,0.25,2,-1
471,1,-4,0.25,2,-1.5
55,1,-4,0.25,2,-2
204,1,-4,0.25,3,-0.5
350,1,-4,0.25,3,-1
471,1,-4,0.25,3,-1.5
36,1,-4,0.25,3,-2
402,1,-4,0.25,4,-0.5
433,1,-4,0.25,4,-1
307,1,-4,0.25,4,-1.5
328,1,-4,0.25,4,-2
31,1,-4,0.25,5,-0.5
377,1,-4,0.25,5,-1
182,1,-4,0.25,5,-1.5
75,1,-4,0.25,5,-2
92,1,-4,0.75,1,-0.5
67,1,-4,0.75,1,-1
34,1,-4,0.75,1,-1.5
107,1,-4,0.75,1,-2
25,1,-4,0.75,2,-0.5
60,1,-4,0.75,2,-1
35,1,-4,0.75,2,-1.5
61,1,-4,0.75,2,-2
21,1,-4,0.75,3,-0.5
321,1,-4,0.75,3,-1
151,1,-4,0.75,3,-1.5
38,1,-4,0.75,3,-2
58,1,-4,0.75,4,-0.5
321,1,-4,0.75,4,-1
66,1,-4,0.75,4,-1.5
61,1,-4,0.75,4,-2
215,1,-4,0.75,5,-0.5
23,1,-4,0.75,5,-1
37,1,-4,0.75,5,-1.5
98,1,-4,0.75,5,-2
415,1,-4,1.25,1,-0.5
27,1,-4,1.25,1,-1
24,1,-4,1.25,1,-1.5
17,1,-4,1.25,1,-2
32,1,-4,1.25,2,-0.5
54,1,-4,1.25,2,-1
15,1,-4,1.25,2,-1.5
26,1,-4,1.25,2,-2
49,1,-4,1.25,3,-0.5
46,1,-4,1.25,3,-1
20,1,-4,1.25,3,-1.5
40,1,-4,1.25,3,-2
27,1,-4,1.25,4,-0.5
36,1,-4,1.25,4,-1
21,1,-4,1.25,4,-1.5
31,1,-4,1.25,4,-2
20,1,-4,1.25,5,-0.5
46,1,-4,1.25,5,-1
45,1,-4,1.25,5,-1.5
41,1,-4,1.25,5,-2
47,1,-4,1.75,1,-0.5
39,1,-4,1.75,1,-1
48,1,-4,1.75,1,-1.5
45,1,-4,1.75,1,-2
56,1,-4,1.75,2,-0.5
39,1,-4,1.75,2,-1
37,1,-4,1.75,2,-1.5
27,1,-4,1.75,2,-2
70,1,-4,1.75,3,-0.5
23,1,-4,1.75,3,-1
58,1,-4,1.75,3,-1.5
56,1,-4,1.75,3,-2
52,1,-4,1.75,4,-0.5
41,1,-4,1.75,4,-1
31,1,-4,1.75,4,-1.5
46,1,-4,1.75,4,-2
51,1,-4,1.75,5,-0.5
28,1,-4,1.75,5,-1
40,1,-4,1.75,5,-1.5
69,1,-4,1.75,5,-2
450,1,-5,0.25,1,-0.5
412,1,-5,0.25,1,-1
455,1,-5,0.25,1,-1.5
225,1,-5,0.25,1,-2
443,1,-5,0.25,2,-0.5
436,1,-5,0.25,2,-1
171,1,-5,0.25,2,-1.5
137,1,-5,0.25,2,-2
297,1,-5,0.25,3,-0.5
156,1,-5,0.25,3,-1
64,1,-5,0.25,3,-1.5
378,1,-5,0.25,3,-2
220,1,-5,0.25,4,-0.5
152,1,-5,0.25,4,-1
346,1,-5,0.25,4,-1.5
74,1,-5,0.25,4,-2
197,1,-5,0.25,5,-0.5
479,1,-5,0.25,5,-1
79,1,-5,0.25,5,-1.5
372,1,-5,0.25,5,-2
33,1,-5,0.75,1,-0.5
36,1,-5,0.75,1,-1
161,1,-5,0.75,1,-1.5
63,1,-5,0.75,1,-2
227,1,-5,0.75,2,-0.5
398,1,-5,0.75,2,-1
161,1,-5,0.75,2,-1.5
204,1,-5,0.75,2,-2
51,1,-5,0.75,3,-0.5
87,1,-5,0.75,3,-1
90,1,-5,0.75,3,-1.5
127,1,-5,0.75,3,-2
164,1,-5,0.75,4,-0.5
376,1,-5,0.75,4,-1
99,1,-5,0.75,4,-1.5
389,1,-5,0.75,4,-2
32,1,-5,0.75,5,-0.5
376,1,-5,0.75,5,-1
52,1,-5,0.75,5,-1.5
333,1,-5,0.75,5,-2
75,1,-5,1.25,1,-0.5
83,1,-5,1.25,1,-1
35,1,-5,1.25,1,-1.5
54,1,-5,1.25,1,-2
36,1,-5,1.25,2,-0.5
172,1,-5,1.25,2,-1
36,1,-5,1.25,2,-1.5
19,1,-5,1.25,2,-2
50,1,-5,1.25,3,-0.5
34,1,-5,1.25,3,-1
17,1,-5,1.25,3,-1.5
41,1,-5,1.25,3,-2
36,1,-5,1.25,4,-0.5
25,1,-5,1.25,4,-1
104,1,-5,1.25,4,-1.5
32,1,-5,1.25,4,-2
32,1,-5,1.25,5,-0.5
42,1,-5,1.25,5,-1
25,1,-5,1.25,5,-1.5
23,1,-5,1.25,5,-2
80,1,-5,1.75,1,-0.5
36,1,-5,1.75,1,-1
57,1,-5,1.75,1,-1.5
24,1,-5,1.75,1,-2
57,1,-5,1.75,2,-0.5
35,1,-5,1.75,2,-1
38,1,-5,1.75,2,-1.5
80,1,-5,1.75,2,-2
47,1,-5,1.75,3,-0.5
128,1,-5,1.75,3,-1
19,1,-5,1.75,3,-1.5
16,1,-5,1.75,3,-2
51,1,-5,1.75,4,-0.5
38,1,-5,1.75,4,-1
36,1,-5,1.75,4,-1.5
44,1,-5,1.75,4,-2
47,1,-5,1.75,5,-0.5
31,1,-5,1.75,5,-1
24,1,-5,1.75,5,-1.5
38,1,-5,1.75,5,-2
155,2,-1,0.25,1,-0.5
43,2,-1,0.25,1,-1
37,2,-1,0.25,1,-1.5
75,2,-1,0.25,1,-2
81,2,-1,0.25,2,-0.5
81,2,-1,0.25,2,-1
102,2,-1,0.25,2,-1.5
48,2,-1,0.25,2,-2
61,2,-1,0.25,3,-0.5
59,2,-1,0.25,3,-1
41,2,-1,0.25,3,-1.5
35,2,-1,0.25,3,-2
107,2,-1,0.25,4,-0.5
60,2,-1,0.25,4,-1
61,2,-1,0.25,4,-1.5
41,2,-1,0.25,4,-2
84,2,-1,0.25,5,-0.5
56,2,-1,0.25,5,-1
48,2,-1,0.25,5,-1.5
87,2,-1,0.25,5,-2
43,2,-1,0.75,1,-0.5
64,2,-1,0.75,1,-1
28,2,-1,0.75,1,-1.5
49,2,-1,0.75,1,-2
44,2,-1,0.75,2,-0.5
40,2,-1,0.75,2,-1
30,2,-1,0.75,2,-1.5
37,2,-1,0.75,2,-2
40,2,-1,0.75,3,-0.5
42,2,-1,0.75,3,-1
52,2,-1,0.75,3,-1.5
54,2,-1,0.75,3,-2
56,2,-1,0.75,4,-0.5
52,2,-1,0.75,4,-1
54,2,-1,0.75,4,-1.5
57,2,-1,0.75,4,-2
54,2,-1,0.75,5,-0.5
69,2,-1,0.75,5,-1
65,2,-1,0.75,5,-1.5
59,2,-1,0.75,5,-2
77,2,-1,1.25,1,-0.5
60,2,-1,1.25,1,-1
52,2,-1,1.25,1,-1.5
50,2,-1,1.25,1,-2
92,2,-1,1.25,2,-0.5
54,2,-1,1.25,2,-1
62,2,-1,1.25,2,-1.5
32,2,-1,1.25,2,-2
95,2,-1,1.25,3,-0.5
50,2,-1,1.25,3,-1
59,2,-1,1.25,3,-1.5
58,2,-1,1.25,3,-2
66,2,-1,1.25,4,-0.5
49,2,-1,1.25,4,-1
44,2,-1,1.25,4,-1.5
60,2,-1,1.25,4,-2
70,2,-1,1.25,5,-0.5
58,2,-1,1.25,5,-1
64,2,-1,1.25,5,-1.5
46,2,-1,1.25,5,-2
147,2,-1,1.75,1,-0.5
101,2,-1,1.75,1,-1
84,2,-1,1.75,1,-1.5
123,2,-1,1.75,1,-2
126,2,-1,1.75,2,-0.5
90,2,-1,1.75,2,-1
84,2,-1,1.75,2,-1.5
41,2,-1,1.75,2,-2
114,2,-1,1.75,3,-0.5
78,2,-1,1.75,3,-1
66,2,-1,1.75,3,-1.5
100,2,-1,1.75,3,-2
112,2,-1,1.75,4,-0.5
73,2,-1,1.75,4,-1
80,2,-1,1.75,4,-1.5
68,2,-1,1.75,4,-2
127,2,-1,1.75,5,-0.5
76,2,-1,1.75,5,-1
88,2,-1,1.75,5,-1.5
65,2,-1,1.75,5,-2
138,2,-2,0.25,1,-0.5
214,2,-2,0.25,1,-1
207,2,-2,0.25,1,-1.5
113,2,-2,0.25,1,-2
101,2,-2,0.25,2,-0.5
48,2,-2,0.25,2,-1
49,2,-2,0.25,2,-1.5
31,2,-2,0.25,2,-2
307,2,-2,0.25,3,-0.5
83,2,-2,0.25,3,-1
33,2,-2,0.25,3,-1.5
26,2,-2,0.25,3,-2
522,2,-2,0.25,4,-0.5
162,2,-2,0.25,4,-1
56,2,-2,0.25,4,-1.5
18,2,-2,0.25,4,-2
522,2,-2,0.25,5,-0.5
285,2,-2,0.25,5,-1
192,2,-2,0.25,5,-1.5
38,2,-2,0.25,5,-2
47,2,-2,0.75,1,-0.5
61,2,-2,0.75,1,-1
18,2,-2,0.75,1,-1.5
31,2,-2,0.75,1,-2
100,2,-2,0.75,2,-0.5
15,2,-2,0.75,2,-1
48,2,-2,0.75,2,-1.5
18,2,-2,0.75,2,-2
74,2,-2,0.75,3,-0.5
46,2,-2,0.75,3,-1
52,2,-2,0.75,3,-1.5
30,2,-2,0.75,3,-2
110,2,-2,0.75,4,-0.5
22,2,-2,0.75,4,-1
47,2,-2,0.75,4,-1.5
39,2,-2,0.75,4,-2
33,2,-2,0.75,5,-0.5
204,2,-2,0.75,5,-1
40,2,-2,0.75,5,-1.5
49,2,-2,0.75,5,-2
51,2,-2,1.25,1,-0.5
42,2,-2,1.25,1,-1
34,2,-2,1.25,1,-1.5
54,2,-2,1.25,1,-2
34,2,-2,1.25,2,-0.5
44,2,-2,1.25,2,-1
55,2,-2,1.25,2,-1.5
24,2,-2,1.25,2,-2
32,2,-2,1.25,3,-0.5
37,2,-2,1.25,3,-1
24,2,-2,1.25,3,-1.5
33,2,-2,1.25,3,-2
38,2,-2,1.25,4,-0.5
32,2,-2,1.25,4,-1
34,2,-2,1.25,4,-1.5
20,2,-2,1.25,4,-2
56,2,-2,1.25,5,-0.5
36,2,-2,1.25,5,-1
32,2,-2,1.25,5,-1.5
18,2,-2,1.25,5,-2
77,2,-2,1.75,1,-0.5
80,2,-2,1.75,1,-1
55,2,-2,1.75,1,-1.5
41,2,-2,1.75,1,-2
90,2,-2,1.75,2,-0.5
54,2,-2,1.75,2,-1
63,2,-2,1.75,2,-1.5
37,2,-2,1.75,2,-2
88,2,-2,1.75,3,-0.5
42,2,-2,1.75,3,-1
50,2,-2,1.75,3,-1.5
34,2,-2,1.75,3,-2
78,2,-2,1.75,4,-0.5
56,2,-2,1.75,4,-1
49,2,-2,1.75,4,-1.5
32,2,-2,1.75,4,-2
38,2,-2,1.75,5,-0.5
68,2,-2,1.75,5,-1
50,2,-2,1.75,5,-1.5
51,2,-2,1.75,5,-2
71,2,-3,0.25,1,-0.5
75,2,-3,0.25,1,-1
55,2,-3,0.25,1,-1.5
385,2,-3,0.25,1,-2
328,2,-3,0.25,2,-0.5
397,2,-3,0.25,2,-1
67,2,-3,0.25,2,-1.5
385,2,-3,0.25,2,-2
125,2,-3,0.25,3,-0.5
240,2,-3,0.25,3,-1
43,2,-3,0.25,3,-1.5
477,2,-3,0.25,3,-2
364,2,-3,0.25,4,-0.5
77,2,-3,0.25,4,-1
138,2,-3,0.25,4,-1.5
120,2,-3,0.25,4,-2
195,2,-3,0.25,5,-0.5
210,2,-3,0.25,5,-1
149,2,-3,0.25,5,-1.5
71,2,-3,0.25,5,-2
155,2,-3,0.75,1,-0.5
91,2,-3,0.75,1,-1
75,2,-3,0.75,1,-1.5
42,2,-3,0.75,1,-2
37,2,-3,0.75,2,-0.5
32,2,-3,0.75,2,-1
19,2,-3,0.75,2,-1.5
26,2,-3,0.75,2,-2
98,2,-3,0.75,3,-0.5
32,2,-3,0.75,3,-1
33,2,-3,0.75,3,-1.5
124,2,-3,0.75,3,-2
98,2,-3,0.75,4,-0.5
186,2,-3,0.75,4,-1
21,2,-3,0.75,4,-1.5
18,2,-3,0.75,4,-2
120,2,-3,0.75,5,-0.5
30,2,-3,0.75,5,-1
61,2,-3,0.75,5,-1.5
39,2,-3,0.75,5,-2
27,2,-3,1.25,1,-0.5
28,2,-3,1.25,1,-1
43,2,-3,1.25,1,-1.5
24,2,-3,1.25,1,-2
33,2,-3,1.25,2,-0.5
30,2,-3,1.25,2,-1
32,2,-3,1.25,2,-1.5
33,2,-3,1.25,2,-2
63,2,-3,1.25,3,-0.5
50,2,-3,1.25,3,-1
39,2,-3,1.25,3,-1.5
23,2,-3,1.25,3,-2
29,2,-3,1.25,4,-0.5
19,2,-3,1.25,4,-1
16,2,-3,1.25,4,-1.5
18,2,-3,1.25,4,-2
35,2,-3,1.25,5,-0.5
39,2,-3,1.25,5,-1
91,2,-3,1.25,5,-1.5
25,2,-3,1.25,5,-2
83,2,-3,1.75,1,-0.5
46,2,-3,1.75,1,-1
32,2,-3,1.75,1,-1.5
31,2,-3,1.75,1,-2
51,2,-3,1.75,2,-0.5
49,2,-3,1.75,2,-1
46,2,-3,1.75,2,-1.5
26,2,-3,1.75,2,-2
47,2,-3,1.75,3,-0.5
41,2,-3,1.75,3,-1
50,2,-3,1.75,3,-1.5
61,2,-3,1.75,3,-2
36,2,-3,1.75,4,-0.5
43,2,-3,1.75,4,-1
47,2,-3,1.75,4,-1.5
46,2,-3,1.75,4,-2
58,2,-3,1.75,5,-0.5
22,2,-3,1.75,5,-1
56,2,-3,1.75,5,-1.5
34,2,-3,1.75,5,-2
358,2,-4,0.25,1,-0.5
467,2,-4,0.25,1,-1
103,2,-4,0.25,1,-1.5
147,2,-4,0.25,1,-2
218,2,-4,0.25,2,-0.5
490,2,-4,0.25,2,-1
291,2,-4,0.25,2,-1.5
112,2,-4,0.25,2,-2
406,2,-4,0.25,3,-0.5
382,2,-4,0.25,3,-1
284,2,-4,0.25,3,-1.5
358,2,-4,0.25,3,-2
402,2,-4,0.25,4,-0.5
300,2,-4,0.25,4,-1
165,2,-4,0.25,4,-1.5
274,2,-4,0.25,4,-2
164,2,-4,0.25,5,-0.5
237,2,-4,0.25,5,-1
342,2,-4,0.25,5,-1.5
65,2,-4,0.25,5,-2
287,2,-4,0.75,1,-0.5
55,2,-4,0.75,1,-1
46,2,-4,0.75,1,-1.5
110,2,-4,0.75,1,-2
68,2,-4,0.75,2,-0.5
48,2,-4,0.75,2,-1
45,2,-4,0.75,2,-1.5
38,2,-4,0.75,2,-2
181,2,-4,0.75,3,-0.5
367,2,-4,0.75,3,-1
151,2,-4,0.75,3,-1.5
31,2,-4,0.75,3,-2
57,2,-4,0.75,4,-0.5
229,2,-4,0.75,4,-1
78,2,-4,0.75,4,-1.5
58,2,-4,0.75,4,-2
547,2,-4,0.75,5,-0.5
47,2,-4,0.75,5,-1
48,2,-4,0.75,5,-1.5
55,2,-4,0.75,5,-2
50,2,-4,1.25,1,-0.5
91,2,-4,1.25,1,-1
39,2,-4,1.25,1,-1.5
24,2,-4,1.25,1,-2
40,2,-4,1.25,2,-0.5
40,2,-4,1.25,2,-1
28,2,-4,1.25,2,-1.5
28,2,-4,1.25,2,-2
19,2,-4,1.25,3,-0.5
23,2,-4,1.25,3,-1
103,2,-4,1.25,3,-1.5
38,2,-4,1.25,3,-2
22,2,-4,1.25,4,-0.5
52,2,-4,1.25,4,-1
103,2,-4,1.25,4,-1.5
35,2,-4,1.25,4,-2
59,2,-4,1.25,5,-0.5
44,2,-4,1.25,5,-1
26,2,-4,1.25,5,-1.5
23,2,-4,1.25,5,-2
59,2,-4,1.75,1,-0.5
37,2,-4,1.75,1,-1
37,2,-4,1.75,1,-1.5
21,2,-4,1.75,1,-2
57,2,-4,1.75,2,-0.5
30,2,-4,1.75,2,-1
16,2,-4,1.75,2,-1.5
39,2,-4,1.75,2,-2
70,2,-4,1.75,3,-0.5
29,2,-4,1.75,3,-1
35,2,-4,1.75,3,-1.5
49,2,-4,1.75,3,-2
57,2,-4,1.75,4,-0.5
55,2,-4,1.75,4,-1
17,2,-4,1.75,4,-1.5
46,2,-4,1.75,4,-2
70,2,-4,1.75,5,-0.5
37,2,-4,1.75,5,-1
41,2,-4,1.75,5,-1.5
57,2,-4,1.75,5,-2
441,2,-5,0.25,1,-0.5
247,2,-5,0.25,1,-1
163,2,-5,0.25,1,-1.5
89,2,-5,0.25,1,-2
197,2,-5,0.25,2,-0.5
211,2,-5,0.25,2,-1
190,2,-5,0.25,2,-1.5
453,2,-5,0.25,2,-2
361,2,-5,0.25,3,-0.5
264,2,-5,0.25,3,-1
76,2,-5,0.25,3,-1.5
452,2,-5,0.25,3,-2
361,2,-5,0.25,4,-0.5
341,2,-5,0.25,4,-1
356,2,-5,0.25,4,-1.5
450,2,-5,0.25,4,-2
384,2,-5,0.25,5,-0.5
107,2,-5,0.25,5,-1
328,2,-5,0.25,5,-1.5
303,2,-5,0.25,5,-2
321,2,-5,0.75,1,-0.5
276,2,-5,0.75,1,-1
110,2,-5,0.75,1,-1.5
55,2,-5,0.75,1,-2
379,2,-5,0.75,2,-0.5
96,2,-5,0.75,2,-1
28,2,-5,0.75,2,-1.5
93,2,-5,0.75,2,-2
456,2,-5,0.75,3,-0.5
113,2,-5,0.75,3,-1
179,2,-5,0.75,3,-1.5
254,2,-5,0.75,3,-2
263,2,-5,0.75,4,-0.5
30,2,-5,0.75,4,-1
57,2,-5,0.75,4,-1.5
97,2,-5,0.75,4,-2
37,2,-5,0.75,5,-0.5
121,2,-5,0.75,5,-1
339,2,-5,0.75,5,-1.5
66,2,-5,0.75,5,-2
545,2,-5,1.25,1,-0.5
43,2,-5,1.25,1,-1
42,2,-5,1.25,1,-1.5
34,2,-5,1.25,1,-2
70,2,-5,1.25,2,-0.5
26,2,-5,1.25,2,-1
78,2,-5,1.25,2,-1.5
40,2,-5,1.25,2,-2
20,2,-5,1.25,3,-0.5
18,2,-5,1.25,3,-1
35,2,-5,1.25,3,-1.5
177,2,-5,1.25,3,-2
151,2,-5,1.25,4,-0.5
18,2,-5,1.25,4,-1
46,2,-5,1.25,4,-1.5
85,2,-5,1.25,4,-2
80,2,-5,1.25,5,-0.5
466,2,-5,1.25,5,-1
84,2,-5,1.25,5,-1.5
26,2,-5,1.25,5,-2
82,2,-5,1.75,1,-0.5
29,2,-5,1.75,1,-1
60,2,-5,1.75,1,-1.5
40,2,-5,1.75,1,-2
40,2,-5,1.75,2,-0.5
86,2,-5,1.75,2,-1
59,2,-5,1.75,2,-1.5
32,2,-5,1.75,2,-2
67,2,-5,1.75,3,-0.5
36,2,-5,1.75,3,-1
36,2,-5,1.75,3,-1.5
21,2,-5,1.75,3,-2
35,2,-5,1.75,4,-0.5
42,2,-5,1.75,4,-1
34,2,-5,1.75,4,-1.5
23,2,-5,1.75,4,-2
48,2,-5,1.75,5,-0.5
34,2,-5,1.75,5,-1
34,2,-5,1.75,5,-1.5
34,2,-5,1.75,5,-2
191,3,-1,0.25,1,-0.5
115,3,-1,0.25,1,-1
118,3,-1,0.25,1,-1.5
78,3,-1,0.25,1,-2
195,3,-1,0.25,2,-0.5
108,3,-1,0.25,2,-1
68,3,-1,0.25,2,-1.5
47,3,-1,0.25,2,-2
151,3,-1,0.25,3,-0.5
97,3,-1,0.25,3,-1
408,3,-1,0.25,3,-1.5
37,3,-1,0.25,3,-2
132,3,-1,0.25,4,-0.5
70,3,-1,0.25,4,-1
95,3,-1,0.25,4,-1.5
60,3,-1,0.25,4,-2
294,3,-1,0.25,5,-0.5
176,3,-1,0.25,5,-1
94,3,-1,0.25,5,-1.5
136,3,-1,0.25,5,-2
132,3,-1,0.75,1,-0.5
76,3,-1,0.75,1,-1
46,3,-1,0.75,1,-1.5
62,3,-1,0.75,1,-2
90,3,-1,0.75,2,-0.5
34,3,-1,0.75,2,-1
27,3,-1,0.75,2,-1.5
61,3,-1,0.75,2,-2
53,3,-1,0.75,3,-0.5
37,3,-1,0.75,3,-1
33,3,-1,0.75,3,-1.5
33,3,-1,0.75,3,-2
80,3,-1,0.75,4,-0.5
47,3,-1,0.75,4,-1
53,3,-1,0.75,4,-1.5
44,3,-1,0.75,4,-2
74,3,-1,0.75,5,-0.5
40,3,-1,0.75,5,-1
49,3,-1,0.75,5,-1.5
39,3,-1,0.75,5,-2
95,3,-1,1.25,1,-0.5
43,3,-1,1.25,1,-1
92,3,-1,1.25,1,-1.5
47,3,-1,1.25,1,-2
63,3,-1,1.25,2,-0.5
56,3,-1,1.25,2,-1
29,3,-1,1.25,2,-1.5
30,3,-1,1.25,2,-2
83,3,-1,1.25,3,-0.5
64,3,-1,1.25,3,-1
61,3,-1,1.25,3,-1.5
43,3,-1,1.25,3,-2
78,3,-1,1.25,4,-0.5
54,3,-1,1.25,4,-1
61,3,-1,1.25,4,-1.5
54,3,-1,1.25,4,-2
42,3,-1,1.25,5,-0.5
60,3,-1,1.25,5,-1
58,3,-1,1.25,5,-1.5
36,3,-1,1.25,5,-2
126,3,-1,1.75,1,-0.5
122,3,-1,1.75,1,-1
93,3,-1,1.75,1,-1.5
62,3,-1,1.75,1,-2
107,3,-1,1.75,2,-0.5
85,3,-1,1.75,2,-1
81,3,-1,1.75,2,-1.5
78,3,-1,1.75,2,-2
81,3,-1,1.75,3,-0.5
105,3,-1,1.75,3,-1
58,3,-1,1.75,3,-1.5
83,3,-1,1.75,3,-2
104,3,-1,1.75,4,-0.5
58,3,-1,1.75,4,-1
61,3,-1,1.75,4,-1.5
47,3,-1,1.75,4,-2
108,3,-1,1.75,5,-0.5
71,3,-1,1.75,5,-1
66,3,-1,1.75,5,-1.5
93,3,-1,1.75,5,-2
414,3,-2,0.25,1,-0.5
405,3,-2,0.25,1,-1
71,3,-2,0.25,1,-1.5
101,3,-2,0.25,1,-2
274,3,-2,0.25,2,-0.5
145,3,-2,0.25,2,-1
300,3,-2,0.25,2,-1.5
77,3,-2,0.25,2,-2
145,3,-2,0.25,3,-0.5
371,3,-2,0.25,3,-1
409,3,-2,0.25,3,-1.5
80,3,-2,0.25,3,-2
375,3,-2,0.25,4,-0.5
224,3,-2,0.25,4,-1
94,3,-2,0.25,4,-1.5
79,3,-2,0.25,4,-2
220,3,-2,0.25,5,-0.5
185,3,-2,0.25,5,-1
184,3,-2,0.25,5,-1.5
391,3,-2,0.25,5,-2
119,3,-2,0.75,1,-0.5
121,3,-2,0.75,1,-1
31,3,-2,0.75,1,-1.5
38,3,-2,0.75,1,-2
97,3,-2,0.75,2,-0.5
52,3,-2,0.75,2,-1
38,3,-2,0.75,2,-1.5
29,3,-2,0.75,2,-2
96,3,-2,0.75,3,-0.5
49,3,-2,0.75,3,-1
27,3,-2,0.75,3,-1.5
24,3,-2,0.75,3,-2
36,3,-2,0.75,4,-0.5
33,3,-2,0.75,4,-1
30,3,-2,0.75,4,-1.5
33,3,-2,0.75,4,-2
79,3,-2,0.75,5,-0.5
49,3,-2,0.75,5,-1
47,3,-2,0.75,5,-1.5
19,3,-2,0.75,5,-2
67,3,-2,1.25,1,-0.5
25,3,-2,1.25,1,-1
28,3,-2,1.25,1,-1.5
22,3,-2,1.25,1,-2
56,3,-2,1.25,2,-0.5
38,3,-2,1.25,2,-1
26,3,-2,1.25,2,-1.5
37,3,-2,1.25,2,-2
72,3,-2,1.25,3,-0.5
34,3,-2,1.25,3,-1
37,3,-2,1.25,3,-1.5
37,3,-2,1.25,3,-2
47,3,-2,1.25,4,-0.5
43,3,-2,1.25,4,-1
58,3,-2,1.25,4,-1.5
24,3,-2,1.25,4,-2
83,3,-2,1.25,5,-0.5
93,3,-2,1.25,5,-1
40,3,-2,1.25,5,-1.5
64,3,-2,1.25,5,-2
54,3,-2,1.75,1,-0.5
51,3,-2,1.75,1,-1
52,3,-2,1.75,1,-1.5
66,3,-2,1.75,1,-2
43,3,-2,1.75,2,-0.5
46,3,-2,1.75,2,-1
50,3,-2,1.75,2,-1.5
56,3,-2,1.75,2,-2
79,3,-2,1.75,3,-0.5
51,3,-2,1.75,3,-1
42,3,-2,1.75,3,-1.5
71,3,-2,1.75,3,-2
63,3,-2,1.75,4,-0.5
54,3,-2,1.75,4,-1
48,3,-2,1.75,4,-1.5
27,3,-2,1.75,4,-2
81,3,-2,1.75,5,-0.5
34,3,-2,1.75,5,-1
56,3,-2,1.75,5,-1.5
56,3,-2,1.75,5,-2
361,3,-3,0.25,1,-0.5
43,3,-3,0.25,1,-1
148,3,-3,0.25,1,-1.5
205,3,-3,0.25,1,-2
307,3,-3,0.25,2,-0.5
393,3,-3,0.25,2,-1
296,3,-3,0.25,2,-1.5
36,3,-3,0.25,2,-2
365,3,-3,0.25,3,-0.5
108,3,-3,0.25,3,-1
78,3,-3,0.25,3,-1.5
212,3,-3,0.25,3,-2
367,3,-3,0.25,4,-0.5
408,3,-3,0.25,4,-1
458,3,-3,0.25,4,-1.5
264,3,-3,0.25,4,-2
493,3,-3,0.25,5,-0.5
296,3,-3,0.25,5,-1
485,3,-3,0.25,5,-1.5
322,3,-3,0.25,5,-2
69,3,-3,0.75,1,-0.5
30,3,-3,0.75,1,-1
75,3,-3,0.75,1,-1.5
32,3,-3,0.75,1,-2
173,3,-3,0.75,2,-0.5
50,3,-3,0.75,2,-1
207,3,-3,0.75,2,-1.5
22,3,-3,0.75,2,-2
28,3,-3,0.75,3,-0.5
173,3,-3,0.75,3,-1
46,3,-3,0.75,3,-1.5
161,3,-3,0.75,3,-2
349,3,-3,0.75,4,-0.5
41,3,-3,0.75,4,-1
73,3,-3,0.75,4,-1.5
26,3,-3,0.75,4,-2
547,3,-3,0.75,5,-0.5
25,3,-3,0.75,5,-1
60,3,-3,0.75,5,-1.5
37,3,-3,0.75,5,-2
71,3,-3,1.25,1,-0.5
35,3,-3,1.25,1,-1
34,3,-3,1.25,1,-1.5
31,3,-3,1.25,1,-2
88,3,-3,1.25,2,-0.5
51,3,-3,1.25,2,-1
31,3,-3,1.25,2,-1.5
26,3,-3,1.25,2,-2
39,3,-3,1.25,3,-0.5
22,3,-3,1.25,3,-1
38,3,-3,1.25,3,-1.5
29,3,-3,1.25,3,-2
53,3,-3,1.25,4,-0.5
43,3,-3,1.25,4,-1
29,3,-3,1.25,4,-1.5
30,3,-3,1.25,4,-2
51,3,-3,1.25,5,-0.5
48,3,-3,1.25,5,-1
23,3,-3,1.25,5,-1.5
47,3,-3,1.25,5,-2
65,3,-3,1.75,1,-0.5
30,3,-3,1.75,1,-1
44,3,-3,1.75,1,-1.5
21,3,-3,1.75,1,-2
71,3,-3,1.75,2,-0.5
42,3,-3,1.75,2,-1
17,3,-3,1.75,2,-1.5
28,3,-3,1.75,2,-2
65,3,-3,1.75,3,-0.5
32,3,-3,1.75,3,-1
54,3,-3,1.75,3,-1.5
30,3,-3,1.75,3,-2
61,3,-3,1.75,4,-0.5
24,3,-3,1.75,4,-1
31,3,-3,1.75,4,-1.5
31,3,-3,1.75,4,-2
51,3,-3,1.75,5,-0.5
35,3,-3,1.75,5,-1
36,3,-3,1.75,5,-1.5
26,3,-3,1.75,5,-2
411,3,-4,0.25,1,-0.5
187,3,-4,0.25,1,-1
180,3,-4,0.25,1,-1.5
105,3,-4,0.25,1,-2
401,3,-4,0.25,2,-0.5
479,3,-4,0.25,2,-1
348,3,-4,0.25,2,-1.5
73,3,-4,0.25,2,-2
413,3,-4,0.25,3,-0.5
458,3,-4,0.25,3,-1
347,3,-4,0.25,3,-1.5
360,3,-4,0.25,3,-2
136,3,-4,0.25,4,-0.5
369,3,-4,0.25,4,-1
113,3,-4,0.25,4,-1.5
65,3,-4,0.25,4,-2
215,3,-4,0.25,5,-0.5
454,3,-4,0.25,5,-1
348,3,-4,0.25,5,-1.5
197,3,-4,0.25,5,-2
494,3,-4,0.75,1,-0.5
458,3,-4,0.75,1,-1
87,3,-4,0.75,1,-1.5
360,3,-4,0.75,1,-2
137,3,-4,0.75,2,-0.5
33,3,-4,0.75,2,-1
64,3,-4,0.75,2,-1.5
95,3,-4,0.75,2,-2
72,3,-4,0.75,3,-0.5
292,3,-4,0.75,3,-1
119,3,-4,0.75,3,-1.5
149,3,-4,0.75,3,-2
41,3,-4,0.75,4,-0.5
32,3,-4,0.75,4,-1
35,3,-4,0.75,4,-1.5
491,3,-4,0.75,4,-2
187,3,-4,0.75,5,-0.5
19,3,-4,0.75,5,-1
15,3,-4,0.75,5,-1.5
161,3,-4,0.75,5,-2
33,3,-4,1.25,1,-0.5
38,3,-4,1.25,1,-1
81,3,-4,1.25,1,-1.5
43,3,-4,1.25,1,-2
49,3,-4,1.25,2,-0.5
40,3,-4,1.25,2,-1
55,3,-4,1.25,2,-1.5
45,3,-4,1.25,2,-2
47,3,-4,1.25,3,-0.5
23,3,-4,1.25,3,-1
26,3,-4,1.25,3,-1.5
46,3,-4,1.25,3,-2
42,3,-4,1.25,4,-0.5
153,3,-4,1.25,4,-1
59,3,-4,1.25,4,-1.5
52,3,-4,1.25,4,-2
48,3,-4,1.25,5,-0.5
158,3,-4,1.25,5,-1
33,3,-4,1.25,5,-1.5
39,3,-4,1.25,5,-2
66,3,-4,1.75,1,-0.5
63,3,-4,1.75,1,-1
46,3,-4,1.75,1,-1.5
34,3,-4,1.75,1,-2
51,3,-4,1.75,2,-0.5
30,3,-4,1.75,2,-1
47,3,-4,1.75,2,-1.5
23,3,-4,1.75,2,-2
45,3,-4,1.75,3,-0.5
40,3,-4,1.75,3,-1
50,3,-4,1.75,3,-1.5
46,3,-4,1.75,3,-2
34,3,-4,1.75,4,-0.5
57,3,-4,1.75,4,-1
48,3,-4,1.75,4,-1.5
40,3,-4,1.75,4,-2
38,3,-4,1.75,5,-0.5
36,3,-4,1.75,5,-1
24,3,-4,1.75,5,-1.5
16,3,-4,1.75,5,-2
335,3,-5,0.25,1,-0.5
420,3,-5,0.25,1,-1
160,3,-5,0.25,1,-1.5
313,3,-5,0.25,1,-2
289,3,-5,0.25,2,-0.5
419,3,-5,0.25,2,-1
400,3,-5,0.25,2,-1.5
338,3,-5,0.25,2,-2
490,3,-5,0.25,3,-0.5
327,3,-5,0.25,3,-1
400,3,-5,0.25,3,-1.5
254,3,-5,0.25,3,-2
298,3,-5,0.25,4,-0.5
171,3,-5,0.25,4,-1
400,3,-5,0.25,4,-1.5
134,3,-5,0.25,4,-2
360,3,-5,0.25,5,-0.5
302,3,-5,0.25,5,-1
400,3,-5,0.25,5,-1.5
168,3,-5,0.25,5,-2
428,3,-5,0.75,1,-0.5
85,3,-5,0.75,1,-1
108,3,-5,0.75,1,-1.5
56,3,-5,0.75,1,-2
143,3,-5,0.75,2,-0.5
81,3,-5,0.75,2,-1
282,3,-5,0.75,2,-1.5
70,3,-5,0.75,2,-2
489,3,-5,0.75,3,-0.5
57,3,-5,0.75,3,-1
61,3,-5,0.75,3,-1.5
70,3,-5,0.75,3,-2
162,3,-5,0.75,4,-0.5
135,3,-5,0.75,4,-1
56,3,-5,0.75,4,-1.5
124,3,-5,0.75,4,-2
45,3,-5,0.75,5,-0.5
32,3,-5,0.75,5,-1
145,3,-5,0.75,5,-1.5
209,3,-5,0.75,5,-2
65,3,-5,1.25,1,-0.5
329,3,-5,1.25,1,-1
453,3,-5,1.25,1,-1.5
28,3,-5,1.25,1,-2
54,3,-5,1.25,2,-0.5
49,3,-5,1.25,2,-1
453,3,-5,1.25,2,-1.5
67,3,-5,1.25,2,-2
64,3,-5,1.25,3,-0.5
33,3,-5,1.25,3,-1
13,3,-5,1.25,3,-1.5
20,3,-5,1.25,3,-2
68,3,-5,1.25,4,-0.5
40,3,-5,1.25,4,-1
35,3,-5,1.25,4,-1.5
25,3,-5,1.25,4,-2
41,3,-5,1.25,5,-0.5
24,3,-5,1.25,5,-1
40,3,-5,1.25,5,-1.5
29,3,-5,1.25,5,-2
61,3,-5,1.75,1,-0.5
444,3,-5,1.75,1,-1
46,3,-5,1.75,1,-1.5
57,3,-5,1.75,1,-2
61,3,-5,1.75,2,-0.5
86,3,-5,1.75,2,-1
49,3,-5,1.75,2,-1.5
58,3,-5,1.75,2,-2
42,3,-5,1.75,3,-0.5
47,3,-5,1.75,3,-1
28,3,-5,1.75,3,-1.5
48,3,-5,1.75,3,-2
35,3,-5,1.75,4,-0.5
33,3,-5,1.75,4,-1
26,3,-5,1.75,4,-1.5
29,3,-5,1.75,4,-2
57,3,-5,1.75,5,-0.5
33,3,-5,1.75,5,-1
31,3,-5,1.75,5,-1.5
24,3,-5,1.75,5,-2
176,4,-1,0.25,1,-0.5
358,4,-1,0.25,1,-1
116,4,-1,0.25,1,-1.5
110,4,-1,0.25,1,-2
220,4,-1,0.25,2,-0.5
222,4,-1,0.25,2,-1
321,4,-1,0.25,2,-1.5
121,4,-1,0.25,2,-2
186,4,-1,0.25,3,-0.5
127,4,-1,0.25,3,-1
57,4,-1,0.25,3,-1.5
115,4,-1,0.25,3,-2
171,4,-1,0.25,4,-0.5
408,4,-1,0.25,4,-1
77,4,-1,0.25,4,-1.5
60,4,-1,0.25,4,-2
159,4,-1,0.25,5,-0.5
177,4,-1,0.25,5,-1
113,4,-1,0.25,5,-1.5
78,4,-1,0.25,5,-2
130,4,-1,0.75,1,-0.5
145,4,-1,0.75,1,-1
62,4,-1,0.75,1,-1.5
110,4,-1,0.75,1,-2
93,4,-1,0.75,2,-0.5
81,4,-1,0.75,2,-1
52,4,-1,0.75,2,-1.5
39,4,-1,0.75,2,-2
100,4,-1,0.75,3,-0.5
76,4,-1,0.75,3,-1
94,4,-1,0.75,3,-1.5
64,4,-1,0.75,3,-2
112,4,-1,0.75,4,-0.5
155,4,-1,0.75,4,-1
69,4,-1,0.75,4,-1.5
59,4,-1,0.75,4,-2
97,4,-1,0.75,5,-0.5
52,4,-1,0.75,5,-1
86,4,-1,0.75,5,-1.5
52,4,-1,0.75,5,-2
106,4,-1,1.25,1,-0.5
66,4,-1,1.25,1,-1
72,4,-1,1.25,1,-1.5
58,4,-1,1.25,1,-2
102,4,-1,1.25,2,-0.5
74,4,-1,1.25,2,-1
45,4,-1,1.25,2,-1.5
46,4,-1,1.25,2,-2
82,4,-1,1.25,3,-0.5
80,4,-1,1.25,3,-1
61,4,-1,1.25,3,-1.5
71,4,-1,1.25,3,-2
91,4,-1,1.25,4,-0.5
65,4,-1,1.25,4,-1
55,4,-1,1.25,4,-1.5
34,4,-1,1.25,4,-2
52,4,-1,1.25,5,-0.5
55,4,-1,1.25,5,-1
35,4,-1,1.25,5,-1.5
42,4,-1,1.25,5,-2
135,4,-1,1.75,1,-0.5
84,4,-1,1.75,1,-1
99,4,-1,1.75,1,-1.5
93,4,-1,1.75,1,-2
92,4,-1,1.75,2,-0.5
94,4,-1,1.75,2,-1
59,4,-1,1.75,2,-1.5
45,4,-1,1.75,2,-2
94,4,-1,1.75,3,-0.5
68,4,-1,1.75,3,-1
82,4,-1,1.75,3,-1.5
54,4,-1,1.75,3,-2
93,4,-1,1.75,4,-0.5
72,4,-1,1.75,4,-1
63,4,-1,1.75,4,-1.5
61,4,-1,1.75,4,-2
103,4,-1,1.75,5,-0.5
69,4,-1,1.75,5,-1
92,4,-1,1.75,5,-1.5
68,4,-1,1.75,5,-2
335,4,-2,0.25,1,-0.5
135,4,-2,0.25,1,-1
170,4,-2,0.25,1,-1.5
120,4,-2,0.25,1,-2
394,4,-2,0.25,2,-0.5
475,4,-2,0.25,2,-1
215,4,-2,0.25,2,-1.5
118,4,-2,0.25,2,-2
239,4,-2,0.25,3,-0.5
406,4,-2,0.25,3,-1
146,4,-2,0.25,3,-1.5
53,4,-2,0.25,3,-2
233,4,-2,0.25,4,-0.5
344,4,-2,0.25,4,-1
334,4,-2,0.25,4,-1.5
84,4,-2,0.25,4,-2
311,4,-2,0.25,5,-0.5
126,4,-2,0.25,5,-1
231,4,-2,0.25,5,-1.5
46,4,-2,0.25,5,-2
537,4,-2,0.75,1,-0.5
79,4,-2,0.75,1,-1
103,4,-2,0.75,1,-1.5
41,4,-2,0.75,1,-2
125,4,-2,0.75,2,-0.5
73,4,-2,0.75,2,-1
46,4,-2,0.75,2,-1.5
37,4,-2,0.75,2,-2
367,4,-2,0.75,3,-0.5
224,4,-2,0.75,3,-1
42,4,-2,0.75,3,-1.5
30,4,-2,0.75,3,-2
76,4,-2,0.75,4,-0.5
69,4,-2,0.75,4,-1
81,4,-2,0.75,4,-1.5
42,4,-2,0.75,4,-2
58,4,-2,0.75,5,-0.5
559,4,-2,0.75,5,-1
60,4,-2,0.75,5,-1.5
82,4,-2,0.75,5,-2
91,4,-2,1.25,1,-0.5
79,4,-2,1.25,1,-1
62,4,-2,1.25,1,-1.5
35,4,-2,1.25,1,-2
71,4,-2,1.25,2,-0.5
62,4,-2,1.25,2,-1
33,4,-2,1.25,2,-1.5
58,4,-2,1.25,2,-2
111,4,-2,1.25,3,-0.5
20,4,-2,1.25,3,-1
51,4,-2,1.25,3,-1.5
20,4,-2,1.25,3,-2
80,4,-2,1.25,4,-0.5
36,4,-2,1.25,4,-1
19,4,-2,1.25,4,-1.5
25,4,-2,1.25,4,-2
57,4,-2,1.25,5,-0.5
43,4,-2,1.25,5,-1
31,4,-2,1.25,5,-1.5
27,4,-2,1.25,5,-2
100,4,-2,1.75,1,-0.5
65,4,-2,1.75,1,-1
53,4,-2,1.75,1,-1.5
61,4,-2,1.75,1,-2
77,4,-2,1.75,2,-0.5
53,4,-2,1.75,2,-1
81,4,-2,1.75,2,-1.5
46,4,-2,1.75,2,-2
101,4,-2,1.75,3,-0.5
68,4,-2,1.75,3,-1
51,4,-2,1.75,3,-1.5
35,4,-2,1.75,3,-2
73,4,-2,1.75,4,-0.5
43,4,-2,1.75,4,-1
31,4,-2,1.75,4,-1.5
50,4,-2,1.75,4,-2
65,4,-2,1.75,5,-0.5
63,4,-2,1.75,5,-1
63,4,-2,1.75,5,-1.5
50,4,-2,1.75,5,-2
370,4,-3,0.25,1,-0.5
268,4,-3,0.25,1,-1
182,4,-3,0.25,1,-1.5
314,4,-3,0.25,1,-2
235,4,-3,0.25,2,-0.5
273,4,-3,0.25,2,-1
212,4,-3,0.25,2,-1.5
358,4,-3,0.25,2,-2
388,4,-3,0.25,3,-0.5
125,4,-3,0.25,3,-1
212,4,-3,0.25,3,-1.5
168,4,-3,0.25,3,-2
168,4,-3,0.25,4,-0.5
124,4,-3,0.25,4,-1
145,4,-3,0.25,4,-1.5
388,4,-3,0.25,4,-2
202,4,-3,0.25,5,-0.5
248,4,-3,0.25,5,-1
225,4,-3,0.25,5,-1.5
186,4,-3,0.25,5,-2
323,4,-3,0.75,1,-0.5
51,4,-3,0.75,1,-1
78,4,-3,0.75,1,-1.5
64,4,-3,0.75,1,-2
85,4,-3,0.75,2,-0.5
69,4,-3,0.75,2,-1
85,4,-3,0.75,2,-1.5
49,4,-3,0.75,2,-2
96,4,-3,0.75,3,-0.5
69,4,-3,0.75,3,-1
112,4,-3,0.75,3,-1.5
18,4,-3,0.75,3,-2
52,4,-3,0.75,4,-0.5
159,4,-3,0.75,4,-1
287,4,-3,0.75,4,-1.5
115,4,-3,0.75,4,-2
222,4,-3,0.75,5,-0.5
64,4,-3,0.75,5,-1
37,4,-3,0.75,5,-1.5
366,4,-3,0.75,5,-2
58,4,-3,1.25,1,-0.5
49,4,-3,1.25,1,-1
25,4,-3,1.25,1,-1.5
47,4,-3,1.25,1,-2
92,4,-3,1.25,2,-0.5
60,4,-3,1.25,2,-1
46,4,-3,1.25,2,-1.5
63,4,-3,1.25,2,-2
46,4,-3,1.25,3,-0.5
91,4,-3,1.25,3,-1
51,4,-3,1.25,3,-1.5
31,4,-3,1.25,3,-2
32,4,-3,1.25,4,-0.5
54,4,-3,1.25,4,-1
86,4,-3,1.25,4,-1.5
34,4,-3,1.25,4,-2
44,4,-3,1.25,5,-0.5
31,4,-3,1.25,5,-1
62,4,-3,1.25,5,-1.5
45,4,-3,1.25,5,-2
87,4,-3,1.75,1,-0.5
50,4,-3,1.75,1,-1
71,4,-3,1.75,1,-1.5
30,4,-3,1.75,1,-2
61,4,-3,1.75,2,-0.5
49,4,-3,1.75,2,-1
29,4,-3,1.75,2,-1.5
32,4,-3,1.75,2,-2
95,4,-3,1.75,3,-0.5
39,4,-3,1.75,3,-1
46,4,-3,1.75,3,-1.5
37,4,-3,1.75,3,-2
65,4,-3,1.75,4,-0.5
49,4,-3,1.75,4,-1
37,4,-3,1.75,4,-1.5
34,4,-3,1.75,4,-2
32,4,-3,1.75,5,-0.5
37,4,-3,1.75,5,-1
20,4,-3,1.75,5,-1.5
27,4,-3,1.75,5,-2
295,4,-4,0.25,1,-0.5
320,4,-4,0.25,1,-1
387,4,-4,0.25,1,-1.5
421,4,-4,0.25,1,-2
461,4,-4,0.25,2,-0.5
320,4,-4,0.25,2,-1
387,4,-4,0.25,2,-1.5
70,4,-4,0.25,2,-2
425,4,-4,0.25,3,-0.5
199,4,-4,0.25,3,-1
161,4,-4,0.25,3,-1.5
181,4,-4,0.25,3,-2
258,4,-4,0.25,4,-0.5
298,4,-4,0.25,4,-1
341,4,-4,0.25,4,-1.5
184,4,-4,0.25,4,-2
392,4,-4,0.25,5,-0.5
361,4,-4,0.25,5,-1
385,4,-4,0.25,5,-1.5
106,4,-4,0.25,5,-2
119,4,-4,0.75,1,-0.5
418,4,-4,0.75,1,-1
127,4,-4,0.75,1,-1.5
68,4,-4,0.75,1,-2
168,4,-4,0.75,2,-0.5
44,4,-4,0.75,2,-1
75,4,-4,0.75,2,-1.5
49,4,-4,0.75,2,-2
521,4,-4,0.75,3,-0.5
113,4,-4,0.75,3,-1
342,4,-4,0.75,3,-1.5
40,4,-4,0.75,3,-2
64,4,-4,0.75,4,-0.5
27,4,-4,0.75,4,-1
182,4,-4,0.75,4,-1.5
40,4,-4,0.75,4,-2
366,4,-4,0.75,5,-0.5
271,4,-4,0.75,5,-1
47,4,-4,0.75,5,-1.5
51,4,-4,0.75,5,-2
173,4,-4,1.25,1,-0.5
77,4,-4,1.25,1,-1
185,4,-4,1.25,1,-1.5
93,4,-4,1.25,1,-2
146,4,-4,1.25,2,-0.5
29,4,-4,1.25,2,-1
46,4,-4,1.25,2,-1.5
504,4,-4,1.25,2,-2
47,4,-4,1.25,3,-0.5
73,4,-4,1.25,3,-1
18,4,-4,1.25,3,-1.5
36,4,-4,1.25,3,-2
133,4,-4,1.25,4,-0.5
53,4,-4,1.25,4,-1
35,4,-4,1.25,4,-1.5
17,4,-4,1.25,4,-2
450,4,-4,1.25,5,-0.5
51,4,-4,1.25,5,-1
30,4,-4,1.25,5,-1.5
28,4,-4,1.25,5,-2
66,4,-4,1.75,1,-0.5
132,4,-4,1.75,1,-1
137,4,-4,1.75,1,-1.5
70,4,-4,1.75,1,-2
99,4,-4,1.75,2,-0.5
58,4,-4,1.75,2,-1
28,4,-4,1.75,2,-1.5
51,4,-4,1.75,2,-2
49,4,-4,1.75,3,-0.5
49,4,-4,1.75,3,-1
40,4,-4,1.75,3,-1.5
21,4,-4,1.75,3,-2
310,4,-4,1.75,4,-0.5
48,4,-4,1.75,4,-1
35,4,-4,1.75,4,-1.5
34,4,-4,1.75,4,-2
51,4,-4,1.75,5,-0.5
72,4,-4,1.75,5,-1
40,4,-4,1.75,5,-1.5
51,4,-4,1.75,5,-2
504,4,-5,0.25,1,-0.5
359,4,-5,0.25,1,-1
356,4,-5,0.25,1,-1.5
317,4,-5,0.25,1,-2
429,4,-5,0.25,2,-0.5
146,4,-5,0.25,2,-1
244,4,-5,0.25,2,-1.5
188,4,-5,0.25,2,-2
429,4,-5,0.25,3,-0.5
103,4,-5,0.25,3,-1
165,4,-5,0.25,3,-1.5
104,4,-5,0.25,3,-2
524,4,-5,0.25,4,-0.5
396,4,-5,0.25,4,-1
438,4,-5,0.25,4,-1.5
110,4,-5,0.25,4,-2
411,4,-5,0.25,5,-0.5
192,4,-5,0.25,5,-1
438,4,-5,0.25,5,-1.5
313,4,-5,0.25,5,-2
154,4,-5,0.75,1,-0.5
72,4,-5,0.75,1,-1
194,4,-5,0.75,1,-1.5
44,4,-5,0.75,1,-2
505,4,-5,0.75,2,-0.5
315,4,-5,0.75,2,-1
89,4,-5,0.75,2,-1.5
98,4,-5,0.75,2,-2
505,4,-5,0.75,3,-0.5
251,4,-5,0.75,3,-1
155,4,-5,0.75,3,-1.5
61,4,-5,0.75,3,-2
505,4,-5,0.75,4,-0.5
488,4,-5,0.75,4,-1
476,4,-5,0.75,4,-1.5
44,4,-5,0.75,4,-2
296,4,-5,0.75,5,-0.5
125,4,-5,0.75,5,-1
476,4,-5,0.75,5,-1.5
25,4,-5,0.75,5,-2
874,4,-5,1.25,1,-0.5
207,4,-5,1.25,1,-1
151,4,-5,1.25,1,-1.5
60,4,-5,1.25,1,-2
32,4,-5,1.25,2,-0.5
112,4,-5,1.25,2,-1
126,4,-5,1.25,2,-1.5
167,4,-5,1.25,2,-2
142,4,-5,1.25,3,-0.5
32,4,-5,1.25,3,-1
115,4,-5,1.25,3,-1.5
68,4,-5,1.25,3,-2
99,4,-5,1.25,4,-0.5
42,4,-5,1.25,4,-1
28,4,-5,1.25,4,-1.5
98,4,-5,1.25,4,-2
43,4,-5,1.25,5,-0.5
71,4,-5,1.25,5,-1
27,4,-5,1.25,5,-1.5
30,4,-5,1.25,5,-2
34,4,-5,1.75,1,-0.5
58,4,-5,1.75,1,-1
55,4,-5,1.75,1,-1.5
115,4,-5,1.75,1,-2
79,4,-5,1.75,2,-0.5
29,4,-5,1.75,2,-1
145,4,-5,1.75,2,-1.5
59,4,-5,1.75,2,-2
48,4,-5,1.75,3,-0.5
39,4,-5,1.75,3,-1
47,4,-5,1.75,3,-1.5
45,4,-5,1.75,3,-2
46,4,-5,1.75,4,-0.5
67,4,-5,1.75,4,-1
42,4,-5,1.75,4,-1.5
28,4,-5,1.75,4,-2
35,4,-5,1.75,5,-0.5
60,4,-5,1.75,5,-1
100,4,-5,1.75,5,-1.5
52,4,-5,1.75,5,-2
356,5,-1,0.25,1,-0.5
201,5,-1,0.25,1,-1
167,5,-1,0.25,1,-1.5
110,5,-1,0.25,1,-2
151,5,-1,0.25,2,-0.5
193,5,-1,0.25,2,-1
187,5,-1,0.25,2,-1.5
140,5,-1,0.25,2,-2
444,5,-1,0.25,3,-0.5
193,5,-1,0.25,3,-1
76,5,-1,0.25,3,-1.5
75,5,-1,0.25,3,-2
158,5,-1,0.25,4,-0.5
148,5,-1,0.25,4,-1
209,5,-1,0.25,4,-1.5
119,5,-1,0.25,4,-2
131,5,-1,0.25,5,-0.5
370,5,-1,0.25,5,-1
112,5,-1,0.25,5,-1.5
103,5,-1,0.25,5,-2
178,5,-1,0.75,1,-0.5
173,5,-1,0.75,1,-1
134,5,-1,0.75,1,-1.5
104,5,-1,0.75,1,-2
134,5,-1,0.75,2,-0.5
104,5,-1,0.75,2,-1
116,5,-1,0.75,2,-1.5
54,5,-1,0.75,2,-2
147,5,-1,0.75,3,-0.5
98,5,-1,0.75,3,-1
80,5,-1,0.75,3,-1.5
55,5,-1,0.75,3,-2
83,5,-1,0.75,4,-0.5
137,5,-1,0.75,4,-1
27,5,-1,0.75,4,-1.5
54,5,-1,0.75,4,-2
110,5,-1,0.75,5,-0.5
113,5,-1,0.75,5,-1
73,5,-1,0.75,5,-1.5
77,5,-1,0.75,5,-2
132,5,-1,1.25,1,-0.5
132,5,-1,1.25,1,-1
87,5,-1,1.25,1,-1.5
83,5,-1,1.25,1,-2
153,5,-1,1.25,2,-0.5
88,5,-1,1.25,2,-1
95,5,-1,1.25,2,-1.5
64,5,-1,1.25,2,-2
68,5,-1,1.25,3,-0.5
99,5,-1,1.25,3,-1
69,5,-1,1.25,3,-1.5
98,5,-1,1.25,3,-2
91,5,-1,1.25,4,-0.5
47,5,-1,1.25,4,-1
87,5,-1,1.25,4,-1.5
75,5,-1,1.25,4,-2
83,5,-1,1.25,5,-0.5
80,5,-1,1.25,5,-1
67,5,-1,1.25,5,-1.5
72,5,-1,1.25,5,-2
128,5,-1,1.75,1,-0.5
78,5,-1,1.75,1,-1
82,5,-1,1.75,1,-1.5
96,5,-1,1.75,1,-2
129,5,-1,1.75,2,-0.5
96,5,-1,1.75,2,-1
97,5,-1,1.75,2,-1.5
72,5,-1,1.75,2,-2
94,5,-1,1.75,3,-0.5
75,5,-1,1.75,3,-1
99,5,-1,1.75,3,-1.5
39,5,-1,1.75,3,-2
91,5,-1,1.75,4,-0.5
77,5,-1,1.75,4,-1
68,5,-1,1.75,4,-1.5
67,5,-1,1.75,4,-2
101,5,-1,1.75,5,-0.5
83,5,-1,1.75,5,-1
56,5,-1,1.75,5,-1.5
61,5,-1,1.75,5,-2
381,5,-2,0.25,1,-0.5
192,5,-2,0.25,1,-1
301,5,-2,0.25,1,-1.5
96,5,-2,0.25,1,-2
440,5,-2,0.25,2,-0.5
463,5,-2,0.25,2,-1
449,5,-2,0.25,2,-1.5
94,5,-2,0.25,2,-2
516,5,-2,0.25,3,-0.5
194,5,-2,0.25,3,-1
159,5,-2,0.25,3,-1.5
118,5,-2,0.25,3,-2
371,5,-2,0.25,4,-0.5
257,5,-2,0.25,4,-1
120,5,-2,0.25,4,-1.5
416,5,-2,0.25,4,-2
206,5,-2,0.25,5,-0.5
125,5,-2,0.25,5,-1
253,5,-2,0.25,5,-1.5
117,5,-2,0.25,5,-2
159,5,-2,0.75,1,-0.5
211,5,-2,0.75,1,-1
99,5,-2,0.75,1,-1.5
116,5,-2,0.75,1,-2
125,5,-2,0.75,2,-0.5
106,5,-2,0.75,2,-1
75,5,-2,0.75,2,-1.5
81,5,-2,0.75,2,-2
116,5,-2,0.75,3,-0.5
132,5,-2,0.75,3,-1
61,5,-2,0.75,3,-1.5
71,5,-2,0.75,3,-2
58,5,-2,0.75,4,-0.5
127,5,-2,0.75,4,-1
89,5,-2,0.75,4,-1.5
108,5,-2,0.75,4,-2
86,5,-2,0.75,5,-0.5
137,5,-2,0.75,5,-1
79,5,-2,0.75,5,-1.5
66,5,-2,0.75,5,-2
89,5,-2,1.25,1,-0.5
62,5,-2,1.25,1,-1
92,5,-2,1.25,1,-1.5
59,5,-2,1.25,1,-2
95,5,-2,1.25,2,-0.5
91,5,-2,1.25,2,-1
55,5,-2,1.25,2,-1.5
34,5,-2,1.25,2,-2
80,5,-2,1.25,3,-0.5
45,5,-2,1.25,3,-1
72,5,-2,1.25,3,-1.5
21,5,-2,1.25,3,-2
122,5,-2,1.25,4,-0.5
55,5,-2,1.25,4,-1
35,5,-2,1.25,4,-1.5
79,5,-2,1.25,4,-2
109,5,-2,1.25,5,-0.5
48,5,-2,1.25,5,-1
54,5,-2,1.25,5,-1.5
40,5,-2,1.25,5,-2
93,5,-2,1.75,1,-0.5
56,5,-2,1.75,1,-1
85,5,-2,1.75,1,-1.5
46,5,-2,1.75,1,-2
61,5,-2,1.75,2,-0.5
67,5,-2,1.75,2,-1
63,5,-2,1.75,2,-1.5
29,5,-2,1.75,2,-2
59,5,-2,1.75,3,-0.5
71,5,-2,1.75,3,-1
75,5,-2,1.75,3,-1.5
43,5,-2,1.75,3,-2
94,5,-2,1.75,4,-0.5
63,5,-2,1.75,4,-1
58,5,-2,1.75,4,-1.5
65,5,-2,1.75,4,-2
73,5,-2,1.75,5,-0.5
27,5,-2,1.75,5,-1
33,5,-2,1.75,5,-1.5
83,5,-2,1.75,5,-2
372,5,-3,0.25,1,-0.5
221,5,-3,0.25,1,-1
140,5,-3,0.25,1,-1.5
495,5,-3,0.25,1,-2
365,5,-3,0.25,2,-0.5
334,5,-3,0.25,2,-1
130,5,-3,0.25,2,-1.5
179,5,-3,0.25,2,-2
358,5,-3,0.25,3,-0.5
349,5,-3,0.25,3,-1
336,5,-3,0.25,3,-1.5
190,5,-3,0.25,3,-2
396,5,-3,0.25,4,-0.5
217,5,-3,0.25,4,-1
142,5,-3,0.25,4,-1.5
84,5,-3,0.25,4,-2
250,5,-3,0.25,5,-0.5
327,5,-3,0.25,5,-1
172,5,-3,0.25,5,-1.5
319,5,-3,0.25,5,-2
175,5,-3,0.75,1,-0.5
366,5,-3,0.75,1,-1
105,5,-3,0.75,1,-1.5
50,5,-3,0.75,1,-2
148,5,-3,0.75,2,-0.5
100,5,-3,0.75,2,-1
51,5,-3,0.75,2,-1.5
52,5,-3,0.75,2,-2
129,5,-3,0.75,3,-0.5
75,5,-3,0.75,3,-1
91,5,-3,0.75,3,-1.5
56,5,-3,0.75,3,-2
184,5,-3,0.75,4,-0.5
213,5,-3,0.75,4,-1
92,5,-3,0.75,4,-1.5
29,5,-3,0.75,4,-2
267,5,-3,0.75,5,-0.5
176,5,-3,0.75,5,-1
53,5,-3,0.75,5,-1.5
78,5,-3,0.75,5,-2
77,5,-3,1.25,1,-0.5
39,5,-3,1.25,1,-1
56,5,-3,1.25,1,-1.5
67,5,-3,1.25,1,-2
357,5,-3,1.25,2,-0.5
70,5,-3,1.25,2,-1
66,5,-3,1.25,2,-1.5
34,5,-3,1.25,2,-2
78,5,-3,1.25,3,-0.5
48,5,-3,1.25,3,-1
62,5,-3,1.25,3,-1.5
29,5,-3,1.25,3,-2
109,5,-3,1.25,4,-0.5
51,5,-3,1.25,4,-1
93,5,-3,1.25,4,-1.5
89,5,-3,1.25,4,-2
94,5,-3,1.25,5,-0.5
50,5,-3,1.25,5,-1
172,5,-3,1.25,5,-1.5
47,5,-3,1.25,5,-2
106,5,-3,1.75,1,-0.5
63,5,-3,1.75,1,-1
52,5,-3,1.75,1,-1.5
68,5,-3,1.75,1,-2
42,5,-3,1.75,2,-0.5
34,5,-3,1.75,2,-1
15,5,-3,1.75,2,-1.5
29,5,-3,1.75,2,-2
69,5,-3,1.75,3,-0.5
63,5,-3,1.75,3,-1
52,5,-3,1.75,3,-1.5
47,5,-3,1.75,3,-2
77,5,-3,1.75,4,-0.5
36,5,-3,1.75,4,-1
43,5,-3,1.75,4,-1.5
19,5,-3,1.75,4,-2
74,5,-3,1.75,5,-0.5
55,5,-3,1.75,5,-1
49,5,-3,1.75,5,-1.5
14,5,-3,1.75,5,-2
169,5,-4,0.25,1,-0.5
332,5,-4,0.25,1,-1
163,5,-4,0.25,1,-1.5
353,5,-4,0.25,1,-2
559,5,-4,0.25,2,-0.5
332,5,-4,0.25,2,-1
142,5,-4,0.25,2,-1.5
353,5,-4,0.25,2,-2
351,5,-4,0.25,3,-0.5
371,5,-4,0.25,3,-1
154,5,-4,0.25,3,-1.5
94,5,-4,0.25,3,-2
192,5,-4,0.25,4,-0.5
371,5,-4,0.25,4,-1
138,5,-4,0.25,4,-1.5
359,5,-4,0.25,4,-2
185,5,-4,0.25,5,-0.5
371,5,-4,0.25,5,-1
443,5,-4,0.25,5,-1.5
218,5,-4,0.25,5,-2
333,5,-4,0.75,1,-0.5
126,5,-4,0.75,1,-1
499,5,-4,0.75,1,-1.5
75,5,-4,0.75,1,-2
288,5,-4,0.75,2,-0.5
84,5,-4,0.75,2,-1
499,5,-4,0.75,2,-1.5
37,5,-4,0.75,2,-2
158,5,-4,0.75,3,-0.5
185,5,-4,0.75,3,-1
221,5,-4,0.75,3,-1.5
102,5,-4,0.75,3,-2
347,5,-4,0.75,4,-0.5
127,5,-4,0.75,4,-1
500,5,-4,0.75,4,-1.5
36,5,-4,0.75,4,-2
95,5,-4,0.75,5,-0.5
56,5,-4,0.75,5,-1
277,5,-4,0.75,5,-1.5
156,5,-4,0.75,5,-2
55,5,-4,1.25,1,-0.5
213,5,-4,1.25,1,-1
48,5,-4,1.25,1,-1.5
61,5,-4,1.25,1,-2
48,5,-4,1.25,2,-0.5
58,5,-4,1.25,2,-1
328,5,-4,1.25,2,-1.5
27,5,-4,1.25,2,-2
64,5,-4,1.25,3,-0.5
36,5,-4,1.25,3,-1
79,5,-4,1.25,3,-1.5
69,5,-4,1.25,3,-2
124,5,-4,1.25,4,-0.5
34,5,-4,1.25,4,-1
197,5,-4,1.25,4,-1.5
48,5,-4,1.25,4,-2
551,5,-4,1.25,5,-0.5
25,5,-4,1.25,5,-1
141,5,-4,1.25,5,-1.5
37,5,-4,1.25,5,-2
142,5,-4,1.75,1,-0.5
61,5,-4,1.75,1,-1
67,5,-4,1.75,1,-1.5
63,5,-4,1.75,1,-2
151,5,-4,1.75,2,-0.5
341,5,-4,1.75,2,-1
60,5,-4,1.75,2,-1.5
36,5,-4,1.75,2,-2
99,5,-4,1.75,3,-0.5
19,5,-4,1.75,3,-1
69,5,-4,1.75,3,-1.5
46,5,-4,1.75,3,-2
61,5,-4,1.75,4,-0.5
116,5,-4,1.75,4,-1
20,5,-4,1.75,4,-1.5
33,5,-4,1.75,4,-2
51,5,-4,1.75,5,-0.5
29,5,-4,1.75,5,-1
35,5,-4,1.75,5,-1.5
56,5,-4,1.75,5,-2
282,5,-5,0.25,1,-0.5
420,5,-5,0.25,1,-1
448,5,-5,0.25,1,-1.5
345,5,-5,0.25,1,-2
505,5,-5,0.25,2,-0.5
362,5,-5,0.25,2,-1
256,5,-5,0.25,2,-1.5
345,5,-5,0.25,2,-2
465,5,-5,0.25,3,-0.5
137,5,-5,0.25,3,-1
464,5,-5,0.25,3,-1.5
163,5,-5,0.25,3,-2
340,5,-5,0.25,4,-0.5
235,5,-5,0.25,4,-1
192,5,-5,0.25,4,-1.5
150,5,-5,0.25,4,-2
90,5,-5,0.25,5,-0.5
463,5,-5,0.25,5,-1
196,5,-5,0.25,5,-1.5
365,5,-5,0.25,5,-2
103,5,-5,0.75,1,-0.5
232,5,-5,0.75,1,-1
516,5,-5,0.75,1,-1.5
72,5,-5,0.75,1,-2
547,5,-5,0.75,2,-0.5
153,5,-5,0.75,2,-1
61,5,-5,0.75,2,-1.5
122,5,-5,0.75,2,-2
319,5,-5,0.75,3,-0.5
117,5,-5,0.75,3,-1
104,5,-5,0.75,3,-1.5
85,5,-5,0.75,3,-2
167,5,-5,0.75,4,-0.5
194,5,-5,0.75,4,-1
52,5,-5,0.75,4,-1.5
168,5,-5,0.75,4,-2
499,5,-5,0.75,5,-0.5
175,5,-5,0.75,5,-1
143,5,-5,0.75,5,-1.5
235,5,-5,0.75,5,-2
456,5,-5,1.25,1,-0.5
79,5,-5,1.25,1,-1
83,5,-5,1.25,1,-1.5
28,5,-5,1.25,1,-2
54,5,-5,1.25,2,-0.5
156,5,-5,1.25,2,-1
87,5,-5,1.25,2,-1.5
90,5,-5,1.25,2,-2
50,5,-5,1.25,3,-0.5
27,5,-5,1.25,3,-1
46,5,-5,1.25,3,-1.5
33,5,-5,1.25,3,-2
80,5,-5,1.25,4,-0.5
56,5,-5,1.25,4,-1
121,5,-5,1.25,4,-1.5
48,5,-5,1.25,4,-2
192,5,-5,1.25,5,-0.5
35,5,-5,1.25,5,-1
109,5,-5,1.25,5,-1.5
35,5,-5,1.25,5,-2
60,5,-5,1.75,1,-0.5
56,5,-5,1.75,1,-1
97,5,-5,1.75,1,-1.5
52,5,-5,1.75,1,-2
56,5,-5,1.75,2,-0.5
364,5,-5,1.75,2,-1
86,5,-5,1.75,2,-1.5
239,5,-5,1.75,2,-2
41,5,-5,1.75,3,-0.5
80,5,-5,1.75,3,-1
68,5,-5,1.75,3,-1.5
59,5,-5,1.75,3,-2
41,5,-5,1.75,4,-0.5
118,5,-5,1.75,4,-1
93,5,-5,1.75,4,-1.5
22,5,-5,1.75,4,-2
81,5,-5,1.75,5,-0.5
23,5,-5,1.75,5,-1
142,5,-5,1.75,5,-1.5
31,5,-5,1.75,5,-2
