30,1,-1,0.25,1,-0.5
28,1,-1,0.25,1,-1
20,1,-1,0.25,1,-1.5
30,1,-1,0.25,1,-2
17,1,-1,0.25,2,-0.5
50,1,-1,0.25,2,-1
29,1,-1,0.25,2,-1.5
36,1,-1,0.25,2,-2
41,1,-1,0.25,3,-0.5
50,1,-1,0.25,3,-1
39,1,-1,0.25,3,-1.5
52,1,-1,0.25,3,-2
89,1,-1,0.25,4,-0.5
23,1,-1,0.25,4,-1
70,1,-1,0.25,4,-1.5
55,1,-1,0.25,4,-2
37,1,-1,0.25,5,-0.5
52,1,-1,0.25,5,-1
46,1,-1,0.25,5,-1.5
51,1,-1,0.25,5,-2
56,1,-1,0.75,1,-0.5
33,1,-1,0.75,1,-1
30,1,-1,0.75,1,-1.5
66,1,-1,0.75,1,-2
39,1,-1,0.75,2,-0.5
36,1,-1,0.75,2,-1
42,1,-1,0.75,2,-1.5
68,1,-1,0.75,2,-2
54,1,-1,0.75,3,-0.5
48,1,-1,0.75,3,-1
50,1,-1,0.75,3,-1.5
30,1,-1,0.75,3,-2
53,1,-1,0.75,4,-0.5
52,1,-1,0.75,4,-1
51,1,-1,0.75,4,-1.5
61,1,-1,0.75,4,-2
75,1,-1,0.75,5,-0.5
36,1,-1,0.75,5,-1
75,1,-1,0.75,5,-1.5
52,1,-1,0.75,5,-2
96,1,-1,1.25,1,-0.5
76,1,-1,1.25,1,-1
97,1,-1,1.25,1,-1.5
85,1,-1,1.25,1,-2
72,1,-1,1.25,2,-0.5
87,1,-1,1.25,2,-1
69,1,-1,1.25,2,-1.5
64,1,-1,1.25,2,-2
80,1,-1,1.25,3,-0.5
75,1,-1,1.25,3,-1
67,1,-1,1.25,3,-1.5
69,1,-1,1.25,3,-2
98,1,-1,1.25,4,-0.5
123,1,-1,1.25,4,-1
101,1,-1,1.25,4,-1.5
78,1,-1,1.25,4,-2
119,1,-1,1.25,5,-0.5
92,1,-1,1.25,5,-1
96,1,-1,1.25,5,-1.5
68,1,-1,1.25,5,-2
159,1,-1,1.75,1,-0.5
153,1,-1,1.75,1,-1
116,1,-1,1.75,1,-1.5
129,1,-1,1.75,1,-2
151,1,-1,1.75,2,-0.5
120,1,-1,1.75,2,-1
112,1,-1,1.75,2,-1.5
88,1,-1,1.75,2,-2
144,1,-1,1.75,3,-0.5
115,1,-1,1.75,3,-1
85,1,-1,1.75,3,-1.5
105,1,-1,1.75,3,-2
119,1,-1,1.75,4,-0.5
133,1,-1,1.75,4,-1
101,1,-1,1.75,4,-1.5
120,1,-1,1.75,4,-2
155,1,-1,1.75,5,-0.5
127,1,-1,1.75,5,-1
127,1,-1,1.75,5,-1.5
112,1,-1,1.75,5,-2
86,1,-2,0.25,1,-0.5
49,1,-2,0.25,1,-1
80,1,-2,0.25,1,-1.5
44,1,-2,0.25,1,-2
39,1,-2,0.25,2,-0.5
67,1,-2,0.25,2,-1
46,1,-2,0.25,2,-1.5
42,1,-2,0.25,2,-2
247,1,-2,0.25,3,-0.5
25,1,-2,0.25,3,-1
25,1,-2,0.25,3,-1.5
29,1,-2,0.25,3,-2
78,1,-2,0.25,4,-0.5
73,1,-2,0.25,4,-1
205,1,-2,0.25,4,-1.5
48,1,-2,0.25,4,-2
190,1,-2,0.25,5,-0.5
23,1,-2,0.25,5,-1
41,1,-2,0.25,5,-1.5
26,1,-2,0.25,5,-2
27,1,-2,0.75,1,-0.5
17,1,-2,0.75,1,-1
36,1,-2,0.75,1,-1.5
33,1,-2,0.75,1,-2
18,1,-2,0.75,2,-0.5
21,1,-2,0.75,2,-1
27,1,-2,0.75,2,-1.5
32,1,-2,0.75,2,-2
20,1,-2,0.75,3,-0.5
16,1,-2,0.75,3,-1
45,1,-2,0.75,3,-1.5
28,1,-2,0.75,3,-2
21,1,-2,0.75,4,-0.5
23,1,-2,0.75,4,-1
58,1,-2,0.75,4,-1.5
64,1,-2,0.75,4,-2
22,1,-2,0.75,5,-0.5
19,1,-2,0.75,5,-1
18,1,-2,0.75,5,-1.5
32,1,-2,0.75,5,-2
66,1,-2,1.25,1,-0.5
49,1,-2,1.25,1,-1
32,1,-2,1.25,1,-1.5
30,1,-2,1.25,1,-2
53,1,-2,1.25,2,-0.5
37,1,-2,1.25,2,-1
41,1,-2,1.25,2,-1.5
31,1,-2,1.25,2,-2
49,1,-2,1.25,3,-0.5
38,1,-2,1.25,3,-1
34,1,-2,1.25,3,-1.5
47,1,-2,1.25,3,-2
66,1,-2,1.25,4,-0.5
41,1,-2,1.25,4,-1
37,1,-2,1.25,4,-1.5
22,1,-2,1.25,4,-2
64,1,-2,1.25,5,-0.5
60,1,-2,1.25,5,-1
44,1,-2,1.25,5,-1.5
48,1,-2,1.25,5,-2
96,1,-2,1.75,1,-0.5
99,1,-2,1.75,1,-1
98,1,-2,1.75,1,-1.5
80,1,-2,1.75,1,-2
132,1,-2,1.75,2,-0.5
86,1,-2,1.75,2,-1
63,1,-2,1.75,2,-1.5
87,1,-2,1.75,2,-2
77,1,-2,1.75,3,-0.5
103,1,-2,1.75,3,-1
90,1,-2,1.75,3,-1.5
81,1,-2,1.75,3,-2
83,1,-2,1.75,4,-0.5
90,1,-2,1.75,4,-1
68,1,-2,1.75,4,-1.5
71,1,-2,1.75,4,-2
96,1,-2,1.75,5,-0.5
98,1,-2,1.75,5,-1
86,1,-2,1.75,5,-1.5
67,1,-2,1.75,5,-2
55,1,-3,0.25,1,-0.5
39,1,-3,0.25,1,-1
345,1,-3,0.25,1,-1.5
95,1,-3,0.25,1,-2
66,1,-3,0.25,2,-0.5
26,1,-3,0.25,2,-1
107,1,-3,0.25,2,-1.5
21,1,-3,0.25,2,-2
59,1,-3,0.25,3,-0.5
34,1,-3,0.25,3,-1
56,1,-3,0.25,3,-1.5
14,1,-3,0.25,3,-2
287,1,-3,0.25,4,-0.5
52,1,-3,0.25,4,-1
31,1,-3,0.25,4,-1.5
26,1,-3,0.25,4,-2
61,1,-3,0.25,5,-0.5
31,1,-3,0.25,5,-1
185,1,-3,0.25,5,-1.5
54,1,-3,0.25,5,-2
43,1,-3,0.75,1,-0.5
23,1,-3,0.75,1,-1
27,1,-3,0.75,1,-1.5
29,1,-3,0.75,1,-2
26,1,-3,0.75,2,-0.5
53,1,-3,0.75,2,-1
13,1,-3,0.75,2,-1.5
36,1,-3,0.75,2,-2
31,1,-3,0.75,3,-0.5
17,1,-3,0.75,3,-1
17,1,-3,0.75,3,-1.5
31,1,-3,0.75,3,-2
36,1,-3,0.75,4,-0.5
106,1,-3,0.75,4,-1
138,1,-3,0.75,4,-1.5
364,1,-3,0.75,4,-2
34,1,-3,0.75,5,-0.5
28,1,-3,0.75,5,-1
37,1,-3,0.75,5,-1.5
40,1,-3,0.75,5,-2
40,1,-3,1.25,1,-0.5
18,1,-3,1.25,1,-1
43,1,-3,1.25,1,-1.5
45,1,-3,1.25,1,-2
27,1,-3,1.25,2,-0.5
28,1,-3,1.25,2,-1
27,1,-3,1.25,2,-1.5
21,1,-3,1.25,2,-2
53,1,-3,1.25,3,-0.5
21,1,-3,1.25,3,-1
42,1,-3,1.25,3,-1.5
19,1,-3,1.25,3,-2
29,1,-3,1.25,4,-0.5
25,1,-3,1.25,4,-1
21,1,-3,1.25,4,-1.5
34,1,-3,1.25,4,-2
35,1,-3,1.25,5,-0.5
34,1,-3,1.25,5,-1
35,1,-3,1.25,5,-1.5
33,1,-3,1.25,5,-2
113,1,-3,1.75,1,-0.5
33,1,-3,1.75,1,-1
60,1,-3,1.75,1,-1.5
45,1,-3,1.75,1,-2
88,1,-3,1.75,2,-0.5
47,1,-3,1.75,2,-1
66,1,-3,1.75,2,-1.5
34,1,-3,1.75,2,-2
67,1,-3,1.75,3,-0.5
46,1,-3,1.75,3,-1
23,1,-3,1.75,3,-1.5
30,1,-3,1.75,3,-2
56,1,-3,1.75,4,-0.5
46,1,-3,1.75,4,-1
30,1,-3,1.75,4,-1.5
33,1,-3,1.75,4,-2
78,1,-3,1.75,5,-0.5
38,1,-3,1.75,5,-1
71,1,-3,1.75,5,-1.5
44,1,-3,1.75,5,-2
200,1,-4,0.25,1,-0.5
251,1,-4,0.25,1,-1
311,1,-4,0.25,1,-1.5
41,1,-4,0.25,1,-2
90,1,-4,0.25,2,-0.5
318,1,-4,0.25,2,-1
90,1,-4,0.25,2,-1.5
20,1,-4,0.25,2,-2
257,1,-4,0.25,3,-0.5
312,1,-4,0.25,3,-1
33,1,-4,0.25,3,-1.5
70,1,-4,0.25,3,-2
109,1,-4,0.25,4,-0.5
220,1,-4,0.25,4,-1
316,1,-4,0.25,4,-1.5
262,1,-4,0.25,4,-2
75,1,-4,0.25,5,-0.5
105,1,-4,0.25,5,-1
120,1,-4,0.25,5,-1.5
49,1,-4,0.25,5,-2
55,1,-4,0.75,1,-0.5
81,1,-4,0.75,1,-1
21,1,-4,0.75,1,-1.5
105,1,-4,0.75,1,-2
67,1,-4,0.75,2,-0.5
27,1,-4,0.75,2,-1
77,1,-4,0.75,2,-1.5
34,1,-4,0.75,2,-2
70,1,-4,0.75,3,-0.5
41,1,-4,0.75,3,-1
76,1,-4,0.75,3,-1.5
17,1,-4,0.75,3,-2
245,1,-4,0.75,4,-0.5
42,1,-4,0.75,4,-1
29,1,-4,0.75,4,-1.5
69,1,-4,0.75,4,-2
17,1,-4,0.75,5,-0.5
29,1,-4,0.75,5,-1
24,1,-4,0.75,5,-1.5
50,1,-4,0.75,5,-2
39,1,-4,1.25,1,-0.5
47,1,-4,1.25,1,-1
25,1,-4,1.25,1,-1.5
24,1,-4,1.25,1,-2
38,1,-4,1.25,2,-0.5
70,1,-4,1.25,2,-1
33,1,-4,1.25,2,-1.5
29,1,-4,1.25,2,-2
43,1,-4,1.25,3,-0.5
17,1,-4,1.25,3,-1
32,1,-4,1.25,3,-1.5
25,1,-4,1.25,3,-2
28,1,-4,1.25,4,-0.5
28,1,-4,1.25,4,-1
37,1,-4,1.25,4,-1.5
17,1,-4,1.25,4,-2
24,1,-4,1.25,5,-0.5
19,1,-4,1.25,5,-1
43,1,-4,1.25,5,-1.5
61,1,-4,1.25,5,-2
67,1,-4,1.75,1,-0.5
50,1,-4,1.75,1,-1
36,1,-4,1.75,1,-1.5
46,1,-4,1.75,1,-2
40,1,-4,1.75,2,-0.5
49,1,-4,1.75,2,-1
23,1,-4,1.75,2,-1.5
41,1,-4,1.75,2,-2
32,1,-4,1.75,3,-0.5
45,1,-4,1.75,3,-1
28,1,-4,1.75,3,-1.5
41,1,-4,1.75,3,-2
67,1,-4,1.75,4,-0.5
30,1,-4,1.75,4,-1
23,1,-4,1.75,4,-1.5
32,1,-4,1.75,4,-2
68,1,-4,1.75,5,-0.5
21,1,-4,1.75,5,-1
16,1,-4,1.75,5,-1.5
28,1,-4,1.75,5,-2
29,1,-5,0.25,1,-0.5
56,1,-5,0.25,1,-1
256,1,-5,0.25,1,-1.5
95,1,-5,0.25,1,-2
230,1,-5,0.25,2,-0.5
271,1,-5,0.25,2,-1
363,1,-5,0.25,2,-1.5
128,1,-5,0.25,2,-2
186,1,-5,0.25,3,-0.5
50,1,-5,0.25,3,-1
75,1,-5,0.25,3,-1.5
133,1,-5,0.25,3,-2
344,1,-5,0.25,4,-0.5
113,1,-5,0.25,4,-1
63,1,-5,0.25,4,-1.5
18,1,-5,0.25,4,-2
42,1,-5,0.25,5,-0.5
113,1,-5,0.25,5,-1
417,1,-5,0.25,5,-1.5
134,1,-5,0.25,5,-2
23,1,-5,0.75,1,-0.5
120,1,-5,0.75,1,-1
29,1,-5,0.75,1,-1.5
108,1,-5,0.75,1,-2
387,1,-5,0.75,2,-0.5
67,1,-5,0.75,2,-1
45,1,-5,0.75,2,-1.5
172,1,-5,0.75,2,-2
173,1,-5,0.75,3,-0.5
151,1,-5,0.75,3,-1
36,1,-5,0.75,3,-1.5
49,1,-5,0.75,3,-2
12,1,-5,0.75,4,-0.5
240,1,-5,0.75,4,-1
45,1,-5,0.75,4,-1.5
24,1,-5,0.75,4,-2
38,1,-5,0.75,5,-0.5
73,1,-5,0.75,5,-1
38,1,-5,0.75,5,-1.5
46,1,-5,0.75,5,-2
41,1,-5,1.25,1,-0.5
28,1,-5,1.25,1,-1
17,1,-5,1.25,1,-1.5
43,1,-5,1.25,1,-2
24,1,-5,1.25,2,-0.5
19,1,-5,1.25,2,-1
100,1,-5,1.25,2,-1.5
24,1,-5,1.25,2,-2
37,1,-5,1.25,3,-0.5
25,1,-5,1.25,3,-1
27,1,-5,1.25,3,-1.5
15,1,-5,1.25,3,-2
30,1,-5,1.25,4,-0.5
24,1,-5,1.25,4,-1
93,1,-5,1.25,4,-1.5
43,1,-5,1.25,4,-2
22,1,-5,1.25,5,-0.5
29,1,-5,1.25,5,-1
19,1,-5,1.25,5,-1.5
14,1,-5,1.25,5,-2
69,1,-5,1.75,1,-0.5
43,1,-5,1.75,1,-1
43,1,-5,1.75,1,-1.5
54,1,-5,1.75,1,-2
40,1,-5,1.75,2,-0.5
34,1,-5,1.75,2,-1
17,1,-5,1.75,2,-1.5
18,1,-5,1.75,2,-2
48,1,-5,1.75,3,-0.5
45,1,-5,1.75,3,-1
54,1,-5,1.75,3,-1.5
14,1,-5,1.75,3,-2
45,1,-5,1.75,4,-0.5
44,1,-5,1.75,4,-1
50,1,-5,1.75,4,-1.5
34,1,-5,1.75,4,-2
64,1,-5,1.75,5,-0.5
45,1,-5,1.75,5,-1
51,1,-5,1.75,5,-1.5
23,1,-5,1.75,5,-2
182,2,-1,0.25,1,-0.5
41,2,-1,0.25,1,-1
63,2,-1,0.25,1,-1.5
50,2,-1,0.25,1,-2
114,2,-1,0.25,2,-0.5
87,2,-1,0.25,2,-1
36,2,-1,0.25,2,-1.5
87,2,-1,0.25,2,-2
58,2,-1,0.25,3,-0.5
92,2,-1,0.25,3,-1
23,2,-1,0.25,3,-1.5
43,2,-1,0.25,3,-2
383,2,-1,0.25,4,-0.5
76,2,-1,0.25,4,-1
57,2,-1,0.25,4,-1.5
57,2,-1,0.25,4,-2
94,2,-1,0.25,5,-0.5
57,2,-1,0.25,5,-1
50,2,-1,0.25,5,-1.5
34,2,-1,0.25,5,-2
52,2,-1,0.75,1,-0.5
29,2,-1,0.75,1,-1
45,2,-1,0.75,1,-1.5
21,2,-1,0.75,1,-2
25,2,-1,0.75,2,-0.5
27,2,-1,0.75,2,-1
41,2,-1,0.75,2,-1.5
53,2,-1,0.75,2,-2
64,2,-1,0.75,3,-0.5
38,2,-1,0.75,3,-1
27,2,-1,0.75,3,-1.5
37,2,-1,0.75,3,-2
47,2,-1,0.75,4,-0.5
41,2,-1,0.75,4,-1
30,2,-1,0.75,4,-1.5
44,2,-1,0.75,4,-2
51,2,-1,0.75,5,-0.5
47,2,-1,0.75,5,-1
62,2,-1,0.75,5,-1.5
49,2,-1,0.75,5,-2
123,2,-1,1.25,1,-0.5
61,2,-1,1.25,1,-1
46,2,-1,1.25,1,-1.5
61,2,-1,1.25,1,-2
66,2,-1,1.25,2,-0.5
45,2,-1,1.25,2,-1
42,2,-1,1.25,2,-1.5
36,2,-1,1.25,2,-2
76,2,-1,1.25,3,-0.5
63,2,-1,1.25,3,-1
49,2,-1,1.25,3,-1.5
45,2,-1,1.25,3,-2
55,2,-1,1.25,4,-0.5
55,2,-1,1.25,4,-1
39,2,-1,1.25,4,-1.5
51,2,-1,1.25,4,-2
57,2,-1,1.25,5,-0.5
61,2,-1,1.25,5,-1
62,2,-1,1.25,5,-1.5
44,2,-1,1.25,5,-2
135,2,-1,1.75,1,-0.5
106,2,-1,1.75,1,-1
72,2,-1,1.75,1,-1.5
84,2,-1,1.75,1,-2
102,2,-1,1.75,2,-0.5
113,2,-1,1.75,2,-1
103,2,-1,1.75,2,-1.5
73,2,-1,1.75,2,-2
90,2,-1,1.75,3,-0.5
106,2,-1,1.75,3,-1
102,2,-1,1.75,3,-1.5
63,2,-1,1.75,3,-2
118,2,-1,1.75,4,-0.5
109,2,-1,1.75,4,-1
98,2,-1,1.75,4,-1.5
85,2,-1,1.75,4,-2
104,2,-1,1.75,5,-0.5
69,2,-1,1.75,5,-1
75,2,-1,1.75,5,-1.5
115,2,-1,1.75,5,-2
50,2,-2,0.25,1,-0.5
42,2,-2,0.25,1,-1
33,2,-2,0.25,1,-1.5
16,2,-2,0.25,1,-2
172,2,-2,0.25,2,-0.5
59,2,-2,0.25,2,-1
71,2,-2,0.25,2,-1.5
75,2,-2,0.25,2,-2
36,2,-2,0.25,3,-0.5
194,2,-2,0.25,3,-1
16,2,-2,0.25,3,-1.5
46,2,-2,0.25,3,-2
60,2,-2,0.25,4,-0.5
77,2,-2,0.25,4,-1
419,2,-2,0.25,4,-1.5
58,2,-2,0.25,4,-2
51,2,-2,0.25,5,-0.5
362,2,-2,0.25,5,-1
79,2,-2,0.25,5,-1.5
23,2,-2,0.25,5,-2
16,2,-2,0.75,1,-0.5
15,2,-2,0.75,1,-1
17,2,-2,0.75,1,-1.5
20,2,-2,0.75,1,-2
45,2,-2,0.75,2,-0.5
25,2,-2,0.75,2,-1
26,2,-2,0.75,2,-1.5
19,2,-2,0.75,2,-2
33,2,-2,0.75,3,-0.5
35,2,-2,0.75,3,-1
21,2,-2,0.75,3,-1.5
21,2,-2,0.75,3,-2
56,2,-2,0.75,4,-0.5
31,2,-2,0.75,4,-1
30,2,-2,0.75,4,-1.5
46,2,-2,0.75,4,-2
81,2,-2,0.75,5,-0.5
50,2,-2,0.75,5,-1
36,2,-2,0.75,5,-1.5
26,2,-2,0.75,5,-2
39,2,-2,1.25,1,-0.5
22,2,-2,1.25,1,-1
24,2,-2,1.25,1,-1.5
33,2,-2,1.25,1,-2
52,2,-2,1.25,2,-0.5
47,2,-2,1.25,2,-1
16,2,-2,1.25,2,-1.5
18,2,-2,1.25,2,-2
38,2,-2,1.25,3,-0.5
32,2,-2,1.25,3,-1
58,2,-2,1.25,3,-1.5
43,2,-2,1.25,3,-2
29,2,-2,1.25,4,-0.5
29,2,-2,1.25,4,-1
35,2,-2,1.25,4,-1.5
19,2,-2,1.25,4,-2
55,2,-2,1.25,5,-0.5
29,2,-2,1.25,5,-1
13,2,-2,1.25,5,-1.5
20,2,-2,1.25,5,-2
98,2,-2,1.75,1,-0.5
79,2,-2,1.75,1,-1
48,2,-2,1.75,1,-1.5
57,2,-2,1.75,1,-2
86,2,-2,1.75,2,-0.5
76,2,-2,1.75,2,-1
36,2,-2,1.75,2,-1.5
42,2,-2,1.75,2,-2
67,2,-2,1.75,3,-0.5
43,2,-2,1.75,3,-1
48,2,-2,1.75,3,-1.5
35,2,-2,1.75,3,-2
82,2,-2,1.75,4,-0.5
41,2,-2,1.75,4,-1
54,2,-2,1.75,4,-1.5
44,2,-2,1.75,4,-2
91,2,-2,1.75,5,-0.5
55,2,-2,1.75,5,-1
57,2,-2,1.75,5,-1.5
23,2,-2,1.75,5,-2
357,2,-3,0.25,1,-0.5
336,2,-3,0.25,1,-1
30,2,-3,0.25,1,-1.5
33,2,-3,0.25,1,-2
70,2,-3,0.25,2,-0.5
78,2,-3,0.25,2,-1
98,2,-3,0.25,2,-1.5
66,2,-3,0.25,2,-2
288,2,-3,0.25,3,-0.5
77,2,-3,0.25,3,-1
89,2,-3,0.25,3,-1.5
13,2,-3,0.25,3,-2
44,2,-3,0.25,4,-0.5
66,2,-3,0.25,4,-1
22,2,-3,0.25,4,-1.5
35,2,-3,0.25,4,-2
431,2,-3,0.25,5,-0.5
168,2,-3,0.25,5,-1
30,2,-3,0.25,5,-1.5
76,2,-3,0.25,5,-2
95,2,-3,0.75,1,-0.5
35,2,-3,0.75,1,-1
78,2,-3,0.75,1,-1.5
36,2,-3,0.75,1,-2
26,2,-3,0.75,2,-0.5
39,2,-3,0.75,2,-1
16,2,-3,0.75,2,-1.5
50,2,-3,0.75,2,-2
18,2,-3,0.75,3,-0.5
94,2,-3,0.75,3,-1
27,2,-3,0.75,3,-1.5
16,2,-3,0.75,3,-2
36,2,-3,0.75,4,-0.5
63,2,-3,0.75,4,-1
25,2,-3,0.75,4,-1.5
23,2,-3,0.75,4,-2
29,2,-3,0.75,5,-0.5
26,2,-3,0.75,5,-1
33,2,-3,0.75,5,-1.5
45,2,-3,0.75,5,-2
37,2,-3,1.25,1,-0.5
22,2,-3,1.25,1,-1
29,2,-3,1.25,1,-1.5
24,2,-3,1.25,1,-2
39,2,-3,1.25,2,-0.5
40,2,-3,1.25,2,-1
48,2,-3,1.25,2,-1.5
39,2,-3,1.25,2,-2
34,2,-3,1.25,3,-0.5
31,2,-3,1.25,3,-1
23,2,-3,1.25,3,-1.5
32,2,-3,1.25,3,-2
23,2,-3,1.25,4,-0.5
25,2,-3,1.25,4,-1
30,2,-3,1.25,4,-1.5
20,2,-3,1.25,4,-2
23,2,-3,1.25,5,-0.5
33,2,-3,1.25,5,-1
38,2,-3,1.25,5,-1.5
29,2,-3,1.25,5,-2
43,2,-3,1.75,1,-0.5
40,2,-3,1.75,1,-1
55,2,-3,1.75,1,-1.5
48,2,-3,1.75,1,-2
51,2,-3,1.75,2,-0.5
47,2,-3,1.75,2,-1
24,2,-3,1.75,2,-1.5
39,2,-3,1.75,2,-2
47,2,-3,1.75,3,-0.5
46,2,-3,1.75,3,-1
34,2,-3,1.75,3,-1.5
53,2,-3,1.75,3,-2
42,2,-3,1.75,4,-0.5
33,2,-3,1.75,4,-1
22,2,-3,1.75,4,-1.5
51,2,-3,1.75,4,-2
70,2,-3,1.75,5,-0.5
53,2,-3,1.75,5,-1
33,2,-3,1.75,5,-1.5
41,2,-3,1.75,5,-2
193,2,-4,0.25,1,-0.5
246,2,-4,0.25,1,-1
50,2,-4,0.25,1,-1.5
290,2,-4,0.25,1,-2
65,2,-4,0.25,2,-0.5
92,2,-4,0.25,2,-1
96,2,-4,0.25,2,-1.5
161,2,-4,0.25,2,-2
28,2,-4,0.25,3,-0.5
139,2,-4,0.25,3,-1
92,2,-4,0.25,3,-1.5
72,2,-4,0.25,3,-2
310,2,-4,0.25,4,-0.5
23,2,-4,0.25,4,-1
363,2,-4,0.25,4,-1.5
74,2,-4,0.25,4,-2
98,2,-4,0.25,5,-0.5
74,2,-4,0.25,5,-1
111,2,-4,0.25,5,-1.5
22,2,-4,0.25,5,-2
41,2,-4,0.75,1,-0.5
71,2,-4,0.75,1,-1
195,2,-4,0.75,1,-1.5
26,2,-4,0.75,1,-2
28,2,-4,0.75,2,-0.5
58,2,-4,0.75,2,-1
33,2,-4,0.75,2,-1.5
46,2,-4,0.75,2,-2
19,2,-4,0.75,3,-0.5
48,2,-4,0.75,3,-1
34,2,-4,0.75,3,-1.5
23,2,-4,0.75,3,-2
29,2,-4,0.75,4,-0.5
15,2,-4,0.75,4,-1
51,2,-4,0.75,4,-1.5
18,2,-4,0.75,4,-2
18,2,-4,0.75,5,-0.5
75,2,-4,0.75,5,-1
89,2,-4,0.75,5,-1.5
44,2,-4,0.75,5,-2
27,2,-4,1.25,1,-0.5
143,2,-4,1.25,1,-1
29,2,-4,1.25,1,-1.5
31,2,-4,1.25,1,-2
45,2,-4,1.25,2,-0.5
68,2,-4,1.25,2,-1
33,2,-4,1.25,2,-1.5
37,2,-4,1.25,2,-2
39,2,-4,1.25,3,-0.5
17,2,-4,1.25,3,-1
23,2,-4,1.25,3,-1.5
36,2,-4,1.25,3,-2
86,2,-4,1.25,4,-0.5
20,2,-4,1.25,4,-1
19,2,-4,1.25,4,-1.5
17,2,-4,1.25,4,-2
67,2,-4,1.25,5,-0.5
20,2,-4,1.25,5,-1
31,2,-4,1.25,5,-1.5
104,2,-4,1.25,5,-2
55,2,-4,1.75,1,-0.5
39,2,-4,1.75,1,-1
21,2,-4,1.75,1,-1.5
20,2,-4,1.75,1,-2
31,2,-4,1.75,2,-0.5
30,2,-4,1.75,2,-1
25,2,-4,1.75,2,-1.5
26,2,-4,1.75,2,-2
41,2,-4,1.75,3,-0.5
33,2,-4,1.75,3,-1
45,2,-4,1.75,3,-1.5
25,2,-4,1.75,3,-2
53,2,-4,1.75,4,-0.5
28,2,-4,1.75,4,-1
47,2,-4,1.75,4,-1.5
21,2,-4,1.75,4,-2
55,2,-4,1.75,5,-0.5
29,2,-4,1.75,5,-1
20,2,-4,1.75,5,-1.5
35,2,-4,1.75,5,-2
226,2,-5,0.25,1,-0.5
118,2,-5,0.25,1,-1
97,2,-5,0.25,1,-1.5
307,2,-5,0.25,1,-2
271,2,-5,0.25,2,-0.5
306,2,-5,0.25,2,-1
102,2,-5,0.25,2,-1.5
307,2,-5,0.25,2,-2
70,2,-5,0.25,3,-0.5
159,2,-5,0.25,3,-1
80,2,-5,0.25,3,-1.5
75,2,-5,0.25,3,-2
169,2,-5,0.25,4,-0.5
152,2,-5,0.25,4,-1
54,2,-5,0.25,4,-1.5
254,2,-5,0.25,4,-2
50,2,-5,0.25,5,-0.5
314,2,-5,0.25,5,-1
163,2,-5,0.25,5,-1.5
168,2,-5,0.25,5,-2
43,2,-5,0.75,1,-0.5
106,2,-5,0.75,1,-1
29,2,-5,0.75,1,-1.5
416,2,-5,0.75,1,-2
260,2,-5,0.75,2,-0.5
46,2,-5,0.75,2,-1
18,2,-5,0.75,2,-1.5
70,2,-5,0.75,2,-2
44,2,-5,0.75,3,-0.5
77,2,-5,0.75,3,-1
53,2,-5,0.75,3,-1.5
40,2,-5,0.75,3,-2
21,2,-5,0.75,4,-0.5
129,2,-5,0.75,4,-1
19,2,-5,0.75,4,-1.5
65,2,-5,0.75,4,-2
32,2,-5,0.75,5,-0.5
35,2,-5,0.75,5,-1
14,2,-5,0.75,5,-1.5
213,2,-5,0.75,5,-2
130,2,-5,1.25,1,-0.5
110,2,-5,1.25,1,-1
61,2,-5,1.25,1,-1.5
68,2,-5,1.25,1,-2
50,2,-5,1.25,2,-0.5
28,2,-5,1.25,2,-1
21,2,-5,1.25,2,-1.5
16,2,-5,1.25,2,-2
24,2,-5,1.25,3,-0.5
23,2,-5,1.25,3,-1
73,2,-5,1.25,3,-1.5
84,2,-5,1.25,3,-2
41,2,-5,1.25,4,-0.5
27,2,-5,1.25,4,-1
22,2,-5,1.25,4,-1.5
18,2,-5,1.25,4,-2
27,2,-5,1.25,5,-0.5
146,2,-5,1.25,5,-1
23,2,-5,1.25,5,-1.5
16,2,-5,1.25,5,-2
33,2,-5,1.75,1,-0.5
34,2,-5,1.75,1,-1
34,2,-5,1.75,1,-1.5
24,2,-5,1.75,1,-2
21,2,-5,1.75,2,-0.5
18,2,-5,1.75,2,-1
40,2,-5,1.75,2,-1.5
30,2,-5,1.75,2,-2
32,2,-5,1.75,3,-0.5
58,2,-5,1.75,3,-1
37,2,-5,1.75,3,-1.5
58,2,-5,1.75,3,-2
27,2,-5,1.75,4,-0.5
28,2,-5,1.75,4,-1
34,2,-5,1.75,4,-1.5
49,2,-5,1.75,4,-2
53,2,-5,1.75,5,-0.5
28,2,-5,1.75,5,-1
56,2,-5,1.75,5,-1.5
17,2,-5,1.75,5,-2
152,3,-1,0.25,1,-0.5
106,3,-1,0.25,1,-1
52,3,-1,0.25,1,-1.5
31,3,-1,0.25,1,-2
122,3,-1,0.25,2,-0.5
63,3,-1,0.25,2,-1
101,3,-1,0.25,2,-1.5
61,3,-1,0.25,2,-2
194,3,-1,0.25,3,-0.5
68,3,-1,0.25,3,-1
82,3,-1,0.25,3,-1.5
43,3,-1,0.25,3,-2
116,3,-1,0.25,4,-0.5
69,3,-1,0.25,4,-1
63,3,-1,0.25,4,-1.5
55,3,-1,0.25,4,-2
96,3,-1,0.25,5,-0.5
105,3,-1,0.25,5,-1
44,3,-1,0.25,5,-1.5
64,3,-1,0.25,5,-2
89,3,-1,0.75,1,-0.5
50,3,-1,0.75,1,-1
63,3,-1,0.75,1,-1.5
20,3,-1,0.75,1,-2
83,3,-1,0.75,2,-0.5
36,3,-1,0.75,2,-1
30,3,-1,0.75,2,-1.5
21,3,-1,0.75,2,-2
54,3,-1,0.75,3,-0.5
47,3,-1,0.75,3,-1
41,3,-1,0.75,3,-1.5
43,3,-1,0.75,3,-2
50,3,-1,0.75,4,-0.5
47,3,-1,0.75,4,-1
37,3,-1,0.75,4,-1.5
20,3,-1,0.75,4,-2
38,3,-1,0.75,5,-0.5
48,3,-1,0.75,5,-1
34,3,-1,0.75,5,-1.5
52,3,-1,0.75,5,-2
90,3,-1,1.25,1,-0.5
32,3,-1,1.25,1,-1
50,3,-1,1.25,1,-1.5
35,3,-1,1.25,1,-2
89,3,-1,1.25,2,-0.5
53,3,-1,1.25,2,-1
53,3,-1,1.25,2,-1.5
21,3,-1,1.25,2,-2
63,3,-1,1.25,3,-0.5
72,3,-1,1.25,3,-1
48,3,-1,1.25,3,-1.5
35,3,-1,1.25,3,-2
83,3,-1,1.25,4,-0.5
50,3,-1,1.25,4,-1
57,3,-1,1.25,4,-1.5
65,3,-1,1.25,4,-2
60,3,-1,1.25,5,-0.5
57,3,-1,1.25,5,-1
76,3,-1,1.25,5,-1.5
41,3,-1,1.25,5,-2
128,3,-1,1.75,1,-0.5
110,3,-1,1.75,1,-1
84,3,-1,1.75,1,-1.5
70,3,-1,1.75,1,-2
113,3,-1,1.75,2,-0.5
104,3,-1,1.75,2,-1
43,3,-1,1.75,2,-1.5
66,3,-1,1.75,2,-2
113,3,-1,1.75,3,-0.5
83,3,-1,1.75,3,-1
73,3,-1,1.75,3,-1.5
37,3,-1,1.75,3,-2
121,3,-1,1.75,4,-0.5
67,3,-1,1.75,4,-1
45,3,-1,1.75,4,-1.5
84,3,-1,1.75,4,-2
82,3,-1,1.75,5,-0.5
91,3,-1,1.75,5,-1
59,3,-1,1.75,5,-1.5
50,3,-1,1.75,5,-2
161,3,-2,0.25,1,-0.5
137,3,-2,0.25,1,-1
226,3,-2,0.25,1,-1.5
46,3,-2,0.25,1,-2
87,3,-2,0.25,2,-0.5
87,3,-2,0.25,2,-1
54,3,-2,0.25,2,-1.5
43,3,-2,0.25,2,-2
85,3,-2,0.25,3,-0.5
388,3,-2,0.25,3,-1
92,3,-2,0.25,3,-1.5
60,3,-2,0.25,3,-2
291,3,-2,0.25,4,-0.5
115,3,-2,0.25,4,-1
58,3,-2,0.25,4,-1.5
35,3,-2,0.25,4,-2
80,3,-2,0.25,5,-0.5
344,3,-2,0.25,5,-1
67,3,-2,0.25,5,-1.5
25,3,-2,0.25,5,-2
67,3,-2,0.75,1,-0.5
38,3,-2,0.75,1,-1
63,3,-2,0.75,1,-1.5
42,3,-2,0.75,1,-2
68,3,-2,0.75,2,-0.5
30,3,-2,0.75,2,-1
20,3,-2,0.75,2,-1.5
40,3,-2,0.75,2,-2
42,3,-2,0.75,3,-0.5
45,3,-2,0.75,3,-1
28,3,-2,0.75,3,-1.5
42,3,-2,0.75,3,-2
79,3,-2,0.75,4,-0.5
59,3,-2,0.75,4,-1
18,3,-2,0.75,4,-1.5
19,3,-2,0.75,4,-2
71,3,-2,0.75,5,-0.5
46,3,-2,0.75,5,-1
80,3,-2,0.75,5,-1.5
48,3,-2,0.75,5,-2
31,3,-2,1.25,1,-0.5
27,3,-2,1.25,1,-1
27,3,-2,1.25,1,-1.5
35,3,-2,1.25,1,-2
49,3,-2,1.25,2,-0.5
53,3,-2,1.25,2,-1
24,3,-2,1.25,2,-1.5
15,3,-2,1.25,2,-2
58,3,-2,1.25,3,-0.5
38,3,-2,1.25,3,-1
30,3,-2,1.25,3,-1.5
25,3,-2,1.25,3,-2
17,3,-2,1.25,4,-0.5
33,3,-2,1.25,4,-1
27,3,-2,1.25,4,-1.5
38,3,-2,1.25,4,-2
33,3,-2,1.25,5,-0.5
20,3,-2,1.25,5,-1
25,3,-2,1.25,5,-1.5
64,3,-2,1.25,5,-2
71,3,-2,1.75,1,-0.5
69,3,-2,1.75,1,-1
34,3,-2,1.75,1,-1.5
60,3,-2,1.75,1,-2
68,3,-2,1.75,2,-0.5
43,3,-2,1.75,2,-1
47,3,-2,1.75,2,-1.5
28,3,-2,1.75,2,-2
92,3,-2,1.75,3,-0.5
50,3,-2,1.75,3,-1
45,3,-2,1.75,3,-1.5
57,3,-2,1.75,3,-2
49,3,-2,1.75,4,-0.5
41,3,-2,1.75,4,-1
39,3,-2,1.75,4,-1.5
33,3,-2,1.75,4,-2
44,3,-2,1.75,5,-0.5
48,3,-2,1.75,5,-1
55,3,-2,1.75,5,-1.5
30,3,-2,1.75,5,-2
328,3,-3,0.25,1,-0.5
89,3,-3,0.25,1,-1
71,3,-3,0.25,1,-1.5
359,3,-3,0.25,1,-2
70,3,-3,0.25,2,-0.5
111,3,-3,0.25,2,-1
53,3,-3,0.25,2,-1.5
35,3,-3,0.25,2,-2
81,3,-3,0.25,3,-0.5
73,3,-3,0.25,3,-1
39,3,-3,0.25,3,-1.5
275,3,-3,0.25,3,-2
215,3,-3,0.25,4,-0.5
75,3,-3,0.25,4,-1
40,3,-3,0.25,4,-1.5
59,3,-3,0.25,4,-2
71,3,-3,0.25,5,-0.5
165,3,-3,0.25,5,-1
315,3,-3,0.25,5,-1.5
117,3,-3,0.25,5,-2
83,3,-3,0.75,1,-0.5
37,3,-3,0.75,1,-1
68,3,-3,0.75,1,-1.5
16,3,-3,0.75,1,-2
48,3,-3,0.75,2,-0.5
61,3,-3,0.75,2,-1
57,3,-3,0.75,2,-1.5
23,3,-3,0.75,2,-2
33,3,-3,0.75,3,-0.5
34,3,-3,0.75,3,-1
30,3,-3,0.75,3,-1.5
14,3,-3,0.75,3,-2
56,3,-3,0.75,4,-0.5
19,3,-3,0.75,4,-1
43,3,-3,0.75,4,-1.5
36,3,-3,0.75,4,-2
70,3,-3,0.75,5,-0.5
45,3,-3,0.75,5,-1
24,3,-3,0.75,5,-1.5
18,3,-3,0.75,5,-2
110,3,-3,1.25,1,-0.5
39,3,-3,1.25,1,-1
27,3,-3,1.25,1,-1.5
43,3,-3,1.25,1,-2
45,3,-3,1.25,2,-0.5
32,3,-3,1.25,2,-1
29,3,-3,1.25,2,-1.5
28,3,-3,1.25,2,-2
43,3,-3,1.25,3,-0.5
33,3,-3,1.25,3,-1
15,3,-3,1.25,3,-1.5
32,3,-3,1.25,3,-2
24,3,-3,1.25,4,-0.5
22,3,-3,1.25,4,-1
16,3,-3,1.25,4,-1.5
32,3,-3,1.25,4,-2
64,3,-3,1.25,5,-0.5
22,3,-3,1.25,5,-1
21,3,-3,1.25,5,-1.5
53,3,-3,1.25,5,-2
68,3,-3,1.75,1,-0.5
41,3,-3,1.75,1,-1
32,3,-3,1.75,1,-1.5
36,3,-3,1.75,1,-2
54,3,-3,1.75,2,-0.5
28,3,-3,1.75,2,-1
23,3,-3,1.75,2,-1.5
33,3,-3,1.75,2,-2
51,3,-3,1.75,3,-0.5
46,3,-3,1.75,3,-1
22,3,-3,1.75,3,-1.5
20,3,-3,1.75,3,-2
64,3,-3,1.75,4,-0.5
27,3,-3,1.75,4,-1
37,3,-3,1.75,4,-1.5
25,3,-3,1.75,4,-2
44,3,-3,1.75,5,-0.5
23,3,-3,1.75,5,-1
36,3,-3,1.75,5,-1.5
25,3,-3,1.75,5,-2
190,3,-4,0.25,1,-0.5
40,3,-4,0.25,1,-1
54,3,-4,0.25,1,-1.5
305,3,-4,0.25,1,-2
204,3,-4,0.25,2,-0.5
123,3,-4,0.25,2,-1
172,3,-4,0.25,2,-1.5
31,3,-4,0.25,2,-2
82,3,-4,0.25,3,-0.5
276,3,-4,0.25,3,-1
46,3,-4,0.25,3,-1.5
28,3,-4,0.25,3,-2
377,3,-4,0.25,4,-0.5
269,3,-4,0.25,4,-1
71,3,-4,0.25,4,-1.5
245,3,-4,0.25,4,-2
51,3,-4,0.25,5,-0.5
341,3,-4,0.25,5,-1
151,3,-4,0.25,5,-1.5
90,3,-4,0.25,5,-2
48,3,-4,0.75,1,-0.5
92,3,-4,0.75,1,-1
20,3,-4,0.75,1,-1.5
156,3,-4,0.75,1,-2
58,3,-4,0.75,2,-0.5
81,3,-4,0.75,2,-1
22,3,-4,0.75,2,-1.5
36,3,-4,0.75,2,-2
43,3,-4,0.75,3,-0.5
163,3,-4,0.75,3,-1
111,3,-4,0.75,3,-1.5
58,3,-4,0.75,3,-2
65,3,-4,0.75,4,-0.5
28,3,-4,0.75,4,-1
106,3,-4,0.75,4,-1.5
22,3,-4,0.75,4,-2
261,3,-4,0.75,5,-0.5
59,3,-4,0.75,5,-1
25,3,-4,0.75,5,-1.5
23,3,-4,0.75,5,-2
32,3,-4,1.25,1,-0.5
14,3,-4,1.25,1,-1
27,3,-4,1.25,1,-1.5
28,3,-4,1.25,1,-2
16,3,-4,1.25,2,-0.5
86,3,-4,1.25,2,-1
29,3,-4,1.25,2,-1.5
34,3,-4,1.25,2,-2
32,3,-4,1.25,3,-0.5
17,3,-4,1.25,3,-1
28,3,-4,1.25,3,-1.5
17,3,-4,1.25,3,-2
26,3,-4,1.25,4,-0.5
21,3,-4,1.25,4,-1
71,3,-4,1.25,4,-1.5
18,3,-4,1.25,4,-2
57,3,-4,1.25,5,-0.5
51,3,-4,1.25,5,-1
30,3,-4,1.25,5,-1.5
23,3,-4,1.25,5,-2
43,3,-4,1.75,1,-0.5
27,3,-4,1.75,1,-1
26,3,-4,1.75,1,-1.5
40,3,-4,1.75,1,-2
50,3,-4,1.75,2,-0.5
26,3,-4,1.75,2,-1
16,3,-4,1.75,2,-1.5
51,3,-4,1.75,2,-2
29,3,-4,1.75,3,-0.5
30,3,-4,1.75,3,-1
20,3,-4,1.75,3,-1.5
26,3,-4,1.75,3,-2
29,3,-4,1.75,4,-0.5
32,3,-4,1.75,4,-1
20,3,-4,1.75,4,-1.5
41,3,-4,1.75,4,-2
32,3,-4,1.75,5,-0.5
39,3,-4,1.75,5,-1
41,3,-4,1.75,5,-1.5
33,3,-4,1.75,5,-2
370,3,-5,0.25,1,-0.5
398,3,-5,0.25,1,-1
406,3,-5,0.25,1,-1.5
91,3,-5,0.25,1,-2
233,3,-5,0.25,2,-0.5
92,3,-5,0.25,2,-1
406,3,-5,0.25,2,-1.5
71,3,-5,0.25,2,-2
144,3,-5,0.25,3,-0.5
302,3,-5,0.25,3,-1
223,3,-5,0.25,3,-1.5
135,3,-5,0.25,3,-2
247,3,-5,0.25,4,-0.5
302,3,-5,0.25,4,-1
96,3,-5,0.25,4,-1.5
56,3,-5,0.25,4,-2
320,3,-5,0.25,5,-0.5
177,3,-5,0.25,5,-1
225,3,-5,0.25,5,-1.5
81,3,-5,0.25,5,-2
413,3,-5,0.75,1,-0.5
80,3,-5,0.75,1,-1
58,3,-5,0.75,1,-1.5
155,3,-5,0.75,1,-2
58,3,-5,0.75,2,-0.5
268,3,-5,0.75,2,-1
86,3,-5,0.75,2,-1.5
26,3,-5,0.75,2,-2
46,3,-5,0.75,3,-0.5
235,3,-5,0.75,3,-1
56,3,-5,0.75,3,-1.5
28,3,-5,0.75,3,-2
68,3,-5,0.75,4,-0.5
67,3,-5,0.75,4,-1
59,3,-5,0.75,4,-1.5
39,3,-5,0.75,4,-2
43,3,-5,0.75,5,-0.5
71,3,-5,0.75,5,-1
21,3,-5,0.75,5,-1.5
32,3,-5,0.75,5,-2
52,3,-5,1.25,1,-0.5
31,3,-5,1.25,1,-1
40,3,-5,1.25,1,-1.5
37,3,-5,1.25,1,-2
391,3,-5,1.25,2,-0.5
30,3,-5,1.25,2,-1
17,3,-5,1.25,2,-1.5
49,3,-5,1.25,2,-2
20,3,-5,1.25,3,-0.5
94,3,-5,1.25,3,-1
68,3,-5,1.25,3,-1.5
24,3,-5,1.25,3,-2
25,3,-5,1.25,4,-0.5
18,3,-5,1.25,4,-1
26,3,-5,1.25,4,-1.5
26,3,-5,1.25,4,-2
47,3,-5,1.25,5,-0.5
34,3,-5,1.25,5,-1
63,3,-5,1.25,5,-1.5
31,3,-5,1.25,5,-2
47,3,-5,1.75,1,-0.5
24,3,-5,1.75,1,-1
60,3,-5,1.75,1,-1.5
27,3,-5,1.75,1,-2
38,3,-5,1.75,2,-0.5
36,3,-5,1.75,2,-1
41,3,-5,1.75,2,-1.5
26,3,-5,1.75,2,-2
24,3,-5,1.75,3,-0.5
24,3,-5,1.75,3,-1
14,3,-5,1.75,3,-1.5
27,3,-5,1.75,3,-2
33,3,-5,1.75,4,-0.5
18,3,-5,1.75,4,-1
16,3,-5,1.75,4,-1.5
39,3,-5,1.75,4,-2
31,3,-5,1.75,5,-0.5
35,3,-5,1.75,5,-1
30,3,-5,1.75,5,-1.5
45,3,-5,1.75,5,-2
274,4,-1,0.25,1,-0.5
151,4,-1,0.25,1,-1
241,4,-1,0.25,1,-1.5
112,4,-1,0.25,1,-2
161,4,-1,0.25,2,-0.5
111,4,-1,0.25,2,-1
71,4,-1,0.25,2,-1.5
86,4,-1,0.25,2,-2
167,4,-1,0.25,3,-0.5
132,4,-1,0.25,3,-1
64,4,-1,0.25,3,-1.5
95,4,-1,0.25,3,-2
96,4,-1,0.25,4,-0.5
132,4,-1,0.25,4,-1
103,4,-1,0.25,4,-1.5
75,4,-1,0.25,4,-2
73,4,-1,0.25,5,-0.5
164,4,-1,0.25,5,-1
136,4,-1,0.25,5,-1.5
59,4,-1,0.25,5,-2
118,4,-1,0.75,1,-0.5
60,4,-1,0.75,1,-1
63,4,-1,0.75,1,-1.5
43,4,-1,0.75,1,-2
92,4,-1,0.75,2,-0.5
73,4,-1,0.75,2,-1
63,4,-1,0.75,2,-1.5
76,4,-1,0.75,2,-2
60,4,-1,0.75,3,-0.5
83,4,-1,0.75,3,-1
22,4,-1,0.75,3,-1.5
43,4,-1,0.75,3,-2
122,4,-1,0.75,4,-0.5
62,4,-1,0.75,4,-1
28,4,-1,0.75,4,-1.5
34,4,-1,0.75,4,-2
80,4,-1,0.75,5,-0.5
88,4,-1,0.75,5,-1
79,4,-1,0.75,5,-1.5
22,4,-1,0.75,5,-2
97,4,-1,1.25,1,-0.5
98,4,-1,1.25,1,-1
77,4,-1,1.25,1,-1.5
56,4,-1,1.25,1,-2
107,4,-1,1.25,2,-0.5
59,4,-1,1.25,2,-1
115,4,-1,1.25,2,-1.5
54,4,-1,1.25,2,-2
102,4,-1,1.25,3,-0.5
51,4,-1,1.25,3,-1
34,4,-1,1.25,3,-1.5
53,4,-1,1.25,3,-2
87,4,-1,1.25,4,-0.5
54,4,-1,1.25,4,-1
59,4,-1,1.25,4,-1.5
37,4,-1,1.25,4,-2
75,4,-1,1.25,5,-0.5
73,4,-1,1.25,5,-1
29,4,-1,1.25,5,-1.5
50,4,-1,1.25,5,-2
133,4,-1,1.75,1,-0.5
96,4,-1,1.75,1,-1
115,4,-1,1.75,1,-1.5
67,4,-1,1.75,1,-2
84,4,-1,1.75,2,-0.5
76,4,-1,1.75,2,-1
84,4,-1,1.75,2,-1.5
63,4,-1,1.75,2,-2
81,4,-1,1.75,3,-0.5
80,4,-1,1.75,3,-1
69,4,-1,1.75,3,-1.5
58,4,-1,1.75,3,-2
83,4,-1,1.75,4,-0.5
54,4,-1,1.75,4,-1
79,4,-1,1.75,4,-1.5
50,4,-1,1.75,4,-2
115,4,-1,1.75,5,-0.5
72,4,-1,1.75,5,-1
66,4,-1,1.75,5,-1.5
81,4,-1,1.75,5,-2
211,4,-2,0.25,1,-0.5
186,4,-2,0.25,1,-1
91,4,-2,0.25,1,-1.5
87,4,-2,0.25,1,-2
142,4,-2,0.25,2,-0.5
315,4,-2,0.25,2,-1
159,4,-2,0.25,2,-1.5
65,4,-2,0.25,2,-2
148,4,-2,0.25,3,-0.5
104,4,-2,0.25,3,-1
81,4,-2,0.25,3,-1.5
61,4,-2,0.25,3,-2
365,4,-2,0.25,4,-0.5
136,4,-2,0.25,4,-1
86,4,-2,0.25,4,-1.5
119,4,-2,0.25,4,-2
142,4,-2,0.25,5,-0.5
98,4,-2,0.25,5,-1
153,4,-2,0.25,5,-1.5
85,4,-2,0.25,5,-2
93,4,-2,0.75,1,-0.5
62,4,-2,0.75,1,-1
58,4,-2,0.75,1,-1.5
60,4,-2,0.75,1,-2
91,4,-2,0.75,2,-0.5
66,4,-2,0.75,2,-1
70,4,-2,0.75,2,-1.5
68,4,-2,0.75,2,-2
45,4,-2,0.75,3,-0.5
46,4,-2,0.75,3,-1
43,4,-2,0.75,3,-1.5
61,4,-2,0.75,3,-2
54,4,-2,0.75,4,-0.5
77,4,-2,0.75,4,-1
46,4,-2,0.75,4,-1.5
38,4,-2,0.75,4,-2
72,4,-2,0.75,5,-0.5
94,4,-2,0.75,5,-1
20,4,-2,0.75,5,-1.5
30,4,-2,0.75,5,-2
59,4,-2,1.25,1,-0.5
58,4,-2,1.25,1,-1
29,4,-2,1.25,1,-1.5
34,4,-2,1.25,1,-2
104,4,-2,1.25,2,-0.5
34,4,-2,1.25,2,-1
39,4,-2,1.25,2,-1.5
52,4,-2,1.25,2,-2
48,4,-2,1.25,3,-0.5
15,4,-2,1.25,3,-1
78,4,-2,1.25,3,-1.5
31,4,-2,1.25,3,-2
60,4,-2,1.25,4,-0.5
36,4,-2,1.25,4,-1
36,4,-2,1.25,4,-1.5
21,4,-2,1.25,4,-2
88,4,-2,1.25,5,-0.5
32,4,-2,1.25,5,-1
28,4,-2,1.25,5,-1.5
22,4,-2,1.25,5,-2
53,4,-2,1.75,1,-0.5
41,4,-2,1.75,1,-1
64,4,-2,1.75,1,-1.5
50,4,-2,1.75,1,-2
76,4,-2,1.75,2,-0.5
73,4,-2,1.75,2,-1
21,4,-2,1.75,2,-1.5
30,4,-2,1.75,2,-2
48,4,-2,1.75,3,-0.5
42,4,-2,1.75,3,-1
25,4,-2,1.75,3,-1.5
45,4,-2,1.75,3,-2
64,4,-2,1.75,4,-0.5
44,4,-2,1.75,4,-1
40,4,-2,1.75,4,-1.5
49,4,-2,1.75,4,-2
66,4,-2,1.75,5,-0.5
65,4,-2,1.75,5,-1
40,4,-2,1.75,5,-1.5
28,4,-2,1.75,5,-2
169,4,-3,0.25,1,-0.5
371,4,-3,0.25,1,-1
505,4,-3,0.25,1,-1.5
108,4,-3,0.25,1,-2
437,4,-3,0.25,2,-0.5
155,4,-3,0.25,2,-1
76,4,-3,0.25,2,-1.5
173,4,-3,0.25,2,-2
425,4,-3,0.25,3,-0.5
418,4,-3,0.25,3,-1
80,4,-3,0.25,3,-1.5
159,4,-3,0.25,3,-2
55,4,-3,0.25,4,-0.5
263,4,-3,0.25,4,-1
49,4,-3,0.25,4,-1.5
90,4,-3,0.25,4,-2
168,4,-3,0.25,5,-0.5
116,4,-3,0.25,5,-1
53,4,-3,0.25,5,-1.5
87,4,-3,0.25,5,-2
57,4,-3,0.75,1,-0.5
61,4,-3,0.75,1,-1
94,4,-3,0.75,1,-1.5
66,4,-3,0.75,1,-2
86,4,-3,0.75,2,-0.5
93,4,-3,0.75,2,-1
92,4,-3,0.75,2,-1.5
79,4,-3,0.75,2,-2
81,4,-3,0.75,3,-0.5
112,4,-3,0.75,3,-1
104,4,-3,0.75,3,-1.5
53,4,-3,0.75,3,-2
90,4,-3,0.75,4,-0.5
23,4,-3,0.75,4,-1
95,4,-3,0.75,4,-1.5
66,4,-3,0.75,4,-2
90,4,-3,0.75,5,-0.5
19,4,-3,0.75,5,-1
279,4,-3,0.75,5,-1.5
94,4,-3,0.75,5,-2
68,4,-3,1.25,1,-0.5
51,4,-3,1.25,1,-1
90,4,-3,1.25,1,-1.5
53,4,-3,1.25,1,-2
73,4,-3,1.25,2,-0.5
23,4,-3,1.25,2,-1
25,4,-3,1.25,2,-1.5
34,4,-3,1.25,2,-2
42,4,-3,1.25,3,-0.5
42,4,-3,1.25,3,-1
25,4,-3,1.25,3,-1.5
35,4,-3,1.25,3,-2
31,4,-3,1.25,4,-0.5
52,4,-3,1.25,4,-1
15,4,-3,1.25,4,-1.5
46,4,-3,1.25,4,-2
47,4,-3,1.25,5,-0.5
58,4,-3,1.25,5,-1
25,4,-3,1.25,5,-1.5
52,4,-3,1.25,5,-2
83,4,-3,1.75,1,-0.5
56,4,-3,1.75,1,-1
23,4,-3,1.75,1,-1.5
23,4,-3,1.75,1,-2
52,4,-3,1.75,2,-0.5
37,4,-3,1.75,2,-1
33,4,-3,1.75,2,-1.5
70,4,-3,1.75,2,-2
65,4,-3,1.75,3,-0.5
43,4,-3,1.75,3,-1
54,4,-3,1.75,3,-1.5
40,4,-3,1.75,3,-2
43,4,-3,1.75,4,-0.5
27,4,-3,1.75,4,-1
34,4,-3,1.75,4,-1.5
17,4,-3,1.75,4,-2
49,4,-3,1.75,5,-0.5
34,4,-3,1.75,5,-1
31,4,-3,1.75,5,-1.5
33,4,-3,1.75,5,-2
487,4,-4,0.25,1,-0.5
109,4,-4,0.25,1,-1
99,4,-4,0.25,1,-1.5
77,4,-4,0.25,1,-2
316,4,-4,0.25,2,-0.5
87,4,-4,0.25,2,-1
177,4,-4,0.25,2,-1.5
86,4,-4,0.25,2,-2
419,4,-4,0.25,3,-0.5
77,4,-4,0.25,3,-1
62,4,-4,0.25,3,-1.5
211,4,-4,0.25,3,-2
317,4,-4,0.25,4,-0.5
247,4,-4,0.25,4,-1
420,4,-4,0.25,4,-1.5
208,4,-4,0.25,4,-2
437,4,-4,0.25,5,-0.5
97,4,-4,0.25,5,-1
37,4,-4,0.25,5,-1.5
355,4,-4,0.25,5,-2
429,4,-4,0.75,1,-0.5
126,4,-4,0.75,1,-1
97,4,-4,0.75,1,-1.5
36,4,-4,0.75,1,-2
171,4,-4,0.75,2,-0.5
39,4,-4,0.75,2,-1
72,4,-4,0.75,2,-1.5
74,4,-4,0.75,2,-2
268,4,-4,0.75,3,-0.5
22,4,-4,0.75,3,-1
30,4,-4,0.75,3,-1.5
61,4,-4,0.75,3,-2
72,4,-4,0.75,4,-0.5
60,4,-4,0.75,4,-1
65,4,-4,0.75,4,-1.5
165,4,-4,0.75,4,-2
309,4,-4,0.75,5,-0.5
62,4,-4,0.75,5,-1
40,4,-4,0.75,5,-1.5
74,4,-4,0.75,5,-2
89,4,-4,1.25,1,-0.5
86,4,-4,1.25,1,-1
53,4,-4,1.25,1,-1.5
55,4,-4,1.25,1,-2
53,4,-4,1.25,2,-0.5
59,4,-4,1.25,2,-1
21,4,-4,1.25,2,-1.5
105,4,-4,1.25,2,-2
39,4,-4,1.25,3,-0.5
25,4,-4,1.25,3,-1
26,4,-4,1.25,3,-1.5
63,4,-4,1.25,3,-2
38,4,-4,1.25,4,-0.5
15,4,-4,1.25,4,-1
20,4,-4,1.25,4,-1.5
25,4,-4,1.25,4,-2
40,4,-4,1.25,5,-0.5
22,4,-4,1.25,5,-1
66,4,-4,1.25,5,-1.5
54,4,-4,1.25,5,-2
64,4,-4,1.75,1,-0.5
41,4,-4,1.75,1,-1
48,4,-4,1.75,1,-1.5
75,4,-4,1.75,1,-2
36,4,-4,1.75,2,-0.5
30,4,-4,1.75,2,-1
80,4,-4,1.75,2,-1.5
29,4,-4,1.75,2,-2
29,4,-4,1.75,3,-0.5
36,4,-4,1.75,3,-1
25,4,-4,1.75,3,-1.5
23,4,-4,1.75,3,-2
55,4,-4,1.75,4,-0.5
38,4,-4,1.75,4,-1
33,4,-4,1.75,4,-1.5
24,4,-4,1.75,4,-2
61,4,-4,1.75,5,-0.5
34,4,-4,1.75,5,-1
32,4,-4,1.75,5,-1.5
23,4,-4,1.75,5,-2
254,4,-5,0.25,1,-0.5
184,4,-5,0.25,1,-1
176,4,-5,0.25,1,-1.5
73,4,-5,0.25,1,-2
461,4,-5,0.25,2,-0.5
441,4,-5,0.25,2,-1
418,4,-5,0.25,2,-1.5
276,4,-5,0.25,2,-2
216,4,-5,0.25,3,-0.5
142,4,-5,0.25,3,-1
291,4,-5,0.25,3,-1.5
64,4,-5,0.25,3,-2
342,4,-5,0.25,4,-0.5
431,4,-5,0.25,4,-1
339,4,-5,0.25,4,-1.5
149,4,-5,0.25,4,-2
400,4,-5,0.25,5,-0.5
64,4,-5,0.25,5,-1
308,4,-5,0.25,5,-1.5
149,4,-5,0.25,5,-2
227,4,-5,0.75,1,-0.5
304,4,-5,0.75,1,-1
86,4,-5,0.75,1,-1.5
47,4,-5,0.75,1,-2
178,4,-5,0.75,2,-0.5
118,4,-5,0.75,2,-1
248,4,-5,0.75,2,-1.5
50,4,-5,0.75,2,-2
298,4,-5,0.75,3,-0.5
53,4,-5,0.75,3,-1
49,4,-5,0.75,3,-1.5
20,4,-5,0.75,3,-2
53,4,-5,0.75,4,-0.5
110,4,-5,0.75,4,-1
169,4,-5,0.75,4,-1.5
27,4,-5,0.75,4,-2
417,4,-5,0.75,5,-0.5
59,4,-5,0.75,5,-1
93,4,-5,0.75,5,-1.5
31,4,-5,0.75,5,-2
48,4,-5,1.25,1,-0.5
35,4,-5,1.25,1,-1
382,4,-5,1.25,1,-1.5
70,4,-5,1.25,1,-2
50,4,-5,1.25,2,-0.5
45,4,-5,1.25,2,-1
127,4,-5,1.25,2,-1.5
30,4,-5,1.25,2,-2
60,4,-5,1.25,3,-0.5
62,4,-5,1.25,3,-1
63,4,-5,1.25,3,-1.5
61,4,-5,1.25,3,-2
35,4,-5,1.25,4,-0.5
61,4,-5,1.25,4,-1
41,4,-5,1.25,4,-1.5
16,4,-5,1.25,4,-2
394,4,-5,1.25,5,-0.5
63,4,-5,1.25,5,-1
19,4,-5,1.25,5,-1.5
35,4,-5,1.25,5,-2
65,4,-5,1.75,1,-0.5
54,4,-5,1.75,1,-1
36,4,-5,1.75,1,-1.5
42,4,-5,1.75,1,-2
51,4,-5,1.75,2,-0.5
33,4,-5,1.75,2,-1
28,4,-5,1.75,2,-1.5
363,4,-5,1.75,2,-2
31,4,-5,1.75,3,-0.5
64,4,-5,1.75,3,-1
35,4,-5,1.75,3,-1.5
24,4,-5,1.75,3,-2
47,4,-5,1.75,4,-0.5
46,4,-5,1.75,4,-1
29,4,-5,1.75,4,-1.5
46,4,-5,1.75,4,-2
29,4,-5,1.75,5,-0.5
44,4,-5,1.75,5,-1
21,4,-5,1.75,5,-1.5
21,4,-5,1.75,5,-2
256,5,-1,0.25,1,-0.5
166,5,-1,0.25,1,-1
159,5,-1,0.25,1,-1.5
162,5,-1,0.25,1,-2
160,5,-1,0.25,2,-0.5
145,5,-1,0.25,2,-1
124,5,-1,0.25,2,-1.5
116,5,-1,0.25,2,-2
186,5,-1,0.25,3,-0.5
164,5,-1,0.25,3,-1
115,5,-1,0.25,3,-1.5
97,5,-1,0.25,3,-2
175,5,-1,0.25,4,-0.5
94,5,-1,0.25,4,-1
101,5,-1,0.25,4,-1.5
89,5,-1,0.25,4,-2
112,5,-1,0.25,5,-0.5
105,5,-1,0.25,5,-1
140,5,-1,0.25,5,-1.5
68,5,-1,0.25,5,-2
165,5,-1,0.75,1,-0.5
135,5,-1,0.75,1,-1
97,5,-1,0.75,1,-1.5
54,5,-1,0.75,1,-2
133,5,-1,0.75,2,-0.5
126,5,-1,0.75,2,-1
73,5,-1,0.75,2,-1.5
95,5,-1,0.75,2,-2
178,5,-1,0.75,3,-0.5
105,5,-1,0.75,3,-1
35,5,-1,0.75,3,-1.5
59,5,-1,0.75,3,-2
117,5,-1,0.75,4,-0.5
115,5,-1,0.75,4,-1
95,5,-1,0.75,4,-1.5
66,5,-1,0.75,4,-2
144,5,-1,0.75,5,-0.5
46,5,-1,0.75,5,-1
61,5,-1,0.75,5,-1.5
55,5,-1,0.75,5,-2
119,5,-1,1.25,1,-0.5
103,5,-1,1.25,1,-1
79,5,-1,1.25,1,-1.5
79,5,-1,1.25,1,-2
93,5,-1,1.25,2,-0.5
94,5,-1,1.25,2,-1
80,5,-1,1.25,2,-1.5
52,5,-1,1.25,2,-2
110,5,-1,1.25,3,-0.5
80,5,-1,1.25,3,-1
50,5,-1,1.25,3,-1.5
76,5,-1,1.25,3,-2
104,5,-1,1.25,4,-0.5
71,5,-1,1.25,4,-1
79,5,-1,1.25,4,-1.5
58,5,-1,1.25,4,-2
78,5,-1,1.25,5,-0.5
101,5,-1,1.25,5,-1
57,5,-1,1.25,5,-1.5
50,5,-1,1.25,5,-2
188,5,-1,1.75,1,-0.5
93,5,-1,1.75,1,-1
77,5,-1,1.75,1,-1.5
82,5,-1,1.75,1,-2
72,5,-1,1.75,2,-0.5
77,5,-1,1.75,2,-1
99,5,-1,1.75,2,-1.5
66,5,-1,1.75,2,-2
97,5,-1,1.75,3,-0.5
58,5,-1,1.75,3,-1
59,5,-1,1.75,3,-1.5
60,5,-1,1.75,3,-2
84,5,-1,1.75,4,-0.5
69,5,-1,1.75,4,-1
65,5,-1,1.75,4,-1.5
52,5,-1,1.75,4,-2
116,5,-1,1.75,5,-0.5
82,5,-1,1.75,5,-1
69,5,-1,1.75,5,-1.5
47,5,-1,1.75,5,-2
502,5,-2,0.25,1,-0.5
514,5,-2,0.25,1,-1
378,5,-2,0.25,1,-1.5
168,5,-2,0.25,1,-2
502,5,-2,0.25,2,-0.5
514,5,-2,0.25,2,-1
231,5,-2,0.25,2,-1.5
88,5,-2,0.25,2,-2
502,5,-2,0.25,3,-0.5
514,5,-2,0.25,3,-1
229,5,-2,0.25,3,-1.5
160,5,-2,0.25,3,-2
61,5,-2,0.25,4,-0.5
137,5,-2,0.25,4,-1
204,5,-2,0.25,4,-1.5
31,5,-2,0.25,4,-2
129,5,-2,0.25,5,-0.5
295,5,-2,0.25,5,-1
105,5,-2,0.25,5,-1.5
117,5,-2,0.25,5,-2
210,5,-2,0.75,1,-0.5
99,5,-2,0.75,1,-1
88,5,-2,0.75,1,-1.5
56,5,-2,0.75,1,-2
77,5,-2,0.75,2,-0.5
130,5,-2,0.75,2,-1
97,5,-2,0.75,2,-1.5
67,5,-2,0.75,2,-2
219,5,-2,0.75,3,-0.5
61,5,-2,0.75,3,-1
44,5,-2,0.75,3,-1.5
56,5,-2,0.75,3,-2
86,5,-2,0.75,4,-0.5
76,5,-2,0.75,4,-1
67,5,-2,0.75,4,-1.5
70,5,-2,0.75,4,-2
85,5,-2,0.75,5,-0.5
28,5,-2,0.75,5,-1
48,5,-2,0.75,5,-1.5
38,5,-2,0.75,5,-2
99,5,-2,1.25,1,-0.5
56,5,-2,1.25,1,-1
83,5,-2,1.25,1,-1.5
30,5,-2,1.25,1,-2
44,5,-2,1.25,2,-0.5
62,5,-2,1.25,2,-1
57,5,-2,1.25,2,-1.5
62,5,-2,1.25,2,-2
66,5,-2,1.25,3,-0.5
59,5,-2,1.25,3,-1
25,5,-2,1.25,3,-1.5
51,5,-2,1.25,3,-2
53,5,-2,1.25,4,-0.5
25,5,-2,1.25,4,-1
54,5,-2,1.25,4,-1.5
47,5,-2,1.25,4,-2
68,5,-2,1.25,5,-0.5
34,5,-2,1.25,5,-1
45,5,-2,1.25,5,-1.5
20,5,-2,1.25,5,-2
84,5,-2,1.75,1,-0.5
74,5,-2,1.75,1,-1
88,5,-2,1.75,1,-1.5
59,5,-2,1.75,1,-2
73,5,-2,1.75,2,-0.5
67,5,-2,1.75,2,-1
63,5,-2,1.75,2,-1.5
36,5,-2,1.75,2,-2
64,5,-2,1.75,3,-0.5
53,5,-2,1.75,3,-1
37,5,-2,1.75,3,-1.5
23,5,-2,1.75,3,-2
65,5,-2,1.75,4,-0.5
46,5,-2,1.75,4,-1
35,5,-2,1.75,4,-1.5
61,5,-2,1.75,4,-2
64,5,-2,1.75,5,-0.5
44,5,-2,1.75,5,-1
37,5,-2,1.75,5,-1.5
40,5,-2,1.75,5,-2
401,5,-3,0.25,1,-0.5
373,5,-3,0.25,1,-1
394,5,-3,0.25,1,-1.5
413,5,-3,0.25,1,-2
129,5,-3,0.25,2,-0.5
345,5,-3,0.25,2,-1
161,5,-3,0.25,2,-1.5
82,5,-3,0.25,2,-2
91,5,-3,0.25,3,-0.5
182,5,-3,0.25,3,-1
81,5,-3,0.25,3,-1.5
143,5,-3,0.25,3,-2
421,5,-3,0.25,4,-0.5
446,5,-3,0.25,4,-1
229,5,-3,0.25,4,-1.5
61,5,-3,0.25,4,-2
196,5,-3,0.25,5,-0.5
446,5,-3,0.25,5,-1
265,5,-3,0.25,5,-1.5
61,5,-3,0.25,5,-2
89,5,-3,0.75,1,-0.5
210,5,-3,0.75,1,-1
76,5,-3,0.75,1,-1.5
92,5,-3,0.75,1,-2
122,5,-3,0.75,2,-0.5
156,5,-3,0.75,2,-1
63,5,-3,0.75,2,-1.5
58,5,-3,0.75,2,-2
179,5,-3,0.75,3,-0.5
45,5,-3,0.75,3,-1
36,5,-3,0.75,3,-1.5
105,5,-3,0.75,3,-2
48,5,-3,0.75,4,-0.5
74,5,-3,0.75,4,-1
53,5,-3,0.75,4,-1.5
21,5,-3,0.75,4,-2
219,5,-3,0.75,5,-0.5
52,5,-3,0.75,5,-1
41,5,-3,0.75,5,-1.5
76,5,-3,0.75,5,-2
102,5,-3,1.25,1,-0.5
58,5,-3,1.25,1,-1
70,5,-3,1.25,1,-1.5
46,5,-3,1.25,1,-2
253,5,-3,1.25,2,-0.5
48,5,-3,1.25,2,-1
24,5,-3,1.25,2,-1.5
46,5,-3,1.25,2,-2
103,5,-3,1.25,3,-0.5
30,5,-3,1.25,3,-1
39,5,-3,1.25,3,-1.5
83,5,-3,1.25,3,-2
66,5,-3,1.25,4,-0.5
44,5,-3,1.25,4,-1
42,5,-3,1.25,4,-1.5
33,5,-3,1.25,4,-2
35,5,-3,1.25,5,-0.5
42,5,-3,1.25,5,-1
45,5,-3,1.25,5,-1.5
40,5,-3,1.25,5,-2
49,5,-3,1.75,1,-0.5
68,5,-3,1.75,1,-1
32,5,-3,1.75,1,-1.5
75,5,-3,1.75,1,-2
54,5,-3,1.75,2,-0.5
22,5,-3,1.75,2,-1
50,5,-3,1.75,2,-1.5
63,5,-3,1.75,2,-2
56,5,-3,1.75,3,-0.5
44,5,-3,1.75,3,-1
38,5,-3,1.75,3,-1.5
34,5,-3,1.75,3,-2
47,5,-3,1.75,4,-0.5
75,5,-3,1.75,4,-1
41,5,-3,1.75,4,-1.5
60,5,-3,1.75,4,-2
52,5,-3,1.75,5,-0.5
37,5,-3,1.75,5,-1
54,5,-3,1.75,5,-1.5
262,5,-3,1.75,5,-2
345,5,-4,0.25,1,-0.5
465,5,-4,0.25,1,-1
287,5,-4,0.25,1,-1.5
500,5,-4,0.25,1,-2
301,5,-4,0.25,2,-0.5
397,5,-4,0.25,2,-1
334,5,-4,0.25,2,-1.5
500,5,-4,0.25,2,-2
160,5,-4,0.25,3,-0.5
392,5,-4,0.25,3,-1
88,5,-4,0.25,3,-1.5
65,5,-4,0.25,3,-2
136,5,-4,0.25,4,-0.5
443,5,-4,0.25,4,-1
120,5,-4,0.25,4,-1.5
463,5,-4,0.25,4,-2
208,5,-4,0.25,5,-0.5
151,5,-4,0.25,5,-1
160,5,-4,0.25,5,-1.5
116,5,-4,0.25,5,-2
460,5,-4,0.75,1,-0.5
157,5,-4,0.75,1,-1
75,5,-4,0.75,1,-1.5
127,5,-4,0.75,1,-2
60,5,-4,0.75,2,-0.5
52,5,-4,0.75,2,-1
27,5,-4,0.75,2,-1.5
139,5,-4,0.75,2,-2
46,5,-4,0.75,3,-0.5
63,5,-4,0.75,3,-1
87,5,-4,0.75,3,-1.5
63,5,-4,0.75,3,-2
86,5,-4,0.75,4,-0.5
74,5,-4,0.75,4,-1
160,5,-4,0.75,4,-1.5
29,5,-4,0.75,4,-2
131,5,-4,0.75,5,-0.5
52,5,-4,0.75,5,-1
38,5,-4,0.75,5,-1.5
75,5,-4,0.75,5,-2
61,5,-4,1.25,1,-0.5
39,5,-4,1.25,1,-1
60,5,-4,1.25,1,-1.5
40,5,-4,1.25,1,-2
38,5,-4,1.25,2,-0.5
53,5,-4,1.25,2,-1
68,5,-4,1.25,2,-1.5
72,5,-4,1.25,2,-2
42,5,-4,1.25,3,-0.5
374,5,-4,1.25,3,-1
43,5,-4,1.25,3,-1.5
17,5,-4,1.25,3,-2
33,5,-4,1.25,4,-0.5
23,5,-4,1.25,4,-1
48,5,-4,1.25,4,-1.5
46,5,-4,1.25,4,-2
26,5,-4,1.25,5,-0.5
36,5,-4,1.25,5,-1
80,5,-4,1.25,5,-1.5
76,5,-4,1.25,5,-2
69,5,-4,1.75,1,-0.5
59,5,-4,1.75,1,-1
57,5,-4,1.75,1,-1.5
32,5,-4,1.75,1,-2
52,5,-4,1.75,2,-0.5
42,5,-4,1.75,2,-1
41,5,-4,1.75,2,-1.5
42,5,-4,1.75,2,-2
79,5,-4,1.75,3,-0.5
88,5,-4,1.75,3,-1
36,5,-4,1.75,3,-1.5
23,5,-4,1.75,3,-2
81,5,-4,1.75,4,-0.5
59,5,-4,1.75,4,-1
16,5,-4,1.75,4,-1.5
52,5,-4,1.75,4,-2
101,5,-4,1.75,5,-0.5
82,5,-4,1.75,5,-1
28,5,-4,1.75,5,-1.5
52,5,-4,1.75,5,-2
409,5,-5,0.25,1,-0.5
462,5,-5,0.25,1,-1
78,5,-5,0.25,1,-1.5
148,5,-5,0.25,1,-2
399,5,-5,0.25,2,-0.5
391,5,-5,0.25,2,-1
261,5,-5,0.25,2,-1.5
106,5,-5,0.25,2,-2
152,5,-5,0.25,3,-0.5
407,5,-5,0.25,3,-1
139,5,-5,0.25,3,-1.5
217,5,-5,0.25,3,-2
398,5,-5,0.25,4,-0.5
274,5,-5,0.25,4,-1
138,5,-5,0.25,4,-1.5
190,5,-5,0.25,4,-2
316,5,-5,0.25,5,-0.5
255,5,-5,0.25,5,-1
42,5,-5,0.25,5,-1.5
458,5,-5,0.25,5,-2
44,5,-5,0.75,1,-0.5
77,5,-5,0.75,1,-1
223,5,-5,0.75,1,-1.5
61,5,-5,0.75,1,-2
83,5,-5,0.75,2,-0.5
224,5,-5,0.75,2,-1
142,5,-5,0.75,2,-1.5
118,5,-5,0.75,2,-2
107,5,-5,0.75,3,-0.5
147,5,-5,0.75,3,-1
52,5,-5,0.75,3,-1.5
199,5,-5,0.75,3,-2
120,5,-5,0.75,4,-0.5
192,5,-5,0.75,4,-1
206,5,-5,0.75,4,-1.5
102,5,-5,0.75,4,-2
537,5,-5,0.75,5,-0.5
148,5,-5,0.75,5,-1
178,5,-5,0.75,5,-1.5
91,5,-5,0.75,5,-2
52,5,-5,1.25,1,-0.5
86,5,-5,1.25,1,-1
65,5,-5,1.25,1,-1.5
255,5,-5,1.25,1,-2
315,5,-5,1.25,2,-0.5
58,5,-5,1.25,2,-1
72,5,-5,1.25,2,-1.5
27,5,-5,1.25,2,-2
58,5,-5,1.25,3,-0.5
51,5,-5,1.25,3,-1
83,5,-5,1.25,3,-1.5
52,5,-5,1.25,3,-2
32,5,-5,1.25,4,-0.5
22,5,-5,1.25,4,-1
69,5,-5,1.25,4,-1.5
49,5,-5,1.25,4,-2
70,5,-5,1.25,5,-0.5
104,5,-5,1.25,5,-1
14,5,-5,1.25,5,-1.5
61,5,-5,1.25,5,-2
71,5,-5,1.75,1,-0.5
40,5,-5,1.75,1,-1
43,5,-5,1.75,1,-1.5
48,5,-5,1.75,1,-2
70,5,-5,1.75,2,-0.5
67,5,-5,1.75,2,-1
40,5,-5,1.75,2,-1.5
34,5,-5,1.75,2,-2
35,5,-5,1.75,3,-0.5
60,5,-5,1.75,3,-1
21,5,-5,1.75,3,-1.5
32,5,-5,1.75,3,-2
71,5,-5,1.75,4,-0.5
45,5,-5,1.75,4,-1
45,5,-5,1.75,4,-1.5
12,5,-5,1.75,4,-2
480,5,-5,1.75,5,-0.5
18,5,-5,1.75,5,-1
31,5,-5,1.75,5,-1.5
16,5,-5,1.75,5,-2
