14,1,-1,0.25,1,-0.5
22,1,-1,0.25,1,-1
13,1,-1,0.25,1,-1.5
33,1,-1,0.25,1,-2
53,1,-1,0.25,2,-0.5
41,1,-1,0.25,2,-1
54,1,-1,0.25,2,-1.5
45,1,-1,0.25,2,-2
32,1,-1,0.25,3,-0.5
49,1,-1,0.25,3,-1
30,1,-1,0.25,3,-1.5
33,1,-1,0.25,3,-2
45,1,-1,0.25,4,-0.5
44,1,-1,0.25,4,-1
44,1,-1,0.25,4,-1.5
32,1,-1,0.25,4,-2
51,1,-1,0.25,5,-0.5
51,1,-1,0.25,5,-1
49,1,-1,0.25,5,-1.5
36,1,-1,0.25,5,-2
45,1,-1,0.75,1,-0.5
22,1,-1,0.75,1,-1
38,1,-1,0.75,1,-1.5
48,1,-1,0.75,1,-2
37,1,-1,0.75,2,-0.5
40,1,-1,0.75,2,-1
30,1,-1,0.75,2,-1.5
49,1,-1,0.75,2,-2
58,1,-1,0.75,3,-0.5
60,1,-1,0.75,3,-1
50,1,-1,0.75,3,-1.5
16,1,-1,0.75,3,-2
59,1,-1,0.75,4,-0.5
75,1,-1,0.75,4,-1
38,1,-1,0.75,4,-1.5
68,1,-1,0.75,4,-2
71,1,-1,0.75,5,-0.5
52,1,-1,0.75,5,-1
73,1,-1,0.75,5,-1.5
44,1,-1,0.75,5,-2
85,1,-1,1.25,1,-0.5
76,1,-1,1.25,1,-1
96,1,-1,1.25,1,-1.5
63,1,-1,1.25,1,-2
91,1,-1,1.25,2,-0.5
82,1,-1,1.25,2,-1
76,1,-1,1.25,2,-1.5
69,1,-1,1.25,2,-2
92,1,-1,1.25,3,-0.5
88,1,-1,1.25,3,-1
92,1,-1,1.25,3,-1.5
81,1,-1,1.25,3,-2
99,1,-1,1.25,4,-0.5
82,1,-1,1.25,4,-1
80,1,-1,1.25,4,-1.5
92,1,-1,1.25,4,-2
104,1,-1,1.25,5,-0.5
80,1,-1,1.25,5,-1
74,1,-1,1.25,5,-1.5
84,1,-1,1.25,5,-2
165,1,-1,1.75,1,-0.5
144,1,-1,1.75,1,-1
103,1,-1,1.75,1,-1.5
152,1,-1,1.75,1,-2
173,1,-1,1.75,2,-0.5
133,1,-1,1.75,2,-1
147,1,-1,1.75,2,-1.5
78,1,-1,1.75,2,-2
146,1,-1,1.75,3,-0.5
159,1,-1,1.75,3,-1
106,1,-1,1.75,3,-1.5
95,1,-1,1.75,3,-2
140,1,-1,1.75,4,-0.5
128,1,-1,1.75,4,-1
130,1,-1,1.75,4,-1.5
96,1,-1,1.75,4,-2
151,1,-1,1.75,5,-0.5
99,1,-1,1.75,5,-1
140,1,-1,1.75,5,-1.5
119,1,-1,1.75,5,-2
109,1,-2,0.25,1,-0.5
20,1,-2,0.25,1,-1
66,1,-2,0.25,1,-1.5
19,1,-2,0.25,1,-2
190,1,-2,0.25,2,-0.5
40,1,-2,0.25,2,-1
21,1,-2,0.25,2,-1.5
18,1,-2,0.25,2,-2
63,1,-2,0.25,3,-0.5
20,1,-2,0.25,3,-1
33,1,-2,0.25,3,-1.5
26,1,-2,0.25,3,-2
23,1,-2,0.25,4,-0.5
19,1,-2,0.25,4,-1
23,1,-2,0.25,4,-1.5
222,1,-2,0.25,4,-2
33,1,-2,0.25,5,-0.5
31,1,-2,0.25,5,-1
37,1,-2,0.25,5,-1.5
63,1,-2,0.25,5,-2
21,1,-2,0.75,1,-0.5
21,1,-2,0.75,1,-1
24,1,-2,0.75,1,-1.5
28,1,-2,0.75,1,-2
36,1,-2,0.75,2,-0.5
22,1,-2,0.75,2,-1
26,1,-2,0.75,2,-1.5
22,1,-2,0.75,2,-2
20,1,-2,0.75,3,-0.5
62,1,-2,0.75,3,-1
37,1,-2,0.75,3,-1.5
44,1,-2,0.75,3,-2
150,1,-2,0.75,4,-0.5
53,1,-2,0.75,4,-1
35,1,-2,0.75,4,-1.5
33,1,-2,0.75,4,-2
51,1,-2,0.75,5,-0.5
43,1,-2,0.75,5,-1
57,1,-2,0.75,5,-1.5
36,1,-2,0.75,5,-2
63,1,-2,1.25,1,-0.5
61,1,-2,1.25,1,-1
50,1,-2,1.25,1,-1.5
48,1,-2,1.25,1,-2
45,1,-2,1.25,2,-0.5
39,1,-2,1.25,2,-1
38,1,-2,1.25,2,-1.5
45,1,-2,1.25,2,-2
73,1,-2,1.25,3,-0.5
36,1,-2,1.25,3,-1
17,1,-2,1.25,3,-1.5
58,1,-2,1.25,3,-2
57,1,-2,1.25,4,-0.5
43,1,-2,1.25,4,-1
25,1,-2,1.25,4,-1.5
38,1,-2,1.25,4,-2
50,1,-2,1.25,5,-0.5
45,1,-2,1.25,5,-1
58,1,-2,1.25,5,-1.5
59,1,-2,1.25,5,-2
122,1,-2,1.75,1,-0.5
83,1,-2,1.75,1,-1
78,1,-2,1.75,1,-1.5
72,1,-2,1.75,1,-2
114,1,-2,1.75,2,-0.5
93,1,-2,1.75,2,-1
66,1,-2,1.75,2,-1.5
54,1,-2,1.75,2,-2
99,1,-2,1.75,3,-0.5
83,1,-2,1.75,3,-1
63,1,-2,1.75,3,-1.5
58,1,-2,1.75,3,-2
95,1,-2,1.75,4,-0.5
81,1,-2,1.75,4,-1
84,1,-2,1.75,4,-1.5
76,1,-2,1.75,4,-2
95,1,-2,1.75,5,-0.5
71,1,-2,1.75,5,-1
66,1,-2,1.75,5,-1.5
88,1,-2,1.75,5,-2
306,1,-3,0.25,1,-0.5
333,1,-3,0.25,1,-1
155,1,-3,0.25,1,-1.5
137,1,-3,0.25,1,-2
162,1,-3,0.25,2,-0.5
20,1,-3,0.25,2,-1
399,1,-3,0.25,2,-1.5
405,1,-3,0.25,2,-2
376,1,-3,0.25,3,-0.5
32,1,-3,0.25,3,-1
160,1,-3,0.25,3,-1.5
122,1,-3,0.25,3,-2
122,1,-3,0.25,4,-0.5
28,1,-3,0.25,4,-1
20,1,-3,0.25,4,-1.5
29,1,-3,0.25,4,-2
99,1,-3,0.25,5,-0.5
57,1,-3,0.25,5,-1
54,1,-3,0.25,5,-1.5
27,1,-3,0.25,5,-2
18,1,-3,0.75,1,-0.5
49,1,-3,0.75,1,-1
199,1,-3,0.75,1,-1.5
19,1,-3,0.75,1,-2
25,1,-3,0.75,2,-0.5
495,1,-3,0.75,2,-1
58,1,-3,0.75,2,-1.5
15,1,-3,0.75,2,-2
91,1,-3,0.75,3,-0.5
495,1,-3,0.75,3,-1
17,1,-3,0.75,3,-1.5
35,1,-3,0.75,3,-2
92,1,-3,0.75,4,-0.5
116,1,-3,0.75,4,-1
13,1,-3,0.75,4,-1.5
27,1,-3,0.75,4,-2
85,1,-3,0.75,5,-0.5
21,1,-3,0.75,5,-1
58,1,-3,0.75,5,-1.5
32,1,-3,0.75,5,-2
59,1,-3,1.25,1,-0.5
25,1,-3,1.25,1,-1
43,1,-3,1.25,1,-1.5
36,1,-3,1.25,1,-2
28,1,-3,1.25,2,-0.5
37,1,-3,1.25,2,-1
54,1,-3,1.25,2,-1.5
36,1,-3,1.25,2,-2
62,1,-3,1.25,3,-0.5
29,1,-3,1.25,3,-1
61,1,-3,1.25,3,-1.5
32,1,-3,1.25,3,-2
30,1,-3,1.25,4,-0.5
43,1,-3,1.25,4,-1
40,1,-3,1.25,4,-1.5
33,1,-3,1.25,4,-2
41,1,-3,1.25,5,-0.5
23,1,-3,1.25,5,-1
43,1,-3,1.25,5,-1.5
33,1,-3,1.25,5,-2
101,1,-3,1.75,1,-0.5
43,1,-3,1.75,1,-1
40,1,-3,1.75,1,-1.5
69,1,-3,1.75,1,-2
80,1,-3,1.75,2,-0.5
48,1,-3,1.75,2,-1
66,1,-3,1.75,2,-1.5
44,1,-3,1.75,2,-2
67,1,-3,1.75,3,-0.5
48,1,-3,1.75,3,-1
31,1,-3,1.75,3,-1.5
34,1,-3,1.75,3,-2
65,1,-3,1.75,4,-0.5
32,1,-3,1.75,4,-1
67,1,-3,1.75,4,-1.5
55,1,-3,1.75,4,-2
67,1,-3,1.75,5,-0.5
59,1,-3,1.75,5,-1
35,1,-3,1.75,5,-1.5
61,1,-3,1.75,5,-2
55,1,-4,0.25,1,-0.5
21,1,-4,0.25,1,-1
356,1,-4,0.25,1,-1.5
471,1,-4,0.25,1,-2
450,1,-4,0.25,2,-0.5
29,1,-4,0.25,2,-1
148,1,-4,0.25,2,-1.5
131,1,-4,0.25,2,-2
61,1,-4,0.25,3,-0.5
91,1,-4,0.25,3,-1
379,1,-4,0.25,3,-1.5
43,1,-4,0.25,3,-2
94,1,-4,0.25,4,-0.5
88,1,-4,0.25,4,-1
241,1,-4,0.25,4,-1.5
81,1,-4,0.25,4,-2
492,1,-4,0.25,5,-0.5
41,1,-4,0.25,5,-1
39,1,-4,0.25,5,-1.5
44,1,-4,0.25,5,-2
39,1,-4,0.75,1,-0.5
48,1,-4,0.75,1,-1
29,1,-4,0.75,1,-1.5
14,1,-4,0.75,1,-2
26,1,-4,0.75,2,-0.5
42,1,-4,0.75,2,-1
15,1,-4,0.75,2,-1.5
85,1,-4,0.75,2,-2
22,1,-4,0.75,3,-0.5
28,1,-4,0.75,3,-1
22,1,-4,0.75,3,-1.5
31,1,-4,0.75,3,-2
91,1,-4,0.75,4,-0.5
24,1,-4,0.75,4,-1
15,1,-4,0.75,4,-1.5
18,1,-4,0.75,4,-2
18,1,-4,0.75,5,-0.5
28,1,-4,0.75,5,-1
272,1,-4,0.75,5,-1.5
32,1,-4,0.75,5,-2
32,1,-4,1.25,1,-0.5
18,1,-4,1.25,1,-1
27,1,-4,1.25,1,-1.5
29,1,-4,1.25,1,-2
33,1,-4,1.25,2,-0.5
16,1,-4,1.25,2,-1
16,1,-4,1.25,2,-1.5
14,1,-4,1.25,2,-2
32,1,-4,1.25,3,-0.5
23,1,-4,1.25,3,-1
26,1,-4,1.25,3,-1.5
33,1,-4,1.25,3,-2
18,1,-4,1.25,4,-0.5
24,1,-4,1.25,4,-1
24,1,-4,1.25,4,-1.5
41,1,-4,1.25,4,-2
22,1,-4,1.25,5,-0.5
18,1,-4,1.25,5,-1
21,1,-4,1.25,5,-1.5
41,1,-4,1.25,5,-2
62,1,-4,1.75,1,-0.5
47,1,-4,1.75,1,-1
36,1,-4,1.75,1,-1.5
52,1,-4,1.75,1,-2
36,1,-4,1.75,2,-0.5
42,1,-4,1.75,2,-1
46,1,-4,1.75,2,-1.5
117,1,-4,1.75,2,-2
37,1,-4,1.75,3,-0.5
37,1,-4,1.75,3,-1
43,1,-4,1.75,3,-1.5
51,1,-4,1.75,3,-2
61,1,-4,1.75,4,-0.5
34,1,-4,1.75,4,-1
21,1,-4,1.75,4,-1.5
53,1,-4,1.75,4,-2
50,1,-4,1.75,5,-0.5
46,1,-4,1.75,5,-1
18,1,-4,1.75,5,-1.5
43,1,-4,1.75,5,-2
517,1,-5,0.25,1,-0.5
290,1,-5,0.25,1,-1
246,1,-5,0.25,1,-1.5
54,1,-5,0.25,1,-2
152,1,-5,0.25,2,-0.5
294,1,-5,0.25,2,-1
87,1,-5,0.25,2,-1.5
196,1,-5,0.25,2,-2
334,1,-5,0.25,3,-0.5
268,1,-5,0.25,3,-1
42,1,-5,0.25,3,-1.5
52,1,-5,0.25,3,-2
40,1,-5,0.25,4,-0.5
205,1,-5,0.25,4,-1
334,1,-5,0.25,4,-1.5
291,1,-5,0.25,4,-2
66,1,-5,0.25,5,-0.5
225,1,-5,0.25,5,-1
45,1,-5,0.25,5,-1.5
76,1,-5,0.25,5,-2
277,1,-5,0.75,1,-0.5
526,1,-5,0.75,1,-1
400,1,-5,0.75,1,-1.5
46,1,-5,0.75,1,-2
42,1,-5,0.75,2,-0.5
526,1,-5,0.75,2,-1
28,1,-5,0.75,2,-1.5
18,1,-5,0.75,2,-2
46,1,-5,0.75,3,-0.5
526,1,-5,0.75,3,-1
22,1,-5,0.75,3,-1.5
48,1,-5,0.75,3,-2
521,1,-5,0.75,4,-0.5
37,1,-5,0.75,4,-1
123,1,-5,0.75,4,-1.5
28,1,-5,0.75,4,-2
404,1,-5,0.75,5,-0.5
21,1,-5,0.75,5,-1
23,1,-5,0.75,5,-1.5
255,1,-5,0.75,5,-2
30,1,-5,1.25,1,-0.5
24,1,-5,1.25,1,-1
49,1,-5,1.25,1,-1.5
23,1,-5,1.25,1,-2
37,1,-5,1.25,2,-0.5
23,1,-5,1.25,2,-1
15,1,-5,1.25,2,-1.5
54,1,-5,1.25,2,-2
171,1,-5,1.25,3,-0.5
95,1,-5,1.25,3,-1
70,1,-5,1.25,3,-1.5
19,1,-5,1.25,3,-2
329,1,-5,1.25,4,-0.5
20,1,-5,1.25,4,-1
60,1,-5,1.25,4,-1.5
31,1,-5,1.25,4,-2
27,1,-5,1.25,5,-0.5
37,1,-5,1.25,5,-1
48,1,-5,1.25,5,-1.5
32,1,-5,1.25,5,-2
43,1,-5,1.75,1,-0.5
36,1,-5,1.75,1,-1
43,1,-5,1.75,1,-1.5
234,1,-5,1.75,1,-2
48,1,-5,1.75,2,-0.5
24,1,-5,1.75,2,-1
47,1,-5,1.75,2,-1.5
21,1,-5,1.75,2,-2
33,1,-5,1.75,3,-0.5
16,1,-5,1.75,3,-1
18,1,-5,1.75,3,-1.5
35,1,-5,1.75,3,-2
38,1,-5,1.75,4,-0.5
14,1,-5,1.75,4,-1
27,1,-5,1.75,4,-1.5
40,1,-5,1.75,4,-2
285,1,-5,1.75,5,-0.5
34,1,-5,1.75,5,-1
21,1,-5,1.75,5,-1.5
40,1,-5,1.75,5,-2
196,2,-1,0.25,1,-0.5
27,2,-1,0.25,1,-1
24,2,-1,0.25,1,-1.5
32,2,-1,0.25,1,-2
195,2,-1,0.25,2,-0.5
77,2,-1,0.25,2,-1
47,2,-1,0.25,2,-1.5
27,2,-1,0.25,2,-2
41,2,-1,0.25,3,-0.5
116,2,-1,0.25,3,-1
22,2,-1,0.25,3,-1.5
49,2,-1,0.25,3,-2
63,2,-1,0.25,4,-0.5
37,2,-1,0.25,4,-1
30,2,-1,0.25,4,-1.5
44,2,-1,0.25,4,-2
77,2,-1,0.25,5,-0.5
100,2,-1,0.25,5,-1
43,2,-1,0.25,5,-1.5
55,2,-1,0.25,5,-2
58,2,-1,0.75,1,-0.5
43,2,-1,0.75,1,-1
32,2,-1,0.75,1,-1.5
18,2,-1,0.75,1,-2
33,2,-1,0.75,2,-0.5
39,2,-1,0.75,2,-1
22,2,-1,0.75,2,-1.5
32,2,-1,0.75,2,-2
35,2,-1,0.75,3,-0.5
43,2,-1,0.75,3,-1
43,2,-1,0.75,3,-1.5
64,2,-1,0.75,3,-2
44,2,-1,0.75,4,-0.5
18,2,-1,0.75,4,-1
26,2,-1,0.75,4,-1.5
50,2,-1,0.75,4,-2
72,2,-1,0.75,5,-0.5
55,2,-1,0.75,5,-1
48,2,-1,0.75,5,-1.5
44,2,-1,0.75,5,-2
76,2,-1,1.25,1,-0.5
58,2,-1,1.25,1,-1
56,2,-1,1.25,1,-1.5
44,2,-1,1.25,1,-2
87,2,-1,1.25,2,-0.5
50,2,-1,1.25,2,-1
61,2,-1,1.25,2,-1.5
52,2,-1,1.25,2,-2
82,2,-1,1.25,3,-0.5
72,2,-1,1.25,3,-1
81,2,-1,1.25,3,-1.5
54,2,-1,1.25,3,-2
60,2,-1,1.25,4,-0.5
33,2,-1,1.25,4,-1
47,2,-1,1.25,4,-1.5
30,2,-1,1.25,4,-2
80,2,-1,1.25,5,-0.5
52,2,-1,1.25,5,-1
88,2,-1,1.25,5,-1.5
53,2,-1,1.25,5,-2
118,2,-1,1.75,1,-0.5
116,2,-1,1.75,1,-1
82,2,-1,1.75,1,-1.5
98,2,-1,1.75,1,-2
120,2,-1,1.75,2,-0.5
83,2,-1,1.75,2,-1
107,2,-1,1.75,2,-1.5
72,2,-1,1.75,2,-2
90,2,-1,1.75,3,-0.5
92,2,-1,1.75,3,-1
88,2,-1,1.75,3,-1.5
109,2,-1,1.75,3,-2
112,2,-1,1.75,4,-0.5
64,2,-1,1.75,4,-1
85,2,-1,1.75,4,-1.5
89,2,-1,1.75,4,-2
112,2,-1,1.75,5,-0.5
86,2,-1,1.75,5,-1
69,2,-1,1.75,5,-1.5
103,2,-1,1.75,5,-2
47,2,-2,0.25,1,-0.5
32,2,-2,0.25,1,-1
57,2,-2,0.25,1,-1.5
24,2,-2,0.25,1,-2
192,2,-2,0.25,2,-0.5
88,2,-2,0.25,2,-1
299,2,-2,0.25,2,-1.5
44,2,-2,0.25,2,-2
122,2,-2,0.25,3,-0.5
70,2,-2,0.25,3,-1
121,2,-2,0.25,3,-1.5
22,2,-2,0.25,3,-2
161,2,-2,0.25,4,-0.5
40,2,-2,0.25,4,-1
103,2,-2,0.25,4,-1.5
66,2,-2,0.25,4,-2
148,2,-2,0.25,5,-0.5
197,2,-2,0.25,5,-1
41,2,-2,0.25,5,-1.5
40,2,-2,0.25,5,-2
24,2,-2,0.75,1,-0.5
29,2,-2,0.75,1,-1
28,2,-2,0.75,1,-1.5
40,2,-2,0.75,1,-2
64,2,-2,0.75,2,-0.5
30,2,-2,0.75,2,-1
16,2,-2,0.75,2,-1.5
29,2,-2,0.75,2,-2
36,2,-2,0.75,3,-0.5
241,2,-2,0.75,3,-1
14,2,-2,0.75,3,-1.5
19,2,-2,0.75,3,-2
66,2,-2,0.75,4,-0.5
30,2,-2,0.75,4,-1
27,2,-2,0.75,4,-1.5
47,2,-2,0.75,4,-2
43,2,-2,0.75,5,-0.5
33,2,-2,0.75,5,-1
44,2,-2,0.75,5,-1.5
39,2,-2,0.75,5,-2
47,2,-2,1.25,1,-0.5
46,2,-2,1.25,1,-1
27,2,-2,1.25,1,-1.5
29,2,-2,1.25,1,-2
69,2,-2,1.25,2,-0.5
54,2,-2,1.25,2,-1
54,2,-2,1.25,2,-1.5
33,2,-2,1.25,2,-2
45,2,-2,1.25,3,-0.5
32,2,-2,1.25,3,-1
33,2,-2,1.25,3,-1.5
24,2,-2,1.25,3,-2
34,2,-2,1.25,4,-0.5
39,2,-2,1.25,4,-1
24,2,-2,1.25,4,-1.5
29,2,-2,1.25,4,-2
57,2,-2,1.25,5,-0.5
31,2,-2,1.25,5,-1
26,2,-2,1.25,5,-1.5
60,2,-2,1.25,5,-2
76,2,-2,1.75,1,-0.5
59,2,-2,1.75,1,-1
26,2,-2,1.75,1,-1.5
68,2,-2,1.75,1,-2
66,2,-2,1.75,2,-0.5
64,2,-2,1.75,2,-1
40,2,-2,1.75,2,-1.5
32,2,-2,1.75,2,-2
46,2,-2,1.75,3,-0.5
40,2,-2,1.75,3,-1
64,2,-2,1.75,3,-1.5
45,2,-2,1.75,3,-2
68,2,-2,1.75,4,-0.5
62,2,-2,1.75,4,-1
37,2,-2,1.75,4,-1.5
30,2,-2,1.75,4,-2
76,2,-2,1.75,5,-0.5
56,2,-2,1.75,5,-1
54,2,-2,1.75,5,-1.5
26,2,-2,1.75,5,-2
197,2,-3,0.25,1,-0.5
261,2,-3,0.25,1,-1
263,2,-3,0.25,1,-1.5
27,2,-3,0.25,1,-2
325,2,-3,0.25,2,-0.5
267,2,-3,0.25,2,-1
48,2,-3,0.25,2,-1.5
40,2,-3,0.25,2,-2
395,2,-3,0.25,3,-0.5
326,2,-3,0.25,3,-1
110,2,-3,0.25,3,-1.5
22,2,-3,0.25,3,-2
123,2,-3,0.25,4,-0.5
314,2,-3,0.25,4,-1
100,2,-3,0.25,4,-1.5
303,2,-3,0.25,4,-2
197,2,-3,0.25,5,-0.5
136,2,-3,0.25,5,-1
463,2,-3,0.25,5,-1.5
96,2,-3,0.25,5,-2
36,2,-3,0.75,1,-0.5
28,2,-3,0.75,1,-1
25,2,-3,0.75,1,-1.5
14,2,-3,0.75,1,-2
59,2,-3,0.75,2,-0.5
418,2,-3,0.75,2,-1
33,2,-3,0.75,2,-1.5
17,2,-3,0.75,2,-2
31,2,-3,0.75,3,-0.5
105,2,-3,0.75,3,-1
31,2,-3,0.75,3,-1.5
28,2,-3,0.75,3,-2
23,2,-3,0.75,4,-0.5
249,2,-3,0.75,4,-1
23,2,-3,0.75,4,-1.5
28,2,-3,0.75,4,-2
38,2,-3,0.75,5,-0.5
26,2,-3,0.75,5,-1
35,2,-3,0.75,5,-1.5
47,2,-3,0.75,5,-2
30,2,-3,1.25,1,-0.5
39,2,-3,1.25,1,-1
40,2,-3,1.25,1,-1.5
28,2,-3,1.25,1,-2
42,2,-3,1.25,2,-0.5
32,2,-3,1.25,2,-1
35,2,-3,1.25,2,-1.5
23,2,-3,1.25,2,-2
30,2,-3,1.25,3,-0.5
34,2,-3,1.25,3,-1
27,2,-3,1.25,3,-1.5
21,2,-3,1.25,3,-2
23,2,-3,1.25,4,-0.5
20,2,-3,1.25,4,-1
30,2,-3,1.25,4,-1.5
20,2,-3,1.25,4,-2
26,2,-3,1.25,5,-0.5
20,2,-3,1.25,5,-1
39,2,-3,1.25,5,-1.5
39,2,-3,1.25,5,-2
69,2,-3,1.75,1,-0.5
23,2,-3,1.75,1,-1
45,2,-3,1.75,1,-1.5
44,2,-3,1.75,1,-2
42,2,-3,1.75,2,-0.5
28,2,-3,1.75,2,-1
36,2,-3,1.75,2,-1.5
37,2,-3,1.75,2,-2
46,2,-3,1.75,3,-0.5
50,2,-3,1.75,3,-1
43,2,-3,1.75,3,-1.5
21,2,-3,1.75,3,-2
33,2,-3,1.75,4,-0.5
38,2,-3,1.75,4,-1
51,2,-3,1.75,4,-1.5
31,2,-3,1.75,4,-2
37,2,-3,1.75,5,-0.5
29,2,-3,1.75,5,-1
26,2,-3,1.75,5,-1.5
34,2,-3,1.75,5,-2
369,2,-4,0.25,1,-0.5
391,2,-4,0.25,1,-1
238,2,-4,0.25,1,-1.5
314,2,-4,0.25,1,-2
399,2,-4,0.25,2,-0.5
335,2,-4,0.25,2,-1
426,2,-4,0.25,2,-1.5
90,2,-4,0.25,2,-2
71,2,-4,0.25,3,-0.5
213,2,-4,0.25,3,-1
163,2,-4,0.25,3,-1.5
62,2,-4,0.25,3,-2
167,2,-4,0.25,4,-0.5
233,2,-4,0.25,4,-1
49,2,-4,0.25,4,-1.5
216,2,-4,0.25,4,-2
75,2,-4,0.25,5,-0.5
130,2,-4,0.25,5,-1
342,2,-4,0.25,5,-1.5
55,2,-4,0.25,5,-2
50,2,-4,0.75,1,-0.5
92,2,-4,0.75,1,-1
114,2,-4,0.75,1,-1.5
14,2,-4,0.75,1,-2
112,2,-4,0.75,2,-0.5
72,2,-4,0.75,2,-1
15,2,-4,0.75,2,-1.5
48,2,-4,0.75,2,-2
284,2,-4,0.75,3,-0.5
434,2,-4,0.75,3,-1
194,2,-4,0.75,3,-1.5
34,2,-4,0.75,3,-2
39,2,-4,0.75,4,-0.5
25,2,-4,0.75,4,-1
27,2,-4,0.75,4,-1.5
33,2,-4,0.75,4,-2
37,2,-4,0.75,5,-0.5
60,2,-4,0.75,5,-1
96,2,-4,0.75,5,-1.5
54,2,-4,0.75,5,-2
34,2,-4,1.25,1,-0.5
31,2,-4,1.25,1,-1
257,2,-4,1.25,1,-1.5
15,2,-4,1.25,1,-2
38,2,-4,1.25,2,-0.5
32,2,-4,1.25,2,-1
29,2,-4,1.25,2,-1.5
23,2,-4,1.25,2,-2
80,2,-4,1.25,3,-0.5
17,2,-4,1.25,3,-1
29,2,-4,1.25,3,-1.5
24,2,-4,1.25,3,-2
22,2,-4,1.25,4,-0.5
22,2,-4,1.25,4,-1
49,2,-4,1.25,4,-1.5
24,2,-4,1.25,4,-2
37,2,-4,1.25,5,-0.5
18,2,-4,1.25,5,-1
38,2,-4,1.25,5,-1.5
14,2,-4,1.25,5,-2
67,2,-4,1.75,1,-0.5
39,2,-4,1.75,1,-1
45,2,-4,1.75,1,-1.5
29,2,-4,1.75,1,-2
50,2,-4,1.75,2,-0.5
44,2,-4,1.75,2,-1
44,2,-4,1.75,2,-1.5
33,2,-4,1.75,2,-2
53,2,-4,1.75,3,-0.5
33,2,-4,1.75,3,-1
17,2,-4,1.75,3,-1.5
31,2,-4,1.75,3,-2
47,2,-4,1.75,4,-0.5
38,2,-4,1.75,4,-1
35,2,-4,1.75,4,-1.5
15,2,-4,1.75,4,-2
41,2,-4,1.75,5,-0.5
28,2,-4,1.75,5,-1
15,2,-4,1.75,5,-1.5
15,2,-4,1.75,5,-2
391,2,-5,0.25,1,-0.5
351,2,-5,0.25,1,-1
300,2,-5,0.25,1,-1.5
361,2,-5,0.25,1,-2
519,2,-5,0.25,2,-0.5
136,2,-5,0.25,2,-1
339,2,-5,0.25,2,-1.5
40,2,-5,0.25,2,-2
190,2,-5,0.25,3,-0.5
407,2,-5,0.25,3,-1
38,2,-5,0.25,3,-1.5
60,2,-5,0.25,3,-2
469,2,-5,0.25,4,-0.5
67,2,-5,0.25,4,-1
28,2,-5,0.25,4,-1.5
307,2,-5,0.25,4,-2
401,2,-5,0.25,5,-0.5
202,2,-5,0.25,5,-1
496,2,-5,0.25,5,-1.5
22,2,-5,0.25,5,-2
222,2,-5,0.75,1,-0.5
353,2,-5,0.75,1,-1
25,2,-5,0.75,1,-1.5
273,2,-5,0.75,1,-2
63,2,-5,0.75,2,-0.5
114,2,-5,0.75,2,-1
47,2,-5,0.75,2,-1.5
16,2,-5,0.75,2,-2
61,2,-5,0.75,3,-0.5
142,2,-5,0.75,3,-1
496,2,-5,0.75,3,-1.5
65,2,-5,0.75,3,-2
113,2,-5,0.75,4,-0.5
152,2,-5,0.75,4,-1
168,2,-5,0.75,4,-1.5
14,2,-5,0.75,4,-2
571,2,-5,0.75,5,-0.5
37,2,-5,0.75,5,-1
108,2,-5,0.75,5,-1.5
45,2,-5,0.75,5,-2
82,2,-5,1.25,1,-0.5
44,2,-5,1.25,1,-1
98,2,-5,1.25,1,-1.5
20,2,-5,1.25,1,-2
64,2,-5,1.25,2,-0.5
31,2,-5,1.25,2,-1
24,2,-5,1.25,2,-1.5
31,2,-5,1.25,2,-2
110,2,-5,1.25,3,-0.5
20,2,-5,1.25,3,-1
66,2,-5,1.25,3,-1.5
22,2,-5,1.25,3,-2
58,2,-5,1.25,4,-0.5
29,2,-5,1.25,4,-1
22,2,-5,1.25,4,-1.5
86,2,-5,1.25,4,-2
24,2,-5,1.25,5,-0.5
24,2,-5,1.25,5,-1
20,2,-5,1.25,5,-1.5
98,2,-5,1.25,5,-2
74,2,-5,1.75,1,-0.5
31,2,-5,1.75,1,-1
24,2,-5,1.75,1,-1.5
25,2,-5,1.75,1,-2
29,2,-5,1.75,2,-0.5
31,2,-5,1.75,2,-1
39,2,-5,1.75,2,-1.5
46,2,-5,1.75,2,-2
15,2,-5,1.75,3,-0.5
52,2,-5,1.75,3,-1
29,2,-5,1.75,3,-1.5
32,2,-5,1.75,3,-2
20,2,-5,1.75,4,-0.5
35,2,-5,1.75,4,-1
15,2,-5,1.75,4,-1.5
18,2,-5,1.75,4,-2
49,2,-5,1.75,5,-0.5
25,2,-5,1.75,5,-1
23,2,-5,1.75,5,-1.5
34,2,-5,1.75,5,-2
235,3,-1,0.25,1,-0.5
78,3,-1,0.25,1,-1
83,3,-1,0.25,1,-1.5
43,3,-1,0.25,1,-2
76,3,-1,0.25,2,-0.5
109,3,-1,0.25,2,-1
258,3,-1,0.25,2,-1.5
37,3,-1,0.25,2,-2
290,3,-1,0.25,3,-0.5
120,3,-1,0.25,3,-1
82,3,-1,0.25,3,-1.5
42,3,-1,0.25,3,-2
72,3,-1,0.25,4,-0.5
113,3,-1,0.25,4,-1
57,3,-1,0.25,4,-1.5
47,3,-1,0.25,4,-2
59,3,-1,0.25,5,-0.5
104,3,-1,0.25,5,-1
120,3,-1,0.25,5,-1.5
77,3,-1,0.25,5,-2
42,3,-1,0.75,1,-0.5
61,3,-1,0.75,1,-1
36,3,-1,0.75,1,-1.5
27,3,-1,0.75,1,-2
65,3,-1,0.75,2,-0.5
48,3,-1,0.75,2,-1
25,3,-1,0.75,2,-1.5
14,3,-1,0.75,2,-2
60,3,-1,0.75,3,-0.5
43,3,-1,0.75,3,-1
29,3,-1,0.75,3,-1.5
35,3,-1,0.75,3,-2
60,3,-1,0.75,4,-0.5
63,3,-1,0.75,4,-1
33,3,-1,0.75,4,-1.5
42,3,-1,0.75,4,-2
38,3,-1,0.75,5,-0.5
54,3,-1,0.75,5,-1
44,3,-1,0.75,5,-1.5
35,3,-1,0.75,5,-2
84,3,-1,1.25,1,-0.5
86,3,-1,1.25,1,-1
62,3,-1,1.25,1,-1.5
56,3,-1,1.25,1,-2
48,3,-1,1.25,2,-0.5
41,3,-1,1.25,2,-1
42,3,-1,1.25,2,-1.5
26,3,-1,1.25,2,-2
78,3,-1,1.25,3,-0.5
81,3,-1,1.25,3,-1
45,3,-1,1.25,3,-1.5
30,3,-1,1.25,3,-2
58,3,-1,1.25,4,-0.5
47,3,-1,1.25,4,-1
39,3,-1,1.25,4,-1.5
103,3,-1,1.25,4,-2
73,3,-1,1.25,5,-0.5
65,3,-1,1.25,5,-1
47,3,-1,1.25,5,-1.5
25,3,-1,1.25,5,-2
156,3,-1,1.75,1,-0.5
92,3,-1,1.75,1,-1
54,3,-1,1.75,1,-1.5
76,3,-1,1.75,1,-2
108,3,-1,1.75,2,-0.5
60,3,-1,1.75,2,-1
93,3,-1,1.75,2,-1.5
60,3,-1,1.75,2,-2
123,3,-1,1.75,3,-0.5
100,3,-1,1.75,3,-1
47,3,-1,1.75,3,-1.5
68,3,-1,1.75,3,-2
105,3,-1,1.75,4,-0.5
102,3,-1,1.75,4,-1
57,3,-1,1.75,4,-1.5
68,3,-1,1.75,4,-2
93,3,-1,1.75,5,-0.5
78,3,-1,1.75,5,-1
55,3,-1,1.75,5,-1.5
50,3,-1,1.75,5,-2
195,3,-2,0.25,1,-0.5
206,3,-2,0.25,1,-1
118,3,-2,0.25,1,-1.5
37,3,-2,0.25,1,-2
376,3,-2,0.25,2,-0.5
326,3,-2,0.25,2,-1
69,3,-2,0.25,2,-1.5
43,3,-2,0.25,2,-2
433,3,-2,0.25,3,-0.5
231,3,-2,0.25,3,-1
72,3,-2,0.25,3,-1.5
296,3,-2,0.25,3,-2
234,3,-2,0.25,4,-0.5
129,3,-2,0.25,4,-1
203,3,-2,0.25,4,-1.5
98,3,-2,0.25,4,-2
230,3,-2,0.25,5,-0.5
184,3,-2,0.25,5,-1
75,3,-2,0.25,5,-1.5
40,3,-2,0.25,5,-2
37,3,-2,0.75,1,-0.5
81,3,-2,0.75,1,-1
27,3,-2,0.75,1,-1.5
46,3,-2,0.75,1,-2
96,3,-2,0.75,2,-0.5
51,3,-2,0.75,2,-1
13,3,-2,0.75,2,-1.5
57,3,-2,0.75,2,-2
47,3,-2,0.75,3,-0.5
21,3,-2,0.75,3,-1
29,3,-2,0.75,3,-1.5
19,3,-2,0.75,3,-2
108,3,-2,0.75,4,-0.5
20,3,-2,0.75,4,-1
24,3,-2,0.75,4,-1.5
43,3,-2,0.75,4,-2
34,3,-2,0.75,5,-0.5
30,3,-2,0.75,5,-1
41,3,-2,0.75,5,-1.5
69,3,-2,0.75,5,-2
41,3,-2,1.25,1,-0.5
67,3,-2,1.25,1,-1
38,3,-2,1.25,1,-1.5
42,3,-2,1.25,1,-2
31,3,-2,1.25,2,-0.5
33,3,-2,1.25,2,-1
34,3,-2,1.25,2,-1.5
13,3,-2,1.25,2,-2
48,3,-2,1.25,3,-0.5
29,3,-2,1.25,3,-1
42,3,-2,1.25,3,-1.5
52,3,-2,1.25,3,-2
74,3,-2,1.25,4,-0.5
20,3,-2,1.25,4,-1
18,3,-2,1.25,4,-1.5
30,3,-2,1.25,4,-2
53,3,-2,1.25,5,-0.5
32,3,-2,1.25,5,-1
30,3,-2,1.25,5,-1.5
32,3,-2,1.25,5,-2
58,3,-2,1.75,1,-0.5
72,3,-2,1.75,1,-1
28,3,-2,1.75,1,-1.5
36,3,-2,1.75,1,-2
85,3,-2,1.75,2,-0.5
41,3,-2,1.75,2,-1
42,3,-2,1.75,2,-1.5
26,3,-2,1.75,2,-2
36,3,-2,1.75,3,-0.5
53,3,-2,1.75,3,-1
26,3,-2,1.75,3,-1.5
38,3,-2,1.75,3,-2
49,3,-2,1.75,4,-0.5
57,3,-2,1.75,4,-1
47,3,-2,1.75,4,-1.5
27,3,-2,1.75,4,-2
83,3,-2,1.75,5,-0.5
44,3,-2,1.75,5,-1
63,3,-2,1.75,5,-1.5
43,3,-2,1.75,5,-2
360,3,-3,0.25,1,-0.5
398,3,-3,0.25,1,-1
260,3,-3,0.25,1,-1.5
289,3,-3,0.25,1,-2
258,3,-3,0.25,2,-0.5
138,3,-3,0.25,2,-1
180,3,-3,0.25,2,-1.5
53,3,-3,0.25,2,-2
151,3,-3,0.25,3,-0.5
77,3,-3,0.25,3,-1
27,3,-3,0.25,3,-1.5
56,3,-3,0.25,3,-2
327,3,-3,0.25,4,-0.5
63,3,-3,0.25,4,-1
282,3,-3,0.25,4,-1.5
223,3,-3,0.25,4,-2
320,3,-3,0.25,5,-0.5
287,3,-3,0.25,5,-1
72,3,-3,0.25,5,-1.5
223,3,-3,0.25,5,-2
88,3,-3,0.75,1,-0.5
191,3,-3,0.75,1,-1
26,3,-3,0.75,1,-1.5
28,3,-3,0.75,1,-2
46,3,-3,0.75,2,-0.5
97,3,-3,0.75,2,-1
37,3,-3,0.75,2,-1.5
20,3,-3,0.75,2,-2
331,3,-3,0.75,3,-0.5
31,3,-3,0.75,3,-1
14,3,-3,0.75,3,-1.5
20,3,-3,0.75,3,-2
44,3,-3,0.75,4,-0.5
94,3,-3,0.75,4,-1
22,3,-3,0.75,4,-1.5
25,3,-3,0.75,4,-2
61,3,-3,0.75,5,-0.5
44,3,-3,0.75,5,-1
41,3,-3,0.75,5,-1.5
38,3,-3,0.75,5,-2
79,3,-3,1.25,1,-0.5
29,3,-3,1.25,1,-1
166,3,-3,1.25,1,-1.5
24,3,-3,1.25,1,-2
27,3,-3,1.25,2,-0.5
57,3,-3,1.25,2,-1
25,3,-3,1.25,2,-1.5
17,3,-3,1.25,2,-2
51,3,-3,1.25,3,-0.5
17,3,-3,1.25,3,-1
27,3,-3,1.25,3,-1.5
14,3,-3,1.25,3,-2
24,3,-3,1.25,4,-0.5
25,3,-3,1.25,4,-1
21,3,-3,1.25,4,-1.5
26,3,-3,1.25,4,-2
33,3,-3,1.25,5,-0.5
96,3,-3,1.25,5,-1
22,3,-3,1.25,5,-1.5
19,3,-3,1.25,5,-2
57,3,-3,1.75,1,-0.5
49,3,-3,1.75,1,-1
29,3,-3,1.75,1,-1.5
30,3,-3,1.75,1,-2
43,3,-3,1.75,2,-0.5
33,3,-3,1.75,2,-1
33,3,-3,1.75,2,-1.5
30,3,-3,1.75,2,-2
53,3,-3,1.75,3,-0.5
39,3,-3,1.75,3,-1
32,3,-3,1.75,3,-1.5
25,3,-3,1.75,3,-2
33,3,-3,1.75,4,-0.5
43,3,-3,1.75,4,-1
49,3,-3,1.75,4,-1.5
29,3,-3,1.75,4,-2
48,3,-3,1.75,5,-0.5
24,3,-3,1.75,5,-1
41,3,-3,1.75,5,-1.5
52,3,-3,1.75,5,-2
250,3,-4,0.25,1,-0.5
255,3,-4,0.25,1,-1
436,3,-4,0.25,1,-1.5
129,3,-4,0.25,1,-2
441,3,-4,0.25,2,-0.5
110,3,-4,0.25,2,-1
178,3,-4,0.25,2,-1.5
284,3,-4,0.25,2,-2
459,3,-4,0.25,3,-0.5
529,3,-4,0.25,3,-1
194,3,-4,0.25,3,-1.5
137,3,-4,0.25,3,-2
367,3,-4,0.25,4,-0.5
521,3,-4,0.25,4,-1
70,3,-4,0.25,4,-1.5
46,3,-4,0.25,4,-2
474,3,-4,0.25,5,-0.5
521,3,-4,0.25,5,-1
89,3,-4,0.25,5,-1.5
232,3,-4,0.25,5,-2
496,3,-4,0.75,1,-0.5
175,3,-4,0.75,1,-1
60,3,-4,0.75,1,-1.5
53,3,-4,0.75,1,-2
67,3,-4,0.75,2,-0.5
22,3,-4,0.75,2,-1
206,3,-4,0.75,2,-1.5
319,3,-4,0.75,2,-2
321,3,-4,0.75,3,-0.5
213,3,-4,0.75,3,-1
180,3,-4,0.75,3,-1.5
162,3,-4,0.75,3,-2
265,3,-4,0.75,4,-0.5
94,3,-4,0.75,4,-1
35,3,-4,0.75,4,-1.5
67,3,-4,0.75,4,-2
62,3,-4,0.75,5,-0.5
69,3,-4,0.75,5,-1
55,3,-4,0.75,5,-1.5
18,3,-4,0.75,5,-2
29,3,-4,1.25,1,-0.5
36,3,-4,1.25,1,-1
64,3,-4,1.25,1,-1.5
27,3,-4,1.25,1,-2
431,3,-4,1.25,2,-0.5
16,3,-4,1.25,2,-1
33,3,-4,1.25,2,-1.5
29,3,-4,1.25,2,-2
95,3,-4,1.25,3,-0.5
24,3,-4,1.25,3,-1
477,3,-4,1.25,3,-1.5
32,3,-4,1.25,3,-2
122,3,-4,1.25,4,-0.5
36,3,-4,1.25,4,-1
29,3,-4,1.25,4,-1.5
21,3,-4,1.25,4,-2
21,3,-4,1.25,5,-0.5
28,3,-4,1.25,5,-1
22,3,-4,1.25,5,-1.5
23,3,-4,1.25,5,-2
83,3,-4,1.75,1,-0.5
31,3,-4,1.75,1,-1
26,3,-4,1.75,1,-1.5
24,3,-4,1.75,1,-2
19,3,-4,1.75,2,-0.5
31,3,-4,1.75,2,-1
27,3,-4,1.75,2,-1.5
16,3,-4,1.75,2,-2
49,3,-4,1.75,3,-0.5
19,3,-4,1.75,3,-1
28,3,-4,1.75,3,-1.5
40,3,-4,1.75,3,-2
51,3,-4,1.75,4,-0.5
41,3,-4,1.75,4,-1
18,3,-4,1.75,4,-1.5
16,3,-4,1.75,4,-2
33,3,-4,1.75,5,-0.5
34,3,-4,1.75,5,-1
20,3,-4,1.75,5,-1.5
19,3,-4,1.75,5,-2
342,3,-5,0.25,1,-0.5
226,3,-5,0.25,1,-1
398,3,-5,0.25,1,-1.5
57,3,-5,0.25,1,-2
405,3,-5,0.25,2,-0.5
109,3,-5,0.25,2,-1
357,3,-5,0.25,2,-1.5
147,3,-5,0.25,2,-2
355,3,-5,0.25,3,-0.5
512,3,-5,0.25,3,-1
347,3,-5,0.25,3,-1.5
285,3,-5,0.25,3,-2
314,3,-5,0.25,4,-0.5
520,3,-5,0.25,4,-1
347,3,-5,0.25,4,-1.5
25,3,-5,0.25,4,-2
485,3,-5,0.25,5,-0.5
520,3,-5,0.25,5,-1
349,3,-5,0.25,5,-1.5
165,3,-5,0.25,5,-2
39,3,-5,0.75,1,-0.5
299,3,-5,0.75,1,-1
46,3,-5,0.75,1,-1.5
35,3,-5,0.75,1,-2
19,3,-5,0.75,2,-0.5
64,3,-5,0.75,2,-1
50,3,-5,0.75,2,-1.5
46,3,-5,0.75,2,-2
410,3,-5,0.75,3,-0.5
176,3,-5,0.75,3,-1
23,3,-5,0.75,3,-1.5
38,3,-5,0.75,3,-2
187,3,-5,0.75,4,-0.5
173,3,-5,0.75,4,-1
28,3,-5,0.75,4,-1.5
113,3,-5,0.75,4,-2
63,3,-5,0.75,5,-0.5
64,3,-5,0.75,5,-1
21,3,-5,0.75,5,-1.5
19,3,-5,0.75,5,-2
82,3,-5,1.25,1,-0.5
70,3,-5,1.25,1,-1
40,3,-5,1.25,1,-1.5
22,3,-5,1.25,1,-2
23,3,-5,1.25,2,-0.5
17,3,-5,1.25,2,-1
47,3,-5,1.25,2,-1.5
25,3,-5,1.25,2,-2
30,3,-5,1.25,3,-0.5
52,3,-5,1.25,3,-1
23,3,-5,1.25,3,-1.5
18,3,-5,1.25,3,-2
34,3,-5,1.25,4,-0.5
89,3,-5,1.25,4,-1
15,3,-5,1.25,4,-1.5
28,3,-5,1.25,4,-2
21,3,-5,1.25,5,-0.5
13,3,-5,1.25,5,-1
18,3,-5,1.25,5,-1.5
24,3,-5,1.25,5,-2
53,3,-5,1.75,1,-0.5
28,3,-5,1.75,1,-1
106,3,-5,1.75,1,-1.5
23,3,-5,1.75,1,-2
45,3,-5,1.75,2,-0.5
23,3,-5,1.75,2,-1
28,3,-5,1.75,2,-1.5
21,3,-5,1.75,2,-2
35,3,-5,1.75,3,-0.5
25,3,-5,1.75,3,-1
11,3,-5,1.75,3,-1.5
14,3,-5,1.75,3,-2
51,3,-5,1.75,4,-0.5
23,3,-5,1.75,4,-1
19,3,-5,1.75,4,-1.5
35,3,-5,1.75,4,-2
46,3,-5,1.75,5,-0.5
30,3,-5,1.75,5,-1
19,3,-5,1.75,5,-1.5
13,3,-5,1.75,5,-2
194,4,-1,0.25,1,-0.5
205,4,-1,0.25,1,-1
94,4,-1,0.25,1,-1.5
79,4,-1,0.25,1,-2
298,4,-1,0.25,2,-0.5
133,4,-1,0.25,2,-1
157,4,-1,0.25,2,-1.5
50,4,-1,0.25,2,-2
121,4,-1,0.25,3,-0.5
102,4,-1,0.25,3,-1
78,4,-1,0.25,3,-1.5
91,4,-1,0.25,3,-2
92,4,-1,0.25,4,-0.5
74,4,-1,0.25,4,-1
91,4,-1,0.25,4,-1.5
85,4,-1,0.25,4,-2
89,4,-1,0.25,5,-0.5
127,4,-1,0.25,5,-1
58,4,-1,0.25,5,-1.5
79,4,-1,0.25,5,-2
119,4,-1,0.75,1,-0.5
89,4,-1,0.75,1,-1
70,4,-1,0.75,1,-1.5
49,4,-1,0.75,1,-2
103,4,-1,0.75,2,-0.5
107,4,-1,0.75,2,-1
34,4,-1,0.75,2,-1.5
47,4,-1,0.75,2,-2
100,4,-1,0.75,3,-0.5
65,4,-1,0.75,3,-1
23,4,-1,0.75,3,-1.5
53,4,-1,0.75,3,-2
74,4,-1,0.75,4,-0.5
68,4,-1,0.75,4,-1
65,4,-1,0.75,4,-1.5
67,4,-1,0.75,4,-2
69,4,-1,0.75,5,-0.5
61,4,-1,0.75,5,-1
66,4,-1,0.75,5,-1.5
56,4,-1,0.75,5,-2
101,4,-1,1.25,1,-0.5
88,4,-1,1.25,1,-1
53,4,-1,1.25,1,-1.5
70,4,-1,1.25,1,-2
57,4,-1,1.25,2,-0.5
51,4,-1,1.25,2,-1
57,4,-1,1.25,2,-1.5
77,4,-1,1.25,2,-2
57,4,-1,1.25,3,-0.5
30,4,-1,1.25,3,-1
55,4,-1,1.25,3,-1.5
49,4,-1,1.25,3,-2
91,4,-1,1.25,4,-0.5
72,4,-1,1.25,4,-1
69,4,-1,1.25,4,-1.5
53,4,-1,1.25,4,-2
71,4,-1,1.25,5,-0.5
51,4,-1,1.25,5,-1
58,4,-1,1.25,5,-1.5
40,4,-1,1.25,5,-2
103,4,-1,1.75,1,-0.5
88,4,-1,1.75,1,-1
67,4,-1,1.75,1,-1.5
93,4,-1,1.75,1,-2
116,4,-1,1.75,2,-0.5
107,4,-1,1.75,2,-1
49,4,-1,1.75,2,-1.5
91,4,-1,1.75,2,-2
110,4,-1,1.75,3,-0.5
68,4,-1,1.75,3,-1
53,4,-1,1.75,3,-1.5
58,4,-1,1.75,3,-2
90,4,-1,1.75,4,-0.5
64,4,-1,1.75,4,-1
58,4,-1,1.75,4,-1.5
70,4,-1,1.75,4,-2
96,4,-1,1.75,5,-0.5
82,4,-1,1.75,5,-1
45,4,-1,1.75,5,-1.5
55,4,-1,1.75,5,-2
261,4,-2,0.25,1,-0.5
139,4,-2,0.25,1,-1
406,4,-2,0.25,1,-1.5
82,4,-2,0.25,1,-2
130,4,-2,0.25,2,-0.5
85,4,-2,0.25,2,-1
241,4,-2,0.25,2,-1.5
74,4,-2,0.25,2,-2
465,4,-2,0.25,3,-0.5
66,4,-2,0.25,3,-1
183,4,-2,0.25,3,-1.5
69,4,-2,0.25,3,-2
282,4,-2,0.25,4,-0.5
92,4,-2,0.25,4,-1
93,4,-2,0.25,4,-1.5
89,4,-2,0.25,4,-2
286,4,-2,0.25,5,-0.5
313,4,-2,0.25,5,-1
70,4,-2,0.25,5,-1.5
57,4,-2,0.25,5,-2
66,4,-2,0.75,1,-0.5
94,4,-2,0.75,1,-1
44,4,-2,0.75,1,-1.5
22,4,-2,0.75,1,-2
116,4,-2,0.75,2,-0.5
54,4,-2,0.75,2,-1
61,4,-2,0.75,2,-1.5
41,4,-2,0.75,2,-2
47,4,-2,0.75,3,-0.5
77,4,-2,0.75,3,-1
25,4,-2,0.75,3,-1.5
29,4,-2,0.75,3,-2
51,4,-2,0.75,4,-0.5
32,4,-2,0.75,4,-1
71,4,-2,0.75,4,-1.5
23,4,-2,0.75,4,-2
103,4,-2,0.75,5,-0.5
24,4,-2,0.75,5,-1
25,4,-2,0.75,5,-1.5
37,4,-2,0.75,5,-2
57,4,-2,1.25,1,-0.5
53,4,-2,1.25,1,-1
39,4,-2,1.25,1,-1.5
32,4,-2,1.25,1,-2
88,4,-2,1.25,2,-0.5
43,4,-2,1.25,2,-1
23,4,-2,1.25,2,-1.5
33,4,-2,1.25,2,-2
66,4,-2,1.25,3,-0.5
47,4,-2,1.25,3,-1
71,4,-2,1.25,3,-1.5
15,4,-2,1.25,3,-2
32,4,-2,1.25,4,-0.5
24,4,-2,1.25,4,-1
26,4,-2,1.25,4,-1.5
24,4,-2,1.25,4,-2
45,4,-2,1.25,5,-0.5
36,4,-2,1.25,5,-1
25,4,-2,1.25,5,-1.5
28,4,-2,1.25,5,-2
68,4,-2,1.75,1,-0.5
78,4,-2,1.75,1,-1
40,4,-2,1.75,1,-1.5
56,4,-2,1.75,1,-2
86,4,-2,1.75,2,-0.5
53,4,-2,1.75,2,-1
29,4,-2,1.75,2,-1.5
46,4,-2,1.75,2,-2
58,4,-2,1.75,3,-0.5
30,4,-2,1.75,3,-1
39,4,-2,1.75,3,-1.5
30,4,-2,1.75,3,-2
70,4,-2,1.75,4,-0.5
43,4,-2,1.75,4,-1
35,4,-2,1.75,4,-1.5
46,4,-2,1.75,4,-2
41,4,-2,1.75,5,-0.5
65,4,-2,1.75,5,-1
22,4,-2,1.75,5,-1.5
34,4,-2,1.75,5,-2
297,4,-3,0.25,1,-0.5
176,4,-3,0.25,1,-1
176,4,-3,0.25,1,-1.5
291,4,-3,0.25,1,-2
298,4,-3,0.25,2,-0.5
264,4,-3,0.25,2,-1
156,4,-3,0.25,2,-1.5
270,4,-3,0.25,2,-2
330,4,-3,0.25,3,-0.5
332,4,-3,0.25,3,-1
56,4,-3,0.25,3,-1.5
79,4,-3,0.25,3,-2
381,4,-3,0.25,4,-0.5
84,4,-3,0.25,4,-1
395,4,-3,0.25,4,-1.5
91,4,-3,0.25,4,-2
490,4,-3,0.25,5,-0.5
63,4,-3,0.25,5,-1
100,4,-3,0.25,5,-1.5
82,4,-3,0.25,5,-2
375,4,-3,0.75,1,-0.5
134,4,-3,0.75,1,-1
30,4,-3,0.75,1,-1.5
39,4,-3,0.75,1,-2
253,4,-3,0.75,2,-0.5
140,4,-3,0.75,2,-1
279,4,-3,0.75,2,-1.5
30,4,-3,0.75,2,-2
94,4,-3,0.75,3,-0.5
63,4,-3,0.75,3,-1
62,4,-3,0.75,3,-1.5
362,4,-3,0.75,3,-2
66,4,-3,0.75,4,-0.5
24,4,-3,0.75,4,-1
35,4,-3,0.75,4,-1.5
59,4,-3,0.75,4,-2
65,4,-3,0.75,5,-0.5
300,4,-3,0.75,5,-1
37,4,-3,0.75,5,-1.5
68,4,-3,0.75,5,-2
49,4,-3,1.25,1,-0.5
33,4,-3,1.25,1,-1
37,4,-3,1.25,1,-1.5
41,4,-3,1.25,1,-2
44,4,-3,1.25,2,-0.5
47,4,-3,1.25,2,-1
42,4,-3,1.25,2,-1.5
64,4,-3,1.25,2,-2
56,4,-3,1.25,3,-0.5
58,4,-3,1.25,3,-1
17,4,-3,1.25,3,-1.5
17,4,-3,1.25,3,-2
28,4,-3,1.25,4,-0.5
178,4,-3,1.25,4,-1
46,4,-3,1.25,4,-1.5
14,4,-3,1.25,4,-2
37,4,-3,1.25,5,-0.5
32,4,-3,1.25,5,-1
36,4,-3,1.25,5,-1.5
21,4,-3,1.25,5,-2
86,4,-3,1.75,1,-0.5
40,4,-3,1.75,1,-1
39,4,-3,1.75,1,-1.5
23,4,-3,1.75,1,-2
50,4,-3,1.75,2,-0.5
43,4,-3,1.75,2,-1
21,4,-3,1.75,2,-1.5
18,4,-3,1.75,2,-2
38,4,-3,1.75,3,-0.5
39,4,-3,1.75,3,-1
37,4,-3,1.75,3,-1.5
33,4,-3,1.75,3,-2
32,4,-3,1.75,4,-0.5
30,4,-3,1.75,4,-1
34,4,-3,1.75,4,-1.5
35,4,-3,1.75,4,-2
50,4,-3,1.75,5,-0.5
40,4,-3,1.75,5,-1
20,4,-3,1.75,5,-1.5
22,4,-3,1.75,5,-2
311,4,-4,0.25,1,-0.5
461,4,-4,0.25,1,-1
141,4,-4,0.25,1,-1.5
219,4,-4,0.25,1,-2
311,4,-4,0.25,2,-0.5
463,4,-4,0.25,2,-1
236,4,-4,0.25,2,-1.5
351,4,-4,0.25,2,-2
262,4,-4,0.25,3,-0.5
351,4,-4,0.25,3,-1
478,4,-4,0.25,3,-1.5
292,4,-4,0.25,3,-2
439,4,-4,0.25,4,-0.5
413,4,-4,0.25,4,-1
154,4,-4,0.25,4,-1.5
92,4,-4,0.25,4,-2
73,4,-4,0.25,5,-0.5
360,4,-4,0.25,5,-1
304,4,-4,0.25,5,-1.5
108,4,-4,0.25,5,-2
350,4,-4,0.75,1,-0.5
407,4,-4,0.75,1,-1
94,4,-4,0.75,1,-1.5
26,4,-4,0.75,1,-2
594,4,-4,0.75,2,-0.5
86,4,-4,0.75,2,-1
34,4,-4,0.75,2,-1.5
147,4,-4,0.75,2,-2
88,4,-4,0.75,3,-0.5
92,4,-4,0.75,3,-1
162,4,-4,0.75,3,-1.5
56,4,-4,0.75,3,-2
140,4,-4,0.75,4,-0.5
28,4,-4,0.75,4,-1
74,4,-4,0.75,4,-1.5
257,4,-4,0.75,4,-2
275,4,-4,0.75,5,-0.5
62,4,-4,0.75,5,-1
60,4,-4,0.75,5,-1.5
79,4,-4,0.75,5,-2
86,4,-4,1.25,1,-0.5
63,4,-4,1.25,1,-1
58,4,-4,1.25,1,-1.5
28,4,-4,1.25,1,-2
359,4,-4,1.25,2,-0.5
61,4,-4,1.25,2,-1
107,4,-4,1.25,2,-1.5
19,4,-4,1.25,2,-2
31,4,-4,1.25,3,-0.5
33,4,-4,1.25,3,-1
31,4,-4,1.25,3,-1.5
48,4,-4,1.25,3,-2
45,4,-4,1.25,4,-0.5
35,4,-4,1.25,4,-1
20,4,-4,1.25,4,-1.5
19,4,-4,1.25,4,-2
33,4,-4,1.25,5,-0.5
29,4,-4,1.25,5,-1
36,4,-4,1.25,5,-1.5
73,4,-4,1.25,5,-2
51,4,-4,1.75,1,-0.5
27,4,-4,1.75,1,-1
37,4,-4,1.75,1,-1.5
35,4,-4,1.75,1,-2
53,4,-4,1.75,2,-0.5
59,4,-4,1.75,2,-1
49,4,-4,1.75,2,-1.5
23,4,-4,1.75,2,-2
49,4,-4,1.75,3,-0.5
140,4,-4,1.75,3,-1
34,4,-4,1.75,3,-1.5
30,4,-4,1.75,3,-2
96,4,-4,1.75,4,-0.5
50,4,-4,1.75,4,-1
41,4,-4,1.75,4,-1.5
27,4,-4,1.75,4,-2
26,4,-4,1.75,5,-0.5
27,4,-4,1.75,5,-1
37,4,-4,1.75,5,-1.5
21,4,-4,1.75,5,-2
250,4,-5,0.25,1,-0.5
306,4,-5,0.25,1,-1
134,4,-5,0.25,1,-1.5
435,4,-5,0.25,1,-2
275,4,-5,0.25,2,-0.5
445,4,-5,0.25,2,-1
189,4,-5,0.25,2,-1.5
62,4,-5,0.25,2,-2
498,4,-5,0.25,3,-0.5
345,4,-5,0.25,3,-1
414,4,-5,0.25,3,-1.5
414,4,-5,0.25,3,-2
307,4,-5,0.25,4,-0.5
350,4,-5,0.25,4,-1
350,4,-5,0.25,4,-1.5
418,4,-5,0.25,4,-2
278,4,-5,0.25,5,-0.5
528,4,-5,0.25,5,-1
168,4,-5,0.25,5,-1.5
65,4,-5,0.25,5,-2
665,4,-5,0.75,1,-0.5
342,4,-5,0.75,1,-1
183,4,-5,0.75,1,-1.5
108,4,-5,0.75,1,-2
94,4,-5,0.75,2,-0.5
342,4,-5,0.75,2,-1
174,4,-5,0.75,2,-1.5
109,4,-5,0.75,2,-2
320,4,-5,0.75,3,-0.5
23,4,-5,0.75,3,-1
42,4,-5,0.75,3,-1.5
219,4,-5,0.75,3,-2
69,4,-5,0.75,4,-0.5
34,4,-5,0.75,4,-1
47,4,-5,0.75,4,-1.5
260,4,-5,0.75,4,-2
94,4,-5,0.75,5,-0.5
54,4,-5,0.75,5,-1
47,4,-5,0.75,5,-1.5
20,4,-5,0.75,5,-2
87,4,-5,1.25,1,-0.5
150,4,-5,1.25,1,-1
99,4,-5,1.25,1,-1.5
47,4,-5,1.25,1,-2
49,4,-5,1.25,2,-0.5
232,4,-5,1.25,2,-1
360,4,-5,1.25,2,-1.5
61,4,-5,1.25,2,-2
72,4,-5,1.25,3,-0.5
70,4,-5,1.25,3,-1
80,4,-5,1.25,3,-1.5
28,4,-5,1.25,3,-2
28,4,-5,1.25,4,-0.5
411,4,-5,1.25,4,-1
19,4,-5,1.25,4,-1.5
16,4,-5,1.25,4,-2
20,4,-5,1.25,5,-0.5
35,4,-5,1.25,5,-1
197,4,-5,1.25,5,-1.5
44,4,-5,1.25,5,-2
35,4,-5,1.75,1,-0.5
52,4,-5,1.75,1,-1
28,4,-5,1.75,1,-1.5
22,4,-5,1.75,1,-2
46,4,-5,1.75,2,-0.5
96,4,-5,1.75,2,-1
21,4,-5,1.75,2,-1.5
52,4,-5,1.75,2,-2
29,4,-5,1.75,3,-0.5
27,4,-5,1.75,3,-1
33,4,-5,1.75,3,-1.5
38,4,-5,1.75,3,-2
58,4,-5,1.75,4,-0.5
18,4,-5,1.75,4,-1
55,4,-5,1.75,4,-1.5
39,4,-5,1.75,4,-2
31,4,-5,1.75,5,-0.5
64,4,-5,1.75,5,-1
20,4,-5,1.75,5,-1.5
17,4,-5,1.75,5,-2
175,5,-1,0.25,1,-0.5
177,5,-1,0.25,1,-1
205,5,-1,0.25,1,-1.5
122,5,-1,0.25,1,-2
259,5,-1,0.25,2,-0.5
226,5,-1,0.25,2,-1
163,5,-1,0.25,2,-1.5
105,5,-1,0.25,2,-2
174,5,-1,0.25,3,-0.5
118,5,-1,0.25,3,-1
111,5,-1,0.25,3,-1.5
86,5,-1,0.25,3,-2
275,5,-1,0.25,4,-0.5
114,5,-1,0.25,4,-1
106,5,-1,0.25,4,-1.5
47,5,-1,0.25,4,-2
159,5,-1,0.25,5,-0.5
269,5,-1,0.25,5,-1
532,5,-1,0.25,5,-1.5
98,5,-1,0.25,5,-2
129,5,-1,0.75,1,-0.5
119,5,-1,0.75,1,-1
107,5,-1,0.75,1,-1.5
60,5,-1,0.75,1,-2
120,5,-1,0.75,2,-0.5
115,5,-1,0.75,2,-1
65,5,-1,0.75,2,-1.5
69,5,-1,0.75,2,-2
97,5,-1,0.75,3,-0.5
121,5,-1,0.75,3,-1
75,5,-1,0.75,3,-1.5
52,5,-1,0.75,3,-2
88,5,-1,0.75,4,-0.5
122,5,-1,0.75,4,-1
87,5,-1,0.75,4,-1.5
80,5,-1,0.75,4,-2
106,5,-1,0.75,5,-0.5
99,5,-1,0.75,5,-1
82,5,-1,0.75,5,-1.5
59,5,-1,0.75,5,-2
109,5,-1,1.25,1,-0.5
87,5,-1,1.25,1,-1
77,5,-1,1.25,1,-1.5
52,5,-1,1.25,1,-2
86,5,-1,1.25,2,-0.5
97,5,-1,1.25,2,-1
79,5,-1,1.25,2,-1.5
23,5,-1,1.25,2,-2
70,5,-1,1.25,3,-0.5
87,5,-1,1.25,3,-1
61,5,-1,1.25,3,-1.5
38,5,-1,1.25,3,-2
72,5,-1,1.25,4,-0.5
72,5,-1,1.25,4,-1
68,5,-1,1.25,4,-1.5
64,5,-1,1.25,4,-2
67,5,-1,1.25,5,-0.5
55,5,-1,1.25,5,-1
47,5,-1,1.25,5,-1.5
55,5,-1,1.25,5,-2
147,5,-1,1.75,1,-0.5
92,5,-1,1.75,1,-1
61,5,-1,1.75,1,-1.5
76,5,-1,1.75,1,-2
113,5,-1,1.75,2,-0.5
108,5,-1,1.75,2,-1
90,5,-1,1.75,2,-1.5
87,5,-1,1.75,2,-2
101,5,-1,1.75,3,-0.5
68,5,-1,1.75,3,-1
89,5,-1,1.75,3,-1.5
39,5,-1,1.75,3,-2
94,5,-1,1.75,4,-0.5
67,5,-1,1.75,4,-1
60,5,-1,1.75,4,-1.5
50,5,-1,1.75,4,-2
79,5,-1,1.75,5,-0.5
57,5,-1,1.75,5,-1
65,5,-1,1.75,5,-1.5
77,5,-1,1.75,5,-2
301,5,-2,0.25,1,-0.5
433,5,-2,0.25,1,-1
243,5,-2,0.25,1,-1.5
91,5,-2,0.25,1,-2
297,5,-2,0.25,2,-0.5
211,5,-2,0.25,2,-1
144,5,-2,0.25,2,-1.5
92,5,-2,0.25,2,-2
234,5,-2,0.25,3,-0.5
430,5,-2,0.25,3,-1
457,5,-2,0.25,3,-1.5
89,5,-2,0.25,3,-2
402,5,-2,0.25,4,-0.5
233,5,-2,0.25,4,-1
270,5,-2,0.25,4,-1.5
159,5,-2,0.25,4,-2
138,5,-2,0.25,5,-0.5
171,5,-2,0.25,5,-1
130,5,-2,0.25,5,-1.5
114,5,-2,0.25,5,-2
238,5,-2,0.75,1,-0.5
88,5,-2,0.75,1,-1
109,5,-2,0.75,1,-1.5
83,5,-2,0.75,1,-2
112,5,-2,0.75,2,-0.5
155,5,-2,0.75,2,-1
483,5,-2,0.75,2,-1.5
66,5,-2,0.75,2,-2
193,5,-2,0.75,3,-0.5
89,5,-2,0.75,3,-1
84,5,-2,0.75,3,-1.5
61,5,-2,0.75,3,-2
78,5,-2,0.75,4,-0.5
72,5,-2,0.75,4,-1
39,5,-2,0.75,4,-1.5
52,5,-2,0.75,4,-2
336,5,-2,0.75,5,-0.5
74,5,-2,0.75,5,-1
165,5,-2,0.75,5,-1.5
134,5,-2,0.75,5,-2
100,5,-2,1.25,1,-0.5
60,5,-2,1.25,1,-1
39,5,-2,1.25,1,-1.5
41,5,-2,1.25,1,-2
84,5,-2,1.25,2,-0.5
44,5,-2,1.25,2,-1
61,5,-2,1.25,2,-1.5
26,5,-2,1.25,2,-2
67,5,-2,1.25,3,-0.5
68,5,-2,1.25,3,-1
42,5,-2,1.25,3,-1.5
15,5,-2,1.25,3,-2
60,5,-2,1.25,4,-0.5
69,5,-2,1.25,4,-1
54,5,-2,1.25,4,-1.5
40,5,-2,1.25,4,-2
68,5,-2,1.25,5,-0.5
33,5,-2,1.25,5,-1
76,5,-2,1.25,5,-1.5
43,5,-2,1.25,5,-2
91,5,-2,1.75,1,-0.5
95,5,-2,1.75,1,-1
62,5,-2,1.75,1,-1.5
59,5,-2,1.75,1,-2
86,5,-2,1.75,2,-0.5
57,5,-2,1.75,2,-1
51,5,-2,1.75,2,-1.5
79,5,-2,1.75,2,-2
53,5,-2,1.75,3,-0.5
58,5,-2,1.75,3,-1
64,5,-2,1.75,3,-1.5
39,5,-2,1.75,3,-2
58,5,-2,1.75,4,-0.5
32,5,-2,1.75,4,-1
35,5,-2,1.75,4,-1.5
52,5,-2,1.75,4,-2
72,5,-2,1.75,5,-0.5
52,5,-2,1.75,5,-1
29,5,-2,1.75,5,-1.5
37,5,-2,1.75,5,-2
263,5,-3,0.25,1,-0.5
341,5,-3,0.25,1,-1
315,5,-3,0.25,1,-1.5
271,5,-3,0.25,1,-2
515,5,-3,0.25,2,-0.5
519,5,-3,0.25,2,-1
224,5,-3,0.25,2,-1.5
95,5,-3,0.25,2,-2
494,5,-3,0.25,3,-0.5
341,5,-3,0.25,3,-1
227,5,-3,0.25,3,-1.5
160,5,-3,0.25,3,-2
245,5,-3,0.25,4,-0.5
306,5,-3,0.25,4,-1
138,5,-3,0.25,4,-1.5
304,5,-3,0.25,4,-2
317,5,-3,0.25,5,-0.5
281,5,-3,0.25,5,-1
147,5,-3,0.25,5,-1.5
162,5,-3,0.25,5,-2
84,5,-3,0.75,1,-0.5
332,5,-3,0.75,1,-1
46,5,-3,0.75,1,-1.5
86,5,-3,0.75,1,-2
146,5,-3,0.75,2,-0.5
41,5,-3,0.75,2,-1
69,5,-3,0.75,2,-1.5
74,5,-3,0.75,2,-2
227,5,-3,0.75,3,-0.5
94,5,-3,0.75,3,-1
66,5,-3,0.75,3,-1.5
398,5,-3,0.75,3,-2
414,5,-3,0.75,4,-0.5
141,5,-3,0.75,4,-1
68,5,-3,0.75,4,-1.5
41,5,-3,0.75,4,-2
108,5,-3,0.75,5,-0.5
39,5,-3,0.75,5,-1
87,5,-3,0.75,5,-1.5
64,5,-3,0.75,5,-2
73,5,-3,1.25,1,-0.5
235,5,-3,1.25,1,-1
57,5,-3,1.25,1,-1.5
65,5,-3,1.25,1,-2
232,5,-3,1.25,2,-0.5
61,5,-3,1.25,2,-1
53,5,-3,1.25,2,-1.5
62,5,-3,1.25,2,-2
148,5,-3,1.25,3,-0.5
52,5,-3,1.25,3,-1
54,5,-3,1.25,3,-1.5
20,5,-3,1.25,3,-2
51,5,-3,1.25,4,-0.5
184,5,-3,1.25,4,-1
24,5,-3,1.25,4,-1.5
34,5,-3,1.25,4,-2
103,5,-3,1.25,5,-0.5
41,5,-3,1.25,5,-1
44,5,-3,1.25,5,-1.5
23,5,-3,1.25,5,-2
55,5,-3,1.75,1,-0.5
73,5,-3,1.75,1,-1
44,5,-3,1.75,1,-1.5
29,5,-3,1.75,1,-2
51,5,-3,1.75,2,-0.5
43,5,-3,1.75,2,-1
37,5,-3,1.75,2,-1.5
31,5,-3,1.75,2,-2
130,5,-3,1.75,3,-0.5
19,5,-3,1.75,3,-1
43,5,-3,1.75,3,-1.5
34,5,-3,1.75,3,-2
35,5,-3,1.75,4,-0.5
59,5,-3,1.75,4,-1
18,5,-3,1.75,4,-1.5
40,5,-3,1.75,4,-2
61,5,-3,1.75,5,-0.5
33,5,-3,1.75,5,-1
30,5,-3,1.75,5,-1.5
30,5,-3,1.75,5,-2
279,5,-4,0.25,1,-0.5
269,5,-4,0.25,1,-1
316,5,-4,0.25,1,-1.5
287,5,-4,0.25,1,-2
410,5,-4,0.25,2,-0.5
265,5,-4,0.25,2,-1
341,5,-4,0.25,2,-1.5
101,5,-4,0.25,2,-2
424,5,-4,0.25,3,-0.5
293,5,-4,0.25,3,-1
305,5,-4,0.25,3,-1.5
261,5,-4,0.25,3,-2
282,5,-4,0.25,4,-0.5
200,5,-4,0.25,4,-1
182,5,-4,0.25,4,-1.5
319,5,-4,0.25,4,-2
443,5,-4,0.25,5,-0.5
209,5,-4,0.25,5,-1
444,5,-4,0.25,5,-1.5
505,5,-4,0.25,5,-2
127,5,-4,0.75,1,-0.5
393,5,-4,0.75,1,-1
110,5,-4,0.75,1,-1.5
124,5,-4,0.75,1,-2
170,5,-4,0.75,2,-0.5
162,5,-4,0.75,2,-1
62,5,-4,0.75,2,-1.5
31,5,-4,0.75,2,-2
534,5,-4,0.75,3,-0.5
337,5,-4,0.75,3,-1
111,5,-4,0.75,3,-1.5
85,5,-4,0.75,3,-2
197,5,-4,0.75,4,-0.5
76,5,-4,0.75,4,-1
72,5,-4,0.75,4,-1.5
178,5,-4,0.75,4,-2
197,5,-4,0.75,5,-0.5
68,5,-4,0.75,5,-1
23,5,-4,0.75,5,-1.5
155,5,-4,0.75,5,-2
295,5,-4,1.25,1,-0.5
100,5,-4,1.25,1,-1
63,5,-4,1.25,1,-1.5
43,5,-4,1.25,1,-2
46,5,-4,1.25,2,-0.5
258,5,-4,1.25,2,-1
106,5,-4,1.25,2,-1.5
39,5,-4,1.25,2,-2
45,5,-4,1.25,3,-0.5
169,5,-4,1.25,3,-1
440,5,-4,1.25,3,-1.5
46,5,-4,1.25,3,-2
161,5,-4,1.25,4,-0.5
35,5,-4,1.25,4,-1
21,5,-4,1.25,4,-1.5
165,5,-4,1.25,4,-2
78,5,-4,1.25,5,-0.5
29,5,-4,1.25,5,-1
21,5,-4,1.25,5,-1.5
55,5,-4,1.25,5,-2
50,5,-4,1.75,1,-0.5
46,5,-4,1.75,1,-1
49,5,-4,1.75,1,-1.5
40,5,-4,1.75,1,-2
303,5,-4,1.75,2,-0.5
46,5,-4,1.75,2,-1
28,5,-4,1.75,2,-1.5
19,5,-4,1.75,2,-2
52,5,-4,1.75,3,-0.5
40,5,-4,1.75,3,-1
31,5,-4,1.75,3,-1.5
19,5,-4,1.75,3,-2
75,5,-4,1.75,4,-0.5
47,5,-4,1.75,4,-1
29,5,-4,1.75,4,-1.5
37,5,-4,1.75,4,-2
58,5,-4,1.75,5,-0.5
59,5,-4,1.75,5,-1
29,5,-4,1.75,5,-1.5
40,5,-4,1.75,5,-2
373,5,-5,0.25,1,-0.5
304,5,-5,0.25,1,-1
413,5,-5,0.25,1,-1.5
118,5,-5,0.25,1,-2
374,5,-5,0.25,2,-0.5
330,5,-5,0.25,2,-1
284,5,-5,0.25,2,-1.5
182,5,-5,0.25,2,-2
370,5,-5,0.25,3,-0.5
499,5,-5,0.25,3,-1
332,5,-5,0.25,3,-1.5
461,5,-5,0.25,3,-2
319,5,-5,0.25,4,-0.5
163,5,-5,0.25,4,-1
217,5,-5,0.25,4,-1.5
461,5,-5,0.25,4,-2
301,5,-5,0.25,5,-0.5
390,5,-5,0.25,5,-1
134,5,-5,0.25,5,-1.5
223,5,-5,0.25,5,-2
692,5,-5,0.75,1,-0.5
504,5,-5,0.75,1,-1
104,5,-5,0.75,1,-1.5
120,5,-5,0.75,1,-2
98,5,-5,0.75,2,-0.5
378,5,-5,0.75,2,-1
181,5,-5,0.75,2,-1.5
103,5,-5,0.75,2,-2
373,5,-5,0.75,3,-0.5
140,5,-5,0.75,3,-1
203,5,-5,0.75,3,-1.5
328,5,-5,0.75,3,-2
498,5,-5,0.75,4,-0.5
85,5,-5,0.75,4,-1
65,5,-5,0.75,4,-1.5
71,5,-5,0.75,4,-2
97,5,-5,0.75,5,-0.5
63,5,-5,0.75,5,-1
264,5,-5,0.75,5,-1.5
262,5,-5,0.75,5,-2
274,5,-5,1.25,1,-0.5
52,5,-5,1.25,1,-1
45,5,-5,1.25,1,-1.5
34,5,-5,1.25,1,-2
364,5,-5,1.25,2,-0.5
32,5,-5,1.25,2,-1
164,5,-5,1.25,2,-1.5
121,5,-5,1.25,2,-2
60,5,-5,1.25,3,-0.5
75,5,-5,1.25,3,-1
353,5,-5,1.25,3,-1.5
16,5,-5,1.25,3,-2
79,5,-5,1.25,4,-0.5
72,5,-5,1.25,4,-1
21,5,-5,1.25,4,-1.5
25,5,-5,1.25,4,-2
26,5,-5,1.25,5,-0.5
352,5,-5,1.25,5,-1
33,5,-5,1.25,5,-1.5
46,5,-5,1.25,5,-2
56,5,-5,1.75,1,-0.5
114,5,-5,1.75,1,-1
68,5,-5,1.75,1,-1.5
27,5,-5,1.75,1,-2
60,5,-5,1.75,2,-0.5
33,5,-5,1.75,2,-1
58,5,-5,1.75,2,-1.5
159,5,-5,1.75,2,-2
51,5,-5,1.75,3,-0.5
74,5,-5,1.75,3,-1
50,5,-5,1.75,3,-1.5
25,5,-5,1.75,3,-2
76,5,-5,1.75,4,-0.5
48,5,-5,1.75,4,-1
25,5,-5,1.75,4,-1.5
26,5,-5,1.75,4,-2
28,5,-5,1.75,5,-0.5
120,5,-5,1.75,5,-1
22,5,-5,1.75,5,-1.5
15,5,-5,1.75,5,-2
