44,1,-1,0.25,1,-0.5
29,1,-1,0.25,1,-1
42,1,-1,0.25,1,-1.5
24,1,-1,0.25,1,-2
77,1,-1,0.25,2,-0.5
34,1,-1,0.25,2,-1
84,1,-1,0.25,2,-1.5
19,1,-1,0.25,2,-2
75,1,-1,0.25,3,-0.5
40,1,-1,0.25,3,-1
51,1,-1,0.25,3,-1.5
32,1,-1,0.25,3,-2
40,1,-1,0.25,4,-0.5
71,1,-1,0.25,4,-1
47,1,-1,0.25,4,-1.5
40,1,-1,0.25,4,-2
215,1,-1,0.25,5,-0.5
47,1,-1,0.25,5,-1
40,1,-1,0.25,5,-1.5
47,1,-1,0.25,5,-2
48,1,-1,0.75,1,-0.5
33,1,-1,0.75,1,-1
35,1,-1,0.75,1,-1.5
47,1,-1,0.75,1,-2
38,1,-1,0.75,2,-0.5
37,1,-1,0.75,2,-1
46,1,-1,0.75,2,-1.5
58,1,-1,0.75,2,-2
49,1,-1,0.75,3,-0.5
23,1,-1,0.75,3,-1
39,1,-1,0.75,3,-1.5
53,1,-1,0.75,3,-2
38,1,-1,0.75,4,-0.5
38,1,-1,0.75,4,-1
39,1,-1,0.75,4,-1.5
30,1,-1,0.75,4,-2
73,1,-1,0.75,5,-0.5
57,1,-1,0.75,5,-1
28,1,-1,0.75,5,-1.5
43,1,-1,0.75,5,-2
114,1,-1,1.25,1,-0.5
68,1,-1,1.25,1,-1
59,1,-1,1.25,1,-1.5
66,1,-1,1.25,1,-2
92,1,-1,1.25,2,-0.5
58,1,-1,1.25,2,-1
89,1,-1,1.25,2,-1.5
76,1,-1,1.25,2,-2
87,1,-1,1.25,3,-0.5
74,1,-1,1.25,3,-1
97,1,-1,1.25,3,-1.5
91,1,-1,1.25,3,-2
81,1,-1,1.25,4,-0.5
96,1,-1,1.25,4,-1
59,1,-1,1.25,4,-1.5
62,1,-1,1.25,4,-2
119,1,-1,1.25,5,-0.5
68,1,-1,1.25,5,-1
68,1,-1,1.25,5,-1.5
82,1,-1,1.25,5,-2
151,1,-1,1.75,1,-0.5
106,1,-1,1.75,1,-1
109,1,-1,1.75,1,-1.5
95,1,-1,1.75,1,-2
105,1,-1,1.75,2,-0.5
122,1,-1,1.75,2,-1
96,1,-1,1.75,2,-1.5
133,1,-1,1.75,2,-2
131,1,-1,1.75,3,-0.5
129,1,-1,1.75,3,-1
86,1,-1,1.75,3,-1.5
88,1,-1,1.75,3,-2
124,1,-1,1.75,4,-0.5
92,1,-1,1.75,4,-1
105,1,-1,1.75,4,-1.5
104,1,-1,1.75,4,-2
159,1,-1,1.75,5,-0.5
126,1,-1,1.75,5,-1
81,1,-1,1.75,5,-1.5
113,1,-1,1.75,5,-2
123,1,-2,0.25,1,-0.5
71,1,-2,0.25,1,-1
229,1,-2,0.25,1,-1.5
136,1,-2,0.25,1,-2
80,1,-2,0.25,2,-0.5
59,1,-2,0.25,2,-1
28,1,-2,0.25,2,-1.5
26,1,-2,0.25,2,-2
280,1,-2,0.25,3,-0.5
89,1,-2,0.25,3,-1
20,1,-2,0.25,3,-1.5
25,1,-2,0.25,3,-2
49,1,-2,0.25,4,-0.5
151,1,-2,0.25,4,-1
99,1,-2,0.25,4,-1.5
42,1,-2,0.25,4,-2
36,1,-2,0.25,5,-0.5
222,1,-2,0.25,5,-1
36,1,-2,0.25,5,-1.5
69,1,-2,0.25,5,-2
36,1,-2,0.75,1,-0.5
66,1,-2,0.75,1,-1
44,1,-2,0.75,1,-1.5
57,1,-2,0.75,1,-2
20,1,-2,0.75,2,-0.5
31,1,-2,0.75,2,-1
16,1,-2,0.75,2,-1.5
28,1,-2,0.75,2,-2
52,1,-2,0.75,3,-0.5
45,1,-2,0.75,3,-1
16,1,-2,0.75,3,-1.5
53,1,-2,0.75,3,-2
43,1,-2,0.75,4,-0.5
43,1,-2,0.75,4,-1
19,1,-2,0.75,4,-1.5
25,1,-2,0.75,4,-2
21,1,-2,0.75,5,-0.5
42,1,-2,0.75,5,-1
57,1,-2,0.75,5,-1.5
29,1,-2,0.75,5,-2
47,1,-2,1.25,1,-0.5
52,1,-2,1.25,1,-1
33,1,-2,1.25,1,-1.5
28,1,-2,1.25,1,-2
63,1,-2,1.25,2,-0.5
62,1,-2,1.25,2,-1
15,1,-2,1.25,2,-1.5
37,1,-2,1.25,2,-2
53,1,-2,1.25,3,-0.5
43,1,-2,1.25,3,-1
107,1,-2,1.25,3,-1.5
36,1,-2,1.25,3,-2
46,1,-2,1.25,4,-0.5
24,1,-2,1.25,4,-1
47,1,-2,1.25,4,-1.5
44,1,-2,1.25,4,-2
64,1,-2,1.25,5,-0.5
54,1,-2,1.25,5,-1
52,1,-2,1.25,5,-1.5
38,1,-2,1.25,5,-2
117,1,-2,1.75,1,-0.5
90,1,-2,1.75,1,-1
59,1,-2,1.75,1,-1.5
69,1,-2,1.75,1,-2
89,1,-2,1.75,2,-0.5
79,1,-2,1.75,2,-1
62,1,-2,1.75,2,-1.5
52,1,-2,1.75,2,-2
91,1,-2,1.75,3,-0.5
109,1,-2,1.75,3,-1
86,1,-2,1.75,3,-1.5
54,1,-2,1.75,3,-2
76,1,-2,1.75,4,-0.5
83,1,-2,1.75,4,-1
53,1,-2,1.75,4,-1.5
43,1,-2,1.75,4,-2
102,1,-2,1.75,5,-0.5
68,1,-2,1.75,5,-1
48,1,-2,1.75,5,-1.5
75,1,-2,1.75,5,-2
252,1,-3,0.25,1,-0.5
25,1,-3,0.25,1,-1
86,1,-3,0.25,1,-1.5
40,1,-3,0.25,1,-2
162,1,-3,0.25,2,-0.5
33,1,-3,0.25,2,-1
211,1,-3,0.25,2,-1.5
185,1,-3,0.25,2,-2
186,1,-3,0.25,3,-0.5
347,1,-3,0.25,3,-1
85,1,-3,0.25,3,-1.5
30,1,-3,0.25,3,-2
82,1,-3,0.25,4,-0.5
57,1,-3,0.25,4,-1
185,1,-3,0.25,4,-1.5
33,1,-3,0.25,4,-2
70,1,-3,0.25,5,-0.5
54,1,-3,0.25,5,-1
16,1,-3,0.25,5,-1.5
45,1,-3,0.25,5,-2
147,1,-3,0.75,1,-0.5
79,1,-3,0.75,1,-1
102,1,-3,0.75,1,-1.5
96,1,-3,0.75,1,-2
51,1,-3,0.75,2,-0.5
52,1,-3,0.75,2,-1
15,1,-3,0.75,2,-1.5
61,1,-3,0.75,2,-2
22,1,-3,0.75,3,-0.5
19,1,-3,0.75,3,-1
65,1,-3,0.75,3,-1.5
50,1,-3,0.75,3,-2
30,1,-3,0.75,4,-0.5
31,1,-3,0.75,4,-1
12,1,-3,0.75,4,-1.5
37,1,-3,0.75,4,-2
35,1,-3,0.75,5,-0.5
109,1,-3,0.75,5,-1
64,1,-3,0.75,5,-1.5
32,1,-3,0.75,5,-2
35,1,-3,1.25,1,-0.5
22,1,-3,1.25,1,-1
66,1,-3,1.25,1,-1.5
24,1,-3,1.25,1,-2
46,1,-3,1.25,2,-0.5
40,1,-3,1.25,2,-1
25,1,-3,1.25,2,-1.5
26,1,-3,1.25,2,-2
30,1,-3,1.25,3,-0.5
29,1,-3,1.25,3,-1
27,1,-3,1.25,3,-1.5
25,1,-3,1.25,3,-2
58,1,-3,1.25,4,-0.5
17,1,-3,1.25,4,-1
37,1,-3,1.25,4,-1.5
20,1,-3,1.25,4,-2
48,1,-3,1.25,5,-0.5
30,1,-3,1.25,5,-1
20,1,-3,1.25,5,-1.5
62,1,-3,1.25,5,-2
84,1,-3,1.75,1,-0.5
56,1,-3,1.75,1,-1
53,1,-3,1.75,1,-1.5
53,1,-3,1.75,1,-2
82,1,-3,1.75,2,-0.5
48,1,-3,1.75,2,-1
48,1,-3,1.75,2,-1.5
40,1,-3,1.75,2,-2
81,1,-3,1.75,3,-0.5
56,1,-3,1.75,3,-1
25,1,-3,1.75,3,-1.5
46,1,-3,1.75,3,-2
54,1,-3,1.75,4,-0.5
48,1,-3,1.75,4,-1
37,1,-3,1.75,4,-1.5
44,1,-3,1.75,4,-2
64,1,-3,1.75,5,-0.5
54,1,-3,1.75,5,-1
64,1,-3,1.75,5,-1.5
15,1,-3,1.75,5,-2
450,1,-4,0.25,1,-0.5
281,1,-4,0.25,1,-1
212,1,-4,0.25,1,-1.5
57,1,-4,0.25,1,-2
357,1,-4,0.25,2,-0.5
98,1,-4,0.25,2,-1
170,1,-4,0.25,2,-1.5
50,1,-4,0.25,2,-2
397,1,-4,0.25,3,-0.5
180,1,-4,0.25,3,-1
258,1,-4,0.25,3,-1.5
56,1,-4,0.25,3,-2
167,1,-4,0.25,4,-0.5
215,1,-4,0.25,4,-1
184,1,-4,0.25,4,-1.5
169,1,-4,0.25,4,-2
311,1,-4,0.25,5,-0.5
187,1,-4,0.25,5,-1
298,1,-4,0.25,5,-1.5
44,1,-4,0.25,5,-2
133,1,-4,0.75,1,-0.5
55,1,-4,0.75,1,-1
62,1,-4,0.75,1,-1.5
45,1,-4,0.75,1,-2
215,1,-4,0.75,2,-0.5
45,1,-4,0.75,2,-1
37,1,-4,0.75,2,-1.5
77,1,-4,0.75,2,-2
34,1,-4,0.75,3,-0.5
69,1,-4,0.75,3,-1
142,1,-4,0.75,3,-1.5
323,1,-4,0.75,3,-2
47,1,-4,0.75,4,-0.5
37,1,-4,0.75,4,-1
49,1,-4,0.75,4,-1.5
231,1,-4,0.75,4,-2
71,1,-4,0.75,5,-0.5
74,1,-4,0.75,5,-1
94,1,-4,0.75,5,-1.5
36,1,-4,0.75,5,-2
73,1,-4,1.25,1,-0.5
32,1,-4,1.25,1,-1
13,1,-4,1.25,1,-1.5
24,1,-4,1.25,1,-2
27,1,-4,1.25,2,-0.5
74,1,-4,1.25,2,-1
35,1,-4,1.25,2,-1.5
25,1,-4,1.25,2,-2
18,1,-4,1.25,3,-0.5
20,1,-4,1.25,3,-1
30,1,-4,1.25,3,-1.5
37,1,-4,1.25,3,-2
33,1,-4,1.25,4,-0.5
20,1,-4,1.25,4,-1
45,1,-4,1.25,4,-1.5
302,1,-4,1.25,4,-2
22,1,-4,1.25,5,-0.5
34,1,-4,1.25,5,-1
18,1,-4,1.25,5,-1.5
22,1,-4,1.25,5,-2
54,1,-4,1.75,1,-0.5
53,1,-4,1.75,1,-1
55,1,-4,1.75,1,-1.5
59,1,-4,1.75,1,-2
41,1,-4,1.75,2,-0.5
39,1,-4,1.75,2,-1
27,1,-4,1.75,2,-1.5
47,1,-4,1.75,2,-2
63,1,-4,1.75,3,-0.5
43,1,-4,1.75,3,-1
32,1,-4,1.75,3,-1.5
25,1,-4,1.75,3,-2
59,1,-4,1.75,4,-0.5
40,1,-4,1.75,4,-1
17,1,-4,1.75,4,-1.5
38,1,-4,1.75,4,-2
34,1,-4,1.75,5,-0.5
40,1,-4,1.75,5,-1
32,1,-4,1.75,5,-1.5
49,1,-4,1.75,5,-2
306,1,-5,0.25,1,-0.5
361,1,-5,0.25,1,-1
296,1,-5,0.25,1,-1.5
273,1,-5,0.25,1,-2
121,1,-5,0.25,2,-0.5
272,1,-5,0.25,2,-1
295,1,-5,0.25,2,-1.5
126,1,-5,0.25,2,-2
289,1,-5,0.25,3,-0.5
192,1,-5,0.25,3,-1
279,1,-5,0.25,3,-1.5
405,1,-5,0.25,3,-2
304,1,-5,0.25,4,-0.5
139,1,-5,0.25,4,-1
182,1,-5,0.25,4,-1.5
47,1,-5,0.25,4,-2
269,1,-5,0.25,5,-0.5
86,1,-5,0.25,5,-1
159,1,-5,0.25,5,-1.5
236,1,-5,0.25,5,-2
41,1,-5,0.75,1,-0.5
212,1,-5,0.75,1,-1
75,1,-5,0.75,1,-1.5
137,1,-5,0.75,1,-2
366,1,-5,0.75,2,-0.5
117,1,-5,0.75,2,-1
267,1,-5,0.75,2,-1.5
66,1,-5,0.75,2,-2
199,1,-5,0.75,3,-0.5
62,1,-5,0.75,3,-1
269,1,-5,0.75,3,-1.5
26,1,-5,0.75,3,-2
117,1,-5,0.75,4,-0.5
16,1,-5,0.75,4,-1
61,1,-5,0.75,4,-1.5
13,1,-5,0.75,4,-2
443,1,-5,0.75,5,-0.5
37,1,-5,0.75,5,-1
114,1,-5,0.75,5,-1.5
15,1,-5,0.75,5,-2
62,1,-5,1.25,1,-0.5
63,1,-5,1.25,1,-1
68,1,-5,1.25,1,-1.5
256,1,-5,1.25,1,-2
43,1,-5,1.25,2,-0.5
173,1,-5,1.25,2,-1
35,1,-5,1.25,2,-1.5
107,1,-5,1.25,2,-2
43,1,-5,1.25,3,-0.5
43,1,-5,1.25,3,-1
43,1,-5,1.25,3,-1.5
37,1,-5,1.25,3,-2
267,1,-5,1.25,4,-0.5
36,1,-5,1.25,4,-1
48,1,-5,1.25,4,-1.5
38,1,-5,1.25,4,-2
44,1,-5,1.25,5,-0.5
37,1,-5,1.25,5,-1
43,1,-5,1.25,5,-1.5
24,1,-5,1.25,5,-2
192,1,-5,1.75,1,-0.5
54,1,-5,1.75,1,-1
44,1,-5,1.75,1,-1.5
33,1,-5,1.75,1,-2
49,1,-5,1.75,2,-0.5
35,1,-5,1.75,2,-1
28,1,-5,1.75,2,-1.5
35,1,-5,1.75,2,-2
35,1,-5,1.75,3,-0.5
37,1,-5,1.75,3,-1
50,1,-5,1.75,3,-1.5
23,1,-5,1.75,3,-2
60,1,-5,1.75,4,-0.5
25,1,-5,1.75,4,-1
71,1,-5,1.75,4,-1.5
39,1,-5,1.75,4,-2
35,1,-5,1.75,5,-0.5
21,1,-5,1.75,5,-1
65,1,-5,1.75,5,-1.5
21,1,-5,1.75,5,-2
130,2,-1,0.25,1,-0.5
48,2,-1,0.25,1,-1
37,2,-1,0.25,1,-1.5
46,2,-1,0.25,1,-2
57,2,-1,0.25,2,-0.5
140,2,-1,0.25,2,-1
17,2,-1,0.25,2,-1.5
33,2,-1,0.25,2,-2
181,2,-1,0.25,3,-0.5
96,2,-1,0.25,3,-1
34,2,-1,0.25,3,-1.5
38,2,-1,0.25,3,-2
64,2,-1,0.25,4,-0.5
66,2,-1,0.25,4,-1
53,2,-1,0.25,4,-1.5
28,2,-1,0.25,4,-2
38,2,-1,0.25,5,-0.5
52,2,-1,0.25,5,-1
69,2,-1,0.25,5,-1.5
52,2,-1,0.25,5,-2
52,2,-1,0.75,1,-0.5
43,2,-1,0.75,1,-1
14,2,-1,0.75,1,-1.5
23,2,-1,0.75,1,-2
33,2,-1,0.75,2,-0.5
39,2,-1,0.75,2,-1
20,2,-1,0.75,2,-1.5
27,2,-1,0.75,2,-2
49,2,-1,0.75,3,-0.5
51,2,-1,0.75,3,-1
35,2,-1,0.75,3,-1.5
26,2,-1,0.75,3,-2
71,2,-1,0.75,4,-0.5
35,2,-1,0.75,4,-1
48,2,-1,0.75,4,-1.5
26,2,-1,0.75,4,-2
57,2,-1,0.75,5,-0.5
56,2,-1,0.75,5,-1
48,2,-1,0.75,5,-1.5
31,2,-1,0.75,5,-2
69,2,-1,1.25,1,-0.5
33,2,-1,1.25,1,-1
68,2,-1,1.25,1,-1.5
58,2,-1,1.25,1,-2
88,2,-1,1.25,2,-0.5
42,2,-1,1.25,2,-1
30,2,-1,1.25,2,-1.5
21,2,-1,1.25,2,-2
76,2,-1,1.25,3,-0.5
41,2,-1,1.25,3,-1
51,2,-1,1.25,3,-1.5
52,2,-1,1.25,3,-2
48,2,-1,1.25,4,-0.5
48,2,-1,1.25,4,-1
65,2,-1,1.25,4,-1.5
60,2,-1,1.25,4,-2
70,2,-1,1.25,5,-0.5
69,2,-1,1.25,5,-1
58,2,-1,1.25,5,-1.5
51,2,-1,1.25,5,-2
155,2,-1,1.75,1,-0.5
108,2,-1,1.75,1,-1
83,2,-1,1.75,1,-1.5
85,2,-1,1.75,1,-2
87,2,-1,1.75,2,-0.5
95,2,-1,1.75,2,-1
95,2,-1,1.75,2,-1.5
83,2,-1,1.75,2,-2
118,2,-1,1.75,3,-0.5
89,2,-1,1.75,3,-1
68,2,-1,1.75,3,-1.5
49,2,-1,1.75,3,-2
129,2,-1,1.75,4,-0.5
107,2,-1,1.75,4,-1
58,2,-1,1.75,4,-1.5
64,2,-1,1.75,4,-2
115,2,-1,1.75,5,-0.5
96,2,-1,1.75,5,-1
87,2,-1,1.75,5,-1.5
58,2,-1,1.75,5,-2
60,2,-2,0.25,1,-0.5
218,2,-2,0.25,1,-1
34,2,-2,0.25,1,-1.5
338,2,-2,0.25,1,-2
298,2,-2,0.25,2,-0.5
128,2,-2,0.25,2,-1
32,2,-2,0.25,2,-1.5
13,2,-2,0.25,2,-2
60,2,-2,0.25,3,-0.5
53,2,-2,0.25,3,-1
45,2,-2,0.25,3,-1.5
29,2,-2,0.25,3,-2
36,2,-2,0.25,4,-0.5
205,2,-2,0.25,4,-1
268,2,-2,0.25,4,-1.5
292,2,-2,0.25,4,-2
110,2,-2,0.25,5,-0.5
301,2,-2,0.25,5,-1
149,2,-2,0.25,5,-1.5
47,2,-2,0.25,5,-2
45,2,-2,0.75,1,-0.5
31,2,-2,0.75,1,-1
48,2,-2,0.75,1,-1.5
90,2,-2,0.75,1,-2
17,2,-2,0.75,2,-0.5
44,2,-2,0.75,2,-1
32,2,-2,0.75,2,-1.5
21,2,-2,0.75,2,-2
52,2,-2,0.75,3,-0.5
16,2,-2,0.75,3,-1
18,2,-2,0.75,3,-1.5
34,2,-2,0.75,3,-2
54,2,-2,0.75,4,-0.5
29,2,-2,0.75,4,-1
20,2,-2,0.75,4,-1.5
44,2,-2,0.75,4,-2
19,2,-2,0.75,5,-0.5
29,2,-2,0.75,5,-1
38,2,-2,0.75,5,-1.5
21,2,-2,0.75,5,-2
51,2,-2,1.25,1,-0.5
36,2,-2,1.25,1,-1
28,2,-2,1.25,1,-1.5
22,2,-2,1.25,1,-2
56,2,-2,1.25,2,-0.5
56,2,-2,1.25,2,-1
27,2,-2,1.25,2,-1.5
56,2,-2,1.25,2,-2
53,2,-2,1.25,3,-0.5
30,2,-2,1.25,3,-1
27,2,-2,1.25,3,-1.5
34,2,-2,1.25,3,-2
67,2,-2,1.25,4,-0.5
24,2,-2,1.25,4,-1
17,2,-2,1.25,4,-1.5
20,2,-2,1.25,4,-2
41,2,-2,1.25,5,-0.5
16,2,-2,1.25,5,-1
33,2,-2,1.25,5,-1.5
21,2,-2,1.25,5,-2
74,2,-2,1.75,1,-0.5
41,2,-2,1.75,1,-1
56,2,-2,1.75,1,-1.5
31,2,-2,1.75,1,-2
72,2,-2,1.75,2,-0.5
41,2,-2,1.75,2,-1
61,2,-2,1.75,2,-1.5
26,2,-2,1.75,2,-2
76,2,-2,1.75,3,-0.5
71,2,-2,1.75,3,-1
33,2,-2,1.75,3,-1.5
29,2,-2,1.75,3,-2
55,2,-2,1.75,4,-0.5
71,2,-2,1.75,4,-1
38,2,-2,1.75,4,-1.5
37,2,-2,1.75,4,-2
73,2,-2,1.75,5,-0.5
39,2,-2,1.75,5,-1
51,2,-2,1.75,5,-1.5
45,2,-2,1.75,5,-2
318,2,-3,0.25,1,-0.5
230,2,-3,0.25,1,-1
215,2,-3,0.25,1,-1.5
51,2,-3,0.25,1,-2
220,2,-3,0.25,2,-0.5
192,2,-3,0.25,2,-1
38,2,-3,0.25,2,-1.5
93,2,-3,0.25,2,-2
156,2,-3,0.25,3,-0.5
236,2,-3,0.25,3,-1
181,2,-3,0.25,3,-1.5
51,2,-3,0.25,3,-2
228,2,-3,0.25,4,-0.5
60,2,-3,0.25,4,-1
325,2,-3,0.25,4,-1.5
150,2,-3,0.25,4,-2
256,2,-3,0.25,5,-0.5
166,2,-3,0.25,5,-1
100,2,-3,0.25,5,-1.5
319,2,-3,0.25,5,-2
24,2,-3,0.75,1,-0.5
78,2,-3,0.75,1,-1
56,2,-3,0.75,1,-1.5
38,2,-3,0.75,1,-2
111,2,-3,0.75,2,-0.5
25,2,-3,0.75,2,-1
36,2,-3,0.75,2,-1.5
15,2,-3,0.75,2,-2
51,2,-3,0.75,3,-0.5
12,2,-3,0.75,3,-1
23,2,-3,0.75,3,-1.5
30,2,-3,0.75,3,-2
194,2,-3,0.75,4,-0.5
17,2,-3,0.75,4,-1
32,2,-3,0.75,4,-1.5
30,2,-3,0.75,4,-2
263,2,-3,0.75,5,-0.5
42,2,-3,0.75,5,-1
59,2,-3,0.75,5,-1.5
21,2,-3,0.75,5,-2
50,2,-3,1.25,1,-0.5
16,2,-3,1.25,1,-1
91,2,-3,1.25,1,-1.5
20,2,-3,1.25,1,-2
54,2,-3,1.25,2,-0.5
100,2,-3,1.25,2,-1
24,2,-3,1.25,2,-1.5
33,2,-3,1.25,2,-2
36,2,-3,1.25,3,-0.5
55,2,-3,1.25,3,-1
28,2,-3,1.25,3,-1.5
17,2,-3,1.25,3,-2
35,2,-3,1.25,4,-0.5
36,2,-3,1.25,4,-1
82,2,-3,1.25,4,-1.5
38,2,-3,1.25,4,-2
43,2,-3,1.25,5,-0.5
25,2,-3,1.25,5,-1
26,2,-3,1.25,5,-1.5
30,2,-3,1.25,5,-2
70,2,-3,1.75,1,-0.5
50,2,-3,1.75,1,-1
43,2,-3,1.75,1,-1.5
34,2,-3,1.75,1,-2
50,2,-3,1.75,2,-0.5
49,2,-3,1.75,2,-1
41,2,-3,1.75,2,-1.5
39,2,-3,1.75,2,-2
37,2,-3,1.75,3,-0.5
37,2,-3,1.75,3,-1
36,2,-3,1.75,3,-1.5
27,2,-3,1.75,3,-2
46,2,-3,1.75,4,-0.5
26,2,-3,1.75,4,-1
46,2,-3,1.75,4,-1.5
22,2,-3,1.75,4,-2
56,2,-3,1.75,5,-0.5
61,2,-3,1.75,5,-1
34,2,-3,1.75,5,-1.5
25,2,-3,1.75,5,-2
136,2,-4,0.25,1,-0.5
290,2,-4,0.25,1,-1
70,2,-4,0.25,1,-1.5
222,2,-4,0.25,1,-2
368,2,-4,0.25,2,-0.5
264,2,-4,0.25,2,-1
227,2,-4,0.25,2,-1.5
111,2,-4,0.25,2,-2
363,2,-4,0.25,3,-0.5
206,2,-4,0.25,3,-1
90,2,-4,0.25,3,-1.5
58,2,-4,0.25,3,-2
285,2,-4,0.25,4,-0.5
31,2,-4,0.25,4,-1
128,2,-4,0.25,4,-1.5
45,2,-4,0.25,4,-2
211,2,-4,0.25,5,-0.5
225,2,-4,0.25,5,-1
37,2,-4,0.25,5,-1.5
135,2,-4,0.25,5,-2
79,2,-4,0.75,1,-0.5
199,2,-4,0.75,1,-1
18,2,-4,0.75,1,-1.5
79,2,-4,0.75,1,-2
204,2,-4,0.75,2,-0.5
19,2,-4,0.75,2,-1
104,2,-4,0.75,2,-1.5
19,2,-4,0.75,2,-2
52,2,-4,0.75,3,-0.5
217,2,-4,0.75,3,-1
256,2,-4,0.75,3,-1.5
60,2,-4,0.75,3,-2
245,2,-4,0.75,4,-0.5
92,2,-4,0.75,4,-1
90,2,-4,0.75,4,-1.5
52,2,-4,0.75,4,-2
178,2,-4,0.75,5,-0.5
56,2,-4,0.75,5,-1
85,2,-4,0.75,5,-1.5
26,2,-4,0.75,5,-2
30,2,-4,1.25,1,-0.5
41,2,-4,1.25,1,-1
40,2,-4,1.25,1,-1.5
19,2,-4,1.25,1,-2
42,2,-4,1.25,2,-0.5
34,2,-4,1.25,2,-1
28,2,-4,1.25,2,-1.5
72,2,-4,1.25,2,-2
196,2,-4,1.25,3,-0.5
55,2,-4,1.25,3,-1
27,2,-4,1.25,3,-1.5
17,2,-4,1.25,3,-2
64,2,-4,1.25,4,-0.5
36,2,-4,1.25,4,-1
210,2,-4,1.25,4,-1.5
50,2,-4,1.25,4,-2
33,2,-4,1.25,5,-0.5
67,2,-4,1.25,5,-1
15,2,-4,1.25,5,-1.5
13,2,-4,1.25,5,-2
43,2,-4,1.75,1,-0.5
34,2,-4,1.75,1,-1
35,2,-4,1.75,1,-1.5
30,2,-4,1.75,1,-2
67,2,-4,1.75,2,-0.5
50,2,-4,1.75,2,-1
36,2,-4,1.75,2,-1.5
18,2,-4,1.75,2,-2
52,2,-4,1.75,3,-0.5
24,2,-4,1.75,3,-1
24,2,-4,1.75,3,-1.5
25,2,-4,1.75,3,-2
42,2,-4,1.75,4,-0.5
49,2,-4,1.75,4,-1
22,2,-4,1.75,4,-1.5
32,2,-4,1.75,4,-2
100,2,-4,1.75,5,-0.5
36,2,-4,1.75,5,-1
35,2,-4,1.75,5,-1.5
50,2,-4,1.75,5,-2
233,2,-5,0.25,1,-0.5
141,2,-5,0.25,1,-1
280,2,-5,0.25,1,-1.5
155,2,-5,0.25,1,-2
318,2,-5,0.25,2,-0.5
284,2,-5,0.25,2,-1
260,2,-5,0.25,2,-1.5
94,2,-5,0.25,2,-2
335,2,-5,0.25,3,-0.5
152,2,-5,0.25,3,-1
62,2,-5,0.25,3,-1.5
16,2,-5,0.25,3,-2
284,2,-5,0.25,4,-0.5
216,2,-5,0.25,4,-1
239,2,-5,0.25,4,-1.5
317,2,-5,0.25,4,-2
108,2,-5,0.25,5,-0.5
33,2,-5,0.25,5,-1
346,2,-5,0.25,5,-1.5
228,2,-5,0.25,5,-2
360,2,-5,0.75,1,-0.5
68,2,-5,0.75,1,-1
26,2,-5,0.75,1,-1.5
35,2,-5,0.75,1,-2
544,2,-5,0.75,2,-0.5
234,2,-5,0.75,2,-1
75,2,-5,0.75,2,-1.5
36,2,-5,0.75,2,-2
71,2,-5,0.75,3,-0.5
34,2,-5,0.75,3,-1
67,2,-5,0.75,3,-1.5
76,2,-5,0.75,3,-2
305,2,-5,0.75,4,-0.5
22,2,-5,0.75,4,-1
34,2,-5,0.75,4,-1.5
212,2,-5,0.75,4,-2
44,2,-5,0.75,5,-0.5
102,2,-5,0.75,5,-1
42,2,-5,0.75,5,-1.5
95,2,-5,0.75,5,-2
320,2,-5,1.25,1,-0.5
296,2,-5,1.25,1,-1
48,2,-5,1.25,1,-1.5
138,2,-5,1.25,1,-2
46,2,-5,1.25,2,-0.5
61,2,-5,1.25,2,-1
107,2,-5,1.25,2,-1.5
87,2,-5,1.25,2,-2
66,2,-5,1.25,3,-0.5
44,2,-5,1.25,3,-1
78,2,-5,1.25,3,-1.5
45,2,-5,1.25,3,-2
35,2,-5,1.25,4,-0.5
33,2,-5,1.25,4,-1
42,2,-5,1.25,4,-1.5
23,2,-5,1.25,4,-2
22,2,-5,1.25,5,-0.5
43,2,-5,1.25,5,-1
89,2,-5,1.25,5,-1.5
14,2,-5,1.25,5,-2
69,2,-5,1.75,1,-0.5
39,2,-5,1.75,1,-1
45,2,-5,1.75,1,-1.5
28,2,-5,1.75,1,-2
62,2,-5,1.75,2,-0.5
36,2,-5,1.75,2,-1
34,2,-5,1.75,2,-1.5
30,2,-5,1.75,2,-2
51,2,-5,1.75,3,-0.5
16,2,-5,1.75,3,-1
45,2,-5,1.75,3,-1.5
20,2,-5,1.75,3,-2
449,2,-5,1.75,4,-0.5
174,2,-5,1.75,4,-1
36,2,-5,1.75,4,-1.5
24,2,-5,1.75,4,-2
27,2,-5,1.75,5,-0.5
23,2,-5,1.75,5,-1
15,2,-5,1.75,5,-1.5
38,2,-5,1.75,5,-2
148,3,-1,0.25,1,-0.5
315,3,-1,0.25,1,-1
89,3,-1,0.25,1,-1.5
41,3,-1,0.25,1,-2
221,3,-1,0.25,2,-0.5
105,3,-1,0.25,2,-1
100,3,-1,0.25,2,-1.5
77,3,-1,0.25,2,-2
389,3,-1,0.25,3,-0.5
64,3,-1,0.25,3,-1
90,3,-1,0.25,3,-1.5
89,3,-1,0.25,3,-2
72,3,-1,0.25,4,-0.5
128,3,-1,0.25,4,-1
83,3,-1,0.25,4,-1.5
51,3,-1,0.25,4,-2
109,3,-1,0.25,5,-0.5
62,3,-1,0.25,5,-1
72,3,-1,0.25,5,-1.5
39,3,-1,0.25,5,-2
108,3,-1,0.75,1,-0.5
63,3,-1,0.75,1,-1
52,3,-1,0.75,1,-1.5
67,3,-1,0.75,1,-2
67,3,-1,0.75,2,-0.5
42,3,-1,0.75,2,-1
49,3,-1,0.75,2,-1.5
40,3,-1,0.75,2,-2
73,3,-1,0.75,3,-0.5
45,3,-1,0.75,3,-1
19,3,-1,0.75,3,-1.5
35,3,-1,0.75,3,-2
62,3,-1,0.75,4,-0.5
37,3,-1,0.75,4,-1
63,3,-1,0.75,4,-1.5
46,3,-1,0.75,4,-2
70,3,-1,0.75,5,-0.5
53,3,-1,0.75,5,-1
36,3,-1,0.75,5,-1.5
25,3,-1,0.75,5,-2
76,3,-1,1.25,1,-0.5
72,3,-1,1.25,1,-1
68,3,-1,1.25,1,-1.5
48,3,-1,1.25,1,-2
60,3,-1,1.25,2,-0.5
28,3,-1,1.25,2,-1
57,3,-1,1.25,2,-1.5
49,3,-1,1.25,2,-2
66,3,-1,1.25,3,-0.5
48,3,-1,1.25,3,-1
57,3,-1,1.25,3,-1.5
50,3,-1,1.25,3,-2
50,3,-1,1.25,4,-0.5
29,3,-1,1.25,4,-1
64,3,-1,1.25,4,-1.5
39,3,-1,1.25,4,-2
62,3,-1,1.25,5,-0.5
31,3,-1,1.25,5,-1
26,3,-1,1.25,5,-1.5
47,3,-1,1.25,5,-2
133,3,-1,1.75,1,-0.5
99,3,-1,1.75,1,-1
64,3,-1,1.75,1,-1.5
41,3,-1,1.75,1,-2
123,3,-1,1.75,2,-0.5
92,3,-1,1.75,2,-1
62,3,-1,1.75,2,-1.5
75,3,-1,1.75,2,-2
86,3,-1,1.75,3,-0.5
69,3,-1,1.75,3,-1
81,3,-1,1.75,3,-1.5
71,3,-1,1.75,3,-2
91,3,-1,1.75,4,-0.5
74,3,-1,1.75,4,-1
64,3,-1,1.75,4,-1.5
50,3,-1,1.75,4,-2
136,3,-1,1.75,5,-0.5
88,3,-1,1.75,5,-1
62,3,-1,1.75,5,-1.5
66,3,-1,1.75,5,-2
243,3,-2,0.25,1,-0.5
121,3,-2,0.25,1,-1
189,3,-2,0.25,1,-1.5
90,3,-2,0.25,1,-2
196,3,-2,0.25,2,-0.5
214,3,-2,0.25,2,-1
503,3,-2,0.25,2,-1.5
51,3,-2,0.25,2,-2
41,3,-2,0.25,3,-0.5
291,3,-2,0.25,3,-1
137,3,-2,0.25,3,-1.5
148,3,-2,0.25,3,-2
167,3,-2,0.25,4,-0.5
334,3,-2,0.25,4,-1
34,3,-2,0.25,4,-1.5
119,3,-2,0.25,4,-2
321,3,-2,0.25,5,-0.5
298,3,-2,0.25,5,-1
73,3,-2,0.25,5,-1.5
96,3,-2,0.25,5,-2
23,3,-2,0.75,1,-0.5
172,3,-2,0.75,1,-1
51,3,-2,0.75,1,-1.5
74,3,-2,0.75,1,-2
129,3,-2,0.75,2,-0.5
106,3,-2,0.75,2,-1
21,3,-2,0.75,2,-1.5
57,3,-2,0.75,2,-2
31,3,-2,0.75,3,-0.5
29,3,-2,0.75,3,-1
35,3,-2,0.75,3,-1.5
29,3,-2,0.75,3,-2
51,3,-2,0.75,4,-0.5
43,3,-2,0.75,4,-1
48,3,-2,0.75,4,-1.5
56,3,-2,0.75,4,-2
16,3,-2,0.75,5,-0.5
206,3,-2,0.75,5,-1
53,3,-2,0.75,5,-1.5
31,3,-2,0.75,5,-2
58,3,-2,1.25,1,-0.5
51,3,-2,1.25,1,-1
24,3,-2,1.25,1,-1.5
21,3,-2,1.25,1,-2
42,3,-2,1.25,2,-0.5
32,3,-2,1.25,2,-1
38,3,-2,1.25,2,-1.5
35,3,-2,1.25,2,-2
62,3,-2,1.25,3,-0.5
27,3,-2,1.25,3,-1
41,3,-2,1.25,3,-1.5
23,3,-2,1.25,3,-2
23,3,-2,1.25,4,-0.5
19,3,-2,1.25,4,-1
39,3,-2,1.25,4,-1.5
24,3,-2,1.25,4,-2
35,3,-2,1.25,5,-0.5
17,3,-2,1.25,5,-1
30,3,-2,1.25,5,-1.5
46,3,-2,1.25,5,-2
88,3,-2,1.75,1,-0.5
40,3,-2,1.75,1,-1
37,3,-2,1.75,1,-1.5
44,3,-2,1.75,1,-2
69,3,-2,1.75,2,-0.5
49,3,-2,1.75,2,-1
41,3,-2,1.75,2,-1.5
67,3,-2,1.75,2,-2
38,3,-2,1.75,3,-0.5
29,3,-2,1.75,3,-1
40,3,-2,1.75,3,-1.5
31,3,-2,1.75,3,-2
51,3,-2,1.75,4,-0.5
40,3,-2,1.75,4,-1
62,3,-2,1.75,4,-1.5
20,3,-2,1.75,4,-2
59,3,-2,1.75,5,-0.5
38,3,-2,1.75,5,-1
19,3,-2,1.75,5,-1.5
31,3,-2,1.75,5,-2
318,3,-3,0.25,1,-0.5
270,3,-3,0.25,1,-1
123,3,-3,0.25,1,-1.5
407,3,-3,0.25,1,-2
127,3,-3,0.25,2,-0.5
142,3,-3,0.25,2,-1
286,3,-3,0.25,2,-1.5
58,3,-3,0.25,2,-2
359,3,-3,0.25,3,-0.5
226,3,-3,0.25,3,-1
76,3,-3,0.25,3,-1.5
65,3,-3,0.25,3,-2
279,3,-3,0.25,4,-0.5
237,3,-3,0.25,4,-1
192,3,-3,0.25,4,-1.5
145,3,-3,0.25,4,-2
228,3,-3,0.25,5,-0.5
214,3,-3,0.25,5,-1
58,3,-3,0.25,5,-1.5
221,3,-3,0.25,5,-2
100,3,-3,0.75,1,-0.5
43,3,-3,0.75,1,-1
74,3,-3,0.75,1,-1.5
63,3,-3,0.75,1,-2
231,3,-3,0.75,2,-0.5
29,3,-3,0.75,2,-1
26,3,-3,0.75,2,-1.5
31,3,-3,0.75,2,-2
77,3,-3,0.75,3,-0.5
43,3,-3,0.75,3,-1
44,3,-3,0.75,3,-1.5
17,3,-3,0.75,3,-2
101,3,-3,0.75,4,-0.5
60,3,-3,0.75,4,-1
99,3,-3,0.75,4,-1.5
44,3,-3,0.75,4,-2
59,3,-3,0.75,5,-0.5
55,3,-3,0.75,5,-1
33,3,-3,0.75,5,-1.5
18,3,-3,0.75,5,-2
55,3,-3,1.25,1,-0.5
38,3,-3,1.25,1,-1
50,3,-3,1.25,1,-1.5
30,3,-3,1.25,1,-2
53,3,-3,1.25,2,-0.5
46,3,-3,1.25,2,-1
211,3,-3,1.25,2,-1.5
27,3,-3,1.25,2,-2
29,3,-3,1.25,3,-0.5
30,3,-3,1.25,3,-1
21,3,-3,1.25,3,-1.5
105,3,-3,1.25,3,-2
34,3,-3,1.25,4,-0.5
15,3,-3,1.25,4,-1
23,3,-3,1.25,4,-1.5
30,3,-3,1.25,4,-2
27,3,-3,1.25,5,-0.5
29,3,-3,1.25,5,-1
31,3,-3,1.25,5,-1.5
27,3,-3,1.25,5,-2
48,3,-3,1.75,1,-0.5
77,3,-3,1.75,1,-1
29,3,-3,1.75,1,-1.5
53,3,-3,1.75,1,-2
40,3,-3,1.75,2,-0.5
50,3,-3,1.75,2,-1
29,3,-3,1.75,2,-1.5
24,3,-3,1.75,2,-2
40,3,-3,1.75,3,-0.5
33,3,-3,1.75,3,-1
17,3,-3,1.75,3,-1.5
29,3,-3,1.75,3,-2
45,3,-3,1.75,4,-0.5
22,3,-3,1.75,4,-1
38,3,-3,1.75,4,-1.5
36,3,-3,1.75,4,-2
235,3,-3,1.75,5,-0.5
20,3,-3,1.75,5,-1
15,3,-3,1.75,5,-1.5
24,3,-3,1.75,5,-2
285,3,-4,0.25,1,-0.5
408,3,-4,0.25,1,-1
275,3,-4,0.25,1,-1.5
175,3,-4,0.25,1,-2
291,3,-4,0.25,2,-0.5
266,3,-4,0.25,2,-1
302,3,-4,0.25,2,-1.5
185,3,-4,0.25,2,-2
347,3,-4,0.25,3,-0.5
288,3,-4,0.25,3,-1
160,3,-4,0.25,3,-1.5
52,3,-4,0.25,3,-2
168,3,-4,0.25,4,-0.5
67,3,-4,0.25,4,-1
134,3,-4,0.25,4,-1.5
272,3,-4,0.25,4,-2
298,3,-4,0.25,5,-0.5
253,3,-4,0.25,5,-1
135,3,-4,0.25,5,-1.5
108,3,-4,0.25,5,-2
34,3,-4,0.75,1,-0.5
98,3,-4,0.75,1,-1
231,3,-4,0.75,1,-1.5
23,3,-4,0.75,1,-2
372,3,-4,0.75,2,-0.5
308,3,-4,0.75,2,-1
62,3,-4,0.75,2,-1.5
65,3,-4,0.75,2,-2
394,3,-4,0.75,3,-0.5
172,3,-4,0.75,3,-1
73,3,-4,0.75,3,-1.5
27,3,-4,0.75,3,-2
278,3,-4,0.75,4,-0.5
32,3,-4,0.75,4,-1
23,3,-4,0.75,4,-1.5
63,3,-4,0.75,4,-2
305,3,-4,0.75,5,-0.5
296,3,-4,0.75,5,-1
385,3,-4,0.75,5,-1.5
242,3,-4,0.75,5,-2
32,3,-4,1.25,1,-0.5
86,3,-4,1.25,1,-1
31,3,-4,1.25,1,-1.5
44,3,-4,1.25,1,-2
86,3,-4,1.25,2,-0.5
51,3,-4,1.25,2,-1
30,3,-4,1.25,2,-1.5
60,3,-4,1.25,2,-2
36,3,-4,1.25,3,-0.5
38,3,-4,1.25,3,-1
162,3,-4,1.25,3,-1.5
71,3,-4,1.25,3,-2
38,3,-4,1.25,4,-0.5
29,3,-4,1.25,4,-1
47,3,-4,1.25,4,-1.5
87,3,-4,1.25,4,-2
39,3,-4,1.25,5,-0.5
281,3,-4,1.25,5,-1
198,3,-4,1.25,5,-1.5
71,3,-4,1.25,5,-2
52,3,-4,1.75,1,-0.5
239,3,-4,1.75,1,-1
50,3,-4,1.75,1,-1.5
30,3,-4,1.75,1,-2
20,3,-4,1.75,2,-0.5
52,3,-4,1.75,2,-1
33,3,-4,1.75,2,-1.5
17,3,-4,1.75,2,-2
15,3,-4,1.75,3,-0.5
44,3,-4,1.75,3,-1
73,3,-4,1.75,3,-1.5
17,3,-4,1.75,3,-2
32,3,-4,1.75,4,-0.5
42,3,-4,1.75,4,-1
25,3,-4,1.75,4,-1.5
22,3,-4,1.75,4,-2
35,3,-4,1.75,5,-0.5
38,3,-4,1.75,5,-1
28,3,-4,1.75,5,-1.5
15,3,-4,1.75,5,-2
264,3,-5,0.25,1,-0.5
162,3,-5,0.25,1,-1
251,3,-5,0.25,1,-1.5
262,3,-5,0.25,1,-2
512,3,-5,0.25,2,-0.5
403,3,-5,0.25,2,-1
386,3,-5,0.25,2,-1.5
222,3,-5,0.25,2,-2
335,3,-5,0.25,3,-0.5
524,3,-5,0.25,3,-1
270,3,-5,0.25,3,-1.5
275,3,-5,0.25,3,-2
524,3,-5,0.25,4,-0.5
524,3,-5,0.25,4,-1
320,3,-5,0.25,4,-1.5
83,3,-5,0.25,4,-2
316,3,-5,0.25,5,-0.5
524,3,-5,0.25,5,-1
394,3,-5,0.25,5,-1.5
255,3,-5,0.25,5,-2
87,3,-5,0.75,1,-0.5
83,3,-5,0.75,1,-1
203,3,-5,0.75,1,-1.5
51,3,-5,0.75,1,-2
84,3,-5,0.75,2,-0.5
254,3,-5,0.75,2,-1
81,3,-5,0.75,2,-1.5
72,3,-5,0.75,2,-2
427,3,-5,0.75,3,-0.5
174,3,-5,0.75,3,-1
55,3,-5,0.75,3,-1.5
105,3,-5,0.75,3,-2
471,3,-5,0.75,4,-0.5
156,3,-5,0.75,4,-1
54,3,-5,0.75,4,-1.5
88,3,-5,0.75,4,-2
60,3,-5,0.75,5,-0.5
202,3,-5,0.75,5,-1
229,3,-5,0.75,5,-1.5
214,3,-5,0.75,5,-2
81,3,-5,1.25,1,-0.5
201,3,-5,1.25,1,-1
48,3,-5,1.25,1,-1.5
78,3,-5,1.25,1,-2
17,3,-5,1.25,2,-0.5
62,3,-5,1.25,2,-1
48,3,-5,1.25,2,-1.5
41,3,-5,1.25,2,-2
260,3,-5,1.25,3,-0.5
32,3,-5,1.25,3,-1
38,3,-5,1.25,3,-1.5
13,3,-5,1.25,3,-2
37,3,-5,1.25,4,-0.5
18,3,-5,1.25,4,-1
29,3,-5,1.25,4,-1.5
299,3,-5,1.25,4,-2
262,3,-5,1.25,5,-0.5
28,3,-5,1.25,5,-1
77,3,-5,1.25,5,-1.5
34,3,-5,1.25,5,-2
85,3,-5,1.75,1,-0.5
63,3,-5,1.75,1,-1
30,3,-5,1.75,1,-1.5
15,3,-5,1.75,1,-2
63,3,-5,1.75,2,-0.5
57,3,-5,1.75,2,-1
22,3,-5,1.75,2,-1.5
18,3,-5,1.75,2,-2
55,3,-5,1.75,3,-0.5
21,3,-5,1.75,3,-1
35,3,-5,1.75,3,-1.5
31,3,-5,1.75,3,-2
30,3,-5,1.75,4,-0.5
38,3,-5,1.75,4,-1
38,3,-5,1.75,4,-1.5
27,3,-5,1.75,4,-2
22,3,-5,1.75,5,-0.5
18,3,-5,1.75,5,-1
22,3,-5,1.75,5,-1.5
24,3,-5,1.75,5,-2
317,4,-1,0.25,1,-0.5
111,4,-1,0.25,1,-1
106,4,-1,0.25,1,-1.5
85,4,-1,0.25,1,-2
121,4,-1,0.25,2,-0.5
119,4,-1,0.25,2,-1
60,4,-1,0.25,2,-1.5
126,4,-1,0.25,2,-2
166,4,-1,0.25,3,-0.5
184,4,-1,0.25,3,-1
73,4,-1,0.25,3,-1.5
46,4,-1,0.25,3,-2
136,4,-1,0.25,4,-0.5
237,4,-1,0.25,4,-1
90,4,-1,0.25,4,-1.5
70,4,-1,0.25,4,-2
140,4,-1,0.25,5,-0.5
285,4,-1,0.25,5,-1
133,4,-1,0.25,5,-1.5
49,4,-1,0.25,5,-2
132,4,-1,0.75,1,-0.5
92,4,-1,0.75,1,-1
90,4,-1,0.75,1,-1.5
53,4,-1,0.75,1,-2
231,4,-1,0.75,2,-0.5
73,4,-1,0.75,2,-1
45,4,-1,0.75,2,-1.5
29,4,-1,0.75,2,-2
85,4,-1,0.75,3,-0.5
36,4,-1,0.75,3,-1
40,4,-1,0.75,3,-1.5
23,4,-1,0.75,3,-2
73,4,-1,0.75,4,-0.5
67,4,-1,0.75,4,-1
70,4,-1,0.75,4,-1.5
29,4,-1,0.75,4,-2
81,4,-1,0.75,5,-0.5
96,4,-1,0.75,5,-1
51,4,-1,0.75,5,-1.5
58,4,-1,0.75,5,-2
88,4,-1,1.25,1,-0.5
88,4,-1,1.25,1,-1
65,4,-1,1.25,1,-1.5
71,4,-1,1.25,1,-2
70,4,-1,1.25,2,-0.5
72,4,-1,1.25,2,-1
47,4,-1,1.25,2,-1.5
41,4,-1,1.25,2,-2
33,4,-1,1.25,3,-0.5
62,4,-1,1.25,3,-1
38,4,-1,1.25,3,-1.5
41,4,-1,1.25,3,-2
57,4,-1,1.25,4,-0.5
38,4,-1,1.25,4,-1
66,4,-1,1.25,4,-1.5
35,4,-1,1.25,4,-2
69,4,-1,1.25,5,-0.5
62,4,-1,1.25,5,-1
37,4,-1,1.25,5,-1.5
50,4,-1,1.25,5,-2
111,4,-1,1.75,1,-0.5
83,4,-1,1.75,1,-1
105,4,-1,1.75,1,-1.5
104,4,-1,1.75,1,-2
95,4,-1,1.75,2,-0.5
69,4,-1,1.75,2,-1
66,4,-1,1.75,2,-1.5
53,4,-1,1.75,2,-2
154,4,-1,1.75,3,-0.5
91,4,-1,1.75,3,-1
55,4,-1,1.75,3,-1.5
64,4,-1,1.75,3,-2
84,4,-1,1.75,4,-0.5
58,4,-1,1.75,4,-1
51,4,-1,1.75,4,-1.5
84,4,-1,1.75,4,-2
65,4,-1,1.75,5,-0.5
70,4,-1,1.75,5,-1
38,4,-1,1.75,5,-1.5
63,4,-1,1.75,5,-2
166,4,-2,0.25,1,-0.5
88,4,-2,0.25,1,-1
141,4,-2,0.25,1,-1.5
81,4,-2,0.25,1,-2
202,4,-2,0.25,2,-0.5
302,4,-2,0.25,2,-1
70,4,-2,0.25,2,-1.5
62,4,-2,0.25,2,-2
312,4,-2,0.25,3,-0.5
149,4,-2,0.25,3,-1
236,4,-2,0.25,3,-1.5
61,4,-2,0.25,3,-2
301,4,-2,0.25,4,-0.5
196,4,-2,0.25,4,-1
137,4,-2,0.25,4,-1.5
120,4,-2,0.25,4,-2
114,4,-2,0.25,5,-0.5
89,4,-2,0.25,5,-1
113,4,-2,0.25,5,-1.5
220,4,-2,0.25,5,-2
160,4,-2,0.75,1,-0.5
163,4,-2,0.75,1,-1
277,4,-2,0.75,1,-1.5
66,4,-2,0.75,1,-2
130,4,-2,0.75,2,-0.5
142,4,-2,0.75,2,-1
65,4,-2,0.75,2,-1.5
143,4,-2,0.75,2,-2
60,4,-2,0.75,3,-0.5
60,4,-2,0.75,3,-1
57,4,-2,0.75,3,-1.5
142,4,-2,0.75,3,-2
45,4,-2,0.75,4,-0.5
45,4,-2,0.75,4,-1
40,4,-2,0.75,4,-1.5
31,4,-2,0.75,4,-2
106,4,-2,0.75,5,-0.5
42,4,-2,0.75,5,-1
41,4,-2,0.75,5,-1.5
36,4,-2,0.75,5,-2
68,4,-2,1.25,1,-0.5
43,4,-2,1.25,1,-1
52,4,-2,1.25,1,-1.5
28,4,-2,1.25,1,-2
47,4,-2,1.25,2,-0.5
60,4,-2,1.25,2,-1
36,4,-2,1.25,2,-1.5
39,4,-2,1.25,2,-2
52,4,-2,1.25,3,-0.5
24,4,-2,1.25,3,-1
71,4,-2,1.25,3,-1.5
22,4,-2,1.25,3,-2
79,4,-2,1.25,4,-0.5
31,4,-2,1.25,4,-1
53,4,-2,1.25,4,-1.5
38,4,-2,1.25,4,-2
56,4,-2,1.25,5,-0.5
54,4,-2,1.25,5,-1
17,4,-2,1.25,5,-1.5
77,4,-2,1.25,5,-2
92,4,-2,1.75,1,-0.5
49,4,-2,1.75,1,-1
55,4,-2,1.75,1,-1.5
39,4,-2,1.75,1,-2
31,4,-2,1.75,2,-0.5
53,4,-2,1.75,2,-1
51,4,-2,1.75,2,-1.5
20,4,-2,1.75,2,-2
75,4,-2,1.75,3,-0.5
51,4,-2,1.75,3,-1
22,4,-2,1.75,3,-1.5
40,4,-2,1.75,3,-2
42,4,-2,1.75,4,-0.5
55,4,-2,1.75,4,-1
65,4,-2,1.75,4,-1.5
29,4,-2,1.75,4,-2
32,4,-2,1.75,5,-0.5
62,4,-2,1.75,5,-1
60,4,-2,1.75,5,-1.5
32,4,-2,1.75,5,-2
209,4,-3,0.25,1,-0.5
303,4,-3,0.25,1,-1
267,4,-3,0.25,1,-1.5
230,4,-3,0.25,1,-2
76,4,-3,0.25,2,-0.5
282,4,-3,0.25,2,-1
398,4,-3,0.25,2,-1.5
99,4,-3,0.25,2,-2
339,4,-3,0.25,3,-0.5
233,4,-3,0.25,3,-1
112,4,-3,0.25,3,-1.5
143,4,-3,0.25,3,-2
128,4,-3,0.25,4,-0.5
84,4,-3,0.25,4,-1
390,4,-3,0.25,4,-1.5
46,4,-3,0.25,4,-2
183,4,-3,0.25,5,-0.5
129,4,-3,0.25,5,-1
87,4,-3,0.25,5,-1.5
80,4,-3,0.25,5,-2
301,4,-3,0.75,1,-0.5
171,4,-3,0.75,1,-1
39,4,-3,0.75,1,-1.5
64,4,-3,0.75,1,-2
117,4,-3,0.75,2,-0.5
332,4,-3,0.75,2,-1
98,4,-3,0.75,2,-1.5
34,4,-3,0.75,2,-2
309,4,-3,0.75,3,-0.5
99,4,-3,0.75,3,-1
81,4,-3,0.75,3,-1.5
96,4,-3,0.75,3,-2
220,4,-3,0.75,4,-0.5
101,4,-3,0.75,4,-1
32,4,-3,0.75,4,-1.5
50,4,-3,0.75,4,-2
132,4,-3,0.75,5,-0.5
70,4,-3,0.75,5,-1
77,4,-3,0.75,5,-1.5
21,4,-3,0.75,5,-2
119,4,-3,1.25,1,-0.5
61,4,-3,1.25,1,-1
65,4,-3,1.25,1,-1.5
60,4,-3,1.25,1,-2
97,4,-3,1.25,2,-0.5
70,4,-3,1.25,2,-1
33,4,-3,1.25,2,-1.5
26,4,-3,1.25,2,-2
75,4,-3,1.25,3,-0.5
36,4,-3,1.25,3,-1
52,4,-3,1.25,3,-1.5
32,4,-3,1.25,3,-2
36,4,-3,1.25,4,-0.5
123,4,-3,1.25,4,-1
26,4,-3,1.25,4,-1.5
16,4,-3,1.25,4,-2
42,4,-3,1.25,5,-0.5
22,4,-3,1.25,5,-1
29,4,-3,1.25,5,-1.5
21,4,-3,1.25,5,-2
241,4,-3,1.75,1,-0.5
43,4,-3,1.75,1,-1
24,4,-3,1.75,1,-1.5
95,4,-3,1.75,1,-2
37,4,-3,1.75,2,-0.5
38,4,-3,1.75,2,-1
18,4,-3,1.75,2,-1.5
35,4,-3,1.75,2,-2
53,4,-3,1.75,3,-0.5
49,4,-3,1.75,3,-1
55,4,-3,1.75,3,-1.5
36,4,-3,1.75,3,-2
26,4,-3,1.75,4,-0.5
33,4,-3,1.75,4,-1
205,4,-3,1.75,4,-1.5
19,4,-3,1.75,4,-2
50,4,-3,1.75,5,-0.5
44,4,-3,1.75,5,-1
59,4,-3,1.75,5,-1.5
15,4,-3,1.75,5,-2
203,4,-4,0.25,1,-0.5
171,4,-4,0.25,1,-1
290,4,-4,0.25,1,-1.5
146,4,-4,0.25,1,-2
282,4,-4,0.25,2,-0.5
310,4,-4,0.25,2,-1
199,4,-4,0.25,2,-1.5
219,4,-4,0.25,2,-2
333,4,-4,0.25,3,-0.5
118,4,-4,0.25,3,-1
210,4,-4,0.25,3,-1.5
209,4,-4,0.25,3,-2
344,4,-4,0.25,4,-0.5
528,4,-4,0.25,4,-1
300,4,-4,0.25,4,-1.5
311,4,-4,0.25,4,-2
351,4,-4,0.25,5,-0.5
528,4,-4,0.25,5,-1
152,4,-4,0.25,5,-1.5
231,4,-4,0.25,5,-2
245,4,-4,0.75,1,-0.5
275,4,-4,0.75,1,-1
106,4,-4,0.75,1,-1.5
83,4,-4,0.75,1,-2
321,4,-4,0.75,2,-0.5
112,4,-4,0.75,2,-1
129,4,-4,0.75,2,-1.5
166,4,-4,0.75,2,-2
285,4,-4,0.75,3,-0.5
34,4,-4,0.75,3,-1
52,4,-4,0.75,3,-1.5
25,4,-4,0.75,3,-2
359,4,-4,0.75,4,-0.5
130,4,-4,0.75,4,-1
38,4,-4,0.75,4,-1.5
34,4,-4,0.75,4,-2
58,4,-4,0.75,5,-0.5
67,4,-4,0.75,5,-1
86,4,-4,0.75,5,-1.5
100,4,-4,0.75,5,-2
127,4,-4,1.25,1,-0.5
45,4,-4,1.25,1,-1
48,4,-4,1.25,1,-1.5
57,4,-4,1.25,1,-2
49,4,-4,1.25,2,-0.5
64,4,-4,1.25,2,-1
29,4,-4,1.25,2,-1.5
38,4,-4,1.25,2,-2
34,4,-4,1.25,3,-0.5
138,4,-4,1.25,3,-1
24,4,-4,1.25,3,-1.5
29,4,-4,1.25,3,-2
61,4,-4,1.25,4,-0.5
29,4,-4,1.25,4,-1
189,4,-4,1.25,4,-1.5
43,4,-4,1.25,4,-2
50,4,-4,1.25,5,-0.5
75,4,-4,1.25,5,-1
58,4,-4,1.25,5,-1.5
21,4,-4,1.25,5,-2
56,4,-4,1.75,1,-0.5
110,4,-4,1.75,1,-1
27,4,-4,1.75,1,-1.5
48,4,-4,1.75,1,-2
45,4,-4,1.75,2,-0.5
67,4,-4,1.75,2,-1
30,4,-4,1.75,2,-1.5
29,4,-4,1.75,2,-2
42,4,-4,1.75,3,-0.5
53,4,-4,1.75,3,-1
52,4,-4,1.75,3,-1.5
15,4,-4,1.75,3,-2
62,4,-4,1.75,4,-0.5
34,4,-4,1.75,4,-1
37,4,-4,1.75,4,-1.5
20,4,-4,1.75,4,-2
58,4,-4,1.75,5,-0.5
23,4,-4,1.75,5,-1
28,4,-4,1.75,5,-1.5
53,4,-4,1.75,5,-2
275,4,-5,0.25,1,-0.5
253,4,-5,0.25,1,-1
180,4,-5,0.25,1,-1.5
311,4,-5,0.25,1,-2
281,4,-5,0.25,2,-0.5
291,4,-5,0.25,2,-1
171,4,-5,0.25,2,-1.5
387,4,-5,0.25,2,-2
341,4,-5,0.25,3,-0.5
415,4,-5,0.25,3,-1
371,4,-5,0.25,3,-1.5
389,4,-5,0.25,3,-2
165,4,-5,0.25,4,-0.5
522,4,-5,0.25,4,-1
124,4,-5,0.25,4,-1.5
113,4,-5,0.25,4,-2
338,4,-5,0.25,5,-0.5
521,4,-5,0.25,5,-1
280,4,-5,0.25,5,-1.5
125,4,-5,0.25,5,-2
257,4,-5,0.75,1,-0.5
331,4,-5,0.75,1,-1
113,4,-5,0.75,1,-1.5
251,4,-5,0.75,1,-2
80,4,-5,0.75,2,-0.5
128,4,-5,0.75,2,-1
54,4,-5,0.75,2,-1.5
120,4,-5,0.75,2,-2
248,4,-5,0.75,3,-0.5
133,4,-5,0.75,3,-1
138,4,-5,0.75,3,-1.5
217,4,-5,0.75,3,-2
97,4,-5,0.75,4,-0.5
71,4,-5,0.75,4,-1
248,4,-5,0.75,4,-1.5
54,4,-5,0.75,4,-2
453,4,-5,0.75,5,-0.5
244,4,-5,0.75,5,-1
83,4,-5,0.75,5,-1.5
89,4,-5,0.75,5,-2
26,4,-5,1.25,1,-0.5
37,4,-5,1.25,1,-1
28,4,-5,1.25,1,-1.5
93,4,-5,1.25,1,-2
69,4,-5,1.25,2,-0.5
52,4,-5,1.25,2,-1
251,4,-5,1.25,2,-1.5
318,4,-5,1.25,2,-2
70,4,-5,1.25,3,-0.5
160,4,-5,1.25,3,-1
49,4,-5,1.25,3,-1.5
34,4,-5,1.25,3,-2
30,4,-5,1.25,4,-0.5
23,4,-5,1.25,4,-1
63,4,-5,1.25,4,-1.5
20,4,-5,1.25,4,-2
78,4,-5,1.25,5,-0.5
85,4,-5,1.25,5,-1
116,4,-5,1.25,5,-1.5
37,4,-5,1.25,5,-2
53,4,-5,1.75,1,-0.5
61,4,-5,1.75,1,-1
68,4,-5,1.75,1,-1.5
95,4,-5,1.75,1,-2
151,4,-5,1.75,2,-0.5
26,4,-5,1.75,2,-1
32,4,-5,1.75,2,-1.5
54,4,-5,1.75,2,-2
43,4,-5,1.75,3,-0.5
19,4,-5,1.75,3,-1
52,4,-5,1.75,3,-1.5
63,4,-5,1.75,3,-2
50,4,-5,1.75,4,-0.5
265,4,-5,1.75,4,-1
153,4,-5,1.75,4,-1.5
48,4,-5,1.75,4,-2
55,4,-5,1.75,5,-0.5
34,4,-5,1.75,5,-1
29,4,-5,1.75,5,-1.5
45,4,-5,1.75,5,-2
307,5,-1,0.25,1,-0.5
155,5,-1,0.25,1,-1
135,5,-1,0.25,1,-1.5
102,5,-1,0.25,1,-2
207,5,-1,0.25,2,-0.5
127,5,-1,0.25,2,-1
84,5,-1,0.25,2,-1.5
117,5,-1,0.25,2,-2
106,5,-1,0.25,3,-0.5
216,5,-1,0.25,3,-1
123,5,-1,0.25,3,-1.5
77,5,-1,0.25,3,-2
177,5,-1,0.25,4,-0.5
152,5,-1,0.25,4,-1
76,5,-1,0.25,4,-1.5
100,5,-1,0.25,4,-2
216,5,-1,0.25,5,-0.5
105,5,-1,0.25,5,-1
117,5,-1,0.25,5,-1.5
103,5,-1,0.25,5,-2
153,5,-1,0.75,1,-0.5
157,5,-1,0.75,1,-1
84,5,-1,0.75,1,-1.5
72,5,-1,0.75,1,-2
178,5,-1,0.75,2,-0.5
117,5,-1,0.75,2,-1
113,5,-1,0.75,2,-1.5
77,5,-1,0.75,2,-2
126,5,-1,0.75,3,-0.5
84,5,-1,0.75,3,-1
73,5,-1,0.75,3,-1.5
68,5,-1,0.75,3,-2
112,5,-1,0.75,4,-0.5
132,5,-1,0.75,4,-1
75,5,-1,0.75,4,-1.5
81,5,-1,0.75,4,-2
122,5,-1,0.75,5,-0.5
58,5,-1,0.75,5,-1
71,5,-1,0.75,5,-1.5
62,5,-1,0.75,5,-2
130,5,-1,1.25,1,-0.5
114,5,-1,1.25,1,-1
83,5,-1,1.25,1,-1.5
73,5,-1,1.25,1,-2
112,5,-1,1.25,2,-0.5
90,5,-1,1.25,2,-1
84,5,-1,1.25,2,-1.5
53,5,-1,1.25,2,-2
101,5,-1,1.25,3,-0.5
27,5,-1,1.25,3,-1
112,5,-1,1.25,3,-1.5
41,5,-1,1.25,3,-2
95,5,-1,1.25,4,-0.5
99,5,-1,1.25,4,-1
49,5,-1,1.25,4,-1.5
33,5,-1,1.25,4,-2
105,5,-1,1.25,5,-0.5
49,5,-1,1.25,5,-1
52,5,-1,1.25,5,-1.5
41,5,-1,1.25,5,-2
147,5,-1,1.75,1,-0.5
87,5,-1,1.75,1,-1
45,5,-1,1.75,1,-1.5
56,5,-1,1.75,1,-2
94,5,-1,1.75,2,-0.5
53,5,-1,1.75,2,-1
100,5,-1,1.75,2,-1.5
60,5,-1,1.75,2,-2
96,5,-1,1.75,3,-0.5
81,5,-1,1.75,3,-1
69,5,-1,1.75,3,-1.5
26,5,-1,1.75,3,-2
102,5,-1,1.75,4,-0.5
77,5,-1,1.75,4,-1
76,5,-1,1.75,4,-1.5
53,5,-1,1.75,4,-2
81,5,-1,1.75,5,-0.5
82,5,-1,1.75,5,-1
66,5,-1,1.75,5,-1.5
46,5,-1,1.75,5,-2
405,5,-2,0.25,1,-0.5
156,5,-2,0.25,1,-1
73,5,-2,0.25,1,-1.5
111,5,-2,0.25,1,-2
156,5,-2,0.25,2,-0.5
296,5,-2,0.25,2,-1
90,5,-2,0.25,2,-1.5
212,5,-2,0.25,2,-2
200,5,-2,0.25,3,-0.5
146,5,-2,0.25,3,-1
204,5,-2,0.25,3,-1.5
138,5,-2,0.25,3,-2
254,5,-2,0.25,4,-0.5
166,5,-2,0.25,4,-1
269,5,-2,0.25,4,-1.5
169,5,-2,0.25,4,-2
132,5,-2,0.25,5,-0.5
302,5,-2,0.25,5,-1
105,5,-2,0.25,5,-1.5
101,5,-2,0.25,5,-2
290,5,-2,0.75,1,-0.5
193,5,-2,0.75,1,-1
107,5,-2,0.75,1,-1.5
96,5,-2,0.75,1,-2
88,5,-2,0.75,2,-0.5
89,5,-2,0.75,2,-1
91,5,-2,0.75,2,-1.5
63,5,-2,0.75,2,-2
61,5,-2,0.75,3,-0.5
87,5,-2,0.75,3,-1
45,5,-2,0.75,3,-1.5
57,5,-2,0.75,3,-2
213,5,-2,0.75,4,-0.5
49,5,-2,0.75,4,-1
79,5,-2,0.75,4,-1.5
40,5,-2,0.75,4,-2
113,5,-2,0.75,5,-0.5
48,5,-2,0.75,5,-1
79,5,-2,0.75,5,-1.5
104,5,-2,0.75,5,-2
90,5,-2,1.25,1,-0.5
81,5,-2,1.25,1,-1
49,5,-2,1.25,1,-1.5
68,5,-2,1.25,1,-2
83,5,-2,1.25,2,-0.5
61,5,-2,1.25,2,-1
45,5,-2,1.25,2,-1.5
59,5,-2,1.25,2,-2
80,5,-2,1.25,3,-0.5
54,5,-2,1.25,3,-1
38,5,-2,1.25,3,-1.5
48,5,-2,1.25,3,-2
70,5,-2,1.25,4,-0.5
95,5,-2,1.25,4,-1
90,5,-2,1.25,4,-1.5
22,5,-2,1.25,4,-2
73,5,-2,1.25,5,-0.5
35,5,-2,1.25,5,-1
95,5,-2,1.25,5,-1.5
22,5,-2,1.25,5,-2
91,5,-2,1.75,1,-0.5
60,5,-2,1.75,1,-1
67,5,-2,1.75,1,-1.5
60,5,-2,1.75,1,-2
95,5,-2,1.75,2,-0.5
73,5,-2,1.75,2,-1
53,5,-2,1.75,2,-1.5
28,5,-2,1.75,2,-2
67,5,-2,1.75,3,-0.5
54,5,-2,1.75,3,-1
67,5,-2,1.75,3,-1.5
35,5,-2,1.75,3,-2
39,5,-2,1.75,4,-0.5
70,5,-2,1.75,4,-1
33,5,-2,1.75,4,-1.5
69,5,-2,1.75,4,-2
69,5,-2,1.75,5,-0.5
53,5,-2,1.75,5,-1
54,5,-2,1.75,5,-1.5
32,5,-2,1.75,5,-2
321,5,-3,0.25,1,-0.5
446,5,-3,0.25,1,-1
285,5,-3,0.25,1,-1.5
100,5,-3,0.25,1,-2
151,5,-3,0.25,2,-0.5
240,5,-3,0.25,2,-1
284,5,-3,0.25,2,-1.5
99,5,-3,0.25,2,-2
257,5,-3,0.25,3,-0.5
127,5,-3,0.25,3,-1
347,5,-3,0.25,3,-1.5
177,5,-3,0.25,3,-2
336,5,-3,0.25,4,-0.5
295,5,-3,0.25,4,-1
211,5,-3,0.25,4,-1.5
97,5,-3,0.25,4,-2
339,5,-3,0.25,5,-0.5
527,5,-3,0.25,5,-1
284,5,-3,0.25,5,-1.5
48,5,-3,0.25,5,-2
161,5,-3,0.75,1,-0.5
98,5,-3,0.75,1,-1
275,5,-3,0.75,1,-1.5
60,5,-3,0.75,1,-2
322,5,-3,0.75,2,-0.5
65,5,-3,0.75,2,-1
39,5,-3,0.75,2,-1.5
58,5,-3,0.75,2,-2
168,5,-3,0.75,3,-0.5
119,5,-3,0.75,3,-1
55,5,-3,0.75,3,-1.5
178,5,-3,0.75,3,-2
353,5,-3,0.75,4,-0.5
103,5,-3,0.75,4,-1
56,5,-3,0.75,4,-1.5
26,5,-3,0.75,4,-2
35,5,-3,0.75,5,-0.5
118,5,-3,0.75,5,-1
30,5,-3,0.75,5,-1.5
86,5,-3,0.75,5,-2
73,5,-3,1.25,1,-0.5
118,5,-3,1.25,1,-1
28,5,-3,1.25,1,-1.5
38,5,-3,1.25,1,-2
51,5,-3,1.25,2,-0.5
142,5,-3,1.25,2,-1
49,5,-3,1.25,2,-1.5
42,5,-3,1.25,2,-2
147,5,-3,1.25,3,-0.5
91,5,-3,1.25,3,-1
33,5,-3,1.25,3,-1.5
92,5,-3,1.25,3,-2
55,5,-3,1.25,4,-0.5
81,5,-3,1.25,4,-1
55,5,-3,1.25,4,-1.5
86,5,-3,1.25,4,-2
42,5,-3,1.25,5,-0.5
147,5,-3,1.25,5,-1
89,5,-3,1.25,5,-1.5
113,5,-3,1.25,5,-2
49,5,-3,1.75,1,-0.5
271,5,-3,1.75,1,-1
46,5,-3,1.75,1,-1.5
39,5,-3,1.75,1,-2
71,5,-3,1.75,2,-0.5
82,5,-3,1.75,2,-1
36,5,-3,1.75,2,-1.5
38,5,-3,1.75,2,-2
58,5,-3,1.75,3,-0.5
52,5,-3,1.75,3,-1
59,5,-3,1.75,3,-1.5
25,5,-3,1.75,3,-2
64,5,-3,1.75,4,-0.5
48,5,-3,1.75,4,-1
33,5,-3,1.75,4,-1.5
26,5,-3,1.75,4,-2
28,5,-3,1.75,5,-0.5
46,5,-3,1.75,5,-1
62,5,-3,1.75,5,-1.5
34,5,-3,1.75,5,-2
361,5,-4,0.25,1,-0.5
300,5,-4,0.25,1,-1
109,5,-4,0.25,1,-1.5
96,5,-4,0.25,1,-2
277,5,-4,0.25,2,-0.5
497,5,-4,0.25,2,-1
355,5,-4,0.25,2,-1.5
163,5,-4,0.25,2,-2
310,5,-4,0.25,3,-0.5
164,5,-4,0.25,3,-1
310,5,-4,0.25,3,-1.5
258,5,-4,0.25,3,-2
118,5,-4,0.25,4,-0.5
359,5,-4,0.25,4,-1
156,5,-4,0.25,4,-1.5
167,5,-4,0.25,4,-2
203,5,-4,0.25,5,-0.5
526,5,-4,0.25,5,-1
168,5,-4,0.25,5,-1.5
196,5,-4,0.25,5,-2
290,5,-4,0.75,1,-0.5
81,5,-4,0.75,1,-1
99,5,-4,0.75,1,-1.5
278,5,-4,0.75,1,-2
331,5,-4,0.75,2,-0.5
156,5,-4,0.75,2,-1
168,5,-4,0.75,2,-1.5
58,5,-4,0.75,2,-2
298,5,-4,0.75,3,-0.5
76,5,-4,0.75,3,-1
178,5,-4,0.75,3,-1.5
113,5,-4,0.75,3,-2
265,5,-4,0.75,4,-0.5
61,5,-4,0.75,4,-1
73,5,-4,0.75,4,-1.5
107,5,-4,0.75,4,-2
80,5,-4,0.75,5,-0.5
54,5,-4,0.75,5,-1
76,5,-4,0.75,5,-1.5
209,5,-4,0.75,5,-2
75,5,-4,1.25,1,-0.5
86,5,-4,1.25,1,-1
54,5,-4,1.25,1,-1.5
77,5,-4,1.25,1,-2
121,5,-4,1.25,2,-0.5
77,5,-4,1.25,2,-1
47,5,-4,1.25,2,-1.5
29,5,-4,1.25,2,-2
257,5,-4,1.25,3,-0.5
153,5,-4,1.25,3,-1
74,5,-4,1.25,3,-1.5
43,5,-4,1.25,3,-2
332,5,-4,1.25,4,-0.5
321,5,-4,1.25,4,-1
80,5,-4,1.25,4,-1.5
64,5,-4,1.25,4,-2
66,5,-4,1.25,5,-0.5
36,5,-4,1.25,5,-1
35,5,-4,1.25,5,-1.5
35,5,-4,1.25,5,-2
65,5,-4,1.75,1,-0.5
37,5,-4,1.75,1,-1
219,5,-4,1.75,1,-1.5
56,5,-4,1.75,1,-2
39,5,-4,1.75,2,-0.5
36,5,-4,1.75,2,-1
35,5,-4,1.75,2,-1.5
59,5,-4,1.75,2,-2
60,5,-4,1.75,3,-0.5
93,5,-4,1.75,3,-1
27,5,-4,1.75,3,-1.5
43,5,-4,1.75,3,-2
51,5,-4,1.75,4,-0.5
24,5,-4,1.75,4,-1
62,5,-4,1.75,4,-1.5
86,5,-4,1.75,4,-2
145,5,-4,1.75,5,-0.5
29,5,-4,1.75,5,-1
24,5,-4,1.75,5,-1.5
18,5,-4,1.75,5,-2
430,5,-5,0.25,1,-0.5
298,5,-5,0.25,1,-1
339,5,-5,0.25,1,-1.5
287,5,-5,0.25,1,-2
157,5,-5,0.25,2,-0.5
146,5,-5,0.25,2,-1
222,5,-5,0.25,2,-1.5
122,5,-5,0.25,2,-2
279,5,-5,0.25,3,-0.5
275,5,-5,0.25,3,-1
317,5,-5,0.25,3,-1.5
316,5,-5,0.25,3,-2
399,5,-5,0.25,4,-0.5
346,5,-5,0.25,4,-1
224,5,-5,0.25,4,-1.5
283,5,-5,0.25,4,-2
353,5,-5,0.25,5,-0.5
521,5,-5,0.25,5,-1
197,5,-5,0.25,5,-1.5
283,5,-5,0.25,5,-2
198,5,-5,0.75,1,-0.5
291,5,-5,0.75,1,-1
67,5,-5,0.75,1,-1.5
124,5,-5,0.75,1,-2
246,5,-5,0.75,2,-0.5
72,5,-5,0.75,2,-1
93,5,-5,0.75,2,-1.5
238,5,-5,0.75,2,-2
248,5,-5,0.75,3,-0.5
152,5,-5,0.75,3,-1
211,5,-5,0.75,3,-1.5
62,5,-5,0.75,3,-2
336,5,-5,0.75,4,-0.5
76,5,-5,0.75,4,-1
183,5,-5,0.75,4,-1.5
119,5,-5,0.75,4,-2
360,5,-5,0.75,5,-0.5
284,5,-5,0.75,5,-1
39,5,-5,0.75,5,-1.5
45,5,-5,0.75,5,-2
90,5,-5,1.25,1,-0.5
29,5,-5,1.25,1,-1
91,5,-5,1.25,1,-1.5
82,5,-5,1.25,1,-2
204,5,-5,1.25,2,-0.5
22,5,-5,1.25,2,-1
77,5,-5,1.25,2,-1.5
229,5,-5,1.25,2,-2
166,5,-5,1.25,3,-0.5
197,5,-5,1.25,3,-1
38,5,-5,1.25,3,-1.5
45,5,-5,1.25,3,-2
27,5,-5,1.25,4,-0.5
60,5,-5,1.25,4,-1
66,5,-5,1.25,4,-1.5
248,5,-5,1.25,4,-2
284,5,-5,1.25,5,-0.5
83,5,-5,1.25,5,-1
244,5,-5,1.25,5,-1.5
14,5,-5,1.25,5,-2
191,5,-5,1.75,1,-0.5
76,5,-5,1.75,1,-1
384,5,-5,1.75,1,-1.5
44,5,-5,1.75,1,-2
73,5,-5,1.75,2,-0.5
101,5,-5,1.75,2,-1
18,5,-5,1.75,2,-1.5
33,5,-5,1.75,2,-2
35,5,-5,1.75,3,-0.5
30,5,-5,1.75,3,-1
26,5,-5,1.75,3,-1.5
21,5,-5,1.75,3,-2
29,5,-5,1.75,4,-0.5
271,5,-5,1.75,4,-1
39,5,-5,1.75,4,-1.5
58,5,-5,1.75,4,-2
36,5,-5,1.75,5,-0.5
22,5,-5,1.75,5,-1
52,5,-5,1.75,5,-1.5
57,5,-5,1.75,5,-2
