78,1,-1,0.25,1,-0.5
68,1,-1,0.25,1,-1
33,1,-1,0.25,1,-1.5
29,1,-1,0.25,1,-2
60,1,-1,0.25,2,-0.5
31,1,-1,0.25,2,-1
12,1,-1,0.25,2,-1.5
22,1,-1,0.25,2,-2
35,1,-1,0.25,3,-0.5
26,1,-1,0.25,3,-1
53,1,-1,0.25,3,-1.5
59,1,-1,0.25,3,-2
42,1,-1,0.25,4,-0.5
60,1,-1,0.25,4,-1
58,1,-1,0.25,4,-1.5
33,1,-1,0.25,4,-2
260,1,-1,0.25,5,-0.5
50,1,-1,0.25,5,-1
74,1,-1,0.25,5,-1.5
31,1,-1,0.25,5,-2
57,1,-1,0.75,1,-0.5
40,1,-1,0.75,1,-1
24,1,-1,0.75,1,-1.5
31,1,-1,0.75,1,-2
49,1,-1,0.75,2,-0.5
35,1,-1,0.75,2,-1
38,1,-1,0.75,2,-1.5
45,1,-1,0.75,2,-2
48,1,-1,0.75,3,-0.5
45,1,-1,0.75,3,-1
55,1,-1,0.75,3,-1.5
46,1,-1,0.75,3,-2
60,1,-1,0.75,4,-0.5
62,1,-1,0.75,4,-1
48,1,-1,0.75,4,-1.5
66,1,-1,0.75,4,-2
72,1,-1,0.75,5,-0.5
47,1,-1,0.75,5,-1
60,1,-1,0.75,5,-1.5
59,1,-1,0.75,5,-2
146,1,-1,1.25,1,-0.5
79,1,-1,1.25,1,-1
93,1,-1,1.25,1,-1.5
73,1,-1,1.25,1,-2
98,1,-1,1.25,2,-0.5
74,1,-1,1.25,2,-1
85,1,-1,1.25,2,-1.5
80,1,-1,1.25,2,-2
102,1,-1,1.25,3,-0.5
97,1,-1,1.25,3,-1
52,1,-1,1.25,3,-1.5
76,1,-1,1.25,3,-2
92,1,-1,1.25,4,-0.5
91,1,-1,1.25,4,-1
50,1,-1,1.25,4,-1.5
69,1,-1,1.25,4,-2
109,1,-1,1.25,5,-0.5
96,1,-1,1.25,5,-1
79,1,-1,1.25,5,-1.5
91,1,-1,1.25,5,-2
148,1,-1,1.75,1,-0.5
111,1,-1,1.75,1,-1
130,1,-1,1.75,1,-1.5
111,1,-1,1.75,1,-2
156,1,-1,1.75,2,-0.5
148,1,-1,1.75,2,-1
110,1,-1,1.75,2,-1.5
91,1,-1,1.75,2,-2
162,1,-1,1.75,3,-0.5
98,1,-1,1.75,3,-1
97,1,-1,1.75,3,-1.5
122,1,-1,1.75,3,-2
143,1,-1,1.75,4,-0.5
121,1,-1,1.75,4,-1
108,1,-1,1.75,4,-1.5
115,1,-1,1.75,4,-2
163,1,-1,1.75,5,-0.5
108,1,-1,1.75,5,-1
125,1,-1,1.75,5,-1.5
97,1,-1,1.75,5,-2
172,1,-2,0.25,1,-0.5
95,1,-2,0.25,1,-1
146,1,-2,0.25,1,-1.5
63,1,-2,0.25,1,-2
61,1,-2,0.25,2,-0.5
55,1,-2,0.25,2,-1
30,1,-2,0.25,2,-1.5
45,1,-2,0.25,2,-2
199,1,-2,0.25,3,-0.5
30,1,-2,0.25,3,-1
44,1,-2,0.25,3,-1.5
36,1,-2,0.25,3,-2
485,1,-2,0.25,4,-0.5
26,1,-2,0.25,4,-1
70,1,-2,0.25,4,-1.5
42,1,-2,0.25,4,-2
51,1,-2,0.25,5,-0.5
50,1,-2,0.25,5,-1
46,1,-2,0.25,5,-1.5
79,1,-2,0.25,5,-2
88,1,-2,0.75,1,-0.5
17,1,-2,0.75,1,-1
18,1,-2,0.75,1,-1.5
18,1,-2,0.75,1,-2
24,1,-2,0.75,2,-0.5
22,1,-2,0.75,2,-1
22,1,-2,0.75,2,-1.5
27,1,-2,0.75,2,-2
42,1,-2,0.75,3,-0.5
47,1,-2,0.75,3,-1
48,1,-2,0.75,3,-1.5
13,1,-2,0.75,3,-2
41,1,-2,0.75,4,-0.5
43,1,-2,0.75,4,-1
51,1,-2,0.75,4,-1.5
29,1,-2,0.75,4,-2
66,1,-2,0.75,5,-0.5
36,1,-2,0.75,5,-1
32,1,-2,0.75,5,-1.5
50,1,-2,0.75,5,-2
71,1,-2,1.25,1,-0.5
35,1,-2,1.25,1,-1
44,1,-2,1.25,1,-1.5
41,1,-2,1.25,1,-2
70,1,-2,1.25,2,-0.5
62,1,-2,1.25,2,-1
36,1,-2,1.25,2,-1.5
76,1,-2,1.25,2,-2
79,1,-2,1.25,3,-0.5
77,1,-2,1.25,3,-1
53,1,-2,1.25,3,-1.5
42,1,-2,1.25,3,-2
33,1,-2,1.25,4,-0.5
46,1,-2,1.25,4,-1
44,1,-2,1.25,4,-1.5
34,1,-2,1.25,4,-2
58,1,-2,1.25,5,-0.5
41,1,-2,1.25,5,-1
52,1,-2,1.25,5,-1.5
66,1,-2,1.25,5,-2
114,1,-2,1.75,1,-0.5
110,1,-2,1.75,1,-1
78,1,-2,1.75,1,-1.5
68,1,-2,1.75,1,-2
98,1,-2,1.75,2,-0.5
84,1,-2,1.75,2,-1
72,1,-2,1.75,2,-1.5
80,1,-2,1.75,2,-2
104,1,-2,1.75,3,-0.5
84,1,-2,1.75,3,-1
74,1,-2,1.75,3,-1.5
59,1,-2,1.75,3,-2
91,1,-2,1.75,4,-0.5
69,1,-2,1.75,4,-1
71,1,-2,1.75,4,-1.5
70,1,-2,1.75,4,-2
122,1,-2,1.75,5,-0.5
95,1,-2,1.75,5,-1
68,1,-2,1.75,5,-1.5
91,1,-2,1.75,5,-2
158,1,-3,0.25,1,-0.5
93,1,-3,0.25,1,-1
250,1,-3,0.25,1,-1.5
175,1,-3,0.25,1,-2
43,1,-3,0.25,2,-0.5
219,1,-3,0.25,2,-1
91,1,-3,0.25,2,-1.5
159,1,-3,0.25,2,-2
138,1,-3,0.25,3,-0.5
19,1,-3,0.25,3,-1
216,1,-3,0.25,3,-1.5
100,1,-3,0.25,3,-2
495,1,-3,0.25,4,-0.5
220,1,-3,0.25,4,-1
109,1,-3,0.25,4,-1.5
65,1,-3,0.25,4,-2
116,1,-3,0.25,5,-0.5
16,1,-3,0.25,5,-1
94,1,-3,0.25,5,-1.5
103,1,-3,0.25,5,-2
20,1,-3,0.75,1,-0.5
88,1,-3,0.75,1,-1
188,1,-3,0.75,1,-1.5
56,1,-3,0.75,1,-2
21,1,-3,0.75,2,-0.5
22,1,-3,0.75,2,-1
34,1,-3,0.75,2,-1.5
14,1,-3,0.75,2,-2
20,1,-3,0.75,3,-0.5
40,1,-3,0.75,3,-1
14,1,-3,0.75,3,-1.5
36,1,-3,0.75,3,-2
38,1,-3,0.75,4,-0.5
29,1,-3,0.75,4,-1
39,1,-3,0.75,4,-1.5
28,1,-3,0.75,4,-2
37,1,-3,0.75,5,-0.5
25,1,-3,0.75,5,-1
31,1,-3,0.75,5,-1.5
26,1,-3,0.75,5,-2
40,1,-3,1.25,1,-0.5
39,1,-3,1.25,1,-1
38,1,-3,1.25,1,-1.5
44,1,-3,1.25,1,-2
44,1,-3,1.25,2,-0.5
41,1,-3,1.25,2,-1
22,1,-3,1.25,2,-1.5
26,1,-3,1.25,2,-2
20,1,-3,1.25,3,-0.5
17,1,-3,1.25,3,-1
45,1,-3,1.25,3,-1.5
40,1,-3,1.25,3,-2
51,1,-3,1.25,4,-0.5
31,1,-3,1.25,4,-1
23,1,-3,1.25,4,-1.5
37,1,-3,1.25,4,-2
31,1,-3,1.25,5,-0.5
57,1,-3,1.25,5,-1
32,1,-3,1.25,5,-1.5
27,1,-3,1.25,5,-2
78,1,-3,1.75,1,-0.5
70,1,-3,1.75,1,-1
69,1,-3,1.75,1,-1.5
42,1,-3,1.75,1,-2
81,1,-3,1.75,2,-0.5
48,1,-3,1.75,2,-1
59,1,-3,1.75,2,-1.5
47,1,-3,1.75,2,-2
91,1,-3,1.75,3,-0.5
33,1,-3,1.75,3,-1
63,1,-3,1.75,3,-1.5
53,1,-3,1.75,3,-2
91,1,-3,1.75,4,-0.5
30,1,-3,1.75,4,-1
68,1,-3,1.75,4,-1.5
30,1,-3,1.75,4,-2
58,1,-3,1.75,5,-0.5
54,1,-3,1.75,5,-1
46,1,-3,1.75,5,-1.5
50,1,-3,1.75,5,-2
113,1,-4,0.25,1,-0.5
392,1,-4,0.25,1,-1
83,1,-4,0.25,1,-1.5
65,1,-4,0.25,1,-2
318,1,-4,0.25,2,-0.5
409,1,-4,0.25,2,-1
68,1,-4,0.25,2,-1.5
58,1,-4,0.25,2,-2
48,1,-4,0.25,3,-0.5
281,1,-4,0.25,3,-1
293,1,-4,0.25,3,-1.5
48,1,-4,0.25,3,-2
194,1,-4,0.25,4,-0.5
38,1,-4,0.25,4,-1
109,1,-4,0.25,4,-1.5
37,1,-4,0.25,4,-2
49,1,-4,0.25,5,-0.5
66,1,-4,0.25,5,-1
83,1,-4,0.25,5,-1.5
68,1,-4,0.25,5,-2
64,1,-4,0.75,1,-0.5
235,1,-4,0.75,1,-1
21,1,-4,0.75,1,-1.5
45,1,-4,0.75,1,-2
38,1,-4,0.75,2,-0.5
106,1,-4,0.75,2,-1
28,1,-4,0.75,2,-1.5
93,1,-4,0.75,2,-2
273,1,-4,0.75,3,-0.5
83,1,-4,0.75,3,-1
35,1,-4,0.75,3,-1.5
20,1,-4,0.75,3,-2
83,1,-4,0.75,4,-0.5
13,1,-4,0.75,4,-1
48,1,-4,0.75,4,-1.5
52,1,-4,0.75,4,-2
32,1,-4,0.75,5,-0.5
31,1,-4,0.75,5,-1
33,1,-4,0.75,5,-1.5
25,1,-4,0.75,5,-2
126,1,-4,1.25,1,-0.5
34,1,-4,1.25,1,-1
28,1,-4,1.25,1,-1.5
22,1,-4,1.25,1,-2
47,1,-4,1.25,2,-0.5
34,1,-4,1.25,2,-1
71,1,-4,1.25,2,-1.5
60,1,-4,1.25,2,-2
25,1,-4,1.25,3,-0.5
42,1,-4,1.25,3,-1
17,1,-4,1.25,3,-1.5
34,1,-4,1.25,3,-2
38,1,-4,1.25,4,-0.5
99,1,-4,1.25,4,-1
43,1,-4,1.25,4,-1.5
35,1,-4,1.25,4,-2
41,1,-4,1.25,5,-0.5
77,1,-4,1.25,5,-1
50,1,-4,1.25,5,-1.5
28,1,-4,1.25,5,-2
58,1,-4,1.75,1,-0.5
48,1,-4,1.75,1,-1
28,1,-4,1.75,1,-1.5
33,1,-4,1.75,1,-2
69,1,-4,1.75,2,-0.5
26,1,-4,1.75,2,-1
48,1,-4,1.75,2,-1.5
31,1,-4,1.75,2,-2
61,1,-4,1.75,3,-0.5
36,1,-4,1.75,3,-1
27,1,-4,1.75,3,-1.5
40,1,-4,1.75,3,-2
70,1,-4,1.75,4,-0.5
27,1,-4,1.75,4,-1
37,1,-4,1.75,4,-1.5
16,1,-4,1.75,4,-2
41,1,-4,1.75,5,-0.5
41,1,-4,1.75,5,-1
51,1,-4,1.75,5,-1.5
44,1,-4,1.75,5,-2
421,1,-5,0.25,1,-0.5
174,1,-5,0.25,1,-1
51,1,-5,0.25,1,-1.5
80,1,-5,0.25,1,-2
80,1,-5,0.25,2,-0.5
115,1,-5,0.25,2,-1
112,1,-5,0.25,2,-1.5
100,1,-5,0.25,2,-2
303,1,-5,0.25,3,-0.5
141,1,-5,0.25,3,-1
466,1,-5,0.25,3,-1.5
55,1,-5,0.25,3,-2
22,1,-5,0.25,4,-0.5
332,1,-5,0.25,4,-1
466,1,-5,0.25,4,-1.5
283,1,-5,0.25,4,-2
67,1,-5,0.25,5,-0.5
253,1,-5,0.25,5,-1
465,1,-5,0.25,5,-1.5
49,1,-5,0.25,5,-2
46,1,-5,0.75,1,-0.5
20,1,-5,0.75,1,-1
159,1,-5,0.75,1,-1.5
39,1,-5,0.75,1,-2
308,1,-5,0.75,2,-0.5
55,1,-5,0.75,2,-1
78,1,-5,0.75,2,-1.5
133,1,-5,0.75,2,-2
101,1,-5,0.75,3,-0.5
52,1,-5,0.75,3,-1
139,1,-5,0.75,3,-1.5
22,1,-5,0.75,3,-2
152,1,-5,0.75,4,-0.5
135,1,-5,0.75,4,-1
71,1,-5,0.75,4,-1.5
18,1,-5,0.75,4,-2
32,1,-5,0.75,5,-0.5
38,1,-5,0.75,5,-1
46,1,-5,0.75,5,-1.5
153,1,-5,0.75,5,-2
84,1,-5,1.25,1,-0.5
66,1,-5,1.25,1,-1
60,1,-5,1.25,1,-1.5
20,1,-5,1.25,1,-2
53,1,-5,1.25,2,-0.5
70,1,-5,1.25,2,-1
182,1,-5,1.25,2,-1.5
129,1,-5,1.25,2,-2
39,1,-5,1.25,3,-0.5
38,1,-5,1.25,3,-1
44,1,-5,1.25,3,-1.5
70,1,-5,1.25,3,-2
57,1,-5,1.25,4,-0.5
44,1,-5,1.25,4,-1
50,1,-5,1.25,4,-1.5
59,1,-5,1.25,4,-2
34,1,-5,1.25,5,-0.5
28,1,-5,1.25,5,-1
71,1,-5,1.25,5,-1.5
95,1,-5,1.25,5,-2
55,1,-5,1.75,1,-0.5
40,1,-5,1.75,1,-1
74,1,-5,1.75,1,-1.5
25,1,-5,1.75,1,-2
44,1,-5,1.75,2,-0.5
22,1,-5,1.75,2,-1
30,1,-5,1.75,2,-1.5
36,1,-5,1.75,2,-2
44,1,-5,1.75,3,-0.5
40,1,-5,1.75,3,-1
32,1,-5,1.75,3,-1.5
33,1,-5,1.75,3,-2
31,1,-5,1.75,4,-0.5
30,1,-5,1.75,4,-1
45,1,-5,1.75,4,-1.5
36,1,-5,1.75,4,-2
36,1,-5,1.75,5,-0.5
22,1,-5,1.75,5,-1
35,1,-5,1.75,5,-1.5
34,1,-5,1.75,5,-2
266,2,-1,0.25,1,-0.5
119,2,-1,0.25,1,-1
19,2,-1,0.25,1,-1.5
23,2,-1,0.25,1,-2
133,2,-1,0.25,2,-0.5
107,2,-1,0.25,2,-1
51,2,-1,0.25,2,-1.5
93,2,-1,0.25,2,-2
37,2,-1,0.25,3,-0.5
56,2,-1,0.25,3,-1
74,2,-1,0.25,3,-1.5
38,2,-1,0.25,3,-2
87,2,-1,0.25,4,-0.5
45,2,-1,0.25,4,-1
50,2,-1,0.25,4,-1.5
54,2,-1,0.25,4,-2
151,2,-1,0.25,5,-0.5
112,2,-1,0.25,5,-1
57,2,-1,0.25,5,-1.5
57,2,-1,0.25,5,-2
62,2,-1,0.75,1,-0.5
14,2,-1,0.75,1,-1
21,2,-1,0.75,1,-1.5
46,2,-1,0.75,1,-2
78,2,-1,0.75,2,-0.5
45,2,-1,0.75,2,-1
32,2,-1,0.75,2,-1.5
47,2,-1,0.75,2,-2
32,2,-1,0.75,3,-0.5
59,2,-1,0.75,3,-1
48,2,-1,0.75,3,-1.5
28,2,-1,0.75,3,-2
35,2,-1,0.75,4,-0.5
39,2,-1,0.75,4,-1
35,2,-1,0.75,4,-1.5
53,2,-1,0.75,4,-2
75,2,-1,0.75,5,-0.5
53,2,-1,0.75,5,-1
47,2,-1,0.75,5,-1.5
25,2,-1,0.75,5,-2
110,2,-1,1.25,1,-0.5
55,2,-1,1.25,1,-1
54,2,-1,1.25,1,-1.5
59,2,-1,1.25,1,-2
70,2,-1,1.25,2,-0.5
66,2,-1,1.25,2,-1
54,2,-1,1.25,2,-1.5
41,2,-1,1.25,2,-2
75,2,-1,1.25,3,-0.5
69,2,-1,1.25,3,-1
71,2,-1,1.25,3,-1.5
55,2,-1,1.25,3,-2
70,2,-1,1.25,4,-0.5
43,2,-1,1.25,4,-1
44,2,-1,1.25,4,-1.5
49,2,-1,1.25,4,-2
86,2,-1,1.25,5,-0.5
78,2,-1,1.25,5,-1
68,2,-1,1.25,5,-1.5
53,2,-1,1.25,5,-2
129,2,-1,1.75,1,-0.5
93,2,-1,1.75,1,-1
75,2,-1,1.75,1,-1.5
96,2,-1,1.75,1,-2
100,2,-1,1.75,2,-0.5
84,2,-1,1.75,2,-1
94,2,-1,1.75,2,-1.5
67,2,-1,1.75,2,-2
140,2,-1,1.75,3,-0.5
116,2,-1,1.75,3,-1
67,2,-1,1.75,3,-1.5
82,2,-1,1.75,3,-2
120,2,-1,1.75,4,-0.5
81,2,-1,1.75,4,-1
88,2,-1,1.75,4,-1.5
85,2,-1,1.75,4,-2
140,2,-1,1.75,5,-0.5
114,2,-1,1.75,5,-1
59,2,-1,1.75,5,-1.5
107,2,-1,1.75,5,-2
164,2,-2,0.25,1,-0.5
81,2,-2,0.25,1,-1
80,2,-2,0.25,1,-1.5
30,2,-2,0.25,1,-2
322,2,-2,0.25,2,-0.5
158,2,-2,0.25,2,-1
46,2,-2,0.25,2,-1.5
17,2,-2,0.25,2,-2
129,2,-2,0.25,3,-0.5
57,2,-2,0.25,3,-1
90,2,-2,0.25,3,-1.5
38,2,-2,0.25,3,-2
196,2,-2,0.25,4,-0.5
178,2,-2,0.25,4,-1
28,2,-2,0.25,4,-1.5
31,2,-2,0.25,4,-2
210,2,-2,0.25,5,-0.5
60,2,-2,0.25,5,-1
68,2,-2,0.25,5,-1.5
52,2,-2,0.25,5,-2
45,2,-2,0.75,1,-0.5
48,2,-2,0.75,1,-1
38,2,-2,0.75,1,-1.5
27,2,-2,0.75,1,-2
279,2,-2,0.75,2,-0.5
40,2,-2,0.75,2,-1
15,2,-2,0.75,2,-1.5
44,2,-2,0.75,2,-2
34,2,-2,0.75,3,-0.5
29,2,-2,0.75,3,-1
17,2,-2,0.75,3,-1.5
20,2,-2,0.75,3,-2
37,2,-2,0.75,4,-0.5
60,2,-2,0.75,4,-1
28,2,-2,0.75,4,-1.5
19,2,-2,0.75,4,-2
34,2,-2,0.75,5,-0.5
63,2,-2,0.75,5,-1
31,2,-2,0.75,5,-1.5
25,2,-2,0.75,5,-2
42,2,-2,1.25,1,-0.5
48,2,-2,1.25,1,-1
41,2,-2,1.25,1,-1.5
25,2,-2,1.25,1,-2
27,2,-2,1.25,2,-0.5
26,2,-2,1.25,2,-1
73,2,-2,1.25,2,-1.5
43,2,-2,1.25,2,-2
65,2,-2,1.25,3,-0.5
35,2,-2,1.25,3,-1
38,2,-2,1.25,3,-1.5
17,2,-2,1.25,3,-2
40,2,-2,1.25,4,-0.5
15,2,-2,1.25,4,-1
35,2,-2,1.25,4,-1.5
39,2,-2,1.25,4,-2
37,2,-2,1.25,5,-0.5
23,2,-2,1.25,5,-1
52,2,-2,1.25,5,-1.5
40,2,-2,1.25,5,-2
112,2,-2,1.75,1,-0.5
103,2,-2,1.75,1,-1
57,2,-2,1.75,1,-1.5
55,2,-2,1.75,1,-2
83,2,-2,1.75,2,-0.5
91,2,-2,1.75,2,-1
61,2,-2,1.75,2,-1.5
45,2,-2,1.75,2,-2
77,2,-2,1.75,3,-0.5
51,2,-2,1.75,3,-1
48,2,-2,1.75,3,-1.5
58,2,-2,1.75,3,-2
103,2,-2,1.75,4,-0.5
74,2,-2,1.75,4,-1
38,2,-2,1.75,4,-1.5
38,2,-2,1.75,4,-2
84,2,-2,1.75,5,-0.5
54,2,-2,1.75,5,-1
72,2,-2,1.75,5,-1.5
62,2,-2,1.75,5,-2
387,2,-3,0.25,1,-0.5
94,2,-3,0.25,1,-1
90,2,-3,0.25,1,-1.5
429,2,-3,0.25,1,-2
245,2,-3,0.25,2,-0.5
296,2,-3,0.25,2,-1
106,2,-3,0.25,2,-1.5
331,2,-3,0.25,2,-2
99,2,-3,0.25,3,-0.5
117,2,-3,0.25,3,-1
69,2,-3,0.25,3,-1.5
135,2,-3,0.25,3,-2
267,2,-3,0.25,4,-0.5
69,2,-3,0.25,4,-1
383,2,-3,0.25,4,-1.5
20,2,-3,0.25,4,-2
277,2,-3,0.25,5,-0.5
165,2,-3,0.25,5,-1
326,2,-3,0.25,5,-1.5
20,2,-3,0.25,5,-2
38,2,-3,0.75,1,-0.5
59,2,-3,0.75,1,-1
29,2,-3,0.75,1,-1.5
55,2,-3,0.75,1,-2
94,2,-3,0.75,2,-0.5
38,2,-3,0.75,2,-1
220,2,-3,0.75,2,-1.5
57,2,-3,0.75,2,-2
72,2,-3,0.75,3,-0.5
49,2,-3,0.75,3,-1
53,2,-3,0.75,3,-1.5
56,2,-3,0.75,3,-2
52,2,-3,0.75,4,-0.5
18,2,-3,0.75,4,-1
55,2,-3,0.75,4,-1.5
106,2,-3,0.75,4,-2
110,2,-3,0.75,5,-0.5
123,2,-3,0.75,5,-1
20,2,-3,0.75,5,-1.5
21,2,-3,0.75,5,-2
43,2,-3,1.25,1,-0.5
20,2,-3,1.25,1,-1
37,2,-3,1.25,1,-1.5
16,2,-3,1.25,1,-2
333,2,-3,1.25,2,-0.5
41,2,-3,1.25,2,-1
26,2,-3,1.25,2,-1.5
34,2,-3,1.25,2,-2
31,2,-3,1.25,3,-0.5
22,2,-3,1.25,3,-1
55,2,-3,1.25,3,-1.5
49,2,-3,1.25,3,-2
31,2,-3,1.25,4,-0.5
30,2,-3,1.25,4,-1
18,2,-3,1.25,4,-1.5
49,2,-3,1.25,4,-2
32,2,-3,1.25,5,-0.5
29,2,-3,1.25,5,-1
46,2,-3,1.25,5,-1.5
34,2,-3,1.25,5,-2
77,2,-3,1.75,1,-0.5
56,2,-3,1.75,1,-1
33,2,-3,1.75,1,-1.5
36,2,-3,1.75,1,-2
73,2,-3,1.75,2,-0.5
36,2,-3,1.75,2,-1
37,2,-3,1.75,2,-1.5
24,2,-3,1.75,2,-2
47,2,-3,1.75,3,-0.5
45,2,-3,1.75,3,-1
35,2,-3,1.75,3,-1.5
35,2,-3,1.75,3,-2
56,2,-3,1.75,4,-0.5
58,2,-3,1.75,4,-1
37,2,-3,1.75,4,-1.5
27,2,-3,1.75,4,-2
60,2,-3,1.75,5,-0.5
34,2,-3,1.75,5,-1
27,2,-3,1.75,5,-1.5
16,2,-3,1.75,5,-2
362,2,-4,0.25,1,-0.5
446,2,-4,0.25,1,-1
88,2,-4,0.25,1,-1.5
40,2,-4,0.25,1,-2
502,2,-4,0.25,2,-0.5
122,2,-4,0.25,2,-1
183,2,-4,0.25,2,-1.5
71,2,-4,0.25,2,-2
70,2,-4,0.25,3,-0.5
147,2,-4,0.25,3,-1
218,2,-4,0.25,3,-1.5
118,2,-4,0.25,3,-2
84,2,-4,0.25,4,-0.5
120,2,-4,0.25,4,-1
219,2,-4,0.25,4,-1.5
138,2,-4,0.25,4,-2
97,2,-4,0.25,5,-0.5
67,2,-4,0.25,5,-1
43,2,-4,0.25,5,-1.5
231,2,-4,0.25,5,-2
344,2,-4,0.75,1,-0.5
19,2,-4,0.75,1,-1
117,2,-4,0.75,1,-1.5
41,2,-4,0.75,1,-2
127,2,-4,0.75,2,-0.5
74,2,-4,0.75,2,-1
134,2,-4,0.75,2,-1.5
37,2,-4,0.75,2,-2
404,2,-4,0.75,3,-0.5
101,2,-4,0.75,3,-1
118,2,-4,0.75,3,-1.5
20,2,-4,0.75,3,-2
219,2,-4,0.75,4,-0.5
45,2,-4,0.75,4,-1
236,2,-4,0.75,4,-1.5
19,2,-4,0.75,4,-2
131,2,-4,0.75,5,-0.5
84,2,-4,0.75,5,-1
197,2,-4,0.75,5,-1.5
121,2,-4,0.75,5,-2
44,2,-4,1.25,1,-0.5
53,2,-4,1.25,1,-1
35,2,-4,1.25,1,-1.5
123,2,-4,1.25,1,-2
29,2,-4,1.25,2,-0.5
46,2,-4,1.25,2,-1
37,2,-4,1.25,2,-1.5
34,2,-4,1.25,2,-2
44,2,-4,1.25,3,-0.5
31,2,-4,1.25,3,-1
47,2,-4,1.25,3,-1.5
28,2,-4,1.25,3,-2
31,2,-4,1.25,4,-0.5
23,2,-4,1.25,4,-1
26,2,-4,1.25,4,-1.5
43,2,-4,1.25,4,-2
35,2,-4,1.25,5,-0.5
50,2,-4,1.25,5,-1
67,2,-4,1.25,5,-1.5
29,2,-4,1.25,5,-2
53,2,-4,1.75,1,-0.5
42,2,-4,1.75,1,-1
43,2,-4,1.75,1,-1.5
30,2,-4,1.75,1,-2
57,2,-4,1.75,2,-0.5
41,2,-4,1.75,2,-1
39,2,-4,1.75,2,-1.5
25,2,-4,1.75,2,-2
41,2,-4,1.75,3,-0.5
36,2,-4,1.75,3,-1
28,2,-4,1.75,3,-1.5
28,2,-4,1.75,3,-2
37,2,-4,1.75,4,-0.5
64,2,-4,1.75,4,-1
48,2,-4,1.75,4,-1.5
35,2,-4,1.75,4,-2
55,2,-4,1.75,5,-0.5
28,2,-4,1.75,5,-1
31,2,-4,1.75,5,-1.5
32,2,-4,1.75,5,-2
493,2,-5,0.25,1,-0.5
255,2,-5,0.25,1,-1
115,2,-5,0.25,1,-1.5
148,2,-5,0.25,1,-2
280,2,-5,0.25,2,-0.5
475,2,-5,0.25,2,-1
257,2,-5,0.25,2,-1.5
136,2,-5,0.25,2,-2
338,2,-5,0.25,3,-0.5
106,2,-5,0.25,3,-1
115,2,-5,0.25,3,-1.5
75,2,-5,0.25,3,-2
297,2,-5,0.25,4,-0.5
136,2,-5,0.25,4,-1
386,2,-5,0.25,4,-1.5
168,2,-5,0.25,4,-2
98,2,-5,0.25,5,-0.5
43,2,-5,0.25,5,-1
137,2,-5,0.25,5,-1.5
348,2,-5,0.25,5,-2
370,2,-5,0.75,1,-0.5
210,2,-5,0.75,1,-1
173,2,-5,0.75,1,-1.5
61,2,-5,0.75,1,-2
268,2,-5,0.75,2,-0.5
326,2,-5,0.75,2,-1
47,2,-5,0.75,2,-1.5
56,2,-5,0.75,2,-2
231,2,-5,0.75,3,-0.5
132,2,-5,0.75,3,-1
198,2,-5,0.75,3,-1.5
39,2,-5,0.75,3,-2
247,2,-5,0.75,4,-0.5
36,2,-5,0.75,4,-1
144,2,-5,0.75,4,-1.5
44,2,-5,0.75,4,-2
77,2,-5,0.75,5,-0.5
242,2,-5,0.75,5,-1
18,2,-5,0.75,5,-1.5
97,2,-5,0.75,5,-2
51,2,-5,1.25,1,-0.5
89,2,-5,1.25,1,-1
74,2,-5,1.25,1,-1.5
45,2,-5,1.25,1,-2
41,2,-5,1.25,2,-0.5
27,2,-5,1.25,2,-1
23,2,-5,1.25,2,-1.5
58,2,-5,1.25,2,-2
40,2,-5,1.25,3,-0.5
82,2,-5,1.25,3,-1
113,2,-5,1.25,3,-1.5
264,2,-5,1.25,3,-2
33,2,-5,1.25,4,-0.5
33,2,-5,1.25,4,-1
18,2,-5,1.25,4,-1.5
35,2,-5,1.25,4,-2
43,2,-5,1.25,5,-0.5
36,2,-5,1.25,5,-1
30,2,-5,1.25,5,-1.5
31,2,-5,1.25,5,-2
44,2,-5,1.75,1,-0.5
27,2,-5,1.75,1,-1
31,2,-5,1.75,1,-1.5
73,2,-5,1.75,1,-2
36,2,-5,1.75,2,-0.5
28,2,-5,1.75,2,-1
46,2,-5,1.75,2,-1.5
38,2,-5,1.75,2,-2
99,2,-5,1.75,3,-0.5
26,2,-5,1.75,3,-1
49,2,-5,1.75,3,-1.5
44,2,-5,1.75,3,-2
48,2,-5,1.75,4,-0.5
30,2,-5,1.75,4,-1
31,2,-5,1.75,4,-1.5
33,2,-5,1.75,4,-2
27,2,-5,1.75,5,-0.5
35,2,-5,1.75,5,-1
28,2,-5,1.75,5,-1.5
28,2,-5,1.75,5,-2
245,3,-1,0.25,1,-0.5
188,3,-1,0.25,1,-1
97,3,-1,0.25,1,-1.5
42,3,-1,0.25,1,-2
148,3,-1,0.25,2,-0.5
110,3,-1,0.25,2,-1
81,3,-1,0.25,2,-1.5
93,3,-1,0.25,2,-2
70,3,-1,0.25,3,-0.5
79,3,-1,0.25,3,-1
60,3,-1,0.25,3,-1.5
35,3,-1,0.25,3,-2
79,3,-1,0.25,4,-0.5
68,3,-1,0.25,4,-1
81,3,-1,0.25,4,-1.5
67,3,-1,0.25,4,-2
113,3,-1,0.25,5,-0.5
104,3,-1,0.25,5,-1
55,3,-1,0.25,5,-1.5
36,3,-1,0.25,5,-2
135,3,-1,0.75,1,-0.5
61,3,-1,0.75,1,-1
37,3,-1,0.75,1,-1.5
39,3,-1,0.75,1,-2
67,3,-1,0.75,2,-0.5
64,3,-1,0.75,2,-1
27,3,-1,0.75,2,-1.5
57,3,-1,0.75,2,-2
72,3,-1,0.75,3,-0.5
71,3,-1,0.75,3,-1
23,3,-1,0.75,3,-1.5
28,3,-1,0.75,3,-2
63,3,-1,0.75,4,-0.5
44,3,-1,0.75,4,-1
47,3,-1,0.75,4,-1.5
64,3,-1,0.75,4,-2
64,3,-1,0.75,5,-0.5
51,3,-1,0.75,5,-1
30,3,-1,0.75,5,-1.5
36,3,-1,0.75,5,-2
92,3,-1,1.25,1,-0.5
93,3,-1,1.25,1,-1
55,3,-1,1.25,1,-1.5
46,3,-1,1.25,1,-2
89,3,-1,1.25,2,-0.5
59,3,-1,1.25,2,-1
69,3,-1,1.25,2,-1.5
20,3,-1,1.25,2,-2
73,3,-1,1.25,3,-0.5
62,3,-1,1.25,3,-1
65,3,-1,1.25,3,-1.5
37,3,-1,1.25,3,-2
58,3,-1,1.25,4,-0.5
66,3,-1,1.25,4,-1
68,3,-1,1.25,4,-1.5
26,3,-1,1.25,4,-2
58,3,-1,1.25,5,-0.5
63,3,-1,1.25,5,-1
43,3,-1,1.25,5,-1.5
62,3,-1,1.25,5,-2
135,3,-1,1.75,1,-0.5
86,3,-1,1.75,1,-1
91,3,-1,1.75,1,-1.5
88,3,-1,1.75,1,-2
118,3,-1,1.75,2,-0.5
85,3,-1,1.75,2,-1
67,3,-1,1.75,2,-1.5
59,3,-1,1.75,2,-2
120,3,-1,1.75,3,-0.5
81,3,-1,1.75,3,-1
81,3,-1,1.75,3,-1.5
57,3,-1,1.75,3,-2
76,3,-1,1.75,4,-0.5
103,3,-1,1.75,4,-1
47,3,-1,1.75,4,-1.5
79,3,-1,1.75,4,-2
112,3,-1,1.75,5,-0.5
66,3,-1,1.75,5,-1
73,3,-1,1.75,5,-1.5
60,3,-1,1.75,5,-2
387,3,-2,0.25,1,-0.5
153,3,-2,0.25,1,-1
100,3,-2,0.25,1,-1.5
50,3,-2,0.25,1,-2
220,3,-2,0.25,2,-0.5
109,3,-2,0.25,2,-1
197,3,-2,0.25,2,-1.5
42,3,-2,0.25,2,-2
159,3,-2,0.25,3,-0.5
392,3,-2,0.25,3,-1
97,3,-2,0.25,3,-1.5
64,3,-2,0.25,3,-2
157,3,-2,0.25,4,-0.5
85,3,-2,0.25,4,-1
69,3,-2,0.25,4,-1.5
21,3,-2,0.25,4,-2
177,3,-2,0.25,5,-0.5
61,3,-2,0.25,5,-1
61,3,-2,0.25,5,-1.5
53,3,-2,0.25,5,-2
64,3,-2,0.75,1,-0.5
68,3,-2,0.75,1,-1
85,3,-2,0.75,1,-1.5
44,3,-2,0.75,1,-2
48,3,-2,0.75,2,-0.5
69,3,-2,0.75,2,-1
117,3,-2,0.75,2,-1.5
22,3,-2,0.75,2,-2
42,3,-2,0.75,3,-0.5
35,3,-2,0.75,3,-1
21,3,-2,0.75,3,-1.5
24,3,-2,0.75,3,-2
179,3,-2,0.75,4,-0.5
36,3,-2,0.75,4,-1
26,3,-2,0.75,4,-1.5
21,3,-2,0.75,4,-2
54,3,-2,0.75,5,-0.5
55,3,-2,0.75,5,-1
38,3,-2,0.75,5,-1.5
35,3,-2,0.75,5,-2
45,3,-2,1.25,1,-0.5
73,3,-2,1.25,1,-1
51,3,-2,1.25,1,-1.5
38,3,-2,1.25,1,-2
44,3,-2,1.25,2,-0.5
23,3,-2,1.25,2,-1
49,3,-2,1.25,2,-1.5
35,3,-2,1.25,2,-2
45,3,-2,1.25,3,-0.5
24,3,-2,1.25,3,-1
36,3,-2,1.25,3,-1.5
28,3,-2,1.25,3,-2
69,3,-2,1.25,4,-0.5
18,3,-2,1.25,4,-1
50,3,-2,1.25,4,-1.5
23,3,-2,1.25,4,-2
33,3,-2,1.25,5,-0.5
48,3,-2,1.25,5,-1
45,3,-2,1.25,5,-1.5
47,3,-2,1.25,5,-2
99,3,-2,1.75,1,-0.5
74,3,-2,1.75,1,-1
94,3,-2,1.75,1,-1.5
49,3,-2,1.75,1,-2
77,3,-2,1.75,2,-0.5
80,3,-2,1.75,2,-1
44,3,-2,1.75,2,-1.5
21,3,-2,1.75,2,-2
63,3,-2,1.75,3,-0.5
55,3,-2,1.75,3,-1
59,3,-2,1.75,3,-1.5
23,3,-2,1.75,3,-2
57,3,-2,1.75,4,-0.5
52,3,-2,1.75,4,-1
49,3,-2,1.75,4,-1.5
43,3,-2,1.75,4,-2
30,3,-2,1.75,5,-0.5
63,3,-2,1.75,5,-1
43,3,-2,1.75,5,-1.5
46,3,-2,1.75,5,-2
182,3,-3,0.25,1,-0.5
267,3,-3,0.25,1,-1
130,3,-3,0.25,1,-1.5
121,3,-3,0.25,1,-2
470,3,-3,0.25,2,-0.5
134,3,-3,0.25,2,-1
215,3,-3,0.25,2,-1.5
83,3,-3,0.25,2,-2
64,3,-3,0.25,3,-0.5
163,3,-3,0.25,3,-1
126,3,-3,0.25,3,-1.5
305,3,-3,0.25,3,-2
264,3,-3,0.25,4,-0.5
112,3,-3,0.25,4,-1
52,3,-3,0.25,4,-1.5
68,3,-3,0.25,4,-2
110,3,-3,0.25,5,-0.5
186,3,-3,0.25,5,-1
57,3,-3,0.25,5,-1.5
66,3,-3,0.25,5,-2
65,3,-3,0.75,1,-0.5
106,3,-3,0.75,1,-1
216,3,-3,0.75,1,-1.5
28,3,-3,0.75,1,-2
81,3,-3,0.75,2,-0.5
462,3,-3,0.75,2,-1
27,3,-3,0.75,2,-1.5
33,3,-3,0.75,2,-2
63,3,-3,0.75,3,-0.5
82,3,-3,0.75,3,-1
78,3,-3,0.75,3,-1.5
51,3,-3,0.75,3,-2
28,3,-3,0.75,4,-0.5
36,3,-3,0.75,4,-1
26,3,-3,0.75,4,-1.5
61,3,-3,0.75,4,-2
140,3,-3,0.75,5,-0.5
41,3,-3,0.75,5,-1
67,3,-3,0.75,5,-1.5
62,3,-3,0.75,5,-2
29,3,-3,1.25,1,-0.5
27,3,-3,1.25,1,-1
27,3,-3,1.25,1,-1.5
30,3,-3,1.25,1,-2
42,3,-3,1.25,2,-0.5
32,3,-3,1.25,2,-1
23,3,-3,1.25,2,-1.5
29,3,-3,1.25,2,-2
31,3,-3,1.25,3,-0.5
15,3,-3,1.25,3,-1
31,3,-3,1.25,3,-1.5
38,3,-3,1.25,3,-2
68,3,-3,1.25,4,-0.5
64,3,-3,1.25,4,-1
38,3,-3,1.25,4,-1.5
43,3,-3,1.25,4,-2
43,3,-3,1.25,5,-0.5
60,3,-3,1.25,5,-1
20,3,-3,1.25,5,-1.5
45,3,-3,1.25,5,-2
71,3,-3,1.75,1,-0.5
37,3,-3,1.75,1,-1
29,3,-3,1.75,1,-1.5
33,3,-3,1.75,1,-2
77,3,-3,1.75,2,-0.5
66,3,-3,1.75,2,-1
72,3,-3,1.75,2,-1.5
41,3,-3,1.75,2,-2
43,3,-3,1.75,3,-0.5
29,3,-3,1.75,3,-1
24,3,-3,1.75,3,-1.5
32,3,-3,1.75,3,-2
50,3,-3,1.75,4,-0.5
44,3,-3,1.75,4,-1
24,3,-3,1.75,4,-1.5
26,3,-3,1.75,4,-2
39,3,-3,1.75,5,-0.5
20,3,-3,1.75,5,-1
15,3,-3,1.75,5,-1.5
34,3,-3,1.75,5,-2
210,3,-4,0.25,1,-0.5
271,3,-4,0.25,1,-1
186,3,-4,0.25,1,-1.5
298,3,-4,0.25,1,-2
460,3,-4,0.25,2,-0.5
243,3,-4,0.25,2,-1
366,3,-4,0.25,2,-1.5
69,3,-4,0.25,2,-2
150,3,-4,0.25,3,-0.5
169,3,-4,0.25,3,-1
326,3,-4,0.25,3,-1.5
177,3,-4,0.25,3,-2
242,3,-4,0.25,4,-0.5
216,3,-4,0.25,4,-1
71,3,-4,0.25,4,-1.5
138,3,-4,0.25,4,-2
126,3,-4,0.25,5,-0.5
121,3,-4,0.25,5,-1
111,3,-4,0.25,5,-1.5
191,3,-4,0.25,5,-2
137,3,-4,0.75,1,-0.5
472,3,-4,0.75,1,-1
101,3,-4,0.75,1,-1.5
219,3,-4,0.75,1,-2
356,3,-4,0.75,2,-0.5
110,3,-4,0.75,2,-1
307,3,-4,0.75,2,-1.5
30,3,-4,0.75,2,-2
262,3,-4,0.75,3,-0.5
291,3,-4,0.75,3,-1
26,3,-4,0.75,3,-1.5
25,3,-4,0.75,3,-2
51,3,-4,0.75,4,-0.5
120,3,-4,0.75,4,-1
31,3,-4,0.75,4,-1.5
49,3,-4,0.75,4,-2
85,3,-4,0.75,5,-0.5
50,3,-4,0.75,5,-1
68,3,-4,0.75,5,-1.5
77,3,-4,0.75,5,-2
84,3,-4,1.25,1,-0.5
28,3,-4,1.25,1,-1
28,3,-4,1.25,1,-1.5
47,3,-4,1.25,1,-2
54,3,-4,1.25,2,-0.5
71,3,-4,1.25,2,-1
54,3,-4,1.25,2,-1.5
47,3,-4,1.25,2,-2
74,3,-4,1.25,3,-0.5
37,3,-4,1.25,3,-1
73,3,-4,1.25,3,-1.5
18,3,-4,1.25,3,-2
143,3,-4,1.25,4,-0.5
212,3,-4,1.25,4,-1
42,3,-4,1.25,4,-1.5
31,3,-4,1.25,4,-2
20,3,-4,1.25,5,-0.5
17,3,-4,1.25,5,-1
31,3,-4,1.25,5,-1.5
36,3,-4,1.25,5,-2
62,3,-4,1.75,1,-0.5
134,3,-4,1.75,1,-1
48,3,-4,1.75,1,-1.5
35,3,-4,1.75,1,-2
47,3,-4,1.75,2,-0.5
33,3,-4,1.75,2,-1
26,3,-4,1.75,2,-1.5
24,3,-4,1.75,2,-2
57,3,-4,1.75,3,-0.5
36,3,-4,1.75,3,-1
37,3,-4,1.75,3,-1.5
42,3,-4,1.75,3,-2
73,3,-4,1.75,4,-0.5
28,3,-4,1.75,4,-1
22,3,-4,1.75,4,-1.5
55,3,-4,1.75,4,-2
48,3,-4,1.75,5,-0.5
30,3,-4,1.75,5,-1
24,3,-4,1.75,5,-1.5
19,3,-4,1.75,5,-2
417,3,-5,0.25,1,-0.5
456,3,-5,0.25,1,-1
106,3,-5,0.25,1,-1.5
148,3,-5,0.25,1,-2
123,3,-5,0.25,2,-0.5
258,3,-5,0.25,2,-1
315,3,-5,0.25,2,-1.5
411,3,-5,0.25,2,-2
342,3,-5,0.25,3,-0.5
238,3,-5,0.25,3,-1
178,3,-5,0.25,3,-1.5
246,3,-5,0.25,3,-2
350,3,-5,0.25,4,-0.5
249,3,-5,0.25,4,-1
138,3,-5,0.25,4,-1.5
286,3,-5,0.25,4,-2
228,3,-5,0.25,5,-0.5
249,3,-5,0.25,5,-1
174,3,-5,0.25,5,-1.5
226,3,-5,0.25,5,-2
301,3,-5,0.75,1,-0.5
88,3,-5,0.75,1,-1
77,3,-5,0.75,1,-1.5
118,3,-5,0.75,1,-2
165,3,-5,0.75,2,-0.5
312,3,-5,0.75,2,-1
46,3,-5,0.75,2,-1.5
19,3,-5,0.75,2,-2
93,3,-5,0.75,3,-0.5
84,3,-5,0.75,3,-1
159,3,-5,0.75,3,-1.5
20,3,-5,0.75,3,-2
331,3,-5,0.75,4,-0.5
215,3,-5,0.75,4,-1
26,3,-5,0.75,4,-1.5
35,3,-5,0.75,4,-2
52,3,-5,0.75,5,-0.5
45,3,-5,0.75,5,-1
149,3,-5,0.75,5,-1.5
31,3,-5,0.75,5,-2
91,3,-5,1.25,1,-0.5
52,3,-5,1.25,1,-1
244,3,-5,1.25,1,-1.5
40,3,-5,1.25,1,-2
39,3,-5,1.25,2,-0.5
33,3,-5,1.25,2,-1
206,3,-5,1.25,2,-1.5
52,3,-5,1.25,2,-2
28,3,-5,1.25,3,-0.5
275,3,-5,1.25,3,-1
48,3,-5,1.25,3,-1.5
80,3,-5,1.25,3,-2
65,3,-5,1.25,4,-0.5
22,3,-5,1.25,4,-1
243,3,-5,1.25,4,-1.5
23,3,-5,1.25,4,-2
55,3,-5,1.25,5,-0.5
52,3,-5,1.25,5,-1
21,3,-5,1.25,5,-1.5
44,3,-5,1.25,5,-2
80,3,-5,1.75,1,-0.5
58,3,-5,1.75,1,-1
51,3,-5,1.75,1,-1.5
71,3,-5,1.75,1,-2
111,3,-5,1.75,2,-0.5
24,3,-5,1.75,2,-1
21,3,-5,1.75,2,-1.5
26,3,-5,1.75,2,-2
76,3,-5,1.75,3,-0.5
36,3,-5,1.75,3,-1
28,3,-5,1.75,3,-1.5
15,3,-5,1.75,3,-2
404,3,-5,1.75,4,-0.5
33,3,-5,1.75,4,-1
75,3,-5,1.75,4,-1.5
28,3,-5,1.75,4,-2
56,3,-5,1.75,5,-0.5
58,3,-5,1.75,5,-1
25,3,-5,1.75,5,-1.5
201,3,-5,1.75,5,-2
135,4,-1,0.25,1,-0.5
140,4,-1,0.25,1,-1
134,4,-1,0.25,1,-1.5
63,4,-1,0.25,1,-2
107,4,-1,0.25,2,-0.5
150,4,-1,0.25,2,-1
130,4,-1,0.25,2,-1.5
52,4,-1,0.25,2,-2
210,4,-1,0.25,3,-0.5
86,4,-1,0.25,3,-1
84,4,-1,0.25,3,-1.5
82,4,-1,0.25,3,-2
84,4,-1,0.25,4,-0.5
199,4,-1,0.25,4,-1
130,4,-1,0.25,4,-1.5
97,4,-1,0.25,4,-2
117,4,-1,0.25,5,-0.5
160,4,-1,0.25,5,-1
118,4,-1,0.25,5,-1.5
78,4,-1,0.25,5,-2
127,4,-1,0.75,1,-0.5
97,4,-1,0.75,1,-1
112,4,-1,0.75,1,-1.5
66,4,-1,0.75,1,-2
111,4,-1,0.75,2,-0.5
75,4,-1,0.75,2,-1
52,4,-1,0.75,2,-1.5
55,4,-1,0.75,2,-2
80,4,-1,0.75,3,-0.5
54,4,-1,0.75,3,-1
42,4,-1,0.75,3,-1.5
27,4,-1,0.75,3,-2
109,4,-1,0.75,4,-0.5
59,4,-1,0.75,4,-1
59,4,-1,0.75,4,-1.5
35,4,-1,0.75,4,-2
73,4,-1,0.75,5,-0.5
49,4,-1,0.75,5,-1
163,4,-1,0.75,5,-1.5
38,4,-1,0.75,5,-2
108,4,-1,1.25,1,-0.5
101,4,-1,1.25,1,-1
64,4,-1,1.25,1,-1.5
108,4,-1,1.25,1,-2
59,4,-1,1.25,2,-0.5
86,4,-1,1.25,2,-1
81,4,-1,1.25,2,-1.5
69,4,-1,1.25,2,-2
78,4,-1,1.25,3,-0.5
80,4,-1,1.25,3,-1
45,4,-1,1.25,3,-1.5
52,4,-1,1.25,3,-2
60,4,-1,1.25,4,-0.5
65,4,-1,1.25,4,-1
45,4,-1,1.25,4,-1.5
69,4,-1,1.25,4,-2
100,4,-1,1.25,5,-0.5
72,4,-1,1.25,5,-1
75,4,-1,1.25,5,-1.5
33,4,-1,1.25,5,-2
131,4,-1,1.75,1,-0.5
78,4,-1,1.75,1,-1
98,4,-1,1.75,1,-1.5
89,4,-1,1.75,1,-2
103,4,-1,1.75,2,-0.5
94,4,-1,1.75,2,-1
55,4,-1,1.75,2,-1.5
81,4,-1,1.75,2,-2
99,4,-1,1.75,3,-0.5
88,4,-1,1.75,3,-1
62,4,-1,1.75,3,-1.5
63,4,-1,1.75,3,-2
77,4,-1,1.75,4,-0.5
105,4,-1,1.75,4,-1
97,4,-1,1.75,4,-1.5
51,4,-1,1.75,4,-2
96,4,-1,1.75,5,-0.5
53,4,-1,1.75,5,-1
79,4,-1,1.75,5,-1.5
70,4,-1,1.75,5,-2
230,4,-2,0.25,1,-0.5
174,4,-2,0.25,1,-1
179,4,-2,0.25,1,-1.5
83,4,-2,0.25,1,-2
346,4,-2,0.25,2,-0.5
136,4,-2,0.25,2,-1
195,4,-2,0.25,2,-1.5
46,4,-2,0.25,2,-2
185,4,-2,0.25,3,-0.5
128,4,-2,0.25,3,-1
493,4,-2,0.25,3,-1.5
60,4,-2,0.25,3,-2
301,4,-2,0.25,4,-0.5
115,4,-2,0.25,4,-1
153,4,-2,0.25,4,-1.5
54,4,-2,0.25,4,-2
185,4,-2,0.25,5,-0.5
398,4,-2,0.25,5,-1
260,4,-2,0.25,5,-1.5
68,4,-2,0.25,5,-2
171,4,-2,0.75,1,-0.5
90,4,-2,0.75,1,-1
484,4,-2,0.75,1,-1.5
74,4,-2,0.75,1,-2
110,4,-2,0.75,2,-0.5
78,4,-2,0.75,2,-1
35,4,-2,0.75,2,-1.5
29,4,-2,0.75,2,-2
57,4,-2,0.75,3,-0.5
90,4,-2,0.75,3,-1
74,4,-2,0.75,3,-1.5
53,4,-2,0.75,3,-2
66,4,-2,0.75,4,-0.5
70,4,-2,0.75,4,-1
43,4,-2,0.75,4,-1.5
59,4,-2,0.75,4,-2
128,4,-2,0.75,5,-0.5
60,4,-2,0.75,5,-1
49,4,-2,0.75,5,-1.5
55,4,-2,0.75,5,-2
56,4,-2,1.25,1,-0.5
69,4,-2,1.25,1,-1
36,4,-2,1.25,1,-1.5
51,4,-2,1.25,1,-2
56,4,-2,1.25,2,-0.5
40,4,-2,1.25,2,-1
42,4,-2,1.25,2,-1.5
44,4,-2,1.25,2,-2
107,4,-2,1.25,3,-0.5
65,4,-2,1.25,3,-1
49,4,-2,1.25,3,-1.5
35,4,-2,1.25,3,-2
48,4,-2,1.25,4,-0.5
54,4,-2,1.25,4,-1
49,4,-2,1.25,4,-1.5
54,4,-2,1.25,4,-2
43,4,-2,1.25,5,-0.5
44,4,-2,1.25,5,-1
53,4,-2,1.25,5,-1.5
30,4,-2,1.25,5,-2
98,4,-2,1.75,1,-0.5
32,4,-2,1.75,1,-1
36,4,-2,1.75,1,-1.5
63,4,-2,1.75,1,-2
78,4,-2,1.75,2,-0.5
57,4,-2,1.75,2,-1
44,4,-2,1.75,2,-1.5
25,4,-2,1.75,2,-2
68,4,-2,1.75,3,-0.5
51,4,-2,1.75,3,-1
44,4,-2,1.75,3,-1.5
45,4,-2,1.75,3,-2
80,4,-2,1.75,4,-0.5
53,4,-2,1.75,4,-1
54,4,-2,1.75,4,-1.5
57,4,-2,1.75,4,-2
67,4,-2,1.75,5,-0.5
49,4,-2,1.75,5,-1
36,4,-2,1.75,5,-1.5
43,4,-2,1.75,5,-2
302,4,-3,0.25,1,-0.5
188,4,-3,0.25,1,-1
381,4,-3,0.25,1,-1.5
118,4,-3,0.25,1,-2
302,4,-3,0.25,2,-0.5
117,4,-3,0.25,2,-1
343,4,-3,0.25,2,-1.5
98,4,-3,0.25,2,-2
234,4,-3,0.25,3,-0.5
225,4,-3,0.25,3,-1
100,4,-3,0.25,3,-1.5
120,4,-3,0.25,3,-2
221,4,-3,0.25,4,-0.5
198,4,-3,0.25,4,-1
125,4,-3,0.25,4,-1.5
438,4,-3,0.25,4,-2
91,4,-3,0.25,5,-0.5
161,4,-3,0.25,5,-1
173,4,-3,0.25,5,-1.5
82,4,-3,0.25,5,-2
170,4,-3,0.75,1,-0.5
493,4,-3,0.75,1,-1
144,4,-3,0.75,1,-1.5
24,4,-3,0.75,1,-2
128,4,-3,0.75,2,-0.5
46,4,-3,0.75,2,-1
51,4,-3,0.75,2,-1.5
60,4,-3,0.75,2,-2
41,4,-3,0.75,3,-0.5
80,4,-3,0.75,3,-1
126,4,-3,0.75,3,-1.5
56,4,-3,0.75,3,-2
74,4,-3,0.75,4,-0.5
128,4,-3,0.75,4,-1
35,4,-3,0.75,4,-1.5
76,4,-3,0.75,4,-2
46,4,-3,0.75,5,-0.5
97,4,-3,0.75,5,-1
94,4,-3,0.75,5,-1.5
22,4,-3,0.75,5,-2
65,4,-3,1.25,1,-0.5
48,4,-3,1.25,1,-1
51,4,-3,1.25,1,-1.5
152,4,-3,1.25,1,-2
53,4,-3,1.25,2,-0.5
37,4,-3,1.25,2,-1
36,4,-3,1.25,2,-1.5
51,4,-3,1.25,2,-2
74,4,-3,1.25,3,-0.5
38,4,-3,1.25,3,-1
27,4,-3,1.25,3,-1.5
219,4,-3,1.25,3,-2
47,4,-3,1.25,4,-0.5
51,4,-3,1.25,4,-1
23,4,-3,1.25,4,-1.5
16,4,-3,1.25,4,-2
39,4,-3,1.25,5,-0.5
15,4,-3,1.25,5,-1
16,4,-3,1.25,5,-1.5
36,4,-3,1.25,5,-2
66,4,-3,1.75,1,-0.5
39,4,-3,1.75,1,-1
55,4,-3,1.75,1,-1.5
23,4,-3,1.75,1,-2
61,4,-3,1.75,2,-0.5
75,4,-3,1.75,2,-1
19,4,-3,1.75,2,-1.5
23,4,-3,1.75,2,-2
75,4,-3,1.75,3,-0.5
28,4,-3,1.75,3,-1
94,4,-3,1.75,3,-1.5
26,4,-3,1.75,3,-2
114,4,-3,1.75,4,-0.5
56,4,-3,1.75,4,-1
31,4,-3,1.75,4,-1.5
65,4,-3,1.75,4,-2
65,4,-3,1.75,5,-0.5
24,4,-3,1.75,5,-1
34,4,-3,1.75,5,-1.5
28,4,-3,1.75,5,-2
511,4,-4,0.25,1,-0.5
252,4,-4,0.25,1,-1
268,4,-4,0.25,1,-1.5
69,4,-4,0.25,1,-2
511,4,-4,0.25,2,-0.5
271,4,-4,0.25,2,-1
88,4,-4,0.25,2,-1.5
209,4,-4,0.25,2,-2
313,4,-4,0.25,3,-0.5
121,4,-4,0.25,3,-1
226,4,-4,0.25,3,-1.5
179,4,-4,0.25,3,-2
385,4,-4,0.25,4,-0.5
265,4,-4,0.25,4,-1
82,4,-4,0.25,4,-1.5
78,4,-4,0.25,4,-2
88,4,-4,0.25,5,-0.5
292,4,-4,0.25,5,-1
148,4,-4,0.25,5,-1.5
183,4,-4,0.25,5,-2
118,4,-4,0.75,1,-0.5
79,4,-4,0.75,1,-1
55,4,-4,0.75,1,-1.5
84,4,-4,0.75,1,-2
172,4,-4,0.75,2,-0.5
126,4,-4,0.75,2,-1
44,4,-4,0.75,2,-1.5
131,4,-4,0.75,2,-2
71,4,-4,0.75,3,-0.5
84,4,-4,0.75,3,-1
119,4,-4,0.75,3,-1.5
34,4,-4,0.75,3,-2
165,4,-4,0.75,4,-0.5
77,4,-4,0.75,4,-1
127,4,-4,0.75,4,-1.5
31,4,-4,0.75,4,-2
363,4,-4,0.75,5,-0.5
180,4,-4,0.75,5,-1
56,4,-4,0.75,5,-1.5
59,4,-4,0.75,5,-2
75,4,-4,1.25,1,-0.5
58,4,-4,1.25,1,-1
56,4,-4,1.25,1,-1.5
61,4,-4,1.25,1,-2
65,4,-4,1.25,2,-0.5
30,4,-4,1.25,2,-1
42,4,-4,1.25,2,-1.5
62,4,-4,1.25,2,-2
42,4,-4,1.25,3,-0.5
87,4,-4,1.25,3,-1
82,4,-4,1.25,3,-1.5
28,4,-4,1.25,3,-2
100,4,-4,1.25,4,-0.5
74,4,-4,1.25,4,-1
31,4,-4,1.25,4,-1.5
55,4,-4,1.25,4,-2
346,4,-4,1.25,5,-0.5
387,4,-4,1.25,5,-1
41,4,-4,1.25,5,-1.5
60,4,-4,1.25,5,-2
61,4,-4,1.75,1,-0.5
37,4,-4,1.75,1,-1
59,4,-4,1.75,1,-1.5
23,4,-4,1.75,1,-2
63,4,-4,1.75,2,-0.5
27,4,-4,1.75,2,-1
39,4,-4,1.75,2,-1.5
40,4,-4,1.75,2,-2
30,4,-4,1.75,3,-0.5
49,4,-4,1.75,3,-1
33,4,-4,1.75,3,-1.5
27,4,-4,1.75,3,-2
37,4,-4,1.75,4,-0.5
56,4,-4,1.75,4,-1
59,4,-4,1.75,4,-1.5
31,4,-4,1.75,4,-2
33,4,-4,1.75,5,-0.5
36,4,-4,1.75,5,-1
16,4,-4,1.75,5,-1.5
57,4,-4,1.75,5,-2
376,4,-5,0.25,1,-0.5
246,4,-5,0.25,1,-1
442,4,-5,0.25,1,-1.5
271,4,-5,0.25,1,-2
376,4,-5,0.25,2,-0.5
298,4,-5,0.25,2,-1
178,4,-5,0.25,2,-1.5
179,4,-5,0.25,2,-2
467,4,-5,0.25,3,-0.5
268,4,-5,0.25,3,-1
347,4,-5,0.25,3,-1.5
417,4,-5,0.25,3,-2
203,4,-5,0.25,4,-0.5
268,4,-5,0.25,4,-1
262,4,-5,0.25,4,-1.5
56,4,-5,0.25,4,-2
404,4,-5,0.25,5,-0.5
248,4,-5,0.25,5,-1
367,4,-5,0.25,5,-1.5
71,4,-5,0.25,5,-2
346,4,-5,0.75,1,-0.5
347,4,-5,0.75,1,-1
106,4,-5,0.75,1,-1.5
50,4,-5,0.75,1,-2
209,4,-5,0.75,2,-0.5
190,4,-5,0.75,2,-1
92,4,-5,0.75,2,-1.5
293,4,-5,0.75,2,-2
69,4,-5,0.75,3,-0.5
210,4,-5,0.75,3,-1
78,4,-5,0.75,3,-1.5
457,4,-5,0.75,3,-2
61,4,-5,0.75,4,-0.5
160,4,-5,0.75,4,-1
445,4,-5,0.75,4,-1.5
64,4,-5,0.75,4,-2
287,4,-5,0.75,5,-0.5
116,4,-5,0.75,5,-1
117,4,-5,0.75,5,-1.5
51,4,-5,0.75,5,-2
164,4,-5,1.25,1,-0.5
43,4,-5,1.25,1,-1
226,4,-5,1.25,1,-1.5
83,4,-5,1.25,1,-2
132,4,-5,1.25,2,-0.5
56,4,-5,1.25,2,-1
240,4,-5,1.25,2,-1.5
62,4,-5,1.25,2,-2
79,4,-5,1.25,3,-0.5
59,4,-5,1.25,3,-1
153,4,-5,1.25,3,-1.5
67,4,-5,1.25,3,-2
39,4,-5,1.25,4,-0.5
26,4,-5,1.25,4,-1
445,4,-5,1.25,4,-1.5
48,4,-5,1.25,4,-2
406,4,-5,1.25,5,-0.5
308,4,-5,1.25,5,-1
55,4,-5,1.25,5,-1.5
30,4,-5,1.25,5,-2
491,4,-5,1.75,1,-0.5
93,4,-5,1.75,1,-1
17,4,-5,1.75,1,-1.5
32,4,-5,1.75,1,-2
431,4,-5,1.75,2,-0.5
51,4,-5,1.75,2,-1
255,4,-5,1.75,2,-1.5
29,4,-5,1.75,2,-2
545,4,-5,1.75,3,-0.5
142,4,-5,1.75,3,-1
63,4,-5,1.75,3,-1.5
169,4,-5,1.75,3,-2
41,4,-5,1.75,4,-0.5
60,4,-5,1.75,4,-1
28,4,-5,1.75,4,-1.5
27,4,-5,1.75,4,-2
22,4,-5,1.75,5,-0.5
54,4,-5,1.75,5,-1
38,4,-5,1.75,5,-1.5
42,4,-5,1.75,5,-2
283,5,-1,0.25,1,-0.5
145,5,-1,0.25,1,-1
164,5,-1,0.25,1,-1.5
113,5,-1,0.25,1,-2
259,5,-1,0.25,2,-0.5
389,5,-1,0.25,2,-1
142,5,-1,0.25,2,-1.5
132,5,-1,0.25,2,-2
161,5,-1,0.25,3,-0.5
180,5,-1,0.25,3,-1
127,5,-1,0.25,3,-1.5
152,5,-1,0.25,3,-2
352,5,-1,0.25,4,-0.5
137,5,-1,0.25,4,-1
126,5,-1,0.25,4,-1.5
134,5,-1,0.25,4,-2
175,5,-1,0.25,5,-0.5
116,5,-1,0.25,5,-1
84,5,-1,0.25,5,-1.5
115,5,-1,0.25,5,-2
147,5,-1,0.75,1,-0.5
109,5,-1,0.75,1,-1
98,5,-1,0.75,1,-1.5
91,5,-1,0.75,1,-2
136,5,-1,0.75,2,-0.5
131,5,-1,0.75,2,-1
100,5,-1,0.75,2,-1.5
53,5,-1,0.75,2,-2
139,5,-1,0.75,3,-0.5
91,5,-1,0.75,3,-1
82,5,-1,0.75,3,-1.5
70,5,-1,0.75,3,-2
94,5,-1,0.75,4,-0.5
139,5,-1,0.75,4,-1
127,5,-1,0.75,4,-1.5
53,5,-1,0.75,4,-2
113,5,-1,0.75,5,-0.5
106,5,-1,0.75,5,-1
67,5,-1,0.75,5,-1.5
78,5,-1,0.75,5,-2
134,5,-1,1.25,1,-0.5
98,5,-1,1.25,1,-1
101,5,-1,1.25,1,-1.5
50,5,-1,1.25,1,-2
98,5,-1,1.25,2,-0.5
85,5,-1,1.25,2,-1
54,5,-1,1.25,2,-1.5
45,5,-1,1.25,2,-2
105,5,-1,1.25,3,-0.5
104,5,-1,1.25,3,-1
74,5,-1,1.25,3,-1.5
74,5,-1,1.25,3,-2
88,5,-1,1.25,4,-0.5
80,5,-1,1.25,4,-1
99,5,-1,1.25,4,-1.5
32,5,-1,1.25,4,-2
90,5,-1,1.25,5,-0.5
88,5,-1,1.25,5,-1
60,5,-1,1.25,5,-1.5
47,5,-1,1.25,5,-2
131,5,-1,1.75,1,-0.5
88,5,-1,1.75,1,-1
107,5,-1,1.75,1,-1.5
98,5,-1,1.75,1,-2
123,5,-1,1.75,2,-0.5
113,5,-1,1.75,2,-1
79,5,-1,1.75,2,-1.5
85,5,-1,1.75,2,-2
99,5,-1,1.75,3,-0.5
65,5,-1,1.75,3,-1
79,5,-1,1.75,3,-1.5
89,5,-1,1.75,3,-2
118,5,-1,1.75,4,-0.5
73,5,-1,1.75,4,-1
71,5,-1,1.75,4,-1.5
58,5,-1,1.75,4,-2
74,5,-1,1.75,5,-0.5
82,5,-1,1.75,5,-1
86,5,-1,1.75,5,-1.5
58,5,-1,1.75,5,-2
337,5,-2,0.25,1,-0.5
322,5,-2,0.25,1,-1
146,5,-2,0.25,1,-1.5
220,5,-2,0.25,1,-2
247,5,-2,0.25,2,-0.5
476,5,-2,0.25,2,-1
174,5,-2,0.25,2,-1.5
150,5,-2,0.25,2,-2
314,5,-2,0.25,3,-0.5
155,5,-2,0.25,3,-1
141,5,-2,0.25,3,-1.5
309,5,-2,0.25,3,-2
245,5,-2,0.25,4,-0.5
310,5,-2,0.25,4,-1
420,5,-2,0.25,4,-1.5
232,5,-2,0.25,4,-2
227,5,-2,0.25,5,-0.5
269,5,-2,0.25,5,-1
165,5,-2,0.25,5,-1.5
65,5,-2,0.25,5,-2
101,5,-2,0.75,1,-0.5
306,5,-2,0.75,1,-1
98,5,-2,0.75,1,-1.5
71,5,-2,0.75,1,-2
122,5,-2,0.75,2,-0.5
93,5,-2,0.75,2,-1
103,5,-2,0.75,2,-1.5
75,5,-2,0.75,2,-2
70,5,-2,0.75,3,-0.5
102,5,-2,0.75,3,-1
251,5,-2,0.75,3,-1.5
73,5,-2,0.75,3,-2
139,5,-2,0.75,4,-0.5
118,5,-2,0.75,4,-1
60,5,-2,0.75,4,-1.5
76,5,-2,0.75,4,-2
132,5,-2,0.75,5,-0.5
82,5,-2,0.75,5,-1
52,5,-2,0.75,5,-1.5
53,5,-2,0.75,5,-2
119,5,-2,1.25,1,-0.5
98,5,-2,1.25,1,-1
100,5,-2,1.25,1,-1.5
58,5,-2,1.25,1,-2
132,5,-2,1.25,2,-0.5
63,5,-2,1.25,2,-1
55,5,-2,1.25,2,-1.5
61,5,-2,1.25,2,-2
48,5,-2,1.25,3,-0.5
53,5,-2,1.25,3,-1
89,5,-2,1.25,3,-1.5
57,5,-2,1.25,3,-2
61,5,-2,1.25,4,-0.5
90,5,-2,1.25,4,-1
49,5,-2,1.25,4,-1.5
46,5,-2,1.25,4,-2
40,5,-2,1.25,5,-0.5
47,5,-2,1.25,5,-1
58,5,-2,1.25,5,-1.5
22,5,-2,1.25,5,-2
93,5,-2,1.75,1,-0.5
85,5,-2,1.75,1,-1
52,5,-2,1.75,1,-1.5
66,5,-2,1.75,1,-2
88,5,-2,1.75,2,-0.5
69,5,-2,1.75,2,-1
67,5,-2,1.75,2,-1.5
42,5,-2,1.75,2,-2
86,5,-2,1.75,3,-0.5
65,5,-2,1.75,3,-1
50,5,-2,1.75,3,-1.5
40,5,-2,1.75,3,-2
86,5,-2,1.75,4,-0.5
74,5,-2,1.75,4,-1
36,5,-2,1.75,4,-1.5
33,5,-2,1.75,4,-2
39,5,-2,1.75,5,-0.5
70,5,-2,1.75,5,-1
44,5,-2,1.75,5,-1.5
19,5,-2,1.75,5,-2
292,5,-3,0.25,1,-0.5
332,5,-3,0.25,1,-1
303,5,-3,0.25,1,-1.5
194,5,-3,0.25,1,-2
292,5,-3,0.25,2,-0.5
246,5,-3,0.25,2,-1
203,5,-3,0.25,2,-1.5
222,5,-3,0.25,2,-2
412,5,-3,0.25,3,-0.5
113,5,-3,0.25,3,-1
338,5,-3,0.25,3,-1.5
133,5,-3,0.25,3,-2
334,5,-3,0.25,4,-0.5
193,5,-3,0.25,4,-1
170,5,-3,0.25,4,-1.5
74,5,-3,0.25,4,-2
400,5,-3,0.25,5,-0.5
168,5,-3,0.25,5,-1
152,5,-3,0.25,5,-1.5
279,5,-3,0.25,5,-2
158,5,-3,0.75,1,-0.5
77,5,-3,0.75,1,-1
85,5,-3,0.75,1,-1.5
61,5,-3,0.75,1,-2
135,5,-3,0.75,2,-0.5
154,5,-3,0.75,2,-1
66,5,-3,0.75,2,-1.5
74,5,-3,0.75,2,-2
232,5,-3,0.75,3,-0.5
93,5,-3,0.75,3,-1
273,5,-3,0.75,3,-1.5
56,5,-3,0.75,3,-2
72,5,-3,0.75,4,-0.5
93,5,-3,0.75,4,-1
166,5,-3,0.75,4,-1.5
259,5,-3,0.75,4,-2
242,5,-3,0.75,5,-0.5
113,5,-3,0.75,5,-1
65,5,-3,0.75,5,-1.5
337,5,-3,0.75,5,-2
135,5,-3,1.25,1,-0.5
107,5,-3,1.25,1,-1
71,5,-3,1.25,1,-1.5
90,5,-3,1.25,1,-2
109,5,-3,1.25,2,-0.5
71,5,-3,1.25,2,-1
35,5,-3,1.25,2,-1.5
77,5,-3,1.25,2,-2
72,5,-3,1.25,3,-0.5
67,5,-3,1.25,3,-1
57,5,-3,1.25,3,-1.5
42,5,-3,1.25,3,-2
59,5,-3,1.25,4,-0.5
25,5,-3,1.25,4,-1
50,5,-3,1.25,4,-1.5
75,5,-3,1.25,4,-2
36,5,-3,1.25,5,-0.5
26,5,-3,1.25,5,-1
36,5,-3,1.25,5,-1.5
89,5,-3,1.25,5,-2
51,5,-3,1.75,1,-0.5
88,5,-3,1.75,1,-1
63,5,-3,1.75,1,-1.5
34,5,-3,1.75,1,-2
59,5,-3,1.75,2,-0.5
33,5,-3,1.75,2,-1
66,5,-3,1.75,2,-1.5
46,5,-3,1.75,2,-2
47,5,-3,1.75,3,-0.5
60,5,-3,1.75,3,-1
48,5,-3,1.75,3,-1.5
39,5,-3,1.75,3,-2
99,5,-3,1.75,4,-0.5
42,5,-3,1.75,4,-1
19,5,-3,1.75,4,-1.5
322,5,-3,1.75,4,-2
65,5,-3,1.75,5,-0.5
39,5,-3,1.75,5,-1
31,5,-3,1.75,5,-1.5
31,5,-3,1.75,5,-2
429,5,-4,0.25,1,-0.5
121,5,-4,0.25,1,-1
128,5,-4,0.25,1,-1.5
256,5,-4,0.25,1,-2
429,5,-4,0.25,2,-0.5
145,5,-4,0.25,2,-1
369,5,-4,0.25,2,-1.5
198,5,-4,0.25,2,-2
427,5,-4,0.25,3,-0.5
236,5,-4,0.25,3,-1
323,5,-4,0.25,3,-1.5
163,5,-4,0.25,3,-2
302,5,-4,0.25,4,-0.5
329,5,-4,0.25,4,-1
108,5,-4,0.25,4,-1.5
148,5,-4,0.25,4,-2
151,5,-4,0.25,5,-0.5
97,5,-4,0.25,5,-1
306,5,-4,0.25,5,-1.5
163,5,-4,0.25,5,-2
338,5,-4,0.75,1,-0.5
136,5,-4,0.75,1,-1
185,5,-4,0.75,1,-1.5
101,5,-4,0.75,1,-2
209,5,-4,0.75,2,-0.5
144,5,-4,0.75,2,-1
33,5,-4,0.75,2,-1.5
90,5,-4,0.75,2,-2
89,5,-4,0.75,3,-0.5
110,5,-4,0.75,3,-1
65,5,-4,0.75,3,-1.5
61,5,-4,0.75,3,-2
128,5,-4,0.75,4,-0.5
92,5,-4,0.75,4,-1
68,5,-4,0.75,4,-1.5
124,5,-4,0.75,4,-2
390,5,-4,0.75,5,-0.5
122,5,-4,0.75,5,-1
66,5,-4,0.75,5,-1.5
87,5,-4,0.75,5,-2
102,5,-4,1.25,1,-0.5
75,5,-4,1.25,1,-1
54,5,-4,1.25,1,-1.5
60,5,-4,1.25,1,-2
89,5,-4,1.25,2,-0.5
55,5,-4,1.25,2,-1
65,5,-4,1.25,2,-1.5
184,5,-4,1.25,2,-2
49,5,-4,1.25,3,-0.5
242,5,-4,1.25,3,-1
217,5,-4,1.25,3,-1.5
92,5,-4,1.25,3,-2
44,5,-4,1.25,4,-0.5
70,5,-4,1.25,4,-1
40,5,-4,1.25,4,-1.5
60,5,-4,1.25,4,-2
62,5,-4,1.25,5,-0.5
107,5,-4,1.25,5,-1
41,5,-4,1.25,5,-1.5
59,5,-4,1.25,5,-2
98,5,-4,1.75,1,-0.5
32,5,-4,1.75,1,-1
66,5,-4,1.75,1,-1.5
46,5,-4,1.75,1,-2
52,5,-4,1.75,2,-0.5
67,5,-4,1.75,2,-1
61,5,-4,1.75,2,-1.5
42,5,-4,1.75,2,-2
82,5,-4,1.75,3,-0.5
39,5,-4,1.75,3,-1
46,5,-4,1.75,3,-1.5
28,5,-4,1.75,3,-2
33,5,-4,1.75,4,-0.5
77,5,-4,1.75,4,-1
23,5,-4,1.75,4,-1.5
99,5,-4,1.75,4,-2
44,5,-4,1.75,5,-0.5
33,5,-4,1.75,5,-1
33,5,-4,1.75,5,-1.5
28,5,-4,1.75,5,-2
354,5,-5,0.25,1,-0.5
223,5,-5,0.25,1,-1
202,5,-5,0.25,1,-1.5
257,5,-5,0.25,1,-2
354,5,-5,0.25,2,-0.5
449,5,-5,0.25,2,-1
287,5,-5,0.25,2,-1.5
371,5,-5,0.25,2,-2
276,5,-5,0.25,3,-0.5
256,5,-5,0.25,3,-1
271,5,-5,0.25,3,-1.5
478,5,-5,0.25,3,-2
144,5,-5,0.25,4,-0.5
256,5,-5,0.25,4,-1
186,5,-5,0.25,4,-1.5
179,5,-5,0.25,4,-2
208,5,-5,0.25,5,-0.5
400,5,-5,0.25,5,-1
319,5,-5,0.25,5,-1.5
82,5,-5,0.25,5,-2
142,5,-5,0.75,1,-0.5
495,5,-5,0.75,1,-1
103,5,-5,0.75,1,-1.5
90,5,-5,0.75,1,-2
93,5,-5,0.75,2,-0.5
93,5,-5,0.75,2,-1
62,5,-5,0.75,2,-1.5
335,5,-5,0.75,2,-2
93,5,-5,0.75,3,-0.5
135,5,-5,0.75,3,-1
122,5,-5,0.75,3,-1.5
335,5,-5,0.75,3,-2
53,5,-5,0.75,4,-0.5
71,5,-5,0.75,4,-1
91,5,-5,0.75,4,-1.5
77,5,-5,0.75,4,-2
409,5,-5,0.75,5,-0.5
145,5,-5,0.75,5,-1
446,5,-5,0.75,5,-1.5
251,5,-5,0.75,5,-2
117,5,-5,1.25,1,-0.5
42,5,-5,1.25,1,-1
256,5,-5,1.25,1,-1.5
98,5,-5,1.25,1,-2
59,5,-5,1.25,2,-0.5
41,5,-5,1.25,2,-1
81,5,-5,1.25,2,-1.5
73,5,-5,1.25,2,-2
62,5,-5,1.25,3,-0.5
132,5,-5,1.25,3,-1
158,5,-5,1.25,3,-1.5
73,5,-5,1.25,3,-2
43,5,-5,1.25,4,-0.5
113,5,-5,1.25,4,-1
235,5,-5,1.25,4,-1.5
50,5,-5,1.25,4,-2
109,5,-5,1.25,5,-0.5
27,5,-5,1.25,5,-1
38,5,-5,1.25,5,-1.5
180,5,-5,1.25,5,-2
72,5,-5,1.75,1,-0.5
98,5,-5,1.75,1,-1
26,5,-5,1.75,1,-1.5
31,5,-5,1.75,1,-2
66,5,-5,1.75,2,-0.5
81,5,-5,1.75,2,-1
72,5,-5,1.75,2,-1.5
34,5,-5,1.75,2,-2
69,5,-5,1.75,3,-0.5
59,5,-5,1.75,3,-1
49,5,-5,1.75,3,-1.5
35,5,-5,1.75,3,-2
69,5,-5,1.75,4,-0.5
40,5,-5,1.75,4,-1
81,5,-5,1.75,4,-1.5
21,5,-5,1.75,4,-2
48,5,-5,1.75,5,-0.5
221,5,-5,1.75,5,-1
26,5,-5,1.75,5,-1.5
33,5,-5,1.75,5,-2
