44,1,-1,0.25,1,-0.5
60,1,-1,0.25,1,-1
58,1,-1,0.25,1,-1.5
40,1,-1,0.25,1,-2
50,1,-1,0.25,2,-0.5
65,1,-1,0.25,2,-1
113,1,-1,0.25,2,-1.5
40,1,-1,0.25,2,-2
55,1,-1,0.25,3,-0.5
130,1,-1,0.25,3,-1
35,1,-1,0.25,3,-1.5
56,1,-1,0.25,3,-2
92,1,-1,0.25,4,-0.5
54,1,-1,0.25,4,-1
65,1,-1,0.25,4,-1.5
79,1,-1,0.25,4,-2
75,1,-1,0.25,5,-0.5
38,1,-1,0.25,5,-1
76,1,-1,0.25,5,-1.5
47,1,-1,0.25,5,-2
66,1,-1,0.75,1,-0.5
40,1,-1,0.75,1,-1
59,1,-1,0.75,1,-1.5
28,1,-1,0.75,1,-2
54,1,-1,0.75,2,-0.5
56,1,-1,0.75,2,-1
35,1,-1,0.75,2,-1.5
39,1,-1,0.75,2,-2
53,1,-1,0.75,3,-0.5
38,1,-1,0.75,3,-1
64,1,-1,0.75,3,-1.5
64,1,-1,0.75,3,-2
69,1,-1,0.75,4,-0.5
66,1,-1,0.75,4,-1
59,1,-1,0.75,4,-1.5
88,1,-1,0.75,4,-2
85,1,-1,0.75,5,-0.5
52,1,-1,0.75,5,-1
58,1,-1,0.75,5,-1.5
79,1,-1,0.75,5,-2
100,1,-1,1.25,1,-0.5
81,1,-1,1.25,1,-1
88,1,-1,1.25,1,-1.5
61,1,-1,1.25,1,-2
121,1,-1,1.25,2,-0.5
87,1,-1,1.25,2,-1
81,1,-1,1.25,2,-1.5
70,1,-1,1.25,2,-2
105,1,-1,1.25,3,-0.5
85,1,-1,1.25,3,-1
105,1,-1,1.25,3,-1.5
77,1,-1,1.25,3,-2
100,1,-1,1.25,4,-0.5
97,1,-1,1.25,4,-1
69,1,-1,1.25,4,-1.5
79,1,-1,1.25,4,-2
119,1,-1,1.25,5,-0.5
92,1,-1,1.25,5,-1
86,1,-1,1.25,5,-1.5
97,1,-1,1.25,5,-2
190,1,-1,1.75,1,-0.5
126,1,-1,1.75,1,-1
112,1,-1,1.75,1,-1.5
134,1,-1,1.75,1,-2
162,1,-1,1.75,2,-0.5
136,1,-1,1.75,2,-1
118,1,-1,1.75,2,-1.5
112,1,-1,1.75,2,-2
164,1,-1,1.75,3,-0.5
147,1,-1,1.75,3,-1
125,1,-1,1.75,3,-1.5
90,1,-1,1.75,3,-2
161,1,-1,1.75,4,-0.5
124,1,-1,1.75,4,-1
120,1,-1,1.75,4,-1.5
128,1,-1,1.75,4,-2
150,1,-1,1.75,5,-0.5
101,1,-1,1.75,5,-1
121,1,-1,1.75,5,-1.5
113,1,-1,1.75,5,-2
302,1,-2,0.25,1,-0.5
147,1,-2,0.25,1,-1
349,1,-2,0.25,1,-1.5
40,1,-2,0.25,1,-2
147,1,-2,0.25,2,-0.5
183,1,-2,0.25,2,-1
50,1,-2,0.25,2,-1.5
31,1,-2,0.25,2,-2
73,1,-2,0.25,3,-0.5
174,1,-2,0.25,3,-1
38,1,-2,0.25,3,-1.5
44,1,-2,0.25,3,-2
174,1,-2,0.25,4,-0.5
116,1,-2,0.25,4,-1
36,1,-2,0.25,4,-1.5
59,1,-2,0.25,4,-2
197,1,-2,0.25,5,-0.5
326,1,-2,0.25,5,-1
86,1,-2,0.25,5,-1.5
75,1,-2,0.25,5,-2
33,1,-2,0.75,1,-0.5
38,1,-2,0.75,1,-1
38,1,-2,0.75,1,-1.5
81,1,-2,0.75,1,-2
31,1,-2,0.75,2,-0.5
20,1,-2,0.75,2,-1
51,1,-2,0.75,2,-1.5
27,1,-2,0.75,2,-2
35,1,-2,0.75,3,-0.5
55,1,-2,0.75,3,-1
32,1,-2,0.75,3,-1.5
47,1,-2,0.75,3,-2
53,1,-2,0.75,4,-0.5
54,1,-2,0.75,4,-1
44,1,-2,0.75,4,-1.5
125,1,-2,0.75,4,-2
40,1,-2,0.75,5,-0.5
60,1,-2,0.75,5,-1
74,1,-2,0.75,5,-1.5
54,1,-2,0.75,5,-2
78,1,-2,1.25,1,-0.5
43,1,-2,1.25,1,-1
55,1,-2,1.25,1,-1.5
39,1,-2,1.25,1,-2
67,1,-2,1.25,2,-0.5
41,1,-2,1.25,2,-1
60,1,-2,1.25,2,-1.5
52,1,-2,1.25,2,-2
47,1,-2,1.25,3,-0.5
21,1,-2,1.25,3,-1
34,1,-2,1.25,3,-1.5
28,1,-2,1.25,3,-2
71,1,-2,1.25,4,-0.5
53,1,-2,1.25,4,-1
47,1,-2,1.25,4,-1.5
86,1,-2,1.25,4,-2
67,1,-2,1.25,5,-0.5
75,1,-2,1.25,5,-1
43,1,-2,1.25,5,-1.5
61,1,-2,1.25,5,-2
122,1,-2,1.75,1,-0.5
105,1,-2,1.75,1,-1
71,1,-2,1.75,1,-1.5
65,1,-2,1.75,1,-2
145,1,-2,1.75,2,-0.5
79,1,-2,1.75,2,-1
79,1,-2,1.75,2,-1.5
71,1,-2,1.75,2,-2
98,1,-2,1.75,3,-0.5
83,1,-2,1.75,3,-1
77,1,-2,1.75,3,-1.5
90,1,-2,1.75,3,-2
107,1,-2,1.75,4,-0.5
93,1,-2,1.75,4,-1
110,1,-2,1.75,4,-1.5
65,1,-2,1.75,4,-2
101,1,-2,1.75,5,-0.5
85,1,-2,1.75,5,-1
85,1,-2,1.75,5,-1.5
100,1,-2,1.75,5,-2
238,1,-3,0.25,1,-0.5
187,1,-3,0.25,1,-1
117,1,-3,0.25,1,-1.5
286,1,-3,0.25,1,-2
230,1,-3,0.25,2,-0.5
189,1,-3,0.25,2,-1
165,1,-3,0.25,2,-1.5
263,1,-3,0.25,2,-2
117,1,-3,0.25,3,-0.5
201,1,-3,0.25,3,-1
22,1,-3,0.25,3,-1.5
32,1,-3,0.25,3,-2
388,1,-3,0.25,4,-0.5
316,1,-3,0.25,4,-1
102,1,-3,0.25,4,-1.5
203,1,-3,0.25,4,-2
157,1,-3,0.25,5,-0.5
223,1,-3,0.25,5,-1
82,1,-3,0.25,5,-1.5
159,1,-3,0.25,5,-2
22,1,-3,0.75,1,-0.5
53,1,-3,0.75,1,-1
42,1,-3,0.75,1,-1.5
78,1,-3,0.75,1,-2
159,1,-3,0.75,2,-0.5
21,1,-3,0.75,2,-1
30,1,-3,0.75,2,-1.5
42,1,-3,0.75,2,-2
118,1,-3,0.75,3,-0.5
55,1,-3,0.75,3,-1
46,1,-3,0.75,3,-1.5
41,1,-3,0.75,3,-2
35,1,-3,0.75,4,-0.5
24,1,-3,0.75,4,-1
101,1,-3,0.75,4,-1.5
25,1,-3,0.75,4,-2
59,1,-3,0.75,5,-0.5
25,1,-3,0.75,5,-1
24,1,-3,0.75,5,-1.5
31,1,-3,0.75,5,-2
60,1,-3,1.25,1,-0.5
32,1,-3,1.25,1,-1
73,1,-3,1.25,1,-1.5
50,1,-3,1.25,1,-2
49,1,-3,1.25,2,-0.5
34,1,-3,1.25,2,-1
80,1,-3,1.25,2,-1.5
56,1,-3,1.25,2,-2
33,1,-3,1.25,3,-0.5
53,1,-3,1.25,3,-1
16,1,-3,1.25,3,-1.5
40,1,-3,1.25,3,-2
55,1,-3,1.25,4,-0.5
35,1,-3,1.25,4,-1
121,1,-3,1.25,4,-1.5
42,1,-3,1.25,4,-2
45,1,-3,1.25,5,-0.5
23,1,-3,1.25,5,-1
36,1,-3,1.25,5,-1.5
26,1,-3,1.25,5,-2
100,1,-3,1.75,1,-0.5
50,1,-3,1.75,1,-1
72,1,-3,1.75,1,-1.5
59,1,-3,1.75,1,-2
89,1,-3,1.75,2,-0.5
60,1,-3,1.75,2,-1
55,1,-3,1.75,2,-1.5
40,1,-3,1.75,2,-2
71,1,-3,1.75,3,-0.5
69,1,-3,1.75,3,-1
63,1,-3,1.75,3,-1.5
44,1,-3,1.75,3,-2
66,1,-3,1.75,4,-0.5
78,1,-3,1.75,4,-1
53,1,-3,1.75,4,-1.5
75,1,-3,1.75,4,-2
88,1,-3,1.75,5,-0.5
42,1,-3,1.75,5,-1
70,1,-3,1.75,5,-1.5
69,1,-3,1.75,5,-2
286,1,-4,0.25,1,-0.5
142,1,-4,0.25,1,-1
168,1,-4,0.25,1,-1.5
169,1,-4,0.25,1,-2
382,1,-4,0.25,2,-0.5
334,1,-4,0.25,2,-1
52,1,-4,0.25,2,-1.5
61,1,-4,0.25,2,-2
270,1,-4,0.25,3,-0.5
192,1,-4,0.25,3,-1
65,1,-4,0.25,3,-1.5
220,1,-4,0.25,3,-2
237,1,-4,0.25,4,-0.5
250,1,-4,0.25,4,-1
21,1,-4,0.25,4,-1.5
47,1,-4,0.25,4,-2
272,1,-4,0.25,5,-0.5
265,1,-4,0.25,5,-1
181,1,-4,0.25,5,-1.5
82,1,-4,0.25,5,-2
43,1,-4,0.75,1,-0.5
74,1,-4,0.75,1,-1
17,1,-4,0.75,1,-1.5
68,1,-4,0.75,1,-2
27,1,-4,0.75,2,-0.5
45,1,-4,0.75,2,-1
500,1,-4,0.75,2,-1.5
64,1,-4,0.75,2,-2
259,1,-4,0.75,3,-0.5
271,1,-4,0.75,3,-1
33,1,-4,0.75,3,-1.5
43,1,-4,0.75,3,-2
18,1,-4,0.75,4,-0.5
245,1,-4,0.75,4,-1
33,1,-4,0.75,4,-1.5
36,1,-4,0.75,4,-2
268,1,-4,0.75,5,-0.5
93,1,-4,0.75,5,-1
63,1,-4,0.75,5,-1.5
14,1,-4,0.75,5,-2
69,1,-4,1.25,1,-0.5
185,1,-4,1.25,1,-1
36,1,-4,1.25,1,-1.5
172,1,-4,1.25,1,-2
186,1,-4,1.25,2,-0.5
47,1,-4,1.25,2,-1
24,1,-4,1.25,2,-1.5
107,1,-4,1.25,2,-2
45,1,-4,1.25,3,-0.5
52,1,-4,1.25,3,-1
50,1,-4,1.25,3,-1.5
34,1,-4,1.25,3,-2
37,1,-4,1.25,4,-0.5
31,1,-4,1.25,4,-1
38,1,-4,1.25,4,-1.5
34,1,-4,1.25,4,-2
53,1,-4,1.25,5,-0.5
44,1,-4,1.25,5,-1
60,1,-4,1.25,5,-1.5
48,1,-4,1.25,5,-2
66,1,-4,1.75,1,-0.5
45,1,-4,1.75,1,-1
61,1,-4,1.75,1,-1.5
38,1,-4,1.75,1,-2
52,1,-4,1.75,2,-0.5
45,1,-4,1.75,2,-1
24,1,-4,1.75,2,-1.5
50,1,-4,1.75,2,-2
74,1,-4,1.75,3,-0.5
62,1,-4,1.75,3,-1
50,1,-4,1.75,3,-1.5
25,1,-4,1.75,3,-2
55,1,-4,1.75,4,-0.5
43,1,-4,1.75,4,-1
51,1,-4,1.75,4,-1.5
27,1,-4,1.75,4,-2
73,1,-4,1.75,5,-0.5
41,1,-4,1.75,5,-1
51,1,-4,1.75,5,-1.5
57,1,-4,1.75,5,-2
190,1,-5,0.25,1,-0.5
182,1,-5,0.25,1,-1
155,1,-5,0.25,1,-1.5
88,1,-5,0.25,1,-2
340,1,-5,0.25,2,-0.5
276,1,-5,0.25,2,-1
348,1,-5,0.25,2,-1.5
85,1,-5,0.25,2,-2
430,1,-5,0.25,3,-0.5
102,1,-5,0.25,3,-1
348,1,-5,0.25,3,-1.5
241,1,-5,0.25,3,-2
372,1,-5,0.25,4,-0.5
66,1,-5,0.25,4,-1
257,1,-5,0.25,4,-1.5
204,1,-5,0.25,4,-2
128,1,-5,0.25,5,-0.5
120,1,-5,0.25,5,-1
73,1,-5,0.25,5,-1.5
33,1,-5,0.25,5,-2
37,1,-5,0.75,1,-0.5
143,1,-5,0.75,1,-1
179,1,-5,0.75,1,-1.5
62,1,-5,0.75,1,-2
21,1,-5,0.75,2,-0.5
153,1,-5,0.75,2,-1
70,1,-5,0.75,2,-1.5
119,1,-5,0.75,2,-2
92,1,-5,0.75,3,-0.5
44,1,-5,0.75,3,-1
68,1,-5,0.75,3,-1.5
308,1,-5,0.75,3,-2
232,1,-5,0.75,4,-0.5
102,1,-5,0.75,4,-1
271,1,-5,0.75,4,-1.5
190,1,-5,0.75,4,-2
299,1,-5,0.75,5,-0.5
110,1,-5,0.75,5,-1
31,1,-5,0.75,5,-1.5
23,1,-5,0.75,5,-2
51,1,-5,1.25,1,-0.5
116,1,-5,1.25,1,-1
88,1,-5,1.25,1,-1.5
18,1,-5,1.25,1,-2
52,1,-5,1.25,2,-0.5
41,1,-5,1.25,2,-1
41,1,-5,1.25,2,-1.5
39,1,-5,1.25,2,-2
107,1,-5,1.25,3,-0.5
44,1,-5,1.25,3,-1
36,1,-5,1.25,3,-1.5
40,1,-5,1.25,3,-2
132,1,-5,1.25,4,-0.5
62,1,-5,1.25,4,-1
26,1,-5,1.25,4,-1.5
30,1,-5,1.25,4,-2
98,1,-5,1.25,5,-0.5
201,1,-5,1.25,5,-1
40,1,-5,1.25,5,-1.5
20,1,-5,1.25,5,-2
70,1,-5,1.75,1,-0.5
53,1,-5,1.75,1,-1
76,1,-5,1.75,1,-1.5
59,1,-5,1.75,1,-2
74,1,-5,1.75,2,-0.5
48,1,-5,1.75,2,-1
40,1,-5,1.75,2,-1.5
24,1,-5,1.75,2,-2
25,1,-5,1.75,3,-0.5
55,1,-5,1.75,3,-1
34,1,-5,1.75,3,-1.5
27,1,-5,1.75,3,-2
50,1,-5,1.75,4,-0.5
67,1,-5,1.75,4,-1
16,1,-5,1.75,4,-1.5
55,1,-5,1.75,4,-2
41,1,-5,1.75,5,-0.5
42,1,-5,1.75,5,-1
37,1,-5,1.75,5,-1.5
20,1,-5,1.75,5,-2
347,2,-1,0.25,1,-0.5
86,2,-1,0.25,1,-1
61,2,-1,0.25,1,-1.5
47,2,-1,0.25,1,-2
36,2,-1,0.25,2,-0.5
46,2,-1,0.25,2,-1
59,2,-1,0.25,2,-1.5
63,2,-1,0.25,2,-2
58,2,-1,0.25,3,-0.5
230,2,-1,0.25,3,-1
47,2,-1,0.25,3,-1.5
37,2,-1,0.25,3,-2
136,2,-1,0.25,4,-0.5
60,2,-1,0.25,4,-1
95,2,-1,0.25,4,-1.5
28,2,-1,0.25,4,-2
154,2,-1,0.25,5,-0.5
75,2,-1,0.25,5,-1
70,2,-1,0.25,5,-1.5
54,2,-1,0.25,5,-2
82,2,-1,0.75,1,-0.5
39,2,-1,0.75,1,-1
48,2,-1,0.75,1,-1.5
35,2,-1,0.75,1,-2
33,2,-1,0.75,2,-0.5
21,2,-1,0.75,2,-1
33,2,-1,0.75,2,-1.5
55,2,-1,0.75,2,-2
47,2,-1,0.75,3,-0.5
57,2,-1,0.75,3,-1
54,2,-1,0.75,3,-1.5
39,2,-1,0.75,3,-2
41,2,-1,0.75,4,-0.5
71,2,-1,0.75,4,-1
59,2,-1,0.75,4,-1.5
41,2,-1,0.75,4,-2
68,2,-1,0.75,5,-0.5
61,2,-1,0.75,5,-1
70,2,-1,0.75,5,-1.5
55,2,-1,0.75,5,-2
115,2,-1,1.25,1,-0.5
80,2,-1,1.25,1,-1
81,2,-1,1.25,1,-1.5
55,2,-1,1.25,1,-2
70,2,-1,1.25,2,-0.5
58,2,-1,1.25,2,-1
66,2,-1,1.25,2,-1.5
45,2,-1,1.25,2,-2
74,2,-1,1.25,3,-0.5
54,2,-1,1.25,3,-1
54,2,-1,1.25,3,-1.5
43,2,-1,1.25,3,-2
32,2,-1,1.25,4,-0.5
47,2,-1,1.25,4,-1
67,2,-1,1.25,4,-1.5
62,2,-1,1.25,4,-2
74,2,-1,1.25,5,-0.5
74,2,-1,1.25,5,-1
65,2,-1,1.25,5,-1.5
47,2,-1,1.25,5,-2
152,2,-1,1.75,1,-0.5
116,2,-1,1.75,1,-1
108,2,-1,1.75,1,-1.5
104,2,-1,1.75,1,-2
122,2,-1,1.75,2,-0.5
93,2,-1,1.75,2,-1
108,2,-1,1.75,2,-1.5
72,2,-1,1.75,2,-2
123,2,-1,1.75,3,-0.5
91,2,-1,1.75,3,-1
81,2,-1,1.75,3,-1.5
99,2,-1,1.75,3,-2
131,2,-1,1.75,4,-0.5
107,2,-1,1.75,4,-1
93,2,-1,1.75,4,-1.5
84,2,-1,1.75,4,-2
116,2,-1,1.75,5,-0.5
132,2,-1,1.75,5,-1
85,2,-1,1.75,5,-1.5
88,2,-1,1.75,5,-2
347,2,-2,0.25,1,-0.5
204,2,-2,0.25,1,-1
97,2,-2,0.25,1,-1.5
149,2,-2,0.25,1,-2
536,2,-2,0.25,2,-0.5
157,2,-2,0.25,2,-1
142,2,-2,0.25,2,-1.5
123,2,-2,0.25,2,-2
137,2,-2,0.25,3,-0.5
267,2,-2,0.25,3,-1
127,2,-2,0.25,3,-1.5
133,2,-2,0.25,3,-2
112,2,-2,0.25,4,-0.5
60,2,-2,0.25,4,-1
38,2,-2,0.25,4,-1.5
121,2,-2,0.25,4,-2
124,2,-2,0.25,5,-0.5
78,2,-2,0.25,5,-1
69,2,-2,0.25,5,-1.5
132,2,-2,0.25,5,-2
55,2,-2,0.75,1,-0.5
23,2,-2,0.75,1,-1
19,2,-2,0.75,1,-1.5
33,2,-2,0.75,1,-2
111,2,-2,0.75,2,-0.5
48,2,-2,0.75,2,-1
31,2,-2,0.75,2,-1.5
38,2,-2,0.75,2,-2
29,2,-2,0.75,3,-0.5
53,2,-2,0.75,3,-1
35,2,-2,0.75,3,-1.5
41,2,-2,0.75,3,-2
30,2,-2,0.75,4,-0.5
47,2,-2,0.75,4,-1
105,2,-2,0.75,4,-1.5
12,2,-2,0.75,4,-2
40,2,-2,0.75,5,-0.5
73,2,-2,0.75,5,-1
67,2,-2,0.75,5,-1.5
47,2,-2,0.75,5,-2
62,2,-2,1.25,1,-0.5
32,2,-2,1.25,1,-1
37,2,-2,1.25,1,-1.5
55,2,-2,1.25,1,-2
32,2,-2,1.25,2,-0.5
41,2,-2,1.25,2,-1
50,2,-2,1.25,2,-1.5
62,2,-2,1.25,2,-2
36,2,-2,1.25,3,-0.5
26,2,-2,1.25,3,-1
72,2,-2,1.25,3,-1.5
38,2,-2,1.25,3,-2
59,2,-2,1.25,4,-0.5
26,2,-2,1.25,4,-1
39,2,-2,1.25,4,-1.5
35,2,-2,1.25,4,-2
38,2,-2,1.25,5,-0.5
32,2,-2,1.25,5,-1
28,2,-2,1.25,5,-1.5
42,2,-2,1.25,5,-2
88,2,-2,1.75,1,-0.5
98,2,-2,1.75,1,-1
89,2,-2,1.75,1,-1.5
61,2,-2,1.75,1,-2
93,2,-2,1.75,2,-0.5
71,2,-2,1.75,2,-1
57,2,-2,1.75,2,-1.5
56,2,-2,1.75,2,-2
54,2,-2,1.75,3,-0.5
48,2,-2,1.75,3,-1
58,2,-2,1.75,3,-1.5
40,2,-2,1.75,3,-2
90,2,-2,1.75,4,-0.5
59,2,-2,1.75,4,-1
54,2,-2,1.75,4,-1.5
39,2,-2,1.75,4,-2
84,2,-2,1.75,5,-0.5
67,2,-2,1.75,5,-1
67,2,-2,1.75,5,-1.5
44,2,-2,1.75,5,-2
374,2,-3,0.25,1,-0.5
493,2,-3,0.25,1,-1
50,2,-3,0.25,1,-1.5
71,2,-3,0.25,1,-2
367,2,-3,0.25,2,-0.5
244,2,-3,0.25,2,-1
45,2,-3,0.25,2,-1.5
69,2,-3,0.25,2,-2
538,2,-3,0.25,3,-0.5
211,2,-3,0.25,3,-1
164,2,-3,0.25,3,-1.5
162,2,-3,0.25,3,-2
167,2,-3,0.25,4,-0.5
116,2,-3,0.25,4,-1
117,2,-3,0.25,4,-1.5
95,2,-3,0.25,4,-2
215,2,-3,0.25,5,-0.5
154,2,-3,0.25,5,-1
195,2,-3,0.25,5,-1.5
143,2,-3,0.25,5,-2
57,2,-3,0.75,1,-0.5
34,2,-3,0.75,1,-1
95,2,-3,0.75,1,-1.5
16,2,-3,0.75,1,-2
45,2,-3,0.75,2,-0.5
60,2,-3,0.75,2,-1
42,2,-3,0.75,2,-1.5
18,2,-3,0.75,2,-2
44,2,-3,0.75,3,-0.5
40,2,-3,0.75,3,-1
41,2,-3,0.75,3,-1.5
24,2,-3,0.75,3,-2
48,2,-3,0.75,4,-0.5
31,2,-3,0.75,4,-1
43,2,-3,0.75,4,-1.5
104,2,-3,0.75,4,-2
318,2,-3,0.75,5,-0.5
44,2,-3,0.75,5,-1
84,2,-3,0.75,5,-1.5
134,2,-3,0.75,5,-2
49,2,-3,1.25,1,-0.5
57,2,-3,1.25,1,-1
30,2,-3,1.25,1,-1.5
44,2,-3,1.25,1,-2
58,2,-3,1.25,2,-0.5
39,2,-3,1.25,2,-1
14,2,-3,1.25,2,-1.5
23,2,-3,1.25,2,-2
29,2,-3,1.25,3,-0.5
42,2,-3,1.25,3,-1
36,2,-3,1.25,3,-1.5
17,2,-3,1.25,3,-2
27,2,-3,1.25,4,-0.5
20,2,-3,1.25,4,-1
47,2,-3,1.25,4,-1.5
17,2,-3,1.25,4,-2
31,2,-3,1.25,5,-0.5
55,2,-3,1.25,5,-1
60,2,-3,1.25,5,-1.5
34,2,-3,1.25,5,-2
68,2,-3,1.75,1,-0.5
39,2,-3,1.75,1,-1
45,2,-3,1.75,1,-1.5
67,2,-3,1.75,1,-2
68,2,-3,1.75,2,-0.5
55,2,-3,1.75,2,-1
43,2,-3,1.75,2,-1.5
45,2,-3,1.75,2,-2
84,2,-3,1.75,3,-0.5
33,2,-3,1.75,3,-1
62,2,-3,1.75,3,-1.5
37,2,-3,1.75,3,-2
76,2,-3,1.75,4,-0.5
38,2,-3,1.75,4,-1
47,2,-3,1.75,4,-1.5
55,2,-3,1.75,4,-2
81,2,-3,1.75,5,-0.5
43,2,-3,1.75,5,-1
36,2,-3,1.75,5,-1.5
42,2,-3,1.75,5,-2
317,2,-4,0.25,1,-0.5
322,2,-4,0.25,1,-1
348,2,-4,0.25,1,-1.5
178,2,-4,0.25,1,-2
350,2,-4,0.25,2,-0.5
224,2,-4,0.25,2,-1
104,2,-4,0.25,2,-1.5
84,2,-4,0.25,2,-2
164,2,-4,0.25,3,-0.5
276,2,-4,0.25,3,-1
21,2,-4,0.25,3,-1.5
68,2,-4,0.25,3,-2
249,2,-4,0.25,4,-0.5
335,2,-4,0.25,4,-1
251,2,-4,0.25,4,-1.5
117,2,-4,0.25,4,-2
255,2,-4,0.25,5,-0.5
72,2,-4,0.25,5,-1
156,2,-4,0.25,5,-1.5
300,2,-4,0.25,5,-2
36,2,-4,0.75,1,-0.5
138,2,-4,0.75,1,-1
98,2,-4,0.75,1,-1.5
206,2,-4,0.75,1,-2
225,2,-4,0.75,2,-0.5
199,2,-4,0.75,2,-1
51,2,-4,0.75,2,-1.5
29,2,-4,0.75,2,-2
287,2,-4,0.75,3,-0.5
134,2,-4,0.75,3,-1
142,2,-4,0.75,3,-1.5
50,2,-4,0.75,3,-2
220,2,-4,0.75,4,-0.5
67,2,-4,0.75,4,-1
187,2,-4,0.75,4,-1.5
72,2,-4,0.75,4,-2
194,2,-4,0.75,5,-0.5
50,2,-4,0.75,5,-1
212,2,-4,0.75,5,-1.5
33,2,-4,0.75,5,-2
277,2,-4,1.25,1,-0.5
111,2,-4,1.25,1,-1
53,2,-4,1.25,1,-1.5
19,2,-4,1.25,1,-2
54,2,-4,1.25,2,-0.5
71,2,-4,1.25,2,-1
28,2,-4,1.25,2,-1.5
74,2,-4,1.25,2,-2
24,2,-4,1.25,3,-0.5
40,2,-4,1.25,3,-1
16,2,-4,1.25,3,-1.5
48,2,-4,1.25,3,-2
35,2,-4,1.25,4,-0.5
34,2,-4,1.25,4,-1
32,2,-4,1.25,4,-1.5
37,2,-4,1.25,4,-2
88,2,-4,1.25,5,-0.5
61,2,-4,1.25,5,-1
38,2,-4,1.25,5,-1.5
60,2,-4,1.25,5,-2
61,2,-4,1.75,1,-0.5
69,2,-4,1.75,1,-1
17,2,-4,1.75,1,-1.5
25,2,-4,1.75,1,-2
44,2,-4,1.75,2,-0.5
31,2,-4,1.75,2,-1
27,2,-4,1.75,2,-1.5
26,2,-4,1.75,2,-2
40,2,-4,1.75,3,-0.5
122,2,-4,1.75,3,-1
44,2,-4,1.75,3,-1.5
31,2,-4,1.75,3,-2
39,2,-4,1.75,4,-0.5
24,2,-4,1.75,4,-1
28,2,-4,1.75,4,-1.5
35,2,-4,1.75,4,-2
46,2,-4,1.75,5,-0.5
39,2,-4,1.75,5,-1
27,2,-4,1.75,5,-1.5
34,2,-4,1.75,5,-2
351,2,-5,0.25,1,-0.5
276,2,-5,0.25,1,-1
82,2,-5,0.25,1,-1.5
278,2,-5,0.25,1,-2
235,2,-5,0.25,2,-0.5
165,2,-5,0.25,2,-1
490,2,-5,0.25,2,-1.5
244,2,-5,0.25,2,-2
162,2,-5,0.25,3,-0.5
222,2,-5,0.25,3,-1
265,2,-5,0.25,3,-1.5
91,2,-5,0.25,3,-2
324,2,-5,0.25,4,-0.5
82,2,-5,0.25,4,-1
265,2,-5,0.25,4,-1.5
404,2,-5,0.25,4,-2
299,2,-5,0.25,5,-0.5
257,2,-5,0.25,5,-1
51,2,-5,0.25,5,-1.5
49,2,-5,0.25,5,-2
301,2,-5,0.75,1,-0.5
101,2,-5,0.75,1,-1
74,2,-5,0.75,1,-1.5
32,2,-5,0.75,1,-2
56,2,-5,0.75,2,-0.5
40,2,-5,0.75,2,-1
166,2,-5,0.75,2,-1.5
90,2,-5,0.75,2,-2
215,2,-5,0.75,3,-0.5
99,2,-5,0.75,3,-1
438,2,-5,0.75,3,-1.5
91,2,-5,0.75,3,-2
251,2,-5,0.75,4,-0.5
206,2,-5,0.75,4,-1
24,2,-5,0.75,4,-1.5
44,2,-5,0.75,4,-2
218,2,-5,0.75,5,-0.5
249,2,-5,0.75,5,-1
78,2,-5,0.75,5,-1.5
27,2,-5,0.75,5,-2
32,2,-5,1.25,1,-0.5
180,2,-5,1.25,1,-1
25,2,-5,1.25,1,-1.5
47,2,-5,1.25,1,-2
84,2,-5,1.25,2,-0.5
31,2,-5,1.25,2,-1
32,2,-5,1.25,2,-1.5
28,2,-5,1.25,2,-2
226,2,-5,1.25,3,-0.5
274,2,-5,1.25,3,-1
147,2,-5,1.25,3,-1.5
34,2,-5,1.25,3,-2
31,2,-5,1.25,4,-0.5
82,2,-5,1.25,4,-1
130,2,-5,1.25,4,-1.5
25,2,-5,1.25,4,-2
42,2,-5,1.25,5,-0.5
119,2,-5,1.25,5,-1
232,2,-5,1.25,5,-1.5
44,2,-5,1.25,5,-2
60,2,-5,1.75,1,-0.5
62,2,-5,1.75,1,-1
37,2,-5,1.75,1,-1.5
41,2,-5,1.75,1,-2
62,2,-5,1.75,2,-0.5
61,2,-5,1.75,2,-1
53,2,-5,1.75,2,-1.5
20,2,-5,1.75,2,-2
67,2,-5,1.75,3,-0.5
32,2,-5,1.75,3,-1
48,2,-5,1.75,3,-1.5
24,2,-5,1.75,3,-2
55,2,-5,1.75,4,-0.5
38,2,-5,1.75,4,-1
61,2,-5,1.75,4,-1.5
34,2,-5,1.75,4,-2
45,2,-5,1.75,5,-0.5
49,2,-5,1.75,5,-1
180,2,-5,1.75,5,-1.5
36,2,-5,1.75,5,-2
176,3,-1,0.25,1,-0.5
136,3,-1,0.25,1,-1
138,3,-1,0.25,1,-1.5
60,3,-1,0.25,1,-2
304,3,-1,0.25,2,-0.5
100,3,-1,0.25,2,-1
159,3,-1,0.25,2,-1.5
56,3,-1,0.25,2,-2
229,3,-1,0.25,3,-0.5
56,3,-1,0.25,3,-1
87,3,-1,0.25,3,-1.5
57,3,-1,0.25,3,-2
235,3,-1,0.25,4,-0.5
144,3,-1,0.25,4,-1
84,3,-1,0.25,4,-1.5
184,3,-1,0.25,4,-2
113,3,-1,0.25,5,-0.5
69,3,-1,0.25,5,-1
65,3,-1,0.25,5,-1.5
77,3,-1,0.25,5,-2
258,3,-1,0.75,1,-0.5
76,3,-1,0.75,1,-1
44,3,-1,0.75,1,-1.5
40,3,-1,0.75,1,-2
54,3,-1,0.75,2,-0.5
74,3,-1,0.75,2,-1
43,3,-1,0.75,2,-1.5
60,3,-1,0.75,2,-2
135,3,-1,0.75,3,-0.5
51,3,-1,0.75,3,-1
56,3,-1,0.75,3,-1.5
38,3,-1,0.75,3,-2
61,3,-1,0.75,4,-0.5
55,3,-1,0.75,4,-1
51,3,-1,0.75,4,-1.5
47,3,-1,0.75,4,-2
58,3,-1,0.75,5,-0.5
75,3,-1,0.75,5,-1
42,3,-1,0.75,5,-1.5
58,3,-1,0.75,5,-2
95,3,-1,1.25,1,-0.5
69,3,-1,1.25,1,-1
57,3,-1,1.25,1,-1.5
79,3,-1,1.25,1,-2
74,3,-1,1.25,2,-0.5
56,3,-1,1.25,2,-1
42,3,-1,1.25,2,-1.5
52,3,-1,1.25,2,-2
70,3,-1,1.25,3,-0.5
61,3,-1,1.25,3,-1
41,3,-1,1.25,3,-1.5
52,3,-1,1.25,3,-2
89,3,-1,1.25,4,-0.5
50,3,-1,1.25,4,-1
30,3,-1,1.25,4,-1.5
55,3,-1,1.25,4,-2
55,3,-1,1.25,5,-0.5
80,3,-1,1.25,5,-1
68,3,-1,1.25,5,-1.5
48,3,-1,1.25,5,-2
132,3,-1,1.75,1,-0.5
79,3,-1,1.75,1,-1
89,3,-1,1.75,1,-1.5
95,3,-1,1.75,1,-2
136,3,-1,1.75,2,-0.5
98,3,-1,1.75,2,-1
63,3,-1,1.75,2,-1.5
59,3,-1,1.75,2,-2
101,3,-1,1.75,3,-0.5
75,3,-1,1.75,3,-1
66,3,-1,1.75,3,-1.5
72,3,-1,1.75,3,-2
108,3,-1,1.75,4,-0.5
104,3,-1,1.75,4,-1
91,3,-1,1.75,4,-1.5
67,3,-1,1.75,4,-2
118,3,-1,1.75,5,-0.5
90,3,-1,1.75,5,-1
96,3,-1,1.75,5,-1.5
79,3,-1,1.75,5,-2
341,3,-2,0.25,1,-0.5
244,3,-2,0.25,1,-1
157,3,-2,0.25,1,-1.5
90,3,-2,0.25,1,-2
134,3,-2,0.25,2,-0.5
315,3,-2,0.25,2,-1
68,3,-2,0.25,2,-1.5
142,3,-2,0.25,2,-2
538,3,-2,0.25,3,-0.5
282,3,-2,0.25,3,-1
33,3,-2,0.25,3,-1.5
59,3,-2,0.25,3,-2
276,3,-2,0.25,4,-0.5
164,3,-2,0.25,4,-1
84,3,-2,0.25,4,-1.5
111,3,-2,0.25,4,-2
275,3,-2,0.25,5,-0.5
156,3,-2,0.25,5,-1
304,3,-2,0.25,5,-1.5
94,3,-2,0.25,5,-2
161,3,-2,0.75,1,-0.5
34,3,-2,0.75,1,-1
37,3,-2,0.75,1,-1.5
25,3,-2,0.75,1,-2
47,3,-2,0.75,2,-0.5
49,3,-2,0.75,2,-1
40,3,-2,0.75,2,-1.5
69,3,-2,0.75,2,-2
55,3,-2,0.75,3,-0.5
44,3,-2,0.75,3,-1
32,3,-2,0.75,3,-1.5
29,3,-2,0.75,3,-2
85,3,-2,0.75,4,-0.5
51,3,-2,0.75,4,-1
36,3,-2,0.75,4,-1.5
85,3,-2,0.75,4,-2
94,3,-2,0.75,5,-0.5
23,3,-2,0.75,5,-1
52,3,-2,0.75,5,-1.5
41,3,-2,0.75,5,-2
77,3,-2,1.25,1,-0.5
69,3,-2,1.25,1,-1
68,3,-2,1.25,1,-1.5
38,3,-2,1.25,1,-2
67,3,-2,1.25,2,-0.5
25,3,-2,1.25,2,-1
76,3,-2,1.25,2,-1.5
46,3,-2,1.25,2,-2
56,3,-2,1.25,3,-0.5
32,3,-2,1.25,3,-1
33,3,-2,1.25,3,-1.5
48,3,-2,1.25,3,-2
35,3,-2,1.25,4,-0.5
25,3,-2,1.25,4,-1
49,3,-2,1.25,4,-1.5
45,3,-2,1.25,4,-2
27,3,-2,1.25,5,-0.5
38,3,-2,1.25,5,-1
57,3,-2,1.25,5,-1.5
18,3,-2,1.25,5,-2
81,3,-2,1.75,1,-0.5
63,3,-2,1.75,1,-1
53,3,-2,1.75,1,-1.5
50,3,-2,1.75,1,-2
91,3,-2,1.75,2,-0.5
79,3,-2,1.75,2,-1
55,3,-2,1.75,2,-1.5
39,3,-2,1.75,2,-2
94,3,-2,1.75,3,-0.5
42,3,-2,1.75,3,-1
44,3,-2,1.75,3,-1.5
31,3,-2,1.75,3,-2
90,3,-2,1.75,4,-0.5
42,3,-2,1.75,4,-1
42,3,-2,1.75,4,-1.5
51,3,-2,1.75,4,-2
81,3,-2,1.75,5,-0.5
46,3,-2,1.75,5,-1
50,3,-2,1.75,5,-1.5
38,3,-2,1.75,5,-2
204,3,-3,0.25,1,-0.5
207,3,-3,0.25,1,-1
96,3,-3,0.25,1,-1.5
403,3,-3,0.25,1,-2
226,3,-3,0.25,2,-0.5
173,3,-3,0.25,2,-1
225,3,-3,0.25,2,-1.5
106,3,-3,0.25,2,-2
538,3,-3,0.25,3,-0.5
223,3,-3,0.25,3,-1
127,3,-3,0.25,3,-1.5
372,3,-3,0.25,3,-2
536,3,-3,0.25,4,-0.5
299,3,-3,0.25,4,-1
198,3,-3,0.25,4,-1.5
51,3,-3,0.25,4,-2
145,3,-3,0.25,5,-0.5
207,3,-3,0.25,5,-1
272,3,-3,0.25,5,-1.5
88,3,-3,0.25,5,-2
50,3,-3,0.75,1,-0.5
171,3,-3,0.75,1,-1
149,3,-3,0.75,1,-1.5
68,3,-3,0.75,1,-2
280,3,-3,0.75,2,-0.5
201,3,-3,0.75,2,-1
81,3,-3,0.75,2,-1.5
35,3,-3,0.75,2,-2
228,3,-3,0.75,3,-0.5
44,3,-3,0.75,3,-1
44,3,-3,0.75,3,-1.5
247,3,-3,0.75,3,-2
163,3,-3,0.75,4,-0.5
126,3,-3,0.75,4,-1
55,3,-3,0.75,4,-1.5
112,3,-3,0.75,4,-2
71,3,-3,0.75,5,-0.5
31,3,-3,0.75,5,-1
48,3,-3,0.75,5,-1.5
31,3,-3,0.75,5,-2
61,3,-3,1.25,1,-0.5
27,3,-3,1.25,1,-1
54,3,-3,1.25,1,-1.5
42,3,-3,1.25,1,-2
50,3,-3,1.25,2,-0.5
51,3,-3,1.25,2,-1
26,3,-3,1.25,2,-1.5
47,3,-3,1.25,2,-2
21,3,-3,1.25,3,-0.5
27,3,-3,1.25,3,-1
26,3,-3,1.25,3,-1.5
32,3,-3,1.25,3,-2
73,3,-3,1.25,4,-0.5
52,3,-3,1.25,4,-1
40,3,-3,1.25,4,-1.5
21,3,-3,1.25,4,-2
75,3,-3,1.25,5,-0.5
36,3,-3,1.25,5,-1
27,3,-3,1.25,5,-1.5
18,3,-3,1.25,5,-2
85,3,-3,1.75,1,-0.5
86,3,-3,1.75,1,-1
24,3,-3,1.75,1,-1.5
45,3,-3,1.75,1,-2
49,3,-3,1.75,2,-0.5
46,3,-3,1.75,2,-1
28,3,-3,1.75,2,-1.5
24,3,-3,1.75,2,-2
79,3,-3,1.75,3,-0.5
28,3,-3,1.75,3,-1
47,3,-3,1.75,3,-1.5
37,3,-3,1.75,3,-2
30,3,-3,1.75,4,-0.5
46,3,-3,1.75,4,-1
47,3,-3,1.75,4,-1.5
59,3,-3,1.75,4,-2
63,3,-3,1.75,5,-0.5
44,3,-3,1.75,5,-1
29,3,-3,1.75,5,-1.5
38,3,-3,1.75,5,-2
340,3,-4,0.25,1,-0.5
292,3,-4,0.25,1,-1
61,3,-4,0.25,1,-1.5
275,3,-4,0.25,1,-2
261,3,-4,0.25,2,-0.5
275,3,-4,0.25,2,-1
119,3,-4,0.25,2,-1.5
125,3,-4,0.25,2,-2
294,3,-4,0.25,3,-0.5
220,3,-4,0.25,3,-1
91,3,-4,0.25,3,-1.5
240,3,-4,0.25,3,-2
540,3,-4,0.25,4,-0.5
385,3,-4,0.25,4,-1
286,3,-4,0.25,4,-1.5
200,3,-4,0.25,4,-2
540,3,-4,0.25,5,-0.5
385,3,-4,0.25,5,-1
321,3,-4,0.25,5,-1.5
168,3,-4,0.25,5,-2
98,3,-4,0.75,1,-0.5
132,3,-4,0.75,1,-1
155,3,-4,0.75,1,-1.5
110,3,-4,0.75,1,-2
25,3,-4,0.75,2,-0.5
133,3,-4,0.75,2,-1
81,3,-4,0.75,2,-1.5
189,3,-4,0.75,2,-2
68,3,-4,0.75,3,-0.5
228,3,-4,0.75,3,-1
146,3,-4,0.75,3,-1.5
253,3,-4,0.75,3,-2
185,3,-4,0.75,4,-0.5
161,3,-4,0.75,4,-1
44,3,-4,0.75,4,-1.5
150,3,-4,0.75,4,-2
216,3,-4,0.75,5,-0.5
25,3,-4,0.75,5,-1
46,3,-4,0.75,5,-1.5
178,3,-4,0.75,5,-2
81,3,-4,1.25,1,-0.5
29,3,-4,1.25,1,-1
37,3,-4,1.25,1,-1.5
82,3,-4,1.25,1,-2
61,3,-4,1.25,2,-0.5
27,3,-4,1.25,2,-1
47,3,-4,1.25,2,-1.5
236,3,-4,1.25,2,-2
130,3,-4,1.25,3,-0.5
31,3,-4,1.25,3,-1
224,3,-4,1.25,3,-1.5
85,3,-4,1.25,3,-2
36,3,-4,1.25,4,-0.5
27,3,-4,1.25,4,-1
33,3,-4,1.25,4,-1.5
29,3,-4,1.25,4,-2
53,3,-4,1.25,5,-0.5
59,3,-4,1.25,5,-1
60,3,-4,1.25,5,-1.5
16,3,-4,1.25,5,-2
68,3,-4,1.75,1,-0.5
51,3,-4,1.75,1,-1
44,3,-4,1.75,1,-1.5
33,3,-4,1.75,1,-2
43,3,-4,1.75,2,-0.5
38,3,-4,1.75,2,-1
40,3,-4,1.75,2,-1.5
38,3,-4,1.75,2,-2
59,3,-4,1.75,3,-0.5
52,3,-4,1.75,3,-1
28,3,-4,1.75,3,-1.5
21,3,-4,1.75,3,-2
44,3,-4,1.75,4,-0.5
43,3,-4,1.75,4,-1
50,3,-4,1.75,4,-1.5
37,3,-4,1.75,4,-2
220,3,-4,1.75,5,-0.5
50,3,-4,1.75,5,-1
35,3,-4,1.75,5,-1.5
43,3,-4,1.75,5,-2
89,3,-5,0.25,1,-0.5
92,3,-5,0.25,1,-1
238,3,-5,0.25,1,-1.5
108,3,-5,0.25,1,-2
332,3,-5,0.25,2,-0.5
359,3,-5,0.25,2,-1
386,3,-5,0.25,2,-1.5
473,3,-5,0.25,2,-2
371,3,-5,0.25,3,-0.5
253,3,-5,0.25,3,-1
218,3,-5,0.25,3,-1.5
234,3,-5,0.25,3,-2
547,3,-5,0.25,4,-0.5
358,3,-5,0.25,4,-1
206,3,-5,0.25,4,-1.5
219,3,-5,0.25,4,-2
547,3,-5,0.25,5,-0.5
394,3,-5,0.25,5,-1
181,3,-5,0.25,5,-1.5
335,3,-5,0.25,5,-2
304,3,-5,0.75,1,-0.5
130,3,-5,0.75,1,-1
158,3,-5,0.75,1,-1.5
129,3,-5,0.75,1,-2
553,3,-5,0.75,2,-0.5
323,3,-5,0.75,2,-1
156,3,-5,0.75,2,-1.5
58,3,-5,0.75,2,-2
553,3,-5,0.75,3,-0.5
323,3,-5,0.75,3,-1
69,3,-5,0.75,3,-1.5
135,3,-5,0.75,3,-2
229,3,-5,0.75,4,-0.5
55,3,-5,0.75,4,-1
40,3,-5,0.75,4,-1.5
32,3,-5,0.75,4,-2
56,3,-5,0.75,5,-0.5
63,3,-5,0.75,5,-1
114,3,-5,0.75,5,-1.5
60,3,-5,0.75,5,-2
46,3,-5,1.25,1,-0.5
30,3,-5,1.25,1,-1
79,3,-5,1.25,1,-1.5
62,3,-5,1.25,1,-2
170,3,-5,1.25,2,-0.5
37,3,-5,1.25,2,-1
162,3,-5,1.25,2,-1.5
66,3,-5,1.25,2,-2
67,3,-5,1.25,3,-0.5
313,3,-5,1.25,3,-1
95,3,-5,1.25,3,-1.5
66,3,-5,1.25,3,-2
30,3,-5,1.25,4,-0.5
28,3,-5,1.25,4,-1
33,3,-5,1.25,4,-1.5
23,3,-5,1.25,4,-2
548,3,-5,1.25,5,-0.5
16,3,-5,1.25,5,-1
113,3,-5,1.25,5,-1.5
25,3,-5,1.25,5,-2
76,3,-5,1.75,1,-0.5
43,3,-5,1.75,1,-1
32,3,-5,1.75,1,-1.5
32,3,-5,1.75,1,-2
41,3,-5,1.75,2,-0.5
38,3,-5,1.75,2,-1
139,3,-5,1.75,2,-1.5
32,3,-5,1.75,2,-2
54,3,-5,1.75,3,-0.5
23,3,-5,1.75,3,-1
39,3,-5,1.75,3,-1.5
44,3,-5,1.75,3,-2
262,3,-5,1.75,4,-0.5
79,3,-5,1.75,4,-1
30,3,-5,1.75,4,-1.5
54,3,-5,1.75,4,-2
25,3,-5,1.75,5,-0.5
27,3,-5,1.75,5,-1
72,3,-5,1.75,5,-1.5
36,3,-5,1.75,5,-2
232,4,-1,0.25,1,-0.5
322,4,-1,0.25,1,-1
163,4,-1,0.25,1,-1.5
193,4,-1,0.25,1,-2
163,4,-1,0.25,2,-0.5
190,4,-1,0.25,2,-1
160,4,-1,0.25,2,-1.5
57,4,-1,0.25,2,-2
338,4,-1,0.25,3,-0.5
146,4,-1,0.25,3,-1
54,4,-1,0.25,3,-1.5
91,4,-1,0.25,3,-2
385,4,-1,0.25,4,-0.5
297,4,-1,0.25,4,-1
93,4,-1,0.25,4,-1.5
61,4,-1,0.25,4,-2
225,4,-1,0.25,5,-0.5
175,4,-1,0.25,5,-1
77,4,-1,0.25,5,-1.5
90,4,-1,0.25,5,-2
142,4,-1,0.75,1,-0.5
81,4,-1,0.75,1,-1
113,4,-1,0.75,1,-1.5
52,4,-1,0.75,1,-2
137,4,-1,0.75,2,-0.5
77,4,-1,0.75,2,-1
72,4,-1,0.75,2,-1.5
49,4,-1,0.75,2,-2
110,4,-1,0.75,3,-0.5
79,4,-1,0.75,3,-1
51,4,-1,0.75,3,-1.5
64,4,-1,0.75,3,-2
101,4,-1,0.75,4,-0.5
52,4,-1,0.75,4,-1
82,4,-1,0.75,4,-1.5
40,4,-1,0.75,4,-2
97,4,-1,0.75,5,-0.5
70,4,-1,0.75,5,-1
65,4,-1,0.75,5,-1.5
70,4,-1,0.75,5,-2
85,4,-1,1.25,1,-0.5
95,4,-1,1.25,1,-1
45,4,-1,1.25,1,-1.5
44,4,-1,1.25,1,-2
96,4,-1,1.25,2,-0.5
75,4,-1,1.25,2,-1
66,4,-1,1.25,2,-1.5
47,4,-1,1.25,2,-2
56,4,-1,1.25,3,-0.5
95,4,-1,1.25,3,-1
70,4,-1,1.25,3,-1.5
51,4,-1,1.25,3,-2
72,4,-1,1.25,4,-0.5
62,4,-1,1.25,4,-1
63,4,-1,1.25,4,-1.5
58,4,-1,1.25,4,-2
102,4,-1,1.25,5,-0.5
49,4,-1,1.25,5,-1
66,4,-1,1.25,5,-1.5
39,4,-1,1.25,5,-2
126,4,-1,1.75,1,-0.5
107,4,-1,1.75,1,-1
88,4,-1,1.75,1,-1.5
92,4,-1,1.75,1,-2
108,4,-1,1.75,2,-0.5
64,4,-1,1.75,2,-1
94,4,-1,1.75,2,-1.5
87,4,-1,1.75,2,-2
106,4,-1,1.75,3,-0.5
93,4,-1,1.75,3,-1
98,4,-1,1.75,3,-1.5
74,4,-1,1.75,3,-2
99,4,-1,1.75,4,-0.5
91,4,-1,1.75,4,-1
71,4,-1,1.75,4,-1.5
85,4,-1,1.75,4,-2
107,4,-1,1.75,5,-0.5
66,4,-1,1.75,5,-1
72,4,-1,1.75,5,-1.5
63,4,-1,1.75,5,-2
240,4,-2,0.25,1,-0.5
215,4,-2,0.25,1,-1
138,4,-2,0.25,1,-1.5
185,4,-2,0.25,1,-2
327,4,-2,0.25,2,-0.5
156,4,-2,0.25,2,-1
223,4,-2,0.25,2,-1.5
188,4,-2,0.25,2,-2
536,4,-2,0.25,3,-0.5
259,4,-2,0.25,3,-1
258,4,-2,0.25,3,-1.5
53,4,-2,0.25,3,-2
536,4,-2,0.25,4,-0.5
230,4,-2,0.25,4,-1
280,4,-2,0.25,4,-1.5
49,4,-2,0.25,4,-2
271,4,-2,0.25,5,-0.5
221,4,-2,0.25,5,-1
260,4,-2,0.25,5,-1.5
137,4,-2,0.25,5,-2
113,4,-2,0.75,1,-0.5
95,4,-2,0.75,1,-1
72,4,-2,0.75,1,-1.5
38,4,-2,0.75,1,-2
100,4,-2,0.75,2,-0.5
117,4,-2,0.75,2,-1
83,4,-2,0.75,2,-1.5
187,4,-2,0.75,2,-2
64,4,-2,0.75,3,-0.5
135,4,-2,0.75,3,-1
88,4,-2,0.75,3,-1.5
23,4,-2,0.75,3,-2
73,4,-2,0.75,4,-0.5
108,4,-2,0.75,4,-1
99,4,-2,0.75,4,-1.5
23,4,-2,0.75,4,-2
124,4,-2,0.75,5,-0.5
84,4,-2,0.75,5,-1
94,4,-2,0.75,5,-1.5
37,4,-2,0.75,5,-2
70,4,-2,1.25,1,-0.5
96,4,-2,1.25,1,-1
63,4,-2,1.25,1,-1.5
48,4,-2,1.25,1,-2
47,4,-2,1.25,2,-0.5
37,4,-2,1.25,2,-1
54,4,-2,1.25,2,-1.5
33,4,-2,1.25,2,-2
64,4,-2,1.25,3,-0.5
58,4,-2,1.25,3,-1
34,4,-2,1.25,3,-1.5
35,4,-2,1.25,3,-2
50,4,-2,1.25,4,-0.5
58,4,-2,1.25,4,-1
41,4,-2,1.25,4,-1.5
51,4,-2,1.25,4,-2
58,4,-2,1.25,5,-0.5
37,4,-2,1.25,5,-1
43,4,-2,1.25,5,-1.5
36,4,-2,1.25,5,-2
89,4,-2,1.75,1,-0.5
76,4,-2,1.75,1,-1
53,4,-2,1.75,1,-1.5
43,4,-2,1.75,1,-2
101,4,-2,1.75,2,-0.5
59,4,-2,1.75,2,-1
82,4,-2,1.75,2,-1.5
61,4,-2,1.75,2,-2
70,4,-2,1.75,3,-0.5
78,4,-2,1.75,3,-1
36,4,-2,1.75,3,-1.5
53,4,-2,1.75,3,-2
69,4,-2,1.75,4,-0.5
42,4,-2,1.75,4,-1
64,4,-2,1.75,4,-1.5
92,4,-2,1.75,4,-2
63,4,-2,1.75,5,-0.5
56,4,-2,1.75,5,-1
44,4,-2,1.75,5,-1.5
33,4,-2,1.75,5,-2
279,4,-3,0.25,1,-0.5
254,4,-3,0.25,1,-1
137,4,-3,0.25,1,-1.5
192,4,-3,0.25,1,-2
272,4,-3,0.25,2,-0.5
113,4,-3,0.25,2,-1
168,4,-3,0.25,2,-1.5
117,4,-3,0.25,2,-2
318,4,-3,0.25,3,-0.5
255,4,-3,0.25,3,-1
273,4,-3,0.25,3,-1.5
116,4,-3,0.25,3,-2
539,4,-3,0.25,4,-0.5
318,4,-3,0.25,4,-1
185,4,-3,0.25,4,-1.5
295,4,-3,0.25,4,-2
539,4,-3,0.25,5,-0.5
354,4,-3,0.25,5,-1
212,4,-3,0.25,5,-1.5
179,4,-3,0.25,5,-2
76,4,-3,0.75,1,-0.5
277,4,-3,0.75,1,-1
94,4,-3,0.75,1,-1.5
53,4,-3,0.75,1,-2
230,4,-3,0.75,2,-0.5
144,4,-3,0.75,2,-1
68,4,-3,0.75,2,-1.5
75,4,-3,0.75,2,-2
75,4,-3,0.75,3,-0.5
252,4,-3,0.75,3,-1
89,4,-3,0.75,3,-1.5
73,4,-3,0.75,3,-2
136,4,-3,0.75,4,-0.5
192,4,-3,0.75,4,-1
109,4,-3,0.75,4,-1.5
39,4,-3,0.75,4,-2
33,4,-3,0.75,5,-0.5
284,4,-3,0.75,5,-1
80,4,-3,0.75,5,-1.5
36,4,-3,0.75,5,-2
98,4,-3,1.25,1,-0.5
165,4,-3,1.25,1,-1
111,4,-3,1.25,1,-1.5
31,4,-3,1.25,1,-2
260,4,-3,1.25,2,-0.5
28,4,-3,1.25,2,-1
104,4,-3,1.25,2,-1.5
68,4,-3,1.25,2,-2
30,4,-3,1.25,3,-0.5
48,4,-3,1.25,3,-1
83,4,-3,1.25,3,-1.5
44,4,-3,1.25,3,-2
138,4,-3,1.25,4,-0.5
22,4,-3,1.25,4,-1
77,4,-3,1.25,4,-1.5
120,4,-3,1.25,4,-2
46,4,-3,1.25,5,-0.5
58,4,-3,1.25,5,-1
23,4,-3,1.25,5,-1.5
34,4,-3,1.25,5,-2
72,4,-3,1.75,1,-0.5
59,4,-3,1.75,1,-1
53,4,-3,1.75,1,-1.5
61,4,-3,1.75,1,-2
87,4,-3,1.75,2,-0.5
46,4,-3,1.75,2,-1
32,4,-3,1.75,2,-1.5
63,4,-3,1.75,2,-2
93,4,-3,1.75,3,-0.5
44,4,-3,1.75,3,-1
32,4,-3,1.75,3,-1.5
44,4,-3,1.75,3,-2
73,4,-3,1.75,4,-0.5
37,4,-3,1.75,4,-1
43,4,-3,1.75,4,-1.5
37,4,-3,1.75,4,-2
64,4,-3,1.75,5,-0.5
41,4,-3,1.75,5,-1
54,4,-3,1.75,5,-1.5
28,4,-3,1.75,5,-2
270,4,-4,0.25,1,-0.5
216,4,-4,0.25,1,-1
229,4,-4,0.25,1,-1.5
94,4,-4,0.25,1,-2
327,4,-4,0.25,2,-0.5
317,4,-4,0.25,2,-1
115,4,-4,0.25,2,-1.5
93,4,-4,0.25,2,-2
223,4,-4,0.25,3,-0.5
337,4,-4,0.25,3,-1
241,4,-4,0.25,3,-1.5
276,4,-4,0.25,3,-2
544,4,-4,0.25,4,-0.5
235,4,-4,0.25,4,-1
177,4,-4,0.25,4,-1.5
255,4,-4,0.25,4,-2
542,4,-4,0.25,5,-0.5
207,4,-4,0.25,5,-1
106,4,-4,0.25,5,-1.5
78,4,-4,0.25,5,-2
402,4,-4,0.75,1,-0.5
204,4,-4,0.75,1,-1
313,4,-4,0.75,1,-1.5
47,4,-4,0.75,1,-2
371,4,-4,0.75,2,-0.5
348,4,-4,0.75,2,-1
326,4,-4,0.75,2,-1.5
101,4,-4,0.75,2,-2
184,4,-4,0.75,3,-0.5
265,4,-4,0.75,3,-1
326,4,-4,0.75,3,-1.5
76,4,-4,0.75,3,-2
225,4,-4,0.75,4,-0.5
381,4,-4,0.75,4,-1
60,4,-4,0.75,4,-1.5
82,4,-4,0.75,4,-2
239,4,-4,0.75,5,-0.5
214,4,-4,0.75,5,-1
38,4,-4,0.75,5,-1.5
109,4,-4,0.75,5,-2
219,4,-4,1.25,1,-0.5
158,4,-4,1.25,1,-1
67,4,-4,1.25,1,-1.5
105,4,-4,1.25,1,-2
175,4,-4,1.25,2,-0.5
179,4,-4,1.25,2,-1
111,4,-4,1.25,2,-1.5
363,4,-4,1.25,2,-2
106,4,-4,1.25,3,-0.5
53,4,-4,1.25,3,-1
63,4,-4,1.25,3,-1.5
363,4,-4,1.25,3,-2
68,4,-4,1.25,4,-0.5
131,4,-4,1.25,4,-1
31,4,-4,1.25,4,-1.5
16,4,-4,1.25,4,-2
73,4,-4,1.25,5,-0.5
39,4,-4,1.25,5,-1
99,4,-4,1.25,5,-1.5
22,4,-4,1.25,5,-2
69,4,-4,1.75,1,-0.5
50,4,-4,1.75,1,-1
59,4,-4,1.75,1,-1.5
29,4,-4,1.75,1,-2
101,4,-4,1.75,2,-0.5
47,4,-4,1.75,2,-1
182,4,-4,1.75,2,-1.5
39,4,-4,1.75,2,-2
74,4,-4,1.75,3,-0.5
71,4,-4,1.75,3,-1
26,4,-4,1.75,3,-1.5
55,4,-4,1.75,3,-2
61,4,-4,1.75,4,-0.5
53,4,-4,1.75,4,-1
51,4,-4,1.75,4,-1.5
26,4,-4,1.75,4,-2
38,4,-4,1.75,5,-0.5
105,4,-4,1.75,5,-1
19,4,-4,1.75,5,-1.5
31,4,-4,1.75,5,-2
269,4,-5,0.25,1,-0.5
450,4,-5,0.25,1,-1
177,4,-5,0.25,1,-1.5
250,4,-5,0.25,1,-2
238,4,-5,0.25,2,-0.5
447,4,-5,0.25,2,-1
273,4,-5,0.25,2,-1.5
330,4,-5,0.25,2,-2
366,4,-5,0.25,3,-0.5
270,4,-5,0.25,3,-1
243,4,-5,0.25,3,-1.5
426,4,-5,0.25,3,-2
228,4,-5,0.25,4,-0.5
270,4,-5,0.25,4,-1
152,4,-5,0.25,4,-1.5
426,4,-5,0.25,4,-2
541,4,-5,0.25,5,-0.5
272,4,-5,0.25,5,-1
190,4,-5,0.25,5,-1.5
425,4,-5,0.25,5,-2
52,4,-5,0.75,1,-0.5
284,4,-5,0.75,1,-1
76,4,-5,0.75,1,-1.5
55,4,-5,0.75,1,-2
417,4,-5,0.75,2,-0.5
181,4,-5,0.75,2,-1
311,4,-5,0.75,2,-1.5
210,4,-5,0.75,2,-2
348,4,-5,0.75,3,-0.5
123,4,-5,0.75,3,-1
222,4,-5,0.75,3,-1.5
152,4,-5,0.75,3,-2
133,4,-5,0.75,4,-0.5
92,4,-5,0.75,4,-1
120,4,-5,0.75,4,-1.5
92,4,-5,0.75,4,-2
291,4,-5,0.75,5,-0.5
260,4,-5,0.75,5,-1
177,4,-5,0.75,5,-1.5
57,4,-5,0.75,5,-2
98,4,-5,1.25,1,-0.5
48,4,-5,1.25,1,-1
74,4,-5,1.25,1,-1.5
102,4,-5,1.25,1,-2
292,4,-5,1.25,2,-0.5
59,4,-5,1.25,2,-1
58,4,-5,1.25,2,-1.5
302,4,-5,1.25,2,-2
112,4,-5,1.25,3,-0.5
67,4,-5,1.25,3,-1
144,4,-5,1.25,3,-1.5
86,4,-5,1.25,3,-2
191,4,-5,1.25,4,-0.5
47,4,-5,1.25,4,-1
41,4,-5,1.25,4,-1.5
334,4,-5,1.25,4,-2
32,4,-5,1.25,5,-0.5
55,4,-5,1.25,5,-1
88,4,-5,1.25,5,-1.5
55,4,-5,1.25,5,-2
176,4,-5,1.75,1,-0.5
197,4,-5,1.75,1,-1
20,4,-5,1.75,1,-1.5
71,4,-5,1.75,1,-2
157,4,-5,1.75,2,-0.5
38,4,-5,1.75,2,-1
34,4,-5,1.75,2,-1.5
30,4,-5,1.75,2,-2
63,4,-5,1.75,3,-0.5
51,4,-5,1.75,3,-1
36,4,-5,1.75,3,-1.5
22,4,-5,1.75,3,-2
23,4,-5,1.75,4,-0.5
26,4,-5,1.75,4,-1
31,4,-5,1.75,4,-1.5
55,4,-5,1.75,4,-2
67,4,-5,1.75,5,-0.5
48,4,-5,1.75,5,-1
82,4,-5,1.75,5,-1.5
57,4,-5,1.75,5,-2
207,5,-1,0.25,1,-0.5
191,5,-1,0.25,1,-1
110,5,-1,0.25,1,-1.5
108,5,-1,0.25,1,-2
315,5,-1,0.25,2,-0.5
186,5,-1,0.25,2,-1
103,5,-1,0.25,2,-1.5
151,5,-1,0.25,2,-2
175,5,-1,0.25,3,-0.5
187,5,-1,0.25,3,-1
137,5,-1,0.25,3,-1.5
169,5,-1,0.25,3,-2
166,5,-1,0.25,4,-0.5
228,5,-1,0.25,4,-1
238,5,-1,0.25,4,-1.5
99,5,-1,0.25,4,-2
224,5,-1,0.25,5,-0.5
151,5,-1,0.25,5,-1
209,5,-1,0.25,5,-1.5
133,5,-1,0.25,5,-2
188,5,-1,0.75,1,-0.5
153,5,-1,0.75,1,-1
109,5,-1,0.75,1,-1.5
149,5,-1,0.75,1,-2
181,5,-1,0.75,2,-0.5
96,5,-1,0.75,2,-1
109,5,-1,0.75,2,-1.5
110,5,-1,0.75,2,-2
129,5,-1,0.75,3,-0.5
76,5,-1,0.75,3,-1
125,5,-1,0.75,3,-1.5
110,5,-1,0.75,3,-2
171,5,-1,0.75,4,-0.5
68,5,-1,0.75,4,-1
114,5,-1,0.75,4,-1.5
40,5,-1,0.75,4,-2
75,5,-1,0.75,5,-0.5
122,5,-1,0.75,5,-1
82,5,-1,0.75,5,-1.5
118,5,-1,0.75,5,-2
109,5,-1,1.25,1,-0.5
116,5,-1,1.25,1,-1
84,5,-1,1.25,1,-1.5
77,5,-1,1.25,1,-2
118,5,-1,1.25,2,-0.5
112,5,-1,1.25,2,-1
65,5,-1,1.25,2,-1.5
45,5,-1,1.25,2,-2
104,5,-1,1.25,3,-0.5
71,5,-1,1.25,3,-1
80,5,-1,1.25,3,-1.5
40,5,-1,1.25,3,-2
103,5,-1,1.25,4,-0.5
97,5,-1,1.25,4,-1
62,5,-1,1.25,4,-1.5
46,5,-1,1.25,4,-2
137,5,-1,1.25,5,-0.5
61,5,-1,1.25,5,-1
79,5,-1,1.25,5,-1.5
31,5,-1,1.25,5,-2
126,5,-1,1.75,1,-0.5
118,5,-1,1.75,1,-1
81,5,-1,1.75,1,-1.5
89,5,-1,1.75,1,-2
133,5,-1,1.75,2,-0.5
95,5,-1,1.75,2,-1
113,5,-1,1.75,2,-1.5
76,5,-1,1.75,2,-2
91,5,-1,1.75,3,-0.5
77,5,-1,1.75,3,-1
73,5,-1,1.75,3,-1.5
80,5,-1,1.75,3,-2
115,5,-1,1.75,4,-0.5
86,5,-1,1.75,4,-1
62,5,-1,1.75,4,-1.5
80,5,-1,1.75,4,-2
66,5,-1,1.75,5,-0.5
58,5,-1,1.75,5,-1
97,5,-1,1.75,5,-1.5
39,5,-1,1.75,5,-2
215,5,-2,0.25,1,-0.5
173,5,-2,0.25,1,-1
199,5,-2,0.25,1,-1.5
133,5,-2,0.25,1,-2
483,5,-2,0.25,2,-0.5
141,5,-2,0.25,2,-1
159,5,-2,0.25,2,-1.5
116,5,-2,0.25,2,-2
383,5,-2,0.25,3,-0.5
216,5,-2,0.25,3,-1
329,5,-2,0.25,3,-1.5
177,5,-2,0.25,3,-2
549,5,-2,0.25,4,-0.5
341,5,-2,0.25,4,-1
246,5,-2,0.25,4,-1.5
88,5,-2,0.25,4,-2
549,5,-2,0.25,5,-0.5
185,5,-2,0.25,5,-1
85,5,-2,0.25,5,-1.5
88,5,-2,0.25,5,-2
181,5,-2,0.75,1,-0.5
102,5,-2,0.75,1,-1
138,5,-2,0.75,1,-1.5
189,5,-2,0.75,1,-2
105,5,-2,0.75,2,-0.5
138,5,-2,0.75,2,-1
89,5,-2,0.75,2,-1.5
76,5,-2,0.75,2,-2
323,5,-2,0.75,3,-0.5
118,5,-2,0.75,3,-1
67,5,-2,0.75,3,-1.5
72,5,-2,0.75,3,-2
65,5,-2,0.75,4,-0.5
86,5,-2,0.75,4,-1
70,5,-2,0.75,4,-1.5
54,5,-2,0.75,4,-2
64,5,-2,0.75,5,-0.5
206,5,-2,0.75,5,-1
148,5,-2,0.75,5,-1.5
53,5,-2,0.75,5,-2
110,5,-2,1.25,1,-0.5
259,5,-2,1.25,1,-1
97,5,-2,1.25,1,-1.5
54,5,-2,1.25,1,-2
129,5,-2,1.25,2,-0.5
70,5,-2,1.25,2,-1
65,5,-2,1.25,2,-1.5
70,5,-2,1.25,2,-2
197,5,-2,1.25,3,-0.5
101,5,-2,1.25,3,-1
38,5,-2,1.25,3,-1.5
35,5,-2,1.25,3,-2
92,5,-2,1.25,4,-0.5
127,5,-2,1.25,4,-1
37,5,-2,1.25,4,-1.5
46,5,-2,1.25,4,-2
93,5,-2,1.25,5,-0.5
50,5,-2,1.25,5,-1
37,5,-2,1.25,5,-1.5
54,5,-2,1.25,5,-2
124,5,-2,1.75,1,-0.5
93,5,-2,1.75,1,-1
60,5,-2,1.75,1,-1.5
67,5,-2,1.75,1,-2
95,5,-2,1.75,2,-0.5
65,5,-2,1.75,2,-1
52,5,-2,1.75,2,-1.5
58,5,-2,1.75,2,-2
70,5,-2,1.75,3,-0.5
68,5,-2,1.75,3,-1
49,5,-2,1.75,3,-1.5
53,5,-2,1.75,3,-2
77,5,-2,1.75,4,-0.5
68,5,-2,1.75,4,-1
27,5,-2,1.75,4,-1.5
36,5,-2,1.75,4,-2
58,5,-2,1.75,5,-0.5
34,5,-2,1.75,5,-1
38,5,-2,1.75,5,-1.5
42,5,-2,1.75,5,-2
327,5,-3,0.25,1,-0.5
191,5,-3,0.25,1,-1
207,5,-3,0.25,1,-1.5
201,5,-3,0.25,1,-2
427,5,-3,0.25,2,-0.5
134,5,-3,0.25,2,-1
266,5,-3,0.25,2,-1.5
217,5,-3,0.25,2,-2
257,5,-3,0.25,3,-0.5
295,5,-3,0.25,3,-1
338,5,-3,0.25,3,-1.5
126,5,-3,0.25,3,-2
539,5,-3,0.25,4,-0.5
159,5,-3,0.25,4,-1
234,5,-3,0.25,4,-1.5
260,5,-3,0.25,4,-2
539,5,-3,0.25,5,-0.5
345,5,-3,0.25,5,-1
175,5,-3,0.25,5,-1.5
349,5,-3,0.25,5,-2
327,5,-3,0.75,1,-0.5
118,5,-3,0.75,1,-1
185,5,-3,0.75,1,-1.5
75,5,-3,0.75,1,-2
267,5,-3,0.75,2,-0.5
145,5,-3,0.75,2,-1
152,5,-3,0.75,2,-1.5
98,5,-3,0.75,2,-2
136,5,-3,0.75,3,-0.5
275,5,-3,0.75,3,-1
155,5,-3,0.75,3,-1.5
65,5,-3,0.75,3,-2
85,5,-3,0.75,4,-0.5
202,5,-3,0.75,4,-1
219,5,-3,0.75,4,-1.5
70,5,-3,0.75,4,-2
294,5,-3,0.75,5,-0.5
147,5,-3,0.75,5,-1
16,5,-3,0.75,5,-1.5
207,5,-3,0.75,5,-2
117,5,-3,1.25,1,-0.5
243,5,-3,1.25,1,-1
67,5,-3,1.25,1,-1.5
92,5,-3,1.25,1,-2
296,5,-3,1.25,2,-0.5
122,5,-3,1.25,2,-1
69,5,-3,1.25,2,-1.5
71,5,-3,1.25,2,-2
75,5,-3,1.25,3,-0.5
54,5,-3,1.25,3,-1
53,5,-3,1.25,3,-1.5
75,5,-3,1.25,3,-2
43,5,-3,1.25,4,-0.5
40,5,-3,1.25,4,-1
59,5,-3,1.25,4,-1.5
88,5,-3,1.25,4,-2
62,5,-3,1.25,5,-0.5
41,5,-3,1.25,5,-1
39,5,-3,1.25,5,-1.5
43,5,-3,1.25,5,-2
108,5,-3,1.75,1,-0.5
71,5,-3,1.75,1,-1
31,5,-3,1.75,1,-1.5
41,5,-3,1.75,1,-2
103,5,-3,1.75,2,-0.5
71,5,-3,1.75,2,-1
81,5,-3,1.75,2,-1.5
46,5,-3,1.75,2,-2
65,5,-3,1.75,3,-0.5
48,5,-3,1.75,3,-1
59,5,-3,1.75,3,-1.5
33,5,-3,1.75,3,-2
79,5,-3,1.75,4,-0.5
49,5,-3,1.75,4,-1
119,5,-3,1.75,4,-1.5
55,5,-3,1.75,4,-2
74,5,-3,1.75,5,-0.5
32,5,-3,1.75,5,-1
121,5,-3,1.75,5,-1.5
31,5,-3,1.75,5,-2
313,5,-4,0.25,1,-0.5
181,5,-4,0.25,1,-1
165,5,-4,0.25,1,-1.5
259,5,-4,0.25,1,-2
388,5,-4,0.25,2,-0.5
177,5,-4,0.25,2,-1
236,5,-4,0.25,2,-1.5
169,5,-4,0.25,2,-2
298,5,-4,0.25,3,-0.5
378,5,-4,0.25,3,-1
250,5,-4,0.25,3,-1.5
240,5,-4,0.25,3,-2
307,5,-4,0.25,4,-0.5
422,5,-4,0.25,4,-1
472,5,-4,0.25,4,-1.5
142,5,-4,0.25,4,-2
542,5,-4,0.25,5,-0.5
253,5,-4,0.25,5,-1
223,5,-4,0.25,5,-1.5
159,5,-4,0.25,5,-2
93,5,-4,0.75,1,-0.5
172,5,-4,0.75,1,-1
99,5,-4,0.75,1,-1.5
30,5,-4,0.75,1,-2
93,5,-4,0.75,2,-0.5
246,5,-4,0.75,2,-1
124,5,-4,0.75,2,-1.5
99,5,-4,0.75,2,-2
292,5,-4,0.75,3,-0.5
169,5,-4,0.75,3,-1
237,5,-4,0.75,3,-1.5
148,5,-4,0.75,3,-2
116,5,-4,0.75,4,-0.5
150,5,-4,0.75,4,-1
316,5,-4,0.75,4,-1.5
108,5,-4,0.75,4,-2
417,5,-4,0.75,5,-0.5
145,5,-4,0.75,5,-1
155,5,-4,0.75,5,-1.5
93,5,-4,0.75,5,-2
348,5,-4,1.25,1,-0.5
40,5,-4,1.25,1,-1
108,5,-4,1.25,1,-1.5
50,5,-4,1.25,1,-2
73,5,-4,1.25,2,-0.5
54,5,-4,1.25,2,-1
60,5,-4,1.25,2,-1.5
75,5,-4,1.25,2,-2
252,5,-4,1.25,3,-0.5
144,5,-4,1.25,3,-1
74,5,-4,1.25,3,-1.5
78,5,-4,1.25,3,-2
69,5,-4,1.25,4,-0.5
61,5,-4,1.25,4,-1
147,5,-4,1.25,4,-1.5
29,5,-4,1.25,4,-2
36,5,-4,1.25,5,-0.5
150,5,-4,1.25,5,-1
20,5,-4,1.25,5,-1.5
27,5,-4,1.25,5,-2
80,5,-4,1.75,1,-0.5
83,5,-4,1.75,1,-1
46,5,-4,1.75,1,-1.5
45,5,-4,1.75,1,-2
68,5,-4,1.75,2,-0.5
35,5,-4,1.75,2,-1
90,5,-4,1.75,2,-1.5
57,5,-4,1.75,2,-2
40,5,-4,1.75,3,-0.5
37,5,-4,1.75,3,-1
30,5,-4,1.75,3,-1.5
63,5,-4,1.75,3,-2
61,5,-4,1.75,4,-0.5
49,5,-4,1.75,4,-1
29,5,-4,1.75,4,-1.5
29,5,-4,1.75,4,-2
50,5,-4,1.75,5,-0.5
54,5,-4,1.75,5,-1
40,5,-4,1.75,5,-1.5
61,5,-4,1.75,5,-2
283,5,-5,0.25,1,-0.5
227,5,-5,0.25,1,-1
392,5,-5,0.25,1,-1.5
202,5,-5,0.25,1,-2
355,5,-5,0.25,2,-0.5
383,5,-5,0.25,2,-1
439,5,-5,0.25,2,-1.5
181,5,-5,0.25,2,-2
375,5,-5,0.25,3,-0.5
347,5,-5,0.25,3,-1
322,5,-5,0.25,3,-1.5
82,5,-5,0.25,3,-2
294,5,-5,0.25,4,-0.5
436,5,-5,0.25,4,-1
205,5,-5,0.25,4,-1.5
223,5,-5,0.25,4,-2
548,5,-5,0.25,5,-0.5
307,5,-5,0.25,5,-1
227,5,-5,0.25,5,-1.5
178,5,-5,0.25,5,-2
352,5,-5,0.75,1,-0.5
281,5,-5,0.75,1,-1
188,5,-5,0.75,1,-1.5
272,5,-5,0.75,1,-2
205,5,-5,0.75,2,-0.5
365,5,-5,0.75,2,-1
269,5,-5,0.75,2,-1.5
66,5,-5,0.75,2,-2
525,5,-5,0.75,3,-0.5
144,5,-5,0.75,3,-1
292,5,-5,0.75,3,-1.5
147,5,-5,0.75,3,-2
317,5,-5,0.75,4,-0.5
98,5,-5,0.75,4,-1
184,5,-5,0.75,4,-1.5
167,5,-5,0.75,4,-2
208,5,-5,0.75,5,-0.5
549,5,-5,0.75,5,-1
128,5,-5,0.75,5,-1.5
222,5,-5,0.75,5,-2
773,5,-5,1.25,1,-0.5
81,5,-5,1.25,1,-1
55,5,-5,1.25,1,-1.5
54,5,-5,1.25,1,-2
263,5,-5,1.25,2,-0.5
155,5,-5,1.25,2,-1
135,5,-5,1.25,2,-1.5
52,5,-5,1.25,2,-2
66,5,-5,1.25,3,-0.5
79,5,-5,1.25,3,-1
55,5,-5,1.25,3,-1.5
143,5,-5,1.25,3,-2
306,5,-5,1.25,4,-0.5
161,5,-5,1.25,4,-1
43,5,-5,1.25,4,-1.5
95,5,-5,1.25,4,-2
237,5,-5,1.25,5,-0.5
73,5,-5,1.25,5,-1
222,5,-5,1.25,5,-1.5
277,5,-5,1.25,5,-2
55,5,-5,1.75,1,-0.5
99,5,-5,1.75,1,-1
46,5,-5,1.75,1,-1.5
55,5,-5,1.75,1,-2
52,5,-5,1.75,2,-0.5
55,5,-5,1.75,2,-1
50,5,-5,1.75,2,-1.5
65,5,-5,1.75,2,-2
59,5,-5,1.75,3,-0.5
37,5,-5,1.75,3,-1
42,5,-5,1.75,3,-1.5
42,5,-5,1.75,3,-2
68,5,-5,1.75,4,-0.5
36,5,-5,1.75,4,-1
112,5,-5,1.75,4,-1.5
200,5,-5,1.75,4,-2
42,5,-5,1.75,5,-0.5
36,5,-5,1.75,5,-1
29,5,-5,1.75,5,-1.5
36,5,-5,1.75,5,-2
