55,1,-1,0.25,1,-0.5
33,1,-1,0.25,1,-1
33,1,-1,0.25,1,-1.5
19,1,-1,0.25,1,-2
85,1,-1,0.25,2,-0.5
36,1,-1,0.25,2,-1
71,1,-1,0.25,2,-1.5
57,1,-1,0.25,2,-2
86,1,-1,0.25,3,-0.5
105,1,-1,0.25,3,-1
88,1,-1,0.25,3,-1.5
54,1,-1,0.25,3,-2
201,1,-1,0.25,4,-0.5
34,1,-1,0.25,4,-1
104,1,-1,0.25,4,-1.5
37,1,-1,0.25,4,-2
77,1,-1,0.25,5,-0.5
48,1,-1,0.25,5,-1
43,1,-1,0.25,5,-1.5
55,1,-1,0.25,5,-2
53,1,-1,0.75,1,-0.5
20,1,-1,0.75,1,-1
64,1,-1,0.75,1,-1.5
46,1,-1,0.75,1,-2
52,1,-1,0.75,2,-0.5
57,1,-1,0.75,2,-1
31,1,-1,0.75,2,-1.5
72,1,-1,0.75,2,-2
79,1,-1,0.75,3,-0.5
35,1,-1,0.75,3,-1
51,1,-1,0.75,3,-1.5
98,1,-1,0.75,3,-2
69,1,-1,0.75,4,-0.5
57,1,-1,0.75,4,-1
65,1,-1,0.75,4,-1.5
82,1,-1,0.75,4,-2
62,1,-1,0.75,5,-0.5
72,1,-1,0.75,5,-1
74,1,-1,0.75,5,-1.5
69,1,-1,0.75,5,-2
121,1,-1,1.25,1,-0.5
109,1,-1,1.25,1,-1
100,1,-1,1.25,1,-1.5
49,1,-1,1.25,1,-2
120,1,-1,1.25,2,-0.5
76,1,-1,1.25,2,-1
85,1,-1,1.25,2,-1.5
77,1,-1,1.25,2,-2
105,1,-1,1.25,3,-0.5
87,1,-1,1.25,3,-1
80,1,-1,1.25,3,-1.5
89,1,-1,1.25,3,-2
128,1,-1,1.25,4,-0.5
80,1,-1,1.25,4,-1
94,1,-1,1.25,4,-1.5
76,1,-1,1.25,4,-2
122,1,-1,1.25,5,-0.5
111,1,-1,1.25,5,-1
80,1,-1,1.25,5,-1.5
87,1,-1,1.25,5,-2
148,1,-1,1.75,1,-0.5
147,1,-1,1.75,1,-1
116,1,-1,1.75,1,-1.5
133,1,-1,1.75,1,-2
159,1,-1,1.75,2,-0.5
145,1,-1,1.75,2,-1
122,1,-1,1.75,2,-1.5
122,1,-1,1.75,2,-2
142,1,-1,1.75,3,-0.5
101,1,-1,1.75,3,-1
103,1,-1,1.75,3,-1.5
103,1,-1,1.75,3,-2
164,1,-1,1.75,4,-0.5
119,1,-1,1.75,4,-1
106,1,-1,1.75,4,-1.5
114,1,-1,1.75,4,-2
156,1,-1,1.75,5,-0.5
120,1,-1,1.75,5,-1
114,1,-1,1.75,5,-1.5
119,1,-1,1.75,5,-2
122,1,-2,0.25,1,-0.5
122,1,-2,0.25,1,-1
53,1,-2,0.25,1,-1.5
92,1,-2,0.25,1,-2
212,1,-2,0.25,2,-0.5
107,1,-2,0.25,2,-1
183,1,-2,0.25,2,-1.5
75,1,-2,0.25,2,-2
69,1,-2,0.25,3,-0.5
257,1,-2,0.25,3,-1
164,1,-2,0.25,3,-1.5
44,1,-2,0.25,3,-2
189,1,-2,0.25,4,-0.5
80,1,-2,0.25,4,-1
97,1,-2,0.25,4,-1.5
193,1,-2,0.25,4,-2
71,1,-2,0.25,5,-0.5
192,1,-2,0.25,5,-1
109,1,-2,0.25,5,-1.5
79,1,-2,0.25,5,-2
75,1,-2,0.75,1,-0.5
48,1,-2,0.75,1,-1
31,1,-2,0.75,1,-1.5
31,1,-2,0.75,1,-2
67,1,-2,0.75,2,-0.5
30,1,-2,0.75,2,-1
25,1,-2,0.75,2,-1.5
52,1,-2,0.75,2,-2
44,1,-2,0.75,3,-0.5
38,1,-2,0.75,3,-1
85,1,-2,0.75,3,-1.5
61,1,-2,0.75,3,-2
63,1,-2,0.75,4,-0.5
52,1,-2,0.75,4,-1
62,1,-2,0.75,4,-1.5
56,1,-2,0.75,4,-2
141,1,-2,0.75,5,-0.5
83,1,-2,0.75,5,-1
48,1,-2,0.75,5,-1.5
58,1,-2,0.75,5,-2
55,1,-2,1.25,1,-0.5
66,1,-2,1.25,1,-1
79,1,-2,1.25,1,-1.5
36,1,-2,1.25,1,-2
61,1,-2,1.25,2,-0.5
59,1,-2,1.25,2,-1
53,1,-2,1.25,2,-1.5
45,1,-2,1.25,2,-2
72,1,-2,1.25,3,-0.5
43,1,-2,1.25,3,-1
48,1,-2,1.25,3,-1.5
33,1,-2,1.25,3,-2
77,1,-2,1.25,4,-0.5
28,1,-2,1.25,4,-1
65,1,-2,1.25,4,-1.5
81,1,-2,1.25,4,-2
44,1,-2,1.25,5,-0.5
66,1,-2,1.25,5,-1
58,1,-2,1.25,5,-1.5
57,1,-2,1.25,5,-2
115,1,-2,1.75,1,-0.5
97,1,-2,1.75,1,-1
103,1,-2,1.75,1,-1.5
66,1,-2,1.75,1,-2
109,1,-2,1.75,2,-0.5
83,1,-2,1.75,2,-1
58,1,-2,1.75,2,-1.5
52,1,-2,1.75,2,-2
118,1,-2,1.75,3,-0.5
71,1,-2,1.75,3,-1
98,1,-2,1.75,3,-1.5
89,1,-2,1.75,3,-2
103,1,-2,1.75,4,-0.5
88,1,-2,1.75,4,-1
91,1,-2,1.75,4,-1.5
59,1,-2,1.75,4,-2
95,1,-2,1.75,5,-0.5
82,1,-2,1.75,5,-1
87,1,-2,1.75,5,-1.5
87,1,-2,1.75,5,-2
262,1,-3,0.25,1,-0.5
154,1,-3,0.25,1,-1
230,1,-3,0.25,1,-1.5
549,1,-3,0.25,1,-2
164,1,-3,0.25,2,-0.5
169,1,-3,0.25,2,-1
356,1,-3,0.25,2,-1.5
287,1,-3,0.25,2,-2
317,1,-3,0.25,3,-0.5
201,1,-3,0.25,3,-1
356,1,-3,0.25,3,-1.5
292,1,-3,0.25,3,-2
228,1,-3,0.25,4,-0.5
145,1,-3,0.25,4,-1
429,1,-3,0.25,4,-1.5
472,1,-3,0.25,4,-2
92,1,-3,0.25,5,-0.5
61,1,-3,0.25,5,-1
44,1,-3,0.25,5,-1.5
64,1,-3,0.25,5,-2
28,1,-3,0.75,1,-0.5
51,1,-3,0.75,1,-1
38,1,-3,0.75,1,-1.5
103,1,-3,0.75,1,-2
233,1,-3,0.75,2,-0.5
159,1,-3,0.75,2,-1
206,1,-3,0.75,2,-1.5
51,1,-3,0.75,2,-2
20,1,-3,0.75,3,-0.5
29,1,-3,0.75,3,-1
39,1,-3,0.75,3,-1.5
37,1,-3,0.75,3,-2
158,1,-3,0.75,4,-0.5
26,1,-3,0.75,4,-1
39,1,-3,0.75,4,-1.5
68,1,-3,0.75,4,-2
22,1,-3,0.75,5,-0.5
61,1,-3,0.75,5,-1
22,1,-3,0.75,5,-1.5
47,1,-3,0.75,5,-2
53,1,-3,1.25,1,-0.5
55,1,-3,1.25,1,-1
40,1,-3,1.25,1,-1.5
42,1,-3,1.25,1,-2
37,1,-3,1.25,2,-0.5
48,1,-3,1.25,2,-1
28,1,-3,1.25,2,-1.5
56,1,-3,1.25,2,-2
28,1,-3,1.25,3,-0.5
37,1,-3,1.25,3,-1
33,1,-3,1.25,3,-1.5
64,1,-3,1.25,3,-2
61,1,-3,1.25,4,-0.5
38,1,-3,1.25,4,-1
21,1,-3,1.25,4,-1.5
48,1,-3,1.25,4,-2
39,1,-3,1.25,5,-0.5
47,1,-3,1.25,5,-1
37,1,-3,1.25,5,-1.5
44,1,-3,1.25,5,-2
84,1,-3,1.75,1,-0.5
74,1,-3,1.75,1,-1
49,1,-3,1.75,1,-1.5
85,1,-3,1.75,1,-2
67,1,-3,1.75,2,-0.5
75,1,-3,1.75,2,-1
68,1,-3,1.75,2,-1.5
54,1,-3,1.75,2,-2
61,1,-3,1.75,3,-0.5
39,1,-3,1.75,3,-1
44,1,-3,1.75,3,-1.5
47,1,-3,1.75,3,-2
82,1,-3,1.75,4,-0.5
98,1,-3,1.75,4,-1
78,1,-3,1.75,4,-1.5
54,1,-3,1.75,4,-2
82,1,-3,1.75,5,-0.5
77,1,-3,1.75,5,-1
75,1,-3,1.75,5,-1.5
51,1,-3,1.75,5,-2
341,1,-4,0.25,1,-0.5
494,1,-4,0.25,1,-1
175,1,-4,0.25,1,-1.5
391,1,-4,0.25,1,-2
550,1,-4,0.25,2,-0.5
139,1,-4,0.25,2,-1
455,1,-4,0.25,2,-1.5
241,1,-4,0.25,2,-2
559,1,-4,0.25,3,-0.5
236,1,-4,0.25,3,-1
96,1,-4,0.25,3,-1.5
260,1,-4,0.25,3,-2
559,1,-4,0.25,4,-0.5
153,1,-4,0.25,4,-1
283,1,-4,0.25,4,-1.5
208,1,-4,0.25,4,-2
116,1,-4,0.25,5,-0.5
239,1,-4,0.25,5,-1
116,1,-4,0.25,5,-1.5
116,1,-4,0.25,5,-2
39,1,-4,0.75,1,-0.5
57,1,-4,0.75,1,-1
220,1,-4,0.75,1,-1.5
66,1,-4,0.75,1,-2
221,1,-4,0.75,2,-0.5
173,1,-4,0.75,2,-1
86,1,-4,0.75,2,-1.5
94,1,-4,0.75,2,-2
99,1,-4,0.75,3,-0.5
143,1,-4,0.75,3,-1
114,1,-4,0.75,3,-1.5
90,1,-4,0.75,3,-2
39,1,-4,0.75,4,-0.5
176,1,-4,0.75,4,-1
32,1,-4,0.75,4,-1.5
70,1,-4,0.75,4,-2
44,1,-4,0.75,5,-0.5
70,1,-4,0.75,5,-1
81,1,-4,0.75,5,-1.5
110,1,-4,0.75,5,-2
68,1,-4,1.25,1,-0.5
75,1,-4,1.25,1,-1
56,1,-4,1.25,1,-1.5
24,1,-4,1.25,1,-2
40,1,-4,1.25,2,-0.5
35,1,-4,1.25,2,-1
37,1,-4,1.25,2,-1.5
42,1,-4,1.25,2,-2
53,1,-4,1.25,3,-0.5
21,1,-4,1.25,3,-1
39,1,-4,1.25,3,-1.5
51,1,-4,1.25,3,-2
29,1,-4,1.25,4,-0.5
39,1,-4,1.25,4,-1
119,1,-4,1.25,4,-1.5
96,1,-4,1.25,4,-2
41,1,-4,1.25,5,-0.5
56,1,-4,1.25,5,-1
182,1,-4,1.25,5,-1.5
182,1,-4,1.25,5,-2
70,1,-4,1.75,1,-0.5
68,1,-4,1.75,1,-1
27,1,-4,1.75,1,-1.5
66,1,-4,1.75,1,-2
63,1,-4,1.75,2,-0.5
37,1,-4,1.75,2,-1
45,1,-4,1.75,2,-1.5
66,1,-4,1.75,2,-2
70,1,-4,1.75,3,-0.5
39,1,-4,1.75,3,-1
60,1,-4,1.75,3,-1.5
41,1,-4,1.75,3,-2
55,1,-4,1.75,4,-0.5
59,1,-4,1.75,4,-1
51,1,-4,1.75,4,-1.5
53,1,-4,1.75,4,-2
53,1,-4,1.75,5,-0.5
46,1,-4,1.75,5,-1
27,1,-4,1.75,5,-1.5
58,1,-4,1.75,5,-2
224,1,-5,0.25,1,-0.5
415,1,-5,0.25,1,-1
157,1,-5,0.25,1,-1.5
253,1,-5,0.25,1,-2
180,1,-5,0.25,2,-0.5
413,1,-5,0.25,2,-1
198,1,-5,0.25,2,-1.5
270,1,-5,0.25,2,-2
362,1,-5,0.25,3,-0.5
344,1,-5,0.25,3,-1
343,1,-5,0.25,3,-1.5
362,1,-5,0.25,3,-2
362,1,-5,0.25,4,-0.5
343,1,-5,0.25,4,-1
191,1,-5,0.25,4,-1.5
324,1,-5,0.25,4,-2
499,1,-5,0.25,5,-0.5
273,1,-5,0.25,5,-1
228,1,-5,0.25,5,-1.5
324,1,-5,0.25,5,-2
414,1,-5,0.75,1,-0.5
55,1,-5,0.75,1,-1
328,1,-5,0.75,1,-1.5
126,1,-5,0.75,1,-2
261,1,-5,0.75,2,-0.5
298,1,-5,0.75,2,-1
104,1,-5,0.75,2,-1.5
70,1,-5,0.75,2,-2
133,1,-5,0.75,3,-0.5
174,1,-5,0.75,3,-1
215,1,-5,0.75,3,-1.5
126,1,-5,0.75,3,-2
122,1,-5,0.75,4,-0.5
330,1,-5,0.75,4,-1
51,1,-5,0.75,4,-1.5
32,1,-5,0.75,4,-2
256,1,-5,0.75,5,-0.5
127,1,-5,0.75,5,-1
41,1,-5,0.75,5,-1.5
225,1,-5,0.75,5,-2
66,1,-5,1.25,1,-0.5
40,1,-5,1.25,1,-1
20,1,-5,1.25,1,-1.5
37,1,-5,1.25,1,-2
211,1,-5,1.25,2,-0.5
87,1,-5,1.25,2,-1
43,1,-5,1.25,2,-1.5
47,1,-5,1.25,2,-2
46,1,-5,1.25,3,-0.5
53,1,-5,1.25,3,-1
61,1,-5,1.25,3,-1.5
158,1,-5,1.25,3,-2
133,1,-5,1.25,4,-0.5
78,1,-5,1.25,4,-1
41,1,-5,1.25,4,-1.5
35,1,-5,1.25,4,-2
82,1,-5,1.25,5,-0.5
19,1,-5,1.25,5,-1
36,1,-5,1.25,5,-1.5
135,1,-5,1.25,5,-2
63,1,-5,1.75,1,-0.5
46,1,-5,1.75,1,-1
128,1,-5,1.75,1,-1.5
55,1,-5,1.75,1,-2
56,1,-5,1.75,2,-0.5
75,1,-5,1.75,2,-1
43,1,-5,1.75,2,-1.5
49,1,-5,1.75,2,-2
44,1,-5,1.75,3,-0.5
74,1,-5,1.75,3,-1
37,1,-5,1.75,3,-1.5
56,1,-5,1.75,3,-2
197,1,-5,1.75,4,-0.5
39,1,-5,1.75,4,-1
158,1,-5,1.75,4,-1.5
53,1,-5,1.75,4,-2
60,1,-5,1.75,5,-0.5
41,1,-5,1.75,5,-1
31,1,-5,1.75,5,-1.5
55,1,-5,1.75,5,-2
164,2,-1,0.25,1,-0.5
65,2,-1,0.25,1,-1
36,2,-1,0.25,1,-1.5
62,2,-1,0.25,1,-2
172,2,-1,0.25,2,-0.5
69,2,-1,0.25,2,-1
95,2,-1,0.25,2,-1.5
46,2,-1,0.25,2,-2
176,2,-1,0.25,3,-0.5
104,2,-1,0.25,3,-1
21,2,-1,0.25,3,-1.5
58,2,-1,0.25,3,-2
174,2,-1,0.25,4,-0.5
148,2,-1,0.25,4,-1
153,2,-1,0.25,4,-1.5
70,2,-1,0.25,4,-2
128,2,-1,0.25,5,-0.5
74,2,-1,0.25,5,-1
76,2,-1,0.25,5,-1.5
52,2,-1,0.25,5,-2
57,2,-1,0.75,1,-0.5
47,2,-1,0.75,1,-1
39,2,-1,0.75,1,-1.5
28,2,-1,0.75,1,-2
47,2,-1,0.75,2,-0.5
34,2,-1,0.75,2,-1
50,2,-1,0.75,2,-1.5
25,2,-1,0.75,2,-2
46,2,-1,0.75,3,-0.5
36,2,-1,0.75,3,-1
44,2,-1,0.75,3,-1.5
48,2,-1,0.75,3,-2
64,2,-1,0.75,4,-0.5
58,2,-1,0.75,4,-1
73,2,-1,0.75,4,-1.5
40,2,-1,0.75,4,-2
104,2,-1,0.75,5,-0.5
52,2,-1,0.75,5,-1
50,2,-1,0.75,5,-1.5
56,2,-1,0.75,5,-2
108,2,-1,1.25,1,-0.5
80,2,-1,1.25,1,-1
49,2,-1,1.25,1,-1.5
80,2,-1,1.25,1,-2
77,2,-1,1.25,2,-0.5
61,2,-1,1.25,2,-1
76,2,-1,1.25,2,-1.5
55,2,-1,1.25,2,-2
76,2,-1,1.25,3,-0.5
46,2,-1,1.25,3,-1
80,2,-1,1.25,3,-1.5
52,2,-1,1.25,3,-2
65,2,-1,1.25,4,-0.5
55,2,-1,1.25,4,-1
82,2,-1,1.25,4,-1.5
52,2,-1,1.25,4,-2
70,2,-1,1.25,5,-0.5
44,2,-1,1.25,5,-1
59,2,-1,1.25,5,-1.5
81,2,-1,1.25,5,-2
144,2,-1,1.75,1,-0.5
112,2,-1,1.75,1,-1
82,2,-1,1.75,1,-1.5
93,2,-1,1.75,1,-2
91,2,-1,1.75,2,-0.5
92,2,-1,1.75,2,-1
90,2,-1,1.75,2,-1.5
97,2,-1,1.75,2,-2
108,2,-1,1.75,3,-0.5
89,2,-1,1.75,3,-1
102,2,-1,1.75,3,-1.5
97,2,-1,1.75,3,-2
123,2,-1,1.75,4,-0.5
90,2,-1,1.75,4,-1
93,2,-1,1.75,4,-1.5
83,2,-1,1.75,4,-2
111,2,-1,1.75,5,-0.5
114,2,-1,1.75,5,-1
81,2,-1,1.75,5,-1.5
69,2,-1,1.75,5,-2
275,2,-2,0.25,1,-0.5
153,2,-2,0.25,1,-1
184,2,-2,0.25,1,-1.5
93,2,-2,0.25,1,-2
141,2,-2,0.25,2,-0.5
156,2,-2,0.25,2,-1
225,2,-2,0.25,2,-1.5
46,2,-2,0.25,2,-2
85,2,-2,0.25,3,-0.5
196,2,-2,0.25,3,-1
118,2,-2,0.25,3,-1.5
39,2,-2,0.25,3,-2
166,2,-2,0.25,4,-0.5
66,2,-2,0.25,4,-1
168,2,-2,0.25,4,-1.5
106,2,-2,0.25,4,-2
142,2,-2,0.25,5,-0.5
202,2,-2,0.25,5,-1
34,2,-2,0.25,5,-1.5
44,2,-2,0.25,5,-2
65,2,-2,0.75,1,-0.5
26,2,-2,0.75,1,-1
56,2,-2,0.75,1,-1.5
143,2,-2,0.75,1,-2
40,2,-2,0.75,2,-0.5
21,2,-2,0.75,2,-1
21,2,-2,0.75,2,-1.5
24,2,-2,0.75,2,-2
112,2,-2,0.75,3,-0.5
39,2,-2,0.75,3,-1
21,2,-2,0.75,3,-1.5
51,2,-2,0.75,3,-2
92,2,-2,0.75,4,-0.5
38,2,-2,0.75,4,-1
29,2,-2,0.75,4,-1.5
38,2,-2,0.75,4,-2
28,2,-2,0.75,5,-0.5
32,2,-2,0.75,5,-1
59,2,-2,0.75,5,-1.5
65,2,-2,0.75,5,-2
69,2,-2,1.25,1,-0.5
50,2,-2,1.25,1,-1
41,2,-2,1.25,1,-1.5
43,2,-2,1.25,1,-2
36,2,-2,1.25,2,-0.5
51,2,-2,1.25,2,-1
68,2,-2,1.25,2,-1.5
21,2,-2,1.25,2,-2
67,2,-2,1.25,3,-0.5
30,2,-2,1.25,3,-1
38,2,-2,1.25,3,-1.5
34,2,-2,1.25,3,-2
64,2,-2,1.25,4,-0.5
42,2,-2,1.25,4,-1
44,2,-2,1.25,4,-1.5
34,2,-2,1.25,4,-2
46,2,-2,1.25,5,-0.5
22,2,-2,1.25,5,-1
40,2,-2,1.25,5,-1.5
32,2,-2,1.25,5,-2
127,2,-2,1.75,1,-0.5
40,2,-2,1.75,1,-1
67,2,-2,1.75,1,-1.5
45,2,-2,1.75,1,-2
82,2,-2,1.75,2,-0.5
78,2,-2,1.75,2,-1
44,2,-2,1.75,2,-1.5
47,2,-2,1.75,2,-2
87,2,-2,1.75,3,-0.5
68,2,-2,1.75,3,-1
56,2,-2,1.75,3,-1.5
42,2,-2,1.75,3,-2
84,2,-2,1.75,4,-0.5
68,2,-2,1.75,4,-1
60,2,-2,1.75,4,-1.5
67,2,-2,1.75,4,-2
62,2,-2,1.75,5,-0.5
105,2,-2,1.75,5,-1
48,2,-2,1.75,5,-1.5
37,2,-2,1.75,5,-2
471,2,-3,0.25,1,-0.5
98,2,-3,0.25,1,-1
203,2,-3,0.25,1,-1.5
246,2,-3,0.25,1,-2
289,2,-3,0.25,2,-0.5
319,2,-3,0.25,2,-1
498,2,-3,0.25,2,-1.5
168,2,-3,0.25,2,-2
355,2,-3,0.25,3,-0.5
338,2,-3,0.25,3,-1
143,2,-3,0.25,3,-1.5
229,2,-3,0.25,3,-2
372,2,-3,0.25,4,-0.5
267,2,-3,0.25,4,-1
125,2,-3,0.25,4,-1.5
163,2,-3,0.25,4,-2
343,2,-3,0.25,5,-0.5
187,2,-3,0.25,5,-1
303,2,-3,0.25,5,-1.5
62,2,-3,0.25,5,-2
68,2,-3,0.75,1,-0.5
76,2,-3,0.75,1,-1
299,2,-3,0.75,1,-1.5
37,2,-3,0.75,1,-2
23,2,-3,0.75,2,-0.5
49,2,-3,0.75,2,-1
104,2,-3,0.75,2,-1.5
70,2,-3,0.75,2,-2
18,2,-3,0.75,3,-0.5
240,2,-3,0.75,3,-1
26,2,-3,0.75,3,-1.5
21,2,-3,0.75,3,-2
39,2,-3,0.75,4,-0.5
78,2,-3,0.75,4,-1
61,2,-3,0.75,4,-1.5
23,2,-3,0.75,4,-2
84,2,-3,0.75,5,-0.5
45,2,-3,0.75,5,-1
17,2,-3,0.75,5,-1.5
58,2,-3,0.75,5,-2
42,2,-3,1.25,1,-0.5
46,2,-3,1.25,1,-1
25,2,-3,1.25,1,-1.5
16,2,-3,1.25,1,-2
36,2,-3,1.25,2,-0.5
24,2,-3,1.25,2,-1
24,2,-3,1.25,2,-1.5
53,2,-3,1.25,2,-2
17,2,-3,1.25,3,-0.5
83,2,-3,1.25,3,-1
37,2,-3,1.25,3,-1.5
55,2,-3,1.25,3,-2
30,2,-3,1.25,4,-0.5
37,2,-3,1.25,4,-1
21,2,-3,1.25,4,-1.5
40,2,-3,1.25,4,-2
43,2,-3,1.25,5,-0.5
32,2,-3,1.25,5,-1
24,2,-3,1.25,5,-1.5
59,2,-3,1.25,5,-2
78,2,-3,1.75,1,-0.5
54,2,-3,1.75,1,-1
28,2,-3,1.75,1,-1.5
30,2,-3,1.75,1,-2
55,2,-3,1.75,2,-0.5
78,2,-3,1.75,2,-1
212,2,-3,1.75,2,-1.5
38,2,-3,1.75,2,-2
72,2,-3,1.75,3,-0.5
60,2,-3,1.75,3,-1
55,2,-3,1.75,3,-1.5
49,2,-3,1.75,3,-2
41,2,-3,1.75,4,-0.5
29,2,-3,1.75,4,-1
64,2,-3,1.75,4,-1.5
48,2,-3,1.75,4,-2
78,2,-3,1.75,5,-0.5
62,2,-3,1.75,5,-1
44,2,-3,1.75,5,-1.5
36,2,-3,1.75,5,-2
309,2,-4,0.25,1,-0.5
282,2,-4,0.25,1,-1
126,2,-4,0.25,1,-1.5
283,2,-4,0.25,1,-2
409,2,-4,0.25,2,-0.5
360,2,-4,0.25,2,-1
173,2,-4,0.25,2,-1.5
497,2,-4,0.25,2,-2
403,2,-4,0.25,3,-0.5
176,2,-4,0.25,3,-1
412,2,-4,0.25,3,-1.5
497,2,-4,0.25,3,-2
388,2,-4,0.25,4,-0.5
255,2,-4,0.25,4,-1
86,2,-4,0.25,4,-1.5
309,2,-4,0.25,4,-2
544,2,-4,0.25,5,-0.5
370,2,-4,0.25,5,-1
174,2,-4,0.25,5,-1.5
102,2,-4,0.25,5,-2
254,2,-4,0.75,1,-0.5
31,2,-4,0.75,1,-1
49,2,-4,0.75,1,-1.5
74,2,-4,0.75,1,-2
63,2,-4,0.75,2,-0.5
154,2,-4,0.75,2,-1
89,2,-4,0.75,2,-1.5
36,2,-4,0.75,2,-2
104,2,-4,0.75,3,-0.5
111,2,-4,0.75,3,-1
245,2,-4,0.75,3,-1.5
161,2,-4,0.75,3,-2
205,2,-4,0.75,4,-0.5
51,2,-4,0.75,4,-1
33,2,-4,0.75,4,-1.5
43,2,-4,0.75,4,-2
235,2,-4,0.75,5,-0.5
19,2,-4,0.75,5,-1
34,2,-4,0.75,5,-1.5
63,2,-4,0.75,5,-2
55,2,-4,1.25,1,-0.5
46,2,-4,1.25,1,-1
26,2,-4,1.25,1,-1.5
47,2,-4,1.25,1,-2
54,2,-4,1.25,2,-0.5
63,2,-4,1.25,2,-1
112,2,-4,1.25,2,-1.5
65,2,-4,1.25,2,-2
21,2,-4,1.25,3,-0.5
77,2,-4,1.25,3,-1
25,2,-4,1.25,3,-1.5
23,2,-4,1.25,3,-2
32,2,-4,1.25,4,-0.5
37,2,-4,1.25,4,-1
158,2,-4,1.25,4,-1.5
18,2,-4,1.25,4,-2
155,2,-4,1.25,5,-0.5
45,2,-4,1.25,5,-1
58,2,-4,1.25,5,-1.5
69,2,-4,1.25,5,-2
56,2,-4,1.75,1,-0.5
60,2,-4,1.75,1,-1
90,2,-4,1.75,1,-1.5
60,2,-4,1.75,1,-2
165,2,-4,1.75,2,-0.5
35,2,-4,1.75,2,-1
54,2,-4,1.75,2,-1.5
35,2,-4,1.75,2,-2
20,2,-4,1.75,3,-0.5
32,2,-4,1.75,3,-1
22,2,-4,1.75,3,-1.5
57,2,-4,1.75,3,-2
43,2,-4,1.75,4,-0.5
31,2,-4,1.75,4,-1
27,2,-4,1.75,4,-1.5
27,2,-4,1.75,4,-2
63,2,-4,1.75,5,-0.5
35,2,-4,1.75,5,-1
20,2,-4,1.75,5,-1.5
71,2,-4,1.75,5,-2
508,2,-5,0.25,1,-0.5
229,2,-5,0.25,1,-1
420,2,-5,0.25,1,-1.5
230,2,-5,0.25,1,-2
284,2,-5,0.25,2,-0.5
445,2,-5,0.25,2,-1
95,2,-5,0.25,2,-1.5
230,2,-5,0.25,2,-2
387,2,-5,0.25,3,-0.5
182,2,-5,0.25,3,-1
279,2,-5,0.25,3,-1.5
230,2,-5,0.25,3,-2
366,2,-5,0.25,4,-0.5
223,2,-5,0.25,4,-1
255,2,-5,0.25,4,-1.5
144,2,-5,0.25,4,-2
351,2,-5,0.25,5,-0.5
110,2,-5,0.25,5,-1
230,2,-5,0.25,5,-1.5
103,2,-5,0.25,5,-2
125,2,-5,0.75,1,-0.5
62,2,-5,0.75,1,-1
144,2,-5,0.75,1,-1.5
123,2,-5,0.75,1,-2
290,2,-5,0.75,2,-0.5
190,2,-5,0.75,2,-1
116,2,-5,0.75,2,-1.5
180,2,-5,0.75,2,-2
334,2,-5,0.75,3,-0.5
46,2,-5,0.75,3,-1
70,2,-5,0.75,3,-1.5
190,2,-5,0.75,3,-2
599,2,-5,0.75,4,-0.5
58,2,-5,0.75,4,-1
128,2,-5,0.75,4,-1.5
18,2,-5,0.75,4,-2
123,2,-5,0.75,5,-0.5
266,2,-5,0.75,5,-1
204,2,-5,0.75,5,-1.5
241,2,-5,0.75,5,-2
55,2,-5,1.25,1,-0.5
49,2,-5,1.25,1,-1
222,2,-5,1.25,1,-1.5
22,2,-5,1.25,1,-2
39,2,-5,1.25,2,-0.5
164,2,-5,1.25,2,-1
39,2,-5,1.25,2,-1.5
53,2,-5,1.25,2,-2
26,2,-5,1.25,3,-0.5
46,2,-5,1.25,3,-1
110,2,-5,1.25,3,-1.5
67,2,-5,1.25,3,-2
35,2,-5,1.25,4,-0.5
31,2,-5,1.25,4,-1
44,2,-5,1.25,4,-1.5
51,2,-5,1.25,4,-2
25,2,-5,1.25,5,-0.5
186,2,-5,1.25,5,-1
141,2,-5,1.25,5,-1.5
67,2,-5,1.25,5,-2
73,2,-5,1.75,1,-0.5
36,2,-5,1.75,1,-1
32,2,-5,1.75,1,-1.5
32,2,-5,1.75,1,-2
29,2,-5,1.75,2,-0.5
115,2,-5,1.75,2,-1
19,2,-5,1.75,2,-1.5
43,2,-5,1.75,2,-2
48,2,-5,1.75,3,-0.5
41,2,-5,1.75,3,-1
33,2,-5,1.75,3,-1.5
118,2,-5,1.75,3,-2
50,2,-5,1.75,4,-0.5
26,2,-5,1.75,4,-1
32,2,-5,1.75,4,-1.5
21,2,-5,1.75,4,-2
82,2,-5,1.75,5,-0.5
87,2,-5,1.75,5,-1
42,2,-5,1.75,5,-1.5
34,2,-5,1.75,5,-2
236,3,-1,0.25,1,-0.5
162,3,-1,0.25,1,-1
102,3,-1,0.25,1,-1.5
99,3,-1,0.25,1,-2
272,3,-1,0.25,2,-0.5
131,3,-1,0.25,2,-1
157,3,-1,0.25,2,-1.5
99,3,-1,0.25,2,-2
269,3,-1,0.25,3,-0.5
116,3,-1,0.25,3,-1
95,3,-1,0.25,3,-1.5
105,3,-1,0.25,3,-2
186,3,-1,0.25,4,-0.5
177,3,-1,0.25,4,-1
132,3,-1,0.25,4,-1.5
62,3,-1,0.25,4,-2
215,3,-1,0.25,5,-0.5
307,3,-1,0.25,5,-1
71,3,-1,0.25,5,-1.5
93,3,-1,0.25,5,-2
103,3,-1,0.75,1,-0.5
83,3,-1,0.75,1,-1
22,3,-1,0.75,1,-1.5
35,3,-1,0.75,1,-2
72,3,-1,0.75,2,-0.5
54,3,-1,0.75,2,-1
62,3,-1,0.75,2,-1.5
64,3,-1,0.75,2,-2
92,3,-1,0.75,3,-0.5
34,3,-1,0.75,3,-1
46,3,-1,0.75,3,-1.5
53,3,-1,0.75,3,-2
84,3,-1,0.75,4,-0.5
119,3,-1,0.75,4,-1
53,3,-1,0.75,4,-1.5
39,3,-1,0.75,4,-2
66,3,-1,0.75,5,-0.5
64,3,-1,0.75,5,-1
45,3,-1,0.75,5,-1.5
62,3,-1,0.75,5,-2
81,3,-1,1.25,1,-0.5
62,3,-1,1.25,1,-1
69,3,-1,1.25,1,-1.5
53,3,-1,1.25,1,-2
72,3,-1,1.25,2,-0.5
58,3,-1,1.25,2,-1
59,3,-1,1.25,2,-1.5
29,3,-1,1.25,2,-2
76,3,-1,1.25,3,-0.5
66,3,-1,1.25,3,-1
50,3,-1,1.25,3,-1.5
49,3,-1,1.25,3,-2
74,3,-1,1.25,4,-0.5
69,3,-1,1.25,4,-1
62,3,-1,1.25,4,-1.5
45,3,-1,1.25,4,-2
83,3,-1,1.25,5,-0.5
78,3,-1,1.25,5,-1
46,3,-1,1.25,5,-1.5
40,3,-1,1.25,5,-2
150,3,-1,1.75,1,-0.5
109,3,-1,1.75,1,-1
62,3,-1,1.75,1,-1.5
68,3,-1,1.75,1,-2
112,3,-1,1.75,2,-0.5
115,3,-1,1.75,2,-1
81,3,-1,1.75,2,-1.5
68,3,-1,1.75,2,-2
105,3,-1,1.75,3,-0.5
109,3,-1,1.75,3,-1
56,3,-1,1.75,3,-1.5
62,3,-1,1.75,3,-2
134,3,-1,1.75,4,-0.5
77,3,-1,1.75,4,-1
91,3,-1,1.75,4,-1.5
57,3,-1,1.75,4,-2
90,3,-1,1.75,5,-0.5
100,3,-1,1.75,5,-1
108,3,-1,1.75,5,-1.5
59,3,-1,1.75,5,-2
254,3,-2,0.25,1,-0.5
199,3,-2,0.25,1,-1
126,3,-2,0.25,1,-1.5
89,3,-2,0.25,1,-2
241,3,-2,0.25,2,-0.5
166,3,-2,0.25,2,-1
181,3,-2,0.25,2,-1.5
74,3,-2,0.25,2,-2
192,3,-2,0.25,3,-0.5
200,3,-2,0.25,3,-1
175,3,-2,0.25,3,-1.5
257,3,-2,0.25,3,-2
276,3,-2,0.25,4,-0.5
238,3,-2,0.25,4,-1
150,3,-2,0.25,4,-1.5
89,3,-2,0.25,4,-2
257,3,-2,0.25,5,-0.5
196,3,-2,0.25,5,-1
65,3,-2,0.25,5,-1.5
154,3,-2,0.25,5,-2
110,3,-2,0.75,1,-0.5
69,3,-2,0.75,1,-1
94,3,-2,0.75,1,-1.5
174,3,-2,0.75,1,-2
99,3,-2,0.75,2,-0.5
90,3,-2,0.75,2,-1
128,3,-2,0.75,2,-1.5
65,3,-2,0.75,2,-2
34,3,-2,0.75,3,-0.5
83,3,-2,0.75,3,-1
30,3,-2,0.75,3,-1.5
61,3,-2,0.75,3,-2
42,3,-2,0.75,4,-0.5
61,3,-2,0.75,4,-1
429,3,-2,0.75,4,-1.5
55,3,-2,0.75,4,-2
101,3,-2,0.75,5,-0.5
39,3,-2,0.75,5,-1
65,3,-2,0.75,5,-1.5
30,3,-2,0.75,5,-2
93,3,-2,1.25,1,-0.5
47,3,-2,1.25,1,-1
38,3,-2,1.25,1,-1.5
47,3,-2,1.25,1,-2
81,3,-2,1.25,2,-0.5
51,3,-2,1.25,2,-1
32,3,-2,1.25,2,-1.5
33,3,-2,1.25,2,-2
82,3,-2,1.25,3,-0.5
147,3,-2,1.25,3,-1
58,3,-2,1.25,3,-1.5
44,3,-2,1.25,3,-2
32,3,-2,1.25,4,-0.5
49,3,-2,1.25,4,-1
37,3,-2,1.25,4,-1.5
32,3,-2,1.25,4,-2
47,3,-2,1.25,5,-0.5
67,3,-2,1.25,5,-1
57,3,-2,1.25,5,-1.5
29,3,-2,1.25,5,-2
80,3,-2,1.75,1,-0.5
73,3,-2,1.75,1,-1
59,3,-2,1.75,1,-1.5
65,3,-2,1.75,1,-2
76,3,-2,1.75,2,-0.5
69,3,-2,1.75,2,-1
48,3,-2,1.75,2,-1.5
35,3,-2,1.75,2,-2
59,3,-2,1.75,3,-0.5
60,3,-2,1.75,3,-1
58,3,-2,1.75,3,-1.5
61,3,-2,1.75,3,-2
64,3,-2,1.75,4,-0.5
81,3,-2,1.75,4,-1
49,3,-2,1.75,4,-1.5
57,3,-2,1.75,4,-2
82,3,-2,1.75,5,-0.5
78,3,-2,1.75,5,-1
43,3,-2,1.75,5,-1.5
38,3,-2,1.75,5,-2
550,3,-3,0.25,1,-0.5
252,3,-3,0.25,1,-1
144,3,-3,0.25,1,-1.5
211,3,-3,0.25,1,-2
300,3,-3,0.25,2,-0.5
183,3,-3,0.25,2,-1
227,3,-3,0.25,2,-1.5
363,3,-3,0.25,2,-2
325,3,-3,0.25,3,-0.5
244,3,-3,0.25,3,-1
129,3,-3,0.25,3,-1.5
252,3,-3,0.25,3,-2
386,3,-3,0.25,4,-0.5
201,3,-3,0.25,4,-1
198,3,-3,0.25,4,-1.5
360,3,-3,0.25,4,-2
281,3,-3,0.25,5,-0.5
251,3,-3,0.25,5,-1
104,3,-3,0.25,5,-1.5
119,3,-3,0.25,5,-2
73,3,-3,0.75,1,-0.5
288,3,-3,0.75,1,-1
77,3,-3,0.75,1,-1.5
244,3,-3,0.75,1,-2
342,3,-3,0.75,2,-0.5
122,3,-3,0.75,2,-1
160,3,-3,0.75,2,-1.5
84,3,-3,0.75,2,-2
51,3,-3,0.75,3,-0.5
76,3,-3,0.75,3,-1
55,3,-3,0.75,3,-1.5
36,3,-3,0.75,3,-2
105,3,-3,0.75,4,-0.5
166,3,-3,0.75,4,-1
79,3,-3,0.75,4,-1.5
35,3,-3,0.75,4,-2
227,3,-3,0.75,5,-0.5
46,3,-3,0.75,5,-1
107,3,-3,0.75,5,-1.5
59,3,-3,0.75,5,-2
34,3,-3,1.25,1,-0.5
201,3,-3,1.25,1,-1
80,3,-3,1.25,1,-1.5
43,3,-3,1.25,1,-2
58,3,-3,1.25,2,-0.5
48,3,-3,1.25,2,-1
47,3,-3,1.25,2,-1.5
39,3,-3,1.25,2,-2
82,3,-3,1.25,3,-0.5
37,3,-3,1.25,3,-1
29,3,-3,1.25,3,-1.5
63,3,-3,1.25,3,-2
82,3,-3,1.25,4,-0.5
37,3,-3,1.25,4,-1
75,3,-3,1.25,4,-1.5
143,3,-3,1.25,4,-2
51,3,-3,1.25,5,-0.5
155,3,-3,1.25,5,-1
53,3,-3,1.25,5,-1.5
28,3,-3,1.25,5,-2
91,3,-3,1.75,1,-0.5
46,3,-3,1.75,1,-1
47,3,-3,1.75,1,-1.5
41,3,-3,1.75,1,-2
57,3,-3,1.75,2,-0.5
37,3,-3,1.75,2,-1
28,3,-3,1.75,2,-1.5
27,3,-3,1.75,2,-2
53,3,-3,1.75,3,-0.5
29,3,-3,1.75,3,-1
36,3,-3,1.75,3,-1.5
15,3,-3,1.75,3,-2
52,3,-3,1.75,4,-0.5
86,3,-3,1.75,4,-1
54,3,-3,1.75,4,-1.5
67,3,-3,1.75,4,-2
57,3,-3,1.75,5,-0.5
64,3,-3,1.75,5,-1
32,3,-3,1.75,5,-1.5
32,3,-3,1.75,5,-2
256,3,-4,0.25,1,-0.5
386,3,-4,0.25,1,-1
184,3,-4,0.25,1,-1.5
227,3,-4,0.25,1,-2
569,3,-4,0.25,2,-0.5
259,3,-4,0.25,2,-1
398,3,-4,0.25,2,-1.5
127,3,-4,0.25,2,-2
372,3,-4,0.25,3,-0.5
272,3,-4,0.25,3,-1
142,3,-4,0.25,3,-1.5
233,3,-4,0.25,3,-2
448,3,-4,0.25,4,-0.5
263,3,-4,0.25,4,-1
398,3,-4,0.25,4,-1.5
111,3,-4,0.25,4,-2
271,3,-4,0.25,5,-0.5
87,3,-4,0.25,5,-1
398,3,-4,0.25,5,-1.5
250,3,-4,0.25,5,-2
56,3,-4,0.75,1,-0.5
157,3,-4,0.75,1,-1
554,3,-4,0.75,1,-1.5
184,3,-4,0.75,1,-2
223,3,-4,0.75,2,-0.5
39,3,-4,0.75,2,-1
554,3,-4,0.75,2,-1.5
78,3,-4,0.75,2,-2
240,3,-4,0.75,3,-0.5
128,3,-4,0.75,3,-1
554,3,-4,0.75,3,-1.5
61,3,-4,0.75,3,-2
89,3,-4,0.75,4,-0.5
109,3,-4,0.75,4,-1
118,3,-4,0.75,4,-1.5
227,3,-4,0.75,4,-2
204,3,-4,0.75,5,-0.5
217,3,-4,0.75,5,-1
201,3,-4,0.75,5,-1.5
81,3,-4,0.75,5,-2
61,3,-4,1.25,1,-0.5
47,3,-4,1.25,1,-1
274,3,-4,1.25,1,-1.5
89,3,-4,1.25,1,-2
42,3,-4,1.25,2,-0.5
71,3,-4,1.25,2,-1
36,3,-4,1.25,2,-1.5
22,3,-4,1.25,2,-2
215,3,-4,1.25,3,-0.5
69,3,-4,1.25,3,-1
26,3,-4,1.25,3,-1.5
133,3,-4,1.25,3,-2
179,3,-4,1.25,4,-0.5
46,3,-4,1.25,4,-1
30,3,-4,1.25,4,-1.5
43,3,-4,1.25,4,-2
43,3,-4,1.25,5,-0.5
28,3,-4,1.25,5,-1
99,3,-4,1.25,5,-1.5
34,3,-4,1.25,5,-2
66,3,-4,1.75,1,-0.5
113,3,-4,1.75,1,-1
57,3,-4,1.75,1,-1.5
23,3,-4,1.75,1,-2
95,3,-4,1.75,2,-0.5
36,3,-4,1.75,2,-1
30,3,-4,1.75,2,-1.5
73,3,-4,1.75,2,-2
53,3,-4,1.75,3,-0.5
41,3,-4,1.75,3,-1
69,3,-4,1.75,3,-1.5
38,3,-4,1.75,3,-2
29,3,-4,1.75,4,-0.5
16,3,-4,1.75,4,-1
55,3,-4,1.75,4,-1.5
51,3,-4,1.75,4,-2
59,3,-4,1.75,5,-0.5
49,3,-4,1.75,5,-1
46,3,-4,1.75,5,-1.5
53,3,-4,1.75,5,-2
161,3,-5,0.25,1,-0.5
341,3,-5,0.25,1,-1
218,3,-5,0.25,1,-1.5
230,3,-5,0.25,1,-2
278,3,-5,0.25,2,-0.5
336,3,-5,0.25,2,-1
185,3,-5,0.25,2,-1.5
231,3,-5,0.25,2,-2
540,3,-5,0.25,3,-0.5
394,3,-5,0.25,3,-1
327,3,-5,0.25,3,-1.5
99,3,-5,0.25,3,-2
356,3,-5,0.25,4,-0.5
254,3,-5,0.25,4,-1
233,3,-5,0.25,4,-1.5
157,3,-5,0.25,4,-2
347,3,-5,0.25,5,-0.5
125,3,-5,0.25,5,-1
141,3,-5,0.25,5,-1.5
326,3,-5,0.25,5,-2
259,3,-5,0.75,1,-0.5
242,3,-5,0.75,1,-1
556,3,-5,0.75,1,-1.5
32,3,-5,0.75,1,-2
193,3,-5,0.75,2,-0.5
296,3,-5,0.75,2,-1
556,3,-5,0.75,2,-1.5
197,3,-5,0.75,2,-2
428,3,-5,0.75,3,-0.5
134,3,-5,0.75,3,-1
556,3,-5,0.75,3,-1.5
139,3,-5,0.75,3,-2
60,3,-5,0.75,4,-0.5
62,3,-5,0.75,4,-1
130,3,-5,0.75,4,-1.5
84,3,-5,0.75,4,-2
92,3,-5,0.75,5,-0.5
287,3,-5,0.75,5,-1
368,3,-5,0.75,5,-1.5
73,3,-5,0.75,5,-2
71,3,-5,1.25,1,-0.5
111,3,-5,1.25,1,-1
39,3,-5,1.25,1,-1.5
106,3,-5,1.25,1,-2
268,3,-5,1.25,2,-0.5
187,3,-5,1.25,2,-1
197,3,-5,1.25,2,-1.5
67,3,-5,1.25,2,-2
261,3,-5,1.25,3,-0.5
226,3,-5,1.25,3,-1
178,3,-5,1.25,3,-1.5
150,3,-5,1.25,3,-2
73,3,-5,1.25,4,-0.5
78,3,-5,1.25,4,-1
175,3,-5,1.25,4,-1.5
84,3,-5,1.25,4,-2
36,3,-5,1.25,5,-0.5
245,3,-5,1.25,5,-1
252,3,-5,1.25,5,-1.5
78,3,-5,1.25,5,-2
93,3,-5,1.75,1,-0.5
77,3,-5,1.75,1,-1
197,3,-5,1.75,1,-1.5
66,3,-5,1.75,1,-2
41,3,-5,1.75,2,-0.5
111,3,-5,1.75,2,-1
39,3,-5,1.75,2,-1.5
26,3,-5,1.75,2,-2
58,3,-5,1.75,3,-0.5
135,3,-5,1.75,3,-1
34,3,-5,1.75,3,-1.5
26,3,-5,1.75,3,-2
195,3,-5,1.75,4,-0.5
79,3,-5,1.75,4,-1
41,3,-5,1.75,4,-1.5
67,3,-5,1.75,4,-2
38,3,-5,1.75,5,-0.5
208,3,-5,1.75,5,-1
24,3,-5,1.75,5,-1.5
38,3,-5,1.75,5,-2
188,4,-1,0.25,1,-0.5
207,4,-1,0.25,1,-1
101,4,-1,0.25,1,-1.5
176,4,-1,0.25,1,-2
350,4,-1,0.25,2,-0.5
180,4,-1,0.25,2,-1
137,4,-1,0.25,2,-1.5
160,4,-1,0.25,2,-2
375,4,-1,0.25,3,-0.5
159,4,-1,0.25,3,-1
108,4,-1,0.25,3,-1.5
108,4,-1,0.25,3,-2
282,4,-1,0.25,4,-0.5
164,4,-1,0.25,4,-1
279,4,-1,0.25,4,-1.5
77,4,-1,0.25,4,-2
155,4,-1,0.25,5,-0.5
100,4,-1,0.25,5,-1
70,4,-1,0.25,5,-1.5
124,4,-1,0.25,5,-2
139,4,-1,0.75,1,-0.5
92,4,-1,0.75,1,-1
66,4,-1,0.75,1,-1.5
99,4,-1,0.75,1,-2
85,4,-1,0.75,2,-0.5
68,4,-1,0.75,2,-1
60,4,-1,0.75,2,-1.5
100,4,-1,0.75,2,-2
115,4,-1,0.75,3,-0.5
54,4,-1,0.75,3,-1
42,4,-1,0.75,3,-1.5
38,4,-1,0.75,3,-2
77,4,-1,0.75,4,-0.5
79,4,-1,0.75,4,-1
71,4,-1,0.75,4,-1.5
47,4,-1,0.75,4,-2
113,4,-1,0.75,5,-0.5
92,4,-1,0.75,5,-1
77,4,-1,0.75,5,-1.5
81,4,-1,0.75,5,-2
95,4,-1,1.25,1,-0.5
112,4,-1,1.25,1,-1
92,4,-1,1.25,1,-1.5
61,4,-1,1.25,1,-2
79,4,-1,1.25,2,-0.5
94,4,-1,1.25,2,-1
97,4,-1,1.25,2,-1.5
58,4,-1,1.25,2,-2
102,4,-1,1.25,3,-0.5
54,4,-1,1.25,3,-1
45,4,-1,1.25,3,-1.5
37,4,-1,1.25,3,-2
93,4,-1,1.25,4,-0.5
71,4,-1,1.25,4,-1
43,4,-1,1.25,4,-1.5
52,4,-1,1.25,4,-2
96,4,-1,1.25,5,-0.5
94,4,-1,1.25,5,-1
62,4,-1,1.25,5,-1.5
27,4,-1,1.25,5,-2
138,4,-1,1.75,1,-0.5
106,4,-1,1.75,1,-1
78,4,-1,1.75,1,-1.5
70,4,-1,1.75,1,-2
100,4,-1,1.75,2,-0.5
87,4,-1,1.75,2,-1
66,4,-1,1.75,2,-1.5
63,4,-1,1.75,2,-2
86,4,-1,1.75,3,-0.5
103,4,-1,1.75,3,-1
85,4,-1,1.75,3,-1.5
57,4,-1,1.75,3,-2
94,4,-1,1.75,4,-0.5
75,4,-1,1.75,4,-1
87,4,-1,1.75,4,-1.5
63,4,-1,1.75,4,-2
103,4,-1,1.75,5,-0.5
82,4,-1,1.75,5,-1
72,4,-1,1.75,5,-1.5
50,4,-1,1.75,5,-2
280,4,-2,0.25,1,-0.5
164,4,-2,0.25,1,-1
177,4,-2,0.25,1,-1.5
105,4,-2,0.25,1,-2
460,4,-2,0.25,2,-0.5
242,4,-2,0.25,2,-1
72,4,-2,0.25,2,-1.5
237,4,-2,0.25,2,-2
458,4,-2,0.25,3,-0.5
305,4,-2,0.25,3,-1
293,4,-2,0.25,3,-1.5
85,4,-2,0.25,3,-2
458,4,-2,0.25,4,-0.5
135,4,-2,0.25,4,-1
280,4,-2,0.25,4,-1.5
106,4,-2,0.25,4,-2
426,4,-2,0.25,5,-0.5
235,4,-2,0.25,5,-1
233,4,-2,0.25,5,-1.5
291,4,-2,0.25,5,-2
195,4,-2,0.75,1,-0.5
84,4,-2,0.75,1,-1
45,4,-2,0.75,1,-1.5
108,4,-2,0.75,1,-2
153,4,-2,0.75,2,-0.5
80,4,-2,0.75,2,-1
143,4,-2,0.75,2,-1.5
41,4,-2,0.75,2,-2
175,4,-2,0.75,3,-0.5
64,4,-2,0.75,3,-1
89,4,-2,0.75,3,-1.5
93,4,-2,0.75,3,-2
134,4,-2,0.75,4,-0.5
64,4,-2,0.75,4,-1
52,4,-2,0.75,4,-1.5
89,4,-2,0.75,4,-2
47,4,-2,0.75,5,-0.5
101,4,-2,0.75,5,-1
147,4,-2,0.75,5,-1.5
59,4,-2,0.75,5,-2
94,4,-2,1.25,1,-0.5
81,4,-2,1.25,1,-1
90,4,-2,1.25,1,-1.5
64,4,-2,1.25,1,-2
76,4,-2,1.25,2,-0.5
67,4,-2,1.25,2,-1
62,4,-2,1.25,2,-1.5
47,4,-2,1.25,2,-2
52,4,-2,1.25,3,-0.5
44,4,-2,1.25,3,-1
57,4,-2,1.25,3,-1.5
89,4,-2,1.25,3,-2
59,4,-2,1.25,4,-0.5
36,4,-2,1.25,4,-1
66,4,-2,1.25,4,-1.5
34,4,-2,1.25,4,-2
74,4,-2,1.25,5,-0.5
45,4,-2,1.25,5,-1
26,4,-2,1.25,5,-1.5
60,4,-2,1.25,5,-2
89,4,-2,1.75,1,-0.5
77,4,-2,1.75,1,-1
84,4,-2,1.75,1,-1.5
69,4,-2,1.75,1,-2
89,4,-2,1.75,2,-0.5
69,4,-2,1.75,2,-1
53,4,-2,1.75,2,-1.5
48,4,-2,1.75,2,-2
84,4,-2,1.75,3,-0.5
59,4,-2,1.75,3,-1
44,4,-2,1.75,3,-1.5
59,4,-2,1.75,3,-2
86,4,-2,1.75,4,-0.5
97,4,-2,1.75,4,-1
55,4,-2,1.75,4,-1.5
57,4,-2,1.75,4,-2
79,4,-2,1.75,5,-0.5
72,4,-2,1.75,5,-1
33,4,-2,1.75,5,-1.5
71,4,-2,1.75,5,-2
457,4,-3,0.25,1,-0.5
231,4,-3,0.25,1,-1
138,4,-3,0.25,1,-1.5
194,4,-3,0.25,1,-2
214,4,-3,0.25,2,-0.5
165,4,-3,0.25,2,-1
186,4,-3,0.25,2,-1.5
195,4,-3,0.25,2,-2
406,4,-3,0.25,3,-0.5
365,4,-3,0.25,3,-1
333,4,-3,0.25,3,-1.5
219,4,-3,0.25,3,-2
256,4,-3,0.25,4,-0.5
476,4,-3,0.25,4,-1
97,4,-3,0.25,4,-1.5
351,4,-3,0.25,4,-2
370,4,-3,0.25,5,-0.5
395,4,-3,0.25,5,-1
239,4,-3,0.25,5,-1.5
398,4,-3,0.25,5,-2
283,4,-3,0.75,1,-0.5
147,4,-3,0.75,1,-1
137,4,-3,0.75,1,-1.5
54,4,-3,0.75,1,-2
211,4,-3,0.75,2,-0.5
207,4,-3,0.75,2,-1
73,4,-3,0.75,2,-1.5
48,4,-3,0.75,2,-2
228,4,-3,0.75,3,-0.5
56,4,-3,0.75,3,-1
136,4,-3,0.75,3,-1.5
178,4,-3,0.75,3,-2
114,4,-3,0.75,4,-0.5
235,4,-3,0.75,4,-1
35,4,-3,0.75,4,-1.5
97,4,-3,0.75,4,-2
220,4,-3,0.75,5,-0.5
160,4,-3,0.75,5,-1
35,4,-3,0.75,5,-1.5
57,4,-3,0.75,5,-2
57,4,-3,1.25,1,-0.5
57,4,-3,1.25,1,-1
267,4,-3,1.25,1,-1.5
44,4,-3,1.25,1,-2
94,4,-3,1.25,2,-0.5
60,4,-3,1.25,2,-1
77,4,-3,1.25,2,-1.5
44,4,-3,1.25,2,-2
65,4,-3,1.25,3,-0.5
54,4,-3,1.25,3,-1
28,4,-3,1.25,3,-1.5
57,4,-3,1.25,3,-2
57,4,-3,1.25,4,-0.5
145,4,-3,1.25,4,-1
77,4,-3,1.25,4,-1.5
47,4,-3,1.25,4,-2
124,4,-3,1.25,5,-0.5
36,4,-3,1.25,5,-1
58,4,-3,1.25,5,-1.5
103,4,-3,1.25,5,-2
80,4,-3,1.75,1,-0.5
59,4,-3,1.75,1,-1
73,4,-3,1.75,1,-1.5
64,4,-3,1.75,1,-2
72,4,-3,1.75,2,-0.5
46,4,-3,1.75,2,-1
81,4,-3,1.75,2,-1.5
45,4,-3,1.75,2,-2
56,4,-3,1.75,3,-0.5
50,4,-3,1.75,3,-1
41,4,-3,1.75,3,-1.5
34,4,-3,1.75,3,-2
82,4,-3,1.75,4,-0.5
45,4,-3,1.75,4,-1
40,4,-3,1.75,4,-1.5
28,4,-3,1.75,4,-2
64,4,-3,1.75,5,-0.5
71,4,-3,1.75,5,-1
49,4,-3,1.75,5,-1.5
30,4,-3,1.75,5,-2
365,4,-4,0.25,1,-0.5
286,4,-4,0.25,1,-1
519,4,-4,0.25,1,-1.5
527,4,-4,0.25,1,-2
350,4,-4,0.25,2,-0.5
457,4,-4,0.25,2,-1
273,4,-4,0.25,2,-1.5
82,4,-4,0.25,2,-2
575,4,-4,0.25,3,-0.5
436,4,-4,0.25,3,-1
409,4,-4,0.25,3,-1.5
160,4,-4,0.25,3,-2
575,4,-4,0.25,4,-0.5
436,4,-4,0.25,4,-1
409,4,-4,0.25,4,-1.5
374,4,-4,0.25,4,-2
575,4,-4,0.25,5,-0.5
433,4,-4,0.25,5,-1
408,4,-4,0.25,5,-1.5
264,4,-4,0.25,5,-2
256,4,-4,0.75,1,-0.5
220,4,-4,0.75,1,-1
556,4,-4,0.75,1,-1.5
181,4,-4,0.75,1,-2
400,4,-4,0.75,2,-0.5
259,4,-4,0.75,2,-1
556,4,-4,0.75,2,-1.5
204,4,-4,0.75,2,-2
243,4,-4,0.75,3,-0.5
171,4,-4,0.75,3,-1
554,4,-4,0.75,3,-1.5
29,4,-4,0.75,3,-2
346,4,-4,0.75,4,-0.5
157,4,-4,0.75,4,-1
554,4,-4,0.75,4,-1.5
50,4,-4,0.75,4,-2
182,4,-4,0.75,5,-0.5
129,4,-4,0.75,5,-1
554,4,-4,0.75,5,-1.5
90,4,-4,0.75,5,-2
309,4,-4,1.25,1,-0.5
179,4,-4,1.25,1,-1
94,4,-4,1.25,1,-1.5
26,4,-4,1.25,1,-2
169,4,-4,1.25,2,-0.5
164,4,-4,1.25,2,-1
94,4,-4,1.25,2,-1.5
39,4,-4,1.25,2,-2
104,4,-4,1.25,3,-0.5
67,4,-4,1.25,3,-1
187,4,-4,1.25,3,-1.5
54,4,-4,1.25,3,-2
91,4,-4,1.25,4,-0.5
39,4,-4,1.25,4,-1
21,4,-4,1.25,4,-1.5
35,4,-4,1.25,4,-2
185,4,-4,1.25,5,-0.5
40,4,-4,1.25,5,-1
42,4,-4,1.25,5,-1.5
85,4,-4,1.25,5,-2
106,4,-4,1.75,1,-0.5
66,4,-4,1.75,1,-1
44,4,-4,1.75,1,-1.5
56,4,-4,1.75,1,-2
64,4,-4,1.75,2,-0.5
62,4,-4,1.75,2,-1
81,4,-4,1.75,2,-1.5
53,4,-4,1.75,2,-2
85,4,-4,1.75,3,-0.5
46,4,-4,1.75,3,-1
41,4,-4,1.75,3,-1.5
52,4,-4,1.75,3,-2
44,4,-4,1.75,4,-0.5
60,4,-4,1.75,4,-1
39,4,-4,1.75,4,-1.5
29,4,-4,1.75,4,-2
45,4,-4,1.75,5,-0.5
60,4,-4,1.75,5,-1
44,4,-4,1.75,5,-1.5
31,4,-4,1.75,5,-2
299,4,-5,0.25,1,-0.5
538,4,-5,0.25,1,-1
234,4,-5,0.25,1,-1.5
173,4,-5,0.25,1,-2
300,4,-5,0.25,2,-0.5
247,4,-5,0.25,2,-1
302,4,-5,0.25,2,-1.5
382,4,-5,0.25,2,-2
266,4,-5,0.25,3,-0.5
275,4,-5,0.25,3,-1
308,4,-5,0.25,3,-1.5
208,4,-5,0.25,3,-2
429,4,-5,0.25,4,-0.5
251,4,-5,0.25,4,-1
216,4,-5,0.25,4,-1.5
168,4,-5,0.25,4,-2
443,4,-5,0.25,5,-0.5
439,4,-5,0.25,5,-1
69,4,-5,0.25,5,-1.5
260,4,-5,0.25,5,-2
201,4,-5,0.75,1,-0.5
457,4,-5,0.75,1,-1
193,4,-5,0.75,1,-1.5
407,4,-5,0.75,1,-2
152,4,-5,0.75,2,-0.5
197,4,-5,0.75,2,-1
366,4,-5,0.75,2,-1.5
407,4,-5,0.75,2,-2
300,4,-5,0.75,3,-0.5
98,4,-5,0.75,3,-1
287,4,-5,0.75,3,-1.5
407,4,-5,0.75,3,-2
623,4,-5,0.75,4,-0.5
282,4,-5,0.75,4,-1
106,4,-5,0.75,4,-1.5
415,4,-5,0.75,4,-2
237,4,-5,0.75,5,-0.5
100,4,-5,0.75,5,-1
69,4,-5,0.75,5,-1.5
415,4,-5,0.75,5,-2
64,4,-5,1.25,1,-0.5
271,4,-5,1.25,1,-1
36,4,-5,1.25,1,-1.5
221,4,-5,1.25,1,-2
69,4,-5,1.25,2,-0.5
90,4,-5,1.25,2,-1
25,4,-5,1.25,2,-1.5
229,4,-5,1.25,2,-2
55,4,-5,1.25,3,-0.5
30,4,-5,1.25,3,-1
154,4,-5,1.25,3,-1.5
271,4,-5,1.25,3,-2
263,4,-5,1.25,4,-0.5
105,4,-5,1.25,4,-1
44,4,-5,1.25,4,-1.5
41,4,-5,1.25,4,-2
287,4,-5,1.25,5,-0.5
188,4,-5,1.25,5,-1
41,4,-5,1.25,5,-1.5
47,4,-5,1.25,5,-2
86,4,-5,1.75,1,-0.5
67,4,-5,1.75,1,-1
78,4,-5,1.75,1,-1.5
76,4,-5,1.75,1,-2
93,4,-5,1.75,2,-0.5
44,4,-5,1.75,2,-1
51,4,-5,1.75,2,-1.5
151,4,-5,1.75,2,-2
81,4,-5,1.75,3,-0.5
46,4,-5,1.75,3,-1
52,4,-5,1.75,3,-1.5
48,4,-5,1.75,3,-2
80,4,-5,1.75,4,-0.5
151,4,-5,1.75,4,-1
30,4,-5,1.75,4,-1.5
45,4,-5,1.75,4,-2
37,4,-5,1.75,5,-0.5
44,4,-5,1.75,5,-1
27,4,-5,1.75,5,-1.5
75,4,-5,1.75,5,-2
261,5,-1,0.25,1,-0.5
321,5,-1,0.25,1,-1
143,5,-1,0.25,1,-1.5
150,5,-1,0.25,1,-2
336,5,-1,0.25,2,-0.5
209,5,-1,0.25,2,-1
218,5,-1,0.25,2,-1.5
126,5,-1,0.25,2,-2
370,5,-1,0.25,3,-0.5
206,5,-1,0.25,3,-1
159,5,-1,0.25,3,-1.5
86,5,-1,0.25,3,-2
340,5,-1,0.25,4,-0.5
123,5,-1,0.25,4,-1
197,5,-1,0.25,4,-1.5
153,5,-1,0.25,4,-2
364,5,-1,0.25,5,-0.5
156,5,-1,0.25,5,-1
121,5,-1,0.25,5,-1.5
109,5,-1,0.25,5,-2
117,5,-1,0.75,1,-0.5
156,5,-1,0.75,1,-1
122,5,-1,0.75,1,-1.5
78,5,-1,0.75,1,-2
126,5,-1,0.75,2,-0.5
169,5,-1,0.75,2,-1
145,5,-1,0.75,2,-1.5
86,5,-1,0.75,2,-2
131,5,-1,0.75,3,-0.5
148,5,-1,0.75,3,-1
82,5,-1,0.75,3,-1.5
61,5,-1,0.75,3,-2
82,5,-1,0.75,4,-0.5
103,5,-1,0.75,4,-1
85,5,-1,0.75,4,-1.5
77,5,-1,0.75,4,-2
130,5,-1,0.75,5,-0.5
122,5,-1,0.75,5,-1
78,5,-1,0.75,5,-1.5
72,5,-1,0.75,5,-2
118,5,-1,1.25,1,-0.5
92,5,-1,1.25,1,-1
72,5,-1,1.25,1,-1.5
59,5,-1,1.25,1,-2
128,5,-1,1.25,2,-0.5
103,5,-1,1.25,2,-1
89,5,-1,1.25,2,-1.5
67,5,-1,1.25,2,-2
110,5,-1,1.25,3,-0.5
64,5,-1,1.25,3,-1
51,5,-1,1.25,3,-1.5
33,5,-1,1.25,3,-2
84,5,-1,1.25,4,-0.5
51,5,-1,1.25,4,-1
88,5,-1,1.25,4,-1.5
41,5,-1,1.25,4,-2
121,5,-1,1.25,5,-0.5
88,5,-1,1.25,5,-1
69,5,-1,1.25,5,-1.5
65,5,-1,1.25,5,-2
121,5,-1,1.75,1,-0.5
120,5,-1,1.75,1,-1
73,5,-1,1.75,1,-1.5
78,5,-1,1.75,1,-2
106,5,-1,1.75,2,-0.5
87,5,-1,1.75,2,-1
39,5,-1,1.75,2,-1.5
48,5,-1,1.75,2,-2
80,5,-1,1.75,3,-0.5
100,5,-1,1.75,3,-1
64,5,-1,1.75,3,-1.5
74,5,-1,1.75,3,-2
117,5,-1,1.75,4,-0.5
80,5,-1,1.75,4,-1
47,5,-1,1.75,4,-1.5
51,5,-1,1.75,4,-2
89,5,-1,1.75,5,-0.5
102,5,-1,1.75,5,-1
82,5,-1,1.75,5,-1.5
85,5,-1,1.75,5,-2
357,5,-2,0.25,1,-0.5
342,5,-2,0.25,1,-1
256,5,-2,0.25,1,-1.5
220,5,-2,0.25,1,-2
145,5,-2,0.25,2,-0.5
301,5,-2,0.25,2,-1
383,5,-2,0.25,2,-1.5
166,5,-2,0.25,2,-2
216,5,-2,0.25,3,-0.5
185,5,-2,0.25,3,-1
251,5,-2,0.25,3,-1.5
159,5,-2,0.25,3,-2
536,5,-2,0.25,4,-0.5
512,5,-2,0.25,4,-1
146,5,-2,0.25,4,-1.5
172,5,-2,0.25,4,-2
535,5,-2,0.25,5,-0.5
240,5,-2,0.25,5,-1
75,5,-2,0.25,5,-1.5
105,5,-2,0.25,5,-2
124,5,-2,0.75,1,-0.5
224,5,-2,0.75,1,-1
143,5,-2,0.75,1,-1.5
97,5,-2,0.75,1,-2
96,5,-2,0.75,2,-0.5
148,5,-2,0.75,2,-1
105,5,-2,0.75,2,-1.5
57,5,-2,0.75,2,-2
232,5,-2,0.75,3,-0.5
146,5,-2,0.75,3,-1
291,5,-2,0.75,3,-1.5
36,5,-2,0.75,3,-2
108,5,-2,0.75,4,-0.5
250,5,-2,0.75,4,-1
185,5,-2,0.75,4,-1.5
57,5,-2,0.75,4,-2
240,5,-2,0.75,5,-0.5
95,5,-2,0.75,5,-1
96,5,-2,0.75,5,-1.5
96,5,-2,0.75,5,-2
85,5,-2,1.25,1,-0.5
61,5,-2,1.25,1,-1
63,5,-2,1.25,1,-1.5
38,5,-2,1.25,1,-2
92,5,-2,1.25,2,-0.5
99,5,-2,1.25,2,-1
72,5,-2,1.25,2,-1.5
45,5,-2,1.25,2,-2
54,5,-2,1.25,3,-0.5
83,5,-2,1.25,3,-1
37,5,-2,1.25,3,-1.5
64,5,-2,1.25,3,-2
74,5,-2,1.25,4,-0.5
31,5,-2,1.25,4,-1
69,5,-2,1.25,4,-1.5
62,5,-2,1.25,4,-2
67,5,-2,1.25,5,-0.5
59,5,-2,1.25,5,-1
73,5,-2,1.25,5,-1.5
54,5,-2,1.25,5,-2
102,5,-2,1.75,1,-0.5
61,5,-2,1.75,1,-1
57,5,-2,1.75,1,-1.5
51,5,-2,1.75,1,-2
91,5,-2,1.75,2,-0.5
53,5,-2,1.75,2,-1
56,5,-2,1.75,2,-1.5
55,5,-2,1.75,2,-2
95,5,-2,1.75,3,-0.5
69,5,-2,1.75,3,-1
66,5,-2,1.75,3,-1.5
60,5,-2,1.75,3,-2
76,5,-2,1.75,4,-0.5
79,5,-2,1.75,4,-1
64,5,-2,1.75,4,-1.5
60,5,-2,1.75,4,-2
36,5,-2,1.75,5,-0.5
63,5,-2,1.75,5,-1
46,5,-2,1.75,5,-1.5
29,5,-2,1.75,5,-2
301,5,-3,0.25,1,-0.5
175,5,-3,0.25,1,-1
164,5,-3,0.25,1,-1.5
118,5,-3,0.25,1,-2
221,5,-3,0.25,2,-0.5
395,5,-3,0.25,2,-1
293,5,-3,0.25,2,-1.5
209,5,-3,0.25,2,-2
312,5,-3,0.25,3,-0.5
244,5,-3,0.25,3,-1
295,5,-3,0.25,3,-1.5
174,5,-3,0.25,3,-2
421,5,-3,0.25,4,-0.5
246,5,-3,0.25,4,-1
129,5,-3,0.25,4,-1.5
174,5,-3,0.25,4,-2
274,5,-3,0.25,5,-0.5
255,5,-3,0.25,5,-1
95,5,-3,0.25,5,-1.5
209,5,-3,0.25,5,-2
505,5,-3,0.75,1,-0.5
105,5,-3,0.75,1,-1
188,5,-3,0.75,1,-1.5
222,5,-3,0.75,1,-2
210,5,-3,0.75,2,-0.5
140,5,-3,0.75,2,-1
163,5,-3,0.75,2,-1.5
69,5,-3,0.75,2,-2
70,5,-3,0.75,3,-0.5
104,5,-3,0.75,3,-1
60,5,-3,0.75,3,-1.5
119,5,-3,0.75,3,-2
74,5,-3,0.75,4,-0.5
103,5,-3,0.75,4,-1
93,5,-3,0.75,4,-1.5
135,5,-3,0.75,4,-2
156,5,-3,0.75,5,-0.5
134,5,-3,0.75,5,-1
223,5,-3,0.75,5,-1.5
147,5,-3,0.75,5,-2
108,5,-3,1.25,1,-0.5
104,5,-3,1.25,1,-1
72,5,-3,1.25,1,-1.5
57,5,-3,1.25,1,-2
226,5,-3,1.25,2,-0.5
77,5,-3,1.25,2,-1
58,5,-3,1.25,2,-1.5
72,5,-3,1.25,2,-2
106,5,-3,1.25,3,-0.5
100,5,-3,1.25,3,-1
136,5,-3,1.25,3,-1.5
84,5,-3,1.25,3,-2
86,5,-3,1.25,4,-0.5
25,5,-3,1.25,4,-1
56,5,-3,1.25,4,-1.5
71,5,-3,1.25,4,-2
139,5,-3,1.25,5,-0.5
77,5,-3,1.25,5,-1
44,5,-3,1.25,5,-1.5
46,5,-3,1.25,5,-2
92,5,-3,1.75,1,-0.5
50,5,-3,1.75,1,-1
40,5,-3,1.75,1,-1.5
54,5,-3,1.75,1,-2
64,5,-3,1.75,2,-0.5
95,5,-3,1.75,2,-1
65,5,-3,1.75,2,-1.5
69,5,-3,1.75,2,-2
101,5,-3,1.75,3,-0.5
89,5,-3,1.75,3,-1
48,5,-3,1.75,3,-1.5
36,5,-3,1.75,3,-2
50,5,-3,1.75,4,-0.5
56,5,-3,1.75,4,-1
38,5,-3,1.75,4,-1.5
64,5,-3,1.75,4,-2
52,5,-3,1.75,5,-0.5
55,5,-3,1.75,5,-1
72,5,-3,1.75,5,-1.5
32,5,-3,1.75,5,-2
251,5,-4,0.25,1,-0.5
363,5,-4,0.25,1,-1
271,5,-4,0.25,1,-1.5
265,5,-4,0.25,1,-2
410,5,-4,0.25,2,-0.5
252,5,-4,0.25,2,-1
326,5,-4,0.25,2,-1.5
154,5,-4,0.25,2,-2
332,5,-4,0.25,3,-0.5
338,5,-4,0.25,3,-1
300,5,-4,0.25,3,-1.5
180,5,-4,0.25,3,-2
269,5,-4,0.25,4,-0.5
357,5,-4,0.25,4,-1
236,5,-4,0.25,4,-1.5
234,5,-4,0.25,4,-2
158,5,-4,0.25,5,-0.5
312,5,-4,0.25,5,-1
249,5,-4,0.25,5,-1.5
187,5,-4,0.25,5,-2
538,5,-4,0.75,1,-0.5
176,5,-4,0.75,1,-1
304,5,-4,0.75,1,-1.5
144,5,-4,0.75,1,-2
227,5,-4,0.75,2,-0.5
246,5,-4,0.75,2,-1
214,5,-4,0.75,2,-1.5
69,5,-4,0.75,2,-2
368,5,-4,0.75,3,-0.5
169,5,-4,0.75,3,-1
164,5,-4,0.75,3,-1.5
118,5,-4,0.75,3,-2
298,5,-4,0.75,4,-0.5
145,5,-4,0.75,4,-1
100,5,-4,0.75,4,-1.5
106,5,-4,0.75,4,-2
559,5,-4,0.75,5,-0.5
222,5,-4,0.75,5,-1
60,5,-4,0.75,5,-1.5
105,5,-4,0.75,5,-2
189,5,-4,1.25,1,-0.5
131,5,-4,1.25,1,-1
236,5,-4,1.25,1,-1.5
112,5,-4,1.25,1,-2
395,5,-4,1.25,2,-0.5
169,5,-4,1.25,2,-1
157,5,-4,1.25,2,-1.5
192,5,-4,1.25,2,-2
167,5,-4,1.25,3,-0.5
118,5,-4,1.25,3,-1
64,5,-4,1.25,3,-1.5
66,5,-4,1.25,3,-2
183,5,-4,1.25,4,-0.5
30,5,-4,1.25,4,-1
136,5,-4,1.25,4,-1.5
336,5,-4,1.25,4,-2
55,5,-4,1.25,5,-0.5
60,5,-4,1.25,5,-1
47,5,-4,1.25,5,-1.5
31,5,-4,1.25,5,-2
76,5,-4,1.75,1,-0.5
51,5,-4,1.75,1,-1
78,5,-4,1.75,1,-1.5
54,5,-4,1.75,1,-2
64,5,-4,1.75,2,-0.5
49,5,-4,1.75,2,-1
147,5,-4,1.75,2,-1.5
53,5,-4,1.75,2,-2
27,5,-4,1.75,3,-0.5
96,5,-4,1.75,3,-1
43,5,-4,1.75,3,-1.5
69,5,-4,1.75,3,-2
67,5,-4,1.75,4,-0.5
22,5,-4,1.75,4,-1
46,5,-4,1.75,4,-1.5
41,5,-4,1.75,4,-2
141,5,-4,1.75,5,-0.5
43,5,-4,1.75,5,-1
33,5,-4,1.75,5,-1.5
28,5,-4,1.75,5,-2
234,5,-5,0.25,1,-0.5
216,5,-5,0.25,1,-1
386,5,-5,0.25,1,-1.5
520,5,-5,0.25,1,-2
225,5,-5,0.25,2,-0.5
314,5,-5,0.25,2,-1
334,5,-5,0.25,2,-1.5
157,5,-5,0.25,2,-2
511,5,-5,0.25,3,-0.5
270,5,-5,0.25,3,-1
314,5,-5,0.25,3,-1.5
376,5,-5,0.25,3,-2
220,5,-5,0.25,4,-0.5
421,5,-5,0.25,4,-1
217,5,-5,0.25,4,-1.5
376,5,-5,0.25,4,-2
526,5,-5,0.25,5,-0.5
220,5,-5,0.25,5,-1
124,5,-5,0.25,5,-1.5
376,5,-5,0.25,5,-2
594,5,-5,0.75,1,-0.5
225,5,-5,0.75,1,-1
467,5,-5,0.75,1,-1.5
359,5,-5,0.75,1,-2
963,5,-5,0.75,2,-0.5
118,5,-5,0.75,2,-1
467,5,-5,0.75,2,-1.5
359,5,-5,0.75,2,-2
899,5,-5,0.75,3,-0.5
176,5,-5,0.75,3,-1
261,5,-5,0.75,3,-1.5
234,5,-5,0.75,3,-2
899,5,-5,0.75,4,-0.5
62,5,-5,0.75,4,-1
206,5,-5,0.75,4,-1.5
254,5,-5,0.75,4,-2
220,5,-5,0.75,5,-0.5
98,5,-5,0.75,5,-1
155,5,-5,0.75,5,-1.5
226,5,-5,0.75,5,-2
245,5,-5,1.25,1,-0.5
117,5,-5,1.25,1,-1
57,5,-5,1.25,1,-1.5
115,5,-5,1.25,1,-2
116,5,-5,1.25,2,-0.5
228,5,-5,1.25,2,-1
179,5,-5,1.25,2,-1.5
283,5,-5,1.25,2,-2
533,5,-5,1.25,3,-0.5
466,5,-5,1.25,3,-1
40,5,-5,1.25,3,-1.5
283,5,-5,1.25,3,-2
31,5,-5,1.25,4,-0.5
221,5,-5,1.25,4,-1
52,5,-5,1.25,4,-1.5
77,5,-5,1.25,4,-2
36,5,-5,1.25,5,-0.5
45,5,-5,1.25,5,-1
174,5,-5,1.25,5,-1.5
103,5,-5,1.25,5,-2
165,5,-5,1.75,1,-0.5
204,5,-5,1.75,1,-1
52,5,-5,1.75,1,-1.5
233,5,-5,1.75,1,-2
201,5,-5,1.75,2,-0.5
38,5,-5,1.75,2,-1
107,5,-5,1.75,2,-1.5
64,5,-5,1.75,2,-2
26,5,-5,1.75,3,-0.5
110,5,-5,1.75,3,-1
84,5,-5,1.75,3,-1.5
41,5,-5,1.75,3,-2
88,5,-5,1.75,4,-0.5
41,5,-5,1.75,4,-1
88,5,-5,1.75,4,-1.5
115,5,-5,1.75,4,-2
140,5,-5,1.75,5,-0.5
43,5,-5,1.75,5,-1
99,5,-5,1.75,5,-1.5
37,5,-5,1.75,5,-2
