61,1,-1,0.25,1,-0.5
163,1,-1,0.25,1,-1
21,1,-1,0.25,1,-1.5
28,1,-1,0.25,1,-2
21,1,-1,0.25,2,-0.5
28,1,-1,0.25,2,-1
35,1,-1,0.25,2,-1.5
47,1,-1,0.25,2,-2
49,1,-1,0.25,3,-0.5
14,1,-1,0.25,3,-1
39,1,-1,0.25,3,-1.5
39,1,-1,0.25,3,-2
39,1,-1,0.25,4,-0.5
50,1,-1,0.25,4,-1
46,1,-1,0.25,4,-1.5
53,1,-1,0.25,4,-2
70,1,-1,0.25,5,-0.5
108,1,-1,0.25,5,-1
48,1,-1,0.25,5,-1.5
47,1,-1,0.25,5,-2
75,1,-1,0.75,1,-0.5
33,1,-1,0.75,1,-1
55,1,-1,0.75,1,-1.5
26,1,-1,0.75,1,-2
42,1,-1,0.75,2,-0.5
46,1,-1,0.75,2,-1
64,1,-1,0.75,2,-1.5
33,1,-1,0.75,2,-2
60,1,-1,0.75,3,-0.5
55,1,-1,0.75,3,-1
41,1,-1,0.75,3,-1.5
32,1,-1,0.75,3,-2
63,1,-1,0.75,4,-0.5
54,1,-1,0.75,4,-1
67,1,-1,0.75,4,-1.5
38,1,-1,0.75,4,-2
62,1,-1,0.75,5,-0.5
82,1,-1,0.75,5,-1
31,1,-1,0.75,5,-1.5
63,1,-1,0.75,5,-2
103,1,-1,1.25,1,-0.5
84,1,-1,1.25,1,-1
80,1,-1,1.25,1,-1.5
99,1,-1,1.25,1,-2
120,1,-1,1.25,2,-0.5
69,1,-1,1.25,2,-1
85,1,-1,1.25,2,-1.5
57,1,-1,1.25,2,-2
111,1,-1,1.25,3,-0.5
92,1,-1,1.25,3,-1
100,1,-1,1.25,3,-1.5
73,1,-1,1.25,3,-2
109,1,-1,1.25,4,-0.5
77,1,-1,1.25,4,-1
107,1,-1,1.25,4,-1.5
96,1,-1,1.25,4,-2
94,1,-1,1.25,5,-0.5
87,1,-1,1.25,5,-1
93,1,-1,1.25,5,-1.5
70,1,-1,1.25,5,-2
175,1,-1,1.75,1,-0.5
127,1,-1,1.75,1,-1
145,1,-1,1.75,1,-1.5
121,1,-1,1.75,1,-2
150,1,-1,1.75,2,-0.5
107,1,-1,1.75,2,-1
136,1,-1,1.75,2,-1.5
122,1,-1,1.75,2,-2
116,1,-1,1.75,3,-0.5
99,1,-1,1.75,3,-1
91,1,-1,1.75,3,-1.5
131,1,-1,1.75,3,-2
161,1,-1,1.75,4,-0.5
135,1,-1,1.75,4,-1
114,1,-1,1.75,4,-1.5
116,1,-1,1.75,4,-2
152,1,-1,1.75,5,-0.5
120,1,-1,1.75,5,-1
120,1,-1,1.75,5,-1.5
95,1,-1,1.75,5,-2
426,1,-2,0.25,1,-0.5
13,1,-2,0.25,1,-1
58,1,-2,0.25,1,-1.5
17,1,-2,0.25,1,-2
132,1,-2,0.25,2,-0.5
137,1,-2,0.25,2,-1
93,1,-2,0.25,2,-1.5
119,1,-2,0.25,2,-2
128,1,-2,0.25,3,-0.5
33,1,-2,0.25,3,-1
20,1,-2,0.25,3,-1.5
142,1,-2,0.25,3,-2
138,1,-2,0.25,4,-0.5
90,1,-2,0.25,4,-1
37,1,-2,0.25,4,-1.5
52,1,-2,0.25,4,-2
56,1,-2,0.25,5,-0.5
23,1,-2,0.25,5,-1
39,1,-2,0.25,5,-1.5
52,1,-2,0.25,5,-2
40,1,-2,0.75,1,-0.5
17,1,-2,0.75,1,-1
15,1,-2,0.75,1,-1.5
48,1,-2,0.75,1,-2
24,1,-2,0.75,2,-0.5
16,1,-2,0.75,2,-1
32,1,-2,0.75,2,-1.5
25,1,-2,0.75,2,-2
41,1,-2,0.75,3,-0.5
50,1,-2,0.75,3,-1
21,1,-2,0.75,3,-1.5
107,1,-2,0.75,3,-2
47,1,-2,0.75,4,-0.5
35,1,-2,0.75,4,-1
24,1,-2,0.75,4,-1.5
36,1,-2,0.75,4,-2
30,1,-2,0.75,5,-0.5
29,1,-2,0.75,5,-1
29,1,-2,0.75,5,-1.5
114,1,-2,0.75,5,-2
65,1,-2,1.25,1,-0.5
61,1,-2,1.25,1,-1
43,1,-2,1.25,1,-1.5
13,1,-2,1.25,1,-2
59,1,-2,1.25,2,-0.5
69,1,-2,1.25,2,-1
57,1,-2,1.25,2,-1.5
45,1,-2,1.25,2,-2
50,1,-2,1.25,3,-0.5
50,1,-2,1.25,3,-1
46,1,-2,1.25,3,-1.5
65,1,-2,1.25,3,-2
36,1,-2,1.25,4,-0.5
62,1,-2,1.25,4,-1
57,1,-2,1.25,4,-1.5
38,1,-2,1.25,4,-2
56,1,-2,1.25,5,-0.5
60,1,-2,1.25,5,-1
65,1,-2,1.25,5,-1.5
73,1,-2,1.25,5,-2
109,1,-2,1.75,1,-0.5
78,1,-2,1.75,1,-1
95,1,-2,1.75,1,-1.5
87,1,-2,1.75,1,-2
96,1,-2,1.75,2,-0.5
90,1,-2,1.75,2,-1
76,1,-2,1.75,2,-1.5
40,1,-2,1.75,2,-2
108,1,-2,1.75,3,-0.5
50,1,-2,1.75,3,-1
70,1,-2,1.75,3,-1.5
74,1,-2,1.75,3,-2
108,1,-2,1.75,4,-0.5
84,1,-2,1.75,4,-1
84,1,-2,1.75,4,-1.5
91,1,-2,1.75,4,-2
109,1,-2,1.75,5,-0.5
51,1,-2,1.75,5,-1
70,1,-2,1.75,5,-1.5
68,1,-2,1.75,5,-2
404,1,-3,0.25,1,-0.5
168,1,-3,0.25,1,-1
80,1,-3,0.25,1,-1.5
61,1,-3,0.25,1,-2
380,1,-3,0.25,2,-0.5
216,1,-3,0.25,2,-1
20,1,-3,0.25,2,-1.5
68,1,-3,0.25,2,-2
25,1,-3,0.25,3,-0.5
260,1,-3,0.25,3,-1
126,1,-3,0.25,3,-1.5
258,1,-3,0.25,3,-2
408,1,-3,0.25,4,-0.5
134,1,-3,0.25,4,-1
386,1,-3,0.25,4,-1.5
46,1,-3,0.25,4,-2
142,1,-3,0.25,5,-0.5
53,1,-3,0.25,5,-1
53,1,-3,0.25,5,-1.5
40,1,-3,0.25,5,-2
41,1,-3,0.75,1,-0.5
29,1,-3,0.75,1,-1
44,1,-3,0.75,1,-1.5
80,1,-3,0.75,1,-2
53,1,-3,0.75,2,-0.5
39,1,-3,0.75,2,-1
42,1,-3,0.75,2,-1.5
42,1,-3,0.75,2,-2
22,1,-3,0.75,3,-0.5
37,1,-3,0.75,3,-1
56,1,-3,0.75,3,-1.5
20,1,-3,0.75,3,-2
31,1,-3,0.75,4,-0.5
33,1,-3,0.75,4,-1
43,1,-3,0.75,4,-1.5
26,1,-3,0.75,4,-2
30,1,-3,0.75,5,-0.5
83,1,-3,0.75,5,-1
34,1,-3,0.75,5,-1.5
21,1,-3,0.75,5,-2
23,1,-3,1.25,1,-0.5
36,1,-3,1.25,1,-1
61,1,-3,1.25,1,-1.5
26,1,-3,1.25,1,-2
38,1,-3,1.25,2,-0.5
50,1,-3,1.25,2,-1
53,1,-3,1.25,2,-1.5
38,1,-3,1.25,2,-2
44,1,-3,1.25,3,-0.5
36,1,-3,1.25,3,-1
21,1,-3,1.25,3,-1.5
73,1,-3,1.25,3,-2
51,1,-3,1.25,4,-0.5
32,1,-3,1.25,4,-1
24,1,-3,1.25,4,-1.5
118,1,-3,1.25,4,-2
46,1,-3,1.25,5,-0.5
35,1,-3,1.25,5,-1
24,1,-3,1.25,5,-1.5
32,1,-3,1.25,5,-2
88,1,-3,1.75,1,-0.5
52,1,-3,1.75,1,-1
55,1,-3,1.75,1,-1.5
66,1,-3,1.75,1,-2
80,1,-3,1.75,2,-0.5
59,1,-3,1.75,2,-1
48,1,-3,1.75,2,-1.5
53,1,-3,1.75,2,-2
69,1,-3,1.75,3,-0.5
60,1,-3,1.75,3,-1
55,1,-3,1.75,3,-1.5
27,1,-3,1.75,3,-2
68,1,-3,1.75,4,-0.5
54,1,-3,1.75,4,-1
53,1,-3,1.75,4,-1.5
41,1,-3,1.75,4,-2
79,1,-3,1.75,5,-0.5
85,1,-3,1.75,5,-1
60,1,-3,1.75,5,-1.5
34,1,-3,1.75,5,-2
266,1,-4,0.25,1,-0.5
247,1,-4,0.25,1,-1
28,1,-4,0.25,1,-1.5
37,1,-4,0.25,1,-2
397,1,-4,0.25,2,-0.5
153,1,-4,0.25,2,-1
15,1,-4,0.25,2,-1.5
43,1,-4,0.25,2,-2
150,1,-4,0.25,3,-0.5
48,1,-4,0.25,3,-1
162,1,-4,0.25,3,-1.5
42,1,-4,0.25,3,-2
146,1,-4,0.25,4,-0.5
169,1,-4,0.25,4,-1
17,1,-4,0.25,4,-1.5
239,1,-4,0.25,4,-2
247,1,-4,0.25,5,-0.5
100,1,-4,0.25,5,-1
25,1,-4,0.25,5,-1.5
71,1,-4,0.25,5,-2
287,1,-4,0.75,1,-0.5
79,1,-4,0.75,1,-1
72,1,-4,0.75,1,-1.5
67,1,-4,0.75,1,-2
424,1,-4,0.75,2,-0.5
194,1,-4,0.75,2,-1
63,1,-4,0.75,2,-1.5
56,1,-4,0.75,2,-2
92,1,-4,0.75,3,-0.5
18,1,-4,0.75,3,-1
32,1,-4,0.75,3,-1.5
26,1,-4,0.75,3,-2
21,1,-4,0.75,4,-0.5
41,1,-4,0.75,4,-1
35,1,-4,0.75,4,-1.5
24,1,-4,0.75,4,-2
236,1,-4,0.75,5,-0.5
142,1,-4,0.75,5,-1
50,1,-4,0.75,5,-1.5
25,1,-4,0.75,5,-2
43,1,-4,1.25,1,-0.5
26,1,-4,1.25,1,-1
52,1,-4,1.25,1,-1.5
28,1,-4,1.25,1,-2
30,1,-4,1.25,2,-0.5
117,1,-4,1.25,2,-1
21,1,-4,1.25,2,-1.5
19,1,-4,1.25,2,-2
30,1,-4,1.25,3,-0.5
24,1,-4,1.25,3,-1
34,1,-4,1.25,3,-1.5
44,1,-4,1.25,3,-2
47,1,-4,1.25,4,-0.5
44,1,-4,1.25,4,-1
61,1,-4,1.25,4,-1.5
19,1,-4,1.25,4,-2
28,1,-4,1.25,5,-0.5
45,1,-4,1.25,5,-1
22,1,-4,1.25,5,-1.5
24,1,-4,1.25,5,-2
43,1,-4,1.75,1,-0.5
37,1,-4,1.75,1,-1
26,1,-4,1.75,1,-1.5
44,1,-4,1.75,1,-2
66,1,-4,1.75,2,-0.5
37,1,-4,1.75,2,-1
26,1,-4,1.75,2,-1.5
20,1,-4,1.75,2,-2
61,1,-4,1.75,3,-0.5
114,1,-4,1.75,3,-1
39,1,-4,1.75,3,-1.5
29,1,-4,1.75,3,-2
46,1,-4,1.75,4,-0.5
60,1,-4,1.75,4,-1
32,1,-4,1.75,4,-1.5
27,1,-4,1.75,4,-2
47,1,-4,1.75,5,-0.5
17,1,-4,1.75,5,-1
24,1,-4,1.75,5,-1.5
40,1,-4,1.75,5,-2
234,1,-5,0.25,1,-0.5
360,1,-5,0.25,1,-1
87,1,-5,0.25,1,-1.5
290,1,-5,0.25,1,-2
354,1,-5,0.25,2,-0.5
188,1,-5,0.25,2,-1
211,1,-5,0.25,2,-1.5
133,1,-5,0.25,2,-2
132,1,-5,0.25,3,-0.5
468,1,-5,0.25,3,-1
351,1,-5,0.25,3,-1.5
28,1,-5,0.25,3,-2
389,1,-5,0.25,4,-0.5
468,1,-5,0.25,4,-1
44,1,-5,0.25,4,-1.5
141,1,-5,0.25,4,-2
102,1,-5,0.25,5,-0.5
331,1,-5,0.25,5,-1
236,1,-5,0.25,5,-1.5
201,1,-5,0.25,5,-2
352,1,-5,0.75,1,-0.5
63,1,-5,0.75,1,-1
43,1,-5,0.75,1,-1.5
52,1,-5,0.75,1,-2
140,1,-5,0.75,2,-0.5
327,1,-5,0.75,2,-1
46,1,-5,0.75,2,-1.5
23,1,-5,0.75,2,-2
18,1,-5,0.75,3,-0.5
108,1,-5,0.75,3,-1
35,1,-5,0.75,3,-1.5
147,1,-5,0.75,3,-2
118,1,-5,0.75,4,-0.5
98,1,-5,0.75,4,-1
79,1,-5,0.75,4,-1.5
34,1,-5,0.75,4,-2
82,1,-5,0.75,5,-0.5
23,1,-5,0.75,5,-1
173,1,-5,0.75,5,-1.5
211,1,-5,0.75,5,-2
31,1,-5,1.25,1,-0.5
49,1,-5,1.25,1,-1
24,1,-5,1.25,1,-1.5
39,1,-5,1.25,1,-2
189,1,-5,1.25,2,-0.5
58,1,-5,1.25,2,-1
53,1,-5,1.25,2,-1.5
32,1,-5,1.25,2,-2
95,1,-5,1.25,3,-0.5
191,1,-5,1.25,3,-1
59,1,-5,1.25,3,-1.5
53,1,-5,1.25,3,-2
30,1,-5,1.25,4,-0.5
24,1,-5,1.25,4,-1
24,1,-5,1.25,4,-1.5
18,1,-5,1.25,4,-2
20,1,-5,1.25,5,-0.5
67,1,-5,1.25,5,-1
339,1,-5,1.25,5,-1.5
64,1,-5,1.25,5,-2
70,1,-5,1.75,1,-0.5
42,1,-5,1.75,1,-1
20,1,-5,1.75,1,-1.5
80,1,-5,1.75,1,-2
43,1,-5,1.75,2,-0.5
158,1,-5,1.75,2,-1
40,1,-5,1.75,2,-1.5
39,1,-5,1.75,2,-2
90,1,-5,1.75,3,-0.5
22,1,-5,1.75,3,-1
37,1,-5,1.75,3,-1.5
37,1,-5,1.75,3,-2
31,1,-5,1.75,4,-0.5
19,1,-5,1.75,4,-1
59,1,-5,1.75,4,-1.5
29,1,-5,1.75,4,-2
39,1,-5,1.75,5,-0.5
209,1,-5,1.75,5,-1
37,1,-5,1.75,5,-1.5
25,1,-5,1.75,5,-2
189,2,-1,0.25,1,-0.5
43,2,-1,0.25,1,-1
45,2,-1,0.25,1,-1.5
30,2,-1,0.25,1,-2
79,2,-1,0.25,2,-0.5
41,2,-1,0.25,2,-1
73,2,-1,0.25,2,-1.5
68,2,-1,0.25,2,-2
111,2,-1,0.25,3,-0.5
46,2,-1,0.25,3,-1
47,2,-1,0.25,3,-1.5
57,2,-1,0.25,3,-2
74,2,-1,0.25,4,-0.5
81,2,-1,0.25,4,-1
50,2,-1,0.25,4,-1.5
84,2,-1,0.25,4,-2
173,2,-1,0.25,5,-0.5
68,2,-1,0.25,5,-1
59,2,-1,0.25,5,-1.5
52,2,-1,0.25,5,-2
26,2,-1,0.75,1,-0.5
71,2,-1,0.75,1,-1
26,2,-1,0.75,1,-1.5
57,2,-1,0.75,1,-2
61,2,-1,0.75,2,-0.5
42,2,-1,0.75,2,-1
23,2,-1,0.75,2,-1.5
19,2,-1,0.75,2,-2
51,2,-1,0.75,3,-0.5
25,2,-1,0.75,3,-1
22,2,-1,0.75,3,-1.5
35,2,-1,0.75,3,-2
33,2,-1,0.75,4,-0.5
60,2,-1,0.75,4,-1
46,2,-1,0.75,4,-1.5
33,2,-1,0.75,4,-2
43,2,-1,0.75,5,-0.5
63,2,-1,0.75,5,-1
25,2,-1,0.75,5,-1.5
40,2,-1,0.75,5,-2
85,2,-1,1.25,1,-0.5
66,2,-1,1.25,1,-1
44,2,-1,1.25,1,-1.5
34,2,-1,1.25,1,-2
61,2,-1,1.25,2,-0.5
63,2,-1,1.25,2,-1
24,2,-1,1.25,2,-1.5
70,2,-1,1.25,2,-2
64,2,-1,1.25,3,-0.5
71,2,-1,1.25,3,-1
59,2,-1,1.25,3,-1.5
43,2,-1,1.25,3,-2
73,2,-1,1.25,4,-0.5
50,2,-1,1.25,4,-1
64,2,-1,1.25,4,-1.5
76,2,-1,1.25,4,-2
76,2,-1,1.25,5,-0.5
65,2,-1,1.25,5,-1
81,2,-1,1.25,5,-1.5
60,2,-1,1.25,5,-2
140,2,-1,1.75,1,-0.5
98,2,-1,1.75,1,-1
76,2,-1,1.75,1,-1.5
105,2,-1,1.75,1,-2
118,2,-1,1.75,2,-0.5
110,2,-1,1.75,2,-1
107,2,-1,1.75,2,-1.5
90,2,-1,1.75,2,-2
123,2,-1,1.75,3,-0.5
89,2,-1,1.75,3,-1
92,2,-1,1.75,3,-1.5
68,2,-1,1.75,3,-2
110,2,-1,1.75,4,-0.5
88,2,-1,1.75,4,-1
82,2,-1,1.75,4,-1.5
89,2,-1,1.75,4,-2
106,2,-1,1.75,5,-0.5
95,2,-1,1.75,5,-1
97,2,-1,1.75,5,-1.5
77,2,-1,1.75,5,-2
396,2,-2,0.25,1,-0.5
302,2,-2,0.25,1,-1
32,2,-2,0.25,1,-1.5
31,2,-2,0.25,1,-2
110,2,-2,0.25,2,-0.5
49,2,-2,0.25,2,-1
61,2,-2,0.25,2,-1.5
104,2,-2,0.25,2,-2
60,2,-2,0.25,3,-0.5
32,2,-2,0.25,3,-1
86,2,-2,0.25,3,-1.5
32,2,-2,0.25,3,-2
86,2,-2,0.25,4,-0.5
70,2,-2,0.25,4,-1
201,2,-2,0.25,4,-1.5
103,2,-2,0.25,4,-2
174,2,-2,0.25,5,-0.5
90,2,-2,0.25,5,-1
63,2,-2,0.25,5,-1.5
69,2,-2,0.25,5,-2
30,2,-2,0.75,1,-0.5
30,2,-2,0.75,1,-1
105,2,-2,0.75,1,-1.5
64,2,-2,0.75,1,-2
552,2,-2,0.75,2,-0.5
28,2,-2,0.75,2,-1
27,2,-2,0.75,2,-1.5
49,2,-2,0.75,2,-2
36,2,-2,0.75,3,-0.5
33,2,-2,0.75,3,-1
19,2,-2,0.75,3,-1.5
67,2,-2,0.75,3,-2
23,2,-2,0.75,4,-0.5
32,2,-2,0.75,4,-1
24,2,-2,0.75,4,-1.5
16,2,-2,0.75,4,-2
24,2,-2,0.75,5,-0.5
34,2,-2,0.75,5,-1
56,2,-2,0.75,5,-1.5
66,2,-2,0.75,5,-2
44,2,-2,1.25,1,-0.5
82,2,-2,1.25,1,-1
72,2,-2,1.25,1,-1.5
25,2,-2,1.25,1,-2
48,2,-2,1.25,2,-0.5
17,2,-2,1.25,2,-1
14,2,-2,1.25,2,-1.5
39,2,-2,1.25,2,-2
55,2,-2,1.25,3,-0.5
26,2,-2,1.25,3,-1
16,2,-2,1.25,3,-1.5
23,2,-2,1.25,3,-2
31,2,-2,1.25,4,-0.5
21,2,-2,1.25,4,-1
28,2,-2,1.25,4,-1.5
17,2,-2,1.25,4,-2
43,2,-2,1.25,5,-0.5
37,2,-2,1.25,5,-1
32,2,-2,1.25,5,-1.5
55,2,-2,1.25,5,-2
110,2,-2,1.75,1,-0.5
50,2,-2,1.75,1,-1
61,2,-2,1.75,1,-1.5
66,2,-2,1.75,1,-2
89,2,-2,1.75,2,-0.5
56,2,-2,1.75,2,-1
43,2,-2,1.75,2,-1.5
38,2,-2,1.75,2,-2
85,2,-2,1.75,3,-0.5
25,2,-2,1.75,3,-1
64,2,-2,1.75,3,-1.5
46,2,-2,1.75,3,-2
103,2,-2,1.75,4,-0.5
67,2,-2,1.75,4,-1
63,2,-2,1.75,4,-1.5
24,2,-2,1.75,4,-2
64,2,-2,1.75,5,-0.5
91,2,-2,1.75,5,-1
50,2,-2,1.75,5,-1.5
45,2,-2,1.75,5,-2
125,2,-3,0.25,1,-0.5
112,2,-3,0.25,1,-1
118,2,-3,0.25,1,-1.5
42,2,-3,0.25,1,-2
250,2,-3,0.25,2,-0.5
167,2,-3,0.25,2,-1
71,2,-3,0.25,2,-1.5
96,2,-3,0.25,2,-2
379,2,-3,0.25,3,-0.5
105,2,-3,0.25,3,-1
108,2,-3,0.25,3,-1.5
153,2,-3,0.25,3,-2
265,2,-3,0.25,4,-0.5
225,2,-3,0.25,4,-1
80,2,-3,0.25,4,-1.5
36,2,-3,0.25,4,-2
49,2,-3,0.25,5,-0.5
182,2,-3,0.25,5,-1
474,2,-3,0.25,5,-1.5
181,2,-3,0.25,5,-2
250,2,-3,0.75,1,-0.5
27,2,-3,0.75,1,-1
21,2,-3,0.75,1,-1.5
57,2,-3,0.75,1,-2
130,2,-3,0.75,2,-0.5
63,2,-3,0.75,2,-1
148,2,-3,0.75,2,-1.5
70,2,-3,0.75,2,-2
25,2,-3,0.75,3,-0.5
213,2,-3,0.75,3,-1
22,2,-3,0.75,3,-1.5
22,2,-3,0.75,3,-2
47,2,-3,0.75,4,-0.5
21,2,-3,0.75,4,-1
20,2,-3,0.75,4,-1.5
37,2,-3,0.75,4,-2
21,2,-3,0.75,5,-0.5
22,2,-3,0.75,5,-1
35,2,-3,0.75,5,-1.5
18,2,-3,0.75,5,-2
34,2,-3,1.25,1,-0.5
31,2,-3,1.25,1,-1
32,2,-3,1.25,1,-1.5
21,2,-3,1.25,1,-2
230,2,-3,1.25,2,-0.5
48,2,-3,1.25,2,-1
41,2,-3,1.25,2,-1.5
23,2,-3,1.25,2,-2
52,2,-3,1.25,3,-0.5
186,2,-3,1.25,3,-1
79,2,-3,1.25,3,-1.5
19,2,-3,1.25,3,-2
18,2,-3,1.25,4,-0.5
60,2,-3,1.25,4,-1
38,2,-3,1.25,4,-1.5
30,2,-3,1.25,4,-2
38,2,-3,1.25,5,-0.5
58,2,-3,1.25,5,-1
29,2,-3,1.25,5,-1.5
36,2,-3,1.25,5,-2
49,2,-3,1.75,1,-0.5
29,2,-3,1.75,1,-1
28,2,-3,1.75,1,-1.5
48,2,-3,1.75,1,-2
51,2,-3,1.75,2,-0.5
36,2,-3,1.75,2,-1
48,2,-3,1.75,2,-1.5
17,2,-3,1.75,2,-2
46,2,-3,1.75,3,-0.5
44,2,-3,1.75,3,-1
25,2,-3,1.75,3,-1.5
38,2,-3,1.75,3,-2
27,2,-3,1.75,4,-0.5
56,2,-3,1.75,4,-1
32,2,-3,1.75,4,-1.5
21,2,-3,1.75,4,-2
71,2,-3,1.75,5,-0.5
41,2,-3,1.75,5,-1
38,2,-3,1.75,5,-1.5
27,2,-3,1.75,5,-2
232,2,-4,0.25,1,-0.5
182,2,-4,0.25,1,-1
276,2,-4,0.25,1,-1.5
124,2,-4,0.25,1,-2
281,2,-4,0.25,2,-0.5
32,2,-4,0.25,2,-1
282,2,-4,0.25,2,-1.5
93,2,-4,0.25,2,-2
76,2,-4,0.25,3,-0.5
126,2,-4,0.25,3,-1
121,2,-4,0.25,3,-1.5
216,2,-4,0.25,3,-2
249,2,-4,0.25,4,-0.5
356,2,-4,0.25,4,-1
204,2,-4,0.25,4,-1.5
83,2,-4,0.25,4,-2
241,2,-4,0.25,5,-0.5
381,2,-4,0.25,5,-1
319,2,-4,0.25,5,-1.5
47,2,-4,0.25,5,-2
21,2,-4,0.75,1,-0.5
26,2,-4,0.75,1,-1
92,2,-4,0.75,1,-1.5
44,2,-4,0.75,1,-2
627,2,-4,0.75,2,-0.5
459,2,-4,0.75,2,-1
27,2,-4,0.75,2,-1.5
20,2,-4,0.75,2,-2
627,2,-4,0.75,3,-0.5
144,2,-4,0.75,3,-1
35,2,-4,0.75,3,-1.5
76,2,-4,0.75,3,-2
31,2,-4,0.75,4,-0.5
52,2,-4,0.75,4,-1
148,2,-4,0.75,4,-1.5
44,2,-4,0.75,4,-2
49,2,-4,0.75,5,-0.5
37,2,-4,0.75,5,-1
28,2,-4,0.75,5,-1.5
35,2,-4,0.75,5,-2
34,2,-4,1.25,1,-0.5
35,2,-4,1.25,1,-1
22,2,-4,1.25,1,-1.5
28,2,-4,1.25,1,-2
45,2,-4,1.25,2,-0.5
25,2,-4,1.25,2,-1
33,2,-4,1.25,2,-1.5
23,2,-4,1.25,2,-2
27,2,-4,1.25,3,-0.5
60,2,-4,1.25,3,-1
27,2,-4,1.25,3,-1.5
38,2,-4,1.25,3,-2
48,2,-4,1.25,4,-0.5
16,2,-4,1.25,4,-1
102,2,-4,1.25,4,-1.5
45,2,-4,1.25,4,-2
151,2,-4,1.25,5,-0.5
22,2,-4,1.25,5,-1
46,2,-4,1.25,5,-1.5
52,2,-4,1.25,5,-2
63,2,-4,1.75,1,-0.5
38,2,-4,1.75,1,-1
59,2,-4,1.75,1,-1.5
33,2,-4,1.75,1,-2
48,2,-4,1.75,2,-0.5
42,2,-4,1.75,2,-1
39,2,-4,1.75,2,-1.5
17,2,-4,1.75,2,-2
55,2,-4,1.75,3,-0.5
38,2,-4,1.75,3,-1
21,2,-4,1.75,3,-1.5
23,2,-4,1.75,3,-2
33,2,-4,1.75,4,-0.5
27,2,-4,1.75,4,-1
42,2,-4,1.75,4,-1.5
15,2,-4,1.75,4,-2
40,2,-4,1.75,5,-0.5
33,2,-4,1.75,5,-1
18,2,-4,1.75,5,-1.5
21,2,-4,1.75,5,-2
427,2,-5,0.25,1,-0.5
246,2,-5,0.25,1,-1
233,2,-5,0.25,1,-1.5
60,2,-5,0.25,1,-2
253,2,-5,0.25,2,-0.5
187,2,-5,0.25,2,-1
164,2,-5,0.25,2,-1.5
153,2,-5,0.25,2,-2
301,2,-5,0.25,3,-0.5
200,2,-5,0.25,3,-1
277,2,-5,0.25,3,-1.5
134,2,-5,0.25,3,-2
301,2,-5,0.25,4,-0.5
175,2,-5,0.25,4,-1
277,2,-5,0.25,4,-1.5
30,2,-5,0.25,4,-2
166,2,-5,0.25,5,-0.5
362,2,-5,0.25,5,-1
104,2,-5,0.25,5,-1.5
32,2,-5,0.25,5,-2
96,2,-5,0.75,1,-0.5
103,2,-5,0.75,1,-1
34,2,-5,0.75,1,-1.5
103,2,-5,0.75,1,-2
408,2,-5,0.75,2,-0.5
45,2,-5,0.75,2,-1
42,2,-5,0.75,2,-1.5
41,2,-5,0.75,2,-2
25,2,-5,0.75,3,-0.5
75,2,-5,0.75,3,-1
124,2,-5,0.75,3,-1.5
103,2,-5,0.75,3,-2
94,2,-5,0.75,4,-0.5
200,2,-5,0.75,4,-1
29,2,-5,0.75,4,-1.5
42,2,-5,0.75,4,-2
237,2,-5,0.75,5,-0.5
154,2,-5,0.75,5,-1
21,2,-5,0.75,5,-1.5
23,2,-5,0.75,5,-2
208,2,-5,1.25,1,-0.5
37,2,-5,1.25,1,-1
19,2,-5,1.25,1,-1.5
24,2,-5,1.25,1,-2
34,2,-5,1.25,2,-0.5
71,2,-5,1.25,2,-1
62,2,-5,1.25,2,-1.5
42,2,-5,1.25,2,-2
28,2,-5,1.25,3,-0.5
24,2,-5,1.25,3,-1
40,2,-5,1.25,3,-1.5
34,2,-5,1.25,3,-2
26,2,-5,1.25,4,-0.5
43,2,-5,1.25,4,-1
89,2,-5,1.25,4,-1.5
17,2,-5,1.25,4,-2
35,2,-5,1.25,5,-0.5
41,2,-5,1.25,5,-1
47,2,-5,1.25,5,-1.5
16,2,-5,1.25,5,-2
51,2,-5,1.75,1,-0.5
81,2,-5,1.75,1,-1
29,2,-5,1.75,1,-1.5
23,2,-5,1.75,1,-2
71,2,-5,1.75,2,-0.5
18,2,-5,1.75,2,-1
25,2,-5,1.75,2,-1.5
22,2,-5,1.75,2,-2
22,2,-5,1.75,3,-0.5
29,2,-5,1.75,3,-1
39,2,-5,1.75,3,-1.5
22,2,-5,1.75,3,-2
39,2,-5,1.75,4,-0.5
30,2,-5,1.75,4,-1
51,2,-5,1.75,4,-1.5
47,2,-5,1.75,4,-2
32,2,-5,1.75,5,-0.5
39,2,-5,1.75,5,-1
38,2,-5,1.75,5,-1.5
18,2,-5,1.75,5,-2
177,3,-1,0.25,1,-0.5
145,3,-1,0.25,1,-1
150,3,-1,0.25,1,-1.5
53,3,-1,0.25,1,-2
104,3,-1,0.25,2,-0.5
186,3,-1,0.25,2,-1
61,3,-1,0.25,2,-1.5
77,3,-1,0.25,2,-2
137,3,-1,0.25,3,-0.5
65,3,-1,0.25,3,-1
55,3,-1,0.25,3,-1.5
93,3,-1,0.25,3,-2
137,3,-1,0.25,4,-0.5
120,3,-1,0.25,4,-1
64,3,-1,0.25,4,-1.5
85,3,-1,0.25,4,-2
183,3,-1,0.25,5,-0.5
182,3,-1,0.25,5,-1
71,3,-1,0.25,5,-1.5
68,3,-1,0.25,5,-2
67,3,-1,0.75,1,-0.5
61,3,-1,0.75,1,-1
47,3,-1,0.75,1,-1.5
30,3,-1,0.75,1,-2
79,3,-1,0.75,2,-0.5
69,3,-1,0.75,2,-1
44,3,-1,0.75,2,-1.5
53,3,-1,0.75,2,-2
56,3,-1,0.75,3,-0.5
37,3,-1,0.75,3,-1
21,3,-1,0.75,3,-1.5
51,3,-1,0.75,3,-2
70,3,-1,0.75,4,-0.5
73,3,-1,0.75,4,-1
52,3,-1,0.75,4,-1.5
60,3,-1,0.75,4,-2
60,3,-1,0.75,5,-0.5
41,3,-1,0.75,5,-1
44,3,-1,0.75,5,-1.5
36,3,-1,0.75,5,-2
78,3,-1,1.25,1,-0.5
85,3,-1,1.25,1,-1
26,3,-1,1.25,1,-1.5
62,3,-1,1.25,1,-2
66,3,-1,1.25,2,-0.5
48,3,-1,1.25,2,-1
45,3,-1,1.25,2,-1.5
65,3,-1,1.25,2,-2
75,3,-1,1.25,3,-0.5
41,3,-1,1.25,3,-1
74,3,-1,1.25,3,-1.5
34,3,-1,1.25,3,-2
53,3,-1,1.25,4,-0.5
48,3,-1,1.25,4,-1
58,3,-1,1.25,4,-1.5
47,3,-1,1.25,4,-2
63,3,-1,1.25,5,-0.5
54,3,-1,1.25,5,-1
49,3,-1,1.25,5,-1.5
38,3,-1,1.25,5,-2
141,3,-1,1.75,1,-0.5
68,3,-1,1.75,1,-1
94,3,-1,1.75,1,-1.5
78,3,-1,1.75,1,-2
126,3,-1,1.75,2,-0.5
72,3,-1,1.75,2,-1
86,3,-1,1.75,2,-1.5
75,3,-1,1.75,2,-2
87,3,-1,1.75,3,-0.5
80,3,-1,1.75,3,-1
61,3,-1,1.75,3,-1.5
58,3,-1,1.75,3,-2
107,3,-1,1.75,4,-0.5
63,3,-1,1.75,4,-1
61,3,-1,1.75,4,-1.5
67,3,-1,1.75,4,-2
109,3,-1,1.75,5,-0.5
91,3,-1,1.75,5,-1
65,3,-1,1.75,5,-1.5
61,3,-1,1.75,5,-2
233,3,-2,0.25,1,-0.5
136,3,-2,0.25,1,-1
184,3,-2,0.25,1,-1.5
119,3,-2,0.25,1,-2
313,3,-2,0.25,2,-0.5
97,3,-2,0.25,2,-1
61,3,-2,0.25,2,-1.5
147,3,-2,0.25,2,-2
319,3,-2,0.25,3,-0.5
126,3,-2,0.25,3,-1
40,3,-2,0.25,3,-1.5
45,3,-2,0.25,3,-2
193,3,-2,0.25,4,-0.5
117,3,-2,0.25,4,-1
172,3,-2,0.25,4,-1.5
62,3,-2,0.25,4,-2
233,3,-2,0.25,5,-0.5
259,3,-2,0.25,5,-1
144,3,-2,0.25,5,-1.5
43,3,-2,0.25,5,-2
67,3,-2,0.75,1,-0.5
30,3,-2,0.75,1,-1
36,3,-2,0.75,1,-1.5
19,3,-2,0.75,1,-2
48,3,-2,0.75,2,-0.5
22,3,-2,0.75,2,-1
40,3,-2,0.75,2,-1.5
81,3,-2,0.75,2,-2
56,3,-2,0.75,3,-0.5
19,3,-2,0.75,3,-1
54,3,-2,0.75,3,-1.5
38,3,-2,0.75,3,-2
85,3,-2,0.75,4,-0.5
21,3,-2,0.75,4,-1
34,3,-2,0.75,4,-1.5
25,3,-2,0.75,4,-2
59,3,-2,0.75,5,-0.5
42,3,-2,0.75,5,-1
31,3,-2,0.75,5,-1.5
29,3,-2,0.75,5,-2
46,3,-2,1.25,1,-0.5
47,3,-2,1.25,1,-1
41,3,-2,1.25,1,-1.5
41,3,-2,1.25,1,-2
35,3,-2,1.25,2,-0.5
76,3,-2,1.25,2,-1
42,3,-2,1.25,2,-1.5
29,3,-2,1.25,2,-2
34,3,-2,1.25,3,-0.5
46,3,-2,1.25,3,-1
21,3,-2,1.25,3,-1.5
42,3,-2,1.25,3,-2
37,3,-2,1.25,4,-0.5
60,3,-2,1.25,4,-1
22,3,-2,1.25,4,-1.5
37,3,-2,1.25,4,-2
48,3,-2,1.25,5,-0.5
32,3,-2,1.25,5,-1
27,3,-2,1.25,5,-1.5
24,3,-2,1.25,5,-2
74,3,-2,1.75,1,-0.5
64,3,-2,1.75,1,-1
56,3,-2,1.75,1,-1.5
43,3,-2,1.75,1,-2
59,3,-2,1.75,2,-0.5
54,3,-2,1.75,2,-1
28,3,-2,1.75,2,-1.5
61,3,-2,1.75,2,-2
82,3,-2,1.75,3,-0.5
79,3,-2,1.75,3,-1
30,3,-2,1.75,3,-1.5
40,3,-2,1.75,3,-2
65,3,-2,1.75,4,-0.5
44,3,-2,1.75,4,-1
29,3,-2,1.75,4,-1.5
45,3,-2,1.75,4,-2
64,3,-2,1.75,5,-0.5
28,3,-2,1.75,5,-1
40,3,-2,1.75,5,-1.5
68,3,-2,1.75,5,-2
245,3,-3,0.25,1,-0.5
113,3,-3,0.25,1,-1
226,3,-3,0.25,1,-1.5
65,3,-3,0.25,1,-2
519,3,-3,0.25,2,-0.5
523,3,-3,0.25,2,-1
237,3,-3,0.25,2,-1.5
155,3,-3,0.25,2,-2
299,3,-3,0.25,3,-0.5
373,3,-3,0.25,3,-1
229,3,-3,0.25,3,-1.5
365,3,-3,0.25,3,-2
251,3,-3,0.25,4,-0.5
138,3,-3,0.25,4,-1
192,3,-3,0.25,4,-1.5
98,3,-3,0.25,4,-2
219,3,-3,0.25,5,-0.5
463,3,-3,0.25,5,-1
179,3,-3,0.25,5,-1.5
76,3,-3,0.25,5,-2
57,3,-3,0.75,1,-0.5
87,3,-3,0.75,1,-1
44,3,-3,0.75,1,-1.5
16,3,-3,0.75,1,-2
45,3,-3,0.75,2,-0.5
73,3,-3,0.75,2,-1
22,3,-3,0.75,2,-1.5
45,3,-3,0.75,2,-2
179,3,-3,0.75,3,-0.5
98,3,-3,0.75,3,-1
61,3,-3,0.75,3,-1.5
32,3,-3,0.75,3,-2
66,3,-3,0.75,4,-0.5
40,3,-3,0.75,4,-1
51,3,-3,0.75,4,-1.5
63,3,-3,0.75,4,-2
24,3,-3,0.75,5,-0.5
211,3,-3,0.75,5,-1
43,3,-3,0.75,5,-1.5
159,3,-3,0.75,5,-2
79,3,-3,1.25,1,-0.5
43,3,-3,1.25,1,-1
41,3,-3,1.25,1,-1.5
24,3,-3,1.25,1,-2
50,3,-3,1.25,2,-0.5
27,3,-3,1.25,2,-1
31,3,-3,1.25,2,-1.5
17,3,-3,1.25,2,-2
34,3,-3,1.25,3,-0.5
26,3,-3,1.25,3,-1
33,3,-3,1.25,3,-1.5
167,3,-3,1.25,3,-2
30,3,-3,1.25,4,-0.5
27,3,-3,1.25,4,-1
21,3,-3,1.25,4,-1.5
28,3,-3,1.25,4,-2
32,3,-3,1.25,5,-0.5
20,3,-3,1.25,5,-1
19,3,-3,1.25,5,-1.5
37,3,-3,1.25,5,-2
59,3,-3,1.75,1,-0.5
41,3,-3,1.75,1,-1
40,3,-3,1.75,1,-1.5
29,3,-3,1.75,1,-2
53,3,-3,1.75,2,-0.5
39,3,-3,1.75,2,-1
30,3,-3,1.75,2,-1.5
26,3,-3,1.75,2,-2
52,3,-3,1.75,3,-0.5
16,3,-3,1.75,3,-1
35,3,-3,1.75,3,-1.5
25,3,-3,1.75,3,-2
51,3,-3,1.75,4,-0.5
19,3,-3,1.75,4,-1
29,3,-3,1.75,4,-1.5
19,3,-3,1.75,4,-2
46,3,-3,1.75,5,-0.5
27,3,-3,1.75,5,-1
17,3,-3,1.75,5,-1.5
29,3,-3,1.75,5,-2
234,3,-4,0.25,1,-0.5
499,3,-4,0.25,1,-1
109,3,-4,0.25,1,-1.5
59,3,-4,0.25,1,-2
357,3,-4,0.25,2,-0.5
525,3,-4,0.25,2,-1
165,3,-4,0.25,2,-1.5
150,3,-4,0.25,2,-2
169,3,-4,0.25,3,-0.5
96,3,-4,0.25,3,-1
127,3,-4,0.25,3,-1.5
193,3,-4,0.25,3,-2
418,3,-4,0.25,4,-0.5
165,3,-4,0.25,4,-1
179,3,-4,0.25,4,-1.5
97,3,-4,0.25,4,-2
96,3,-4,0.25,5,-0.5
58,3,-4,0.25,5,-1
250,3,-4,0.25,5,-1.5
91,3,-4,0.25,5,-2
35,3,-4,0.75,1,-0.5
177,3,-4,0.75,1,-1
219,3,-4,0.75,1,-1.5
135,3,-4,0.75,1,-2
184,3,-4,0.75,2,-0.5
18,3,-4,0.75,2,-1
33,3,-4,0.75,2,-1.5
97,3,-4,0.75,2,-2
135,3,-4,0.75,3,-0.5
47,3,-4,0.75,3,-1
71,3,-4,0.75,3,-1.5
528,3,-4,0.75,3,-2
31,3,-4,0.75,4,-0.5
147,3,-4,0.75,4,-1
75,3,-4,0.75,4,-1.5
203,3,-4,0.75,4,-2
44,3,-4,0.75,5,-0.5
58,3,-4,0.75,5,-1
245,3,-4,0.75,5,-1.5
46,3,-4,0.75,5,-2
56,3,-4,1.25,1,-0.5
37,3,-4,1.25,1,-1
92,3,-4,1.25,1,-1.5
33,3,-4,1.25,1,-2
18,3,-4,1.25,2,-0.5
68,3,-4,1.25,2,-1
27,3,-4,1.25,2,-1.5
21,3,-4,1.25,2,-2
35,3,-4,1.25,3,-0.5
31,3,-4,1.25,3,-1
30,3,-4,1.25,3,-1.5
23,3,-4,1.25,3,-2
51,3,-4,1.25,4,-0.5
44,3,-4,1.25,4,-1
30,3,-4,1.25,4,-1.5
22,3,-4,1.25,4,-2
27,3,-4,1.25,5,-0.5
41,3,-4,1.25,5,-1
133,3,-4,1.25,5,-1.5
54,3,-4,1.25,5,-2
41,3,-4,1.75,1,-0.5
54,3,-4,1.75,1,-1
16,3,-4,1.75,1,-1.5
16,3,-4,1.75,1,-2
54,3,-4,1.75,2,-0.5
32,3,-4,1.75,2,-1
37,3,-4,1.75,2,-1.5
34,3,-4,1.75,2,-2
29,3,-4,1.75,3,-0.5
34,3,-4,1.75,3,-1
31,3,-4,1.75,3,-1.5
43,3,-4,1.75,3,-2
45,3,-4,1.75,4,-0.5
26,3,-4,1.75,4,-1
40,3,-4,1.75,4,-1.5
46,3,-4,1.75,4,-2
29,3,-4,1.75,5,-0.5
32,3,-4,1.75,5,-1
45,3,-4,1.75,5,-1.5
43,3,-4,1.75,5,-2
404,3,-5,0.25,1,-0.5
296,3,-5,0.25,1,-1
80,3,-5,0.25,1,-1.5
131,3,-5,0.25,1,-2
260,3,-5,0.25,2,-0.5
290,3,-5,0.25,2,-1
515,3,-5,0.25,2,-1.5
148,3,-5,0.25,2,-2
316,3,-5,0.25,3,-0.5
209,3,-5,0.25,3,-1
514,3,-5,0.25,3,-1.5
79,3,-5,0.25,3,-2
420,3,-5,0.25,4,-0.5
85,3,-5,0.25,4,-1
433,3,-5,0.25,4,-1.5
82,3,-5,0.25,4,-2
156,3,-5,0.25,5,-0.5
366,3,-5,0.25,5,-1
450,3,-5,0.25,5,-1.5
240,3,-5,0.25,5,-2
154,3,-5,0.75,1,-0.5
57,3,-5,0.75,1,-1
114,3,-5,0.75,1,-1.5
60,3,-5,0.75,1,-2
71,3,-5,0.75,2,-0.5
124,3,-5,0.75,2,-1
112,3,-5,0.75,2,-1.5
84,3,-5,0.75,2,-2
44,3,-5,0.75,3,-0.5
191,3,-5,0.75,3,-1
74,3,-5,0.75,3,-1.5
67,3,-5,0.75,3,-2
226,3,-5,0.75,4,-0.5
77,3,-5,0.75,4,-1
45,3,-5,0.75,4,-1.5
158,3,-5,0.75,4,-2
255,3,-5,0.75,5,-0.5
151,3,-5,0.75,5,-1
56,3,-5,0.75,5,-1.5
58,3,-5,0.75,5,-2
54,3,-5,1.25,1,-0.5
31,3,-5,1.25,1,-1
42,3,-5,1.25,1,-1.5
39,3,-5,1.25,1,-2
187,3,-5,1.25,2,-0.5
71,3,-5,1.25,2,-1
14,3,-5,1.25,2,-1.5
27,3,-5,1.25,2,-2
33,3,-5,1.25,3,-0.5
82,3,-5,1.25,3,-1
25,3,-5,1.25,3,-1.5
17,3,-5,1.25,3,-2
30,3,-5,1.25,4,-0.5
24,3,-5,1.25,4,-1
55,3,-5,1.25,4,-1.5
126,3,-5,1.25,4,-2
43,3,-5,1.25,5,-0.5
204,3,-5,1.25,5,-1
21,3,-5,1.25,5,-1.5
23,3,-5,1.25,5,-2
67,3,-5,1.75,1,-0.5
44,3,-5,1.75,1,-1
25,3,-5,1.75,1,-1.5
22,3,-5,1.75,1,-2
60,3,-5,1.75,2,-0.5
32,3,-5,1.75,2,-1
184,3,-5,1.75,2,-1.5
12,3,-5,1.75,2,-2
322,3,-5,1.75,3,-0.5
25,3,-5,1.75,3,-1
28,3,-5,1.75,3,-1.5
21,3,-5,1.75,3,-2
21,3,-5,1.75,4,-0.5
114,3,-5,1.75,4,-1
22,3,-5,1.75,4,-1.5
42,3,-5,1.75,4,-2
38,3,-5,1.75,5,-0.5
20,3,-5,1.75,5,-1
76,3,-5,1.75,5,-1.5
21,3,-5,1.75,5,-2
122,4,-1,0.25,1,-0.5
129,4,-1,0.25,1,-1
81,4,-1,0.25,1,-1.5
126,4,-1,0.25,1,-2
300,4,-1,0.25,2,-0.5
137,4,-1,0.25,2,-1
109,4,-1,0.25,2,-1.5
78,4,-1,0.25,2,-2
134,4,-1,0.25,3,-0.5
174,4,-1,0.25,3,-1
130,4,-1,0.25,3,-1.5
68,4,-1,0.25,3,-2
135,4,-1,0.25,4,-0.5
104,4,-1,0.25,4,-1
83,4,-1,0.25,4,-1.5
40,4,-1,0.25,4,-2
149,4,-1,0.25,5,-0.5
85,4,-1,0.25,5,-1
127,4,-1,0.25,5,-1.5
66,4,-1,0.25,5,-2
69,4,-1,0.75,1,-0.5
77,4,-1,0.75,1,-1
81,4,-1,0.75,1,-1.5
64,4,-1,0.75,1,-2
85,4,-1,0.75,2,-0.5
100,4,-1,0.75,2,-1
80,4,-1,0.75,2,-1.5
50,4,-1,0.75,2,-2
145,4,-1,0.75,3,-0.5
83,4,-1,0.75,3,-1
92,4,-1,0.75,3,-1.5
51,4,-1,0.75,3,-2
121,4,-1,0.75,4,-0.5
65,4,-1,0.75,4,-1
54,4,-1,0.75,4,-1.5
55,4,-1,0.75,4,-2
90,4,-1,0.75,5,-0.5
51,4,-1,0.75,5,-1
50,4,-1,0.75,5,-1.5
65,4,-1,0.75,5,-2
110,4,-1,1.25,1,-0.5
74,4,-1,1.25,1,-1
90,4,-1,1.25,1,-1.5
51,4,-1,1.25,1,-2
81,4,-1,1.25,2,-0.5
60,4,-1,1.25,2,-1
97,4,-1,1.25,2,-1.5
53,4,-1,1.25,2,-2
62,4,-1,1.25,3,-0.5
63,4,-1,1.25,3,-1
59,4,-1,1.25,3,-1.5
35,4,-1,1.25,3,-2
87,4,-1,1.25,4,-0.5
51,4,-1,1.25,4,-1
60,4,-1,1.25,4,-1.5
38,4,-1,1.25,4,-2
78,4,-1,1.25,5,-0.5
60,4,-1,1.25,5,-1
66,4,-1,1.25,5,-1.5
37,4,-1,1.25,5,-2
103,4,-1,1.75,1,-0.5
96,4,-1,1.75,1,-1
90,4,-1,1.75,1,-1.5
79,4,-1,1.75,1,-2
102,4,-1,1.75,2,-0.5
69,4,-1,1.75,2,-1
68,4,-1,1.75,2,-1.5
73,4,-1,1.75,2,-2
94,4,-1,1.75,3,-0.5
93,4,-1,1.75,3,-1
66,4,-1,1.75,3,-1.5
36,4,-1,1.75,3,-2
113,4,-1,1.75,4,-0.5
95,4,-1,1.75,4,-1
61,4,-1,1.75,4,-1.5
54,4,-1,1.75,4,-2
80,4,-1,1.75,5,-0.5
74,4,-1,1.75,5,-1
112,4,-1,1.75,5,-1.5
59,4,-1,1.75,5,-2
310,4,-2,0.25,1,-0.5
471,4,-2,0.25,1,-1
245,4,-2,0.25,1,-1.5
54,4,-2,0.25,1,-2
185,4,-2,0.25,2,-0.5
289,4,-2,0.25,2,-1
214,4,-2,0.25,2,-1.5
36,4,-2,0.25,2,-2
434,4,-2,0.25,3,-0.5
123,4,-2,0.25,3,-1
174,4,-2,0.25,3,-1.5
127,4,-2,0.25,3,-2
113,4,-2,0.25,4,-0.5
119,4,-2,0.25,4,-1
187,4,-2,0.25,4,-1.5
165,4,-2,0.25,4,-2
235,4,-2,0.25,5,-0.5
182,4,-2,0.25,5,-1
103,4,-2,0.25,5,-1.5
103,4,-2,0.25,5,-2
113,4,-2,0.75,1,-0.5
57,4,-2,0.75,1,-1
53,4,-2,0.75,1,-1.5
70,4,-2,0.75,1,-2
70,4,-2,0.75,2,-0.5
49,4,-2,0.75,2,-1
42,4,-2,0.75,2,-1.5
75,4,-2,0.75,2,-2
199,4,-2,0.75,3,-0.5
192,4,-2,0.75,3,-1
61,4,-2,0.75,3,-1.5
33,4,-2,0.75,3,-2
102,4,-2,0.75,4,-0.5
47,4,-2,0.75,4,-1
27,4,-2,0.75,4,-1.5
31,4,-2,0.75,4,-2
64,4,-2,0.75,5,-0.5
141,4,-2,0.75,5,-1
50,4,-2,0.75,5,-1.5
57,4,-2,0.75,5,-2
114,4,-2,1.25,1,-0.5
36,4,-2,1.25,1,-1
42,4,-2,1.25,1,-1.5
32,4,-2,1.25,1,-2
67,4,-2,1.25,2,-0.5
34,4,-2,1.25,2,-1
19,4,-2,1.25,2,-1.5
46,4,-2,1.25,2,-2
68,4,-2,1.25,3,-0.5
50,4,-2,1.25,3,-1
47,4,-2,1.25,3,-1.5
43,4,-2,1.25,3,-2
57,4,-2,1.25,4,-0.5
33,4,-2,1.25,4,-1
30,4,-2,1.25,4,-1.5
33,4,-2,1.25,4,-2
36,4,-2,1.25,5,-0.5
65,4,-2,1.25,5,-1
26,4,-2,1.25,5,-1.5
40,4,-2,1.25,5,-2
82,4,-2,1.75,1,-0.5
70,4,-2,1.75,1,-1
54,4,-2,1.75,1,-1.5
28,4,-2,1.75,1,-2
81,4,-2,1.75,2,-0.5
59,4,-2,1.75,2,-1
48,4,-2,1.75,2,-1.5
33,4,-2,1.75,2,-2
64,4,-2,1.75,3,-0.5
36,4,-2,1.75,3,-1
49,4,-2,1.75,3,-1.5
56,4,-2,1.75,3,-2
39,4,-2,1.75,4,-0.5
49,4,-2,1.75,4,-1
51,4,-2,1.75,4,-1.5
33,4,-2,1.75,4,-2
76,4,-2,1.75,5,-0.5
39,4,-2,1.75,5,-1
48,4,-2,1.75,5,-1.5
42,4,-2,1.75,5,-2
325,4,-3,0.25,1,-0.5
287,4,-3,0.25,1,-1
77,4,-3,0.25,1,-1.5
263,4,-3,0.25,1,-2
252,4,-3,0.25,2,-0.5
187,4,-3,0.25,2,-1
265,4,-3,0.25,2,-1.5
37,4,-3,0.25,2,-2
522,4,-3,0.25,3,-0.5
526,4,-3,0.25,3,-1
181,4,-3,0.25,3,-1.5
88,4,-3,0.25,3,-2
520,4,-3,0.25,4,-0.5
162,4,-3,0.25,4,-1
71,4,-3,0.25,4,-1.5
41,4,-3,0.25,4,-2
109,4,-3,0.25,5,-0.5
179,4,-3,0.25,5,-1
168,4,-3,0.25,5,-1.5
203,4,-3,0.25,5,-2
260,4,-3,0.75,1,-0.5
123,4,-3,0.75,1,-1
85,4,-3,0.75,1,-1.5
173,4,-3,0.75,1,-2
243,4,-3,0.75,2,-0.5
88,4,-3,0.75,2,-1
101,4,-3,0.75,2,-1.5
59,4,-3,0.75,2,-2
116,4,-3,0.75,3,-0.5
121,4,-3,0.75,3,-1
38,4,-3,0.75,3,-1.5
51,4,-3,0.75,3,-2
241,4,-3,0.75,4,-0.5
41,4,-3,0.75,4,-1
27,4,-3,0.75,4,-1.5
114,4,-3,0.75,4,-2
72,4,-3,0.75,5,-0.5
468,4,-3,0.75,5,-1
108,4,-3,0.75,5,-1.5
48,4,-3,0.75,5,-2
72,4,-3,1.25,1,-0.5
56,4,-3,1.25,1,-1
212,4,-3,1.25,1,-1.5
40,4,-3,1.25,1,-2
72,4,-3,1.25,2,-0.5
22,4,-3,1.25,2,-1
51,4,-3,1.25,2,-1.5
56,4,-3,1.25,2,-2
37,4,-3,1.25,3,-0.5
34,4,-3,1.25,3,-1
39,4,-3,1.25,3,-1.5
17,4,-3,1.25,3,-2
47,4,-3,1.25,4,-0.5
56,4,-3,1.25,4,-1
25,4,-3,1.25,4,-1.5
19,4,-3,1.25,4,-2
23,4,-3,1.25,5,-0.5
38,4,-3,1.25,5,-1
21,4,-3,1.25,5,-1.5
113,4,-3,1.25,5,-2
48,4,-3,1.75,1,-0.5
46,4,-3,1.75,1,-1
56,4,-3,1.75,1,-1.5
48,4,-3,1.75,1,-2
77,4,-3,1.75,2,-0.5
30,4,-3,1.75,2,-1
40,4,-3,1.75,2,-1.5
16,4,-3,1.75,2,-2
231,4,-3,1.75,3,-0.5
33,4,-3,1.75,3,-1
29,4,-3,1.75,3,-1.5
54,4,-3,1.75,3,-2
44,4,-3,1.75,4,-0.5
40,4,-3,1.75,4,-1
29,4,-3,1.75,4,-1.5
24,4,-3,1.75,4,-2
52,4,-3,1.75,5,-0.5
33,4,-3,1.75,5,-1
34,4,-3,1.75,5,-1.5
42,4,-3,1.75,5,-2
337,4,-4,0.25,1,-0.5
150,4,-4,0.25,1,-1
232,4,-4,0.25,1,-1.5
102,4,-4,0.25,1,-2
174,4,-4,0.25,2,-0.5
262,4,-4,0.25,2,-1
241,4,-4,0.25,2,-1.5
144,4,-4,0.25,2,-2
382,4,-4,0.25,3,-0.5
519,4,-4,0.25,3,-1
120,4,-4,0.25,3,-1.5
215,4,-4,0.25,3,-2
167,4,-4,0.25,4,-0.5
91,4,-4,0.25,4,-1
267,4,-4,0.25,4,-1.5
158,4,-4,0.25,4,-2
336,4,-4,0.25,5,-0.5
335,4,-4,0.25,5,-1
273,4,-4,0.25,5,-1.5
197,4,-4,0.25,5,-2
252,4,-4,0.75,1,-0.5
198,4,-4,0.75,1,-1
67,4,-4,0.75,1,-1.5
237,4,-4,0.75,1,-2
294,4,-4,0.75,2,-0.5
142,4,-4,0.75,2,-1
78,4,-4,0.75,2,-1.5
127,4,-4,0.75,2,-2
213,4,-4,0.75,3,-0.5
118,4,-4,0.75,3,-1
49,4,-4,0.75,3,-1.5
52,4,-4,0.75,3,-2
492,4,-4,0.75,4,-0.5
371,4,-4,0.75,4,-1
172,4,-4,0.75,4,-1.5
202,4,-4,0.75,4,-2
404,4,-4,0.75,5,-0.5
66,4,-4,0.75,5,-1
29,4,-4,0.75,5,-1.5
17,4,-4,0.75,5,-2
132,4,-4,1.25,1,-0.5
52,4,-4,1.25,1,-1
43,4,-4,1.25,1,-1.5
39,4,-4,1.25,1,-2
31,4,-4,1.25,2,-0.5
402,4,-4,1.25,2,-1
85,4,-4,1.25,2,-1.5
27,4,-4,1.25,2,-2
20,4,-4,1.25,3,-0.5
178,4,-4,1.25,3,-1
25,4,-4,1.25,3,-1.5
59,4,-4,1.25,3,-2
41,4,-4,1.25,4,-0.5
22,4,-4,1.25,4,-1
26,4,-4,1.25,4,-1.5
24,4,-4,1.25,4,-2
69,4,-4,1.25,5,-0.5
30,4,-4,1.25,5,-1
74,4,-4,1.25,5,-1.5
35,4,-4,1.25,5,-2
57,4,-4,1.75,1,-0.5
82,4,-4,1.75,1,-1
30,4,-4,1.75,1,-1.5
43,4,-4,1.75,1,-2
38,4,-4,1.75,2,-0.5
24,4,-4,1.75,2,-1
37,4,-4,1.75,2,-1.5
51,4,-4,1.75,2,-2
60,4,-4,1.75,3,-0.5
48,4,-4,1.75,3,-1
61,4,-4,1.75,3,-1.5
51,4,-4,1.75,3,-2
28,4,-4,1.75,4,-0.5
51,4,-4,1.75,4,-1
35,4,-4,1.75,4,-1.5
33,4,-4,1.75,4,-2
71,4,-4,1.75,5,-0.5
18,4,-4,1.75,5,-1
26,4,-4,1.75,5,-1.5
21,4,-4,1.75,5,-2
377,4,-5,0.25,1,-0.5
293,4,-5,0.25,1,-1
511,4,-5,0.25,1,-1.5
111,4,-5,0.25,1,-2
414,4,-5,0.25,2,-0.5
242,4,-5,0.25,2,-1
247,4,-5,0.25,2,-1.5
97,4,-5,0.25,2,-2
253,4,-5,0.25,3,-0.5
523,4,-5,0.25,3,-1
517,4,-5,0.25,3,-1.5
124,4,-5,0.25,3,-2
357,4,-5,0.25,4,-0.5
523,4,-5,0.25,4,-1
254,4,-5,0.25,4,-1.5
191,4,-5,0.25,4,-2
409,4,-5,0.25,5,-0.5
32,4,-5,0.25,5,-1
288,4,-5,0.25,5,-1.5
315,4,-5,0.25,5,-2
198,4,-5,0.75,1,-0.5
262,4,-5,0.75,1,-1
50,4,-5,0.75,1,-1.5
30,4,-5,0.75,1,-2
233,4,-5,0.75,2,-0.5
299,4,-5,0.75,2,-1
117,4,-5,0.75,2,-1.5
46,4,-5,0.75,2,-2
405,4,-5,0.75,3,-0.5
82,4,-5,0.75,3,-1
226,4,-5,0.75,3,-1.5
42,4,-5,0.75,3,-2
427,4,-5,0.75,4,-0.5
117,4,-5,0.75,4,-1
149,4,-5,0.75,4,-1.5
52,4,-5,0.75,4,-2
331,4,-5,0.75,5,-0.5
181,4,-5,0.75,5,-1
33,4,-5,0.75,5,-1.5
49,4,-5,0.75,5,-2
45,4,-5,1.25,1,-0.5
49,4,-5,1.25,1,-1
31,4,-5,1.25,1,-1.5
52,4,-5,1.25,1,-2
47,4,-5,1.25,2,-0.5
50,4,-5,1.25,2,-1
40,4,-5,1.25,2,-1.5
75,4,-5,1.25,2,-2
29,4,-5,1.25,3,-0.5
70,4,-5,1.25,3,-1
42,4,-5,1.25,3,-1.5
56,4,-5,1.25,3,-2
88,4,-5,1.25,4,-0.5
30,4,-5,1.25,4,-1
405,4,-5,1.25,4,-1.5
15,4,-5,1.25,4,-2
99,4,-5,1.25,5,-0.5
125,4,-5,1.25,5,-1
37,4,-5,1.25,5,-1.5
25,4,-5,1.25,5,-2
57,4,-5,1.75,1,-0.5
64,4,-5,1.75,1,-1
59,4,-5,1.75,1,-1.5
90,4,-5,1.75,1,-2
47,4,-5,1.75,2,-0.5
85,4,-5,1.75,2,-1
34,4,-5,1.75,2,-1.5
138,4,-5,1.75,2,-2
40,4,-5,1.75,3,-0.5
54,4,-5,1.75,3,-1
39,4,-5,1.75,3,-1.5
28,4,-5,1.75,3,-2
317,4,-5,1.75,4,-0.5
49,4,-5,1.75,4,-1
20,4,-5,1.75,4,-1.5
15,4,-5,1.75,4,-2
57,4,-5,1.75,5,-0.5
25,4,-5,1.75,5,-1
13,4,-5,1.75,5,-1.5
65,4,-5,1.75,5,-2
201,5,-1,0.25,1,-0.5
142,5,-1,0.25,1,-1
121,5,-1,0.25,1,-1.5
103,5,-1,0.25,1,-2
313,5,-1,0.25,2,-0.5
145,5,-1,0.25,2,-1
145,5,-1,0.25,2,-1.5
77,5,-1,0.25,2,-2
191,5,-1,0.25,3,-0.5
111,5,-1,0.25,3,-1
133,5,-1,0.25,3,-1.5
113,5,-1,0.25,3,-2
117,5,-1,0.25,4,-0.5
154,5,-1,0.25,4,-1
80,5,-1,0.25,4,-1.5
84,5,-1,0.25,4,-2
154,5,-1,0.25,5,-0.5
253,5,-1,0.25,5,-1
87,5,-1,0.25,5,-1.5
107,5,-1,0.25,5,-2
168,5,-1,0.75,1,-0.5
126,5,-1,0.75,1,-1
99,5,-1,0.75,1,-1.5
90,5,-1,0.75,1,-2
111,5,-1,0.75,2,-0.5
121,5,-1,0.75,2,-1
61,5,-1,0.75,2,-1.5
79,5,-1,0.75,2,-2
121,5,-1,0.75,3,-0.5
116,5,-1,0.75,3,-1
81,5,-1,0.75,3,-1.5
73,5,-1,0.75,3,-2
140,5,-1,0.75,4,-0.5
164,5,-1,0.75,4,-1
65,5,-1,0.75,4,-1.5
69,5,-1,0.75,4,-2
124,5,-1,0.75,5,-0.5
99,5,-1,0.75,5,-1
66,5,-1,0.75,5,-1.5
84,5,-1,0.75,5,-2
130,5,-1,1.25,1,-0.5
126,5,-1,1.25,1,-1
96,5,-1,1.25,1,-1.5
81,5,-1,1.25,1,-2
67,5,-1,1.25,2,-0.5
88,5,-1,1.25,2,-1
86,5,-1,1.25,2,-1.5
60,5,-1,1.25,2,-2
110,5,-1,1.25,3,-0.5
72,5,-1,1.25,3,-1
93,5,-1,1.25,3,-1.5
51,5,-1,1.25,3,-2
105,5,-1,1.25,4,-0.5
63,5,-1,1.25,4,-1
60,5,-1,1.25,4,-1.5
51,5,-1,1.25,4,-2
99,5,-1,1.25,5,-0.5
72,5,-1,1.25,5,-1
59,5,-1,1.25,5,-1.5
49,5,-1,1.25,5,-2
129,5,-1,1.75,1,-0.5
107,5,-1,1.75,1,-1
70,5,-1,1.75,1,-1.5
104,5,-1,1.75,1,-2
131,5,-1,1.75,2,-0.5
75,5,-1,1.75,2,-1
92,5,-1,1.75,2,-1.5
70,5,-1,1.75,2,-2
129,5,-1,1.75,3,-0.5
79,5,-1,1.75,3,-1
74,5,-1,1.75,3,-1.5
63,5,-1,1.75,3,-2
85,5,-1,1.75,4,-0.5
89,5,-1,1.75,4,-1
71,5,-1,1.75,4,-1.5
74,5,-1,1.75,4,-2
86,5,-1,1.75,5,-0.5
46,5,-1,1.75,5,-1
80,5,-1,1.75,5,-1.5
55,5,-1,1.75,5,-2
127,5,-2,0.25,1,-0.5
134,5,-2,0.25,1,-1
412,5,-2,0.25,1,-1.5
107,5,-2,0.25,1,-2
230,5,-2,0.25,2,-0.5
203,5,-2,0.25,2,-1
252,5,-2,0.25,2,-1.5
518,5,-2,0.25,2,-2
93,5,-2,0.25,3,-0.5
150,5,-2,0.25,3,-1
131,5,-2,0.25,3,-1.5
94,5,-2,0.25,3,-2
160,5,-2,0.25,4,-0.5
142,5,-2,0.25,4,-1
446,5,-2,0.25,4,-1.5
219,5,-2,0.25,4,-2
406,5,-2,0.25,5,-0.5
92,5,-2,0.25,5,-1
142,5,-2,0.25,5,-1.5
192,5,-2,0.25,5,-2
127,5,-2,0.75,1,-0.5
237,5,-2,0.75,1,-1
397,5,-2,0.75,1,-1.5
51,5,-2,0.75,1,-2
88,5,-2,0.75,2,-0.5
119,5,-2,0.75,2,-1
119,5,-2,0.75,2,-1.5
88,5,-2,0.75,2,-2
42,5,-2,0.75,3,-0.5
74,5,-2,0.75,3,-1
54,5,-2,0.75,3,-1.5
74,5,-2,0.75,3,-2
412,5,-2,0.75,4,-0.5
77,5,-2,0.75,4,-1
110,5,-2,0.75,4,-1.5
18,5,-2,0.75,4,-2
84,5,-2,0.75,5,-0.5
83,5,-2,0.75,5,-1
59,5,-2,0.75,5,-1.5
71,5,-2,0.75,5,-2
71,5,-2,1.25,1,-0.5
86,5,-2,1.25,1,-1
83,5,-2,1.25,1,-1.5
36,5,-2,1.25,1,-2
90,5,-2,1.25,2,-0.5
72,5,-2,1.25,2,-1
72,5,-2,1.25,2,-1.5
68,5,-2,1.25,2,-2
82,5,-2,1.25,3,-0.5
57,5,-2,1.25,3,-1
38,5,-2,1.25,3,-1.5
37,5,-2,1.25,3,-2
46,5,-2,1.25,4,-0.5
43,5,-2,1.25,4,-1
40,5,-2,1.25,4,-1.5
26,5,-2,1.25,4,-2
31,5,-2,1.25,5,-0.5
61,5,-2,1.25,5,-1
68,5,-2,1.25,5,-1.5
52,5,-2,1.25,5,-2
97,5,-2,1.75,1,-0.5
58,5,-2,1.75,1,-1
79,5,-2,1.75,1,-1.5
62,5,-2,1.75,1,-2
92,5,-2,1.75,2,-0.5
74,5,-2,1.75,2,-1
82,5,-2,1.75,2,-1.5
33,5,-2,1.75,2,-2
81,5,-2,1.75,3,-0.5
40,5,-2,1.75,3,-1
66,5,-2,1.75,3,-1.5
34,5,-2,1.75,3,-2
29,5,-2,1.75,4,-0.5
68,5,-2,1.75,4,-1
43,5,-2,1.75,4,-1.5
33,5,-2,1.75,4,-2
88,5,-2,1.75,5,-0.5
36,5,-2,1.75,5,-1
55,5,-2,1.75,5,-1.5
37,5,-2,1.75,5,-2
526,5,-3,0.25,1,-0.5
275,5,-3,0.25,1,-1
342,5,-3,0.25,1,-1.5
411,5,-3,0.25,1,-2
278,5,-3,0.25,2,-0.5
277,5,-3,0.25,2,-1
175,5,-3,0.25,2,-1.5
145,5,-3,0.25,2,-2
265,5,-3,0.25,3,-0.5
259,5,-3,0.25,3,-1
400,5,-3,0.25,3,-1.5
96,5,-3,0.25,3,-2
212,5,-3,0.25,4,-0.5
527,5,-3,0.25,4,-1
480,5,-3,0.25,4,-1.5
346,5,-3,0.25,4,-2
160,5,-3,0.25,5,-0.5
96,5,-3,0.25,5,-1
182,5,-3,0.25,5,-1.5
119,5,-3,0.25,5,-2
95,5,-3,0.75,1,-0.5
179,5,-3,0.75,1,-1
39,5,-3,0.75,1,-1.5
83,5,-3,0.75,1,-2
61,5,-3,0.75,2,-0.5
151,5,-3,0.75,2,-1
127,5,-3,0.75,2,-1.5
34,5,-3,0.75,2,-2
56,5,-3,0.75,3,-0.5
48,5,-3,0.75,3,-1
89,5,-3,0.75,3,-1.5
114,5,-3,0.75,3,-2
127,5,-3,0.75,4,-0.5
87,5,-3,0.75,4,-1
212,5,-3,0.75,4,-1.5
80,5,-3,0.75,4,-2
159,5,-3,0.75,5,-0.5
121,5,-3,0.75,5,-1
138,5,-3,0.75,5,-1.5
68,5,-3,0.75,5,-2
97,5,-3,1.25,1,-0.5
64,5,-3,1.25,1,-1
185,5,-3,1.25,1,-1.5
74,5,-3,1.25,1,-2
55,5,-3,1.25,2,-0.5
83,5,-3,1.25,2,-1
32,5,-3,1.25,2,-1.5
28,5,-3,1.25,2,-2
59,5,-3,1.25,3,-0.5
55,5,-3,1.25,3,-1
50,5,-3,1.25,3,-1.5
23,5,-3,1.25,3,-2
52,5,-3,1.25,4,-0.5
52,5,-3,1.25,4,-1
80,5,-3,1.25,4,-1.5
23,5,-3,1.25,4,-2
26,5,-3,1.25,5,-0.5
36,5,-3,1.25,5,-1
453,5,-3,1.25,5,-1.5
38,5,-3,1.25,5,-2
65,5,-3,1.75,1,-0.5
78,5,-3,1.75,1,-1
36,5,-3,1.75,1,-1.5
30,5,-3,1.75,1,-2
71,5,-3,1.75,2,-0.5
37,5,-3,1.75,2,-1
36,5,-3,1.75,2,-1.5
24,5,-3,1.75,2,-2
57,5,-3,1.75,3,-0.5
30,5,-3,1.75,3,-1
31,5,-3,1.75,3,-1.5
41,5,-3,1.75,3,-2
54,5,-3,1.75,4,-0.5
99,5,-3,1.75,4,-1
46,5,-3,1.75,4,-1.5
29,5,-3,1.75,4,-2
33,5,-3,1.75,5,-0.5
50,5,-3,1.75,5,-1
33,5,-3,1.75,5,-1.5
24,5,-3,1.75,5,-2
240,5,-4,0.25,1,-0.5
255,5,-4,0.25,1,-1
200,5,-4,0.25,1,-1.5
159,5,-4,0.25,1,-2
447,5,-4,0.25,2,-0.5
411,5,-4,0.25,2,-1
166,5,-4,0.25,2,-1.5
135,5,-4,0.25,2,-2
348,5,-4,0.25,3,-0.5
169,5,-4,0.25,3,-1
183,5,-4,0.25,3,-1.5
231,5,-4,0.25,3,-2
502,5,-4,0.25,4,-0.5
518,5,-4,0.25,4,-1
177,5,-4,0.25,4,-1.5
130,5,-4,0.25,4,-2
360,5,-4,0.25,5,-0.5
393,5,-4,0.25,5,-1
202,5,-4,0.25,5,-1.5
56,5,-4,0.25,5,-2
493,5,-4,0.75,1,-0.5
165,5,-4,0.75,1,-1
81,5,-4,0.75,1,-1.5
40,5,-4,0.75,1,-2
270,5,-4,0.75,2,-0.5
96,5,-4,0.75,2,-1
71,5,-4,0.75,2,-1.5
83,5,-4,0.75,2,-2
147,5,-4,0.75,3,-0.5
204,5,-4,0.75,3,-1
91,5,-4,0.75,3,-1.5
61,5,-4,0.75,3,-2
32,5,-4,0.75,4,-0.5
188,5,-4,0.75,4,-1
158,5,-4,0.75,4,-1.5
133,5,-4,0.75,4,-2
331,5,-4,0.75,5,-0.5
411,5,-4,0.75,5,-1
181,5,-4,0.75,5,-1.5
441,5,-4,0.75,5,-2
172,5,-4,1.25,1,-0.5
158,5,-4,1.25,1,-1
76,5,-4,1.25,1,-1.5
61,5,-4,1.25,1,-2
71,5,-4,1.25,2,-0.5
79,5,-4,1.25,2,-1
45,5,-4,1.25,2,-1.5
66,5,-4,1.25,2,-2
77,5,-4,1.25,3,-0.5
69,5,-4,1.25,3,-1
63,5,-4,1.25,3,-1.5
34,5,-4,1.25,3,-2
64,5,-4,1.25,4,-0.5
148,5,-4,1.25,4,-1
59,5,-4,1.25,4,-1.5
22,5,-4,1.25,4,-2
41,5,-4,1.25,5,-0.5
51,5,-4,1.25,5,-1
39,5,-4,1.25,5,-1.5
22,5,-4,1.25,5,-2
52,5,-4,1.75,1,-0.5
51,5,-4,1.75,1,-1
28,5,-4,1.75,1,-1.5
24,5,-4,1.75,1,-2
47,5,-4,1.75,2,-0.5
60,5,-4,1.75,2,-1
78,5,-4,1.75,2,-1.5
17,5,-4,1.75,2,-2
43,5,-4,1.75,3,-0.5
554,5,-4,1.75,3,-1
71,5,-4,1.75,3,-1.5
28,5,-4,1.75,3,-2
73,5,-4,1.75,4,-0.5
554,5,-4,1.75,4,-1
35,5,-4,1.75,4,-1.5
35,5,-4,1.75,4,-2
38,5,-4,1.75,5,-0.5
554,5,-4,1.75,5,-1
26,5,-4,1.75,5,-1.5
33,5,-4,1.75,5,-2
265,5,-5,0.25,1,-0.5
526,5,-5,0.25,1,-1
223,5,-5,0.25,1,-1.5
229,5,-5,0.25,1,-2
284,5,-5,0.25,2,-0.5
261,5,-5,0.25,2,-1
479,5,-5,0.25,2,-1.5
166,5,-5,0.25,2,-2
322,5,-5,0.25,3,-0.5
479,5,-5,0.25,3,-1
478,5,-5,0.25,3,-1.5
367,5,-5,0.25,3,-2
436,5,-5,0.25,4,-0.5
523,5,-5,0.25,4,-1
522,5,-5,0.25,4,-1.5
87,5,-5,0.25,4,-2
502,5,-5,0.25,5,-0.5
523,5,-5,0.25,5,-1
178,5,-5,0.25,5,-1.5
166,5,-5,0.25,5,-2
263,5,-5,0.75,1,-0.5
111,5,-5,0.75,1,-1
212,5,-5,0.75,1,-1.5
242,5,-5,0.75,1,-2
175,5,-5,0.75,2,-0.5
239,5,-5,0.75,2,-1
125,5,-5,0.75,2,-1.5
88,5,-5,0.75,2,-2
303,5,-5,0.75,3,-0.5
71,5,-5,0.75,3,-1
234,5,-5,0.75,3,-1.5
516,5,-5,0.75,3,-2
586,5,-5,0.75,4,-0.5
303,5,-5,0.75,4,-1
112,5,-5,0.75,4,-1.5
516,5,-5,0.75,4,-2
65,5,-5,0.75,5,-0.5
233,5,-5,0.75,5,-1
38,5,-5,0.75,5,-1.5
60,5,-5,0.75,5,-2
121,5,-5,1.25,1,-0.5
223,5,-5,1.25,1,-1
110,5,-5,1.25,1,-1.5
61,5,-5,1.25,1,-2
215,5,-5,1.25,2,-0.5
147,5,-5,1.25,2,-1
131,5,-5,1.25,2,-1.5
86,5,-5,1.25,2,-2
41,5,-5,1.25,3,-0.5
38,5,-5,1.25,3,-1
80,5,-5,1.25,3,-1.5
78,5,-5,1.25,3,-2
223,5,-5,1.25,4,-0.5
39,5,-5,1.25,4,-1
70,5,-5,1.25,4,-1.5
16,5,-5,1.25,4,-2
95,5,-5,1.25,5,-0.5
33,5,-5,1.25,5,-1
168,5,-5,1.25,5,-1.5
72,5,-5,1.25,5,-2
60,5,-5,1.75,1,-0.5
39,5,-5,1.75,1,-1
61,5,-5,1.75,1,-1.5
36,5,-5,1.75,1,-2
33,5,-5,1.75,2,-0.5
110,5,-5,1.75,2,-1
44,5,-5,1.75,2,-1.5
33,5,-5,1.75,2,-2
256,5,-5,1.75,3,-0.5
62,5,-5,1.75,3,-1
120,5,-5,1.75,3,-1.5
80,5,-5,1.75,3,-2
166,5,-5,1.75,4,-0.5
41,5,-5,1.75,4,-1
551,5,-5,1.75,4,-1.5
27,5,-5,1.75,4,-2
163,5,-5,1.75,5,-0.5
52,5,-5,1.75,5,-1
551,5,-5,1.75,5,-1.5
47,5,-5,1.75,5,-2
