60,1,-1,0.25,1,-0.5
40,1,-1,0.25,1,-1
33,1,-1,0.25,1,-1.5
32,1,-1,0.25,1,-2
51,1,-1,0.25,2,-0.5
37,1,-1,0.25,2,-1
47,1,-1,0.25,2,-1.5
47,1,-1,0.25,2,-2
243,1,-1,0.25,3,-0.5
62,1,-1,0.25,3,-1
48,1,-1,0.25,3,-1.5
32,1,-1,0.25,3,-2
50,1,-1,0.25,4,-0.5
62,1,-1,0.25,4,-1
52,1,-1,0.25,4,-1.5
32,1,-1,0.25,4,-2
39,1,-1,0.25,5,-0.5
76,1,-1,0.25,5,-1
57,1,-1,0.25,5,-1.5
43,1,-1,0.25,5,-2
42,1,-1,0.75,1,-0.5
72,1,-1,0.75,1,-1
36,1,-1,0.75,1,-1.5
41,1,-1,0.75,1,-2
47,1,-1,0.75,2,-0.5
64,1,-1,0.75,2,-1
63,1,-1,0.75,2,-1.5
43,1,-1,0.75,2,-2
48,1,-1,0.75,3,-0.5
52,1,-1,0.75,3,-1
42,1,-1,0.75,3,-1.5
78,1,-1,0.75,3,-2
85,1,-1,0.75,4,-0.5
58,1,-1,0.75,4,-1
63,1,-1,0.75,4,-1.5
50,1,-1,0.75,4,-2
63,1,-1,0.75,5,-0.5
75,1,-1,0.75,5,-1
50,1,-1,0.75,5,-1.5
73,1,-1,0.75,5,-2
85,1,-1,1.25,1,-0.5
112,1,-1,1.25,1,-1
111,1,-1,1.25,1,-1.5
82,1,-1,1.25,1,-2
106,1,-1,1.25,2,-0.5
97,1,-1,1.25,2,-1
79,1,-1,1.25,2,-1.5
49,1,-1,1.25,2,-2
119,1,-1,1.25,3,-0.5
97,1,-1,1.25,3,-1
74,1,-1,1.25,3,-1.5
87,1,-1,1.25,3,-2
87,1,-1,1.25,4,-0.5
100,1,-1,1.25,4,-1
103,1,-1,1.25,4,-1.5
95,1,-1,1.25,4,-2
127,1,-1,1.25,5,-0.5
120,1,-1,1.25,5,-1
80,1,-1,1.25,5,-1.5
116,1,-1,1.25,5,-2
154,1,-1,1.75,1,-0.5
155,1,-1,1.75,1,-1
132,1,-1,1.75,1,-1.5
127,1,-1,1.75,1,-2
159,1,-1,1.75,2,-0.5
122,1,-1,1.75,2,-1
125,1,-1,1.75,2,-1.5
144,1,-1,1.75,2,-2
138,1,-1,1.75,3,-0.5
123,1,-1,1.75,3,-1
94,1,-1,1.75,3,-1.5
100,1,-1,1.75,3,-2
119,1,-1,1.75,4,-0.5
118,1,-1,1.75,4,-1
126,1,-1,1.75,4,-1.5
96,1,-1,1.75,4,-2
160,1,-1,1.75,5,-0.5
120,1,-1,1.75,5,-1
123,1,-1,1.75,5,-1.5
135,1,-1,1.75,5,-2
73,1,-2,0.25,1,-0.5
99,1,-2,0.25,1,-1
107,1,-2,0.25,1,-1.5
23,1,-2,0.25,1,-2
18,1,-2,0.25,2,-0.5
167,1,-2,0.25,2,-1
60,1,-2,0.25,2,-1.5
74,1,-2,0.25,2,-2
373,1,-2,0.25,3,-0.5
266,1,-2,0.25,3,-1
57,1,-2,0.25,3,-1.5
46,1,-2,0.25,3,-2
90,1,-2,0.25,4,-0.5
100,1,-2,0.25,4,-1
128,1,-2,0.25,4,-1.5
55,1,-2,0.25,4,-2
34,1,-2,0.25,5,-0.5
190,1,-2,0.25,5,-1
28,1,-2,0.25,5,-1.5
36,1,-2,0.25,5,-2
26,1,-2,0.75,1,-0.5
28,1,-2,0.75,1,-1
63,1,-2,0.75,1,-1.5
30,1,-2,0.75,1,-2
24,1,-2,0.75,2,-0.5
42,1,-2,0.75,2,-1
34,1,-2,0.75,2,-1.5
25,1,-2,0.75,2,-2
32,1,-2,0.75,3,-0.5
24,1,-2,0.75,3,-1
21,1,-2,0.75,3,-1.5
32,1,-2,0.75,3,-2
30,1,-2,0.75,4,-0.5
75,1,-2,0.75,4,-1
40,1,-2,0.75,4,-1.5
68,1,-2,0.75,4,-2
37,1,-2,0.75,5,-0.5
54,1,-2,0.75,5,-1
43,1,-2,0.75,5,-1.5
47,1,-2,0.75,5,-2
72,1,-2,1.25,1,-0.5
56,1,-2,1.25,1,-1
60,1,-2,1.25,1,-1.5
57,1,-2,1.25,1,-2
76,1,-2,1.25,2,-0.5
30,1,-2,1.25,2,-1
75,1,-2,1.25,2,-1.5
47,1,-2,1.25,2,-2
65,1,-2,1.25,3,-0.5
64,1,-2,1.25,3,-1
60,1,-2,1.25,3,-1.5
54,1,-2,1.25,3,-2
64,1,-2,1.25,4,-0.5
40,1,-2,1.25,4,-1
54,1,-2,1.25,4,-1.5
65,1,-2,1.25,4,-2
74,1,-2,1.25,5,-0.5
61,1,-2,1.25,5,-1
65,1,-2,1.25,5,-1.5
55,1,-2,1.25,5,-2
110,1,-2,1.75,1,-0.5
88,1,-2,1.75,1,-1
99,1,-2,1.75,1,-1.5
88,1,-2,1.75,1,-2
103,1,-2,1.75,2,-0.5
89,1,-2,1.75,2,-1
90,1,-2,1.75,2,-1.5
75,1,-2,1.75,2,-2
116,1,-2,1.75,3,-0.5
114,1,-2,1.75,3,-1
66,1,-2,1.75,3,-1.5
61,1,-2,1.75,3,-2
116,1,-2,1.75,4,-0.5
82,1,-2,1.75,4,-1
68,1,-2,1.75,4,-1.5
70,1,-2,1.75,4,-2
111,1,-2,1.75,5,-0.5
92,1,-2,1.75,5,-1
72,1,-2,1.75,5,-1.5
75,1,-2,1.75,5,-2
59,1,-3,0.25,1,-0.5
59,1,-3,0.25,1,-1
164,1,-3,0.25,1,-1.5
221,1,-3,0.25,1,-2
57,1,-3,0.25,2,-0.5
90,1,-3,0.25,2,-1
208,1,-3,0.25,2,-1.5
21,1,-3,0.25,2,-2
393,1,-3,0.25,3,-0.5
241,1,-3,0.25,3,-1
83,1,-3,0.25,3,-1.5
91,1,-3,0.25,3,-2
146,1,-3,0.25,4,-0.5
111,1,-3,0.25,4,-1
49,1,-3,0.25,4,-1.5
51,1,-3,0.25,4,-2
212,1,-3,0.25,5,-0.5
353,1,-3,0.25,5,-1
206,1,-3,0.25,5,-1.5
51,1,-3,0.25,5,-2
28,1,-3,0.75,1,-0.5
41,1,-3,0.75,1,-1
26,1,-3,0.75,1,-1.5
63,1,-3,0.75,1,-2
20,1,-3,0.75,2,-0.5
184,1,-3,0.75,2,-1
27,1,-3,0.75,2,-1.5
42,1,-3,0.75,2,-2
47,1,-3,0.75,3,-0.5
32,1,-3,0.75,3,-1
20,1,-3,0.75,3,-1.5
46,1,-3,0.75,3,-2
20,1,-3,0.75,4,-0.5
51,1,-3,0.75,4,-1
93,1,-3,0.75,4,-1.5
29,1,-3,0.75,4,-2
88,1,-3,0.75,5,-0.5
69,1,-3,0.75,5,-1
33,1,-3,0.75,5,-1.5
46,1,-3,0.75,5,-2
53,1,-3,1.25,1,-0.5
31,1,-3,1.25,1,-1
30,1,-3,1.25,1,-1.5
41,1,-3,1.25,1,-2
58,1,-3,1.25,2,-0.5
30,1,-3,1.25,2,-1
35,1,-3,1.25,2,-1.5
24,1,-3,1.25,2,-2
29,1,-3,1.25,3,-0.5
40,1,-3,1.25,3,-1
43,1,-3,1.25,3,-1.5
28,1,-3,1.25,3,-2
53,1,-3,1.25,4,-0.5
28,1,-3,1.25,4,-1
34,1,-3,1.25,4,-1.5
55,1,-3,1.25,4,-2
61,1,-3,1.25,5,-0.5
36,1,-3,1.25,5,-1
82,1,-3,1.25,5,-1.5
46,1,-3,1.25,5,-2
77,1,-3,1.75,1,-0.5
92,1,-3,1.75,1,-1
72,1,-3,1.75,1,-1.5
72,1,-3,1.75,1,-2
92,1,-3,1.75,2,-0.5
58,1,-3,1.75,2,-1
56,1,-3,1.75,2,-1.5
58,1,-3,1.75,2,-2
84,1,-3,1.75,3,-0.5
69,1,-3,1.75,3,-1
61,1,-3,1.75,3,-1.5
53,1,-3,1.75,3,-2
86,1,-3,1.75,4,-0.5
54,1,-3,1.75,4,-1
39,1,-3,1.75,4,-1.5
45,1,-3,1.75,4,-2
51,1,-3,1.75,5,-0.5
69,1,-3,1.75,5,-1
47,1,-3,1.75,5,-1.5
39,1,-3,1.75,5,-2
216,1,-4,0.25,1,-0.5
283,1,-4,0.25,1,-1
180,1,-4,0.25,1,-1.5
63,1,-4,0.25,1,-2
313,1,-4,0.25,2,-0.5
269,1,-4,0.25,2,-1
386,1,-4,0.25,2,-1.5
145,1,-4,0.25,2,-2
131,1,-4,0.25,3,-0.5
127,1,-4,0.25,3,-1
25,1,-4,0.25,3,-1.5
240,1,-4,0.25,3,-2
139,1,-4,0.25,4,-0.5
56,1,-4,0.25,4,-1
34,1,-4,0.25,4,-1.5
157,1,-4,0.25,4,-2
236,1,-4,0.25,5,-0.5
79,1,-4,0.25,5,-1
197,1,-4,0.25,5,-1.5
297,1,-4,0.25,5,-2
85,1,-4,0.75,1,-0.5
24,1,-4,0.75,1,-1
34,1,-4,0.75,1,-1.5
43,1,-4,0.75,1,-2
90,1,-4,0.75,2,-0.5
190,1,-4,0.75,2,-1
26,1,-4,0.75,2,-1.5
22,1,-4,0.75,2,-2
43,1,-4,0.75,3,-0.5
22,1,-4,0.75,3,-1
81,1,-4,0.75,3,-1.5
14,1,-4,0.75,3,-2
61,1,-4,0.75,4,-0.5
255,1,-4,0.75,4,-1
16,1,-4,0.75,4,-1.5
35,1,-4,0.75,4,-2
111,1,-4,0.75,5,-0.5
123,1,-4,0.75,5,-1
18,1,-4,0.75,5,-1.5
154,1,-4,0.75,5,-2
37,1,-4,1.25,1,-0.5
45,1,-4,1.25,1,-1
56,1,-4,1.25,1,-1.5
23,1,-4,1.25,1,-2
34,1,-4,1.25,2,-0.5
20,1,-4,1.25,2,-1
31,1,-4,1.25,2,-1.5
38,1,-4,1.25,2,-2
60,1,-4,1.25,3,-0.5
32,1,-4,1.25,3,-1
36,1,-4,1.25,3,-1.5
27,1,-4,1.25,3,-2
33,1,-4,1.25,4,-0.5
32,1,-4,1.25,4,-1
40,1,-4,1.25,4,-1.5
46,1,-4,1.25,4,-2
53,1,-4,1.25,5,-0.5
36,1,-4,1.25,5,-1
41,1,-4,1.25,5,-1.5
23,1,-4,1.25,5,-2
61,1,-4,1.75,1,-0.5
27,1,-4,1.75,1,-1
50,1,-4,1.75,1,-1.5
65,1,-4,1.75,1,-2
64,1,-4,1.75,2,-0.5
41,1,-4,1.75,2,-1
58,1,-4,1.75,2,-1.5
37,1,-4,1.75,2,-2
51,1,-4,1.75,3,-0.5
27,1,-4,1.75,3,-1
47,1,-4,1.75,3,-1.5
33,1,-4,1.75,3,-2
65,1,-4,1.75,4,-0.5
76,1,-4,1.75,4,-1
49,1,-4,1.75,4,-1.5
24,1,-4,1.75,4,-2
39,1,-4,1.75,5,-0.5
41,1,-4,1.75,5,-1
24,1,-4,1.75,5,-1.5
46,1,-4,1.75,5,-2
91,1,-5,0.25,1,-0.5
450,1,-5,0.25,1,-1
200,1,-5,0.25,1,-1.5
76,1,-5,0.25,1,-2
87,1,-5,0.25,2,-0.5
452,1,-5,0.25,2,-1
134,1,-5,0.25,2,-1.5
339,1,-5,0.25,2,-2
79,1,-5,0.25,3,-0.5
452,1,-5,0.25,3,-1
171,1,-5,0.25,3,-1.5
71,1,-5,0.25,3,-2
108,1,-5,0.25,4,-0.5
121,1,-5,0.25,4,-1
130,1,-5,0.25,4,-1.5
237,1,-5,0.25,4,-2
126,1,-5,0.25,5,-0.5
28,1,-5,0.25,5,-1
150,1,-5,0.25,5,-1.5
99,1,-5,0.25,5,-2
70,1,-5,0.75,1,-0.5
158,1,-5,0.75,1,-1
38,1,-5,0.75,1,-1.5
38,1,-5,0.75,1,-2
149,1,-5,0.75,2,-0.5
100,1,-5,0.75,2,-1
85,1,-5,0.75,2,-1.5
110,1,-5,0.75,2,-2
200,1,-5,0.75,3,-0.5
114,1,-5,0.75,3,-1
35,1,-5,0.75,3,-1.5
39,1,-5,0.75,3,-2
38,1,-5,0.75,4,-0.5
209,1,-5,0.75,4,-1
96,1,-5,0.75,4,-1.5
34,1,-5,0.75,4,-2
79,1,-5,0.75,5,-0.5
54,1,-5,0.75,5,-1
27,1,-5,0.75,5,-1.5
29,1,-5,0.75,5,-2
236,1,-5,1.25,1,-0.5
27,1,-5,1.25,1,-1
32,1,-5,1.25,1,-1.5
37,1,-5,1.25,1,-2
85,1,-5,1.25,2,-0.5
74,1,-5,1.25,2,-1
36,1,-5,1.25,2,-1.5
32,1,-5,1.25,2,-2
59,1,-5,1.25,3,-0.5
52,1,-5,1.25,3,-1
26,1,-5,1.25,3,-1.5
30,1,-5,1.25,3,-2
23,1,-5,1.25,4,-0.5
75,1,-5,1.25,4,-1
61,1,-5,1.25,4,-1.5
35,1,-5,1.25,4,-2
43,1,-5,1.25,5,-0.5
51,1,-5,1.25,5,-1
24,1,-5,1.25,5,-1.5
49,1,-5,1.25,5,-2
57,1,-5,1.75,1,-0.5
32,1,-5,1.75,1,-1
55,1,-5,1.75,1,-1.5
26,1,-5,1.75,1,-2
54,1,-5,1.75,2,-0.5
90,1,-5,1.75,2,-1
21,1,-5,1.75,2,-1.5
32,1,-5,1.75,2,-2
89,1,-5,1.75,3,-0.5
80,1,-5,1.75,3,-1
31,1,-5,1.75,3,-1.5
33,1,-5,1.75,3,-2
52,1,-5,1.75,4,-0.5
43,1,-5,1.75,4,-1
44,1,-5,1.75,4,-1.5
38,1,-5,1.75,4,-2
83,1,-5,1.75,5,-0.5
37,1,-5,1.75,5,-1
40,1,-5,1.75,5,-1.5
41,1,-5,1.75,5,-2
196,2,-1,0.25,1,-0.5
108,2,-1,0.25,1,-1
50,2,-1,0.25,1,-1.5
23,2,-1,0.25,1,-2
78,2,-1,0.25,2,-0.5
35,2,-1,0.25,2,-1
62,2,-1,0.25,2,-1.5
24,2,-1,0.25,2,-2
80,2,-1,0.25,3,-0.5
27,2,-1,0.25,3,-1
26,2,-1,0.25,3,-1.5
69,2,-1,0.25,3,-2
69,2,-1,0.25,4,-0.5
102,2,-1,0.25,4,-1
20,2,-1,0.25,4,-1.5
53,2,-1,0.25,4,-2
54,2,-1,0.25,5,-0.5
65,2,-1,0.25,5,-1
29,2,-1,0.25,5,-1.5
74,2,-1,0.25,5,-2
58,2,-1,0.75,1,-0.5
46,2,-1,0.75,1,-1
54,2,-1,0.75,1,-1.5
29,2,-1,0.75,1,-2
60,2,-1,0.75,2,-0.5
57,2,-1,0.75,2,-1
33,2,-1,0.75,2,-1.5
21,2,-1,0.75,2,-2
76,2,-1,0.75,3,-0.5
64,2,-1,0.75,3,-1
48,2,-1,0.75,3,-1.5
49,2,-1,0.75,3,-2
70,2,-1,0.75,4,-0.5
52,2,-1,0.75,4,-1
55,2,-1,0.75,4,-1.5
43,2,-1,0.75,4,-2
56,2,-1,0.75,5,-0.5
64,2,-1,0.75,5,-1
26,2,-1,0.75,5,-1.5
34,2,-1,0.75,5,-2
103,2,-1,1.25,1,-0.5
63,2,-1,1.25,1,-1
74,2,-1,1.25,1,-1.5
78,2,-1,1.25,1,-2
128,2,-1,1.25,2,-0.5
72,2,-1,1.25,2,-1
69,2,-1,1.25,2,-1.5
61,2,-1,1.25,2,-2
82,2,-1,1.25,3,-0.5
32,2,-1,1.25,3,-1
68,2,-1,1.25,3,-1.5
39,2,-1,1.25,3,-2
63,2,-1,1.25,4,-0.5
57,2,-1,1.25,4,-1
67,2,-1,1.25,4,-1.5
55,2,-1,1.25,4,-2
65,2,-1,1.25,5,-0.5
64,2,-1,1.25,5,-1
68,2,-1,1.25,5,-1.5
66,2,-1,1.25,5,-2
141,2,-1,1.75,1,-0.5
114,2,-1,1.75,1,-1
125,2,-1,1.75,1,-1.5
87,2,-1,1.75,1,-2
156,2,-1,1.75,2,-0.5
83,2,-1,1.75,2,-1
115,2,-1,1.75,2,-1.5
73,2,-1,1.75,2,-2
107,2,-1,1.75,3,-0.5
100,2,-1,1.75,3,-1
77,2,-1,1.75,3,-1.5
77,2,-1,1.75,3,-2
137,2,-1,1.75,4,-0.5
125,2,-1,1.75,4,-1
94,2,-1,1.75,4,-1.5
95,2,-1,1.75,4,-2
123,2,-1,1.75,5,-0.5
112,2,-1,1.75,5,-1
101,2,-1,1.75,5,-1.5
93,2,-1,1.75,5,-2
223,2,-2,0.25,1,-0.5
284,2,-2,0.25,1,-1
42,2,-2,0.25,1,-1.5
43,2,-2,0.25,1,-2
244,2,-2,0.25,2,-0.5
348,2,-2,0.25,2,-1
105,2,-2,0.25,2,-1.5
54,2,-2,0.25,2,-2
137,2,-2,0.25,3,-0.5
213,2,-2,0.25,3,-1
101,2,-2,0.25,3,-1.5
49,2,-2,0.25,3,-2
43,2,-2,0.25,4,-0.5
128,2,-2,0.25,4,-1
410,2,-2,0.25,4,-1.5
66,2,-2,0.25,4,-2
136,2,-2,0.25,5,-0.5
101,2,-2,0.25,5,-1
42,2,-2,0.25,5,-1.5
83,2,-2,0.25,5,-2
30,2,-2,0.75,1,-0.5
21,2,-2,0.75,1,-1
29,2,-2,0.75,1,-1.5
32,2,-2,0.75,1,-2
29,2,-2,0.75,2,-0.5
17,2,-2,0.75,2,-1
19,2,-2,0.75,2,-1.5
26,2,-2,0.75,2,-2
43,2,-2,0.75,3,-0.5
47,2,-2,0.75,3,-1
142,2,-2,0.75,3,-1.5
36,2,-2,0.75,3,-2
76,2,-2,0.75,4,-0.5
18,2,-2,0.75,4,-1
28,2,-2,0.75,4,-1.5
38,2,-2,0.75,4,-2
29,2,-2,0.75,5,-0.5
41,2,-2,0.75,5,-1
50,2,-2,0.75,5,-1.5
44,2,-2,0.75,5,-2
55,2,-2,1.25,1,-0.5
54,2,-2,1.25,1,-1
24,2,-2,1.25,1,-1.5
42,2,-2,1.25,1,-2
577,2,-2,1.25,2,-0.5
52,2,-2,1.25,2,-1
60,2,-2,1.25,2,-1.5
49,2,-2,1.25,2,-2
62,2,-2,1.25,3,-0.5
60,2,-2,1.25,3,-1
43,2,-2,1.25,3,-1.5
42,2,-2,1.25,3,-2
38,2,-2,1.25,4,-0.5
35,2,-2,1.25,4,-1
21,2,-2,1.25,4,-1.5
52,2,-2,1.25,4,-2
52,2,-2,1.25,5,-0.5
49,2,-2,1.25,5,-1
21,2,-2,1.25,5,-1.5
42,2,-2,1.25,5,-2
94,2,-2,1.75,1,-0.5
77,2,-2,1.75,1,-1
39,2,-2,1.75,1,-1.5
52,2,-2,1.75,1,-2
87,2,-2,1.75,2,-0.5
38,2,-2,1.75,2,-1
60,2,-2,1.75,2,-1.5
40,2,-2,1.75,2,-2
117,2,-2,1.75,3,-0.5
78,2,-2,1.75,3,-1
50,2,-2,1.75,3,-1.5
64,2,-2,1.75,3,-2
89,2,-2,1.75,4,-0.5
65,2,-2,1.75,4,-1
61,2,-2,1.75,4,-1.5
35,2,-2,1.75,4,-2
68,2,-2,1.75,5,-0.5
85,2,-2,1.75,5,-1
78,2,-2,1.75,5,-1.5
57,2,-2,1.75,5,-2
139,2,-3,0.25,1,-0.5
168,2,-3,0.25,1,-1
141,2,-3,0.25,1,-1.5
391,2,-3,0.25,1,-2
160,2,-3,0.25,2,-0.5
97,2,-3,0.25,2,-1
127,2,-3,0.25,2,-1.5
76,2,-3,0.25,2,-2
96,2,-3,0.25,3,-0.5
174,2,-3,0.25,3,-1
132,2,-3,0.25,3,-1.5
63,2,-3,0.25,3,-2
111,2,-3,0.25,4,-0.5
442,2,-3,0.25,4,-1
166,2,-3,0.25,4,-1.5
250,2,-3,0.25,4,-2
196,2,-3,0.25,5,-0.5
122,2,-3,0.25,5,-1
140,2,-3,0.25,5,-1.5
341,2,-3,0.25,5,-2
30,2,-3,0.75,1,-0.5
54,2,-3,0.75,1,-1
53,2,-3,0.75,1,-1.5
538,2,-3,0.75,1,-2
75,2,-3,0.75,2,-0.5
26,2,-3,0.75,2,-1
21,2,-3,0.75,2,-1.5
17,2,-3,0.75,2,-2
21,2,-3,0.75,3,-0.5
35,2,-3,0.75,3,-1
27,2,-3,0.75,3,-1.5
30,2,-3,0.75,3,-2
34,2,-3,0.75,4,-0.5
45,2,-3,0.75,4,-1
46,2,-3,0.75,4,-1.5
23,2,-3,0.75,4,-2
33,2,-3,0.75,5,-0.5
20,2,-3,0.75,5,-1
40,2,-3,0.75,5,-1.5
29,2,-3,0.75,5,-2
63,2,-3,1.25,1,-0.5
29,2,-3,1.25,1,-1
80,2,-3,1.25,1,-1.5
32,2,-3,1.25,1,-2
30,2,-3,1.25,2,-0.5
16,2,-3,1.25,2,-1
29,2,-3,1.25,2,-1.5
36,2,-3,1.25,2,-2
42,2,-3,1.25,3,-0.5
51,2,-3,1.25,3,-1
33,2,-3,1.25,3,-1.5
21,2,-3,1.25,3,-2
25,2,-3,1.25,4,-0.5
43,2,-3,1.25,4,-1
40,2,-3,1.25,4,-1.5
42,2,-3,1.25,4,-2
58,2,-3,1.25,5,-0.5
24,2,-3,1.25,5,-1
29,2,-3,1.25,5,-1.5
52,2,-3,1.25,5,-2
58,2,-3,1.75,1,-0.5
47,2,-3,1.75,1,-1
40,2,-3,1.75,1,-1.5
57,2,-3,1.75,1,-2
57,2,-3,1.75,2,-0.5
51,2,-3,1.75,2,-1
47,2,-3,1.75,2,-1.5
55,2,-3,1.75,2,-2
66,2,-3,1.75,3,-0.5
59,2,-3,1.75,3,-1
36,2,-3,1.75,3,-1.5
46,2,-3,1.75,3,-2
87,2,-3,1.75,4,-0.5
52,2,-3,1.75,4,-1
42,2,-3,1.75,4,-1.5
43,2,-3,1.75,4,-2
52,2,-3,1.75,5,-0.5
32,2,-3,1.75,5,-1
40,2,-3,1.75,5,-1.5
49,2,-3,1.75,5,-2
127,2,-4,0.25,1,-0.5
93,2,-4,0.25,1,-1
176,2,-4,0.25,1,-1.5
123,2,-4,0.25,1,-2
112,2,-4,0.25,2,-0.5
171,2,-4,0.25,2,-1
57,2,-4,0.25,2,-1.5
56,2,-4,0.25,2,-2
39,2,-4,0.25,3,-0.5
153,2,-4,0.25,3,-1
72,2,-4,0.25,3,-1.5
159,2,-4,0.25,3,-2
257,2,-4,0.25,4,-0.5
408,2,-4,0.25,4,-1
89,2,-4,0.25,4,-1.5
524,2,-4,0.25,4,-2
83,2,-4,0.25,5,-0.5
152,2,-4,0.25,5,-1
246,2,-4,0.25,5,-1.5
524,2,-4,0.25,5,-2
208,2,-4,0.75,1,-0.5
32,2,-4,0.75,1,-1
158,2,-4,0.75,1,-1.5
40,2,-4,0.75,1,-2
135,2,-4,0.75,2,-0.5
31,2,-4,0.75,2,-1
63,2,-4,0.75,2,-1.5
65,2,-4,0.75,2,-2
55,2,-4,0.75,3,-0.5
85,2,-4,0.75,3,-1
141,2,-4,0.75,3,-1.5
120,2,-4,0.75,3,-2
30,2,-4,0.75,4,-0.5
251,2,-4,0.75,4,-1
40,2,-4,0.75,4,-1.5
107,2,-4,0.75,4,-2
139,2,-4,0.75,5,-0.5
41,2,-4,0.75,5,-1
338,2,-4,0.75,5,-1.5
29,2,-4,0.75,5,-2
107,2,-4,1.25,1,-0.5
33,2,-4,1.25,1,-1
36,2,-4,1.25,1,-1.5
23,2,-4,1.25,1,-2
53,2,-4,1.25,2,-0.5
54,2,-4,1.25,2,-1
20,2,-4,1.25,2,-1.5
16,2,-4,1.25,2,-2
45,2,-4,1.25,3,-0.5
47,2,-4,1.25,3,-1
97,2,-4,1.25,3,-1.5
21,2,-4,1.25,3,-2
57,2,-4,1.25,4,-0.5
69,2,-4,1.25,4,-1
25,2,-4,1.25,4,-1.5
17,2,-4,1.25,4,-2
70,2,-4,1.25,5,-0.5
24,2,-4,1.25,5,-1
29,2,-4,1.25,5,-1.5
36,2,-4,1.25,5,-2
84,2,-4,1.75,1,-0.5
54,2,-4,1.75,1,-1
35,2,-4,1.75,1,-1.5
54,2,-4,1.75,1,-2
44,2,-4,1.75,2,-0.5
27,2,-4,1.75,2,-1
21,2,-4,1.75,2,-1.5
23,2,-4,1.75,2,-2
52,2,-4,1.75,3,-0.5
31,2,-4,1.75,3,-1
31,2,-4,1.75,3,-1.5
20,2,-4,1.75,3,-2
54,2,-4,1.75,4,-0.5
35,2,-4,1.75,4,-1
38,2,-4,1.75,4,-1.5
41,2,-4,1.75,4,-2
58,2,-4,1.75,5,-0.5
45,2,-4,1.75,5,-1
38,2,-4,1.75,5,-1.5
28,2,-4,1.75,5,-2
230,2,-5,0.25,1,-0.5
162,2,-5,0.25,1,-1
184,2,-5,0.25,1,-1.5
89,2,-5,0.25,1,-2
279,2,-5,0.25,2,-0.5
461,2,-5,0.25,2,-1
36,2,-5,0.25,2,-1.5
55,2,-5,0.25,2,-2
348,2,-5,0.25,3,-0.5
208,2,-5,0.25,3,-1
199,2,-5,0.25,3,-1.5
116,2,-5,0.25,3,-2
92,2,-5,0.25,4,-0.5
146,2,-5,0.25,4,-1
237,2,-5,0.25,4,-1.5
93,2,-5,0.25,4,-2
229,2,-5,0.25,5,-0.5
255,2,-5,0.25,5,-1
73,2,-5,0.25,5,-1.5
150,2,-5,0.25,5,-2
88,2,-5,0.75,1,-0.5
67,2,-5,0.75,1,-1
281,2,-5,0.75,1,-1.5
149,2,-5,0.75,1,-2
241,2,-5,0.75,2,-0.5
263,2,-5,0.75,2,-1
172,2,-5,0.75,2,-1.5
27,2,-5,0.75,2,-2
498,2,-5,0.75,3,-0.5
22,2,-5,0.75,3,-1
17,2,-5,0.75,3,-1.5
65,2,-5,0.75,3,-2
34,2,-5,0.75,4,-0.5
132,2,-5,0.75,4,-1
483,2,-5,0.75,4,-1.5
156,2,-5,0.75,4,-2
31,2,-5,0.75,5,-0.5
154,2,-5,0.75,5,-1
43,2,-5,0.75,5,-1.5
82,2,-5,0.75,5,-2
47,2,-5,1.25,1,-0.5
44,2,-5,1.25,1,-1
178,2,-5,1.25,1,-1.5
133,2,-5,1.25,1,-2
108,2,-5,1.25,2,-0.5
31,2,-5,1.25,2,-1
71,2,-5,1.25,2,-1.5
26,2,-5,1.25,2,-2
29,2,-5,1.25,3,-0.5
20,2,-5,1.25,3,-1
24,2,-5,1.25,3,-1.5
107,2,-5,1.25,3,-2
68,2,-5,1.25,4,-0.5
131,2,-5,1.25,4,-1
22,2,-5,1.25,4,-1.5
35,2,-5,1.25,4,-2
70,2,-5,1.25,5,-0.5
62,2,-5,1.25,5,-1
22,2,-5,1.25,5,-1.5
25,2,-5,1.25,5,-2
84,2,-5,1.75,1,-0.5
73,2,-5,1.75,1,-1
30,2,-5,1.75,1,-1.5
36,2,-5,1.75,1,-2
56,2,-5,1.75,2,-0.5
31,2,-5,1.75,2,-1
152,2,-5,1.75,2,-1.5
31,2,-5,1.75,2,-2
57,2,-5,1.75,3,-0.5
24,2,-5,1.75,3,-1
48,2,-5,1.75,3,-1.5
46,2,-5,1.75,3,-2
37,2,-5,1.75,4,-0.5
22,2,-5,1.75,4,-1
302,2,-5,1.75,4,-1.5
48,2,-5,1.75,4,-2
51,2,-5,1.75,5,-0.5
102,2,-5,1.75,5,-1
25,2,-5,1.75,5,-1.5
96,2,-5,1.75,5,-2
187,3,-1,0.25,1,-0.5
84,3,-1,0.25,1,-1
118,3,-1,0.25,1,-1.5
68,3,-1,0.25,1,-2
214,3,-1,0.25,2,-0.5
223,3,-1,0.25,2,-1
75,3,-1,0.25,2,-1.5
37,3,-1,0.25,2,-2
103,3,-1,0.25,3,-0.5
85,3,-1,0.25,3,-1
70,3,-1,0.25,3,-1.5
71,3,-1,0.25,3,-2
198,3,-1,0.25,4,-0.5
48,3,-1,0.25,4,-1
77,3,-1,0.25,4,-1.5
76,3,-1,0.25,4,-2
157,3,-1,0.25,5,-0.5
98,3,-1,0.25,5,-1
45,3,-1,0.25,5,-1.5
34,3,-1,0.25,5,-2
145,3,-1,0.75,1,-0.5
79,3,-1,0.75,1,-1
61,3,-1,0.75,1,-1.5
65,3,-1,0.75,1,-2
90,3,-1,0.75,2,-0.5
27,3,-1,0.75,2,-1
20,3,-1,0.75,2,-1.5
39,3,-1,0.75,2,-2
95,3,-1,0.75,3,-0.5
26,3,-1,0.75,3,-1
30,3,-1,0.75,3,-1.5
47,3,-1,0.75,3,-2
85,3,-1,0.75,4,-0.5
72,3,-1,0.75,4,-1
59,3,-1,0.75,4,-1.5
45,3,-1,0.75,4,-2
46,3,-1,0.75,5,-0.5
93,3,-1,0.75,5,-1
75,3,-1,0.75,5,-1.5
39,3,-1,0.75,5,-2
97,3,-1,1.25,1,-0.5
84,3,-1,1.25,1,-1
51,3,-1,1.25,1,-1.5
14,3,-1,1.25,1,-2
97,3,-1,1.25,2,-0.5
78,3,-1,1.25,2,-1
60,3,-1,1.25,2,-1.5
24,3,-1,1.25,2,-2
75,3,-1,1.25,3,-0.5
55,3,-1,1.25,3,-1
30,3,-1,1.25,3,-1.5
67,3,-1,1.25,3,-2
68,3,-1,1.25,4,-0.5
56,3,-1,1.25,4,-1
57,3,-1,1.25,4,-1.5
53,3,-1,1.25,4,-2
74,3,-1,1.25,5,-0.5
50,3,-1,1.25,5,-1
51,3,-1,1.25,5,-1.5
42,3,-1,1.25,5,-2
143,3,-1,1.75,1,-0.5
106,3,-1,1.75,1,-1
103,3,-1,1.75,1,-1.5
80,3,-1,1.75,1,-2
111,3,-1,1.75,2,-0.5
121,3,-1,1.75,2,-1
90,3,-1,1.75,2,-1.5
58,3,-1,1.75,2,-2
115,3,-1,1.75,3,-0.5
81,3,-1,1.75,3,-1
45,3,-1,1.75,3,-1.5
48,3,-1,1.75,3,-2
126,3,-1,1.75,4,-0.5
90,3,-1,1.75,4,-1
75,3,-1,1.75,4,-1.5
87,3,-1,1.75,4,-2
120,3,-1,1.75,5,-0.5
94,3,-1,1.75,5,-1
67,3,-1,1.75,5,-1.5
86,3,-1,1.75,5,-2
458,3,-2,0.25,1,-0.5
151,3,-2,0.25,1,-1
115,3,-2,0.25,1,-1.5
64,3,-2,0.25,1,-2
410,3,-2,0.25,2,-0.5
231,3,-2,0.25,2,-1
155,3,-2,0.25,2,-1.5
69,3,-2,0.25,2,-2
363,3,-2,0.25,3,-0.5
101,3,-2,0.25,3,-1
211,3,-2,0.25,3,-1.5
51,3,-2,0.25,3,-2
394,3,-2,0.25,4,-0.5
109,3,-2,0.25,4,-1
43,3,-2,0.25,4,-1.5
58,3,-2,0.25,4,-2
318,3,-2,0.25,5,-0.5
266,3,-2,0.25,5,-1
135,3,-2,0.25,5,-1.5
195,3,-2,0.25,5,-2
54,3,-2,0.75,1,-0.5
58,3,-2,0.75,1,-1
37,3,-2,0.75,1,-1.5
35,3,-2,0.75,1,-2
66,3,-2,0.75,2,-0.5
106,3,-2,0.75,2,-1
98,3,-2,0.75,2,-1.5
25,3,-2,0.75,2,-2
81,3,-2,0.75,3,-0.5
60,3,-2,0.75,3,-1
37,3,-2,0.75,3,-1.5
20,3,-2,0.75,3,-2
45,3,-2,0.75,4,-0.5
51,3,-2,0.75,4,-1
62,3,-2,0.75,4,-1.5
43,3,-2,0.75,4,-2
76,3,-2,0.75,5,-0.5
40,3,-2,0.75,5,-1
13,3,-2,0.75,5,-1.5
30,3,-2,0.75,5,-2
90,3,-2,1.25,1,-0.5
41,3,-2,1.25,1,-1
56,3,-2,1.25,1,-1.5
55,3,-2,1.25,1,-2
59,3,-2,1.25,2,-0.5
23,3,-2,1.25,2,-1
40,3,-2,1.25,2,-1.5
54,3,-2,1.25,2,-2
62,3,-2,1.25,3,-0.5
36,3,-2,1.25,3,-1
47,3,-2,1.25,3,-1.5
15,3,-2,1.25,3,-2
42,3,-2,1.25,4,-0.5
29,3,-2,1.25,4,-1
33,3,-2,1.25,4,-1.5
37,3,-2,1.25,4,-2
57,3,-2,1.25,5,-0.5
26,3,-2,1.25,5,-1
54,3,-2,1.25,5,-1.5
41,3,-2,1.25,5,-2
121,3,-2,1.75,1,-0.5
35,3,-2,1.75,1,-1
42,3,-2,1.75,1,-1.5
70,3,-2,1.75,1,-2
115,3,-2,1.75,2,-0.5
81,3,-2,1.75,2,-1
45,3,-2,1.75,2,-1.5
57,3,-2,1.75,2,-2
58,3,-2,1.75,3,-0.5
80,3,-2,1.75,3,-1
47,3,-2,1.75,3,-1.5
41,3,-2,1.75,3,-2
71,3,-2,1.75,4,-0.5
76,3,-2,1.75,4,-1
50,3,-2,1.75,4,-1.5
52,3,-2,1.75,4,-2
78,3,-2,1.75,5,-0.5
28,3,-2,1.75,5,-1
76,3,-2,1.75,5,-1.5
38,3,-2,1.75,5,-2
306,3,-3,0.25,1,-0.5
106,3,-3,0.25,1,-1
263,3,-3,0.25,1,-1.5
142,3,-3,0.25,1,-2
255,3,-3,0.25,2,-0.5
480,3,-3,0.25,2,-1
65,3,-3,0.25,2,-1.5
90,3,-3,0.25,2,-2
616,3,-3,0.25,3,-0.5
480,3,-3,0.25,3,-1
58,3,-3,0.25,3,-1.5
52,3,-3,0.25,3,-2
121,3,-3,0.25,4,-0.5
323,3,-3,0.25,4,-1
154,3,-3,0.25,4,-1.5
416,3,-3,0.25,4,-2
268,3,-3,0.25,5,-0.5
373,3,-3,0.25,5,-1
315,3,-3,0.25,5,-1.5
97,3,-3,0.25,5,-2
42,3,-3,0.75,1,-0.5
148,3,-3,0.75,1,-1
59,3,-3,0.75,1,-1.5
34,3,-3,0.75,1,-2
24,3,-3,0.75,2,-0.5
84,3,-3,0.75,2,-1
121,3,-3,0.75,2,-1.5
545,3,-3,0.75,2,-2
43,3,-3,0.75,3,-0.5
47,3,-3,0.75,3,-1
60,3,-3,0.75,3,-1.5
544,3,-3,0.75,3,-2
84,3,-3,0.75,4,-0.5
155,3,-3,0.75,4,-1
37,3,-3,0.75,4,-1.5
42,3,-3,0.75,4,-2
315,3,-3,0.75,5,-0.5
63,3,-3,0.75,5,-1
53,3,-3,0.75,5,-1.5
51,3,-3,0.75,5,-2
91,3,-3,1.25,1,-0.5
43,3,-3,1.25,1,-1
24,3,-3,1.25,1,-1.5
21,3,-3,1.25,1,-2
114,3,-3,1.25,2,-0.5
47,3,-3,1.25,2,-1
96,3,-3,1.25,2,-1.5
32,3,-3,1.25,2,-2
37,3,-3,1.25,3,-0.5
16,3,-3,1.25,3,-1
41,3,-3,1.25,3,-1.5
17,3,-3,1.25,3,-2
29,3,-3,1.25,4,-0.5
110,3,-3,1.25,4,-1
26,3,-3,1.25,4,-1.5
31,3,-3,1.25,4,-2
66,3,-3,1.25,5,-0.5
52,3,-3,1.25,5,-1
23,3,-3,1.25,5,-1.5
22,3,-3,1.25,5,-2
61,3,-3,1.75,1,-0.5
35,3,-3,1.75,1,-1
44,3,-3,1.75,1,-1.5
63,3,-3,1.75,1,-2
51,3,-3,1.75,2,-0.5
52,3,-3,1.75,2,-1
37,3,-3,1.75,2,-1.5
22,3,-3,1.75,2,-2
42,3,-3,1.75,3,-0.5
43,3,-3,1.75,3,-1
37,3,-3,1.75,3,-1.5
35,3,-3,1.75,3,-2
62,3,-3,1.75,4,-0.5
45,3,-3,1.75,4,-1
41,3,-3,1.75,4,-1.5
29,3,-3,1.75,4,-2
47,3,-3,1.75,5,-0.5
38,3,-3,1.75,5,-1
44,3,-3,1.75,5,-1.5
48,3,-3,1.75,5,-2
545,3,-4,0.25,1,-0.5
146,3,-4,0.25,1,-1
259,3,-4,0.25,1,-1.5
329,3,-4,0.25,1,-2
171,3,-4,0.25,2,-0.5
311,3,-4,0.25,2,-1
190,3,-4,0.25,2,-1.5
321,3,-4,0.25,2,-2
466,3,-4,0.25,3,-0.5
364,3,-4,0.25,3,-1
100,3,-4,0.25,3,-1.5
376,3,-4,0.25,3,-2
236,3,-4,0.25,4,-0.5
83,3,-4,0.25,4,-1
202,3,-4,0.25,4,-1.5
175,3,-4,0.25,4,-2
77,3,-4,0.25,5,-0.5
310,3,-4,0.25,5,-1
279,3,-4,0.25,5,-1.5
277,3,-4,0.25,5,-2
43,3,-4,0.75,1,-0.5
449,3,-4,0.75,1,-1
513,3,-4,0.75,1,-1.5
138,3,-4,0.75,1,-2
80,3,-4,0.75,2,-0.5
357,3,-4,0.75,2,-1
298,3,-4,0.75,2,-1.5
189,3,-4,0.75,2,-2
94,3,-4,0.75,3,-0.5
141,3,-4,0.75,3,-1
51,3,-4,0.75,3,-1.5
41,3,-4,0.75,3,-2
55,3,-4,0.75,4,-0.5
132,3,-4,0.75,4,-1
44,3,-4,0.75,4,-1.5
418,3,-4,0.75,4,-2
62,3,-4,0.75,5,-0.5
86,3,-4,0.75,5,-1
97,3,-4,0.75,5,-1.5
15,3,-4,0.75,5,-2
45,3,-4,1.25,1,-0.5
51,3,-4,1.25,1,-1
45,3,-4,1.25,1,-1.5
25,3,-4,1.25,1,-2
159,3,-4,1.25,2,-0.5
23,3,-4,1.25,2,-1
46,3,-4,1.25,2,-1.5
18,3,-4,1.25,2,-2
70,3,-4,1.25,3,-0.5
52,3,-4,1.25,3,-1
26,3,-4,1.25,3,-1.5
17,3,-4,1.25,3,-2
34,3,-4,1.25,4,-0.5
35,3,-4,1.25,4,-1
55,3,-4,1.25,4,-1.5
20,3,-4,1.25,4,-2
24,3,-4,1.25,5,-0.5
31,3,-4,1.25,5,-1
126,3,-4,1.25,5,-1.5
42,3,-4,1.25,5,-2
62,3,-4,1.75,1,-0.5
23,3,-4,1.75,1,-1
55,3,-4,1.75,1,-1.5
29,3,-4,1.75,1,-2
69,3,-4,1.75,2,-0.5
33,3,-4,1.75,2,-1
32,3,-4,1.75,2,-1.5
26,3,-4,1.75,2,-2
65,3,-4,1.75,3,-0.5
24,3,-4,1.75,3,-1
21,3,-4,1.75,3,-1.5
33,3,-4,1.75,3,-2
42,3,-4,1.75,4,-0.5
27,3,-4,1.75,4,-1
34,3,-4,1.75,4,-1.5
23,3,-4,1.75,4,-2
34,3,-4,1.75,5,-0.5
47,3,-4,1.75,5,-1
72,3,-4,1.75,5,-1.5
55,3,-4,1.75,5,-2
212,3,-5,0.25,1,-0.5
159,3,-5,0.25,1,-1
196,3,-5,0.25,1,-1.5
195,3,-5,0.25,1,-2
151,3,-5,0.25,2,-0.5
412,3,-5,0.25,2,-1
150,3,-5,0.25,2,-1.5
254,3,-5,0.25,2,-2
328,3,-5,0.25,3,-0.5
412,3,-5,0.25,3,-1
357,3,-5,0.25,3,-1.5
88,3,-5,0.25,3,-2
243,3,-5,0.25,4,-0.5
412,3,-5,0.25,4,-1
241,3,-5,0.25,4,-1.5
106,3,-5,0.25,4,-2
394,3,-5,0.25,5,-0.5
218,3,-5,0.25,5,-1
310,3,-5,0.25,5,-1.5
101,3,-5,0.25,5,-2
135,3,-5,0.75,1,-0.5
52,3,-5,0.75,1,-1
42,3,-5,0.75,1,-1.5
47,3,-5,0.75,1,-2
41,3,-5,0.75,2,-0.5
173,3,-5,0.75,2,-1
146,3,-5,0.75,2,-1.5
45,3,-5,0.75,2,-2
79,3,-5,0.75,3,-0.5
161,3,-5,0.75,3,-1
151,3,-5,0.75,3,-1.5
60,3,-5,0.75,3,-2
196,3,-5,0.75,4,-0.5
42,3,-5,0.75,4,-1
180,3,-5,0.75,4,-1.5
472,3,-5,0.75,4,-2
276,3,-5,0.75,5,-0.5
144,3,-5,0.75,5,-1
25,3,-5,0.75,5,-1.5
243,3,-5,0.75,5,-2
136,3,-5,1.25,1,-0.5
49,3,-5,1.25,1,-1
79,3,-5,1.25,1,-1.5
26,3,-5,1.25,1,-2
49,3,-5,1.25,2,-0.5
76,3,-5,1.25,2,-1
34,3,-5,1.25,2,-1.5
46,3,-5,1.25,2,-2
46,3,-5,1.25,3,-0.5
30,3,-5,1.25,3,-1
20,3,-5,1.25,3,-1.5
47,3,-5,1.25,3,-2
25,3,-5,1.25,4,-0.5
31,3,-5,1.25,4,-1
57,3,-5,1.25,4,-1.5
170,3,-5,1.25,4,-2
24,3,-5,1.25,5,-0.5
44,3,-5,1.25,5,-1
21,3,-5,1.25,5,-1.5
23,3,-5,1.25,5,-2
93,3,-5,1.75,1,-0.5
34,3,-5,1.75,1,-1
45,3,-5,1.75,1,-1.5
105,3,-5,1.75,1,-2
47,3,-5,1.75,2,-0.5
49,3,-5,1.75,2,-1
14,3,-5,1.75,2,-1.5
48,3,-5,1.75,2,-2
50,3,-5,1.75,3,-0.5
56,3,-5,1.75,3,-1
57,3,-5,1.75,3,-1.5
33,3,-5,1.75,3,-2
28,3,-5,1.75,4,-0.5
32,3,-5,1.75,4,-1
25,3,-5,1.75,4,-1.5
27,3,-5,1.75,4,-2
35,3,-5,1.75,5,-0.5
68,3,-5,1.75,5,-1
21,3,-5,1.75,5,-1.5
27,3,-5,1.75,5,-2
240,4,-1,0.25,1,-0.5
181,4,-1,0.25,1,-1
237,4,-1,0.25,1,-1.5
100,4,-1,0.25,1,-2
206,4,-1,0.25,2,-0.5
134,4,-1,0.25,2,-1
90,4,-1,0.25,2,-1.5
80,4,-1,0.25,2,-2
235,4,-1,0.25,3,-0.5
142,4,-1,0.25,3,-1
87,4,-1,0.25,3,-1.5
47,4,-1,0.25,3,-2
138,4,-1,0.25,4,-0.5
262,4,-1,0.25,4,-1
118,4,-1,0.25,4,-1.5
67,4,-1,0.25,4,-2
225,4,-1,0.25,5,-0.5
93,4,-1,0.25,5,-1
109,4,-1,0.25,5,-1.5
83,4,-1,0.25,5,-2
123,4,-1,0.75,1,-0.5
77,4,-1,0.75,1,-1
77,4,-1,0.75,1,-1.5
56,4,-1,0.75,1,-2
121,4,-1,0.75,2,-0.5
109,4,-1,0.75,2,-1
44,4,-1,0.75,2,-1.5
74,4,-1,0.75,2,-2
87,4,-1,0.75,3,-0.5
35,4,-1,0.75,3,-1
90,4,-1,0.75,3,-1.5
99,4,-1,0.75,3,-2
174,4,-1,0.75,4,-0.5
77,4,-1,0.75,4,-1
62,4,-1,0.75,4,-1.5
30,4,-1,0.75,4,-2
165,4,-1,0.75,5,-0.5
60,4,-1,0.75,5,-1
78,4,-1,0.75,5,-1.5
37,4,-1,0.75,5,-2
104,4,-1,1.25,1,-0.5
104,4,-1,1.25,1,-1
85,4,-1,1.25,1,-1.5
91,4,-1,1.25,1,-2
85,4,-1,1.25,2,-0.5
63,4,-1,1.25,2,-1
50,4,-1,1.25,2,-1.5
58,4,-1,1.25,2,-2
97,4,-1,1.25,3,-0.5
56,4,-1,1.25,3,-1
59,4,-1,1.25,3,-1.5
59,4,-1,1.25,3,-2
68,4,-1,1.25,4,-0.5
72,4,-1,1.25,4,-1
58,4,-1,1.25,4,-1.5
31,4,-1,1.25,4,-2
81,4,-1,1.25,5,-0.5
49,4,-1,1.25,5,-1
72,4,-1,1.25,5,-1.5
56,4,-1,1.25,5,-2
142,4,-1,1.75,1,-0.5
99,4,-1,1.75,1,-1
90,4,-1,1.75,1,-1.5
86,4,-1,1.75,1,-2
125,4,-1,1.75,2,-0.5
72,4,-1,1.75,2,-1
77,4,-1,1.75,2,-1.5
77,4,-1,1.75,2,-2
122,4,-1,1.75,3,-0.5
73,4,-1,1.75,3,-1
42,4,-1,1.75,3,-1.5
78,4,-1,1.75,3,-2
93,4,-1,1.75,4,-0.5
76,4,-1,1.75,4,-1
58,4,-1,1.75,4,-1.5
64,4,-1,1.75,4,-2
93,4,-1,1.75,5,-0.5
79,4,-1,1.75,5,-1
55,4,-1,1.75,5,-1.5
39,4,-1,1.75,5,-2
241,4,-2,0.25,1,-0.5
102,4,-2,0.25,1,-1
258,4,-2,0.25,1,-1.5
115,4,-2,0.25,1,-2
201,4,-2,0.25,2,-0.5
281,4,-2,0.25,2,-1
259,4,-2,0.25,2,-1.5
61,4,-2,0.25,2,-2
222,4,-2,0.25,3,-0.5
104,4,-2,0.25,3,-1
122,4,-2,0.25,3,-1.5
43,4,-2,0.25,3,-2
170,4,-2,0.25,4,-0.5
95,4,-2,0.25,4,-1
105,4,-2,0.25,4,-1.5
76,4,-2,0.25,4,-2
232,4,-2,0.25,5,-0.5
107,4,-2,0.25,5,-1
114,4,-2,0.25,5,-1.5
37,4,-2,0.25,5,-2
233,4,-2,0.75,1,-0.5
84,4,-2,0.75,1,-1
77,4,-2,0.75,1,-1.5
80,4,-2,0.75,1,-2
91,4,-2,0.75,2,-0.5
214,4,-2,0.75,2,-1
52,4,-2,0.75,2,-1.5
77,4,-2,0.75,2,-2
60,4,-2,0.75,3,-0.5
68,4,-2,0.75,3,-1
70,4,-2,0.75,3,-1.5
42,4,-2,0.75,3,-2
154,4,-2,0.75,4,-0.5
97,4,-2,0.75,4,-1
36,4,-2,0.75,4,-1.5
40,4,-2,0.75,4,-2
84,4,-2,0.75,5,-0.5
31,4,-2,0.75,5,-1
55,4,-2,0.75,5,-1.5
58,4,-2,0.75,5,-2
103,4,-2,1.25,1,-0.5
64,4,-2,1.25,1,-1
113,4,-2,1.25,1,-1.5
44,4,-2,1.25,1,-2
70,4,-2,1.25,2,-0.5
30,4,-2,1.25,2,-1
54,4,-2,1.25,2,-1.5
22,4,-2,1.25,2,-2
49,4,-2,1.25,3,-0.5
56,4,-2,1.25,3,-1
26,4,-2,1.25,3,-1.5
31,4,-2,1.25,3,-2
121,4,-2,1.25,4,-0.5
77,4,-2,1.25,4,-1
37,4,-2,1.25,4,-1.5
48,4,-2,1.25,4,-2
44,4,-2,1.25,5,-0.5
29,4,-2,1.25,5,-1
53,4,-2,1.25,5,-1.5
49,4,-2,1.25,5,-2
87,4,-2,1.75,1,-0.5
50,4,-2,1.75,1,-1
68,4,-2,1.75,1,-1.5
57,4,-2,1.75,1,-2
64,4,-2,1.75,2,-0.5
84,4,-2,1.75,2,-1
50,4,-2,1.75,2,-1.5
57,4,-2,1.75,2,-2
64,4,-2,1.75,3,-0.5
51,4,-2,1.75,3,-1
40,4,-2,1.75,3,-1.5
45,4,-2,1.75,3,-2
77,4,-2,1.75,4,-0.5
34,4,-2,1.75,4,-1
45,4,-2,1.75,4,-1.5
69,4,-2,1.75,4,-2
46,4,-2,1.75,5,-0.5
74,4,-2,1.75,5,-1
39,4,-2,1.75,5,-1.5
28,4,-2,1.75,5,-2
161,4,-3,0.25,1,-0.5
202,4,-3,0.25,1,-1
279,4,-3,0.25,1,-1.5
130,4,-3,0.25,1,-2
287,4,-3,0.25,2,-0.5
194,4,-3,0.25,2,-1
211,4,-3,0.25,2,-1.5
386,4,-3,0.25,2,-2
466,4,-3,0.25,3,-0.5
277,4,-3,0.25,3,-1
330,4,-3,0.25,3,-1.5
89,4,-3,0.25,3,-2
323,4,-3,0.25,4,-0.5
465,4,-3,0.25,4,-1
70,4,-3,0.25,4,-1.5
45,4,-3,0.25,4,-2
541,4,-3,0.25,5,-0.5
155,4,-3,0.25,5,-1
142,4,-3,0.25,5,-1.5
140,4,-3,0.25,5,-2
102,4,-3,0.75,1,-0.5
161,4,-3,0.75,1,-1
73,4,-3,0.75,1,-1.5
534,4,-3,0.75,1,-2
86,4,-3,0.75,2,-0.5
508,4,-3,0.75,2,-1
39,4,-3,0.75,2,-1.5
51,4,-3,0.75,2,-2
54,4,-3,0.75,3,-0.5
73,4,-3,0.75,3,-1
55,4,-3,0.75,3,-1.5
46,4,-3,0.75,3,-2
48,4,-3,0.75,4,-0.5
57,4,-3,0.75,4,-1
49,4,-3,0.75,4,-1.5
67,4,-3,0.75,4,-2
311,4,-3,0.75,5,-0.5
344,4,-3,0.75,5,-1
86,4,-3,0.75,5,-1.5
137,4,-3,0.75,5,-2
63,4,-3,1.25,1,-0.5
59,4,-3,1.25,1,-1
42,4,-3,1.25,1,-1.5
38,4,-3,1.25,1,-2
60,4,-3,1.25,2,-0.5
82,4,-3,1.25,2,-1
40,4,-3,1.25,2,-1.5
41,4,-3,1.25,2,-2
82,4,-3,1.25,3,-0.5
33,4,-3,1.25,3,-1
46,4,-3,1.25,3,-1.5
19,4,-3,1.25,3,-2
25,4,-3,1.25,4,-0.5
37,4,-3,1.25,4,-1
188,4,-3,1.25,4,-1.5
58,4,-3,1.25,4,-2
48,4,-3,1.25,5,-0.5
27,4,-3,1.25,5,-1
47,4,-3,1.25,5,-1.5
40,4,-3,1.25,5,-2
100,4,-3,1.75,1,-0.5
38,4,-3,1.75,1,-1
38,4,-3,1.75,1,-1.5
28,4,-3,1.75,1,-2
56,4,-3,1.75,2,-0.5
16,4,-3,1.75,2,-1
18,4,-3,1.75,2,-1.5
69,4,-3,1.75,2,-2
40,4,-3,1.75,3,-0.5
52,4,-3,1.75,3,-1
42,4,-3,1.75,3,-1.5
25,4,-3,1.75,3,-2
82,4,-3,1.75,4,-0.5
40,4,-3,1.75,4,-1
37,4,-3,1.75,4,-1.5
44,4,-3,1.75,4,-2
45,4,-3,1.75,5,-0.5
49,4,-3,1.75,5,-1
32,4,-3,1.75,5,-1.5
55,4,-3,1.75,5,-2
473,4,-4,0.25,1,-0.5
247,4,-4,0.25,1,-1
196,4,-4,0.25,1,-1.5
138,4,-4,0.25,1,-2
454,4,-4,0.25,2,-0.5
473,4,-4,0.25,2,-1
176,4,-4,0.25,2,-1.5
89,4,-4,0.25,2,-2
377,4,-4,0.25,3,-0.5
309,4,-4,0.25,3,-1
368,4,-4,0.25,3,-1.5
148,4,-4,0.25,3,-2
184,4,-4,0.25,4,-0.5
380,4,-4,0.25,4,-1
219,4,-4,0.25,4,-1.5
166,4,-4,0.25,4,-2
114,4,-4,0.25,5,-0.5
413,4,-4,0.25,5,-1
241,4,-4,0.25,5,-1.5
205,4,-4,0.25,5,-2
285,4,-4,0.75,1,-0.5
341,4,-4,0.75,1,-1
108,4,-4,0.75,1,-1.5
86,4,-4,0.75,1,-2
144,4,-4,0.75,2,-0.5
387,4,-4,0.75,2,-1
76,4,-4,0.75,2,-1.5
235,4,-4,0.75,2,-2
190,4,-4,0.75,3,-0.5
94,4,-4,0.75,3,-1
310,4,-4,0.75,3,-1.5
82,4,-4,0.75,3,-2
511,4,-4,0.75,4,-0.5
38,4,-4,0.75,4,-1
97,4,-4,0.75,4,-1.5
19,4,-4,0.75,4,-2
447,4,-4,0.75,5,-0.5
35,4,-4,0.75,5,-1
127,4,-4,0.75,5,-1.5
60,4,-4,0.75,5,-2
55,4,-4,1.25,1,-0.5
57,4,-4,1.25,1,-1
86,4,-4,1.25,1,-1.5
44,4,-4,1.25,1,-2
18,4,-4,1.25,2,-0.5
41,4,-4,1.25,2,-1
77,4,-4,1.25,2,-1.5
35,4,-4,1.25,2,-2
220,4,-4,1.25,3,-0.5
60,4,-4,1.25,3,-1
67,4,-4,1.25,3,-1.5
34,4,-4,1.25,3,-2
25,4,-4,1.25,4,-0.5
67,4,-4,1.25,4,-1
35,4,-4,1.25,4,-1.5
123,4,-4,1.25,4,-2
34,4,-4,1.25,5,-0.5
53,4,-4,1.25,5,-1
28,4,-4,1.25,5,-1.5
15,4,-4,1.25,5,-2
49,4,-4,1.75,1,-0.5
58,4,-4,1.75,1,-1
39,4,-4,1.75,1,-1.5
56,4,-4,1.75,1,-2
245,4,-4,1.75,2,-0.5
40,4,-4,1.75,2,-1
54,4,-4,1.75,2,-1.5
30,4,-4,1.75,2,-2
51,4,-4,1.75,3,-0.5
48,4,-4,1.75,3,-1
47,4,-4,1.75,3,-1.5
39,4,-4,1.75,3,-2
34,4,-4,1.75,4,-0.5
32,4,-4,1.75,4,-1
37,4,-4,1.75,4,-1.5
35,4,-4,1.75,4,-2
52,4,-4,1.75,5,-0.5
35,4,-4,1.75,5,-1
19,4,-4,1.75,5,-1.5
23,4,-4,1.75,5,-2
533,4,-5,0.25,1,-0.5
483,4,-5,0.25,1,-1
324,4,-5,0.25,1,-1.5
398,4,-5,0.25,1,-2
533,4,-5,0.25,2,-0.5
483,4,-5,0.25,2,-1
401,4,-5,0.25,2,-1.5
240,4,-5,0.25,2,-2
533,4,-5,0.25,3,-0.5
344,4,-5,0.25,3,-1
140,4,-5,0.25,3,-1.5
140,4,-5,0.25,3,-2
533,4,-5,0.25,4,-0.5
344,4,-5,0.25,4,-1
86,4,-5,0.25,4,-1.5
232,4,-5,0.25,4,-2
347,4,-5,0.25,5,-0.5
383,4,-5,0.25,5,-1
191,4,-5,0.25,5,-1.5
74,4,-5,0.25,5,-2
162,4,-5,0.75,1,-0.5
120,4,-5,0.75,1,-1
115,4,-5,0.75,1,-1.5
42,4,-5,0.75,1,-2
367,4,-5,0.75,2,-0.5
299,4,-5,0.75,2,-1
105,4,-5,0.75,2,-1.5
30,4,-5,0.75,2,-2
150,4,-5,0.75,3,-0.5
187,4,-5,0.75,3,-1
95,4,-5,0.75,3,-1.5
139,4,-5,0.75,3,-2
48,4,-5,0.75,4,-0.5
198,4,-5,0.75,4,-1
121,4,-5,0.75,4,-1.5
48,4,-5,0.75,4,-2
517,4,-5,0.75,5,-0.5
433,4,-5,0.75,5,-1
69,4,-5,0.75,5,-1.5
67,4,-5,0.75,5,-2
63,4,-5,1.25,1,-0.5
52,4,-5,1.25,1,-1
109,4,-5,1.25,1,-1.5
40,4,-5,1.25,1,-2
34,4,-5,1.25,2,-0.5
33,4,-5,1.25,2,-1
39,4,-5,1.25,2,-1.5
49,4,-5,1.25,2,-2
21,4,-5,1.25,3,-0.5
45,4,-5,1.25,3,-1
36,4,-5,1.25,3,-1.5
41,4,-5,1.25,3,-2
46,4,-5,1.25,4,-0.5
79,4,-5,1.25,4,-1
56,4,-5,1.25,4,-1.5
62,4,-5,1.25,4,-2
105,4,-5,1.25,5,-0.5
33,4,-5,1.25,5,-1
14,4,-5,1.25,5,-1.5
34,4,-5,1.25,5,-2
41,4,-5,1.75,1,-0.5
26,4,-5,1.75,1,-1
39,4,-5,1.75,1,-1.5
53,4,-5,1.75,1,-2
80,4,-5,1.75,2,-0.5
29,4,-5,1.75,2,-1
31,4,-5,1.75,2,-1.5
50,4,-5,1.75,2,-2
72,4,-5,1.75,3,-0.5
63,4,-5,1.75,3,-1
153,4,-5,1.75,3,-1.5
30,4,-5,1.75,3,-2
88,4,-5,1.75,4,-0.5
45,4,-5,1.75,4,-1
27,4,-5,1.75,4,-1.5
90,4,-5,1.75,4,-2
61,4,-5,1.75,5,-0.5
28,4,-5,1.75,5,-1
41,4,-5,1.75,5,-1.5
44,4,-5,1.75,5,-2
137,5,-1,0.25,1,-0.5
116,5,-1,0.25,1,-1
149,5,-1,0.25,1,-1.5
147,5,-1,0.25,1,-2
231,5,-1,0.25,2,-0.5
214,5,-1,0.25,2,-1
131,5,-1,0.25,2,-1.5
86,5,-1,0.25,2,-2
183,5,-1,0.25,3,-0.5
142,5,-1,0.25,3,-1
80,5,-1,0.25,3,-1.5
62,5,-1,0.25,3,-2
250,5,-1,0.25,4,-0.5
172,5,-1,0.25,4,-1
130,5,-1,0.25,4,-1.5
135,5,-1,0.25,4,-2
224,5,-1,0.25,5,-0.5
160,5,-1,0.25,5,-1
138,5,-1,0.25,5,-1.5
74,5,-1,0.25,5,-2
137,5,-1,0.75,1,-0.5
130,5,-1,0.75,1,-1
99,5,-1,0.75,1,-1.5
85,5,-1,0.75,1,-2
109,5,-1,0.75,2,-0.5
114,5,-1,0.75,2,-1
127,5,-1,0.75,2,-1.5
63,5,-1,0.75,2,-2
142,5,-1,0.75,3,-0.5
130,5,-1,0.75,3,-1
71,5,-1,0.75,3,-1.5
99,5,-1,0.75,3,-2
112,5,-1,0.75,4,-0.5
64,5,-1,0.75,4,-1
79,5,-1,0.75,4,-1.5
66,5,-1,0.75,4,-2
108,5,-1,0.75,5,-0.5
108,5,-1,0.75,5,-1
81,5,-1,0.75,5,-1.5
57,5,-1,0.75,5,-2
161,5,-1,1.25,1,-0.5
96,5,-1,1.25,1,-1
76,5,-1,1.25,1,-1.5
62,5,-1,1.25,1,-2
109,5,-1,1.25,2,-0.5
101,5,-1,1.25,2,-1
73,5,-1,1.25,2,-1.5
57,5,-1,1.25,2,-2
117,5,-1,1.25,3,-0.5
85,5,-1,1.25,3,-1
71,5,-1,1.25,3,-1.5
66,5,-1,1.25,3,-2
97,5,-1,1.25,4,-0.5
85,5,-1,1.25,4,-1
44,5,-1,1.25,4,-1.5
81,5,-1,1.25,4,-2
94,5,-1,1.25,5,-0.5
93,5,-1,1.25,5,-1
50,5,-1,1.25,5,-1.5
83,5,-1,1.25,5,-2
136,5,-1,1.75,1,-0.5
102,5,-1,1.75,1,-1
91,5,-1,1.75,1,-1.5
86,5,-1,1.75,1,-2
137,5,-1,1.75,2,-0.5
91,5,-1,1.75,2,-1
56,5,-1,1.75,2,-1.5
55,5,-1,1.75,2,-2
127,5,-1,1.75,3,-0.5
98,5,-1,1.75,3,-1
66,5,-1,1.75,3,-1.5
47,5,-1,1.75,3,-2
91,5,-1,1.75,4,-0.5
63,5,-1,1.75,4,-1
32,5,-1,1.75,4,-1.5
51,5,-1,1.75,4,-2
113,5,-1,1.75,5,-0.5
55,5,-1,1.75,5,-1
67,5,-1,1.75,5,-1.5
74,5,-1,1.75,5,-2
283,5,-2,0.25,1,-0.5
217,5,-2,0.25,1,-1
159,5,-2,0.25,1,-1.5
131,5,-2,0.25,1,-2
228,5,-2,0.25,2,-0.5
211,5,-2,0.25,2,-1
315,5,-2,0.25,2,-1.5
158,5,-2,0.25,2,-2
130,5,-2,0.25,3,-0.5
261,5,-2,0.25,3,-1
77,5,-2,0.25,3,-1.5
293,5,-2,0.25,3,-2
326,5,-2,0.25,4,-0.5
305,5,-2,0.25,4,-1
40,5,-2,0.25,4,-1.5
155,5,-2,0.25,4,-2
169,5,-2,0.25,5,-0.5
88,5,-2,0.25,5,-1
80,5,-2,0.25,5,-1.5
69,5,-2,0.25,5,-2
103,5,-2,0.75,1,-0.5
95,5,-2,0.75,1,-1
91,5,-2,0.75,1,-1.5
84,5,-2,0.75,1,-2
151,5,-2,0.75,2,-0.5
201,5,-2,0.75,2,-1
43,5,-2,0.75,2,-1.5
124,5,-2,0.75,2,-2
122,5,-2,0.75,3,-0.5
63,5,-2,0.75,3,-1
98,5,-2,0.75,3,-1.5
98,5,-2,0.75,3,-2
123,5,-2,0.75,4,-0.5
94,5,-2,0.75,4,-1
90,5,-2,0.75,4,-1.5
29,5,-2,0.75,4,-2
94,5,-2,0.75,5,-0.5
65,5,-2,0.75,5,-1
284,5,-2,0.75,5,-1.5
31,5,-2,0.75,5,-2
121,5,-2,1.25,1,-0.5
79,5,-2,1.25,1,-1
88,5,-2,1.25,1,-1.5
54,5,-2,1.25,1,-2
70,5,-2,1.25,2,-0.5
75,5,-2,1.25,2,-1
47,5,-2,1.25,2,-1.5
44,5,-2,1.25,2,-2
110,5,-2,1.25,3,-0.5
71,5,-2,1.25,3,-1
53,5,-2,1.25,3,-1.5
53,5,-2,1.25,3,-2
75,5,-2,1.25,4,-0.5
71,5,-2,1.25,4,-1
27,5,-2,1.25,4,-1.5
30,5,-2,1.25,4,-2
49,5,-2,1.25,5,-0.5
66,5,-2,1.25,5,-1
37,5,-2,1.25,5,-1.5
50,5,-2,1.25,5,-2
75,5,-2,1.75,1,-0.5
46,5,-2,1.75,1,-1
82,5,-2,1.75,1,-1.5
69,5,-2,1.75,1,-2
82,5,-2,1.75,2,-0.5
57,5,-2,1.75,2,-1
55,5,-2,1.75,2,-1.5
47,5,-2,1.75,2,-2
66,5,-2,1.75,3,-0.5
62,5,-2,1.75,3,-1
41,5,-2,1.75,3,-1.5
62,5,-2,1.75,3,-2
65,5,-2,1.75,4,-0.5
72,5,-2,1.75,4,-1
68,5,-2,1.75,4,-1.5
29,5,-2,1.75,4,-2
74,5,-2,1.75,5,-0.5
61,5,-2,1.75,5,-1
53,5,-2,1.75,5,-1.5
51,5,-2,1.75,5,-2
214,5,-3,0.25,1,-0.5
360,5,-3,0.25,1,-1
308,5,-3,0.25,1,-1.5
153,5,-3,0.25,1,-2
303,5,-3,0.25,2,-0.5
337,5,-3,0.25,2,-1
273,5,-3,0.25,2,-1.5
77,5,-3,0.25,2,-2
350,5,-3,0.25,3,-0.5
429,5,-3,0.25,3,-1
194,5,-3,0.25,3,-1.5
83,5,-3,0.25,3,-2
304,5,-3,0.25,4,-0.5
160,5,-3,0.25,4,-1
275,5,-3,0.25,4,-1.5
252,5,-3,0.25,4,-2
256,5,-3,0.25,5,-0.5
167,5,-3,0.25,5,-1
325,5,-3,0.25,5,-1.5
100,5,-3,0.25,5,-2
94,5,-3,0.75,1,-0.5
128,5,-3,0.75,1,-1
549,5,-3,0.75,1,-1.5
95,5,-3,0.75,1,-2
247,5,-3,0.75,2,-0.5
148,5,-3,0.75,2,-1
124,5,-3,0.75,2,-1.5
113,5,-3,0.75,2,-2
155,5,-3,0.75,3,-0.5
63,5,-3,0.75,3,-1
46,5,-3,0.75,3,-1.5
98,5,-3,0.75,3,-2
178,5,-3,0.75,4,-0.5
150,5,-3,0.75,4,-1
69,5,-3,0.75,4,-1.5
30,5,-3,0.75,4,-2
213,5,-3,0.75,5,-0.5
72,5,-3,0.75,5,-1
79,5,-3,0.75,5,-1.5
79,5,-3,0.75,5,-2
82,5,-3,1.25,1,-0.5
53,5,-3,1.25,1,-1
72,5,-3,1.25,1,-1.5
532,5,-3,1.25,1,-2
77,5,-3,1.25,2,-0.5
68,5,-3,1.25,2,-1
135,5,-3,1.25,2,-1.5
532,5,-3,1.25,2,-2
75,5,-3,1.25,3,-0.5
57,5,-3,1.25,3,-1
26,5,-3,1.25,3,-1.5
63,5,-3,1.25,3,-2
52,5,-3,1.25,4,-0.5
156,5,-3,1.25,4,-1
45,5,-3,1.25,4,-1.5
47,5,-3,1.25,4,-2
35,5,-3,1.25,5,-0.5
28,5,-3,1.25,5,-1
46,5,-3,1.25,5,-1.5
54,5,-3,1.25,5,-2
89,5,-3,1.75,1,-0.5
53,5,-3,1.75,1,-1
50,5,-3,1.75,1,-1.5
52,5,-3,1.75,1,-2
74,5,-3,1.75,2,-0.5
28,5,-3,1.75,2,-1
31,5,-3,1.75,2,-1.5
47,5,-3,1.75,2,-2
62,5,-3,1.75,3,-0.5
39,5,-3,1.75,3,-1
21,5,-3,1.75,3,-1.5
69,5,-3,1.75,3,-2
80,5,-3,1.75,4,-0.5
52,5,-3,1.75,4,-1
44,5,-3,1.75,4,-1.5
17,5,-3,1.75,4,-2
54,5,-3,1.75,5,-0.5
34,5,-3,1.75,5,-1
116,5,-3,1.75,5,-1.5
35,5,-3,1.75,5,-2
158,5,-4,0.25,1,-0.5
387,5,-4,0.25,1,-1
122,5,-4,0.25,1,-1.5
121,5,-4,0.25,1,-2
369,5,-4,0.25,2,-0.5
225,5,-4,0.25,2,-1
145,5,-4,0.25,2,-1.5
87,5,-4,0.25,2,-2
226,5,-4,0.25,3,-0.5
284,5,-4,0.25,3,-1
155,5,-4,0.25,3,-1.5
307,5,-4,0.25,3,-2
176,5,-4,0.25,4,-0.5
322,5,-4,0.25,4,-1
162,5,-4,0.25,4,-1.5
157,5,-4,0.25,4,-2
444,5,-4,0.25,5,-0.5
233,5,-4,0.25,5,-1
438,5,-4,0.25,5,-1.5
70,5,-4,0.25,5,-2
373,5,-4,0.75,1,-0.5
79,5,-4,0.75,1,-1
545,5,-4,0.75,1,-1.5
91,5,-4,0.75,1,-2
154,5,-4,0.75,2,-0.5
137,5,-4,0.75,2,-1
472,5,-4,0.75,2,-1.5
249,5,-4,0.75,2,-2
230,5,-4,0.75,3,-0.5
292,5,-4,0.75,3,-1
42,5,-4,0.75,3,-1.5
75,5,-4,0.75,3,-2
278,5,-4,0.75,4,-0.5
134,5,-4,0.75,4,-1
213,5,-4,0.75,4,-1.5
21,5,-4,0.75,4,-2
440,5,-4,0.75,5,-0.5
72,5,-4,0.75,5,-1
79,5,-4,0.75,5,-1.5
96,5,-4,0.75,5,-2
48,5,-4,1.25,1,-0.5
160,5,-4,1.25,1,-1
109,5,-4,1.25,1,-1.5
51,5,-4,1.25,1,-2
73,5,-4,1.25,2,-0.5
58,5,-4,1.25,2,-1
54,5,-4,1.25,2,-1.5
68,5,-4,1.25,2,-2
104,5,-4,1.25,3,-0.5
68,5,-4,1.25,3,-1
36,5,-4,1.25,3,-1.5
44,5,-4,1.25,3,-2
125,5,-4,1.25,4,-0.5
29,5,-4,1.25,4,-1
47,5,-4,1.25,4,-1.5
32,5,-4,1.25,4,-2
442,5,-4,1.25,5,-0.5
42,5,-4,1.25,5,-1
113,5,-4,1.25,5,-1.5
49,5,-4,1.25,5,-2
61,5,-4,1.75,1,-0.5
59,5,-4,1.75,1,-1
54,5,-4,1.75,1,-1.5
50,5,-4,1.75,1,-2
65,5,-4,1.75,2,-0.5
74,5,-4,1.75,2,-1
39,5,-4,1.75,2,-1.5
43,5,-4,1.75,2,-2
46,5,-4,1.75,3,-0.5
34,5,-4,1.75,3,-1
53,5,-4,1.75,3,-1.5
46,5,-4,1.75,3,-2
45,5,-4,1.75,4,-0.5
19,5,-4,1.75,4,-1
37,5,-4,1.75,4,-1.5
65,5,-4,1.75,4,-2
39,5,-4,1.75,5,-0.5
29,5,-4,1.75,5,-1
24,5,-4,1.75,5,-1.5
33,5,-4,1.75,5,-2
598,5,-5,0.25,1,-0.5
375,5,-5,0.25,1,-1
280,5,-5,0.25,1,-1.5
406,5,-5,0.25,1,-2
572,5,-5,0.25,2,-0.5
378,5,-5,0.25,2,-1
392,5,-5,0.25,2,-1.5
91,5,-5,0.25,2,-2
572,5,-5,0.25,3,-0.5
378,5,-5,0.25,3,-1
176,5,-5,0.25,3,-1.5
278,5,-5,0.25,3,-2
572,5,-5,0.25,4,-0.5
373,5,-5,0.25,4,-1
120,5,-5,0.25,4,-1.5
368,5,-5,0.25,4,-2
302,5,-5,0.25,5,-0.5
384,5,-5,0.25,5,-1
96,5,-5,0.25,5,-1.5
161,5,-5,0.25,5,-2
382,5,-5,0.75,1,-0.5
143,5,-5,0.75,1,-1
545,5,-5,0.75,1,-1.5
514,5,-5,0.75,1,-2
391,5,-5,0.75,2,-0.5
197,5,-5,0.75,2,-1
199,5,-5,0.75,2,-1.5
115,5,-5,0.75,2,-2
284,5,-5,0.75,3,-0.5
117,5,-5,0.75,3,-1
470,5,-5,0.75,3,-1.5
185,5,-5,0.75,3,-2
248,5,-5,0.75,4,-0.5
163,5,-5,0.75,4,-1
53,5,-5,0.75,4,-1.5
157,5,-5,0.75,4,-2
493,5,-5,0.75,5,-0.5
128,5,-5,0.75,5,-1
119,5,-5,0.75,5,-1.5
299,5,-5,0.75,5,-2
108,5,-5,1.25,1,-0.5
164,5,-5,1.25,1,-1
74,5,-5,1.25,1,-1.5
232,5,-5,1.25,1,-2
46,5,-5,1.25,2,-0.5
25,5,-5,1.25,2,-1
191,5,-5,1.25,2,-1.5
117,5,-5,1.25,2,-2
175,5,-5,1.25,3,-0.5
267,5,-5,1.25,3,-1
58,5,-5,1.25,3,-1.5
48,5,-5,1.25,3,-2
142,5,-5,1.25,4,-0.5
65,5,-5,1.25,4,-1
69,5,-5,1.25,4,-1.5
33,5,-5,1.25,4,-2
40,5,-5,1.25,5,-0.5
49,5,-5,1.25,5,-1
38,5,-5,1.25,5,-1.5
71,5,-5,1.25,5,-2
184,5,-5,1.75,1,-0.5
29,5,-5,1.75,1,-1
30,5,-5,1.75,1,-1.5
36,5,-5,1.75,1,-2
42,5,-5,1.75,2,-0.5
65,5,-5,1.75,2,-1
120,5,-5,1.75,2,-1.5
57,5,-5,1.75,2,-2
86,5,-5,1.75,3,-0.5
44,5,-5,1.75,3,-1
24,5,-5,1.75,3,-1.5
32,5,-5,1.75,3,-2
26,5,-5,1.75,4,-0.5
55,5,-5,1.75,4,-1
44,5,-5,1.75,4,-1.5
34,5,-5,1.75,4,-2
59,5,-5,1.75,5,-0.5
132,5,-5,1.75,5,-1
34,5,-5,1.75,5,-1.5
280,5,-5,1.75,5,-2
