343 -> 419, -4, 1.25, 5, -0.5
353 -> 419, -2, 1.75, 4, -0.5
357 -> 419, -1, 1.75, 5, -0.5
357 -> 419, -1, 1.75, 4, -0.5
359 -> 419, -4, 1.25, 3, -0.5
368 -> 419, -3, 0.75, 2, -0.5
369 -> 419, -4, 1.25, 1, -1
372 -> 419, -4, 0.25, 4, -1
372 -> 419, -4, 0.25, 3, -1
373 -> 419, -4, 0.75, 5, -0.5
377 -> 419, -4, 1.25, 4, -0.5
378 -> 419, -3, 1.75, 4, -1.5
382 -> 419, -3, 1.75, 3, -1.5
385 -> 419, -5, 1.75, 4, -0.5
385 -> 419, -5, 1.75, 3, -0.5
386 -> 419, -1, 1.75, 2, -0.5
388 -> 419, -2, 1.25, 4, -0.5
391 -> 419, -2, 1.75, 3, -1
391 -> 419, -4, 0.75, 2, -0.5
394 -> 419, -5, 1.75, 2, -0.5
394 -> 419, -3, 1.25, 5, -0.5
394 -> 419, -1, 1.75, 3, -0.5
395 -> 419, -1, 0.75, 1, -0.5
397 -> 419, -2, 1.25, 5, -2
399 -> 419, -2, 1.75, 3, -0.5
399 -> 419, -4, 0.75, 4, -0.5
399 -> 419, -3, 1.75, 2, -1.5
403 -> 419, -2, 1.25, 5, -0.5
404 -> 419, -3, 0.75, 3, -0.5
404 -> 419, -1, 1.75, 4, -1
405 -> 419, -1, 1.75, 3, -1
407 -> 419, -3, 1.75, 5, -2
407 -> 419, -3, 1.75, 4, -2
408 -> 419, -5, 1.25, 2, -0.5
408 -> 419, -1, 0.75, 2, -0.5
410 -> 419, -2, 1.75, 2, -0.5
410 -> 419, -2, 1.75, 1, -0.5
411 -> 419, -5, 0.75, 3, -1
412 -> 419, -1, 1.25, 3, -2
412 -> 419, -1, 1.25, 4, -2
412 -> 419, -1, 1.25, 2, -2
412 -> 419, -1, 1.25, 5, -2
412 -> 419, -4, 0.75, 3, -0.5
412 -> 419, -1, 1.25, 1, -2
416 -> 419, -3, 1.25, 3, -1
416 -> 419, -4, 1.75, 3, -1.5
416 -> 419, -1, 1.75, 2, -1
418 -> 419, -3, 1.75, 3, -1
418 -> 419, -2, 0.25, 3, -0.5
418 -> 419, -1, 1.75, 2, -1.5
418 -> 419, -1, 1.75, 1, -1.5
419 -> 419, -2, 1.25, 2, -0.5
419 -> 419, -3, 1.75, 1, -1
419 -> 419, -3, 1.75, 2, -1
419 -> 419, -1, 0.75, 3, -0.5
419 -> 419, -1, 0.25, 5, -2
420 -> 419, -2, 1.25, 2, -2
421 -> 419, -3, 1.75, 1, -1.5
421 -> 419, -2, 1.25, 1, -1
422 -> 419, -5, 1.75, 1, -1.5
423 -> 419, -4, 1.75, 1, -1.5
423 -> 419, -4, 1.75, 4, -1.5
423 -> 419, -3, 1.75, 4, -0.5
423 -> 419, -1, 1.75, 1, -0.5
423 -> 419, -2, 1.25, 1, -0.5
424 -> 419, -3, 0.25, 1, -0.5
424 -> 419, -3, 0.25, 2, -0.5
426 -> 419, -2, 1.25, 3, -0.5
427 -> 419, -4, 1.75, 2, -1
427 -> 419, -4, 1.75, 1, -1
428 -> 419, -5, 0.75, 3, -0.5
428 -> 419, -1, 0.25, 4, -2
428 -> 419, -2, 0.75, 3, -1
428 -> 419, -3, 0.25, 4, -1.5
428 -> 419, -3, 0.25, 5, -1.5
428 -> 419, -1, 0.25, 3, -2
428 -> 419, -1, 0.25, 2, -2
428 -> 419, -1, 0.25, 1, -2
428 -> 419, -2, 0.75, 4, -1
428 -> 419, -3, 0.75, 1, -0.5
428 -> 419, -3, 1.75, 5, -0.5
429 -> 419, -1, 0.75, 3, -1
430 -> 419, -5, 1.25, 1, -2
430 -> 419, -5, 1.25, 2, -2
430 -> 419, -2, 0.75, 2, -0.5
430 -> 419, -2, 0.75, 1, -0.5
432 -> 419, -1, 0.75, 5, -1
433 -> 419, -2, 1.25, 2, -1
434 -> 419, -4, 0.25, 5, -0.5
434 -> 419, -2, 1.25, 4, -2
434 -> 419, -2, 1.25, 3, -2
434 -> 419, -4, 0.75, 1, -2
434 -> 419, -4, 0.25, 4, -0.5
435 -> 419, -3, 0.25, 5, -0.5
435 -> 419, -4, 1.25, 3, -1
435 -> 419, -3, 0.25, 4, -0.5
435 -> 419, -3, 1.75, 5, -1
435 -> 419, -2, 1.25, 3, -1.5
435 -> 419, -3, 0.25, 3, -0.5
437 -> 419, -3, 1.75, 2, -2
437 -> 419, -5, 1.75, 5, -1.5
439 -> 419, -4, 0.25, 4, -2
439 -> 419, -4, 1.75, 2, -1.5
439 -> 419, -5, 1.75, 5, -0.5
439 -> 419, -3, 1.75, 1, -2
440 -> 419, -1, 0.25, 5, -1
440 -> 419, -1, 0.25, 4, -1
440 -> 419, -1, 0.75, 3, -1.5
440 -> 419, -4, 0.25, 5, -2
441 -> 419, -1, 0.75, 4, -1.5
441 -> 419, -2, 1.25, 5, -1
442 -> 419, -2, 1.75, 2, -1.5
442 -> 419, -1, 1.25, 1, -0.5
442 -> 419, -3, 1.25, 2, -1
442 -> 419, -2, 1.25, 4, -1
442 -> 419, -3, 1.25, 1, -1
442 -> 419, -1, 1.25, 2, -0.5
442 -> 419, -2, 1.75, 3, -1.5
443 -> 419, -1, 1.25, 3, -1
443 -> 419, -1, 1.25, 4, -1
443 -> 419, -1, 1.25, 5, -1
444 -> 419, -5, 0.75, 2, -1
444 -> 419, -2, 1.75, 1, -1
444 -> 419, -2, 1.75, 2, -1
444 -> 419, -5, 0.25, 1, -1.5
445 -> 419, -2, 1.75, 4, -1.5
445 -> 419, -2, 1.75, 5, -1.5
446 -> 419, -2, 1.25, 1, -2
446 -> 419, -5, 1.25, 3, -0.5
446 -> 419, -3, 0.25, 3, -2
446 -> 419, -1, 1.75, 5, -1
447 -> 419, -5, 0.75, 1, -1
447 -> 419, -1, 0.75, 5, -0.5
447 -> 419, -1, 0.75, 4, -0.5
448 -> 419, -1, 1.25, 1, -1
448 -> 419, -1, 1.25, 3, -0.5
448 -> 419, -4, 0.75, 3, -1
449 -> 419, -1, 1.75, 1, -2
449 -> 419, -5, 1.25, 5, -0.5
449 -> 419, -1, 1.75, 2, -2
450 -> 419, -3, 0.75, 3, -1.5
450 -> 419, -3, 0.75, 2, -1.5
450 -> 419, -4, 1.25, 2, -2
450 -> 419, -1, 0.25, 1, -0.5
450 -> 419, -4, 1.25, 1, -2
450 -> 419, -1, 1.25, 2, -1
450 -> 419, -1, 0.25, 2, -1
450 -> 419, -1, 0.25, 3, -1
452 -> 419, -2, 0.25, 2, -1
452 -> 419, -3, 1.25, 3, -0.5
452 -> 419, -4, 0.75, 1, -0.5
452 -> 419, -2, 1.75, 5, -0.5
453 -> 419, -4, 1.25, 4, -1
453 -> 419, -4, 1.25, 5, -1
453 -> 419, -1, 0.75, 5, -1.5
453 -> 419, -5, 0.75, 2, -0.5
453 -> 419, -4, 0.75, 5, -2
453 -> 419, -4, 1.75, 5, -1
454 -> 419, -4, 1.25, 4, -1.5
454 -> 419, -4, 1.25, 2, -1.5
454 -> 419, -4, 1.25, 3, -1.5
454 -> 419, -3, 1.25, 4, -0.5
454 -> 419, -4, 1.25, 1, -1.5
454 -> 419, -5, 0.75, 1, -0.5
455 -> 419, -4, 0.25, 4, -1.5
455 -> 419, -1, 1.25, 4, -0.5
455 -> 419, -1, 1.25, 5, -0.5
455 -> 419, -4, 1.25, 1, -0.5
456 -> 419, -4, 0.25, 5, -1.5
456 -> 419, -2, 1.75, 1, -1.5
457 -> 419, -1, 1.75, 4, -2
457 -> 419, -1, 1.75, 3, -2
457 -> 419, -1, 0.75, 4, -1
457 -> 419, -1, 1.75, 1, -1
457 -> 419, -1, 1.25, 5, -1.5
458 -> 419, -3, 1.25, 5, -2
458 -> 419, -3, 1.25, 4, -2
458 -> 419, -1, 0.25, 5, -1.5
459 -> 419, -2, 0.25, 3, -1
459 -> 419, -3, 0.25, 3, -1
459 -> 419, -3, 0.25, 4, -1
460 -> 419, -2, 0.75, 4, -1.5
460 -> 419, -5, 1.25, 3, -1
460 -> 419, -3, 1.75, 1, -0.5
460 -> 419, -5, 1.25, 4, -1
461 -> 419, -3, 1.25, 1, -1.5
461 -> 419, -3, 1.25, 2, -1.5
461 -> 419, -3, 1.25, 2, -2
461 -> 419, -3, 1.25, 3, -2
461 -> 419, -4, 1.25, 5, -1.5
461 -> 419, -2, 0.75, 5, -1
461 -> 419, -3, 1.25, 1, -2
461 -> 419, -4, 0.25, 3, -1.5
462 -> 419, -3, 1.75, 4, -1
462 -> 419, -4, 0.25, 2, -1.5
462 -> 419, -2, 0.25, 2, -2
462 -> 419, -4, 1.75, 4, -1
462 -> 419, -2, 0.25, 3, -2
462 -> 419, -2, 0.25, 4, -2
462 -> 419, -1, 0.75, 2, -1
462 -> 419, -4, 0.25, 1, -1.5
462 -> 419, -2, 1.75, 5, -1
463 -> 419, -2, 0.25, 1, -1.5
463 -> 419, -2, 0.25, 1, -0.5
464 -> 419, -1, 0.75, 1, -1
465 -> 419, -3, 1.25, 3, -1.5
465 -> 419, -2, 1.25, 3, -1
466 -> 419, -1, 1.25, 4, -1.5
466 -> 419, -1, 1.25, 3, -1.5
467 -> 419, -4, 1.25, 2, -1
467 -> 419, -4, 1.75, 5, -1.5
467 -> 419, -3, 1.75, 5, -1.5
467 -> 419, -5, 1.75, 4, -1.5
467 -> 419, -2, 1.25, 5, -1.5
467 -> 419, -2, 0.75, 1, -2
468 -> 419, -5, 1.75, 2, -1.5
468 -> 419, -4, 0.75, 4, -2
468 -> 419, -5, 1.75, 3, -1.5
468 -> 419, -4, 0.25, 2, -0.5
468 -> 419, -4, 0.75, 3, -2
468 -> 419, -4, 0.75, 2, -2
468 -> 419, -4, 0.25, 3, -0.5
469 -> 419, -3, 0.25, 1, -1
469 -> 419, -1, 0.25, 2, -0.5
469 -> 419, -3, 0.25, 2, -1
469 -> 419, -5, 0.75, 4, -1
469 -> 419, -3, 0.75, 4, -1.5
469 -> 419, -1, 0.25, 3, -0.5
469 -> 419, -1, 0.25, 4, -0.5
469 -> 419, -3, 0.75, 5, -1.5
469 -> 419, -5, 0.75, 5, -1
470 -> 419, -2, 1.75, 5, -2
470 -> 419, -2, 1.75, 4, -2
471 -> 419, -4, 0.25, 2, -1
471 -> 419, -1, 1.75, 5, -2
471 -> 419, -4, 0.25, 1, -1
471 -> 419, -4, 1.25, 5, -2
473 -> 419, -2, 0.75, 5, -0.5
473 -> 419, -1, 0.25, 1, -1.5
474 -> 419, -3, 1.25, 1, -0.5
474 -> 419, -5, 1.25, 4, -2
474 -> 419, -5, 1.25, 5, -2
474 -> 419, -3, 1.75, 3, -2
474 -> 419, -3, 1.25, 2, -0.5
475 -> 419, -3, 0.25, 4, -2
475 -> 419, -1, 0.75, 1, -1.5
475 -> 419, -2, 0.75, 5, -1.5
475 -> 419, -3, 0.25, 5, -2
476 -> 419, -4, 0.25, 1, -2
476 -> 419, -2, 1.25, 2, -1.5
476 -> 419, -3, 0.25, 5, -1
478 -> 419, -3, 1.25, 4, -1
478 -> 419, -2, 0.75, 2, -1.5
478 -> 419, -4, 0.25, 1, -0.5
478 -> 419, -2, 0.75, 3, -1.5
479 -> 419, -5, 1.25, 4, -0.5
480 -> 419, -2, 0.75, 1, -1
480 -> 419, -3, 1.75, 3, -0.5
480 -> 419, -3, 1.75, 2, -0.5
480 -> 419, -1, 0.25, 5, -0.5
481 -> 419, -3, 0.75, 1, -1.5
484 -> 419, -2, 0.25, 4, -1.5
484 -> 419, -2, 0.25, 2, -0.5
484 -> 419, -2, 0.25, 2, -1.5
484 -> 419, -2, 0.25, 3, -1.5
484 -> 419, -2, 0.25, 5, -1.5
485 -> 419, -4, 0.25, 3, -2
485 -> 419, -3, 1.25, 4, -1.5
485 -> 419, -3, 1.25, 5, -1.5
486 -> 419, -2, 1.25, 4, -1.5
486 -> 419, -4, 0.25, 2, -2
487 -> 419, -2, 0.75, 2, -1
488 -> 419, -2, 0.25, 5, -0.5
488 -> 419, -5, 1.25, 5, -1
488 -> 419, -2, 0.25, 4, -0.5
488 -> 419, -4, 1.75, 3, -1
489 -> 419, -2, 1.25, 1, -1.5
490 -> 419, -2, 1.75, 3, -2
490 -> 419, -2, 1.75, 1, -2
490 -> 419, -1, 1.75, 5, -1.5
490 -> 419, -5, 0.75, 4, -0.5
490 -> 419, -5, 0.75, 5, -0.5
490 -> 419, -5, 0.25, 5, -1
490 -> 419, -2, 1.75, 2, -2
491 -> 419, -5, 1.25, 3, -2
491 -> 419, -2, 0.75, 1, -1.5
491 -> 419, -2, 0.25, 5, -2
491 -> 419, -2, 0.25, 5, -1
491 -> 419, -2, 0.25, 4, -1
492 -> 419, -5, 0.25, 2, -1
492 -> 419, -5, 0.25, 3, -1
492 -> 419, -5, 0.25, 4, -1
492 -> 419, -1, 0.75, 2, -1.5
493 -> 419, -1, 1.25, 2, -1.5
493 -> 419, -5, 0.25, 1, -1
493 -> 419, -1, 1.25, 1, -1.5
494 -> 419, -3, 0.25, 1, -2
494 -> 419, -4, 0.75, 5, -1
494 -> 419, -1, 0.25, 4, -1.5
494 -> 419, -4, 0.75, 4, -1
494 -> 419, -3, 0.25, 2, -2
496 -> 419, -4, 0.75, 1, -1.5
496 -> 419, -4, 0.75, 2, -1.5
496 -> 419, -4, 0.75, 3, -1.5
496 -> 419, -4, 0.75, 5, -1.5
496 -> 419, -4, 0.75, 4, -1.5
499 -> 419, -5, 1.75, 1, -0.5
499 -> 419, -1, 0.75, 1, -2
500 -> 419, -5, 0.75, 2, -1.5
500 -> 419, -1, 0.25, 3, -1.5
500 -> 419, -1, 0.25, 2, -1.5
500 -> 419, -3, 0.75, 2, -1
500 -> 419, -3, 0.75, 4, -1
500 -> 419, -3, 0.75, 5, -1
500 -> 419, -3, 0.75, 3, -1
500 -> 419, -3, 0.75, 1, -1
501 -> 419, -3, 0.25, 2, -1.5
503 -> 419, -2, 1.75, 4, -1
503 -> 419, -5, 0.75, 3, -1.5
503 -> 419, -5, 0.75, 5, -1.5
503 -> 419, -5, 0.75, 4, -1.5
503 -> 419, -1, 1.75, 3, -1.5
503 -> 419, -1, 1.75, 4, -1.5
504 -> 419, -1, 0.75, 5, -2
506 -> 419, -3, 0.25, 1, -1.5
507 -> 419, -2, 0.75, 4, -0.5
508 -> 419, -2, 0.75, 3, -0.5
508 -> 419, -5, 0.25, 5, -2
511 -> 419, -2, 0.25, 1, -1
512 -> 419, -5, 0.75, 1, -1.5
513 -> 419, -1, 0.25, 1, -1
513 -> 419, -5, 0.25, 2, -1.5
514 -> 419, -4, 0.75, 1, -1
514 -> 419, -4, 0.75, 2, -1
518 -> 419, -5, 0.75, 3, -2
518 -> 419, -5, 0.75, 2, -2
518 -> 419, -5, 0.75, 1, -2
520 -> 419, -3, 0.25, 3, -1.5
521 -> 419, -5, 0.25, 3, -1.5
522 -> 419, -5, 1.75, 2, -1
522 -> 419, -5, 1.75, 1, -1
522 -> 419, -1, 0.75, 2, -2
522 -> 419, -1, 0.75, 3, -2
522 -> 419, -5, 1.25, 1, -0.5
522 -> 419, -1, 0.75, 4, -2
522 -> 419, -5, 1.75, 3, -1
522 -> 419, -5, 1.75, 4, -1
522 -> 419, -5, 1.75, 5, -1
528 -> 419, -4, 1.75, 5, -2
528 -> 419, -3, 1.25, 5, -1
528 -> 419, -4, 1.75, 1, -2
528 -> 419, -4, 1.75, 4, -2
528 -> 419, -4, 1.75, 2, -2
528 -> 419, -4, 1.75, 3, -2
531 -> 419, -2, 0.75, 5, -2
531 -> 419, -2, 0.75, 3, -2
531 -> 419, -2, 0.75, 4, -2
531 -> 419, -2, 0.75, 2, -2
531 -> 419, -5, 0.25, 2, -0.5
533 -> 419, -5, 0.25, 1, -0.5
538 -> 419, -4, 0.25, 5, -1
539 -> 419, -2, 0.25, 1, -2
542 -> 419, -4, 1.25, 4, -2
542 -> 419, -4, 1.25, 3, -2
543 -> 419, -5, 0.25, 4, -1.5
543 -> 419, -5, 0.25, 5, -1.5
543 -> 419, -3, 0.75, 5, -0.5
549 -> 419, -5, 1.75, 3, -2
549 -> 419, -5, 1.75, 2, -2
549 -> 419, -5, 1.75, 1, -2
549 -> 419, -5, 1.75, 4, -2
549 -> 419, -5, 1.75, 5, -2
550 -> 419, -5, 0.25, 2, -2
550 -> 419, -5, 0.25, 1, -2
550 -> 419, -5, 0.25, 3, -2
550 -> 419, -5, 0.25, 4, -2
553 -> 419, -5, 0.25, 3, -0.5
553 -> 419, -5, 0.25, 5, -0.5
553 -> 419, -5, 0.25, 4, -0.5
555 -> 419, -3, 0.75, 1, -2
555 -> 419, -3, 0.75, 2, -2
555 -> 419, -3, 0.75, 3, -2
555 -> 419, -3, 0.75, 4, -2
555 -> 419, -3, 0.75, 5, -2
557 -> 419, -5, 1.25, 1, -1.5
560 -> 419, -3, 0.75, 4, -0.5
561 -> 419, -5, 0.75, 5, -2
561 -> 419, -5, 0.75, 4, -2
566 -> 419, -5, 1.25, 5, -1.5
566 -> 419, -5, 1.25, 3, -1.5
566 -> 419, -5, 1.25, 4, -1.5
566 -> 419, -5, 1.25, 2, -1.5
573 -> 419, -4, 1.75, 5, -0.5
577 -> 419, -4, 1.25, 2, -0.5
580 -> 419, -4, 1.75, 4, -0.5
580 -> 419, -4, 1.75, 3, -0.5
580 -> 419, -4, 1.75, 2, -0.5
580 -> 419, -4, 1.75, 1, -0.5
610 -> 419, -5, 1.25, 1, -1
610 -> 419, -5, 1.25, 2, -1
