341 -> 437, -1, 1.25, 3, -0.5
354 -> 437, -3, 0.75, 5, -1
359 -> 437, -4, 1.75, 1, -1
362 -> 437, -3, 0.25, 1, -0.5
364 -> 437, -4, 1.75, 2, -1
365 -> 437, -1, 1.75, 1, -1
370 -> 437, -4, 1.75, 4, -0.5
372 -> 437, -1, 0.75, 1, -0.5
377 -> 437, -5, 0.75, 4, -0.5
379 -> 437, -2, 0.75, 5, -2
383 -> 437, -4, 0.75, 3, -0.5
385 -> 437, -5, 0.75, 5, -0.5
387 -> 437, -3, 1.75, 4, -0.5
388 -> 437, -4, 1.75, 5, -0.5
390 -> 437, -1, 1.75, 5, -1.5
390 -> 437, -3, 1.25, 5, -1.5
390 -> 437, -3, 1.25, 4, -1.5
391 -> 437, -2, 1.75, 5, -1
391 -> 437, -4, 1.75, 5, -1
392 -> 437, -4, 1.75, 1, -1.5
393 -> 437, -5, 1.25, 1, -1.5
393 -> 437, -5, 1.25, 2, -1.5
394 -> 437, -3, 0.75, 3, -0.5
395 -> 437, -4, 0.75, 1, -0.5
398 -> 437, -3, 0.75, 1, -1
401 -> 437, -2, 0.75, 1, -1
401 -> 437, -1, 1.75, 2, -1.5
402 -> 437, -1, 1.25, 5, -2
404 -> 437, -5, 0.75, 3, -0.5
406 -> 437, -1, 1.25, 4, -2
406 -> 437, -1, 1.75, 3, -1
406 -> 437, -1, 1.75, 4, -1
406 -> 437, -2, 0.75, 1, -1.5
407 -> 437, -2, 1.75, 4, -1
408 -> 437, -3, 1.25, 3, -1.5
409 -> 437, -3, 1.75, 2, -1
410 -> 437, -4, 1.75, 2, -0.5
410 -> 437, -4, 1.75, 3, -0.5
410 -> 437, -3, 0.75, 5, -0.5
410 -> 437, -4, 1.25, 5, -1.5
411 -> 437, -3, 1.25, 2, -1.5
413 -> 437, -4, 1.25, 4, -1.5
413 -> 437, -1, 1.25, 5, -1.5
413 -> 437, -4, 1.25, 3, -1.5
414 -> 437, -2, 0.75, 3, -2
414 -> 437, -4, 0.25, 1, -0.5
414 -> 437, -3, 1.75, 4, -1
415 -> 437, -3, 0.75, 2, -1
417 -> 437, -3, 0.25, 5, -1.5
417 -> 437, -2, 0.25, 5, -0.5
417 -> 437, -3, 0.25, 4, -0.5
418 -> 437, -5, 1.25, 3, -1.5
418 -> 437, -5, 1.25, 4, -1.5
418 -> 437, -5, 1.25, 5, -1.5
419 -> 437, -3, 1.75, 1, -1
419 -> 437, -1, 0.75, 1, -1
419 -> 437, -2, 0.75, 4, -2
419 -> 437, -3, 0.25, 4, -1.5
420 -> 437, -3, 0.25, 2, -1.5
420 -> 437, -3, 0.25, 3, -1.5
421 -> 437, -3, 1.25, 4, -1
421 -> 437, -3, 0.75, 1, -0.5
422 -> 437, -1, 0.75, 4, -0.5
422 -> 437, -2, 1.25, 4, -0.5
422 -> 437, -1, 1.25, 5, -0.5
424 -> 437, -3, 1.75, 3, -1
425 -> 437, -2, 0.75, 3, -1
425 -> 437, -3, 1.75, 5, -0.5
426 -> 437, -2, 0.25, 1, -1
426 -> 437, -2, 0.25, 2, -1
426 -> 437, -5, 0.75, 5, -1.5
427 -> 437, -1, 1.25, 2, -2
428 -> 437, -1, 1.25, 2, -1.5
429 -> 437, -4, 1.25, 2, -1.5
429 -> 437, -1, 1.25, 1, -0.5
429 -> 437, -4, 1.25, 1, -1.5
429 -> 437, -1, 1.25, 2, -0.5
429 -> 437, -1, 1.25, 1, -1.5
430 -> 437, -1, 1.75, 3, -1.5
430 -> 437, -1, 1.75, 4, -2
430 -> 437, -1, 1.75, 5, -2
430 -> 437, -4, 1.25, 5, -1
430 -> 437, -2, 1.25, 1, -2
430 -> 437, -1, 1.75, 2, -1
433 -> 437, -2, 1.25, 2, -1
433 -> 437, -1, 1.75, 1, -1.5
433 -> 437, -2, 1.25, 1, -1
433 -> 437, -5, 0.75, 3, -1.5
433 -> 437, -2, 0.25, 1, -0.5
433 -> 437, -2, 1.75, 5, -0.5
433 -> 437, -1, 1.25, 4, -1
433 -> 437, -1, 1.25, 4, -0.5
433 -> 437, -2, 0.25, 3, -1
434 -> 437, -3, 0.75, 4, -1
434 -> 437, -2, 1.75, 2, -1.5
434 -> 437, -2, 1.75, 1, -1.5
435 -> 437, -2, 1.25, 4, -1.5
435 -> 437, -3, 1.25, 1, -1
435 -> 437, -2, 0.75, 1, -0.5
435 -> 437, -2, 0.75, 2, -1
435 -> 437, -2, 1.75, 3, -1.5
436 -> 437, -2, 1.25, 5, -1.5
437 -> 437, -3, 1.25, 2, -1
437 -> 437, -3, 1.25, 3, -1
437 -> 437, -1, 1.25, 3, -1.5
438 -> 437, -4, 1.75, 2, -1.5
438 -> 437, -2, 0.75, 4, -1
439 -> 437, -2, 0.75, 5, -0.5
439 -> 437, -4, 0.25, 4, -1
439 -> 437, -1, 0.75, 5, -0.5
439 -> 437, -4, 0.25, 5, -1
439 -> 437, -1, 1.25, 5, -1
439 -> 437, -4, 1.75, 5, -1.5
440 -> 437, -4, 1.25, 5, -2
441 -> 437, -4, 1.25, 4, -1
441 -> 437, -3, 1.75, 5, -1
442 -> 437, -2, 1.75, 4, -1.5
442 -> 437, -2, 1.75, 5, -1.5
443 -> 437, -4, 1.75, 4, -2
443 -> 437, -4, 1.75, 5, -2
444 -> 437, -5, 0.75, 4, -1.5
444 -> 437, -4, 1.75, 3, -1.5
444 -> 437, -5, 0.25, 1, -0.5
444 -> 437, -4, 1.75, 4, -1.5
444 -> 437, -1, 1.25, 3, -2
445 -> 437, -5, 1.75, 4, -1
445 -> 437, -2, 0.25, 2, -0.5
445 -> 437, -5, 1.75, 5, -1
446 -> 437, -5, 0.75, 3, -1
446 -> 437, -5, 0.75, 2, -1
446 -> 437, -3, 1.25, 1, -1.5
446 -> 437, -3, 1.25, 5, -1
447 -> 437, -2, 1.25, 5, -2
447 -> 437, -1, 0.25, 2, -0.5
447 -> 437, -1, 0.75, 1, -2
448 -> 437, -2, 1.75, 3, -1
448 -> 437, -1, 1.25, 4, -1.5
449 -> 437, -1, 1.75, 4, -1.5
450 -> 437, -1, 1.25, 1, -1
451 -> 437, -1, 0.75, 2, -1.5
451 -> 437, -1, 1.75, 3, -0.5
451 -> 437, -2, 1.75, 3, -0.5
452 -> 437, -5, 1.75, 1, -0.5
452 -> 437, -2, 1.25, 3, -1
452 -> 437, -1, 1.25, 1, -2
452 -> 437, -3, 0.75, 2, -1.5
452 -> 437, -2, 1.25, 5, -1
452 -> 437, -2, 1.25, 4, -1
453 -> 437, -5, 1.75, 1, -2
453 -> 437, -2, 1.75, 2, -1
453 -> 437, -3, 1.75, 5, -1.5
453 -> 437, -3, 0.75, 4, -0.5
454 -> 437, -3, 1.25, 2, -2
454 -> 437, -4, 1.75, 2, -2
454 -> 437, -4, 0.25, 3, -1
454 -> 437, -1, 1.75, 5, -1
454 -> 437, -4, 1.75, 1, -2
454 -> 437, -1, 0.75, 1, -1.5
456 -> 437, -3, 0.75, 3, -1
456 -> 437, -2, 1.25, 3, -1.5
456 -> 437, -4, 1.75, 1, -0.5
456 -> 437, -4, 0.75, 1, -1
458 -> 437, -3, 0.75, 4, -2
458 -> 437, -5, 1.75, 4, -1.5
458 -> 437, -5, 1.75, 5, -1.5
458 -> 437, -3, 0.75, 5, -2
458 -> 437, -3, 1.25, 5, -2
458 -> 437, -3, 0.75, 3, -2
458 -> 437, -4, 0.75, 1, -2
459 -> 437, -4, 0.25, 2, -0.5
459 -> 437, -4, 0.25, 3, -0.5
459 -> 437, -4, 0.25, 5, -0.5
459 -> 437, -3, 0.75, 2, -2
459 -> 437, -3, 0.75, 1, -2
459 -> 437, -4, 0.25, 4, -0.5
459 -> 437, -5, 0.25, 4, -2
459 -> 437, -5, 0.25, 3, -2
459 -> 437, -5, 0.25, 5, -2
460 -> 437, -3, 1.25, 1, -0.5
460 -> 437, -3, 1.75, 2, -0.5
460 -> 437, -3, 1.25, 2, -0.5
460 -> 437, -5, 1.75, 4, -2
460 -> 437, -3, 1.75, 1, -0.5
460 -> 437, -5, 1.75, 3, -2
460 -> 437, -5, 1.75, 2, -2
460 -> 437, -3, 1.75, 3, -0.5
460 -> 437, -5, 1.75, 5, -2
460 -> 437, -3, 0.75, 2, -0.5
461 -> 437, -2, 0.25, 3, -2
461 -> 437, -2, 0.25, 2, -2
461 -> 437, -2, 1.25, 5, -0.5
461 -> 437, -2, 0.75, 1, -2
461 -> 437, -3, 0.25, 1, -1.5
461 -> 437, -4, 0.25, 2, -1
461 -> 437, -5, 1.75, 2, -1.5
461 -> 437, -5, 1.75, 3, -1.5
461 -> 437, -2, 0.75, 2, -2
462 -> 437, -3, 1.75, 3, -1.5
462 -> 437, -2, 0.75, 3, -1.5
462 -> 437, -1, 1.75, 4, -0.5
462 -> 437, -3, 1.75, 2, -1.5
463 -> 437, -2, 1.75, 5, -2
463 -> 437, -4, 1.25, 2, -2
463 -> 437, -4, 1.25, 4, -2
463 -> 437, -2, 1.75, 4, -2
463 -> 437, -4, 1.25, 3, -2
463 -> 437, -3, 1.25, 1, -2
463 -> 437, -5, 1.75, 1, -1.5
463 -> 437, -1, 1.75, 3, -2
464 -> 437, -4, 1.25, 1, -2
465 -> 437, -4, 0.75, 3, -2
465 -> 437, -4, 0.75, 2, -2
466 -> 437, -1, 1.25, 2, -1
466 -> 437, -1, 0.75, 2, -1
466 -> 437, -1, 0.75, 5, -1
466 -> 437, -1, 0.75, 4, -1
466 -> 437, -1, 0.75, 3, -1
467 -> 437, -5, 0.25, 5, -1.5
468 -> 437, -1, 0.75, 2, -2
468 -> 437, -2, 1.25, 2, -2
468 -> 437, -2, 1.25, 3, -2
468 -> 437, -2, 0.75, 4, -1.5
468 -> 437, -4, 1.25, 1, -1
468 -> 437, -4, 1.25, 2, -1
468 -> 437, -4, 1.25, 3, -1
468 -> 437, -1, 0.75, 3, -2
469 -> 437, -4, 0.75, 3, -1.5
469 -> 437, -2, 0.25, 5, -2
469 -> 437, -4, 1.75, 4, -1
469 -> 437, -4, 1.75, 3, -1
469 -> 437, -2, 0.25, 4, -2
470 -> 437, -4, 0.25, 5, -2
470 -> 437, -3, 0.25, 3, -0.5
470 -> 437, -4, 0.25, 4, -2
470 -> 437, -4, 0.25, 1, -2
470 -> 437, -4, 0.25, 3, -2
470 -> 437, -1, 0.25, 5, -1.5
470 -> 437, -4, 0.25, 2, -2
471 -> 437, -3, 0.75, 1, -1.5
472 -> 437, -3, 1.25, 3, -0.5
472 -> 437, -3, 1.25, 4, -0.5
472 -> 437, -5, 0.25, 5, -1
472 -> 437, -5, 0.25, 4, -1
472 -> 437, -5, 0.25, 3, -1
472 -> 437, -5, 0.25, 2, -1
473 -> 437, -2, 1.25, 3, -0.5
474 -> 437, -1, 1.75, 2, -2
474 -> 437, -1, 1.75, 1, -2
476 -> 437, -2, 0.75, 5, -1
476 -> 437, -1, 0.25, 1, -1
476 -> 437, -1, 1.75, 2, -0.5
477 -> 437, -2, 1.75, 3, -2
477 -> 437, -3, 0.25, 5, -0.5
477 -> 437, -2, 1.75, 2, -2
477 -> 437, -2, 1.75, 1, -2
478 -> 437, -4, 0.75, 4, -0.5
479 -> 437, -2, 0.25, 4, -1.5
479 -> 437, -2, 0.25, 5, -1.5
479 -> 437, -2, 0.25, 3, -1.5
479 -> 437, -2, 0.75, 5, -1.5
480 -> 437, -1, 0.75, 3, -1.5
480 -> 437, -1, 1.75, 5, -0.5
481 -> 437, -4, 1.75, 3, -2
481 -> 437, -1, 0.25, 5, -2
481 -> 437, -1, 0.25, 1, -0.5
481 -> 437, -1, 0.25, 3, -1.5
481 -> 437, -1, 0.25, 4, -1.5
481 -> 437, -3, 0.75, 3, -1.5
481 -> 437, -1, 0.25, 4, -2
482 -> 437, -3, 0.25, 4, -2
482 -> 437, -2, 1.25, 2, -0.5
483 -> 437, -1, 0.75, 3, -0.5
483 -> 437, -2, 1.25, 1, -0.5
483 -> 437, -1, 0.25, 3, -2
483 -> 437, -4, 0.25, 1, -1
483 -> 437, -1, 0.75, 2, -0.5
484 -> 437, -2, 1.25, 4, -2
484 -> 437, -3, 0.25, 1, -1
485 -> 437, -4, 0.75, 2, -1.5
485 -> 437, -2, 1.25, 1, -1.5
485 -> 437, -4, 0.75, 1, -1.5
486 -> 437, -1, 0.25, 3, -1
486 -> 437, -3, 1.25, 5, -0.5
486 -> 437, -1, 0.25, 5, -1
486 -> 437, -1, 0.25, 4, -1
487 -> 437, -1, 0.25, 3, -0.5
487 -> 437, -1, 0.25, 5, -0.5
487 -> 437, -1, 0.25, 4, -0.5
488 -> 437, -4, 0.25, 3, -1.5
488 -> 437, -4, 0.75, 5, -2
488 -> 437, -2, 0.25, 4, -1
488 -> 437, -4, 0.25, 4, -1.5
488 -> 437, -4, 0.25, 2, -1.5
488 -> 437, -4, 0.75, 4, -2
488 -> 437, -4, 0.25, 5, -1.5
488 -> 437, -2, 0.25, 5, -1
490 -> 437, -3, 0.75, 4, -1.5
490 -> 437, -3, 0.75, 5, -1.5
490 -> 437, -4, 0.25, 1, -1.5
491 -> 437, -1, 0.75, 4, -2
491 -> 437, -5, 0.25, 1, -1
491 -> 437, -1, 0.75, 5, -2
491 -> 437, -1, 1.75, 1, -0.5
492 -> 437, -2, 0.75, 2, -0.5
494 -> 437, -4, 0.75, 2, -0.5
494 -> 437, -2, 0.25, 1, -2
495 -> 437, -1, 0.75, 4, -1.5
495 -> 437, -1, 0.25, 1, -2
497 -> 437, -5, 0.75, 4, -2
497 -> 437, -5, 0.75, 2, -2
497 -> 437, -5, 0.75, 5, -2
497 -> 437, -3, 0.25, 5, -2
497 -> 437, -5, 0.75, 3, -2
497 -> 437, -5, 0.75, 1, -2
498 -> 437, -5, 0.75, 2, -0.5
498 -> 437, -4, 0.75, 3, -1
498 -> 437, -4, 0.75, 4, -1
498 -> 437, -4, 0.75, 2, -1
499 -> 437, -3, 1.75, 4, -1.5
499 -> 437, -1, 0.75, 5, -1.5
500 -> 437, -1, 0.25, 1, -1.5
500 -> 437, -3, 0.25, 2, -0.5
500 -> 437, -4, 0.75, 5, -1
503 -> 437, -5, 0.25, 4, -1.5
503 -> 437, -5, 0.25, 3, -1.5
505 -> 437, -4, 0.75, 5, -0.5
506 -> 437, -5, 0.25, 2, -1.5
509 -> 437, -2, 0.75, 4, -0.5
510 -> 437, -1, 0.25, 2, -2
510 -> 437, -2, 0.25, 3, -0.5
511 -> 437, -1, 1.25, 3, -1
512 -> 437, -2, 1.75, 2, -0.5
512 -> 437, -1, 0.25, 2, -1
513 -> 437, -2, 0.25, 1, -1.5
513 -> 437, -2, 0.25, 2, -1.5
513 -> 437, -2, 1.25, 2, -1.5
515 -> 437, -2, 0.25, 4, -0.5
516 -> 437, -5, 0.25, 1, -1.5
517 -> 437, -2, 1.75, 4, -0.5
522 -> 437, -2, 1.75, 1, -1
522 -> 437, -2, 0.75, 2, -1.5
524 -> 437, -1, 0.25, 2, -1.5
525 -> 437, -5, 0.75, 1, -1.5
525 -> 437, -5, 0.75, 2, -1.5
527 -> 437, -5, 1.25, 2, -2
527 -> 437, -5, 1.25, 5, -2
527 -> 437, -5, 1.25, 4, -2
527 -> 437, -5, 1.25, 1, -2
527 -> 437, -5, 1.25, 3, -2
531 -> 437, -3, 1.25, 3, -2
531 -> 437, -3, 1.25, 4, -2
532 -> 437, -4, 0.75, 5, -1.5
532 -> 437, -4, 0.75, 4, -1.5
534 -> 437, -2, 0.75, 3, -0.5
534 -> 437, -3, 1.75, 1, -1.5
542 -> 437, -4, 1.25, 1, -0.5
542 -> 437, -4, 1.25, 3, -0.5
542 -> 437, -4, 1.25, 4, -0.5
542 -> 437, -5, 0.75, 1, -0.5
542 -> 437, -4, 1.25, 5, -0.5
542 -> 437, -4, 1.25, 2, -0.5
543 -> 437, -3, 1.75, 4, -2
543 -> 437, -3, 1.75, 5, -2
545 -> 437, -3, 0.25, 1, -2
545 -> 437, -3, 0.25, 2, -2
545 -> 437, -3, 0.25, 3, -2
548 -> 437, -5, 1.75, 1, -1
548 -> 437, -5, 1.75, 3, -1
548 -> 437, -5, 1.75, 2, -1
551 -> 437, -3, 1.75, 2, -2
551 -> 437, -3, 1.75, 1, -2
551 -> 437, -3, 1.75, 3, -2
557 -> 437, -2, 1.75, 1, -0.5
610 -> 437, -5, 1.75, 5, -0.5
610 -> 437, -5, 1.75, 4, -0.5
610 -> 437, -5, 1.75, 3, -0.5
610 -> 437, -5, 1.75, 2, -0.5
617 -> 437, -5, 0.75, 1, -1
618 -> 437, -3, 0.25, 5, -1
618 -> 437, -3, 0.25, 4, -1
618 -> 437, -3, 0.25, 2, -1
618 -> 437, -3, 0.25, 3, -1
634 -> 437, -5, 0.75, 4, -1
634 -> 437, -5, 0.75, 5, -1
638 -> 437, -5, 1.25, 2, -0.5
638 -> 437, -5, 1.25, 4, -0.5
638 -> 437, -5, 1.25, 1, -0.5
638 -> 437, -5, 1.25, 5, -0.5
638 -> 437, -5, 1.25, 3, -0.5
650 -> 437, -5, 0.25, 2, -2
650 -> 437, -5, 0.25, 1, -2
713 -> 437, -5, 1.25, 1, -1
713 -> 437, -5, 1.25, 3, -1
713 -> 437, -5, 1.25, 2, -1
713 -> 437, -5, 1.25, 5, -1
713 -> 437, -5, 1.25, 4, -1
764 -> 437, -5, 0.25, 3, -0.5
764 -> 437, -5, 0.25, 4, -0.5
764 -> 437, -5, 0.25, 2, -0.5
782 -> 437, -5, 0.25, 5, -0.5
