364 -> 302, -3, 1.75, 1, -0.5
365 -> 302, -2, 1.75, 1, -0.5
365 -> 302, -3, 0.75, 4, -1
365 -> 302, -2, 1.75, 2, -0.5
367 -> 302, -4, 1.75, 1, -1.5
367 -> 302, -4, 1.75, 2, -1.5
371 -> 302, -4, 0.75, 5, -0.5
371 -> 302, -3, 1.25, 3, -1.5
374 -> 302, -3, 1.75, 3, -0.5
378 -> 302, -3, 0.75, 1, -2
379 -> 302, -2, 1.75, 3, -0.5
385 -> 302, -2, 1.25, 4, -1
387 -> 302, -1, 1.25, 4, -2
387 -> 302, -2, 1.75, 4, -2
387 -> 302, -1, 1.75, 2, -1
388 -> 302, -3, 0.75, 5, -1
390 -> 302, -3, 1.25, 2, -0.5
391 -> 302, -4, 0.25, 3, -0.5
393 -> 302, -3, 1.25, 1, -0.5
393 -> 302, -3, 0.75, 3, -0.5
393 -> 302, -1, 1.75, 1, -2
395 -> 302, -5, 1.75, 2, -1
396 -> 302, -2, 1.75, 2, -2
396 -> 302, -2, 1.75, 3, -2
397 -> 302, -3, 0.75, 3, -2
397 -> 302, -3, 0.75, 2, -2
398 -> 302, -5, 0.75, 1, -0.5
398 -> 302, -2, 1.25, 5, -1.5
399 -> 302, -3, 0.75, 5, -0.5
399 -> 302, -1, 0.75, 1, -1.5
400 -> 302, -2, 0.25, 1, -1.5
400 -> 302, -3, 1.75, 5, -1.5
401 -> 302, -3, 1.75, 1, -1
402 -> 302, -2, 1.75, 4, -0.5
402 -> 302, -2, 1.75, 5, -0.5
402 -> 302, -4, 1.25, 1, -1.5
404 -> 302, -4, 1.75, 4, -2
405 -> 302, -4, 1.25, 3, -1
406 -> 302, -4, 0.75, 4, -1
406 -> 302, -3, 1.75, 2, -0.5
406 -> 302, -4, 0.75, 3, -1
407 -> 302, -3, 1.75, 2, -1
408 -> 302, -4, 1.25, 2, -1.5
408 -> 302, -4, 1.25, 3, -1.5
409 -> 302, -1, 1.75, 5, -1
409 -> 302, -4, 1.75, 2, -2
410 -> 302, -2, 1.25, 4, -0.5
410 -> 302, -4, 1.25, 3, -2
411 -> 302, -1, 0.75, 1, -0.5
411 -> 302, -4, 1.75, 3, -2
411 -> 302, -4, 0.75, 5, -2
412 -> 302, -2, 1.25, 5, -0.5
412 -> 302, -5, 1.25, 5, -0.5
412 -> 302, -5, 1.25, 4, -0.5
413 -> 302, -3, 0.75, 1, -0.5
414 -> 302, -1, 1.75, 5, -0.5
414 -> 302, -1, 1.75, 4, -0.5
414 -> 302, -2, 1.25, 4, -1.5
414 -> 302, -4, 0.75, 5, -1
415 -> 302, -4, 1.75, 2, -1
416 -> 302, -2, 1.75, 1, -2
417 -> 302, -2, 1.25, 3, -1.5
417 -> 302, -1, 0.75, 3, -2
417 -> 302, -2, 1.25, 2, -1.5
417 -> 302, -1, 0.75, 4, -2
417 -> 302, -2, 1.75, 2, -1
417 -> 302, -1, 0.75, 5, -2
418 -> 302, -1, 0.25, 4, -0.5
418 -> 302, -5, 1.25, 2, -2
418 -> 302, -1, 0.25, 3, -0.5
418 -> 302, -5, 1.25, 1, -2
418 -> 302, -1, 1.25, 3, -2
418 -> 302, -1, 0.25, 5, -0.5
418 -> 302, -2, 0.25, 1, -0.5
418 -> 302, -1, 1.25, 2, -2
419 -> 302, -3, 1.75, 2, -2
419 -> 302, -3, 1.75, 3, -2
419 -> 302, -3, 1.75, 4, -2
419 -> 302, -1, 0.25, 2, -0.5
422 -> 302, -2, 0.75, 3, -1
422 -> 302, -2, 0.75, 5, -2
422 -> 302, -2, 0.75, 2, -1
422 -> 302, -2, 0.75, 3, -2
422 -> 302, -2, 0.75, 4, -2
423 -> 302, -4, 1.25, 4, -1
423 -> 302, -4, 1.25, 5, -1
424 -> 302, -2, 1.25, 3, -2
424 -> 302, -2, 1.25, 2, -2
424 -> 302, -4, 0.25, 1, -2
424 -> 302, -4, 0.75, 2, -1
424 -> 302, -4, 0.25, 2, -2
424 -> 302, -4, 0.75, 1, -1
424 -> 302, -4, 0.25, 3, -2
425 -> 302, -5, 1.75, 5, -2
425 -> 302, -5, 0.75, 4, -2
425 -> 302, -2, 1.25, 1, -1
425 -> 302, -2, 0.75, 5, -1.5
425 -> 302, -4, 0.75, 2, -1.5
426 -> 302, -2, 0.75, 4, -1.5
426 -> 302, -2, 0.75, 3, -1.5
426 -> 302, -4, 0.75, 4, -0.5
426 -> 302, -2, 0.75, 2, -1.5
426 -> 302, -4, 0.25, 5, -0.5
426 -> 302, -1, 1.75, 2, -0.5
426 -> 302, -2, 0.75, 1, -1.5
427 -> 302, -2, 1.75, 1, -1
427 -> 302, -2, 1.25, 5, -2
427 -> 302, -1, 1.25, 1, -1.5
428 -> 302, -2, 0.25, 3, -1.5
428 -> 302, -4, 1.25, 4, -0.5
428 -> 302, -4, 1.25, 5, -0.5
428 -> 302, -2, 0.25, 4, -1.5
428 -> 302, -3, 1.75, 5, -1
429 -> 302, -4, 0.25, 2, -1
429 -> 302, -4, 0.25, 3, -1
430 -> 302, -3, 1.75, 5, -2
430 -> 302, -2, 1.75, 3, -1.5
432 -> 302, -3, 1.75, 2, -1.5
432 -> 302, -4, 1.75, 3, -1
432 -> 302, -4, 1.75, 3, -1.5
432 -> 302, -3, 0.25, 4, -0.5
432 -> 302, -4, 1.75, 4, -1.5
432 -> 302, -3, 0.25, 5, -0.5
432 -> 302, -2, 1.25, 3, -0.5
432 -> 302, -3, 0.25, 2, -0.5
432 -> 302, -4, 1.75, 4, -1
433 -> 302, -5, 1.25, 4, -2
433 -> 302, -5, 1.25, 5, -2
434 -> 302, -1, 0.25, 1, -0.5
434 -> 302, -1, 1.25, 4, -1
435 -> 302, -4, 0.75, 1, -1.5
435 -> 302, -1, 0.25, 3, -1
435 -> 302, -3, 1.25, 4, -1.5
435 -> 302, -3, 1.25, 5, -1.5
436 -> 302, -1, 0.25, 5, -1.5
436 -> 302, -4, 1.25, 4, -1.5
436 -> 302, -5, 0.75, 3, -2
436 -> 302, -1, 0.25, 3, -1.5
436 -> 302, -1, 0.25, 4, -1.5
436 -> 302, -5, 0.75, 2, -2
436 -> 302, -5, 0.75, 1, -2
436 -> 302, -4, 0.25, 2, -0.5
437 -> 302, -1, 0.75, 3, -1
437 -> 302, -2, 1.75, 5, -2
438 -> 302, -2, 1.25, 1, -2
438 -> 302, -1, 1.75, 3, -0.5
439 -> 302, -2, 0.25, 2, -2
439 -> 302, -2, 0.75, 5, -1
439 -> 302, -5, 0.25, 5, -1.5
441 -> 302, -1, 1.75, 1, -1
441 -> 302, -1, 1.25, 4, -1.5
441 -> 302, -1, 1.25, 3, -1.5
441 -> 302, -1, 1.25, 5, -1.5
441 -> 302, -5, 1.75, 1, -1
442 -> 302, -4, 0.25, 4, -1.5
442 -> 302, -4, 1.75, 1, -2
442 -> 302, -3, 1.25, 4, -0.5
443 -> 302, -1, 1.25, 5, -0.5
443 -> 302, -1, 1.25, 4, -0.5
444 -> 302, -1, 1.25, 5, -1
444 -> 302, -5, 0.25, 5, -2
444 -> 302, -1, 1.25, 2, -1.5
445 -> 302, -2, 1.25, 4, -2
445 -> 302, -3, 0.75, 3, -1
445 -> 302, -3, 0.75, 2, -1
446 -> 302, -1, 0.75, 2, -2
446 -> 302, -2, 1.75, 5, -1.5
446 -> 302, -5, 1.25, 4, -1.5
446 -> 302, -5, 1.25, 2, -0.5
446 -> 302, -5, 1.25, 5, -1.5
446 -> 302, -5, 1.25, 1, -1.5
446 -> 302, -5, 1.25, 1, -0.5
447 -> 302, -2, 0.75, 1, -1
447 -> 302, -2, 1.25, 2, -0.5
447 -> 302, -1, 1.75, 5, -2
447 -> 302, -1, 1.25, 5, -2
447 -> 302, -2, 1.75, 2, -1.5
447 -> 302, -1, 1.75, 4, -2
449 -> 302, -5, 1.75, 4, -2
449 -> 302, -5, 0.25, 3, -2
449 -> 302, -3, 1.75, 1, -1.5
449 -> 302, -3, 1.25, 3, -0.5
449 -> 302, -1, 0.25, 1, -1
449 -> 302, -5, 0.25, 4, -2
449 -> 302, -5, 1.75, 3, -2
449 -> 302, -5, 1.75, 2, -2
449 -> 302, -4, 0.75, 3, -0.5
449 -> 302, -1, 1.25, 3, -1
449 -> 302, -2, 0.75, 4, -1
449 -> 302, -5, 0.25, 2, -2
449 -> 302, -1, 0.25, 2, -1
449 -> 302, -1, 1.25, 2, -1
450 -> 302, -1, 0.75, 4, -1
450 -> 302, -1, 0.75, 5, -1
450 -> 302, -4, 1.75, 5, -1
450 -> 302, -4, 1.75, 3, -0.5
451 -> 302, -5, 1.75, 5, -1.5
451 -> 302, -3, 1.75, 3, -1
451 -> 302, -4, 1.25, 2, -1
451 -> 302, -3, 1.75, 4, -1
451 -> 302, -5, 0.75, 5, -1
451 -> 302, -5, 1.75, 4, -1.5
451 -> 302, -5, 1.75, 3, -1.5
453 -> 302, -4, 1.25, 1, -1
453 -> 302, -2, 0.25, 5, -1.5
453 -> 302, -2, 0.25, 5, -0.5
453 -> 302, -3, 0.25, 3, -0.5
454 -> 302, -3, 1.25, 5, -0.5
454 -> 302, -2, 1.75, 4, -1.5
455 -> 302, -5, 0.25, 1, -2
455 -> 302, -1, 0.25, 2, -2
455 -> 302, -4, 0.75, 3, -1.5
455 -> 302, -5, 0.75, 4, -1.5
455 -> 302, -5, 0.75, 5, -1.5
455 -> 302, -1, 0.25, 1, -2
456 -> 302, -2, 0.25, 2, -1
456 -> 302, -2, 0.25, 4, -1
456 -> 302, -2, 0.25, 5, -1
456 -> 302, -2, 0.25, 3, -1
457 -> 302, -4, 1.75, 5, -2
458 -> 302, -4, 0.25, 5, -2
458 -> 302, -2, 1.25, 1, -0.5
458 -> 302, -3, 0.25, 5, -2
458 -> 302, -3, 0.25, 4, -2
458 -> 302, -3, 1.25, 1, -1
458 -> 302, -3, 0.25, 3, -2
458 -> 302, -5, 0.75, 5, -2
458 -> 302, -4, 0.25, 4, -2
460 -> 302, -3, 0.25, 4, -1.5
460 -> 302, -3, 0.25, 5, -1.5
461 -> 302, -5, 1.75, 2, -0.5
461 -> 302, -1, 0.25, 5, -1
461 -> 302, -5, 1.75, 3, -0.5
461 -> 302, -1, 0.25, 4, -1
462 -> 302, -3, 0.75, 5, -2
462 -> 302, -1, 0.25, 5, -2
462 -> 302, -1, 0.25, 4, -2
462 -> 302, -1, 0.75, 2, -1
462 -> 302, -3, 0.75, 4, -2
463 -> 302, -2, 1.25, 5, -1
463 -> 302, -4, 0.75, 2, -2
463 -> 302, -5, 0.75, 5, -0.5
464 -> 302, -4, 0.75, 3, -2
464 -> 302, -4, 1.75, 1, -1
464 -> 302, -4, 0.75, 4, -2
465 -> 302, -2, 0.25, 1, -1
466 -> 302, -5, 0.25, 4, -1
466 -> 302, -1, 1.75, 3, -1
466 -> 302, -1, 1.75, 4, -1
467 -> 302, -1, 1.25, 2, -0.5
467 -> 302, -4, 1.75, 5, -1.5
467 -> 302, -4, 0.25, 4, -0.5
469 -> 302, -2, 1.75, 1, -1.5
470 -> 302, -1, 1.25, 1, -0.5
470 -> 302, -3, 1.25, 1, -1.5
470 -> 302, -1, 1.25, 1, -1
471 -> 302, -4, 1.75, 5, -0.5
471 -> 302, -1, 1.25, 1, -2
471 -> 302, -4, 1.75, 4, -0.5
471 -> 302, -3, 0.25, 1, -0.5
471 -> 302, -3, 0.25, 2, -1.5
471 -> 302, -3, 1.25, 2, -1.5
472 -> 302, -3, 1.75, 1, -2
473 -> 302, -2, 0.25, 2, -0.5
473 -> 302, -3, 0.75, 3, -1.5
473 -> 302, -3, 0.75, 2, -1.5
473 -> 302, -3, 0.75, 5, -1.5
473 -> 302, -3, 0.75, 4, -1.5
474 -> 302, -3, 0.25, 1, -1
474 -> 302, -3, 0.25, 2, -1
475 -> 302, -2, 0.75, 1, -0.5
475 -> 302, -4, 0.75, 1, -2
475 -> 302, -5, 0.75, 2, -0.5
476 -> 302, -1, 0.75, 1, -2
476 -> 302, -1, 1.75, 2, -2
476 -> 302, -4, 0.25, 5, -1.5
476 -> 302, -1, 1.75, 3, -2
477 -> 302, -5, 1.25, 2, -1.5
478 -> 302, -3, 0.75, 1, -1
479 -> 302, -2, 0.75, 2, -2
479 -> 302, -2, 0.75, 1, -2
479 -> 302, -5, 1.75, 3, -1
479 -> 302, -3, 0.25, 1, -1.5
481 -> 302, -5, 0.25, 3, -1
481 -> 302, -5, 0.25, 1, -1
481 -> 302, -5, 0.25, 2, -1
482 -> 302, -4, 0.25, 1, -0.5
483 -> 302, -5, 1.75, 5, -1
483 -> 302, -5, 1.75, 4, -1
484 -> 302, -2, 0.25, 1, -2
485 -> 302, -5, 0.25, 5, -0.5
485 -> 302, -1, 0.25, 3, -2
486 -> 302, -4, 1.25, 4, -2
486 -> 302, -4, 1.25, 5, -2
488 -> 302, -5, 1.25, 3, -1.5
489 -> 302, -1, 1.75, 1, -0.5
489 -> 302, -4, 1.25, 5, -1.5
490 -> 302, -3, 0.75, 4, -0.5
490 -> 302, -4, 1.25, 2, -2
491 -> 302, -2, 1.25, 1, -1.5
491 -> 302, -1, 0.75, 5, -1.5
491 -> 302, -1, 0.75, 4, -1.5
491 -> 302, -1, 0.75, 2, -1.5
491 -> 302, -1, 0.75, 3, -1.5
492 -> 302, -2, 0.25, 3, -0.5
492 -> 302, -2, 0.25, 4, -0.5
493 -> 302, -5, 1.75, 1, -1.5
493 -> 302, -5, 1.75, 2, -1.5
495 -> 302, -3, 1.75, 5, -0.5
495 -> 302, -1, 0.75, 1, -1
495 -> 302, -3, 1.75, 4, -0.5
496 -> 302, -5, 1.75, 4, -0.5
496 -> 302, -5, 1.75, 5, -0.5
498 -> 302, -3, 1.25, 1, -2
498 -> 302, -3, 1.25, 2, -2
498 -> 302, -4, 1.75, 2, -0.5
498 -> 302, -3, 1.25, 4, -2
498 -> 302, -3, 1.25, 3, -2
498 -> 302, -4, 1.75, 1, -0.5
500 -> 302, -1, 0.25, 2, -1.5
500 -> 302, -1, 1.75, 3, -1.5
500 -> 302, -1, 0.25, 1, -1.5
500 -> 302, -4, 0.75, 1, -0.5
500 -> 302, -1, 1.75, 4, -1.5
500 -> 302, -1, 1.75, 5, -1.5
502 -> 302, -5, 1.25, 3, -2
502 -> 302, -4, 0.75, 2, -0.5
503 -> 302, -5, 0.25, 2, -0.5
503 -> 302, -5, 0.25, 3, -0.5
503 -> 302, -5, 0.25, 4, -0.5
503 -> 302, -4, 0.75, 4, -1.5
503 -> 302, -4, 0.75, 5, -1.5
504 -> 302, -3, 0.25, 3, -1.5
505 -> 302, -2, 1.75, 5, -1
506 -> 302, -2, 1.75, 3, -1
506 -> 302, -2, 1.75, 4, -1
506 -> 302, -4, 1.25, 1, -2
507 -> 302, -4, 0.25, 3, -1.5
508 -> 302, -4, 0.25, 1, -1.5
508 -> 302, -4, 0.25, 2, -1.5
510 -> 302, -3, 1.75, 3, -1.5
510 -> 302, -3, 1.75, 4, -1.5
511 -> 302, -2, 1.25, 3, -1
511 -> 302, -2, 1.25, 2, -1
512 -> 302, -2, 0.25, 5, -2
512 -> 302, -2, 0.25, 4, -2
512 -> 302, -2, 0.25, 3, -2
513 -> 302, -2, 0.75, 5, -0.5
513 -> 302, -2, 0.75, 4, -0.5
513 -> 302, -2, 0.75, 3, -0.5
513 -> 302, -1, 1.25, 3, -0.5
514 -> 302, -2, 0.75, 2, -0.5
516 -> 302, -5, 1.25, 3, -0.5
516 -> 302, -3, 0.75, 1, -1.5
518 -> 302, -3, 0.25, 2, -2
518 -> 302, -3, 0.25, 1, -2
518 -> 302, -5, 0.75, 4, -1
521 -> 302, -1, 1.75, 2, -1.5
521 -> 302, -1, 1.75, 1, -1.5
523 -> 302, -3, 1.25, 5, -2
529 -> 302, -5, 1.75, 1, -0.5
534 -> 302, -1, 0.75, 3, -0.5
534 -> 302, -1, 0.75, 5, -0.5
534 -> 302, -1, 0.75, 4, -0.5
535 -> 302, -3, 0.75, 2, -0.5
536 -> 302, -5, 0.25, 2, -1.5
536 -> 302, -5, 0.25, 1, -1.5
536 -> 302, -5, 0.25, 3, -1.5
536 -> 302, -5, 0.25, 4, -1.5
537 -> 302, -5, 0.75, 2, -1.5
537 -> 302, -5, 0.75, 3, -1.5
537 -> 302, -5, 0.75, 1, -1.5
540 -> 302, -4, 0.25, 4, -1
540 -> 302, -2, 0.25, 2, -1.5
540 -> 302, -4, 0.25, 5, -1
541 -> 302, -5, 1.75, 1, -2
543 -> 302, -5, 0.75, 4, -0.5
543 -> 302, -3, 0.25, 3, -1
543 -> 302, -3, 0.25, 4, -1
543 -> 302, -3, 0.25, 5, -1
547 -> 302, -3, 1.25, 5, -1
548 -> 302, -3, 1.25, 4, -1
548 -> 302, -3, 1.25, 2, -1
548 -> 302, -3, 1.25, 3, -1
550 -> 302, -1, 0.75, 2, -0.5
550 -> 302, -5, 1.25, 5, -1
550 -> 302, -5, 1.25, 4, -1
550 -> 302, -4, 0.25, 1, -1
550 -> 302, -5, 1.25, 3, -1
550 -> 302, -5, 0.25, 5, -1
559 -> 302, -5, 1.25, 1, -1
559 -> 302, -5, 1.25, 2, -1
579 -> 302, -5, 0.75, 2, -1
579 -> 302, -5, 0.75, 1, -1
584 -> 302, -5, 0.75, 3, -0.5
640 -> 302, -5, 0.75, 3, -1
664 -> 302, -5, 0.25, 1, -0.5
688 -> 302, -4, 1.25, 3, -0.5
738 -> 302, -4, 1.25, 1, -0.5
738 -> 302, -4, 1.25, 2, -0.5
