287 -> 251, -5, 0.25, 2, -2
337 -> 251, -5, 0.25, 1, -2
343 -> 251, -2, 1.25, 3, -0.5
346 -> 251, -1, 1.75, 1, -0.5
355 -> 251, -1, 1.25, 3, -1.5
370 -> 251, -3, 1.75, 4, -0.5
372 -> 251, -1, 1.75, 3, -0.5
373 -> 251, -1, 1.25, 5, -1.5
373 -> 251, -4, 1.25, 2, -1
374 -> 251, -2, 1.25, 5, -0.5
374 -> 251, -2, 1.25, 4, -0.5
374 -> 251, -1, 1.25, 4, -1.5
378 -> 251, -2, 1.75, 1, -0.5
378 -> 251, -1, 1.25, 1, -0.5
378 -> 251, -5, 0.75, 2, -0.5
378 -> 251, -3, 1.75, 5, -0.5
383 -> 251, -2, 1.25, 4, -1
384 -> 251, -4, 0.75, 5, -0.5
385 -> 251, -1, 1.75, 2, -0.5
386 -> 251, -1, 1.25, 5, -0.5
388 -> 251, -1, 1.25, 4, -0.5
392 -> 251, -5, 0.75, 3, -2
392 -> 251, -2, 0.25, 4, -2
392 -> 251, -2, 0.25, 5, -2
392 -> 251, -5, 0.75, 5, -2
392 -> 251, -5, 0.75, 4, -2
392 -> 251, -1, 1.75, 2, -1
392 -> 251, -5, 0.75, 2, -2
393 -> 251, -2, 1.25, 3, -1
396 -> 251, -5, 0.75, 1, -2
397 -> 251, -1, 0.25, 2, -1
397 -> 251, -1, 1.75, 1, -1
397 -> 251, -1, 1.75, 5, -1
398 -> 251, -1, 1.75, 4, -2
398 -> 251, -1, 1.75, 3, -2
400 -> 251, -2, 1.75, 5, -1
400 -> 251, -4, 0.75, 2, -0.5
401 -> 251, -4, 1.75, 4, -0.5
405 -> 251, -1, 0.75, 2, -0.5
406 -> 251, -2, 1.75, 3, -0.5
406 -> 251, -2, 1.75, 2, -0.5
407 -> 251, -1, 1.75, 1, -1.5
407 -> 251, -2, 1.25, 1, -1
408 -> 251, -1, 1.75, 3, -1
408 -> 251, -1, 1.75, 4, -1
408 -> 251, -2, 1.75, 4, -1
411 -> 251, -2, 1.25, 2, -0.5
412 -> 251, -1, 0.75, 1, -0.5
412 -> 251, -1, 1.25, 2, -1
412 -> 251, -1, 1.25, 3, -1
413 -> 251, -2, 0.75, 3, -0.5
413 -> 251, -2, 0.75, 2, -0.5
413 -> 251, -4, 1.75, 1, -2
413 -> 251, -1, 1.25, 2, -1.5
413 -> 251, -4, 1.75, 3, -1
413 -> 251, -1, 1.25, 1, -1.5
415 -> 251, -1, 1.25, 5, -1
415 -> 251, -1, 1.25, 2, -0.5
417 -> 251, -1, 1.25, 4, -1
417 -> 251, -4, 1.75, 5, -0.5
419 -> 251, -5, 1.25, 3, -2
419 -> 251, -3, 1.75, 4, -2
420 -> 251, -5, 1.75, 4, -2
420 -> 251, -5, 1.75, 3, -2
420 -> 251, -5, 1.25, 2, -2
420 -> 251, -5, 1.25, 1, -2
420 -> 251, -4, 0.75, 4, -0.5
420 -> 251, -5, 1.75, 5, -2
420 -> 251, -4, 1.75, 2, -0.5
422 -> 251, -2, 1.25, 5, -2
422 -> 251, -5, 1.75, 2, -2
422 -> 251, -5, 1.75, 3, -1
423 -> 251, -5, 0.25, 2, -0.5
424 -> 251, -4, 1.25, 3, -2
424 -> 251, -4, 1.25, 4, -2
424 -> 251, -3, 0.75, 3, -1.5
424 -> 251, -1, 1.25, 1, -1
425 -> 251, -2, 1.75, 4, -0.5
425 -> 251, -2, 1.75, 5, -0.5
426 -> 251, -3, 1.25, 4, -1
427 -> 251, -5, 0.25, 4, -2
427 -> 251, -1, 0.75, 3, -0.5
427 -> 251, -5, 0.25, 3, -2
427 -> 251, -5, 0.25, 5, -2
427 -> 251, -1, 1.75, 4, -0.5
429 -> 251, -3, 1.75, 5, -1
430 -> 251, -4, 1.25, 5, -2
431 -> 251, -2, 1.75, 5, -1.5
431 -> 251, -5, 0.25, 4, -0.5
432 -> 251, -3, 1.75, 2, -2
432 -> 251, -2, 1.75, 2, -1.5
432 -> 251, -5, 0.75, 1, -0.5
433 -> 251, -1, 0.75, 1, -1
433 -> 251, -5, 1.75, 1, -2
433 -> 251, -3, 0.25, 2, -0.5
433 -> 251, -1, 0.75, 2, -1
433 -> 251, -1, 0.75, 3, -1
433 -> 251, -3, 0.25, 1, -0.5
434 -> 251, -3, 1.75, 5, -2
434 -> 251, -1, 0.25, 5, -1
434 -> 251, -1, 0.25, 4, -1
434 -> 251, -1, 1.75, 2, -1.5
434 -> 251, -4, 0.75, 3, -0.5
434 -> 251, -1, 1.25, 2, -2
435 -> 251, -5, 0.75, 1, -1
436 -> 251, -4, 1.75, 2, -2
436 -> 251, -4, 1.75, 3, -2
436 -> 251, -1, 0.75, 2, -1.5
438 -> 251, -1, 0.75, 3, -2
438 -> 251, -1, 0.75, 2, -2
438 -> 251, -3, 1.25, 3, -1
438 -> 251, -1, 0.75, 1, -2
439 -> 251, -4, 0.75, 2, -1
439 -> 251, -2, 0.75, 5, -0.5
439 -> 251, -4, 0.75, 3, -1
440 -> 251, -2, 1.25, 5, -1
440 -> 251, -2, 1.75, 2, -1
440 -> 251, -2, 1.75, 3, -1
440 -> 251, -4, 1.75, 2, -1
440 -> 251, -4, 1.75, 1, -1
440 -> 251, -1, 0.25, 1, -0.5
440 -> 251, -2, 0.25, 3, -2
440 -> 251, -2, 0.25, 2, -2
441 -> 251, -4, 1.25, 1, -2
441 -> 251, -3, 1.25, 1, -2
441 -> 251, -4, 1.25, 2, -2
442 -> 251, -2, 1.75, 4, -1.5
442 -> 251, -2, 0.75, 1, -1
442 -> 251, -2, 1.75, 3, -1.5
443 -> 251, -5, 0.75, 3, -0.5
444 -> 251, -2, 0.75, 5, -1
444 -> 251, -2, 1.75, 1, -1.5
444 -> 251, -1, 1.75, 5, -0.5
445 -> 251, -2, 1.25, 1, -0.5
445 -> 251, -2, 0.75, 5, -2
446 -> 251, -1, 1.75, 2, -2
446 -> 251, -4, 1.75, 4, -2
446 -> 251, -1, 0.75, 5, -1.5
446 -> 251, -2, 1.75, 5, -2
447 -> 251, -4, 1.75, 5, -2
447 -> 251, -1, 0.25, 3, -1
448 -> 251, -4, 1.75, 4, -1
448 -> 251, -4, 0.75, 4, -1.5
448 -> 251, -4, 0.75, 5, -1.5
448 -> 251, -4, 1.75, 5, -1
448 -> 251, -2, 1.25, 4, -1.5
448 -> 251, -2, 1.25, 5, -1.5
450 -> 251, -4, 0.75, 4, -1
450 -> 251, -1, 1.25, 3, -0.5
450 -> 251, -3, 1.75, 1, -2
450 -> 251, -4, 0.75, 5, -2
450 -> 251, -5, 1.75, 4, -1
450 -> 251, -4, 0.75, 2, -2
450 -> 251, -4, 0.75, 1, -2
450 -> 251, -4, 1.75, 5, -1.5
450 -> 251, -4, 0.75, 3, -2
450 -> 251, -4, 0.75, 4, -2
451 -> 251, -5, 0.75, 4, -1.5
451 -> 251, -1, 0.75, 4, -2
451 -> 251, -5, 0.75, 5, -1.5
451 -> 251, -3, 1.75, 4, -1.5
451 -> 251, -3, 1.75, 3, -1.5
451 -> 251, -1, 0.75, 5, -2
452 -> 251, -3, 1.75, 3, -2
452 -> 251, -3, 0.25, 2, -1.5
452 -> 251, -3, 0.25, 3, -1.5
452 -> 251, -3, 0.25, 4, -1.5
453 -> 251, -1, 1.75, 5, -1.5
453 -> 251, -1, 1.75, 4, -1.5
453 -> 251, -1, 1.75, 3, -1.5
454 -> 251, -1, 0.25, 1, -2
455 -> 251, -5, 0.75, 1, -1.5
455 -> 251, -5, 0.75, 3, -1.5
455 -> 251, -4, 0.25, 5, -2
455 -> 251, -4, 0.25, 4, -2
455 -> 251, -4, 0.25, 2, -2
455 -> 251, -4, 0.25, 1, -2
455 -> 251, -5, 0.75, 2, -1.5
455 -> 251, -4, 0.25, 3, -2
457 -> 251, -1, 0.75, 1, -1.5
457 -> 251, -1, 0.25, 5, -2
457 -> 251, -1, 0.25, 1, -1
457 -> 251, -1, 0.25, 4, -2
458 -> 251, -5, 0.25, 1, -1
458 -> 251, -5, 1.75, 2, -1
459 -> 251, -3, 1.75, 1, -1.5
459 -> 251, -3, 1.75, 2, -1.5
460 -> 251, -3, 0.75, 1, -0.5
461 -> 251, -4, 1.75, 1, -0.5
461 -> 251, -4, 1.75, 4, -1.5
461 -> 251, -3, 1.25, 1, -0.5
461 -> 251, -2, 0.75, 4, -1
461 -> 251, -5, 1.25, 5, -2
461 -> 251, -5, 1.25, 4, -2
462 -> 251, -1, 0.25, 4, -0.5
462 -> 251, -5, 0.25, 3, -1
462 -> 251, -5, 0.25, 4, -1
463 -> 251, -1, 0.75, 5, -1
463 -> 251, -1, 0.75, 4, -1
463 -> 251, -1, 0.75, 4, -0.5
463 -> 251, -4, 1.25, 1, -1.5
463 -> 251, -5, 0.25, 2, -1
463 -> 251, -1, 0.75, 5, -0.5
464 -> 251, -2, 0.25, 1, -0.5
464 -> 251, -2, 1.75, 4, -2
464 -> 251, -2, 0.25, 1, -2
464 -> 251, -2, 1.75, 3, -2
464 -> 251, -2, 1.75, 2, -2
465 -> 251, -4, 0.25, 4, -1
465 -> 251, -2, 0.75, 4, -1.5
465 -> 251, -2, 0.75, 3, -1.5
465 -> 251, -2, 0.75, 5, -1.5
465 -> 251, -3, 1.25, 2, -1
467 -> 251, -3, 0.25, 1, -2
467 -> 251, -3, 0.25, 5, -2
467 -> 251, -1, 1.75, 1, -2
467 -> 251, -3, 0.25, 4, -2
467 -> 251, -3, 0.25, 3, -2
467 -> 251, -3, 0.25, 2, -2
468 -> 251, -4, 1.75, 1, -1.5
468 -> 251, -5, 0.75, 3, -1
468 -> 251, -2, 1.25, 2, -1
468 -> 251, -5, 0.75, 4, -1
468 -> 251, -2, 1.25, 4, -2
468 -> 251, -5, 0.75, 5, -1
469 -> 251, -2, 0.75, 4, -2
469 -> 251, -3, 0.25, 5, -0.5
470 -> 251, -3, 1.25, 4, -2
470 -> 251, -4, 1.25, 3, -1.5
470 -> 251, -2, 1.75, 1, -2
470 -> 251, -4, 1.25, 4, -1.5
470 -> 251, -2, 0.75, 2, -1.5
470 -> 251, -4, 1.25, 5, -1.5
470 -> 251, -4, 1.25, 2, -1.5
470 -> 251, -3, 1.25, 3, -2
471 -> 251, -2, 1.75, 1, -1
471 -> 251, -1, 1.25, 1, -2
472 -> 251, -3, 0.25, 5, -1.5
472 -> 251, -2, 0.75, 2, -2
472 -> 251, -2, 0.75, 1, -2
472 -> 251, -2, 0.25, 5, -1
472 -> 251, -2, 0.25, 4, -1
473 -> 251, -1, 1.25, 4, -2
473 -> 251, -1, 1.25, 3, -2
473 -> 251, -1, 1.25, 5, -2
473 -> 251, -2, 0.75, 2, -1
475 -> 251, -2, 0.75, 4, -0.5
475 -> 251, -1, 0.25, 2, -0.5
475 -> 251, -5, 0.75, 2, -1
477 -> 251, -1, 0.25, 5, -0.5
477 -> 251, -3, 0.75, 4, -1.5
477 -> 251, -3, 0.75, 5, -1.5
477 -> 251, -5, 0.25, 5, -1
477 -> 251, -2, 1.25, 3, -2
479 -> 251, -3, 1.25, 5, -1
479 -> 251, -4, 0.75, 2, -1.5
479 -> 251, -4, 1.75, 3, -1.5
479 -> 251, -4, 0.75, 3, -1.5
479 -> 251, -4, 1.75, 2, -1.5
479 -> 251, -4, 0.75, 1, -1.5
480 -> 251, -2, 0.25, 1, -1
480 -> 251, -2, 0.75, 1, -0.5
481 -> 251, -1, 0.25, 2, -2
481 -> 251, -1, 0.25, 3, -2
481 -> 251, -3, 1.75, 5, -1.5
481 -> 251, -3, 0.75, 3, -2
482 -> 251, -2, 0.25, 4, -0.5
482 -> 251, -2, 0.25, 5, -1.5
482 -> 251, -2, 0.25, 5, -0.5
482 -> 251, -3, 1.25, 2, -2
482 -> 251, -2, 1.25, 2, -2
482 -> 251, -3, 0.75, 2, -2
482 -> 251, -2, 1.25, 1, -2
483 -> 251, -2, 0.25, 4, -1.5
483 -> 251, -2, 0.25, 3, -1.5
483 -> 251, -3, 0.75, 1, -2
483 -> 251, -2, 0.25, 2, -0.5
484 -> 251, -4, 0.25, 1, -1.5
484 -> 251, -4, 0.25, 3, -1.5
484 -> 251, -4, 0.25, 2, -1.5
484 -> 251, -2, 0.75, 1, -1.5
485 -> 251, -3, 0.75, 5, -2
485 -> 251, -4, 0.25, 5, -1.5
485 -> 251, -3, 0.75, 4, -2
485 -> 251, -4, 0.25, 4, -1.5
486 -> 251, -1, 0.75, 4, -1.5
486 -> 251, -1, 0.75, 3, -1.5
487 -> 251, -2, 1.25, 3, -1.5
487 -> 251, -2, 1.25, 1, -1.5
487 -> 251, -2, 1.25, 2, -1.5
488 -> 251, -1, 1.75, 5, -2
490 -> 251, -3, 0.75, 1, -1
490 -> 251, -1, 0.25, 4, -1.5
490 -> 251, -1, 0.25, 5, -1.5
491 -> 251, -4, 0.75, 5, -1
492 -> 251, -4, 0.75, 1, -1
492 -> 251, -3, 1.25, 1, -1
493 -> 251, -5, 0.25, 3, -0.5
494 -> 251, -1, 0.25, 1, -1.5
494 -> 251, -1, 0.25, 2, -1.5
494 -> 251, -1, 0.25, 3, -1.5
494 -> 251, -5, 1.75, 5, -1
495 -> 251, -3, 1.25, 5, -0.5
495 -> 251, -3, 1.25, 3, -0.5
495 -> 251, -3, 0.25, 3, -0.5
495 -> 251, -3, 1.25, 4, -0.5
495 -> 251, -3, 0.25, 4, -0.5
496 -> 251, -4, 0.25, 2, -0.5
496 -> 251, -4, 0.25, 5, -0.5
496 -> 251, -2, 0.75, 3, -2
496 -> 251, -4, 0.25, 1, -0.5
496 -> 251, -4, 0.25, 3, -0.5
496 -> 251, -4, 0.25, 4, -0.5
498 -> 251, -3, 1.25, 2, -0.5
499 -> 251, -2, 0.25, 2, -1
499 -> 251, -2, 0.75, 3, -1
499 -> 251, -2, 0.25, 3, -1
500 -> 251, -3, 1.75, 3, -0.5
500 -> 251, -3, 1.75, 2, -0.5
500 -> 251, -3, 1.75, 1, -0.5
501 -> 251, -3, 1.25, 5, -2
502 -> 251, -2, 0.25, 3, -0.5
505 -> 251, -3, 1.75, 2, -1
505 -> 251, -3, 1.75, 3, -1
506 -> 251, -3, 1.75, 4, -1
507 -> 251, -5, 0.25, 5, -0.5
512 -> 251, -3, 0.75, 2, -1.5
514 -> 251, -3, 0.75, 1, -1.5
515 -> 251, -3, 0.75, 5, -1
515 -> 251, -3, 0.75, 3, -1
515 -> 251, -3, 0.75, 2, -1
515 -> 251, -3, 0.75, 4, -1
518 -> 251, -5, 1.75, 1, -1
521 -> 251, -3, 0.25, 1, -1
521 -> 251, -3, 1.25, 3, -1.5
521 -> 251, -3, 1.25, 5, -1.5
521 -> 251, -3, 0.25, 2, -1
521 -> 251, -3, 1.25, 2, -1.5
521 -> 251, -3, 1.25, 4, -1.5
521 -> 251, -3, 1.25, 1, -1.5
522 -> 251, -4, 1.25, 3, -1
522 -> 251, -4, 1.25, 5, -1
522 -> 251, -4, 1.25, 4, -1
531 -> 251, -4, 0.25, 5, -1
535 -> 251, -3, 0.25, 1, -1.5
536 -> 251, -5, 1.75, 5, -1.5
536 -> 251, -5, 1.75, 2, -1.5
536 -> 251, -5, 1.75, 1, -1.5
536 -> 251, -5, 1.75, 3, -1.5
536 -> 251, -5, 1.75, 4, -1.5
537 -> 251, -3, 0.25, 3, -1
537 -> 251, -3, 0.25, 4, -1
537 -> 251, -3, 0.25, 5, -1
546 -> 251, -5, 1.25, 4, -1.5
546 -> 251, -5, 1.25, 5, -1.5
546 -> 251, -5, 1.25, 1, -1.5
546 -> 251, -5, 1.25, 2, -1.5
546 -> 251, -5, 1.25, 3, -1.5
546 -> 251, -2, 0.25, 2, -1.5
546 -> 251, -2, 0.25, 1, -1.5
547 -> 251, -4, 1.75, 3, -0.5
553 -> 251, -5, 0.25, 4, -1.5
553 -> 251, -5, 0.25, 3, -1.5
553 -> 251, -5, 0.25, 2, -1.5
553 -> 251, -5, 0.25, 1, -1.5
553 -> 251, -5, 0.25, 5, -1.5
556 -> 251, -3, 0.75, 5, -0.5
556 -> 251, -4, 0.75, 1, -0.5
556 -> 251, -3, 0.75, 4, -0.5
557 -> 251, -3, 0.75, 3, -0.5
557 -> 251, -3, 0.75, 2, -0.5
559 -> 251, -1, 0.25, 3, -0.5
567 -> 251, -3, 1.75, 1, -1
603 -> 251, -4, 1.25, 1, -1
609 -> 251, -5, 0.25, 1, -0.5
618 -> 251, -4, 0.25, 1, -1
618 -> 251, -4, 0.25, 2, -1
618 -> 251, -4, 0.25, 3, -1
651 -> 251, -5, 0.75, 5, -0.5
651 -> 251, -5, 0.75, 4, -0.5
653 -> 251, -5, 1.25, 5, -1
654 -> 251, -5, 1.25, 1, -1
654 -> 251, -5, 1.25, 4, -1
654 -> 251, -5, 1.25, 2, -1
654 -> 251, -5, 1.25, 3, -1
687 -> 251, -5, 1.75, 4, -0.5
687 -> 251, -5, 1.75, 5, -0.5
687 -> 251, -5, 1.75, 3, -0.5
726 -> 251, -4, 1.25, 4, -0.5
726 -> 251, -4, 1.25, 5, -0.5
726 -> 251, -4, 1.25, 3, -0.5
726 -> 251, -4, 1.25, 2, -0.5
726 -> 251, -4, 1.25, 1, -0.5
752 -> 251, -5, 1.75, 1, -0.5
752 -> 251, -5, 1.75, 2, -0.5
863 -> 251, -5, 1.25, 5, -0.5
863 -> 251, -5, 1.25, 1, -0.5
863 -> 251, -5, 1.25, 4, -0.5
863 -> 251, -5, 1.25, 2, -0.5
863 -> 251, -5, 1.25, 3, -0.5
