350 -> 230, -2, 1.75, 4, -0.5
359 -> 230, -4, 0.75, 3, -0.5
364 -> 230, -2, 1.75, 1, -1
365 -> 230, -4, 0.75, 2, -0.5
369 -> 230, -1, 1.25, 5, -0.5
370 -> 230, -1, 1.75, 3, -1.5
373 -> 230, -3, 0.75, 2, -2
373 -> 230, -1, 0.75, 1, -0.5
377 -> 230, -1, 0.75, 5, -2
377 -> 230, -1, 0.75, 4, -2
384 -> 230, -3, 1.25, 1, -1
384 -> 230, -2, 1.75, 3, -0.5
385 -> 230, -3, 0.25, 1, -0.5
385 -> 230, -5, 1.75, 3, -1
387 -> 230, -1, 1.75, 2, -0.5
387 -> 230, -5, 0.25, 4, -1
390 -> 230, -5, 0.75, 1, -2
395 -> 230, -5, 1.25, 5, -1
396 -> 230, -1, 1.25, 4, -0.5
396 -> 230, -4, 0.25, 3, -0.5
396 -> 230, -4, 0.25, 4, -0.5
397 -> 230, -5, 1.75, 4, -1
397 -> 230, -5, 1.75, 2, -1
400 -> 230, -3, 1.25, 2, -1
402 -> 230, -2, 1.25, 2, -1
404 -> 230, -1, 1.25, 4, -2
404 -> 230, -1, 1.25, 5, -2
404 -> 230, -3, 0.25, 4, -0.5
405 -> 230, -2, 1.25, 3, -1
405 -> 230, -4, 0.75, 4, -0.5
406 -> 230, -1, 0.75, 3, -1.5
406 -> 230, -1, 0.75, 2, -1.5
407 -> 230, -3, 0.25, 5, -0.5
407 -> 230, -3, 1.25, 5, -1.5
408 -> 230, -3, 1.75, 4, -2
408 -> 230, -2, 1.25, 2, -0.5
408 -> 230, -2, 1.25, 3, -0.5
409 -> 230, -3, 1.25, 5, -1
410 -> 230, -1, 0.25, 4, -0.5
411 -> 230, -3, 0.25, 1, -1.5
411 -> 230, -5, 1.75, 1, -1
411 -> 230, -1, 0.25, 5, -0.5
412 -> 230, -2, 0.25, 2, -1
413 -> 230, -4, 0.75, 5, -1.5
413 -> 230, -3, 1.75, 3, -2
413 -> 230, -3, 0.75, 2, -1
414 -> 230, -2, 1.75, 3, -1.5
414 -> 230, -1, 1.75, 1, -1.5
414 -> 230, -5, 0.75, 3, -1.5
414 -> 230, -5, 0.75, 1, -1.5
414 -> 230, -1, 1.75, 2, -1.5
414 -> 230, -5, 0.75, 2, -1.5
415 -> 230, -5, 0.25, 4, -0.5
415 -> 230, -5, 0.25, 5, -0.5
416 -> 230, -1, 1.75, 5, -1
416 -> 230, -3, 0.75, 1, -0.5
417 -> 230, -2, 0.75, 2, -1
418 -> 230, -1, 0.25, 3, -0.5
418 -> 230, -5, 0.75, 5, -1.5
418 -> 230, -5, 0.75, 4, -1.5
419 -> 230, -1, 1.25, 1, -1
419 -> 230, -5, 0.75, 2, -2
420 -> 230, -2, 1.25, 4, -2
420 -> 230, -2, 1.25, 5, -2
421 -> 230, -3, 0.25, 1, -2
422 -> 230, -1, 0.75, 1, -1.5
422 -> 230, -2, 0.75, 3, -2
422 -> 230, -3, 1.25, 3, -1
422 -> 230, -3, 1.25, 4, -1
422 -> 230, -5, 0.75, 3, -2
423 -> 230, -3, 1.25, 2, -1.5
423 -> 230, -4, 1.75, 4, -1.5
423 -> 230, -3, 1.25, 1, -1.5
423 -> 230, -4, 1.75, 5, -1.5
423 -> 230, -3, 1.25, 4, -1.5
423 -> 230, -3, 1.75, 5, -2
423 -> 230, -3, 1.25, 3, -1.5
424 -> 230, -3, 1.75, 4, -1
424 -> 230, -3, 1.75, 3, -1
424 -> 230, -3, 1.75, 2, -1
425 -> 230, -2, 1.25, 1, -1
425 -> 230, -2, 0.25, 5, -1
425 -> 230, -2, 1.75, 5, -1.5
425 -> 230, -2, 1.25, 1, -1.5
426 -> 230, -1, 1.75, 4, -1
427 -> 230, -4, 0.75, 4, -1.5
427 -> 230, -4, 0.75, 3, -1.5
427 -> 230, -4, 0.25, 5, -1.5
427 -> 230, -1, 1.75, 5, -0.5
428 -> 230, -3, 0.75, 3, -1
429 -> 230, -3, 0.25, 3, -0.5
429 -> 230, -3, 1.75, 1, -1
429 -> 230, -2, 1.75, 2, -1.5
429 -> 230, -3, 0.75, 1, -1
430 -> 230, -1, 1.75, 3, -1
430 -> 230, -5, 1.75, 5, -1
430 -> 230, -5, 0.25, 2, -2
431 -> 230, -2, 0.75, 1, -1
431 -> 230, -3, 0.25, 2, -0.5
432 -> 230, -2, 0.75, 5, -0.5
432 -> 230, -4, 1.25, 3, -2
432 -> 230, -2, 0.75, 3, -0.5
432 -> 230, -2, 0.75, 4, -0.5
432 -> 230, -2, 1.75, 2, -1
433 -> 230, -1, 0.25, 2, -0.5
433 -> 230, -5, 1.75, 4, -1.5
433 -> 230, -2, 0.75, 2, -2
433 -> 230, -1, 1.25, 2, -1.5
433 -> 230, -4, 0.75, 4, -2
433 -> 230, -5, 1.75, 5, -1.5
433 -> 230, -1, 1.25, 1, -1.5
433 -> 230, -4, 1.25, 5, -2
433 -> 230, -4, 1.25, 4, -2
433 -> 230, -4, 0.75, 5, -2
434 -> 230, -1, 1.75, 4, -0.5
434 -> 230, -5, 1.75, 3, -1.5
434 -> 230, -1, 1.75, 3, -0.5
434 -> 230, -4, 0.75, 3, -2
435 -> 230, -3, 1.75, 5, -1
435 -> 230, -4, 0.25, 2, -1
436 -> 230, -2, 0.25, 3, -1
436 -> 230, -2, 0.25, 4, -1
436 -> 230, -3, 0.25, 4, -2
436 -> 230, -3, 0.25, 5, -2
436 -> 230, -5, 0.75, 5, -1
437 -> 230, -5, 0.75, 4, -1
437 -> 230, -3, 0.75, 5, -1
437 -> 230, -3, 0.75, 4, -1
437 -> 230, -1, 1.75, 4, -1.5
438 -> 230, -2, 1.25, 5, -1.5
438 -> 230, -1, 0.25, 1, -1.5
438 -> 230, -2, 1.25, 4, -1.5
438 -> 230, -4, 1.75, 3, -1.5
438 -> 230, -5, 1.25, 1, -1
438 -> 230, -4, 1.75, 2, -1.5
438 -> 230, -4, 1.75, 1, -1.5
438 -> 230, -5, 1.25, 2, -1
438 -> 230, -4, 0.25, 4, -1.5
438 -> 230, -2, 1.25, 3, -1.5
439 -> 230, -2, 1.75, 5, -0.5
439 -> 230, -2, 1.75, 3, -1
439 -> 230, -3, 1.75, 5, -0.5
439 -> 230, -4, 0.75, 2, -2
439 -> 230, -4, 0.75, 1, -2
439 -> 230, -2, 1.25, 2, -1.5
441 -> 230, -5, 0.25, 5, -2
442 -> 230, -5, 1.25, 1, -2
442 -> 230, -2, 1.25, 5, -0.5
442 -> 230, -5, 0.25, 1, -2
442 -> 230, -2, 1.25, 4, -0.5
442 -> 230, -5, 1.25, 5, -2
442 -> 230, -5, 1.25, 4, -2
442 -> 230, -5, 1.25, 3, -2
442 -> 230, -5, 1.25, 2, -2
443 -> 230, -5, 0.25, 3, -2
443 -> 230, -5, 0.25, 4, -2
443 -> 230, -4, 0.25, 1, -1
445 -> 230, -3, 0.25, 5, -1.5
445 -> 230, -4, 1.75, 3, -2
445 -> 230, -3, 0.25, 3, -1.5
445 -> 230, -4, 1.75, 2, -2
445 -> 230, -4, 1.75, 1, -2
445 -> 230, -3, 0.25, 2, -1.5
445 -> 230, -3, 0.25, 4, -1.5
445 -> 230, -4, 1.75, 4, -2
445 -> 230, -4, 1.75, 5, -2
445 -> 230, -2, 1.75, 4, -1
446 -> 230, -3, 1.25, 3, -2
446 -> 230, -3, 1.25, 2, -2
447 -> 230, -1, 1.25, 5, -1
447 -> 230, -3, 0.25, 2, -2
447 -> 230, -1, 1.25, 4, -1
447 -> 230, -3, 0.25, 3, -2
447 -> 230, -1, 1.75, 1, -0.5
448 -> 230, -4, 0.75, 1, -1.5
448 -> 230, -3, 0.75, 5, -2
448 -> 230, -2, 1.25, 1, -0.5
448 -> 230, -3, 1.25, 1, -2
448 -> 230, -5, 1.75, 1, -2
448 -> 230, -3, 0.75, 4, -2
449 -> 230, -3, 1.75, 5, -1.5
449 -> 230, -5, 1.75, 4, -2
449 -> 230, -5, 1.75, 3, -2
449 -> 230, -3, 1.25, 5, -0.5
449 -> 230, -5, 1.75, 2, -2
449 -> 230, -5, 1.75, 5, -2
449 -> 230, -2, 1.75, 2, -0.5
449 -> 230, -2, 0.75, 1, -0.5
450 -> 230, -1, 0.75, 4, -0.5
450 -> 230, -1, 1.75, 5, -2
450 -> 230, -1, 1.75, 4, -2
450 -> 230, -4, 0.25, 5, -1
451 -> 230, -1, 1.25, 3, -1.5
451 -> 230, -3, 1.75, 1, -1.5
452 -> 230, -4, 1.25, 2, -2
452 -> 230, -4, 0.75, 2, -1.5
453 -> 230, -5, 0.75, 4, -2
453 -> 230, -2, 1.75, 5, -2
453 -> 230, -5, 0.75, 5, -2
454 -> 230, -1, 1.25, 3, -2
454 -> 230, -3, 0.75, 3, -2
454 -> 230, -1, 1.25, 2, -2
454 -> 230, -1, 1.25, 1, -2
455 -> 230, -3, 1.25, 4, -2
456 -> 230, -1, 0.25, 5, -2
456 -> 230, -2, 0.25, 1, -1
456 -> 230, -1, 0.75, 4, -1.5
456 -> 230, -1, 0.25, 4, -2
456 -> 230, -1, 0.75, 5, -1.5
456 -> 230, -1, 0.25, 2, -2
456 -> 230, -1, 0.25, 3, -2
457 -> 230, -1, 1.25, 2, -0.5
457 -> 230, -1, 1.25, 1, -0.5
458 -> 230, -1, 1.25, 3, -0.5
458 -> 230, -2, 0.75, 5, -2
458 -> 230, -2, 0.25, 1, -1.5
458 -> 230, -2, 0.25, 2, -1.5
458 -> 230, -2, 0.75, 4, -2
458 -> 230, -4, 1.25, 1, -2
459 -> 230, -5, 0.25, 2, -0.5
459 -> 230, -2, 1.25, 4, -1
459 -> 230, -2, 1.25, 5, -1
459 -> 230, -4, 1.25, 1, -1
459 -> 230, -5, 0.25, 3, -0.5
459 -> 230, -5, 0.25, 1, -0.5
461 -> 230, -1, 0.25, 1, -0.5
461 -> 230, -3, 1.25, 2, -0.5
461 -> 230, -3, 1.25, 3, -0.5
462 -> 230, -2, 1.25, 1, -2
463 -> 230, -2, 1.75, 4, -1.5
463 -> 230, -1, 1.25, 4, -1.5
464 -> 230, -1, 0.25, 5, -1.5
464 -> 230, -1, 0.25, 3, -1
464 -> 230, -1, 0.25, 3, -1.5
464 -> 230, -1, 0.25, 1, -2
464 -> 230, -1, 0.25, 4, -1.5
465 -> 230, -1, 0.75, 2, -2
465 -> 230, -1, 0.75, 3, -2
466 -> 230, -1, 0.25, 2, -1
466 -> 230, -1, 0.25, 1, -1
467 -> 230, -4, 1.25, 5, -1.5
468 -> 230, -5, 0.25, 3, -1.5
468 -> 230, -2, 1.75, 1, -1.5
468 -> 230, -4, 0.25, 3, -1.5
468 -> 230, -1, 1.25, 5, -1.5
468 -> 230, -5, 0.25, 2, -1.5
469 -> 230, -2, 0.75, 2, -1.5
469 -> 230, -2, 1.75, 3, -2
469 -> 230, -1, 0.25, 2, -1.5
469 -> 230, -2, 1.75, 4, -2
470 -> 230, -4, 0.25, 5, -2
470 -> 230, -4, 0.25, 4, -2
470 -> 230, -4, 0.25, 3, -2
470 -> 230, -2, 0.75, 5, -1.5
470 -> 230, -4, 0.25, 2, -2
470 -> 230, -1, 0.75, 3, -1
470 -> 230, -1, 0.75, 4, -1
470 -> 230, -2, 0.75, 1, -1.5
471 -> 230, -4, 1.25, 2, -1.5
471 -> 230, -4, 1.25, 3, -1.5
471 -> 230, -4, 1.25, 4, -1.5
472 -> 230, -1, 0.75, 3, -0.5
472 -> 230, -1, 0.25, 4, -1
472 -> 230, -1, 0.75, 2, -0.5
472 -> 230, -4, 1.25, 1, -1.5
472 -> 230, -3, 1.25, 1, -0.5
472 -> 230, -1, 0.25, 5, -1
472 -> 230, -2, 1.75, 5, -1
473 -> 230, -2, 1.75, 2, -2
473 -> 230, -2, 0.75, 4, -1.5
473 -> 230, -2, 0.75, 3, -1.5
474 -> 230, -1, 1.75, 3, -2
474 -> 230, -4, 1.25, 2, -1
474 -> 230, -4, 1.25, 3, -1
474 -> 230, -4, 1.25, 4, -1
474 -> 230, -1, 1.75, 2, -2
474 -> 230, -4, 1.25, 5, -1
475 -> 230, -5, 0.25, 5, -1
475 -> 230, -2, 0.75, 1, -2
476 -> 230, -5, 1.25, 3, -1
476 -> 230, -5, 1.25, 4, -1
478 -> 230, -2, 1.25, 3, -2
480 -> 230, -4, 1.25, 5, -0.5
480 -> 230, -1, 0.75, 5, -0.5
480 -> 230, -4, 1.25, 4, -0.5
483 -> 230, -2, 0.75, 2, -0.5
484 -> 230, -1, 1.75, 5, -1.5
484 -> 230, -2, 0.25, 3, -1.5
485 -> 230, -3, 1.25, 5, -2
486 -> 230, -1, 1.25, 3, -1
486 -> 230, -5, 0.25, 4, -1.5
486 -> 230, -1, 1.25, 2, -1
486 -> 230, -5, 0.25, 5, -1.5
487 -> 230, -5, 0.75, 3, -0.5
487 -> 230, -5, 0.75, 4, -0.5
487 -> 230, -2, 1.25, 2, -2
488 -> 230, -5, 0.25, 1, -1
489 -> 230, -3, 1.75, 2, -1.5
489 -> 230, -5, 1.25, 1, -0.5
489 -> 230, -5, 1.25, 2, -0.5
489 -> 230, -3, 1.75, 3, -1.5
489 -> 230, -3, 1.75, 4, -1.5
490 -> 230, -3, 1.75, 2, -2
490 -> 230, -3, 1.75, 1, -2
492 -> 230, -2, 0.25, 4, -0.5
492 -> 230, -2, 0.25, 5, -0.5
493 -> 230, -5, 0.75, 2, -0.5
494 -> 230, -3, 0.25, 5, -1
494 -> 230, -1, 0.75, 1, -1
495 -> 230, -4, 0.25, 1, -1.5
495 -> 230, -4, 0.25, 2, -1.5
495 -> 230, -1, 0.75, 2, -1
495 -> 230, -2, 0.75, 3, -1
495 -> 230, -2, 0.75, 5, -1
495 -> 230, -2, 0.75, 4, -1
495 -> 230, -2, 0.25, 2, -0.5
495 -> 230, -2, 0.25, 3, -0.5
495 -> 230, -3, 1.25, 4, -0.5
497 -> 230, -1, 1.75, 1, -1
497 -> 230, -1, 1.75, 2, -1
498 -> 230, -2, 0.25, 3, -2
498 -> 230, -5, 0.25, 1, -1.5
498 -> 230, -2, 0.25, 5, -2
498 -> 230, -2, 0.25, 4, -2
499 -> 230, -2, 0.25, 1, -2
499 -> 230, -2, 0.25, 2, -2
499 -> 230, -5, 1.25, 5, -1.5
499 -> 230, -5, 1.25, 4, -1.5
499 -> 230, -5, 1.25, 1, -1.5
499 -> 230, -5, 1.25, 2, -1.5
499 -> 230, -1, 0.75, 1, -2
499 -> 230, -5, 1.25, 3, -1.5
500 -> 230, -4, 0.25, 2, -0.5
500 -> 230, -4, 0.25, 1, -0.5
501 -> 230, -1, 1.75, 1, -2
501 -> 230, -1, 0.75, 5, -1
501 -> 230, -2, 1.75, 1, -2
501 -> 230, -5, 1.25, 3, -0.5
501 -> 230, -3, 0.75, 5, -1.5
503 -> 230, -2, 0.25, 1, -0.5
504 -> 230, -2, 0.25, 5, -1.5
504 -> 230, -2, 0.25, 4, -1.5
506 -> 230, -2, 1.75, 1, -0.5
506 -> 230, -4, 0.75, 1, -0.5
507 -> 230, -4, 0.75, 2, -1
508 -> 230, -4, 0.25, 3, -1
508 -> 230, -4, 0.25, 4, -1
509 -> 230, -5, 0.25, 2, -1
509 -> 230, -5, 0.25, 3, -1
514 -> 230, -3, 0.75, 4, -1.5
514 -> 230, -5, 0.75, 5, -0.5
514 -> 230, -3, 0.75, 3, -1.5
514 -> 230, -3, 0.75, 1, -1.5
514 -> 230, -3, 0.75, 2, -1.5
520 -> 230, -3, 0.25, 4, -1
520 -> 230, -3, 0.25, 2, -1
520 -> 230, -4, 0.75, 1, -1
520 -> 230, -3, 0.25, 3, -1
521 -> 230, -3, 1.75, 2, -0.5
525 -> 230, -5, 1.25, 4, -0.5
526 -> 230, -5, 0.75, 3, -1
526 -> 230, -5, 0.75, 2, -1
526 -> 230, -5, 0.75, 1, -1
533 -> 230, -4, 0.25, 1, -2
537 -> 230, -3, 1.75, 1, -0.5
537 -> 230, -5, 1.75, 1, -1.5
537 -> 230, -5, 1.75, 2, -1.5
541 -> 230, -4, 1.75, 4, -1
541 -> 230, -4, 1.75, 1, -1
541 -> 230, -4, 1.75, 3, -1
541 -> 230, -4, 1.75, 2, -1
542 -> 230, -4, 0.75, 5, -0.5
552 -> 230, -4, 0.75, 4, -1
552 -> 230, -4, 0.75, 5, -1
552 -> 230, -4, 0.75, 3, -1
559 -> 230, -3, 0.25, 1, -1
562 -> 230, -3, 0.75, 1, -2
570 -> 230, -5, 1.75, 3, -0.5
570 -> 230, -5, 1.75, 4, -0.5
570 -> 230, -5, 1.75, 2, -0.5
570 -> 230, -5, 1.75, 1, -0.5
579 -> 230, -5, 1.25, 5, -0.5
586 -> 230, -4, 1.75, 5, -0.5
588 -> 230, -3, 0.75, 4, -0.5
588 -> 230, -3, 0.75, 3, -0.5
588 -> 230, -3, 0.75, 2, -0.5
596 -> 230, -4, 1.75, 5, -1
612 -> 230, -5, 0.75, 1, -0.5
613 -> 230, -5, 1.75, 5, -0.5
616 -> 230, -4, 0.25, 5, -0.5
633 -> 230, -3, 0.75, 5, -0.5
689 -> 230, -3, 1.75, 4, -0.5
689 -> 230, -3, 1.75, 3, -0.5
722 -> 230, -4, 1.75, 1, -0.5
722 -> 230, -4, 1.75, 2, -0.5
722 -> 230, -4, 1.75, 3, -0.5
722 -> 230, -4, 1.75, 4, -0.5
723 -> 230, -4, 1.25, 3, -0.5
723 -> 230, -4, 1.25, 2, -0.5
723 -> 230, -4, 1.25, 1, -0.5
