354 -> 391, -2, 1.25, 1, -1.5
355 -> 391, -4, 1.75, 4, -0.5
366 -> 391, -1, 1.75, 5, -0.5
382 -> 391, -3, 0.75, 1, -0.5
383 -> 391, -5, 1.75, 5, -1.5
383 -> 391, -5, 1.75, 4, -0.5
384 -> 391, -2, 0.75, 5, -0.5
385 -> 391, -3, 1.75, 4, -0.5
386 -> 391, -2, 0.75, 4, -0.5
393 -> 391, -5, 1.75, 3, -2
395 -> 391, -4, 1.25, 2, -1
396 -> 391, -4, 0.75, 5, -1
397 -> 391, -2, 1.75, 5, -0.5
399 -> 391, -2, 0.25, 4, -0.5
399 -> 391, -5, 1.75, 5, -1
399 -> 391, -5, 1.75, 2, -2
399 -> 391, -4, 1.75, 5, -0.5
400 -> 391, -3, 1.25, 1, -0.5
401 -> 391, -3, 1.75, 1, -0.5
401 -> 391, -2, 1.25, 1, -0.5
402 -> 391, -5, 1.75, 1, -2
406 -> 391, -4, 1.25, 1, -0.5
408 -> 391, -1, 0.75, 5, -1
410 -> 391, -4, 0.25, 1, -0.5
411 -> 391, -4, 1.25, 5, -1
412 -> 391, -3, 1.75, 1, -2
414 -> 391, -2, 0.75, 3, -1
414 -> 391, -4, 1.75, 3, -0.5
414 -> 391, -2, 0.75, 2, -1
414 -> 391, -5, 1.25, 3, -1.5
414 -> 391, -5, 1.25, 4, -1.5
416 -> 391, -5, 1.75, 4, -1
416 -> 391, -2, 0.25, 3, -0.5
417 -> 391, -5, 1.75, 3, -1.5
418 -> 391, -2, 1.75, 5, -2
419 -> 391, -2, 0.75, 4, -1
420 -> 391, -4, 1.25, 4, -1
421 -> 391, -3, 0.25, 4, -0.5
422 -> 391, -4, 0.25, 5, -0.5
422 -> 391, -3, 0.25, 2, -0.5
423 -> 391, -2, 0.25, 2, -0.5
423 -> 391, -2, 1.75, 3, -2
423 -> 391, -2, 1.75, 4, -2
423 -> 391, -1, 0.75, 2, -1
423 -> 391, -3, 0.25, 1, -0.5
424 -> 391, -1, 1.25, 3, -1
424 -> 391, -1, 1.25, 2, -1
424 -> 391, -1, 1.25, 4, -1
424 -> 391, -4, 1.25, 1, -1
425 -> 391, -1, 1.75, 2, -0.5
427 -> 391, -1, 0.75, 5, -1.5
428 -> 391, -3, 0.75, 2, -0.5
428 -> 391, -4, 1.25, 4, -2
429 -> 391, -3, 0.75, 1, -1
429 -> 391, -2, 1.75, 3, -1.5
429 -> 391, -5, 1.75, 3, -0.5
429 -> 391, -2, 0.75, 5, -2
429 -> 391, -3, 0.75, 2, -1
430 -> 391, -1, 0.75, 1, -1.5
430 -> 391, -3, 0.75, 5, -0.5
431 -> 391, -2, 1.75, 4, -0.5
431 -> 391, -5, 1.75, 2, -1.5
431 -> 391, -5, 1.75, 4, -1.5
432 -> 391, -4, 0.75, 5, -0.5
433 -> 391, -3, 0.25, 3, -0.5
433 -> 391, -1, 1.75, 4, -0.5
433 -> 391, -2, 1.75, 4, -1
433 -> 391, -4, 1.75, 2, -2
433 -> 391, -4, 1.75, 2, -0.5
433 -> 391, -4, 1.75, 1, -0.5
433 -> 391, -4, 1.75, 3, -2
433 -> 391, -4, 1.75, 4, -2
433 -> 391, -4, 1.75, 5, -2
434 -> 391, -3, 1.75, 1, -1
435 -> 391, -1, 1.75, 3, -0.5
435 -> 391, -1, 1.75, 1, -2
435 -> 391, -5, 1.25, 2, -1.5
435 -> 391, -5, 1.25, 1, -1.5
435 -> 391, -2, 1.75, 1, -0.5
437 -> 391, -3, 1.25, 1, -1.5
437 -> 391, -1, 0.75, 1, -1
438 -> 391, -1, 1.75, 2, -2
438 -> 391, -1, 0.25, 1, -0.5
438 -> 391, -3, 1.25, 4, -2
439 -> 391, -1, 1.75, 2, -1
439 -> 391, -2, 1.25, 4, -0.5
440 -> 391, -4, 1.75, 4, -1.5
440 -> 391, -4, 1.75, 5, -1.5
441 -> 391, -4, 0.25, 3, -1.5
441 -> 391, -3, 1.25, 4, -1
441 -> 391, -4, 1.75, 1, -2
441 -> 391, -2, 1.75, 2, -0.5
441 -> 391, -3, 1.25, 2, -1
441 -> 391, -3, 1.25, 1, -1
442 -> 391, -2, 1.75, 2, -2
442 -> 391, -2, 1.75, 1, -2
443 -> 391, -2, 1.75, 1, -1
443 -> 391, -2, 1.75, 2, -1
443 -> 391, -2, 1.25, 5, -0.5
444 -> 391, -1, 0.75, 1, -2
444 -> 391, -1, 1.75, 1, -0.5
444 -> 391, -1, 0.75, 2, -2
444 -> 391, -2, 1.75, 3, -0.5
445 -> 391, -4, 0.25, 4, -0.5
445 -> 391, -5, 1.75, 4, -2
445 -> 391, -5, 1.75, 5, -2
445 -> 391, -1, 1.25, 3, -0.5
446 -> 391, -3, 0.75, 1, -1.5
446 -> 391, -3, 1.25, 3, -2
447 -> 391, -2, 0.25, 1, -0.5
447 -> 391, -1, 0.75, 4, -1.5
447 -> 391, -1, 0.75, 2, -1.5
447 -> 391, -2, 1.75, 5, -1.5
447 -> 391, -4, 0.75, 5, -1.5
447 -> 391, -1, 0.75, 5, -0.5
447 -> 391, -1, 0.75, 3, -1.5
447 -> 391, -2, 1.75, 4, -1.5
447 -> 391, -4, 1.25, 3, -2
447 -> 391, -4, 1.25, 2, -2
448 -> 391, -2, 1.25, 4, -2
448 -> 391, -2, 1.25, 3, -2
448 -> 391, -2, 1.25, 2, -2
448 -> 391, -2, 1.25, 5, -2
449 -> 391, -1, 0.75, 1, -0.5
450 -> 391, -2, 0.75, 3, -0.5
450 -> 391, -2, 0.25, 5, -0.5
451 -> 391, -3, 0.25, 5, -0.5
451 -> 391, -4, 0.75, 3, -1.5
451 -> 391, -2, 1.25, 3, -1
451 -> 391, -2, 0.75, 5, -1
451 -> 391, -1, 1.75, 3, -1
451 -> 391, -4, 0.75, 4, -1.5
452 -> 391, -5, 1.75, 3, -1
452 -> 391, -3, 1.25, 5, -1.5
452 -> 391, -4, 0.25, 3, -0.5
452 -> 391, -3, 1.25, 4, -1.5
452 -> 391, -3, 1.25, 2, -1.5
452 -> 391, -2, 0.75, 2, -0.5
452 -> 391, -3, 1.25, 3, -1.5
453 -> 391, -3, 0.25, 5, -1
453 -> 391, -3, 1.75, 2, -0.5
453 -> 391, -4, 1.25, 3, -1
453 -> 391, -4, 1.25, 1, -2
454 -> 391, -1, 0.25, 2, -0.5
454 -> 391, -3, 0.25, 4, -1
455 -> 391, -4, 0.75, 1, -1.5
455 -> 391, -1, 1.75, 1, -1
456 -> 391, -1, 1.25, 5, -0.5
456 -> 391, -5, 0.25, 1, -1
456 -> 391, -2, 0.75, 1, -0.5
456 -> 391, -5, 1.75, 1, -1.5
456 -> 391, -2, 0.75, 1, -1.5
456 -> 391, -1, 1.25, 4, -0.5
457 -> 391, -3, 0.75, 3, -1
457 -> 391, -1, 0.25, 4, -1.5
457 -> 391, -1, 0.25, 5, -1.5
457 -> 391, -3, 0.75, 4, -1
457 -> 391, -1, 0.25, 1, -1.5
457 -> 391, -1, 0.25, 2, -1.5
457 -> 391, -1, 0.25, 3, -1.5
458 -> 391, -5, 1.25, 1, -1
458 -> 391, -2, 0.75, 2, -2
458 -> 391, -2, 0.75, 1, -2
458 -> 391, -3, 1.75, 3, -0.5
458 -> 391, -4, 1.25, 5, -2
459 -> 391, -4, 0.75, 2, -1
459 -> 391, -4, 0.75, 1, -1
459 -> 391, -4, 0.75, 2, -1.5
459 -> 391, -3, 1.25, 5, -1
459 -> 391, -4, 0.75, 3, -1
461 -> 391, -4, 0.25, 4, -1.5
461 -> 391, -1, 1.25, 2, -1.5
461 -> 391, -4, 0.25, 5, -1.5
461 -> 391, -5, 1.75, 2, -1
461 -> 391, -1, 1.75, 5, -1
462 -> 391, -2, 1.75, 3, -1
462 -> 391, -1, 1.75, 4, -1
463 -> 391, -1, 1.25, 4, -1.5
463 -> 391, -3, 0.75, 5, -1
463 -> 391, -1, 1.25, 1, -1.5
463 -> 391, -4, 0.25, 2, -1.5
463 -> 391, -5, 1.25, 4, -0.5
463 -> 391, -4, 0.25, 1, -1.5
463 -> 391, -1, 1.25, 5, -1.5
465 -> 391, -3, 1.75, 2, -1
465 -> 391, -2, 1.25, 4, -1.5
465 -> 391, -2, 1.25, 3, -1.5
465 -> 391, -2, 1.25, 2, -1.5
465 -> 391, -3, 1.25, 2, -2
465 -> 391, -3, 1.75, 3, -1
465 -> 391, -3, 1.75, 4, -1
465 -> 391, -3, 1.25, 1, -2
465 -> 391, -1, 0.75, 4, -1
465 -> 391, -4, 1.75, 5, -1
465 -> 391, -3, 0.25, 5, -1.5
465 -> 391, -3, 0.25, 2, -1.5
465 -> 391, -3, 0.25, 3, -1.5
465 -> 391, -3, 0.25, 4, -1.5
465 -> 391, -1, 0.75, 3, -1
465 -> 391, -2, 1.25, 5, -1.5
465 -> 391, -3, 1.75, 5, -1
466 -> 391, -3, 0.75, 1, -2
466 -> 391, -3, 1.75, 5, -0.5
466 -> 391, -3, 0.75, 2, -2
466 -> 391, -3, 0.75, 4, -2
466 -> 391, -3, 0.75, 3, -2
469 -> 391, -1, 1.25, 4, -2
469 -> 391, -1, 1.25, 5, -2
469 -> 391, -5, 1.25, 2, -0.5
469 -> 391, -1, 1.25, 3, -2
469 -> 391, -5, 1.75, 5, -0.5
470 -> 391, -4, 1.25, 4, -1.5
470 -> 391, -2, 0.25, 2, -1.5
470 -> 391, -4, 1.25, 3, -1.5
470 -> 391, -1, 1.75, 5, -2
470 -> 391, -4, 1.25, 5, -1.5
470 -> 391, -4, 1.25, 2, -1.5
471 -> 391, -3, 1.75, 2, -2
471 -> 391, -1, 0.75, 3, -2
471 -> 391, -3, 1.75, 4, -2
471 -> 391, -1, 1.25, 1, -2
471 -> 391, -1, 0.75, 4, -2
471 -> 391, -1, 1.25, 2, -2
471 -> 391, -3, 1.75, 3, -2
471 -> 391, -3, 1.75, 5, -2
471 -> 391, -1, 0.75, 5, -2
471 -> 391, -1, 0.25, 1, -1
471 -> 391, -1, 0.25, 2, -1
472 -> 391, -1, 1.25, 5, -1
472 -> 391, -2, 1.75, 1, -1.5
473 -> 391, -2, 1.25, 2, -0.5
474 -> 391, -1, 0.25, 5, -1
474 -> 391, -1, 1.25, 1, -1
474 -> 391, -1, 0.25, 3, -1
474 -> 391, -1, 0.25, 4, -1
475 -> 391, -2, 0.75, 3, -2
475 -> 391, -5, 0.75, 4, -1
475 -> 391, -5, 0.75, 5, -1
477 -> 391, -2, 0.25, 3, -1.5
477 -> 391, -2, 0.25, 4, -1.5
477 -> 391, -1, 0.75, 4, -0.5
477 -> 391, -1, 0.75, 3, -0.5
477 -> 391, -2, 1.25, 1, -2
477 -> 391, -2, 1.25, 1, -1
477 -> 391, -5, 1.25, 1, -0.5
477 -> 391, -2, 0.25, 5, -1.5
477 -> 391, -2, 0.75, 4, -2
477 -> 391, -4, 1.25, 1, -1.5
477 -> 391, -2, 1.25, 2, -1
479 -> 391, -2, 1.25, 4, -1
479 -> 391, -4, 1.25, 5, -0.5
481 -> 391, -2, 1.75, 2, -1.5
481 -> 391, -3, 0.75, 5, -2
481 -> 391, -1, 1.75, 4, -2
481 -> 391, -1, 1.75, 3, -2
484 -> 391, -3, 0.25, 1, -1
484 -> 391, -3, 0.25, 2, -1
484 -> 391, -3, 0.25, 3, -1
485 -> 391, -3, 1.25, 5, -0.5
485 -> 391, -3, 1.25, 4, -0.5
485 -> 391, -2, 0.25, 1, -1.5
485 -> 391, -3, 1.25, 3, -0.5
485 -> 391, -4, 0.75, 4, -0.5
487 -> 391, -3, 1.25, 2, -0.5
487 -> 391, -2, 0.75, 1, -1
487 -> 391, -1, 1.75, 1, -1.5
487 -> 391, -1, 1.75, 2, -1.5
487 -> 391, -1, 1.75, 3, -1.5
487 -> 391, -1, 1.75, 4, -1.5
487 -> 391, -2, 1.75, 5, -1
487 -> 391, -1, 1.75, 5, -1.5
488 -> 391, -4, 0.75, 5, -2
488 -> 391, -3, 0.25, 1, -1.5
488 -> 391, -3, 1.25, 5, -2
489 -> 391, -2, 0.75, 5, -1.5
489 -> 391, -2, 0.75, 4, -1.5
489 -> 391, -5, 1.75, 1, -0.5
490 -> 391, -5, 1.25, 2, -1
490 -> 391, -5, 1.25, 3, -1
490 -> 391, -5, 1.25, 4, -1
490 -> 391, -5, 1.25, 5, -1
490 -> 391, -2, 0.75, 2, -1.5
491 -> 391, -4, 1.75, 1, -1.5
493 -> 391, -3, 1.25, 3, -1
493 -> 391, -1, 1.25, 3, -1.5
494 -> 391, -4, 0.25, 3, -2
494 -> 391, -4, 0.25, 5, -2
494 -> 391, -4, 0.25, 4, -2
495 -> 391, -1, 0.75, 2, -0.5
495 -> 391, -5, 0.75, 4, -0.5
495 -> 391, -4, 1.25, 2, -0.5
495 -> 391, -5, 0.75, 5, -0.5
498 -> 391, -4, 1.25, 3, -0.5
498 -> 391, -5, 1.25, 5, -0.5
498 -> 391, -4, 1.25, 4, -0.5
499 -> 391, -2, 0.25, 1, -1
499 -> 391, -5, 0.75, 3, -1
500 -> 391, -2, 0.25, 5, -1
500 -> 391, -5, 0.25, 4, -1
501 -> 391, -5, 0.25, 1, -2
501 -> 391, -5, 0.25, 2, -2
501 -> 391, -5, 0.25, 5, -2
501 -> 391, -5, 0.25, 4, -2
501 -> 391, -2, 0.75, 3, -1.5
501 -> 391, -1, 0.25, 3, -0.5
501 -> 391, -5, 0.25, 3, -2
502 -> 391, -5, 1.75, 1, -1
502 -> 391, -5, 0.75, 2, -1
502 -> 391, -5, 0.75, 1, -1
502 -> 391, -1, 1.25, 1, -0.5
502 -> 391, -1, 1.25, 2, -0.5
504 -> 391, -4, 0.75, 1, -2
504 -> 391, -2, 0.25, 4, -1
504 -> 391, -2, 0.25, 2, -1
504 -> 391, -2, 0.25, 3, -1
505 -> 391, -3, 0.75, 3, -0.5
505 -> 391, -2, 0.25, 3, -2
505 -> 391, -3, 0.75, 4, -0.5
505 -> 391, -2, 0.25, 2, -2
506 -> 391, -3, 1.75, 4, -1.5
506 -> 391, -5, 1.25, 2, -2
506 -> 391, -5, 1.25, 3, -2
506 -> 391, -5, 1.25, 4, -2
506 -> 391, -5, 1.25, 5, -2
506 -> 391, -5, 1.25, 1, -2
506 -> 391, -3, 1.75, 3, -1.5
506 -> 391, -3, 1.75, 2, -1.5
506 -> 391, -3, 1.75, 5, -1.5
506 -> 391, -3, 1.75, 1, -1.5
508 -> 391, -5, 0.25, 5, -0.5
508 -> 391, -5, 0.25, 3, -0.5
508 -> 391, -5, 0.25, 1, -0.5
508 -> 391, -4, 0.25, 5, -1
508 -> 391, -5, 0.25, 4, -0.5
508 -> 391, -5, 0.25, 2, -0.5
508 -> 391, -4, 0.25, 4, -1
508 -> 391, -4, 0.25, 3, -1
509 -> 391, -4, 0.25, 2, -0.5
510 -> 391, -5, 0.25, 2, -1
510 -> 391, -5, 0.25, 5, -1
511 -> 391, -5, 0.75, 5, -1.5
514 -> 391, -5, 0.75, 4, -1.5
514 -> 391, -4, 1.75, 2, -1.5
514 -> 391, -5, 0.75, 2, -1.5
514 -> 391, -5, 0.75, 3, -1.5
514 -> 391, -5, 0.75, 1, -1.5
515 -> 391, -4, 1.75, 3, -1.5
516 -> 391, -4, 0.25, 1, -1
516 -> 391, -4, 0.25, 2, -1
517 -> 391, -5, 0.25, 3, -1
519 -> 391, -4, 1.75, 3, -1
519 -> 391, -4, 1.75, 4, -1
519 -> 391, -4, 1.75, 2, -1
519 -> 391, -2, 1.25, 5, -1
519 -> 391, -1, 0.25, 4, -0.5
519 -> 391, -1, 0.25, 5, -0.5
519 -> 391, -4, 1.75, 1, -1
519 -> 391, -5, 1.25, 5, -1.5
520 -> 391, -2, 0.25, 5, -2
520 -> 391, -2, 0.25, 4, -2
521 -> 391, -5, 1.25, 3, -0.5
522 -> 391, -2, 1.25, 3, -0.5
530 -> 391, -4, 0.75, 4, -2
530 -> 391, -4, 0.75, 2, -2
530 -> 391, -4, 0.75, 3, -2
532 -> 391, -3, 0.25, 5, -2
532 -> 391, -3, 0.25, 4, -2
532 -> 391, -3, 0.25, 3, -2
532 -> 391, -3, 0.25, 2, -2
532 -> 391, -3, 0.25, 1, -2
532 -> 391, -1, 0.25, 5, -2
533 -> 391, -3, 0.75, 3, -1.5
533 -> 391, -3, 0.75, 2, -1.5
533 -> 391, -3, 0.75, 4, -1.5
533 -> 391, -3, 0.75, 5, -1.5
536 -> 391, -2, 0.25, 1, -2
536 -> 391, -5, 0.75, 1, -2
536 -> 391, -5, 0.75, 3, -2
536 -> 391, -5, 0.75, 4, -2
536 -> 391, -5, 0.75, 5, -2
536 -> 391, -5, 0.75, 2, -2
538 -> 391, -5, 1.75, 2, -0.5
548 -> 391, -1, 0.25, 1, -2
548 -> 391, -1, 0.25, 4, -2
548 -> 391, -1, 0.25, 3, -2
548 -> 391, -1, 0.25, 2, -2
554 -> 391, -4, 0.75, 4, -1
562 -> 391, -4, 0.25, 2, -2
562 -> 391, -4, 0.25, 1, -2
586 -> 391, -5, 0.75, 1, -0.5
586 -> 391, -5, 0.75, 2, -0.5
586 -> 391, -5, 0.75, 3, -0.5
654 -> 391, -5, 0.25, 2, -1.5
654 -> 391, -5, 0.25, 3, -1.5
654 -> 391, -5, 0.25, 5, -1.5
654 -> 391, -5, 0.25, 4, -1.5
655 -> 391, -5, 0.25, 1, -1.5
746 -> 391, -4, 0.75, 1, -0.5
746 -> 391, -4, 0.75, 2, -0.5
746 -> 391, -4, 0.75, 3, -0.5
