351 -> 308, -3, 1.25, 3, -0.5
351 -> 308, -3, 1.25, 2, -0.5
355 -> 308, -2, 1.75, 3, -1.5
355 -> 308, -2, 1.75, 2, -1.5
359 -> 308, -1, 1.75, 1, -0.5
365 -> 308, -2, 1.25, 2, -0.5
372 -> 308, -5, 1.75, 2, -2
374 -> 308, -3, 1.25, 1, -0.5
374 -> 308, -2, 1.25, 1, -0.5
374 -> 308, -3, 0.25, 3, -0.5
374 -> 308, -1, 1.25, 4, -1.5
374 -> 308, -1, 1.25, 5, -1.5
375 -> 308, -3, 0.75, 1, -0.5
378 -> 308, -1, 1.75, 2, -0.5
379 -> 308, -4, 1.75, 4, -1
381 -> 308, -1, 1.75, 4, -1
381 -> 308, -1, 1.75, 3, -1
381 -> 308, -2, 1.75, 1, -1.5
382 -> 308, -1, 1.75, 5, -1
383 -> 308, -4, 0.25, 2, -1.5
383 -> 308, -4, 0.25, 3, -1.5
384 -> 308, -4, 1.25, 1, -0.5
385 -> 308, -4, 0.25, 1, -1.5
387 -> 308, -5, 1.25, 3, -1.5
389 -> 308, -5, 0.25, 4, -2
389 -> 308, -2, 1.75, 2, -2
390 -> 308, -5, 1.75, 4, -1.5
390 -> 308, -3, 1.75, 4, -0.5
391 -> 308, -5, 1.25, 4, -1.5
392 -> 308, -4, 1.25, 2, -2
392 -> 308, -1, 1.25, 4, -2
392 -> 308, -4, 1.25, 3, -2
392 -> 308, -1, 1.25, 3, -2
392 -> 308, -4, 1.25, 4, -2
393 -> 308, -3, 0.75, 2, -0.5
393 -> 308, -2, 0.75, 5, -0.5
393 -> 308, -4, 1.25, 3, -0.5
394 -> 308, -4, 0.75, 5, -1
394 -> 308, -4, 0.75, 3, -1
394 -> 308, -4, 0.75, 4, -1
395 -> 308, -3, 0.75, 2, -1
395 -> 308, -3, 1.75, 3, -2
395 -> 308, -3, 1.75, 2, -2
398 -> 308, -3, 0.25, 1, -0.5
398 -> 308, -3, 0.25, 2, -0.5
399 -> 308, -3, 0.75, 5, -0.5
399 -> 308, -3, 1.25, 4, -0.5
399 -> 308, -3, 1.25, 1, -1
400 -> 308, -1, 1.75, 5, -2
401 -> 308, -4, 1.25, 5, -0.5
402 -> 308, -1, 1.25, 1, -0.5
402 -> 308, -1, 1.25, 5, -0.5
408 -> 308, -5, 1.25, 4, -1
408 -> 308, -4, 1.75, 2, -1
408 -> 308, -5, 1.25, 3, -1
408 -> 308, -2, 1.25, 3, -1.5
408 -> 308, -2, 1.25, 4, -1.5
408 -> 308, -4, 1.75, 1, -1
409 -> 308, -2, 0.25, 4, -0.5
409 -> 308, -2, 0.25, 3, -0.5
410 -> 308, -2, 1.25, 5, -0.5
410 -> 308, -5, 0.75, 5, -1.5
410 -> 308, -1, 1.75, 4, -0.5
410 -> 308, -5, 0.75, 1, -2
410 -> 308, -5, 1.75, 5, -1.5
410 -> 308, -1, 1.75, 3, -0.5
410 -> 308, -1, 1.75, 5, -0.5
410 -> 308, -1, 0.75, 2, -0.5
410 -> 308, -5, 1.75, 2, -1.5
410 -> 308, -5, 1.75, 1, -1.5
410 -> 308, -5, 1.75, 3, -1
410 -> 308, -5, 1.75, 4, -1
411 -> 308, -3, 0.75, 2, -1.5
411 -> 308, -5, 0.25, 5, -2
411 -> 308, -4, 0.75, 5, -0.5
412 -> 308, -2, 0.75, 5, -1
412 -> 308, -2, 0.75, 4, -2
412 -> 308, -2, 0.75, 5, -2
412 -> 308, -2, 0.75, 3, -2
413 -> 308, -1, 1.75, 4, -1.5
413 -> 308, -4, 1.25, 1, -2
414 -> 308, -1, 1.75, 2, -2
414 -> 308, -1, 1.75, 1, -2
414 -> 308, -1, 1.75, 3, -2
414 -> 308, -1, 1.75, 4, -2
414 -> 308, -1, 1.25, 4, -0.5
415 -> 308, -1, 0.75, 1, -0.5
416 -> 308, -4, 1.75, 3, -1
416 -> 308, -2, 0.25, 1, -0.5
417 -> 308, -1, 0.75, 2, -1.5
417 -> 308, -1, 0.25, 5, -0.5
418 -> 308, -1, 1.25, 5, -2
418 -> 308, -1, 0.25, 4, -0.5
418 -> 308, -1, 0.25, 2, -2
418 -> 308, -1, 0.25, 3, -2
418 -> 308, -3, 1.25, 4, -1.5
418 -> 308, -5, 1.75, 3, -1.5
419 -> 308, -1, 1.25, 3, -1
419 -> 308, -1, 1.25, 2, -1
419 -> 308, -1, 1.25, 5, -1
419 -> 308, -1, 1.25, 1, -1
419 -> 308, -1, 1.25, 4, -1
419 -> 308, -4, 1.75, 4, -2
419 -> 308, -4, 1.25, 5, -1.5
419 -> 308, -4, 1.75, 2, -2
419 -> 308, -2, 0.75, 1, -0.5
419 -> 308, -4, 0.75, 2, -1
419 -> 308, -5, 0.75, 4, -1.5
419 -> 308, -4, 1.75, 3, -2
420 -> 308, -2, 0.25, 3, -1
420 -> 308, -2, 0.75, 2, -2
420 -> 308, -2, 1.25, 2, -1.5
420 -> 308, -3, 1.75, 3, -0.5
420 -> 308, -2, 0.75, 1, -2
420 -> 308, -4, 1.25, 2, -0.5
421 -> 308, -2, 1.75, 3, -2
421 -> 308, -1, 1.75, 5, -1.5
422 -> 308, -2, 1.75, 4, -2
422 -> 308, -4, 0.25, 4, -0.5
422 -> 308, -1, 0.75, 3, -1.5
423 -> 308, -2, 1.75, 4, -1.5
423 -> 308, -5, 0.75, 3, -1.5
423 -> 308, -3, 0.75, 3, -1
424 -> 308, -1, 0.25, 4, -2
424 -> 308, -1, 0.25, 5, -2
424 -> 308, -3, 0.75, 4, -1
425 -> 308, -5, 1.75, 5, -1
425 -> 308, -1, 0.75, 1, -1.5
425 -> 308, -5, 0.75, 3, -2
425 -> 308, -5, 0.75, 4, -2
426 -> 308, -5, 1.25, 3, -2
427 -> 308, -1, 1.25, 1, -2
428 -> 308, -1, 1.25, 2, -2
429 -> 308, -4, 1.25, 3, -1.5
429 -> 308, -4, 1.25, 4, -1.5
429 -> 308, -5, 0.25, 2, -0.5
429 -> 308, -2, 0.25, 1, -1
429 -> 308, -4, 0.25, 3, -2
429 -> 308, -2, 1.75, 1, -2
429 -> 308, -1, 0.25, 3, -1
430 -> 308, -1, 1.75, 3, -1.5
431 -> 308, -2, 1.75, 5, -0.5
431 -> 308, -3, 1.75, 1, -2
431 -> 308, -2, 1.75, 1, -0.5
431 -> 308, -2, 1.25, 2, -1
431 -> 308, -1, 0.75, 4, -1.5
431 -> 308, -1, 0.25, 4, -1
431 -> 308, -1, 0.25, 5, -1
431 -> 308, -1, 0.75, 1, -1
431 -> 308, -1, 0.75, 5, -1.5
432 -> 308, -4, 0.25, 1, -0.5
432 -> 308, -5, 0.75, 2, -1.5
432 -> 308, -5, 0.75, 1, -1.5
434 -> 308, -4, 0.25, 4, -1.5
434 -> 308, -5, 1.75, 5, -2
434 -> 308, -1, 1.75, 1, -1
434 -> 308, -2, 0.75, 1, -1
434 -> 308, -5, 1.25, 5, -1.5
434 -> 308, -5, 1.75, 3, -2
434 -> 308, -5, 0.25, 3, -2
434 -> 308, -2, 1.25, 3, -1
434 -> 308, -5, 1.75, 4, -2
436 -> 308, -2, 1.25, 4, -1
436 -> 308, -2, 1.25, 5, -1
436 -> 308, -1, 0.25, 1, -2
437 -> 308, -3, 0.75, 5, -1
437 -> 308, -4, 0.75, 2, -1.5
437 -> 308, -4, 0.75, 1, -1.5
437 -> 308, -5, 1.75, 1, -2
438 -> 308, -1, 0.75, 3, -0.5
438 -> 308, -2, 0.75, 4, -1
438 -> 308, -1, 0.75, 4, -0.5
438 -> 308, -3, 1.25, 1, -2
438 -> 308, -1, 0.75, 5, -0.5
439 -> 308, -5, 0.75, 2, -2
439 -> 308, -2, 0.75, 3, -1
439 -> 308, -2, 0.25, 4, -1
439 -> 308, -1, 0.75, 4, -1
439 -> 308, -1, 0.75, 3, -1
439 -> 308, -1, 0.75, 5, -1
440 -> 308, -5, 1.75, 1, -1
440 -> 308, -5, 1.75, 2, -1
440 -> 308, -4, 1.25, 5, -1
441 -> 308, -4, 0.75, 3, -1.5
441 -> 308, -4, 1.75, 1, -1.5
441 -> 308, -3, 1.25, 1, -1.5
441 -> 308, -3, 1.25, 3, -1.5
441 -> 308, -3, 1.25, 2, -1.5
441 -> 308, -4, 0.75, 4, -1.5
442 -> 308, -3, 1.25, 5, -1.5
442 -> 308, -5, 1.25, 5, -2
442 -> 308, -3, 1.25, 2, -1
442 -> 308, -5, 1.25, 4, -2
442 -> 308, -4, 1.25, 4, -0.5
443 -> 308, -4, 0.25, 1, -1
443 -> 308, -3, 0.75, 1, -1
443 -> 308, -2, 1.75, 5, -1.5
443 -> 308, -4, 0.25, 2, -1
443 -> 308, -4, 0.25, 3, -1
445 -> 308, -2, 0.75, 4, -0.5
445 -> 308, -5, 1.25, 2, -2
445 -> 308, -2, 0.75, 3, -0.5
445 -> 308, -2, 1.25, 4, -0.5
445 -> 308, -5, 1.25, 1, -2
445 -> 308, -5, 0.25, 4, -1.5
445 -> 308, -5, 0.25, 5, -1.5
445 -> 308, -5, 1.25, 2, -1.5
446 -> 308, -4, 0.25, 5, -2
446 -> 308, -5, 0.25, 3, -1.5
446 -> 308, -3, 1.75, 2, -0.5
446 -> 308, -4, 0.75, 5, -1.5
446 -> 308, -5, 0.25, 2, -1.5
447 -> 308, -5, 1.25, 1, -1.5
447 -> 308, -4, 0.25, 2, -0.5
448 -> 308, -5, 0.25, 1, -0.5
448 -> 308, -2, 0.75, 2, -0.5
448 -> 308, -5, 0.75, 5, -2
448 -> 308, -4, 1.25, 2, -1.5
449 -> 308, -2, 1.75, 5, -2
449 -> 308, -2, 0.25, 2, -0.5
449 -> 308, -2, 1.75, 5, -1
451 -> 308, -5, 0.25, 1, -1.5
452 -> 308, -2, 0.25, 5, -1
452 -> 308, -2, 1.75, 3, -0.5
452 -> 308, -2, 1.75, 2, -0.5
455 -> 308, -4, 0.75, 1, -1
455 -> 308, -4, 1.75, 5, -2
455 -> 308, -2, 1.25, 5, -1.5
456 -> 308, -3, 0.25, 2, -1.5
456 -> 308, -3, 0.25, 1, -1.5
456 -> 308, -4, 0.25, 2, -2
456 -> 308, -1, 1.75, 2, -1.5
456 -> 308, -1, 1.75, 1, -1.5
456 -> 308, -4, 0.25, 1, -2
457 -> 308, -1, 0.75, 2, -1
457 -> 308, -2, 1.25, 3, -2
457 -> 308, -5, 1.25, 1, -1
457 -> 308, -5, 1.25, 5, -1
458 -> 308, -2, 1.25, 5, -2
458 -> 308, -2, 1.25, 4, -2
459 -> 308, -2, 1.25, 2, -2
459 -> 308, -2, 1.25, 1, -2
460 -> 308, -4, 0.25, 4, -2
460 -> 308, -4, 1.25, 1, -1.5
461 -> 308, -4, 1.75, 1, -2
461 -> 308, -1, 0.25, 1, -0.5
461 -> 308, -3, 0.75, 3, -1.5
461 -> 308, -3, 0.75, 4, -1.5
461 -> 308, -3, 0.75, 5, -1.5
462 -> 308, -2, 1.25, 1, -1
463 -> 308, -3, 1.25, 3, -2
463 -> 308, -3, 1.25, 5, -2
463 -> 308, -3, 1.25, 4, -2
463 -> 308, -1, 1.25, 2, -1.5
463 -> 308, -1, 1.25, 1, -1.5
463 -> 308, -5, 0.75, 5, -1
463 -> 308, -3, 1.25, 2, -2
463 -> 308, -5, 0.75, 4, -1
463 -> 308, -1, 0.25, 3, -0.5
463 -> 308, -3, 0.25, 2, -2
464 -> 308, -1, 0.75, 3, -2
466 -> 308, -1, 0.25, 2, -1
466 -> 308, -1, 0.25, 1, -1
467 -> 308, -3, 1.25, 5, -0.5
468 -> 308, -3, 0.25, 5, -1.5
468 -> 308, -3, 0.25, 5, -0.5
468 -> 308, -3, 0.25, 3, -2
468 -> 308, -1, 1.25, 2, -0.5
468 -> 308, -2, 0.75, 1, -1.5
468 -> 308, -1, 1.25, 3, -0.5
469 -> 308, -2, 0.75, 3, -1.5
469 -> 308, -5, 1.25, 2, -0.5
469 -> 308, -2, 0.75, 4, -1.5
470 -> 308, -4, 1.75, 3, -0.5
471 -> 308, -3, 0.75, 5, -2
471 -> 308, -2, 0.75, 2, -1.5
471 -> 308, -2, 1.25, 3, -0.5
471 -> 308, -4, 0.25, 4, -1
471 -> 308, -3, 0.75, 3, -2
471 -> 308, -3, 0.75, 4, -2
472 -> 308, -3, 0.25, 1, -2
472 -> 308, -3, 0.25, 4, -1.5
472 -> 308, -3, 1.75, 4, -2
472 -> 308, -3, 1.75, 5, -2
472 -> 308, -4, 1.25, 2, -1
472 -> 308, -1, 1.25, 3, -1.5
472 -> 308, -1, 0.75, 5, -2
472 -> 308, -4, 1.25, 1, -1
473 -> 308, -3, 0.75, 1, -1.5
475 -> 308, -3, 1.75, 1, -1.5
475 -> 308, -4, 1.25, 5, -2
476 -> 308, -5, 1.25, 3, -0.5
477 -> 308, -1, 0.75, 4, -2
478 -> 308, -3, 0.75, 3, -0.5
479 -> 308, -4, 1.75, 2, -1.5
479 -> 308, -3, 0.25, 4, -0.5
479 -> 308, -3, 1.75, 1, -1
479 -> 308, -3, 0.25, 5, -2
479 -> 308, -3, 0.25, 4, -2
479 -> 308, -3, 1.75, 2, -1
480 -> 308, -1, 0.25, 3, -1.5
480 -> 308, -1, 0.25, 4, -1.5
480 -> 308, -1, 0.25, 5, -1.5
483 -> 308, -1, 0.25, 2, -1.5
483 -> 308, -1, 0.25, 1, -1.5
483 -> 308, -4, 1.75, 1, -0.5
484 -> 308, -2, 1.75, 3, -1
484 -> 308, -2, 1.75, 2, -1
484 -> 308, -2, 1.75, 1, -1
484 -> 308, -2, 1.75, 4, -1
485 -> 308, -3, 1.75, 1, -0.5
486 -> 308, -1, 0.25, 2, -0.5
487 -> 308, -2, 0.25, 5, -0.5
489 -> 308, -1, 0.75, 1, -2
490 -> 308, -4, 0.75, 4, -2
490 -> 308, -4, 0.75, 3, -2
490 -> 308, -4, 0.75, 1, -2
490 -> 308, -4, 0.75, 5, -2
490 -> 308, -4, 0.75, 2, -2
490 -> 308, -2, 1.75, 4, -0.5
491 -> 308, -2, 0.75, 5, -1.5
492 -> 308, -3, 0.25, 5, -1
492 -> 308, -5, 0.25, 5, -1
492 -> 308, -5, 0.25, 2, -1
492 -> 308, -3, 0.25, 4, -1
492 -> 308, -5, 0.25, 4, -1
492 -> 308, -5, 0.25, 3, -1
493 -> 308, -1, 0.75, 2, -2
494 -> 308, -4, 0.25, 5, -0.5
494 -> 308, -2, 0.75, 2, -1
495 -> 308, -3, 0.75, 2, -2
495 -> 308, -3, 0.75, 1, -2
496 -> 308, -3, 0.75, 4, -0.5
497 -> 308, -2, 0.25, 2, -1.5
497 -> 308, -2, 0.25, 1, -1.5
499 -> 308, -3, 1.75, 5, -1.5
499 -> 308, -3, 1.75, 2, -1.5
499 -> 308, -4, 0.25, 5, -1.5
499 -> 308, -3, 1.75, 4, -1.5
499 -> 308, -1, 1.75, 2, -1
499 -> 308, -3, 1.75, 3, -1.5
501 -> 308, -5, 1.75, 2, -0.5
501 -> 308, -5, 1.75, 4, -0.5
501 -> 308, -5, 1.75, 3, -0.5
505 -> 308, -3, 0.25, 3, -1.5
506 -> 308, -2, 0.25, 5, -2
506 -> 308, -2, 0.25, 4, -2
506 -> 308, -2, 0.25, 1, -2
506 -> 308, -2, 0.25, 3, -2
506 -> 308, -2, 0.25, 2, -2
507 -> 308, -5, 1.25, 2, -1
508 -> 308, -5, 0.25, 1, -1
511 -> 308, -2, 0.25, 4, -1.5
511 -> 308, -2, 0.25, 3, -1.5
511 -> 308, -2, 0.25, 5, -1.5
513 -> 308, -5, 1.25, 5, -0.5
513 -> 308, -5, 1.25, 4, -0.5
513 -> 308, -2, 1.25, 1, -1.5
514 -> 308, -5, 1.75, 5, -0.5
515 -> 308, -2, 0.25, 2, -1
516 -> 308, -3, 0.25, 3, -1
519 -> 308, -3, 0.25, 2, -1
519 -> 308, -3, 0.25, 1, -1
522 -> 308, -3, 1.75, 5, -0.5
522 -> 308, -4, 1.25, 3, -1
522 -> 308, -4, 1.25, 4, -1
524 -> 308, -4, 1.75, 2, -0.5
549 -> 308, -5, 0.25, 1, -2
549 -> 308, -5, 0.75, 1, -1
549 -> 308, -5, 0.75, 2, -1
549 -> 308, -5, 0.75, 3, -1
549 -> 308, -5, 0.25, 2, -2
562 -> 308, -4, 1.75, 5, -1.5
562 -> 308, -4, 1.75, 4, -1.5
562 -> 308, -5, 1.75, 1, -0.5
562 -> 308, -4, 0.25, 5, -1
562 -> 308, -4, 1.75, 3, -1.5
569 -> 308, -5, 0.25, 5, -0.5
570 -> 308, -5, 1.25, 1, -0.5
588 -> 308, -3, 1.25, 3, -1
588 -> 308, -3, 1.25, 4, -1
588 -> 308, -3, 1.25, 5, -1
595 -> 308, -5, 0.25, 4, -0.5
603 -> 308, -5, 0.25, 3, -0.5
615 -> 308, -3, 1.75, 5, -1
615 -> 308, -4, 1.75, 4, -0.5
615 -> 308, -4, 1.75, 5, -0.5
615 -> 308, -3, 1.75, 3, -1
615 -> 308, -3, 1.75, 4, -1
619 -> 308, -4, 0.75, 4, -0.5
619 -> 308, -4, 0.75, 2, -0.5
619 -> 308, -4, 1.75, 5, -1
619 -> 308, -4, 0.75, 3, -0.5
619 -> 308, -4, 0.75, 1, -0.5
633 -> 308, -4, 0.25, 3, -0.5
730 -> 308, -5, 0.75, 3, -0.5
730 -> 308, -5, 0.75, 5, -0.5
730 -> 308, -5, 0.75, 2, -0.5
730 -> 308, -5, 0.75, 4, -0.5
732 -> 308, -5, 0.75, 1, -0.5
