351 -> 307, -3, 1.25, 3, -0.5
351 -> 307, -3, 1.25, 2, -0.5
355 -> 307, -2, 1.75, 3, -1.5
355 -> 307, -2, 1.75, 2, -1.5
359 -> 307, -1, 1.75, 1, -0.5
365 -> 307, -2, 1.25, 2, -0.5
372 -> 307, -5, 1.75, 2, -2
374 -> 307, -3, 1.25, 1, -0.5
374 -> 307, -2, 1.25, 1, -0.5
374 -> 307, -3, 0.25, 3, -0.5
374 -> 307, -1, 1.25, 4, -1.5
374 -> 307, -1, 1.25, 5, -1.5
375 -> 307, -3, 0.75, 1, -0.5
378 -> 307, -1, 1.75, 2, -0.5
379 -> 307, -4, 1.75, 4, -1
381 -> 307, -1, 1.75, 4, -1
381 -> 307, -1, 1.75, 3, -1
381 -> 307, -2, 1.75, 1, -1.5
382 -> 307, -1, 1.75, 5, -1
383 -> 307, -4, 0.25, 2, -1.5
383 -> 307, -4, 0.25, 3, -1.5
384 -> 307, -4, 1.25, 1, -0.5
385 -> 307, -4, 0.25, 1, -1.5
387 -> 307, -5, 1.25, 3, -1.5
389 -> 307, -5, 0.25, 4, -2
389 -> 307, -2, 1.75, 2, -2
390 -> 307, -5, 1.75, 4, -1.5
390 -> 307, -3, 1.75, 4, -0.5
391 -> 307, -5, 1.25, 4, -1.5
392 -> 307, -4, 1.25, 2, -2
392 -> 307, -1, 1.25, 4, -2
392 -> 307, -4, 1.25, 3, -2
392 -> 307, -1, 1.25, 3, -2
392 -> 307, -4, 1.25, 4, -2
393 -> 307, -3, 0.75, 2, -0.5
393 -> 307, -2, 0.75, 5, -0.5
393 -> 307, -4, 1.25, 3, -0.5
394 -> 307, -4, 0.75, 5, -1
394 -> 307, -4, 0.75, 3, -1
394 -> 307, -4, 0.75, 4, -1
395 -> 307, -3, 0.75, 2, -1
395 -> 307, -3, 1.75, 3, -2
395 -> 307, -3, 1.75, 2, -2
398 -> 307, -3, 0.25, 1, -0.5
398 -> 307, -3, 0.25, 2, -0.5
399 -> 307, -3, 0.75, 5, -0.5
399 -> 307, -3, 1.25, 4, -0.5
399 -> 307, -3, 1.25, 1, -1
400 -> 307, -1, 1.75, 5, -2
401 -> 307, -4, 1.25, 5, -0.5
402 -> 307, -1, 1.25, 1, -0.5
402 -> 307, -1, 1.25, 5, -0.5
408 -> 307, -5, 1.25, 4, -1
408 -> 307, -4, 1.75, 2, -1
408 -> 307, -5, 1.25, 3, -1
408 -> 307, -2, 1.25, 3, -1.5
408 -> 307, -2, 1.25, 4, -1.5
408 -> 307, -4, 1.75, 1, -1
409 -> 307, -2, 0.25, 4, -0.5
409 -> 307, -2, 0.25, 3, -0.5
410 -> 307, -2, 1.25, 5, -0.5
410 -> 307, -5, 0.75, 5, -1.5
410 -> 307, -1, 1.75, 4, -0.5
410 -> 307, -5, 0.75, 1, -2
410 -> 307, -5, 1.75, 5, -1.5
410 -> 307, -1, 1.75, 3, -0.5
410 -> 307, -1, 1.75, 5, -0.5
410 -> 307, -1, 0.75, 2, -0.5
410 -> 307, -5, 1.75, 2, -1.5
410 -> 307, -5, 1.75, 1, -1.5
410 -> 307, -5, 1.75, 3, -1
410 -> 307, -5, 1.75, 4, -1
411 -> 307, -3, 0.75, 2, -1.5
411 -> 307, -5, 0.25, 5, -2
411 -> 307, -4, 0.75, 5, -0.5
412 -> 307, -2, 0.75, 5, -1
412 -> 307, -2, 0.75, 4, -2
412 -> 307, -2, 0.75, 5, -2
412 -> 307, -2, 0.75, 3, -2
413 -> 307, -1, 1.75, 4, -1.5
413 -> 307, -4, 1.25, 1, -2
414 -> 307, -1, 1.75, 2, -2
414 -> 307, -1, 1.75, 1, -2
414 -> 307, -1, 1.75, 3, -2
414 -> 307, -1, 1.75, 4, -2
414 -> 307, -1, 1.25, 4, -0.5
415 -> 307, -1, 0.75, 1, -0.5
416 -> 307, -4, 1.75, 3, -1
416 -> 307, -2, 0.25, 1, -0.5
417 -> 307, -1, 0.75, 2, -1.5
417 -> 307, -1, 0.25, 5, -0.5
418 -> 307, -1, 1.25, 5, -2
418 -> 307, -1, 0.25, 4, -0.5
418 -> 307, -1, 0.25, 2, -2
418 -> 307, -1, 0.25, 3, -2
418 -> 307, -3, 1.25, 4, -1.5
418 -> 307, -5, 1.75, 3, -1.5
419 -> 307, -1, 1.25, 3, -1
419 -> 307, -1, 1.25, 2, -1
419 -> 307, -1, 1.25, 5, -1
419 -> 307, -1, 1.25, 1, -1
419 -> 307, -1, 1.25, 4, -1
419 -> 307, -4, 1.75, 4, -2
419 -> 307, -4, 1.25, 5, -1.5
419 -> 307, -4, 1.75, 2, -2
419 -> 307, -2, 0.75, 1, -0.5
419 -> 307, -4, 0.75, 2, -1
419 -> 307, -5, 0.75, 4, -1.5
419 -> 307, -4, 1.75, 3, -2
420 -> 307, -2, 0.25, 3, -1
420 -> 307, -2, 0.75, 2, -2
420 -> 307, -2, 1.25, 2, -1.5
420 -> 307, -3, 1.75, 3, -0.5
420 -> 307, -2, 0.75, 1, -2
420 -> 307, -4, 1.25, 2, -0.5
421 -> 307, -2, 1.75, 3, -2
421 -> 307, -1, 1.75, 5, -1.5
422 -> 307, -2, 1.75, 4, -2
422 -> 307, -4, 0.25, 4, -0.5
422 -> 307, -1, 0.75, 3, -1.5
423 -> 307, -2, 1.75, 4, -1.5
423 -> 307, -5, 0.75, 3, -1.5
423 -> 307, -3, 0.75, 3, -1
424 -> 307, -1, 0.25, 4, -2
424 -> 307, -1, 0.25, 5, -2
424 -> 307, -3, 0.75, 4, -1
425 -> 307, -5, 1.75, 5, -1
425 -> 307, -1, 0.75, 1, -1.5
425 -> 307, -5, 0.75, 3, -2
425 -> 307, -5, 0.75, 4, -2
426 -> 307, -5, 1.25, 3, -2
427 -> 307, -1, 1.25, 1, -2
428 -> 307, -1, 1.25, 2, -2
429 -> 307, -4, 1.25, 3, -1.5
429 -> 307, -4, 1.25, 4, -1.5
429 -> 307, -5, 0.25, 2, -0.5
429 -> 307, -2, 0.25, 1, -1
429 -> 307, -4, 0.25, 3, -2
429 -> 307, -2, 1.75, 1, -2
429 -> 307, -1, 0.25, 3, -1
430 -> 307, -1, 1.75, 3, -1.5
431 -> 307, -2, 1.75, 5, -0.5
431 -> 307, -3, 1.75, 1, -2
431 -> 307, -2, 1.75, 1, -0.5
431 -> 307, -2, 1.25, 2, -1
431 -> 307, -1, 0.75, 4, -1.5
431 -> 307, -1, 0.25, 4, -1
431 -> 307, -1, 0.25, 5, -1
431 -> 307, -1, 0.75, 1, -1
431 -> 307, -1, 0.75, 5, -1.5
432 -> 307, -4, 0.25, 1, -0.5
432 -> 307, -5, 0.75, 2, -1.5
432 -> 307, -5, 0.75, 1, -1.5
434 -> 307, -4, 0.25, 4, -1.5
434 -> 307, -5, 1.75, 5, -2
434 -> 307, -1, 1.75, 1, -1
434 -> 307, -2, 0.75, 1, -1
434 -> 307, -5, 1.25, 5, -1.5
434 -> 307, -5, 1.75, 3, -2
434 -> 307, -5, 0.25, 3, -2
434 -> 307, -2, 1.25, 3, -1
434 -> 307, -5, 1.75, 4, -2
436 -> 307, -2, 1.25, 4, -1
436 -> 307, -2, 1.25, 5, -1
436 -> 307, -1, 0.25, 1, -2
437 -> 307, -3, 0.75, 5, -1
437 -> 307, -4, 0.75, 2, -1.5
437 -> 307, -4, 0.75, 1, -1.5
437 -> 307, -5, 1.75, 1, -2
438 -> 307, -1, 0.75, 3, -0.5
438 -> 307, -2, 0.75, 4, -1
438 -> 307, -1, 0.75, 4, -0.5
438 -> 307, -3, 1.25, 1, -2
438 -> 307, -1, 0.75, 5, -0.5
439 -> 307, -5, 0.75, 2, -2
439 -> 307, -2, 0.75, 3, -1
439 -> 307, -2, 0.25, 4, -1
439 -> 307, -1, 0.75, 4, -1
439 -> 307, -1, 0.75, 3, -1
439 -> 307, -1, 0.75, 5, -1
440 -> 307, -5, 1.75, 1, -1
440 -> 307, -5, 1.75, 2, -1
440 -> 307, -4, 1.25, 5, -1
441 -> 307, -4, 0.75, 3, -1.5
441 -> 307, -4, 1.75, 1, -1.5
441 -> 307, -3, 1.25, 1, -1.5
441 -> 307, -3, 1.25, 3, -1.5
441 -> 307, -3, 1.25, 2, -1.5
441 -> 307, -4, 0.75, 4, -1.5
442 -> 307, -3, 1.25, 5, -1.5
442 -> 307, -5, 1.25, 5, -2
442 -> 307, -3, 1.25, 2, -1
442 -> 307, -5, 1.25, 4, -2
442 -> 307, -4, 1.25, 4, -0.5
443 -> 307, -4, 0.25, 1, -1
443 -> 307, -3, 0.75, 1, -1
443 -> 307, -2, 1.75, 5, -1.5
443 -> 307, -4, 0.25, 2, -1
443 -> 307, -4, 0.25, 3, -1
445 -> 307, -2, 0.75, 4, -0.5
445 -> 307, -5, 1.25, 2, -2
445 -> 307, -2, 0.75, 3, -0.5
445 -> 307, -2, 1.25, 4, -0.5
445 -> 307, -5, 1.25, 1, -2
445 -> 307, -5, 0.25, 4, -1.5
445 -> 307, -5, 0.25, 5, -1.5
445 -> 307, -5, 1.25, 2, -1.5
446 -> 307, -4, 0.25, 5, -2
446 -> 307, -5, 0.25, 3, -1.5
446 -> 307, -3, 1.75, 2, -0.5
446 -> 307, -4, 0.75, 5, -1.5
446 -> 307, -5, 0.25, 2, -1.5
447 -> 307, -5, 1.25, 1, -1.5
447 -> 307, -4, 0.25, 2, -0.5
448 -> 307, -5, 0.25, 1, -0.5
448 -> 307, -2, 0.75, 2, -0.5
448 -> 307, -5, 0.75, 5, -2
448 -> 307, -4, 1.25, 2, -1.5
449 -> 307, -2, 1.75, 5, -2
449 -> 307, -2, 0.25, 2, -0.5
449 -> 307, -2, 1.75, 5, -1
451 -> 307, -5, 0.25, 1, -1.5
452 -> 307, -2, 0.25, 5, -1
452 -> 307, -2, 1.75, 3, -0.5
452 -> 307, -2, 1.75, 2, -0.5
455 -> 307, -4, 0.75, 1, -1
455 -> 307, -4, 1.75, 5, -2
455 -> 307, -2, 1.25, 5, -1.5
456 -> 307, -3, 0.25, 2, -1.5
456 -> 307, -3, 0.25, 1, -1.5
456 -> 307, -4, 0.25, 2, -2
456 -> 307, -1, 1.75, 2, -1.5
456 -> 307, -1, 1.75, 1, -1.5
456 -> 307, -4, 0.25, 1, -2
457 -> 307, -1, 0.75, 2, -1
457 -> 307, -2, 1.25, 3, -2
457 -> 307, -5, 1.25, 1, -1
457 -> 307, -5, 1.25, 5, -1
458 -> 307, -2, 1.25, 5, -2
458 -> 307, -2, 1.25, 4, -2
459 -> 307, -2, 1.25, 2, -2
459 -> 307, -2, 1.25, 1, -2
460 -> 307, -4, 0.25, 4, -2
460 -> 307, -4, 1.25, 1, -1.5
461 -> 307, -4, 1.75, 1, -2
461 -> 307, -1, 0.25, 1, -0.5
461 -> 307, -3, 0.75, 3, -1.5
461 -> 307, -3, 0.75, 4, -1.5
461 -> 307, -3, 0.75, 5, -1.5
462 -> 307, -2, 1.25, 1, -1
463 -> 307, -3, 1.25, 3, -2
463 -> 307, -3, 1.25, 2, -2
463 -> 307, -5, 0.75, 4, -1
463 -> 307, -3, 1.25, 4, -2
463 -> 307, -5, 0.75, 5, -1
463 -> 307, -3, 1.25, 5, -2
463 -> 307, -1, 1.25, 2, -1.5
463 -> 307, -1, 1.25, 1, -1.5
463 -> 307, -3, 0.25, 2, -2
463 -> 307, -1, 0.25, 3, -0.5
464 -> 307, -1, 0.75, 3, -2
466 -> 307, -1, 0.25, 2, -1
466 -> 307, -1, 0.25, 1, -1
467 -> 307, -3, 1.25, 5, -0.5
468 -> 307, -3, 0.25, 3, -2
468 -> 307, -3, 0.25, 5, -0.5
468 -> 307, -1, 1.25, 2, -0.5
468 -> 307, -3, 0.25, 5, -1.5
468 -> 307, -1, 1.25, 3, -0.5
468 -> 307, -2, 0.75, 1, -1.5
469 -> 307, -2, 0.75, 4, -1.5
469 -> 307, -5, 1.25, 2, -0.5
469 -> 307, -2, 0.75, 3, -1.5
470 -> 307, -4, 1.75, 3, -0.5
471 -> 307, -2, 0.75, 2, -1.5
471 -> 307, -2, 1.25, 3, -0.5
471 -> 307, -3, 0.75, 4, -2
471 -> 307, -3, 0.75, 3, -2
471 -> 307, -3, 0.75, 5, -2
471 -> 307, -4, 0.25, 4, -1
472 -> 307, -1, 0.75, 5, -2
472 -> 307, -3, 0.25, 1, -2
472 -> 307, -4, 1.25, 1, -1
472 -> 307, -3, 1.75, 4, -2
472 -> 307, -3, 1.75, 5, -2
472 -> 307, -3, 0.25, 4, -1.5
472 -> 307, -4, 1.25, 2, -1
472 -> 307, -1, 1.25, 3, -1.5
473 -> 307, -3, 0.75, 1, -1.5
475 -> 307, -4, 1.25, 5, -2
475 -> 307, -3, 1.75, 1, -1.5
476 -> 307, -5, 1.25, 3, -0.5
477 -> 307, -1, 0.75, 4, -2
477 -> 307, -3, 1.75, 1, -0.5
478 -> 307, -3, 0.75, 3, -0.5
479 -> 307, -3, 0.25, 5, -2
479 -> 307, -3, 0.25, 4, -2
479 -> 307, -3, 1.75, 1, -1
479 -> 307, -3, 0.25, 4, -0.5
479 -> 307, -4, 1.75, 2, -1.5
479 -> 307, -3, 1.75, 2, -1
480 -> 307, -1, 0.25, 4, -1.5
480 -> 307, -1, 0.25, 5, -1.5
480 -> 307, -1, 0.25, 3, -1.5
483 -> 307, -1, 0.25, 1, -1.5
483 -> 307, -4, 1.75, 1, -0.5
483 -> 307, -1, 0.25, 2, -1.5
484 -> 307, -2, 1.75, 3, -1
484 -> 307, -2, 1.75, 1, -1
484 -> 307, -2, 1.75, 2, -1
484 -> 307, -2, 1.75, 4, -1
486 -> 307, -1, 0.25, 2, -0.5
487 -> 307, -2, 0.25, 5, -0.5
489 -> 307, -1, 0.75, 1, -2
490 -> 307, -4, 0.75, 5, -2
490 -> 307, -4, 0.75, 4, -2
490 -> 307, -4, 0.75, 3, -2
490 -> 307, -2, 1.75, 4, -0.5
490 -> 307, -4, 0.75, 2, -2
490 -> 307, -4, 0.75, 1, -2
491 -> 307, -2, 0.75, 5, -1.5
492 -> 307, -5, 0.25, 2, -1
492 -> 307, -3, 0.25, 4, -1
492 -> 307, -5, 0.25, 5, -1
492 -> 307, -3, 0.25, 5, -1
492 -> 307, -5, 0.25, 4, -1
492 -> 307, -5, 0.25, 3, -1
493 -> 307, -1, 0.75, 2, -2
494 -> 307, -2, 0.75, 2, -1
494 -> 307, -4, 0.25, 5, -0.5
495 -> 307, -3, 0.75, 1, -2
495 -> 307, -3, 0.75, 2, -2
496 -> 307, -3, 0.75, 4, -0.5
497 -> 307, -2, 0.25, 1, -1.5
497 -> 307, -2, 0.25, 2, -1.5
499 -> 307, -3, 1.75, 2, -1.5
499 -> 307, -3, 1.75, 3, -1.5
499 -> 307, -3, 1.75, 4, -1.5
499 -> 307, -1, 1.75, 2, -1
499 -> 307, -4, 0.25, 5, -1.5
499 -> 307, -3, 1.75, 5, -1.5
501 -> 307, -5, 1.75, 4, -0.5
501 -> 307, -5, 1.75, 3, -0.5
501 -> 307, -5, 1.75, 2, -0.5
505 -> 307, -3, 0.25, 3, -1.5
506 -> 307, -2, 0.25, 4, -2
506 -> 307, -2, 0.25, 2, -2
506 -> 307, -2, 0.25, 1, -2
506 -> 307, -2, 0.25, 5, -2
506 -> 307, -2, 0.25, 3, -2
507 -> 307, -5, 1.25, 2, -1
508 -> 307, -5, 0.25, 1, -1
511 -> 307, -2, 0.25, 4, -1.5
511 -> 307, -2, 0.25, 3, -1.5
511 -> 307, -2, 0.25, 5, -1.5
513 -> 307, -2, 1.25, 1, -1.5
513 -> 307, -5, 1.25, 5, -0.5
513 -> 307, -5, 1.25, 4, -0.5
514 -> 307, -5, 1.75, 5, -0.5
515 -> 307, -2, 0.25, 2, -1
516 -> 307, -3, 0.25, 3, -1
519 -> 307, -3, 0.25, 2, -1
519 -> 307, -3, 0.25, 1, -1
522 -> 307, -3, 1.75, 5, -0.5
523 -> 307, -4, 1.25, 4, -1
523 -> 307, -4, 1.25, 3, -1
524 -> 307, -4, 1.75, 2, -0.5
549 -> 307, -5, 0.25, 1, -2
549 -> 307, -5, 0.25, 2, -2
549 -> 307, -5, 0.75, 1, -1
549 -> 307, -5, 0.75, 2, -1
549 -> 307, -5, 0.75, 3, -1
562 -> 307, -4, 1.75, 4, -1.5
562 -> 307, -4, 1.75, 3, -1.5
562 -> 307, -4, 0.25, 5, -1
562 -> 307, -4, 1.75, 5, -1.5
562 -> 307, -5, 1.75, 1, -0.5
569 -> 307, -5, 0.25, 5, -0.5
570 -> 307, -5, 1.25, 1, -0.5
588 -> 307, -3, 1.25, 3, -1
588 -> 307, -3, 1.25, 5, -1
588 -> 307, -3, 1.25, 4, -1
595 -> 307, -5, 0.25, 4, -0.5
603 -> 307, -5, 0.25, 3, -0.5
615 -> 307, -3, 1.75, 5, -1
615 -> 307, -4, 1.75, 4, -0.5
615 -> 307, -3, 1.75, 3, -1
615 -> 307, -3, 1.75, 4, -1
615 -> 307, -4, 1.75, 5, -0.5
619 -> 307, -4, 0.75, 3, -0.5
619 -> 307, -4, 0.75, 4, -0.5
619 -> 307, -4, 1.75, 5, -1
619 -> 307, -4, 0.75, 2, -0.5
619 -> 307, -4, 0.75, 1, -0.5
633 -> 307, -4, 0.25, 3, -0.5
730 -> 307, -5, 0.75, 3, -0.5
730 -> 307, -5, 0.75, 5, -0.5
730 -> 307, -5, 0.75, 4, -0.5
730 -> 307, -5, 0.75, 2, -0.5
732 -> 307, -5, 0.75, 1, -0.5
