325 -> 345, -5, 0.75, 4, -1
335 -> 345, -5, 0.75, 2, -1
335 -> 345, -5, 0.75, 3, -1
347 -> 345, -5, 0.75, 5, -1
358 -> 345, -2, 1.75, 1, -1
368 -> 345, -4, 1.25, 3, -1.5
371 -> 345, -1, 0.75, 2, -0.5
382 -> 345, -5, 1.25, 5, -1.5
384 -> 345, -3, 0.75, 5, -0.5
384 -> 345, -1, 1.75, 2, -1.5
386 -> 345, -2, 1.75, 3, -1.5
394 -> 345, -1, 0.25, 3, -1
394 -> 345, -1, 0.25, 4, -1
394 -> 345, -5, 0.75, 1, -1
394 -> 345, -1, 0.25, 5, -1
395 -> 345, -2, 0.25, 5, -0.5
396 -> 345, -3, 1.25, 2, -1
397 -> 345, -5, 0.25, 5, -0.5
399 -> 345, -4, 0.75, 5, -1
399 -> 345, -5, 1.25, 1, -1.5
403 -> 345, -5, 1.25, 5, -2
403 -> 345, -5, 1.25, 1, -2
403 -> 345, -5, 1.25, 3, -2
403 -> 345, -5, 1.25, 2, -2
403 -> 345, -5, 1.25, 4, -2
404 -> 345, -3, 0.75, 4, -1.5
404 -> 345, -3, 0.75, 5, -1.5
404 -> 345, -1, 0.25, 2, -0.5
406 -> 345, -2, 1.25, 5, -1.5
407 -> 345, -2, 0.25, 4, -0.5
408 -> 345, -2, 1.75, 2, -1.5
409 -> 345, -1, 0.25, 1, -0.5
409 -> 345, -3, 0.75, 3, -1.5
409 -> 345, -3, 0.75, 2, -1.5
409 -> 345, -3, 0.75, 1, -1.5
410 -> 345, -4, 0.75, 3, -2
410 -> 345, -5, 1.75, 4, -1.5
410 -> 345, -4, 0.75, 2, -2
410 -> 345, -1, 1.25, 3, -1
411 -> 345, -2, 1.25, 4, -1.5
411 -> 345, -2, 1.25, 3, -1.5
411 -> 345, -2, 1.25, 2, -1.5
411 -> 345, -4, 0.25, 4, -0.5
412 -> 345, -1, 1.75, 2, -0.5
412 -> 345, -2, 1.25, 5, -2
412 -> 345, -2, 1.25, 1, -0.5
413 -> 345, -3, 1.75, 4, -1.5
415 -> 345, -3, 1.75, 3, -2
417 -> 345, -3, 0.75, 4, -1
419 -> 345, -2, 1.25, 1, -1.5
420 -> 345, -4, 1.25, 5, -2
420 -> 345, -2, 1.25, 3, -0.5
420 -> 345, -5, 1.75, 1, -1.5
421 -> 345, -3, 0.75, 3, -1
422 -> 345, -4, 1.25, 1, -1
423 -> 345, -3, 1.25, 2, -1.5
423 -> 345, -3, 1.25, 3, -1.5
423 -> 345, -3, 1.25, 4, -1.5
423 -> 345, -1, 0.75, 5, -2
423 -> 345, -5, 1.25, 3, -0.5
423 -> 345, -1, 0.75, 4, -2
425 -> 345, -3, 1.25, 5, -1.5
426 -> 345, -1, 0.75, 1, -0.5
427 -> 345, -2, 1.75, 5, -0.5
428 -> 345, -3, 0.75, 2, -1
428 -> 345, -2, 0.75, 1, -2
429 -> 345, -4, 1.75, 3, -1
431 -> 345, -2, 1.25, 2, -1
432 -> 345, -1, 1.75, 4, -1
432 -> 345, -3, 1.75, 2, -2
432 -> 345, -1, 1.75, 2, -1
432 -> 345, -3, 1.25, 3, -1
432 -> 345, -1, 1.75, 3, -0.5
433 -> 345, -1, 1.75, 4, -1.5
433 -> 345, -1, 1.75, 1, -1.5
434 -> 345, -4, 0.75, 1, -2
434 -> 345, -3, 1.75, 5, -1.5
434 -> 345, -2, 1.75, 5, -1.5
436 -> 345, -1, 1.75, 3, -1.5
439 -> 345, -1, 1.75, 5, -1
439 -> 345, -3, 1.25, 1, -1.5
440 -> 345, -2, 1.75, 5, -1
440 -> 345, -3, 1.75, 4, -2
440 -> 345, -1, 1.25, 4, -1
440 -> 345, -3, 1.75, 5, -2
440 -> 345, -1, 1.75, 1, -0.5
440 -> 345, -3, 0.75, 1, -1
441 -> 345, -3, 1.25, 1, -1
441 -> 345, -1, 0.25, 3, -0.5
441 -> 345, -5, 1.75, 2, -1.5
441 -> 345, -5, 1.75, 3, -1.5
441 -> 345, -1, 0.25, 4, -0.5
442 -> 345, -5, 1.75, 5, -1.5
442 -> 345, -1, 1.75, 3, -1
442 -> 345, -1, 1.75, 2, -2
442 -> 345, -1, 1.75, 1, -2
444 -> 345, -4, 1.75, 2, -1
444 -> 345, -1, 0.75, 5, -0.5
444 -> 345, -1, 0.75, 4, -0.5
444 -> 345, -2, 1.25, 3, -1
445 -> 345, -3, 1.75, 4, -0.5
446 -> 345, -5, 1.25, 1, -0.5
447 -> 345, -1, 0.25, 5, -0.5
447 -> 345, -1, 1.75, 5, -1.5
448 -> 345, -3, 0.25, 1, -1
448 -> 345, -2, 1.75, 5, -2
448 -> 345, -3, 1.75, 3, -0.5
449 -> 345, -4, 0.75, 4, -2
449 -> 345, -5, 1.75, 2, -0.5
449 -> 345, -4, 0.75, 5, -2
450 -> 345, -5, 0.25, 1, -1.5
450 -> 345, -5, 0.25, 2, -1.5
450 -> 345, -1, 0.75, 3, -2
451 -> 345, -1, 1.75, 4, -2
452 -> 345, -2, 1.75, 1, -1.5
452 -> 345, -2, 0.75, 5, -0.5
452 -> 345, -2, 0.75, 4, -0.5
453 -> 345, -4, 0.25, 5, -0.5
453 -> 345, -5, 0.75, 3, -2
453 -> 345, -5, 0.75, 4, -2
453 -> 345, -5, 0.75, 2, -2
453 -> 345, -2, 0.25, 3, -0.5
453 -> 345, -5, 0.75, 5, -2
453 -> 345, -5, 0.75, 1, -2
453 -> 345, -1, 1.25, 4, -1.5
453 -> 345, -2, 0.75, 4, -2
453 -> 345, -1, 1.25, 5, -1.5
454 -> 345, -4, 1.25, 2, -2
454 -> 345, -4, 0.75, 4, -1
454 -> 345, -4, 0.75, 3, -1
454 -> 345, -4, 1.25, 3, -2
454 -> 345, -4, 1.25, 4, -2
455 -> 345, -5, 1.25, 2, -1
455 -> 345, -5, 1.25, 5, -0.5
455 -> 345, -1, 0.75, 3, -0.5
455 -> 345, -3, 1.75, 1, -1.5
455 -> 345, -1, 1.25, 3, -1.5
455 -> 345, -4, 0.75, 5, -0.5
457 -> 345, -1, 0.75, 2, -2
457 -> 345, -3, 0.25, 2, -0.5
457 -> 345, -3, 0.25, 1, -0.5
458 -> 345, -3, 0.25, 3, -0.5
459 -> 345, -1, 0.75, 2, -1
461 -> 345, -1, 0.25, 1, -2
461 -> 345, -5, 1.75, 4, -2
461 -> 345, -2, 0.75, 5, -1
462 -> 345, -2, 0.75, 3, -1.5
463 -> 345, -1, 1.25, 1, -1.5
463 -> 345, -1, 1.25, 2, -1.5
463 -> 345, -1, 0.25, 4, -2
463 -> 345, -1, 0.25, 3, -2
463 -> 345, -1, 0.25, 2, -2
464 -> 345, -2, 0.75, 2, -2
464 -> 345, -5, 1.25, 2, -1.5
465 -> 345, -2, 1.75, 3, -2
465 -> 345, -3, 0.25, 3, -1
465 -> 345, -2, 1.75, 2, -2
465 -> 345, -3, 0.25, 2, -1
465 -> 345, -2, 1.75, 1, -2
465 -> 345, -2, 1.25, 1, -2
466 -> 345, -5, 1.75, 3, -2
466 -> 345, -5, 1.75, 2, -2
466 -> 345, -5, 1.75, 1, -2
466 -> 345, -2, 0.25, 2, -1.5
466 -> 345, -3, 1.75, 2, -1.5
466 -> 345, -3, 1.75, 3, -1.5
466 -> 345, -2, 0.25, 1, -1.5
467 -> 345, -1, 1.75, 3, -2
467 -> 345, -5, 1.75, 5, -1
467 -> 345, -5, 1.75, 4, -1
467 -> 345, -1, 0.25, 2, -1
467 -> 345, -5, 0.25, 3, -1.5
467 -> 345, -2, 1.25, 3, -2
467 -> 345, -2, 1.25, 2, -2
467 -> 345, -2, 1.25, 4, -2
467 -> 345, -2, 0.75, 3, -0.5
467 -> 345, -2, 0.75, 5, -2
468 -> 345, -1, 1.25, 5, -1
468 -> 345, -2, 1.75, 4, -1.5
469 -> 345, -5, 0.25, 5, -1.5
469 -> 345, -1, 1.25, 1, -0.5
470 -> 345, -3, 1.25, 2, -2
470 -> 345, -3, 1.25, 4, -1
470 -> 345, -1, 0.75, 1, -2
470 -> 345, -3, 1.25, 1, -2
470 -> 345, -3, 1.25, 5, -2
470 -> 345, -3, 1.25, 3, -2
470 -> 345, -3, 1.25, 4, -2
472 -> 345, -1, 1.25, 2, -1
472 -> 345, -1, 1.25, 1, -1
473 -> 345, -2, 0.75, 1, -0.5
474 -> 345, -4, 1.25, 3, -1
474 -> 345, -1, 0.25, 1, -1
474 -> 345, -4, 1.25, 2, -1.5
474 -> 345, -1, 1.25, 4, -0.5
474 -> 345, -4, 1.25, 5, -1
474 -> 345, -4, 1.25, 4, -1
474 -> 345, -1, 1.25, 3, -0.5
474 -> 345, -1, 1.25, 2, -0.5
474 -> 345, -4, 1.25, 2, -1
475 -> 345, -4, 1.75, 1, -1.5
475 -> 345, -3, 0.25, 2, -2
475 -> 345, -4, 1.75, 2, -1.5
475 -> 345, -4, 1.25, 4, -1.5
475 -> 345, -3, 0.25, 3, -2
475 -> 345, -3, 0.25, 5, -2
475 -> 345, -3, 0.25, 5, -0.5
475 -> 345, -3, 0.25, 4, -2
475 -> 345, -4, 1.25, 5, -1.5
476 -> 345, -4, 1.75, 3, -1.5
476 -> 345, -4, 1.75, 5, -1.5
476 -> 345, -4, 1.75, 4, -1.5
476 -> 345, -2, 1.25, 2, -0.5
476 -> 345, -2, 0.75, 2, -0.5
477 -> 345, -1, 1.75, 5, -2
478 -> 345, -5, 1.75, 5, -2
479 -> 345, -3, 0.75, 1, -2
479 -> 345, -2, 0.75, 4, -1
479 -> 345, -3, 1.75, 1, -2
480 -> 345, -2, 1.25, 1, -1
480 -> 345, -2, 1.75, 4, -0.5
480 -> 345, -4, 1.75, 5, -1
480 -> 345, -4, 1.75, 4, -1
480 -> 345, -1, 0.25, 5, -2
480 -> 345, -2, 0.75, 3, -2
481 -> 345, -2, 1.25, 5, -1
481 -> 345, -2, 1.25, 4, -1
482 -> 345, -3, 1.75, 1, -1
482 -> 345, -4, 1.25, 3, -0.5
482 -> 345, -4, 1.25, 2, -0.5
483 -> 345, -3, 1.75, 2, -1
483 -> 345, -3, 1.75, 3, -1
483 -> 345, -1, 1.25, 3, -2
484 -> 345, -2, 0.25, 3, -1.5
484 -> 345, -1, 1.25, 5, -0.5
484 -> 345, -2, 0.75, 2, -1.5
484 -> 345, -2, 0.75, 1, -1.5
484 -> 345, -2, 0.25, 5, -1.5
484 -> 345, -2, 0.25, 4, -1.5
485 -> 345, -1, 1.25, 5, -2
485 -> 345, -1, 1.25, 4, -2
486 -> 345, -2, 0.75, 5, -1.5
486 -> 345, -2, 0.75, 4, -1.5
487 -> 345, -3, 1.75, 5, -1
487 -> 345, -3, 1.75, 4, -1
488 -> 345, -2, 1.75, 2, -1
488 -> 345, -2, 1.75, 3, -0.5
488 -> 345, -2, 1.75, 3, -1
488 -> 345, -2, 1.75, 4, -1
489 -> 345, -4, 1.25, 1, -0.5
490 -> 345, -4, 1.75, 1, -1
491 -> 345, -2, 1.75, 4, -2
492 -> 345, -4, 0.75, 5, -1.5
492 -> 345, -4, 0.75, 4, -1.5
492 -> 345, -4, 0.75, 3, -1.5
492 -> 345, -4, 0.75, 2, -1.5
492 -> 345, -4, 0.75, 1, -1.5
493 -> 345, -3, 1.25, 5, -1
493 -> 345, -4, 1.25, 1, -2
494 -> 345, -3, 0.75, 5, -1
495 -> 345, -4, 0.25, 3, -0.5
495 -> 345, -4, 0.25, 2, -0.5
495 -> 345, -4, 0.25, 1, -0.5
496 -> 345, -1, 1.25, 2, -2
496 -> 345, -1, 0.75, 5, -1
496 -> 345, -1, 0.75, 4, -1
497 -> 345, -1, 0.75, 3, -1
497 -> 345, -3, 0.25, 5, -1.5
498 -> 345, -4, 0.25, 1, -1
498 -> 345, -2, 0.25, 2, -0.5
499 -> 345, -1, 0.75, 3, -1.5
499 -> 345, -1, 0.75, 4, -1.5
499 -> 345, -1, 0.75, 5, -1.5
500 -> 345, -1, 0.75, 2, -1.5
500 -> 345, -1, 0.75, 1, -1.5
501 -> 345, -1, 1.75, 4, -0.5
501 -> 345, -1, 1.75, 1, -1
501 -> 345, -1, 1.75, 5, -0.5
502 -> 345, -5, 1.25, 2, -0.5
502 -> 345, -4, 0.25, 3, -1.5
502 -> 345, -4, 0.25, 4, -1.5
502 -> 345, -4, 0.25, 5, -1.5
503 -> 345, -2, 0.25, 1, -0.5
504 -> 345, -5, 0.75, 5, -0.5
504 -> 345, -5, 1.75, 5, -0.5
505 -> 345, -3, 0.25, 1, -2
508 -> 345, -1, 0.25, 4, -1.5
508 -> 345, -1, 0.25, 1, -1.5
508 -> 345, -1, 0.25, 5, -1.5
508 -> 345, -1, 0.25, 3, -1.5
508 -> 345, -1, 0.25, 2, -1.5
509 -> 345, -4, 0.75, 2, -0.5
509 -> 345, -4, 0.75, 3, -0.5
509 -> 345, -4, 0.75, 4, -0.5
510 -> 345, -4, 0.75, 1, -0.5
510 -> 345, -4, 0.25, 5, -1
510 -> 345, -3, 0.75, 4, -0.5
511 -> 345, -2, 0.75, 3, -1
511 -> 345, -3, 1.75, 1, -0.5
511 -> 345, -2, 0.75, 1, -1
511 -> 345, -2, 0.75, 2, -1
511 -> 345, -3, 1.75, 2, -0.5
511 -> 345, -2, 1.75, 1, -0.5
511 -> 345, -2, 1.75, 2, -0.5
512 -> 345, -1, 0.75, 1, -1
513 -> 345, -5, 0.25, 5, -1
514 -> 345, -3, 1.25, 2, -0.5
514 -> 345, -1, 1.25, 1, -2
514 -> 345, -3, 1.25, 3, -0.5
514 -> 345, -3, 1.25, 4, -0.5
515 -> 345, -3, 0.25, 5, -1
515 -> 345, -3, 0.25, 4, -1
517 -> 345, -2, 0.25, 1, -2
517 -> 345, -2, 0.25, 3, -2
517 -> 345, -2, 0.25, 4, -2
517 -> 345, -2, 0.25, 5, -2
517 -> 345, -2, 0.25, 2, -2
519 -> 345, -3, 0.75, 1, -0.5
519 -> 345, -3, 0.75, 2, -0.5
520 -> 345, -2, 0.25, 5, -1
520 -> 345, -5, 0.25, 4, -1.5
520 -> 345, -2, 0.25, 4, -1
520 -> 345, -2, 0.25, 3, -1
520 -> 345, -3, 0.75, 3, -0.5
521 -> 345, -5, 1.25, 3, -1
521 -> 345, -5, 1.25, 4, -1
521 -> 345, -5, 1.25, 5, -1
522 -> 345, -3, 1.25, 1, -0.5
524 -> 345, -4, 1.75, 4, -2
524 -> 345, -3, 0.25, 4, -0.5
524 -> 345, -4, 1.75, 5, -2
524 -> 345, -4, 1.75, 2, -2
524 -> 345, -4, 1.75, 1, -2
524 -> 345, -4, 1.75, 3, -2
525 -> 345, -4, 0.25, 2, -1.5
525 -> 345, -4, 0.25, 1, -1.5
525 -> 345, -4, 1.25, 1, -1.5
526 -> 345, -5, 1.25, 4, -0.5
527 -> 345, -5, 1.25, 1, -1
527 -> 345, -2, 0.25, 2, -1
527 -> 345, -2, 0.25, 1, -1
528 -> 345, -3, 0.25, 1, -1.5
528 -> 345, -3, 0.25, 2, -1.5
528 -> 345, -3, 0.25, 3, -1.5
528 -> 345, -3, 0.25, 4, -1.5
532 -> 345, -3, 0.75, 5, -2
532 -> 345, -3, 0.75, 4, -2
532 -> 345, -3, 0.75, 3, -2
532 -> 345, -3, 0.75, 2, -2
533 -> 345, -2, 1.25, 4, -0.5
533 -> 345, -2, 1.25, 5, -0.5
536 -> 345, -4, 0.75, 1, -1
536 -> 345, -4, 0.75, 2, -1
538 -> 345, -4, 0.25, 2, -1
538 -> 345, -4, 0.25, 3, -1
538 -> 345, -4, 0.25, 4, -1
539 -> 345, -5, 1.25, 4, -1.5
539 -> 345, -5, 1.25, 3, -1.5
543 -> 345, -4, 1.75, 3, -0.5
543 -> 345, -4, 1.75, 4, -0.5
544 -> 345, -3, 1.25, 5, -0.5
545 -> 345, -5, 0.25, 4, -2
545 -> 345, -5, 0.25, 5, -2
545 -> 345, -5, 0.25, 3, -2
549 -> 345, -3, 1.75, 5, -0.5
553 -> 345, -5, 0.25, 2, -2
553 -> 345, -5, 0.25, 1, -2
555 -> 345, -5, 0.25, 3, -1
555 -> 345, -5, 0.25, 4, -1
555 -> 345, -5, 0.25, 2, -1
555 -> 345, -5, 0.25, 1, -1
571 -> 345, -4, 1.75, 5, -0.5
578 -> 345, -4, 1.25, 5, -0.5
578 -> 345, -4, 1.25, 4, -0.5
584 -> 345, -5, 1.75, 3, -1
584 -> 345, -5, 1.75, 2, -1
584 -> 345, -5, 1.75, 1, -1
593 -> 345, -5, 1.75, 1, -0.5
594 -> 345, -5, 0.25, 4, -0.5
597 -> 345, -5, 0.25, 2, -0.5
597 -> 345, -5, 0.25, 1, -0.5
606 -> 345, -4, 0.25, 2, -2
606 -> 345, -4, 0.25, 5, -2
606 -> 345, -4, 0.25, 4, -2
606 -> 345, -4, 0.25, 1, -2
606 -> 345, -4, 0.25, 3, -2
606 -> 345, -5, 0.25, 3, -0.5
617 -> 345, -5, 1.75, 4, -0.5
617 -> 345, -5, 1.75, 3, -0.5
631 -> 345, -4, 1.75, 1, -0.5
631 -> 345, -4, 1.75, 2, -0.5
631 -> 345, -5, 0.75, 5, -1.5
631 -> 345, -5, 0.75, 4, -1.5
631 -> 345, -5, 0.75, 3, -1.5
634 -> 345, -5, 0.75, 1, -1.5
634 -> 345, -5, 0.75, 2, -1.5
711 -> 345, -5, 0.75, 4, -0.5
711 -> 345, -5, 0.75, 1, -0.5
711 -> 345, -5, 0.75, 3, -0.5
711 -> 345, -5, 0.75, 2, -0.5
