342 -> 369, -1, 1.75, 1, -0.5
364 -> 369, -2, 1.25, 2, -0.5
364 -> 369, -5, 1.75, 1, -1.5
369 -> 369, -5, 1.25, 5, -1.5
369 -> 369, -5, 1.75, 5, -1.5
370 -> 369, -5, 0.75, 5, -1
370 -> 369, -2, 1.25, 1, -0.5
376 -> 369, -4, 1.75, 1, -1
376 -> 369, -4, 1.75, 5, -1
380 -> 369, -1, 1.75, 5, -1
383 -> 369, -5, 1.75, 4, -1
384 -> 369, -5, 0.75, 4, -0.5
384 -> 369, -5, 0.75, 3, -0.5
386 -> 369, -4, 0.75, 1, -2
386 -> 369, -4, 0.75, 3, -2
386 -> 369, -4, 0.75, 2, -2
387 -> 369, -5, 1.75, 1, -1
387 -> 369, -3, 1.75, 4, -2
387 -> 369, -5, 1.75, 2, -1
387 -> 369, -5, 1.75, 3, -1
388 -> 369, -1, 0.75, 3, -1.5
388 -> 369, -3, 0.75, 4, -1
388 -> 369, -1, 0.75, 2, -1.5
388 -> 369, -3, 0.75, 5, -1
390 -> 369, -2, 1.75, 2, -0.5
391 -> 369, -2, 1.25, 3, -1
391 -> 369, -2, 1.25, 2, -1
392 -> 369, -4, 1.25, 3, -1.5
392 -> 369, -3, 0.75, 3, -1
392 -> 369, -3, 1.25, 2, -2
392 -> 369, -1, 0.75, 5, -0.5
392 -> 369, -3, 0.75, 2, -1
392 -> 369, -5, 0.75, 2, -1
393 -> 369, -1, 1.25, 3, -0.5
393 -> 369, -3, 0.75, 1, -1
397 -> 369, -4, 0.75, 4, -0.5
397 -> 369, -4, 0.75, 5, -0.5
397 -> 369, -1, 1.75, 4, -1
397 -> 369, -1, 0.75, 4, -2
399 -> 369, -5, 1.75, 5, -1
400 -> 369, -3, 1.75, 2, -2
400 -> 369, -3, 1.75, 1, -2
400 -> 369, -1, 0.75, 4, -1.5
401 -> 369, -2, 0.25, 4, -1.5
401 -> 369, -1, 1.25, 1, -1.5
401 -> 369, -1, 1.25, 2, -1.5
401 -> 369, -2, 0.25, 3, -1.5
401 -> 369, -5, 1.75, 3, -0.5
402 -> 369, -5, 1.75, 4, -1.5
403 -> 369, -3, 1.75, 5, -2
403 -> 369, -4, 0.75, 5, -1.5
403 -> 369, -2, 1.75, 3, -0.5
404 -> 369, -3, 1.75, 5, -0.5
405 -> 369, -5, 0.75, 1, -1
405 -> 369, -1, 1.75, 2, -0.5
406 -> 369, -1, 1.25, 5, -1
406 -> 369, -1, 1.75, 4, -1.5
407 -> 369, -2, 1.75, 4, -0.5
408 -> 369, -3, 0.75, 4, -0.5
408 -> 369, -1, 1.25, 3, -1
408 -> 369, -1, 1.25, 4, -1
409 -> 369, -4, 1.75, 3, -1
409 -> 369, -4, 1.25, 2, -1.5
409 -> 369, -4, 1.75, 4, -1
409 -> 369, -1, 1.75, 1, -1
409 -> 369, -1, 1.25, 1, -2
410 -> 369, -1, 0.75, 5, -1.5
410 -> 369, -3, 1.25, 1, -2
411 -> 369, -5, 1.75, 2, -0.5
411 -> 369, -3, 1.75, 1, -1.5
413 -> 369, -4, 1.75, 2, -1.5
413 -> 369, -2, 1.75, 1, -1
414 -> 369, -2, 1.75, 5, -0.5
415 -> 369, -4, 0.75, 2, -0.5
415 -> 369, -2, 1.25, 4, -1
415 -> 369, -1, 0.75, 1, -1.5
415 -> 369, -3, 0.25, 3, -2
415 -> 369, -4, 0.75, 3, -0.5
415 -> 369, -2, 1.25, 5, -1
415 -> 369, -3, 0.25, 2, -2
417 -> 369, -3, 1.75, 5, -1
417 -> 369, -2, 1.75, 2, -1
418 -> 369, -3, 1.75, 3, -2
418 -> 369, -5, 1.75, 1, -2
418 -> 369, -2, 1.25, 3, -0.5
419 -> 369, -3, 1.25, 3, -0.5
419 -> 369, -1, 1.75, 5, -1.5
419 -> 369, -3, 1.75, 2, -0.5
419 -> 369, -4, 1.75, 2, -1
419 -> 369, -1, 1.75, 5, -0.5
419 -> 369, -1, 1.75, 3, -0.5
419 -> 369, -1, 1.25, 2, -2
419 -> 369, -1, 1.75, 4, -0.5
419 -> 369, -2, 1.75, 5, -1.5
420 -> 369, -2, 0.75, 1, -0.5
420 -> 369, -1, 0.75, 4, -0.5
420 -> 369, -4, 0.75, 1, -0.5
420 -> 369, -3, 1.75, 2, -1.5
421 -> 369, -4, 1.25, 5, -0.5
421 -> 369, -4, 1.25, 1, -1.5
421 -> 369, -5, 0.75, 3, -1
422 -> 369, -1, 1.75, 2, -1.5
422 -> 369, -1, 0.25, 2, -1.5
422 -> 369, -1, 1.75, 1, -1.5
423 -> 369, -1, 1.75, 1, -2
424 -> 369, -2, 1.75, 3, -2
425 -> 369, -3, 1.25, 2, -1.5
425 -> 369, -2, 1.75, 2, -2
425 -> 369, -1, 0.75, 1, -2
426 -> 369, -1, 0.75, 1, -0.5
426 -> 369, -1, 1.25, 5, -2
427 -> 369, -2, 0.75, 2, -0.5
428 -> 369, -3, 1.75, 1, -1
428 -> 369, -1, 1.25, 2, -0.5
428 -> 369, -5, 0.25, 1, -2
428 -> 369, -3, 1.75, 2, -1
429 -> 369, -1, 1.25, 2, -1
430 -> 369, -3, 1.25, 2, -0.5
430 -> 369, -3, 1.25, 1, -0.5
430 -> 369, -5, 0.75, 2, -2
430 -> 369, -3, 1.25, 3, -1.5
430 -> 369, -3, 1.25, 5, -1.5
430 -> 369, -3, 1.75, 3, -1
430 -> 369, -3, 1.75, 3, -0.5
430 -> 369, -3, 1.25, 4, -1.5
431 -> 369, -3, 0.75, 5, -0.5
431 -> 369, -5, 1.75, 5, -0.5
431 -> 369, -5, 1.75, 4, -0.5
432 -> 369, -1, 1.25, 4, -1.5
432 -> 369, -1, 1.25, 3, -1.5
433 -> 369, -1, 0.25, 5, -2
433 -> 369, -1, 0.75, 5, -2
434 -> 369, -2, 1.75, 1, -0.5
434 -> 369, -5, 0.75, 5, -0.5
434 -> 369, -5, 0.75, 4, -1.5
435 -> 369, -2, 1.75, 4, -1.5
435 -> 369, -1, 0.75, 2, -0.5
435 -> 369, -1, 0.75, 3, -0.5
436 -> 369, -1, 0.25, 3, -1.5
438 -> 369, -2, 0.75, 1, -2
438 -> 369, -1, 1.25, 4, -2
438 -> 369, -4, 0.25, 2, -1
439 -> 369, -4, 0.25, 4, -1.5
439 -> 369, -4, 0.25, 3, -1.5
439 -> 369, -4, 0.25, 2, -1.5
440 -> 369, -3, 0.25, 1, -2
441 -> 369, -5, 1.25, 4, -1.5
441 -> 369, -1, 1.25, 1, -1
441 -> 369, -2, 0.75, 5, -2
441 -> 369, -4, 0.25, 1, -1.5
441 -> 369, -2, 1.75, 4, -1
441 -> 369, -2, 0.75, 4, -2
441 -> 369, -5, 1.25, 3, -1.5
441 -> 369, -5, 1.25, 1, -1.5
441 -> 369, -2, 1.75, 3, -1
441 -> 369, -2, 0.75, 3, -2
441 -> 369, -5, 1.25, 2, -1.5
441 -> 369, -2, 0.75, 2, -2
442 -> 369, -2, 0.25, 2, -2
442 -> 369, -2, 0.25, 3, -2
442 -> 369, -2, 0.25, 4, -2
442 -> 369, -2, 0.25, 5, -2
443 -> 369, -1, 1.25, 3, -2
443 -> 369, -3, 1.25, 1, -1.5
443 -> 369, -1, 1.75, 4, -2
444 -> 369, -1, 0.75, 2, -1
444 -> 369, -3, 1.75, 1, -0.5
444 -> 369, -2, 1.75, 1, -1.5
445 -> 369, -3, 1.75, 4, -0.5
445 -> 369, -1, 0.25, 3, -1
445 -> 369, -1, 0.25, 2, -1
445 -> 369, -4, 0.75, 2, -1.5
445 -> 369, -1, 1.75, 3, -1.5
446 -> 369, -2, 1.75, 3, -1.5
446 -> 369, -2, 1.75, 2, -1.5
446 -> 369, -2, 0.75, 3, -0.5
446 -> 369, -1, 1.75, 3, -1
446 -> 369, -1, 1.25, 1, -0.5
446 -> 369, -4, 1.75, 1, -0.5
447 -> 369, -4, 1.25, 2, -2
447 -> 369, -4, 1.25, 1, -2
448 -> 369, -5, 1.75, 3, -1.5
448 -> 369, -4, 1.25, 3, -2
448 -> 369, -1, 1.25, 5, -1.5
449 -> 369, -4, 1.25, 5, -2
449 -> 369, -1, 0.25, 4, -1.5
449 -> 369, -4, 1.75, 5, -0.5
449 -> 369, -5, 1.25, 2, -1
449 -> 369, -5, 1.25, 1, -1
449 -> 369, -4, 1.25, 4, -2
449 -> 369, -3, 0.75, 1, -0.5
449 -> 369, -4, 0.25, 4, -1
449 -> 369, -1, 0.25, 5, -1.5
450 -> 369, -3, 1.25, 5, -1
450 -> 369, -3, 1.25, 4, -1
450 -> 369, -3, 1.25, 3, -1
450 -> 369, -3, 1.25, 2, -1
450 -> 369, -2, 0.75, 4, -1
450 -> 369, -2, 0.75, 3, -1
450 -> 369, -4, 1.25, 4, -0.5
450 -> 369, -2, 0.75, 5, -1
451 -> 369, -1, 1.75, 2, -2
452 -> 369, -5, 0.25, 5, -1.5
452 -> 369, -5, 0.25, 2, -1.5
452 -> 369, -5, 0.25, 3, -0.5
452 -> 369, -5, 0.25, 3, -1.5
452 -> 369, -5, 0.25, 4, -1.5
453 -> 369, -1, 1.25, 5, -0.5
453 -> 369, -5, 0.25, 1, -1
454 -> 369, -1, 1.25, 4, -0.5
454 -> 369, -3, 0.75, 4, -2
454 -> 369, -3, 0.75, 3, -2
454 -> 369, -3, 0.75, 2, -0.5
454 -> 369, -3, 0.75, 3, -0.5
454 -> 369, -3, 0.75, 5, -2
455 -> 369, -2, 0.75, 4, -1.5
455 -> 369, -5, 1.25, 2, -2
455 -> 369, -1, 1.75, 3, -2
455 -> 369, -5, 1.25, 3, -2
456 -> 369, -5, 0.25, 5, -1
456 -> 369, -4, 1.75, 3, -1.5
456 -> 369, -4, 0.25, 5, -1.5
456 -> 369, -5, 1.25, 4, -2
456 -> 369, -5, 1.75, 2, -1.5
456 -> 369, -5, 0.25, 4, -1
457 -> 369, -5, 0.75, 3, -2
457 -> 369, -5, 1.25, 3, -1
457 -> 369, -5, 1.25, 4, -1
457 -> 369, -1, 0.25, 1, -0.5
457 -> 369, -1, 0.25, 1, -1.5
458 -> 369, -2, 0.75, 5, -0.5
459 -> 369, -4, 1.75, 4, -1.5
459 -> 369, -2, 1.25, 5, -0.5
459 -> 369, -4, 1.75, 1, -2
459 -> 369, -4, 1.75, 2, -2
459 -> 369, -2, 1.25, 4, -0.5
459 -> 369, -2, 1.25, 1, -1
459 -> 369, -4, 1.75, 5, -1.5
460 -> 369, -3, 0.25, 2, -1
460 -> 369, -2, 1.75, 1, -2
460 -> 369, -4, 1.75, 1, -1.5
460 -> 369, -3, 0.25, 1, -1
460 -> 369, -4, 0.25, 2, -0.5
460 -> 369, -4, 0.25, 3, -0.5
460 -> 369, -4, 0.25, 3, -1
460 -> 369, -4, 0.25, 4, -0.5
461 -> 369, -2, 0.25, 1, -0.5
461 -> 369, -2, 0.25, 2, -0.5
461 -> 369, -4, 1.75, 5, -2
461 -> 369, -4, 1.75, 3, -2
461 -> 369, -4, 1.75, 4, -2
462 -> 369, -5, 1.75, 1, -0.5
462 -> 369, -5, 0.75, 5, -2
462 -> 369, -2, 0.25, 2, -1
463 -> 369, -4, 0.75, 5, -1
464 -> 369, -2, 0.75, 4, -0.5
464 -> 369, -2, 0.75, 1, -1
465 -> 369, -3, 0.25, 4, -0.5
465 -> 369, -3, 0.25, 1, -0.5
465 -> 369, -2, 1.25, 4, -1.5
465 -> 369, -1, 1.75, 2, -1
465 -> 369, -3, 0.25, 2, -0.5
465 -> 369, -2, 1.25, 5, -1.5
465 -> 369, -3, 0.25, 5, -0.5
465 -> 369, -3, 0.25, 3, -0.5
466 -> 369, -3, 1.75, 4, -1.5
466 -> 369, -3, 1.75, 3, -1.5
466 -> 369, -1, 0.75, 3, -2
466 -> 369, -1, 0.75, 2, -2
466 -> 369, -3, 1.75, 5, -1.5
467 -> 369, -2, 0.75, 3, -1.5
467 -> 369, -2, 0.75, 2, -1.5
467 -> 369, -2, 0.75, 1, -1.5
467 -> 369, -4, 1.25, 5, -1
467 -> 369, -1, 1.75, 5, -2
468 -> 369, -2, 1.25, 3, -1.5
468 -> 369, -2, 0.25, 3, -0.5
468 -> 369, -2, 0.25, 4, -0.5
469 -> 369, -4, 0.75, 4, -1
469 -> 369, -3, 1.25, 5, -2
469 -> 369, -5, 1.25, 1, -2
469 -> 369, -2, 1.75, 4, -2
470 -> 369, -4, 0.25, 1, -1
471 -> 369, -4, 1.75, 4, -0.5
471 -> 369, -1, 0.25, 5, -1
471 -> 369, -1, 0.25, 3, -0.5
471 -> 369, -4, 1.25, 4, -1
472 -> 369, -2, 1.25, 5, -2
472 -> 369, -2, 1.25, 2, -2
472 -> 369, -2, 1.25, 3, -2
472 -> 369, -2, 1.25, 4, -2
472 -> 369, -2, 1.25, 1, -2
472 -> 369, -4, 1.25, 3, -1
472 -> 369, -1, 0.25, 2, -0.5
472 -> 369, -4, 1.25, 1, -1
472 -> 369, -4, 1.25, 2, -1
472 -> 369, -3, 0.75, 5, -1.5
473 -> 369, -5, 0.75, 3, -1.5
473 -> 369, -3, 0.25, 2, -1.5
473 -> 369, -3, 0.25, 1, -1.5
473 -> 369, -5, 0.75, 2, -1.5
473 -> 369, -3, 1.25, 1, -1
474 -> 369, -3, 0.25, 4, -1
474 -> 369, -5, 0.75, 4, -2
474 -> 369, -3, 0.25, 5, -1
474 -> 369, -4, 0.25, 5, -2
475 -> 369, -2, 0.75, 2, -1
475 -> 369, -5, 1.25, 5, -2
476 -> 369, -1, 0.25, 1, -1
476 -> 369, -2, 0.25, 5, -1.5
477 -> 369, -4, 0.25, 5, -0.5
478 -> 369, -3, 1.25, 3, -2
478 -> 369, -3, 1.25, 4, -2
480 -> 369, -4, 0.25, 4, -2
480 -> 369, -4, 0.25, 1, -2
480 -> 369, -4, 0.25, 2, -2
480 -> 369, -4, 0.25, 3, -2
480 -> 369, -2, 1.75, 5, -1
481 -> 369, -3, 0.25, 5, -2
481 -> 369, -3, 0.25, 4, -2
482 -> 369, -4, 0.75, 4, -1.5
482 -> 369, -4, 0.75, 4, -2
482 -> 369, -4, 0.75, 3, -1.5
483 -> 369, -1, 0.25, 5, -0.5
483 -> 369, -1, 0.25, 4, -0.5
483 -> 369, -5, 0.75, 1, -1.5
483 -> 369, -1, 0.25, 4, -1
484 -> 369, -5, 0.25, 5, -2
484 -> 369, -5, 0.25, 4, -2
484 -> 369, -5, 0.25, 3, -2
484 -> 369, -3, 0.75, 2, -2
486 -> 369, -4, 0.25, 1, -0.5
486 -> 369, -4, 0.75, 1, -1.5
486 -> 369, -2, 0.25, 3, -1
486 -> 369, -2, 0.25, 4, -1
487 -> 369, -5, 1.75, 3, -2
487 -> 369, -5, 1.75, 2, -2
488 -> 369, -5, 0.25, 2, -1
488 -> 369, -5, 0.25, 3, -1
488 -> 369, -1, 0.25, 2, -2
488 -> 369, -1, 0.25, 4, -2
488 -> 369, -1, 0.25, 3, -2
488 -> 369, -1, 0.25, 1, -2
489 -> 369, -3, 0.75, 1, -2
489 -> 369, -2, 0.25, 1, -1.5
489 -> 369, -2, 0.75, 5, -1.5
489 -> 369, -2, 0.25, 2, -1.5
491 -> 369, -1, 0.75, 1, -1
491 -> 369, -3, 0.25, 5, -1.5
491 -> 369, -3, 0.75, 3, -1.5
491 -> 369, -3, 0.75, 1, -1.5
491 -> 369, -3, 0.25, 4, -1.5
491 -> 369, -3, 0.75, 2, -1.5
491 -> 369, -3, 0.25, 3, -1.5
492 -> 369, -5, 0.75, 1, -2
493 -> 369, -2, 0.25, 1, -1
495 -> 369, -2, 0.25, 1, -2
495 -> 369, -3, 0.25, 3, -1
495 -> 369, -5, 1.75, 4, -2
496 -> 369, -5, 0.25, 1, -1.5
497 -> 369, -3, 1.75, 4, -1
499 -> 369, -4, 1.25, 3, -0.5
499 -> 369, -5, 0.75, 1, -0.5
499 -> 369, -2, 1.25, 2, -1.5
499 -> 369, -2, 1.25, 1, -1.5
501 -> 369, -5, 1.25, 5, -1
501 -> 369, -2, 1.75, 5, -2
502 -> 369, -2, 0.25, 5, -0.5
502 -> 369, -4, 0.75, 2, -1
502 -> 369, -4, 0.75, 3, -1
504 -> 369, -3, 1.25, 4, -0.5
505 -> 369, -5, 1.75, 5, -2
506 -> 369, -4, 0.25, 5, -1
508 -> 369, -1, 0.75, 5, -1
508 -> 369, -1, 0.75, 4, -1
508 -> 369, -1, 0.75, 3, -1
511 -> 369, -3, 0.75, 4, -1.5
511 -> 369, -5, 1.25, 1, -0.5
511 -> 369, -2, 0.25, 5, -1
512 -> 369, -5, 0.25, 1, -0.5
512 -> 369, -5, 0.25, 2, -0.5
514 -> 369, -4, 0.75, 5, -2
515 -> 369, -5, 0.25, 2, -2
517 -> 369, -4, 1.25, 4, -1.5
517 -> 369, -4, 1.25, 5, -1.5
525 -> 369, -4, 0.75, 1, -1
534 -> 369, -3, 1.25, 5, -0.5
545 -> 369, -4, 1.75, 3, -0.5
545 -> 369, -4, 1.75, 2, -0.5
547 -> 369, -5, 0.25, 5, -0.5
554 -> 369, -5, 0.75, 4, -1
558 -> 369, -5, 0.25, 4, -0.5
565 -> 369, -4, 1.25, 2, -0.5
565 -> 369, -4, 1.25, 1, -0.5
572 -> 369, -5, 0.75, 5, -1.5
577 -> 369, -5, 1.25, 5, -0.5
577 -> 369, -5, 1.25, 2, -0.5
577 -> 369, -5, 1.25, 3, -0.5
577 -> 369, -5, 1.25, 4, -0.5
703 -> 369, -5, 0.75, 2, -0.5
