320 -> 158, -3, 1.25, 5, -0.5
338 -> 158, -3, 1.75, 5, -0.5
341 -> 158, -5, 1.75, 2, -1.5
341 -> 158, -5, 1.75, 1, -1.5
355 -> 158, -2, 1.75, 4, -0.5
364 -> 158, -4, 1.75, 5, -0.5
366 -> 158, -5, 0.25, 3, -0.5
368 -> 158, -3, 1.25, 4, -0.5
370 -> 158, -4, 1.25, 2, -2
370 -> 158, -4, 1.25, 3, -2
370 -> 158, -4, 1.25, 4, -2
370 -> 158, -3, 1.75, 5, -1.5
371 -> 158, -3, 1.75, 2, -1.5
374 -> 158, -4, 0.25, 1, -0.5
374 -> 158, -4, 0.75, 5, -0.5
375 -> 158, -4, 0.25, 2, -0.5
377 -> 158, -2, 1.25, 5, -0.5
378 -> 158, -5, 1.25, 1, -2
380 -> 158, -4, 0.75, 4, -0.5
380 -> 158, -2, 1.75, 4, -1
380 -> 158, -1, 1.75, 3, -0.5
383 -> 158, -2, 0.75, 2, -2
384 -> 158, -5, 1.75, 3, -1.5
384 -> 158, -1, 1.75, 1, -0.5
385 -> 158, -5, 1.75, 1, -1
385 -> 158, -2, 0.75, 4, -0.5
386 -> 158, -2, 1.25, 2, -1.5
386 -> 158, -3, 1.75, 5, -1
387 -> 158, -2, 1.25, 4, -1
388 -> 158, -4, 1.25, 2, -0.5
388 -> 158, -2, 1.25, 3, -2
390 -> 158, -2, 0.75, 5, -1
390 -> 158, -2, 0.75, 4, -1
390 -> 158, -4, 1.75, 5, -2
390 -> 158, -2, 0.75, 3, -1.5
390 -> 158, -1, 1.75, 2, -0.5
392 -> 158, -5, 0.75, 2, -2
392 -> 158, -2, 1.25, 4, -2
392 -> 158, -2, 1.25, 5, -2
392 -> 158, -1, 1.75, 4, -0.5
392 -> 158, -5, 0.75, 1, -2
393 -> 158, -1, 1.25, 5, -0.5
393 -> 158, -1, 1.75, 5, -1.5
394 -> 158, -4, 1.75, 4, -2
394 -> 158, -4, 0.75, 2, -2
394 -> 158, -2, 1.75, 3, -0.5
395 -> 158, -3, 1.25, 2, -1.5
396 -> 158, -1, 0.75, 2, -0.5
397 -> 158, -3, 0.75, 4, -0.5
397 -> 158, -5, 1.25, 3, -1.5
397 -> 158, -5, 0.25, 3, -2
397 -> 158, -5, 0.25, 4, -2
397 -> 158, -4, 1.75, 3, -2
397 -> 158, -1, 1.25, 5, -1.5
397 -> 158, -5, 0.25, 5, -2
397 -> 158, -2, 1.25, 1, -0.5
398 -> 158, -1, 1.75, 2, -2
399 -> 158, -2, 0.75, 2, -1.5
399 -> 158, -1, 1.25, 4, -1.5
399 -> 158, -4, 0.75, 4, -2
400 -> 158, -1, 1.25, 3, -1.5
401 -> 158, -5, 0.25, 3, -1.5
401 -> 158, -5, 0.25, 5, -1.5
401 -> 158, -5, 0.25, 4, -1.5
401 -> 158, -2, 1.25, 4, -0.5
401 -> 158, -4, 0.75, 1, -2
401 -> 158, -5, 1.25, 2, -2
402 -> 158, -2, 1.75, 5, -0.5
402 -> 158, -1, 1.25, 5, -2
402 -> 158, -1, 1.25, 4, -2
402 -> 158, -4, 1.75, 5, -1.5
402 -> 158, -4, 0.25, 4, -2
402 -> 158, -1, 1.25, 3, -2
402 -> 158, -1, 1.75, 4, -1.5
403 -> 158, -5, 0.75, 3, -2
403 -> 158, -5, 0.75, 5, -2
403 -> 158, -5, 0.75, 4, -2
403 -> 158, -2, 1.25, 2, -2
403 -> 158, -3, 0.75, 5, -2
404 -> 158, -4, 0.25, 2, -1.5
404 -> 158, -4, 0.25, 3, -1.5
404 -> 158, -4, 0.25, 4, -1.5
404 -> 158, -2, 1.25, 2, -0.5
404 -> 158, -2, 1.75, 5, -1
405 -> 158, -5, 0.25, 2, -1.5
406 -> 158, -3, 0.75, 5, -0.5
406 -> 158, -1, 0.75, 5, -1
406 -> 158, -4, 0.25, 5, -2
406 -> 158, -4, 0.25, 1, -2
406 -> 158, -4, 1.25, 5, -1
407 -> 158, -3, 0.75, 5, -1.5
408 -> 158, -2, 1.75, 2, -1.5
408 -> 158, -3, 1.75, 4, -2
408 -> 158, -5, 1.25, 5, -1.5
409 -> 158, -5, 1.75, 5, -1
409 -> 158, -3, 0.75, 4, -2
410 -> 158, -4, 0.75, 4, -1.5
411 -> 158, -4, 1.75, 4, -1.5
411 -> 158, -1, 1.75, 2, -1.5
412 -> 158, -4, 0.75, 4, -1
412 -> 158, -4, 0.25, 3, -0.5
412 -> 158, -4, 1.25, 3, -1.5
412 -> 158, -4, 0.75, 3, -1
412 -> 158, -1, 0.75, 3, -1
412 -> 158, -3, 1.75, 1, -2
412 -> 158, -4, 0.75, 5, -1
412 -> 158, -1, 1.75, 3, -2
413 -> 158, -1, 0.75, 4, -2
413 -> 158, -1, 0.75, 5, -2
413 -> 158, -3, 1.25, 2, -2
413 -> 158, -5, 0.25, 4, -0.5
413 -> 158, -2, 1.75, 3, -1.5
414 -> 158, -1, 1.75, 3, -1
415 -> 158, -3, 0.25, 2, -0.5
415 -> 158, -3, 1.75, 1, -1.5
415 -> 158, -4, 0.25, 2, -2
415 -> 158, -4, 0.25, 3, -2
415 -> 158, -2, 0.25, 3, -0.5
415 -> 158, -2, 0.75, 3, -2
415 -> 158, -5, 0.25, 1, -2
415 -> 158, -2, 0.75, 3, -0.5
415 -> 158, -2, 0.75, 4, -2
416 -> 158, -3, 1.75, 2, -2
416 -> 158, -4, 0.75, 5, -2
416 -> 158, -3, 1.75, 3, -2
416 -> 158, -1, 0.75, 4, -1.5
416 -> 158, -3, 0.75, 3, -1.5
416 -> 158, -5, 1.25, 4, -1
416 -> 158, -1, 0.75, 3, -1.5
416 -> 158, -5, 1.25, 5, -1
416 -> 158, -5, 1.25, 3, -1
417 -> 158, -1, 1.75, 1, -1
417 -> 158, -1, 1.75, 2, -1
418 -> 158, -4, 1.75, 3, -1
418 -> 158, -5, 1.25, 5, -2
418 -> 158, -5, 1.25, 4, -2
418 -> 158, -3, 1.25, 2, -1
418 -> 158, -5, 1.25, 3, -2
419 -> 158, -5, 1.75, 3, -2
419 -> 158, -2, 1.75, 3, -1
419 -> 158, -1, 0.75, 3, -2
419 -> 158, -4, 1.75, 2, -2
419 -> 158, -1, 0.75, 2, -2
419 -> 158, -5, 1.75, 1, -2
419 -> 158, -1, 1.25, 1, -1.5
419 -> 158, -5, 1.75, 2, -2
419 -> 158, -1, 0.75, 2, -1
420 -> 158, -2, 1.75, 5, -1.5
420 -> 158, -4, 1.75, 1, -2
420 -> 158, -3, 1.25, 1, -2
420 -> 158, -1, 0.75, 1, -1.5
421 -> 158, -1, 1.75, 5, -2
421 -> 158, -4, 1.25, 5, -1.5
421 -> 158, -4, 1.75, 2, -1
421 -> 158, -1, 1.75, 4, -2
422 -> 158, -5, 0.25, 2, -2
422 -> 158, -2, 0.25, 2, -1.5
422 -> 158, -1, 1.25, 2, -1.5
423 -> 158, -4, 0.75, 2, -1
423 -> 158, -1, 0.25, 2, -1
423 -> 158, -1, 0.25, 2, -0.5
423 -> 158, -1, 0.25, 1, -1
423 -> 158, -1, 0.25, 3, -1
423 -> 158, -2, 1.25, 3, -1.5
423 -> 158, -2, 0.75, 5, -0.5
424 -> 158, -2, 0.25, 5, -0.5
424 -> 158, -2, 0.25, 4, -0.5
424 -> 158, -2, 0.75, 1, -2
424 -> 158, -5, 0.25, 2, -1
424 -> 158, -4, 1.25, 3, -1
424 -> 158, -1, 0.25, 1, -2
425 -> 158, -1, 0.75, 4, -1
425 -> 158, -2, 1.75, 4, -2
425 -> 158, -4, 0.25, 4, -1
425 -> 158, -2, 1.75, 5, -2
425 -> 158, -3, 1.25, 3, -1.5
426 -> 158, -4, 1.75, 3, -1.5
426 -> 158, -1, 1.25, 4, -1
426 -> 158, -4, 1.25, 4, -1.5
426 -> 158, -1, 1.25, 3, -1
427 -> 158, -3, 1.75, 5, -2
427 -> 158, -2, 1.25, 3, -1
427 -> 158, -5, 0.25, 1, -1.5
427 -> 158, -3, 0.25, 2, -1.5
427 -> 158, -3, 0.25, 1, -1.5
427 -> 158, -2, 1.25, 2, -1
427 -> 158, -2, 1.75, 1, -1.5
428 -> 158, -5, 1.25, 4, -1.5
428 -> 158, -2, 1.75, 2, -1
428 -> 158, -2, 0.75, 5, -2
428 -> 158, -2, 1.75, 1, -1
429 -> 158, -1, 1.25, 2, -2
429 -> 158, -2, 0.25, 5, -2
430 -> 158, -1, 0.75, 2, -1.5
430 -> 158, -3, 0.75, 4, -1
431 -> 158, -3, 1.75, 1, -1
432 -> 158, -3, 1.25, 4, -2
432 -> 158, -3, 1.25, 5, -2
433 -> 158, -1, 0.75, 1, -1
433 -> 158, -2, 1.25, 5, -1.5
433 -> 158, -1, 1.25, 5, -1
433 -> 158, -2, 1.25, 1, -1.5
433 -> 158, -2, 1.25, 4, -1.5
434 -> 158, -2, 1.75, 4, -1.5
434 -> 158, -1, 1.75, 5, -1
434 -> 158, -5, 1.25, 2, -1
434 -> 158, -5, 1.25, 1, -1
435 -> 158, -5, 1.75, 2, -0.5
435 -> 158, -3, 1.25, 1, -1.5
435 -> 158, -1, 1.25, 2, -1
435 -> 158, -1, 1.75, 1, -2
435 -> 158, -1, 0.75, 1, -0.5
436 -> 158, -1, 1.25, 1, -2
436 -> 158, -4, 1.75, 1, -1.5
436 -> 158, -3, 0.75, 2, -1.5
436 -> 158, -1, 1.25, 4, -0.5
437 -> 158, -4, 0.25, 2, -1
437 -> 158, -1, 1.75, 5, -0.5
437 -> 158, -4, 0.25, 3, -1
437 -> 158, -3, 0.75, 4, -1.5
438 -> 158, -1, 1.75, 3, -1.5
438 -> 158, -5, 0.75, 5, -1
438 -> 158, -5, 0.75, 4, -1
440 -> 158, -2, 0.75, 3, -1
440 -> 158, -2, 1.75, 1, -2
440 -> 158, -2, 1.75, 2, -2
440 -> 158, -3, 1.25, 4, -1
440 -> 158, -4, 0.75, 3, -2
440 -> 158, -3, 1.25, 5, -1
440 -> 158, -1, 1.25, 1, -0.5
441 -> 158, -5, 1.75, 1, -0.5
441 -> 158, -3, 0.75, 2, -1
441 -> 158, -4, 0.25, 5, -1.5
442 -> 158, -4, 0.75, 3, -0.5
442 -> 158, -4, 0.75, 2, -0.5
442 -> 158, -3, 1.25, 4, -1.5
443 -> 158, -3, 1.75, 3, -1
443 -> 158, -3, 1.75, 4, -1
443 -> 158, -5, 1.25, 1, -1.5
444 -> 158, -2, 0.25, 1, -1
444 -> 158, -3, 0.25, 3, -0.5
444 -> 158, -5, 0.25, 1, -1
445 -> 158, -2, 1.25, 1, -2
446 -> 158, -3, 1.75, 3, -1.5
446 -> 158, -5, 1.25, 2, -1.5
447 -> 158, -1, 0.75, 5, -1.5
447 -> 158, -2, 0.25, 2, -0.5
448 -> 158, -3, 1.25, 5, -1.5
448 -> 158, -4, 1.75, 1, -1
449 -> 158, -4, 1.25, 1, -2
449 -> 158, -4, 1.25, 5, -0.5
449 -> 158, -3, 0.75, 1, -0.5
450 -> 158, -4, 0.25, 1, -1.5
450 -> 158, -3, 0.75, 1, -1.5
450 -> 158, -2, 1.75, 3, -2
450 -> 158, -1, 0.75, 4, -0.5
450 -> 158, -1, 0.75, 5, -0.5
451 -> 158, -2, 0.75, 2, -0.5
451 -> 158, -1, 1.25, 1, -1
452 -> 158, -3, 0.75, 3, -1
452 -> 158, -3, 1.25, 3, -0.5
455 -> 158, -1, 0.25, 4, -2
455 -> 158, -4, 1.75, 2, -1.5
455 -> 158, -1, 0.75, 1, -2
455 -> 158, -1, 0.25, 3, -2
455 -> 158, -3, 0.75, 1, -2
455 -> 158, -3, 0.75, 2, -2
455 -> 158, -3, 0.75, 3, -2
456 -> 158, -2, 0.25, 3, -1
456 -> 158, -2, 0.25, 5, -1
456 -> 158, -2, 0.25, 2, -1
456 -> 158, -2, 0.25, 4, -1
457 -> 158, -2, 0.25, 5, -1.5
457 -> 158, -5, 1.75, 4, -1.5
457 -> 158, -3, 1.25, 3, -2
457 -> 158, -2, 0.25, 4, -1.5
458 -> 158, -2, 0.75, 4, -1.5
458 -> 158, -4, 1.25, 4, -1
458 -> 158, -3, 0.25, 2, -2
458 -> 158, -3, 0.25, 1, -2
458 -> 158, -3, 0.25, 5, -2
458 -> 158, -3, 0.25, 4, -2
458 -> 158, -3, 0.25, 3, -2
459 -> 158, -2, 0.25, 1, -0.5
459 -> 158, -3, 1.25, 3, -1
459 -> 158, -4, 0.75, 1, -1.5
459 -> 158, -4, 0.75, 2, -1.5
460 -> 158, -1, 1.75, 1, -1.5
461 -> 158, -2, 1.75, 2, -0.5
462 -> 158, -3, 1.25, 1, -1
462 -> 158, -2, 1.25, 5, -1
464 -> 158, -3, 0.25, 5, -1
464 -> 158, -3, 1.75, 2, -1
464 -> 158, -3, 0.25, 4, -1
465 -> 158, -4, 1.75, 5, -1
465 -> 158, -2, 1.25, 1, -1
465 -> 158, -2, 0.75, 5, -1.5
465 -> 158, -1, 0.25, 5, -0.5
465 -> 158, -5, 1.75, 5, -1.5
466 -> 158, -5, 0.25, 5, -1
466 -> 158, -4, 0.25, 5, -1
466 -> 158, -1, 1.75, 4, -1
466 -> 158, -1, 0.75, 3, -0.5
466 -> 158, -2, 1.75, 1, -0.5
466 -> 158, -5, 0.25, 4, -1
466 -> 158, -2, 0.75, 1, -1.5
467 -> 158, -5, 0.25, 3, -1
468 -> 158, -1, 0.25, 2, -1.5
468 -> 158, -1, 0.25, 5, -1.5
468 -> 158, -1, 0.25, 1, -1.5
468 -> 158, -5, 0.25, 2, -0.5
468 -> 158, -5, 1.75, 3, -0.5
468 -> 158, -1, 0.25, 4, -1.5
468 -> 158, -4, 0.75, 5, -1.5
468 -> 158, -1, 0.25, 3, -1.5
469 -> 158, -1, 0.25, 2, -2
470 -> 158, -5, 0.75, 3, -1.5
470 -> 158, -5, 0.75, 5, -1.5
470 -> 158, -2, 1.25, 3, -0.5
470 -> 158, -5, 0.75, 4, -1.5
470 -> 158, -4, 1.25, 5, -2
471 -> 158, -2, 0.25, 1, -1.5
471 -> 158, -1, 0.25, 3, -0.5
471 -> 158, -1, 0.25, 4, -0.5
474 -> 158, -5, 0.75, 2, -1.5
474 -> 158, -2, 0.75, 1, -1
474 -> 158, -5, 0.75, 1, -1.5
475 -> 158, -2, 0.25, 2, -2
475 -> 158, -2, 0.25, 4, -2
475 -> 158, -1, 1.25, 3, -0.5
475 -> 158, -2, 0.75, 2, -1
475 -> 158, -1, 1.25, 2, -0.5
475 -> 158, -4, 0.75, 3, -1.5
475 -> 158, -2, 0.25, 3, -2
476 -> 158, -5, 1.75, 4, -2
476 -> 158, -5, 1.75, 5, -2
476 -> 158, -3, 0.25, 5, -0.5
476 -> 158, -3, 0.25, 4, -0.5
479 -> 158, -3, 0.75, 1, -1
482 -> 158, -3, 1.75, 4, -1.5
484 -> 158, -1, 0.25, 5, -2
484 -> 158, -4, 0.25, 1, -1
484 -> 158, -2, 0.25, 3, -1.5
487 -> 158, -5, 1.75, 3, -1
487 -> 158, -5, 1.75, 2, -1
487 -> 158, -5, 1.75, 4, -1
488 -> 158, -2, 0.75, 1, -0.5
488 -> 158, -4, 0.75, 1, -1
489 -> 158, -3, 0.25, 1, -1
489 -> 158, -1, 0.25, 5, -1
489 -> 158, -3, 0.25, 2, -1
489 -> 158, -3, 0.25, 3, -1
490 -> 158, -2, 0.25, 1, -2
490 -> 158, -1, 0.25, 1, -0.5
491 -> 158, -5, 1.75, 4, -0.5
493 -> 158, -3, 0.25, 4, -1.5
493 -> 158, -3, 0.25, 3, -1.5
495 -> 158, -3, 1.75, 3, -0.5
496 -> 158, -5, 0.75, 4, -0.5
496 -> 158, -5, 0.75, 1, -1
496 -> 158, -5, 0.75, 3, -0.5
503 -> 158, -1, 0.25, 4, -1
506 -> 158, -3, 1.25, 1, -0.5
506 -> 158, -3, 1.25, 2, -0.5
508 -> 158, -3, 1.75, 2, -0.5
509 -> 158, -4, 1.75, 4, -1
510 -> 158, -3, 0.75, 5, -1
512 -> 158, -5, 0.75, 2, -1
512 -> 158, -5, 0.75, 3, -1
512 -> 158, -3, 0.25, 5, -1.5
515 -> 158, -3, 1.75, 4, -0.5
518 -> 158, -4, 1.25, 1, -0.5
520 -> 158, -3, 0.75, 2, -0.5
522 -> 158, -3, 1.75, 1, -0.5
531 -> 158, -4, 1.25, 2, -1.5
531 -> 158, -4, 1.25, 1, -1.5
534 -> 158, -4, 1.25, 1, -1
539 -> 158, -4, 0.75, 1, -0.5
541 -> 158, -4, 1.25, 2, -1
544 -> 158, -5, 1.25, 2, -0.5
544 -> 158, -5, 1.25, 1, -0.5
544 -> 158, -5, 1.25, 3, -0.5
550 -> 158, -3, 0.25, 1, -0.5
563 -> 158, -5, 0.75, 2, -0.5
564 -> 158, -5, 0.75, 5, -0.5
564 -> 158, -5, 0.25, 1, -0.5
573 -> 158, -5, 1.75, 5, -0.5
586 -> 158, -5, 0.25, 5, -0.5
603 -> 158, -3, 0.75, 3, -0.5
634 -> 158, -4, 1.75, 4, -0.5
634 -> 158, -5, 1.25, 4, -0.5
634 -> 158, -5, 1.25, 5, -0.5
636 -> 158, -4, 0.25, 5, -0.5
636 -> 158, -4, 0.25, 4, -0.5
675 -> 158, -4, 1.25, 3, -0.5
691 -> 158, -4, 1.25, 4, -0.5
700 -> 158, -5, 0.75, 1, -0.5
703 -> 158, -4, 1.75, 1, -0.5
703 -> 158, -4, 1.75, 2, -0.5
703 -> 158, -4, 1.75, 3, -0.5
