348 -> 494, -5, 1.75, 5, -0.5
354 -> 494, -1, 1.25, 3, -1
362 -> 494, -5, 0.25, 1, -0.5
364 -> 494, -5, 1.25, 4, -0.5
364 -> 494, -1, 1.25, 4, -1
366 -> 494, -5, 1.75, 3, -2
368 -> 494, -2, 1.25, 3, -0.5
371 -> 494, -1, 1.75, 3, -1.5
375 -> 494, -5, 1.25, 1, -1
377 -> 494, -1, 0.75, 5, -1
382 -> 494, -5, 1.75, 4, -0.5
384 -> 494, -5, 0.25, 5, -0.5
389 -> 494, -5, 1.75, 2, -2
389 -> 494, -2, 0.75, 1, -2
391 -> 494, -2, 1.25, 2, -0.5
391 -> 494, -5, 1.75, 4, -1.5
391 -> 494, -3, 1.75, 3, -0.5
392 -> 494, -4, 0.25, 2, -1
393 -> 494, -2, 0.75, 2, -1
393 -> 494, -1, 1.75, 2, -1
395 -> 494, -3, 0.75, 4, -1
395 -> 494, -1, 0.75, 5, -0.5
395 -> 494, -3, 0.75, 5, -0.5
396 -> 494, -3, 0.25, 1, -0.5
396 -> 494, -5, 1.25, 3, -0.5
397 -> 494, -5, 0.25, 4, -0.5
399 -> 494, -1, 1.75, 1, -0.5
400 -> 494, -5, 1.75, 1, -2
400 -> 494, -5, 1.75, 3, -0.5
402 -> 494, -2, 1.75, 3, -1
402 -> 494, -2, 1.75, 4, -1
404 -> 494, -1, 1.75, 2, -1.5
404 -> 494, -2, 1.75, 1, -1
404 -> 494, -1, 1.75, 1, -1.5
407 -> 494, -1, 1.75, 4, -0.5
407 -> 494, -1, 0.75, 4, -1
407 -> 494, -2, 0.75, 3, -1
407 -> 494, -1, 1.75, 5, -0.5
408 -> 494, -1, 1.25, 4, -0.5
410 -> 494, -5, 1.75, 5, -1
410 -> 494, -4, 1.25, 3, -1.5
410 -> 494, -4, 1.25, 5, -1.5
410 -> 494, -2, 1.25, 5, -0.5
410 -> 494, -2, 1.25, 4, -0.5
410 -> 494, -4, 1.25, 4, -1.5
411 -> 494, -2, 1.75, 4, -2
412 -> 494, -1, 1.25, 1, -0.5
412 -> 494, -1, 1.25, 1, -2
412 -> 494, -1, 1.25, 2, -2
413 -> 494, -2, 1.75, 2, -1
413 -> 494, -5, 1.25, 1, -1.5
413 -> 494, -5, 1.75, 4, -1
414 -> 494, -2, 0.75, 1, -1
414 -> 494, -4, 1.75, 2, -1.5
414 -> 494, -4, 1.75, 4, -1.5
414 -> 494, -4, 1.75, 3, -1.5
414 -> 494, -4, 1.75, 5, -1.5
415 -> 494, -4, 0.75, 3, -1.5
415 -> 494, -4, 1.75, 1, -1
415 -> 494, -3, 0.75, 4, -0.5
415 -> 494, -1, 1.25, 5, -1
416 -> 494, -4, 0.75, 2, -2
416 -> 494, -3, 1.75, 2, -0.5
417 -> 494, -4, 0.25, 5, -0.5
417 -> 494, -3, 1.75, 2, -1
418 -> 494, -1, 1.75, 1, -2
418 -> 494, -3, 0.75, 1, -1.5
419 -> 494, -1, 1.75, 2, -2
421 -> 494, -3, 0.75, 3, -1
421 -> 494, -2, 1.75, 1, -0.5
422 -> 494, -3, 1.75, 1, -0.5
424 -> 494, -4, 0.25, 4, -1
424 -> 494, -4, 0.25, 1, -1
424 -> 494, -1, 1.75, 5, -2
424 -> 494, -2, 1.75, 2, -0.5
424 -> 494, -3, 0.75, 5, -1
425 -> 494, -1, 1.75, 3, -2
425 -> 494, -1, 0.75, 3, -1
425 -> 494, -5, 1.75, 1, -1
425 -> 494, -1, 1.75, 4, -2
425 -> 494, -2, 1.75, 5, -1
426 -> 494, -2, 1.75, 3, -0.5
426 -> 494, -4, 0.75, 2, -0.5
427 -> 494, -3, 0.75, 1, -0.5
427 -> 494, -1, 1.25, 5, -0.5
427 -> 494, -2, 1.25, 5, -2
428 -> 494, -2, 0.25, 1, -0.5
428 -> 494, -2, 0.25, 3, -0.5
428 -> 494, -4, 0.25, 5, -1.5
428 -> 494, -4, 0.75, 2, -1.5
428 -> 494, -2, 0.25, 2, -0.5
429 -> 494, -1, 0.25, 5, -1.5
430 -> 494, -5, 1.25, 5, -1.5
431 -> 494, -1, 0.75, 2, -2
431 -> 494, -3, 1.25, 5, -1.5
431 -> 494, -1, 1.25, 3, -0.5
431 -> 494, -5, 0.25, 3, -0.5
431 -> 494, -1, 0.75, 3, -2
431 -> 494, -3, 1.25, 4, -1.5
432 -> 494, -2, 1.25, 1, -2
432 -> 494, -4, 0.25, 1, -0.5
433 -> 494, -2, 0.75, 4, -0.5
433 -> 494, -5, 1.25, 2, -1
433 -> 494, -1, 1.25, 2, -1
433 -> 494, -4, 1.25, 1, -1.5
434 -> 494, -2, 1.25, 2, -2
434 -> 494, -3, 0.25, 2, -2
434 -> 494, -2, 1.25, 3, -2
434 -> 494, -2, 1.25, 4, -2
434 -> 494, -2, 1.75, 2, -2
434 -> 494, -3, 1.75, 4, -0.5
434 -> 494, -3, 1.25, 1, -2
434 -> 494, -1, 1.25, 2, -1.5
434 -> 494, -5, 0.25, 2, -1
434 -> 494, -5, 1.25, 5, -0.5
434 -> 494, -1, 1.75, 4, -1.5
434 -> 494, -1, 1.75, 5, -1.5
434 -> 494, -4, 0.25, 3, -1
435 -> 494, -5, 1.75, 2, -0.5
436 -> 494, -2, 1.75, 4, -1.5
436 -> 494, -2, 1.75, 2, -1.5
436 -> 494, -4, 1.75, 1, -1.5
436 -> 494, -2, 1.75, 5, -1.5
436 -> 494, -2, 1.75, 1, -1.5
436 -> 494, -4, 1.25, 5, -1
436 -> 494, -2, 1.75, 3, -1.5
437 -> 494, -3, 0.25, 1, -2
437 -> 494, -3, 1.25, 1, -0.5
438 -> 494, -2, 0.25, 4, -0.5
438 -> 494, -5, 1.75, 2, -1
438 -> 494, -5, 1.75, 3, -1
438 -> 494, -1, 1.25, 4, -1.5
439 -> 494, -5, 1.25, 1, -2
439 -> 494, -2, 1.75, 3, -2
440 -> 494, -4, 0.75, 5, -2
440 -> 494, -3, 1.75, 5, -0.5
440 -> 494, -1, 1.25, 5, -1.5
440 -> 494, -4, 0.75, 4, -2
441 -> 494, -5, 1.25, 4, -1
441 -> 494, -1, 1.25, 3, -1.5
441 -> 494, -5, 1.25, 3, -1
442 -> 494, -5, 0.25, 1, -1
442 -> 494, -2, 0.25, 1, -1.5
442 -> 494, -2, 1.25, 1, -0.5
442 -> 494, -2, 1.25, 5, -1.5
442 -> 494, -2, 0.25, 5, -0.5
442 -> 494, -4, 1.75, 4, -1
442 -> 494, -4, 1.75, 5, -1
442 -> 494, -3, 1.75, 5, -1
444 -> 494, -4, 0.75, 4, -1.5
444 -> 494, -4, 0.25, 4, -1.5
444 -> 494, -1, 0.25, 4, -0.5
444 -> 494, -4, 0.25, 3, -1.5
444 -> 494, -3, 1.75, 4, -1
444 -> 494, -3, 1.75, 3, -1
445 -> 494, -2, 0.25, 1, -2
446 -> 494, -4, 0.75, 1, -1.5
447 -> 494, -3, 1.75, 5, -1.5
447 -> 494, -1, 0.25, 5, -0.5
447 -> 494, -3, 1.75, 4, -1.5
447 -> 494, -1, 0.75, 4, -1.5
448 -> 494, -3, 1.25, 3, -1.5
448 -> 494, -5, 0.75, 2, -2
448 -> 494, -1, 1.75, 1, -1
448 -> 494, -1, 0.75, 5, -1.5
449 -> 494, -1, 0.75, 5, -2
449 -> 494, -2, 0.25, 3, -1.5
450 -> 494, -2, 1.25, 4, -1.5
450 -> 494, -1, 0.75, 1, -0.5
450 -> 494, -3, 1.75, 5, -2
450 -> 494, -5, 1.75, 5, -1.5
451 -> 494, -3, 1.25, 2, -1
451 -> 494, -3, 0.25, 3, -0.5
451 -> 494, -1, 0.25, 1, -1.5
451 -> 494, -3, 1.25, 3, -1
451 -> 494, -3, 0.25, 2, -0.5
451 -> 494, -1, 0.25, 3, -1.5
451 -> 494, -3, 1.25, 4, -1
451 -> 494, -1, 1.25, 1, -1
451 -> 494, -3, 1.25, 1, -1
451 -> 494, -1, 0.25, 2, -1.5
452 -> 494, -1, 0.25, 2, -0.5
452 -> 494, -3, 0.75, 5, -1.5
452 -> 494, -1, 1.25, 4, -2
452 -> 494, -3, 0.75, 4, -1.5
452 -> 494, -1, 1.25, 3, -2
453 -> 494, -2, 1.25, 2, -1.5
453 -> 494, -1, 0.75, 4, -2
453 -> 494, -1, 0.25, 4, -1.5
455 -> 494, -5, 0.25, 1, -2
455 -> 494, -2, 0.25, 4, -1.5
455 -> 494, -1, 0.75, 1, -1.5
455 -> 494, -1, 0.75, 2, -1.5
455 -> 494, -1, 1.25, 1, -1.5
455 -> 494, -5, 0.25, 3, -2
455 -> 494, -5, 0.25, 2, -2
455 -> 494, -2, 1.25, 1, -1.5
455 -> 494, -4, 0.25, 3, -2
455 -> 494, -4, 0.25, 1, -2
455 -> 494, -4, 0.25, 2, -2
455 -> 494, -4, 0.75, 3, -2
456 -> 494, -3, 0.25, 5, -0.5
456 -> 494, -1, 0.25, 1, -1
456 -> 494, -1, 0.75, 3, -0.5
456 -> 494, -1, 0.75, 4, -0.5
456 -> 494, -3, 0.75, 2, -1
456 -> 494, -5, 0.75, 1, -0.5
456 -> 494, -3, 0.25, 4, -0.5
456 -> 494, -2, 0.75, 5, -0.5
456 -> 494, -1, 1.25, 5, -2
457 -> 494, -3, 1.25, 2, -1.5
457 -> 494, -2, 1.25, 2, -1
457 -> 494, -3, 0.75, 2, -1.5
457 -> 494, -5, 1.75, 2, -1.5
457 -> 494, -5, 1.75, 3, -1.5
457 -> 494, -2, 1.25, 1, -1
458 -> 494, -3, 1.75, 4, -2
458 -> 494, -3, 0.75, 5, -2
458 -> 494, -2, 1.25, 5, -1
458 -> 494, -3, 0.75, 4, -2
458 -> 494, -3, 0.75, 3, -2
458 -> 494, -3, 0.75, 2, -2
458 -> 494, -3, 0.75, 1, -2
458 -> 494, -4, 0.75, 5, -1.5
458 -> 494, -1, 0.25, 4, -1
458 -> 494, -1, 1.75, 3, -0.5
458 -> 494, -2, 0.75, 4, -1
459 -> 494, -2, 0.75, 5, -1.5
460 -> 494, -4, 1.25, 1, -1
460 -> 494, -4, 1.25, 2, -1
460 -> 494, -4, 1.25, 3, -1
460 -> 494, -4, 1.25, 4, -1
461 -> 494, -2, 0.75, 2, -2
461 -> 494, -2, 0.75, 5, -2
461 -> 494, -2, 0.75, 4, -2
461 -> 494, -2, 0.75, 3, -2
462 -> 494, -3, 1.25, 5, -1
463 -> 494, -5, 0.75, 1, -2
463 -> 494, -4, 0.75, 1, -2
463 -> 494, -1, 0.25, 1, -0.5
463 -> 494, -3, 0.75, 3, -1.5
463 -> 494, -2, 0.25, 5, -1
464 -> 494, -3, 1.75, 3, -2
464 -> 494, -3, 1.75, 2, -2
464 -> 494, -1, 0.25, 5, -1
464 -> 494, -2, 1.25, 4, -1
464 -> 494, -1, 1.25, 2, -0.5
465 -> 494, -5, 1.25, 2, -0.5
465 -> 494, -4, 0.75, 3, -1
465 -> 494, -4, 0.75, 4, -1
465 -> 494, -5, 0.25, 5, -1.5
465 -> 494, -1, 0.75, 2, -1
465 -> 494, -1, 0.75, 2, -0.5
465 -> 494, -1, 0.75, 1, -1
465 -> 494, -4, 0.75, 5, -1
465 -> 494, -3, 1.25, 1, -1.5
466 -> 494, -2, 0.75, 3, -0.5
466 -> 494, -5, 0.25, 3, -1
466 -> 494, -2, 1.75, 1, -2
466 -> 494, -4, 1.25, 2, -0.5
466 -> 494, -5, 0.25, 4, -1
466 -> 494, -5, 0.25, 5, -1
466 -> 494, -4, 1.25, 3, -0.5
466 -> 494, -4, 1.25, 4, -0.5
467 -> 494, -3, 1.75, 3, -1.5
468 -> 494, -3, 0.25, 2, -1.5
468 -> 494, -4, 0.25, 1, -1.5
468 -> 494, -5, 0.75, 5, -2
468 -> 494, -4, 1.25, 5, -0.5
468 -> 494, -3, 0.25, 1, -1.5
468 -> 494, -5, 1.75, 1, -1.5
468 -> 494, -4, 0.25, 2, -1.5
469 -> 494, -4, 0.25, 5, -2
469 -> 494, -3, 1.75, 2, -1.5
469 -> 494, -1, 0.25, 3, -1
470 -> 494, -4, 1.75, 1, -2
470 -> 494, -3, 1.25, 2, -2
470 -> 494, -2, 1.25, 3, -1
470 -> 494, -5, 0.75, 3, -0.5
471 -> 494, -1, 1.75, 5, -1
472 -> 494, -3, 1.25, 2, -0.5
472 -> 494, -5, 1.25, 5, -2
472 -> 494, -5, 0.25, 2, -0.5
472 -> 494, -5, 1.25, 4, -2
473 -> 494, -1, 1.75, 2, -0.5
473 -> 494, -2, 1.75, 5, -0.5
474 -> 494, -3, 0.25, 1, -1
475 -> 494, -2, 1.75, 4, -0.5
476 -> 494, -1, 0.75, 3, -1.5
477 -> 494, -4, 1.75, 3, -2
477 -> 494, -4, 1.75, 4, -2
477 -> 494, -4, 1.75, 5, -2
478 -> 494, -2, 1.25, 3, -1.5
478 -> 494, -2, 0.25, 5, -1.5
479 -> 494, -5, 1.25, 3, -1.5
479 -> 494, -2, 0.25, 2, -1.5
480 -> 494, -1, 0.25, 3, -0.5
480 -> 494, -3, 1.25, 3, -2
480 -> 494, -3, 1.25, 5, -2
480 -> 494, -3, 1.25, 4, -2
481 -> 494, -2, 0.25, 3, -1
481 -> 494, -4, 0.25, 2, -0.5
481 -> 494, -2, 0.25, 4, -1
481 -> 494, -4, 0.25, 4, -0.5
483 -> 494, -5, 0.25, 2, -1.5
483 -> 494, -5, 0.25, 4, -1.5
483 -> 494, -5, 0.25, 3, -1.5
483 -> 494, -5, 0.25, 1, -1.5
484 -> 494, -2, 0.25, 2, -1
484 -> 494, -1, 0.75, 1, -2
484 -> 494, -4, 0.75, 1, -1
484 -> 494, -4, 0.75, 2, -1
485 -> 494, -3, 0.25, 5, -1
485 -> 494, -4, 0.75, 5, -0.5
486 -> 494, -5, 1.25, 5, -1
486 -> 494, -4, 0.75, 3, -0.5
486 -> 494, -4, 0.75, 4, -0.5
487 -> 494, -3, 0.25, 2, -1
487 -> 494, -3, 0.25, 4, -1
487 -> 494, -3, 0.25, 3, -1
488 -> 494, -4, 1.75, 3, -1
488 -> 494, -4, 0.75, 1, -0.5
489 -> 494, -1, 0.25, 2, -2
489 -> 494, -1, 0.25, 3, -2
489 -> 494, -1, 0.25, 2, -1
490 -> 494, -3, 1.75, 1, -2
491 -> 494, -2, 0.75, 5, -1
492 -> 494, -2, 0.75, 1, -1.5
493 -> 494, -3, 0.75, 1, -1
493 -> 494, -2, 0.25, 1, -1
494 -> 494, -3, 0.75, 3, -0.5
495 -> 494, -3, 1.25, 5, -0.5
495 -> 494, -3, 0.75, 2, -0.5
495 -> 494, -3, 1.25, 4, -0.5
495 -> 494, -3, 1.25, 3, -0.5
495 -> 494, -4, 1.25, 2, -2
495 -> 494, -5, 1.75, 4, -2
496 -> 494, -5, 1.75, 5, -2
496 -> 494, -4, 1.75, 2, -2
497 -> 494, -2, 0.25, 5, -2
497 -> 494, -2, 0.25, 2, -2
497 -> 494, -2, 0.25, 4, -2
497 -> 494, -2, 0.25, 3, -2
499 -> 494, -4, 0.25, 4, -2
503 -> 494, -5, 0.75, 1, -1.5
503 -> 494, -5, 0.75, 2, -1.5
503 -> 494, -4, 0.25, 3, -0.5
503 -> 494, -5, 0.75, 5, -1.5
503 -> 494, -5, 0.75, 3, -1.5
503 -> 494, -5, 0.75, 4, -1.5
504 -> 494, -5, 1.25, 2, -1.5
505 -> 494, -3, 0.25, 3, -1.5
505 -> 494, -4, 1.75, 2, -1
507 -> 494, -5, 0.25, 4, -2
507 -> 494, -5, 0.25, 5, -2
509 -> 494, -5, 0.75, 5, -0.5
509 -> 494, -5, 1.25, 3, -2
509 -> 494, -5, 1.25, 2, -2
510 -> 494, -1, 0.25, 1, -2
512 -> 494, -5, 0.75, 4, -2
512 -> 494, -5, 0.75, 3, -2
512 -> 494, -4, 1.75, 2, -0.5
512 -> 494, -4, 1.75, 3, -0.5
512 -> 494, -4, 1.75, 1, -0.5
512 -> 494, -4, 1.25, 2, -1.5
512 -> 494, -4, 1.75, 4, -0.5
512 -> 494, -4, 1.75, 5, -0.5
513 -> 494, -5, 1.75, 1, -0.5
514 -> 494, -3, 0.25, 4, -1.5
514 -> 494, -3, 0.25, 5, -1.5
514 -> 494, -2, 0.75, 4, -1.5
514 -> 494, -2, 0.75, 3, -1.5
514 -> 494, -5, 0.75, 4, -0.5
514 -> 494, -2, 0.75, 2, -1.5
516 -> 494, -1, 1.75, 4, -1
516 -> 494, -1, 1.75, 3, -1
520 -> 494, -3, 1.75, 1, -1
521 -> 494, -1, 0.25, 4, -2
521 -> 494, -1, 0.25, 5, -2
530 -> 494, -2, 1.75, 5, -2
533 -> 494, -4, 1.25, 4, -2
533 -> 494, -4, 1.25, 5, -2
533 -> 494, -4, 1.25, 3, -2
533 -> 494, -4, 0.25, 5, -1
536 -> 494, -5, 0.75, 2, -0.5
541 -> 494, -3, 1.75, 1, -1.5
541 -> 494, -5, 0.75, 4, -1
541 -> 494, -5, 0.75, 5, -1
541 -> 494, -5, 0.75, 1, -1
541 -> 494, -5, 0.75, 3, -1
541 -> 494, -5, 0.75, 2, -1
544 -> 494, -5, 1.25, 4, -1.5
549 -> 494, -5, 1.25, 1, -0.5
550 -> 494, -4, 1.25, 1, -0.5
551 -> 494, -4, 1.25, 1, -2
554 -> 494, -3, 0.25, 5, -2
554 -> 494, -3, 0.25, 3, -2
554 -> 494, -3, 0.25, 4, -2
556 -> 494, -2, 0.75, 2, -0.5
556 -> 494, -2, 0.75, 1, -0.5
