346 -> 403, -2, 1.25, 5, -1.5
360 -> 403, -2, 1.25, 2, -1.5
368 -> 403, -5, 0.75, 3, -0.5
371 -> 403, -1, 1.75, 2, -1.5
371 -> 403, -5, 0.75, 5, -0.5
372 -> 403, -5, 1.25, 2, -1
373 -> 403, -5, 0.75, 1, -1.5
375 -> 403, -1, 1.75, 2, -0.5
375 -> 403, -5, 0.75, 2, -0.5
376 -> 403, -4, 1.75, 2, -0.5
376 -> 403, -4, 1.75, 3, -0.5
378 -> 403, -1, 0.75, 1, -1.5
378 -> 403, -1, 0.75, 2, -1.5
380 -> 403, -2, 1.25, 2, -0.5
380 -> 403, -1, 1.75, 3, -1.5
380 -> 403, -5, 0.75, 5, -1.5
384 -> 403, -1, 0.75, 3, -1.5
385 -> 403, -1, 0.75, 5, -1
385 -> 403, -2, 0.25, 4, -0.5
386 -> 403, -5, 0.75, 2, -1.5
386 -> 403, -5, 0.75, 3, -1.5
386 -> 403, -5, 0.75, 4, -1.5
386 -> 403, -3, 1.75, 1, -1.5
387 -> 403, -1, 1.75, 5, -2
387 -> 403, -3, 1.75, 4, -1
387 -> 403, -3, 1.75, 3, -1
391 -> 403, -3, 1.25, 4, -2
393 -> 403, -1, 0.75, 5, -1.5
393 -> 403, -3, 0.75, 5, -0.5
395 -> 403, -5, 1.75, 5, -1
395 -> 403, -2, 1.25, 1, -0.5
395 -> 403, -3, 1.25, 5, -2
395 -> 403, -1, 0.75, 4, -1.5
395 -> 403, -5, 1.25, 5, -1
396 -> 403, -5, 1.75, 4, -1
397 -> 403, -3, 1.75, 2, -1.5
397 -> 403, -2, 0.75, 5, -0.5
398 -> 403, -2, 1.25, 3, -1
399 -> 403, -5, 1.25, 3, -1
400 -> 403, -4, 1.25, 1, -1.5
401 -> 403, -1, 1.25, 5, -1.5
402 -> 403, -2, 1.75, 2, -2
402 -> 403, -4, 1.25, 4, -0.5
403 -> 403, -3, 1.75, 4, -0.5
403 -> 403, -3, 1.75, 2, -2
403 -> 403, -3, 1.25, 5, -1.5
404 -> 403, -3, 0.75, 4, -0.5
404 -> 403, -1, 0.25, 1, -2
405 -> 403, -3, 0.75, 5, -1
405 -> 403, -2, 1.75, 3, -2
406 -> 403, -1, 1.75, 4, -2
406 -> 403, -1, 0.75, 2, -1
407 -> 403, -1, 0.75, 1, -2
407 -> 403, -1, 1.75, 5, -1.5
407 -> 403, -3, 1.75, 3, -2
407 -> 403, -3, 1.75, 5, -2
407 -> 403, -3, 1.75, 4, -2
408 -> 403, -3, 0.75, 2, -2
409 -> 403, -3, 1.75, 3, -1.5
409 -> 403, -5, 1.75, 1, -2
409 -> 403, -4, 1.75, 1, -1.5
410 -> 403, -5, 0.75, 1, -0.5
411 -> 403, -5, 0.25, 5, -0.5
411 -> 403, -5, 1.75, 2, -2
412 -> 403, -3, 1.25, 2, -0.5
412 -> 403, -1, 0.75, 3, -1
412 -> 403, -1, 0.75, 4, -1
413 -> 403, -1, 0.25, 4, -2
413 -> 403, -5, 1.25, 5, -2
413 -> 403, -1, 0.25, 5, -2
414 -> 403, -1, 0.25, 1, -0.5
414 -> 403, -3, 0.75, 3, -1.5
415 -> 403, -1, 0.25, 3, -2
415 -> 403, -1, 0.25, 2, -2
415 -> 403, -1, 0.75, 1, -1
416 -> 403, -2, 1.75, 4, -1.5
416 -> 403, -3, 1.75, 1, -1
416 -> 403, -5, 1.25, 1, -2
416 -> 403, -2, 0.75, 2, -0.5
416 -> 403, -5, 1.25, 2, -2
416 -> 403, -2, 1.75, 1, -0.5
416 -> 403, -4, 1.75, 1, -1
416 -> 403, -3, 1.75, 4, -1.5
416 -> 403, -2, 0.25, 1, -0.5
417 -> 403, -1, 1.75, 4, -1
418 -> 403, -2, 1.25, 1, -2
418 -> 403, -4, 1.25, 1, -1
419 -> 403, -1, 1.25, 3, -0.5
419 -> 403, -5, 0.75, 2, -2
419 -> 403, -1, 1.25, 5, -0.5
419 -> 403, -1, 0.75, 2, -0.5
419 -> 403, -5, 0.75, 1, -2
419 -> 403, -4, 0.75, 5, -2
419 -> 403, -1, 1.25, 4, -0.5
420 -> 403, -4, 1.75, 5, -0.5
420 -> 403, -2, 1.25, 3, -1.5
420 -> 403, -2, 1.25, 4, -1.5
421 -> 403, -1, 0.75, 5, -2
421 -> 403, -1, 0.75, 3, -2
421 -> 403, -1, 1.75, 3, -2
421 -> 403, -4, 1.25, 4, -1.5
421 -> 403, -4, 1.25, 5, -1.5
421 -> 403, -1, 1.75, 2, -2
421 -> 403, -1, 0.75, 4, -2
422 -> 403, -2, 1.75, 2, -1.5
423 -> 403, -1, 1.75, 1, -1.5
424 -> 403, -1, 1.75, 4, -1.5
425 -> 403, -5, 1.25, 1, -1
425 -> 403, -5, 1.75, 5, -0.5
425 -> 403, -2, 1.25, 2, -1
426 -> 403, -4, 1.75, 3, -2
426 -> 403, -3, 0.75, 3, -2
427 -> 403, -2, 1.25, 5, -1
427 -> 403, -4, 1.75, 3, -1
427 -> 403, -4, 1.75, 4, -1
427 -> 403, -4, 1.75, 2, -1
427 -> 403, -2, 1.25, 4, -1
429 -> 403, -2, 1.75, 5, -2
429 -> 403, -2, 1.75, 4, -2
429 -> 403, -2, 1.75, 4, -0.5
429 -> 403, -1, 1.25, 2, -1
430 -> 403, -5, 1.75, 5, -1.5
430 -> 403, -1, 0.75, 1, -0.5
430 -> 403, -5, 0.75, 4, -2
430 -> 403, -5, 0.75, 5, -2
431 -> 403, -1, 1.25, 4, -2
431 -> 403, -2, 0.25, 5, -0.5
431 -> 403, -1, 1.25, 3, -2
432 -> 403, -1, 0.75, 2, -2
432 -> 403, -1, 1.75, 5, -1
433 -> 403, -2, 0.25, 3, -0.5
433 -> 403, -2, 0.25, 2, -0.5
433 -> 403, -1, 1.25, 4, -1.5
433 -> 403, -3, 0.25, 2, -2
433 -> 403, -1, 1.25, 1, -1.5
433 -> 403, -3, 0.25, 3, -2
433 -> 403, -1, 1.25, 2, -1.5
433 -> 403, -1, 1.25, 2, -0.5
433 -> 403, -4, 1.25, 2, -1
433 -> 403, -3, 0.75, 3, -1
433 -> 403, -1, 1.25, 3, -1.5
434 -> 403, -4, 1.75, 5, -1.5
434 -> 403, -5, 1.75, 4, -1.5
434 -> 403, -3, 0.25, 3, -1
434 -> 403, -4, 1.75, 4, -1.5
434 -> 403, -4, 0.75, 4, -2
434 -> 403, -1, 1.75, 3, -1
434 -> 403, -4, 1.75, 2, -1.5
434 -> 403, -4, 1.75, 3, -1.5
435 -> 403, -2, 1.75, 3, -1.5
435 -> 403, -4, 1.75, 5, -1
436 -> 403, -4, 1.25, 2, -0.5
436 -> 403, -1, 0.75, 3, -0.5
436 -> 403, -2, 1.75, 1, -1.5
437 -> 403, -1, 0.25, 5, -1.5
437 -> 403, -1, 1.75, 4, -0.5
437 -> 403, -4, 1.75, 2, -2
437 -> 403, -1, 0.25, 3, -1.5
437 -> 403, -1, 0.25, 4, -1.5
437 -> 403, -3, 1.75, 2, -0.5
437 -> 403, -2, 1.25, 3, -2
437 -> 403, -1, 0.25, 1, -1.5
437 -> 403, -2, 1.25, 4, -2
437 -> 403, -1, 0.25, 2, -1.5
437 -> 403, -2, 1.25, 5, -2
437 -> 403, -2, 1.25, 2, -2
438 -> 403, -2, 0.75, 2, -2
438 -> 403, -2, 0.75, 3, -2
438 -> 403, -3, 0.75, 2, -1
438 -> 403, -2, 0.75, 1, -2
438 -> 403, -2, 0.75, 4, -2
438 -> 403, -1, 0.25, 4, -1
439 -> 403, -4, 1.75, 1, -2
439 -> 403, -2, 1.75, 5, -1.5
439 -> 403, -4, 0.75, 5, -1
439 -> 403, -5, 0.75, 3, -2
440 -> 403, -2, 1.75, 3, -1
440 -> 403, -5, 1.75, 2, -1.5
440 -> 403, -2, 1.75, 2, -1
441 -> 403, -4, 0.25, 5, -1.5
441 -> 403, -5, 1.75, 1, -1.5
442 -> 403, -1, 1.75, 3, -0.5
443 -> 403, -3, 1.75, 5, -1.5
443 -> 403, -1, 0.25, 4, -0.5
443 -> 403, -1, 0.25, 3, -0.5
443 -> 403, -1, 0.25, 2, -0.5
443 -> 403, -1, 0.25, 3, -1
443 -> 403, -1, 0.25, 5, -0.5
444 -> 403, -4, 1.25, 3, -1
444 -> 403, -4, 0.75, 1, -2
444 -> 403, -1, 1.25, 5, -2
445 -> 403, -4, 0.75, 5, -1.5
445 -> 403, -3, 1.25, 3, -2
445 -> 403, -2, 0.75, 4, -1
446 -> 403, -3, 0.75, 1, -2
446 -> 403, -3, 1.25, 2, -2
446 -> 403, -4, 0.25, 3, -0.5
446 -> 403, -2, 0.25, 1, -2
446 -> 403, -2, 0.25, 2, -2
447 -> 403, -3, 0.25, 1, -1
447 -> 403, -2, 0.75, 1, -0.5
447 -> 403, -3, 0.25, 2, -1
448 -> 403, -1, 1.25, 1, -2
448 -> 403, -4, 1.25, 3, -0.5
448 -> 403, -2, 0.75, 5, -2
449 -> 403, -5, 1.75, 4, -0.5
450 -> 403, -3, 1.25, 4, -1.5
450 -> 403, -3, 0.25, 4, -1
450 -> 403, -3, 1.25, 3, -1.5
450 -> 403, -3, 0.75, 2, -1.5
450 -> 403, -3, 0.25, 5, -1
451 -> 403, -4, 1.75, 4, -0.5
451 -> 403, -2, 0.75, 3, -0.5
452 -> 403, -3, 1.25, 4, -1
452 -> 403, -3, 1.25, 2, -1
452 -> 403, -3, 1.25, 3, -1
453 -> 403, -4, 0.75, 2, -2
453 -> 403, -2, 0.75, 5, -1.5
453 -> 403, -4, 0.75, 3, -2
454 -> 403, -2, 0.75, 3, -1
454 -> 403, -2, 1.75, 1, -2
454 -> 403, -1, 1.25, 1, -0.5
455 -> 403, -3, 1.25, 5, -1
455 -> 403, -3, 0.25, 5, -2
455 -> 403, -3, 0.75, 1, -1
455 -> 403, -5, 1.75, 2, -1
455 -> 403, -3, 0.25, 4, -2
456 -> 403, -1, 1.25, 1, -1
456 -> 403, -1, 1.75, 1, -1
456 -> 403, -1, 1.75, 2, -1
456 -> 403, -2, 1.75, 4, -1
456 -> 403, -2, 0.25, 5, -1.5
457 -> 403, -5, 0.25, 2, -1.5
457 -> 403, -3, 1.75, 3, -0.5
457 -> 403, -5, 0.25, 5, -1.5
457 -> 403, -5, 0.25, 4, -1.5
457 -> 403, -3, 1.25, 1, -0.5
457 -> 403, -5, 0.25, 3, -1.5
457 -> 403, -1, 1.75, 1, -2
457 -> 403, -1, 0.25, 5, -1
458 -> 403, -1, 0.75, 5, -0.5
458 -> 403, -2, 0.75, 5, -1
458 -> 403, -5, 1.25, 2, -1.5
458 -> 403, -1, 0.75, 4, -0.5
459 -> 403, -4, 1.25, 2, -1.5
459 -> 403, -1, 1.25, 2, -2
460 -> 403, -2, 0.25, 5, -2
460 -> 403, -2, 0.25, 3, -2
460 -> 403, -5, 1.25, 4, -0.5
460 -> 403, -2, 0.25, 4, -2
462 -> 403, -2, 1.25, 1, -1
463 -> 403, -5, 1.25, 1, -1.5
463 -> 403, -3, 0.75, 4, -1.5
463 -> 403, -3, 1.75, 1, -2
464 -> 403, -5, 1.25, 3, -2
464 -> 403, -5, 1.25, 3, -1.5
464 -> 403, -2, 1.25, 5, -0.5
464 -> 403, -2, 1.25, 4, -0.5
464 -> 403, -5, 1.75, 3, -1.5
464 -> 403, -4, 1.25, 3, -1.5
464 -> 403, -5, 0.25, 1, -1.5
464 -> 403, -4, 1.75, 5, -2
464 -> 403, -4, 1.75, 4, -2
464 -> 403, -2, 1.75, 1, -1
464 -> 403, -3, 1.75, 2, -1
465 -> 403, -5, 1.75, 3, -1
465 -> 403, -5, 0.25, 1, -1
465 -> 403, -5, 1.75, 4, -2
465 -> 403, -5, 1.75, 5, -2
466 -> 403, -3, 1.75, 1, -0.5
466 -> 403, -3, 0.75, 4, -1
467 -> 403, -5, 1.25, 4, -2
467 -> 403, -4, 0.75, 5, -0.5
469 -> 403, -4, 0.75, 4, -1
470 -> 403, -2, 0.25, 1, -1.5
470 -> 403, -2, 0.25, 4, -1.5
470 -> 403, -5, 1.75, 1, -1
470 -> 403, -2, 0.25, 3, -1.5
470 -> 403, -3, 1.25, 1, -1
470 -> 403, -2, 0.25, 2, -1.5
470 -> 403, -2, 0.75, 4, -0.5
470 -> 403, -4, 0.75, 2, -0.5
471 -> 403, -2, 0.75, 2, -1
472 -> 403, -1, 1.75, 5, -0.5
472 -> 403, -5, 0.25, 1, -0.5
472 -> 403, -2, 1.75, 5, -0.5
473 -> 403, -3, 0.25, 4, -0.5
473 -> 403, -3, 0.25, 3, -0.5
474 -> 403, -2, 1.75, 2, -0.5
474 -> 403, -2, 1.75, 3, -0.5
475 -> 403, -3, 0.75, 5, -1.5
476 -> 403, -4, 1.25, 3, -2
476 -> 403, -4, 1.25, 2, -2
476 -> 403, -4, 1.25, 1, -2
478 -> 403, -3, 1.25, 1, -2
478 -> 403, -5, 0.25, 2, -0.5
478 -> 403, -5, 0.25, 3, -2
478 -> 403, -5, 0.25, 2, -2
479 -> 403, -5, 0.25, 1, -2
480 -> 403, -5, 1.75, 3, -2
481 -> 403, -3, 0.25, 2, -0.5
482 -> 403, -4, 0.75, 3, -1
482 -> 403, -3, 0.25, 5, -0.5
483 -> 403, -2, 0.75, 3, -1.5
483 -> 403, -2, 0.75, 4, -1.5
483 -> 403, -4, 0.75, 3, -1.5
483 -> 403, -4, 0.75, 4, -1.5
483 -> 403, -3, 1.75, 5, -1
483 -> 403, -2, 0.75, 2, -1.5
483 -> 403, -2, 0.75, 1, -1.5
484 -> 403, -4, 0.25, 4, -1.5
484 -> 403, -1, 1.75, 1, -0.5
484 -> 403, -4, 0.25, 3, -1.5
484 -> 403, -4, 0.25, 2, -1.5
484 -> 403, -2, 1.25, 1, -1.5
487 -> 403, -3, 0.25, 1, -2
487 -> 403, -1, 1.25, 3, -1
488 -> 403, -2, 1.25, 3, -0.5
489 -> 403, -5, 0.75, 2, -1
489 -> 403, -5, 0.75, 1, -1
489 -> 403, -5, 0.75, 3, -1
490 -> 403, -2, 1.75, 5, -1
491 -> 403, -4, 0.25, 1, -1.5
491 -> 403, -4, 0.75, 4, -0.5
491 -> 403, -4, 0.25, 1, -0.5
492 -> 403, -4, 1.25, 5, -1
492 -> 403, -4, 0.25, 1, -1
492 -> 403, -4, 0.25, 2, -1
492 -> 403, -4, 1.25, 4, -1
493 -> 403, -4, 0.75, 1, -1.5
494 -> 403, -5, 0.25, 2, -1
494 -> 403, -5, 0.25, 3, -1
494 -> 403, -4, 0.25, 5, -1
494 -> 403, -4, 0.25, 4, -1
496 -> 403, -1, 0.25, 1, -1
496 -> 403, -1, 0.25, 2, -1
496 -> 403, -3, 0.75, 5, -2
496 -> 403, -4, 0.75, 3, -0.5
496 -> 403, -3, 0.75, 4, -2
498 -> 403, -5, 1.25, 3, -0.5
498 -> 403, -4, 0.75, 2, -1
498 -> 403, -4, 0.75, 1, -1
498 -> 403, -5, 0.75, 4, -0.5
500 -> 403, -2, 0.75, 1, -1
502 -> 403, -3, 0.75, 1, -0.5
504 -> 403, -4, 1.75, 1, -0.5
505 -> 403, -3, 1.25, 2, -1.5
505 -> 403, -3, 1.25, 1, -1.5
509 -> 403, -4, 0.75, 2, -1.5
509 -> 403, -4, 0.25, 3, -1
509 -> 403, -3, 0.75, 1, -1.5
509 -> 403, -5, 0.25, 4, -0.5
509 -> 403, -5, 0.25, 3, -0.5
510 -> 403, -3, 0.75, 3, -0.5
510 -> 403, -3, 0.75, 2, -0.5
511 -> 403, -3, 1.25, 3, -0.5
512 -> 403, -1, 1.25, 4, -1
512 -> 403, -1, 1.25, 5, -1
518 -> 403, -2, 0.25, 3, -1
519 -> 403, -2, 0.25, 2, -1
519 -> 403, -2, 0.25, 1, -1
523 -> 403, -4, 0.25, 5, -0.5
527 -> 403, -4, 1.25, 4, -2
527 -> 403, -4, 1.25, 5, -2
528 -> 403, -4, 0.75, 1, -0.5
531 -> 403, -4, 0.25, 3, -2
531 -> 403, -4, 0.25, 4, -2
531 -> 403, -4, 0.25, 1, -2
531 -> 403, -4, 0.25, 2, -0.5
531 -> 403, -4, 0.25, 2, -2
531 -> 403, -4, 0.25, 5, -2
533 -> 403, -5, 1.25, 5, -1.5
533 -> 403, -5, 1.25, 4, -1.5
533 -> 403, -3, 0.25, 3, -1.5
533 -> 403, -3, 0.25, 2, -1.5
534 -> 403, -3, 1.75, 5, -0.5
537 -> 403, -3, 0.25, 5, -1.5
537 -> 403, -3, 0.25, 4, -1.5
538 -> 403, -3, 0.25, 1, -1.5
538 -> 403, -4, 0.25, 4, -0.5
538 -> 403, -3, 0.25, 1, -0.5
541 -> 403, -3, 1.25, 5, -0.5
541 -> 403, -3, 1.25, 4, -0.5
543 -> 403, -4, 1.25, 1, -0.5
543 -> 403, -5, 0.25, 5, -2
543 -> 403, -5, 0.25, 4, -2
554 -> 403, -5, 1.25, 5, -0.5
568 -> 403, -2, 0.25, 4, -1
568 -> 403, -2, 0.25, 5, -1
570 -> 403, -5, 1.75, 1, -0.5
573 -> 403, -5, 0.75, 5, -1
573 -> 403, -5, 0.75, 4, -1
575 -> 403, -5, 1.25, 1, -0.5
586 -> 403, -5, 1.25, 4, -1
598 -> 403, -5, 1.25, 2, -0.5
629 -> 403, -5, 1.75, 3, -0.5
629 -> 403, -5, 1.75, 2, -0.5
669 -> 403, -5, 0.25, 5, -1
669 -> 403, -5, 0.25, 4, -1
799 -> 403, -4, 1.25, 5, -0.5
