346 -> 200, -1, 1.75, 3, -0.5
349 -> 200, -2, 1.75, 1, -0.5
349 -> 200, -5, 0.75, 3, -1
351 -> 200, -3, 1.75, 4, -0.5
352 -> 200, -3, 1.25, 5, -0.5
353 -> 200, -5, 1.75, 3, -0.5
357 -> 200, -1, 1.75, 4, -0.5
358 -> 200, -1, 1.75, 2, -1
359 -> 200, -4, 1.25, 3, -0.5
373 -> 200, -4, 1.75, 5, -0.5
374 -> 200, -1, 1.25, 5, -0.5
375 -> 200, -2, 1.75, 1, -1
376 -> 200, -4, 1.25, 2, -0.5
377 -> 200, -1, 1.75, 5, -1.5
379 -> 200, -5, 1.25, 2, -2
379 -> 200, -5, 0.25, 4, -1.5
379 -> 200, -5, 0.25, 3, -1.5
379 -> 200, -5, 0.25, 2, -1.5
379 -> 200, -5, 0.25, 1, -1.5
380 -> 200, -3, 1.75, 5, -0.5
381 -> 200, -5, 1.25, 3, -2
381 -> 200, -2, 1.75, 4, -0.5
384 -> 200, -2, 0.75, 3, -2
385 -> 200, -5, 0.75, 2, -1
386 -> 200, -3, 1.25, 3, -0.5
387 -> 200, -3, 1.75, 1, -1.5
387 -> 200, -1, 0.75, 5, -0.5
388 -> 200, -1, 1.75, 5, -0.5
388 -> 200, -2, 0.75, 5, -0.5
390 -> 200, -3, 0.75, 1, -0.5
391 -> 200, -1, 1.25, 4, -1
392 -> 200, -5, 1.75, 2, -1.5
392 -> 200, -5, 1.75, 1, -1.5
393 -> 200, -1, 1.25, 5, -1.5
393 -> 200, -2, 1.75, 5, -0.5
394 -> 200, -2, 1.75, 3, -1
396 -> 200, -1, 1.75, 1, -2
396 -> 200, -1, 1.75, 2, -2
396 -> 200, -5, 1.75, 3, -1.5
397 -> 200, -2, 1.25, 3, -2
397 -> 200, -3, 1.25, 2, -1
397 -> 200, -2, 1.25, 4, -2
397 -> 200, -2, 1.25, 2, -2
397 -> 200, -4, 1.25, 4, -1.5
398 -> 200, -2, 1.75, 3, -2
398 -> 200, -5, 1.75, 4, -2
400 -> 200, -2, 1.25, 1, -1.5
400 -> 200, -2, 1.25, 2, -1.5
401 -> 200, -5, 0.25, 3, -1
401 -> 200, -5, 0.25, 2, -1
402 -> 200, -1, 1.25, 1, -0.5
402 -> 200, -1, 1.25, 2, -0.5
403 -> 200, -2, 1.25, 1, -1
404 -> 200, -2, 0.75, 2, -1.5
404 -> 200, -5, 1.25, 1, -2
404 -> 200, -1, 0.75, 3, -0.5
405 -> 200, -2, 1.25, 4, -1.5
405 -> 200, -1, 1.25, 1, -1
406 -> 200, -1, 1.25, 5, -1
406 -> 200, -1, 0.75, 4, -0.5
406 -> 200, -3, 1.75, 1, -0.5
406 -> 200, -1, 1.25, 2, -1
406 -> 200, -1, 0.75, 5, -2
406 -> 200, -3, 0.75, 3, -0.5
407 -> 200, -2, 1.75, 2, -0.5
407 -> 200, -1, 1.75, 4, -1.5
407 -> 200, -4, 0.25, 5, -1
408 -> 200, -1, 0.75, 2, -0.5
408 -> 200, -3, 1.75, 2, -0.5
408 -> 200, -2, 1.75, 3, -0.5
409 -> 200, -4, 0.25, 4, -1
409 -> 200, -3, 1.25, 1, -1
410 -> 200, -1, 1.25, 3, -0.5
410 -> 200, -4, 0.25, 4, -2
410 -> 200, -2, 0.75, 2, -0.5
410 -> 200, -1, 1.25, 4, -0.5
411 -> 200, -1, 1.75, 4, -2
411 -> 200, -4, 1.75, 1, -1.5
411 -> 200, -5, 1.75, 5, -1.5
411 -> 200, -1, 1.75, 5, -2
411 -> 200, -5, 1.75, 4, -1.5
412 -> 200, -3, 1.25, 3, -2
412 -> 200, -2, 1.25, 4, -0.5
412 -> 200, -5, 0.75, 5, -1
412 -> 200, -3, 0.75, 4, -0.5
413 -> 200, -5, 1.25, 4, -2
414 -> 200, -2, 0.75, 3, -1.5
414 -> 200, -1, 1.25, 3, -1
415 -> 200, -3, 0.75, 2, -1
415 -> 200, -4, 1.25, 5, -2
415 -> 200, -2, 1.25, 5, -2
415 -> 200, -4, 1.25, 4, -2
416 -> 200, -5, 0.75, 2, -2
416 -> 200, -4, 1.75, 2, -1.5
416 -> 200, -3, 1.75, 3, -1
416 -> 200, -5, 0.75, 1, -2
416 -> 200, -5, 1.25, 5, -2
416 -> 200, -3, 1.75, 4, -1
417 -> 200, -5, 1.75, 1, -2
417 -> 200, -4, 0.75, 5, -2
417 -> 200, -4, 0.75, 4, -2
418 -> 200, -5, 1.75, 1, -1
418 -> 200, -4, 0.25, 3, -1
418 -> 200, -5, 1.75, 3, -1
418 -> 200, -5, 0.25, 5, -1
418 -> 200, -5, 1.75, 4, -1
418 -> 200, -4, 0.25, 2, -1
418 -> 200, -5, 1.25, 5, -0.5
418 -> 200, -5, 1.75, 2, -1
419 -> 200, -3, 1.25, 2, -2
419 -> 200, -3, 1.25, 1, -2
419 -> 200, -1, 1.75, 5, -1
419 -> 200, -1, 1.75, 4, -1
420 -> 200, -5, 1.25, 1, -1.5
420 -> 200, -1, 1.25, 5, -2
420 -> 200, -5, 0.25, 4, -1
420 -> 200, -2, 1.25, 5, -0.5
420 -> 200, -5, 1.25, 2, -1.5
421 -> 200, -1, 0.75, 3, -2
421 -> 200, -5, 1.75, 3, -2
421 -> 200, -1, 1.75, 1, -1
421 -> 200, -1, 0.75, 2, -2
421 -> 200, -3, 1.25, 4, -1
421 -> 200, -3, 1.25, 5, -1
421 -> 200, -4, 1.25, 3, -1.5
421 -> 200, -5, 1.75, 2, -2
421 -> 200, -1, 0.75, 2, -1
421 -> 200, -3, 1.25, 4, -2
421 -> 200, -3, 1.75, 5, -1
421 -> 200, -3, 1.25, 5, -2
422 -> 200, -1, 1.25, 4, -2
424 -> 200, -2, 0.75, 4, -1.5
424 -> 200, -3, 0.25, 1, -0.5
424 -> 200, -3, 0.75, 2, -0.5
425 -> 200, -3, 0.75, 1, -1
425 -> 200, -3, 1.25, 2, -1.5
425 -> 200, -4, 0.25, 1, -2
425 -> 200, -3, 1.25, 3, -1.5
425 -> 200, -1, 0.75, 1, -2
425 -> 200, -4, 1.25, 2, -2
425 -> 200, -2, 1.25, 4, -1
427 -> 200, -2, 0.75, 5, -1.5
427 -> 200, -3, 1.25, 4, -0.5
427 -> 200, -3, 0.25, 2, -0.5
427 -> 200, -3, 0.25, 3, -0.5
427 -> 200, -3, 1.75, 1, -1
428 -> 200, -2, 1.75, 1, -2
428 -> 200, -2, 1.75, 2, -2
428 -> 200, -1, 0.75, 3, -1.5
429 -> 200, -3, 0.75, 3, -2
429 -> 200, -3, 0.75, 2, -2
429 -> 200, -5, 1.75, 5, -2
429 -> 200, -1, 1.75, 3, -1.5
429 -> 200, -1, 0.25, 5, -2
429 -> 200, -2, 1.25, 2, -1
429 -> 200, -2, 1.25, 1, -2
429 -> 200, -3, 1.75, 2, -1
429 -> 200, -1, 0.25, 2, -2
429 -> 200, -1, 0.25, 3, -2
429 -> 200, -1, 1.75, 2, -1.5
429 -> 200, -1, 0.25, 4, -2
429 -> 200, -1, 0.75, 2, -1.5
429 -> 200, -1, 0.75, 1, -1.5
430 -> 200, -3, 1.75, 5, -2
430 -> 200, -3, 1.75, 4, -2
430 -> 200, -3, 0.75, 1, -2
431 -> 200, -5, 0.75, 4, -1
431 -> 200, -2, 0.75, 1, -1.5
431 -> 200, -3, 0.75, 4, -1
431 -> 200, -2, 1.25, 5, -1.5
431 -> 200, -5, 0.75, 1, -1.5
431 -> 200, -5, 0.75, 2, -1.5
432 -> 200, -4, 0.75, 1, -1.5
432 -> 200, -4, 0.75, 2, -1.5
432 -> 200, -5, 0.25, 1, -1
432 -> 200, -1, 1.75, 3, -2
433 -> 200, -3, 0.75, 3, -1
433 -> 200, -2, 0.75, 1, -1
433 -> 200, -4, 1.25, 1, -2
433 -> 200, -2, 1.75, 1, -1.5
433 -> 200, -2, 0.75, 2, -1
434 -> 200, -4, 1.75, 5, -2
434 -> 200, -1, 1.25, 2, -1.5
434 -> 200, -1, 0.25, 1, -2
434 -> 200, -1, 0.25, 5, -1.5
434 -> 200, -4, 1.75, 3, -2
434 -> 200, -1, 1.25, 4, -1.5
434 -> 200, -1, 1.25, 3, -1.5
434 -> 200, -1, 1.25, 1, -1.5
434 -> 200, -4, 1.75, 4, -2
435 -> 200, -4, 1.25, 5, -0.5
436 -> 200, -3, 1.25, 5, -1.5
436 -> 200, -1, 1.75, 1, -1.5
436 -> 200, -4, 0.25, 1, -1.5
436 -> 200, -4, 0.25, 3, -1.5
436 -> 200, -1, 0.75, 1, -0.5
436 -> 200, -4, 0.25, 2, -1.5
436 -> 200, -4, 0.25, 4, -1.5
436 -> 200, -4, 0.25, 5, -1.5
437 -> 200, -3, 1.25, 4, -1.5
438 -> 200, -1, 0.75, 4, -1.5
438 -> 200, -5, 0.75, 5, -2
438 -> 200, -5, 0.75, 4, -2
438 -> 200, -5, 0.75, 3, -2
438 -> 200, -2, 0.75, 1, -0.5
439 -> 200, -5, 0.25, 5, -1.5
439 -> 200, -4, 1.25, 3, -2
441 -> 200, -5, 0.25, 5, -2
441 -> 200, -5, 0.25, 2, -2
441 -> 200, -1, 0.25, 3, -0.5
441 -> 200, -5, 0.25, 3, -2
441 -> 200, -5, 0.25, 4, -2
441 -> 200, -4, 0.25, 3, -0.5
441 -> 200, -2, 1.25, 3, -1
442 -> 200, -2, 1.75, 5, -1.5
442 -> 200, -4, 1.75, 4, -1.5
442 -> 200, -4, 0.75, 5, -1.5
442 -> 200, -2, 1.75, 4, -1.5
442 -> 200, -3, 0.75, 5, -0.5
442 -> 200, -4, 1.75, 5, -1.5
442 -> 200, -2, 1.75, 3, -1.5
442 -> 200, -1, 0.25, 5, -0.5
442 -> 200, -5, 0.25, 1, -2
442 -> 200, -4, 0.75, 4, -1.5
443 -> 200, -4, 1.25, 1, -1
443 -> 200, -4, 1.25, 3, -1
443 -> 200, -2, 1.75, 2, -1
443 -> 200, -4, 1.25, 2, -1
444 -> 200, -3, 0.25, 2, -2
444 -> 200, -3, 0.25, 1, -2
444 -> 200, -1, 0.75, 4, -1
444 -> 200, -3, 0.25, 3, -2
444 -> 200, -3, 0.25, 5, -2
444 -> 200, -3, 0.25, 4, -2
444 -> 200, -1, 0.25, 1, -1
445 -> 200, -4, 0.75, 3, -1.5
445 -> 200, -2, 1.75, 2, -1.5
446 -> 200, -1, 0.75, 5, -1
446 -> 200, -2, 0.75, 2, -2
446 -> 200, -1, 0.75, 5, -1.5
446 -> 200, -4, 1.75, 3, -1.5
447 -> 200, -4, 1.25, 5, -1
447 -> 200, -1, 0.25, 1, -0.5
447 -> 200, -2, 0.25, 1, -2
447 -> 200, -2, 0.25, 2, -2
447 -> 200, -1, 0.25, 2, -0.5
448 -> 200, -4, 1.25, 1, -1.5
448 -> 200, -3, 0.75, 1, -1.5
448 -> 200, -4, 1.25, 2, -1.5
448 -> 200, -1, 1.25, 3, -2
448 -> 200, -1, 1.25, 2, -2
448 -> 200, -4, 1.75, 1, -2
448 -> 200, -3, 1.75, 2, -1.5
448 -> 200, -1, 1.25, 1, -2
448 -> 200, -4, 1.75, 2, -2
449 -> 200, -2, 0.25, 3, -2
449 -> 200, -2, 0.25, 4, -2
449 -> 200, -2, 0.25, 5, -2
449 -> 200, -2, 0.75, 5, -2
449 -> 200, -2, 1.25, 3, -0.5
449 -> 200, -2, 1.25, 2, -0.5
449 -> 200, -4, 0.25, 3, -2
450 -> 200, -3, 0.75, 5, -1.5
450 -> 200, -4, 0.25, 5, -0.5
450 -> 200, -3, 0.75, 4, -1.5
450 -> 200, -4, 0.25, 4, -0.5
451 -> 200, -2, 0.75, 4, -2
451 -> 200, -3, 0.75, 2, -1.5
451 -> 200, -1, 0.25, 4, -0.5
451 -> 200, -2, 0.75, 1, -2
452 -> 200, -3, 1.25, 3, -1
452 -> 200, -4, 1.75, 1, -0.5
453 -> 200, -4, 0.75, 3, -2
453 -> 200, -4, 0.75, 2, -2
453 -> 200, -4, 0.25, 2, -2
453 -> 200, -4, 0.25, 1, -1
454 -> 200, -1, 1.75, 1, -0.5
454 -> 200, -1, 1.75, 2, -0.5
454 -> 200, -1, 0.75, 3, -1
454 -> 200, -3, 1.25, 1, -1.5
458 -> 200, -2, 1.25, 1, -0.5
458 -> 200, -2, 1.75, 5, -1
458 -> 200, -2, 1.75, 4, -1
458 -> 200, -2, 0.75, 4, -0.5
458 -> 200, -4, 0.75, 1, -2
459 -> 200, -2, 0.25, 3, -1.5
460 -> 200, -4, 0.75, 5, -1
460 -> 200, -2, 0.25, 1, -0.5
460 -> 200, -2, 0.25, 2, -0.5
461 -> 200, -2, 0.25, 4, -0.5
461 -> 200, -1, 0.25, 1, -1.5
461 -> 200, -2, 0.25, 3, -0.5
461 -> 200, -2, 0.25, 5, -0.5
462 -> 200, -2, 0.25, 5, -1.5
462 -> 200, -5, 1.25, 3, -1.5
462 -> 200, -5, 1.25, 5, -1.5
462 -> 200, -2, 0.25, 4, -1.5
462 -> 200, -5, 1.75, 4, -0.5
462 -> 200, -5, 1.25, 4, -1.5
462 -> 200, -3, 0.75, 3, -1.5
462 -> 200, -1, 0.75, 4, -2
464 -> 200, -4, 0.75, 1, -1
464 -> 200, -2, 0.75, 5, -1
464 -> 200, -2, 0.75, 4, -1
464 -> 200, -4, 0.75, 2, -1
464 -> 200, -4, 0.75, 3, -1
464 -> 200, -4, 0.75, 4, -1
466 -> 200, -2, 0.75, 3, -1
467 -> 200, -3, 0.25, 4, -1.5
467 -> 200, -3, 0.25, 3, -1.5
467 -> 200, -1, 0.75, 1, -1
467 -> 200, -3, 0.25, 5, -1.5
467 -> 200, -3, 0.25, 2, -1.5
467 -> 200, -3, 0.25, 1, -1.5
468 -> 200, -3, 1.75, 3, -1.5
468 -> 200, -3, 1.75, 4, -1.5
468 -> 200, -3, 0.75, 5, -1
468 -> 200, -4, 0.25, 5, -2
469 -> 200, -3, 1.75, 5, -1.5
471 -> 200, -2, 0.25, 2, -1.5
471 -> 200, -2, 1.25, 5, -1
471 -> 200, -2, 0.25, 1, -1.5
473 -> 200, -5, 0.25, 4, -0.5
473 -> 200, -5, 0.25, 1, -0.5
473 -> 200, -5, 0.25, 5, -0.5
474 -> 200, -2, 1.75, 5, -2
474 -> 200, -2, 1.75, 4, -2
475 -> 200, -3, 0.75, 5, -2
475 -> 200, -3, 0.75, 4, -2
476 -> 200, -2, 0.75, 3, -0.5
477 -> 200, -3, 1.75, 3, -2
477 -> 200, -3, 1.75, 2, -2
477 -> 200, -3, 1.75, 1, -2
477 -> 200, -3, 0.25, 4, -0.5
478 -> 200, -3, 0.25, 5, -0.5
478 -> 200, -3, 1.25, 1, -0.5
479 -> 200, -5, 0.25, 2, -0.5
479 -> 200, -5, 0.25, 3, -0.5
480 -> 200, -5, 0.75, 5, -1.5
480 -> 200, -5, 0.75, 4, -1.5
480 -> 200, -5, 0.75, 3, -1.5
482 -> 200, -1, 1.75, 3, -1
482 -> 200, -3, 1.25, 2, -0.5
484 -> 200, -5, 1.25, 2, -1
486 -> 200, -1, 0.25, 5, -1
486 -> 200, -1, 0.25, 4, -1
486 -> 200, -1, 0.25, 3, -1
487 -> 200, -1, 0.25, 4, -1.5
487 -> 200, -1, 0.25, 2, -1.5
487 -> 200, -1, 0.25, 3, -1.5
491 -> 200, -4, 1.75, 3, -1
491 -> 200, -4, 1.75, 2, -1
491 -> 200, -4, 1.75, 1, -1
493 -> 200, -5, 1.25, 1, -0.5
493 -> 200, -5, 1.25, 2, -0.5
495 -> 200, -4, 1.75, 5, -1
497 -> 200, -5, 1.25, 1, -1
501 -> 200, -5, 0.75, 1, -1
501 -> 200, -4, 1.75, 4, -1
505 -> 200, -1, 0.25, 2, -1
506 -> 200, -3, 1.75, 3, -0.5
508 -> 200, -4, 0.25, 2, -0.5
508 -> 200, -4, 0.25, 1, -0.5
509 -> 200, -4, 1.25, 5, -1.5
514 -> 200, -2, 1.25, 3, -1.5
525 -> 200, -5, 1.75, 5, -1
544 -> 200, -4, 1.25, 4, -0.5
545 -> 200, -5, 1.25, 4, -0.5
546 -> 200, -4, 1.25, 1, -0.5
548 -> 200, -5, 1.25, 3, -0.5
552 -> 200, -3, 0.25, 5, -1
552 -> 200, -3, 0.25, 2, -1
552 -> 200, -3, 0.25, 1, -1
552 -> 200, -3, 0.25, 4, -1
552 -> 200, -3, 0.25, 3, -1
553 -> 200, -2, 0.25, 4, -1
553 -> 200, -2, 0.25, 1, -1
553 -> 200, -2, 0.25, 2, -1
553 -> 200, -2, 0.25, 5, -1
553 -> 200, -2, 0.25, 3, -1
555 -> 200, -4, 1.25, 4, -1
588 -> 200, -4, 1.75, 3, -0.5
588 -> 200, -4, 1.75, 4, -0.5
590 -> 200, -4, 0.75, 1, -0.5
590 -> 200, -4, 0.75, 2, -0.5
594 -> 200, -5, 1.25, 5, -1
594 -> 200, -5, 1.25, 3, -1
594 -> 200, -5, 1.25, 4, -1
595 -> 200, -5, 1.75, 5, -0.5
612 -> 200, -4, 1.75, 2, -0.5
645 -> 200, -4, 0.75, 3, -0.5
645 -> 200, -4, 0.75, 4, -0.5
645 -> 200, -4, 0.75, 5, -0.5
658 -> 200, -5, 0.75, 5, -0.5
658 -> 200, -5, 0.75, 4, -0.5
673 -> 200, -5, 1.75, 1, -0.5
673 -> 200, -5, 1.75, 2, -0.5
676 -> 200, -5, 0.75, 3, -0.5
676 -> 200, -5, 0.75, 2, -0.5
676 -> 200, -5, 0.75, 1, -0.5
