328 -> 247, -3, 1.25, 5, -1
332 -> 247, -5, 1.25, 3, -0.5
338 -> 247, -2, 0.75, 2, -0.5
350 -> 247, -4, 1.25, 2, -0.5
358 -> 247, -4, 1.75, 2, -1
371 -> 247, -3, 1.25, 2, -1
371 -> 247, -3, 1.25, 1, -1
373 -> 247, -1, 0.75, 1, -1
375 -> 247, -4, 1.75, 4, -0.5
377 -> 247, -4, 1.25, 3, -0.5
378 -> 247, -5, 1.25, 4, -1
380 -> 247, -4, 1.75, 3, -1
380 -> 247, -4, 1.75, 4, -1
382 -> 247, -2, 1.25, 1, -1
382 -> 247, -3, 0.75, 5, -1
383 -> 247, -4, 0.75, 4, -0.5
383 -> 247, -3, 1.25, 4, -1
386 -> 247, -5, 1.25, 3, -1
388 -> 247, -1, 0.75, 1, -0.5
389 -> 247, -3, 1.75, 1, -1
389 -> 247, -5, 1.25, 2, -0.5
389 -> 247, -2, 1.75, 2, -1
390 -> 247, -3, 1.75, 2, -0.5
390 -> 247, -5, 1.75, 4, -0.5
392 -> 247, -3, 1.75, 4, -1.5
392 -> 247, -4, 0.75, 5, -0.5
392 -> 247, -1, 1.75, 2, -2
392 -> 247, -2, 1.25, 3, -1
394 -> 247, -1, 1.75, 1, -2
396 -> 247, -3, 1.25, 5, -1.5
396 -> 247, -4, 1.75, 5, -1
397 -> 247, -1, 1.75, 2, -0.5
397 -> 247, -3, 1.25, 5, -2
397 -> 247, -2, 1.75, 4, -0.5
397 -> 247, -4, 1.75, 1, -1
399 -> 247, -3, 1.75, 2, -1
399 -> 247, -4, 1.25, 5, -0.5
400 -> 247, -2, 1.75, 4, -1.5
400 -> 247, -5, 1.75, 5, -1
400 -> 247, -1, 1.75, 1, -1.5
401 -> 247, -1, 1.75, 2, -1.5
402 -> 247, -4, 1.25, 1, -0.5
402 -> 247, -5, 1.75, 5, -1.5
403 -> 247, -2, 0.75, 3, -0.5
403 -> 247, -4, 0.75, 2, -0.5
403 -> 247, -4, 0.75, 1, -0.5
404 -> 247, -2, 0.75, 1, -0.5
404 -> 247, -3, 1.75, 3, -1
406 -> 247, -2, 1.75, 5, -1
406 -> 247, -2, 1.75, 4, -1
406 -> 247, -1, 0.75, 2, -0.5
406 -> 247, -2, 1.25, 5, -1
407 -> 247, -1, 0.75, 5, -1
407 -> 247, -1, 0.75, 4, -1
407 -> 247, -1, 1.75, 3, -0.5
407 -> 247, -1, 0.75, 3, -1
408 -> 247, -2, 0.75, 1, -1
408 -> 247, -2, 1.25, 2, -0.5
409 -> 247, -1, 1.25, 2, -1.5
410 -> 247, -4, 1.75, 1, -1.5
411 -> 247, -5, 1.75, 3, -1
411 -> 247, -3, 1.25, 2, -1.5
411 -> 247, -3, 1.25, 1, -1.5
411 -> 247, -3, 1.25, 3, -1.5
411 -> 247, -3, 1.75, 1, -1.5
411 -> 247, -5, 1.25, 2, -1
411 -> 247, -3, 1.25, 1, -0.5
412 -> 247, -3, 0.75, 3, -0.5
412 -> 247, -1, 0.75, 3, -0.5
413 -> 247, -5, 1.75, 4, -1
413 -> 247, -2, 1.25, 1, -2
413 -> 247, -5, 0.75, 1, -1.5
414 -> 247, -3, 1.25, 3, -1
415 -> 247, -2, 1.25, 3, -0.5
415 -> 247, -1, 1.75, 3, -1.5
415 -> 247, -3, 1.75, 3, -1.5
416 -> 247, -5, 0.25, 1, -1.5
416 -> 247, -1, 0.75, 3, -1.5
417 -> 247, -2, 1.25, 3, -1.5
417 -> 247, -2, 1.25, 4, -1.5
417 -> 247, -2, 1.75, 5, -1.5
418 -> 247, -5, 0.75, 2, -0.5
418 -> 247, -2, 1.75, 3, -1.5
418 -> 247, -5, 0.75, 3, -0.5
419 -> 247, -5, 0.75, 5, -1
419 -> 247, -5, 0.25, 3, -1.5
419 -> 247, -5, 0.25, 2, -1.5
419 -> 247, -5, 0.25, 4, -1.5
420 -> 247, -3, 1.25, 4, -1.5
420 -> 247, -1, 1.75, 4, -0.5
420 -> 247, -5, 1.75, 1, -1.5
422 -> 247, -5, 0.75, 1, -2
422 -> 247, -1, 1.25, 5, -0.5
422 -> 247, -5, 0.75, 2, -2
422 -> 247, -1, 1.25, 4, -0.5
423 -> 247, -2, 0.75, 4, -1
423 -> 247, -2, 0.75, 5, -1
423 -> 247, -2, 0.75, 3, -1
423 -> 247, -3, 1.75, 1, -0.5
423 -> 247, -2, 0.75, 2, -1
423 -> 247, -1, 1.25, 4, -2
423 -> 247, -5, 0.25, 5, -1.5
424 -> 247, -5, 1.25, 4, -1.5
424 -> 247, -4, 0.25, 5, -1.5
424 -> 247, -2, 0.75, 5, -0.5
424 -> 247, -5, 1.25, 5, -1.5
424 -> 247, -2, 0.75, 4, -0.5
424 -> 247, -2, 1.75, 3, -1
425 -> 247, -3, 1.25, 1, -2
425 -> 247, -3, 1.25, 2, -2
425 -> 247, -3, 1.25, 3, -2
425 -> 247, -4, 1.75, 5, -0.5
425 -> 247, -3, 1.25, 4, -2
426 -> 247, -2, 1.75, 1, -0.5
426 -> 247, -2, 1.25, 2, -1.5
426 -> 247, -2, 1.25, 4, -1
426 -> 247, -1, 1.75, 5, -1.5
428 -> 247, -1, 1.75, 4, -1.5
429 -> 247, -1, 1.25, 4, -1.5
429 -> 247, -1, 1.25, 4, -1
429 -> 247, -1, 1.25, 5, -1.5
429 -> 247, -1, 1.25, 3, -1.5
429 -> 247, -5, 1.25, 5, -2
429 -> 247, -1, 1.25, 3, -1
429 -> 247, -5, 1.25, 1, -0.5
429 -> 247, -1, 1.75, 3, -1
430 -> 247, -3, 1.75, 2, -1.5
430 -> 247, -1, 1.25, 1, -2
430 -> 247, -1, 0.75, 2, -1.5
430 -> 247, -1, 1.25, 5, -1
432 -> 247, -1, 0.25, 3, -0.5
432 -> 247, -3, 0.75, 5, -1.5
432 -> 247, -2, 1.25, 2, -1
432 -> 247, -1, 0.25, 4, -0.5
432 -> 247, -1, 0.25, 5, -0.5
434 -> 247, -3, 0.75, 5, -2
434 -> 247, -1, 0.75, 5, -1.5
435 -> 247, -1, 0.75, 4, -1.5
437 -> 247, -5, 1.25, 3, -2
437 -> 247, -5, 1.25, 4, -2
437 -> 247, -3, 0.75, 1, -1
438 -> 247, -4, 1.75, 2, -0.5
438 -> 247, -2, 1.75, 3, -2
438 -> 247, -2, 0.25, 1, -0.5
438 -> 247, -4, 1.75, 1, -0.5
438 -> 247, -5, 1.25, 2, -1.5
439 -> 247, -3, 0.75, 4, -2
439 -> 247, -4, 1.75, 3, -1.5
439 -> 247, -3, 0.75, 3, -2
439 -> 247, -4, 0.75, 1, -1.5
439 -> 247, -4, 1.75, 4, -1.5
439 -> 247, -2, 1.75, 2, -0.5
440 -> 247, -5, 1.25, 2, -2
441 -> 247, -2, 1.25, 1, -1.5
441 -> 247, -1, 1.25, 1, -1
441 -> 247, -4, 0.25, 1, -1
442 -> 247, -3, 0.25, 5, -2
442 -> 247, -2, 1.75, 3, -0.5
442 -> 247, -3, 0.25, 3, -2
442 -> 247, -3, 0.25, 4, -2
442 -> 247, -4, 1.75, 5, -1.5
442 -> 247, -1, 1.25, 2, -1
443 -> 247, -2, 1.75, 1, -2
443 -> 247, -2, 1.75, 2, -2
443 -> 247, -2, 1.75, 5, -2
444 -> 247, -2, 1.25, 2, -2
444 -> 247, -2, 1.25, 3, -2
444 -> 247, -1, 0.75, 3, -2
445 -> 247, -1, 1.75, 1, -0.5
445 -> 247, -3, 0.75, 2, -1
445 -> 247, -1, 1.25, 3, -2
445 -> 247, -5, 1.25, 1, -1.5
447 -> 247, -1, 0.25, 4, -2
448 -> 247, -3, 0.75, 4, -1
448 -> 247, -1, 1.75, 4, -1
449 -> 247, -3, 0.75, 2, -1.5
449 -> 247, -3, 0.75, 1, -0.5
449 -> 247, -1, 1.25, 1, -0.5
449 -> 247, -3, 0.25, 4, -1.5
449 -> 247, -3, 0.25, 3, -1.5
449 -> 247, -3, 0.25, 2, -1.5
450 -> 247, -2, 1.25, 1, -0.5
450 -> 247, -2, 0.25, 3, -0.5
450 -> 247, -4, 0.25, 5, -1
450 -> 247, -1, 0.25, 2, -2
450 -> 247, -2, 0.25, 2, -0.5
450 -> 247, -1, 0.25, 1, -2
450 -> 247, -2, 1.25, 4, -0.5
450 -> 247, -2, 0.25, 4, -0.5
451 -> 247, -5, 1.25, 3, -1.5
451 -> 247, -5, 0.75, 4, -1
451 -> 247, -5, 0.75, 3, -1
451 -> 247, -4, 0.75, 5, -1.5
451 -> 247, -4, 0.75, 3, -1.5
451 -> 247, -5, 0.75, 2, -1
451 -> 247, -4, 0.75, 4, -1.5
452 -> 247, -1, 0.25, 3, -1.5
452 -> 247, -1, 0.25, 1, -1.5
452 -> 247, -1, 0.25, 2, -1.5
452 -> 247, -3, 0.25, 5, -1
452 -> 247, -3, 0.25, 1, -1
452 -> 247, -4, 0.25, 3, -0.5
452 -> 247, -3, 0.25, 2, -1
452 -> 247, -3, 0.25, 3, -1
452 -> 247, -2, 1.25, 5, -0.5
452 -> 247, -3, 0.25, 4, -1
452 -> 247, -5, 0.75, 1, -0.5
453 -> 247, -1, 0.75, 5, -0.5
454 -> 247, -2, 0.75, 4, -1.5
454 -> 247, -5, 1.25, 1, -2
454 -> 247, -2, 0.25, 5, -0.5
455 -> 247, -1, 0.25, 1, -0.5
455 -> 247, -1, 1.25, 2, -0.5
456 -> 247, -4, 0.25, 2, -1
456 -> 247, -4, 0.25, 3, -1
456 -> 247, -4, 0.25, 4, -1
457 -> 247, -4, 0.25, 1, -1.5
457 -> 247, -4, 0.25, 2, -1.5
457 -> 247, -1, 0.75, 1, -2
457 -> 247, -1, 0.25, 4, -1
457 -> 247, -4, 1.25, 5, -1.5
458 -> 247, -2, 1.75, 1, -1.5
458 -> 247, -4, 1.25, 1, -2
458 -> 247, -4, 1.25, 2, -2
458 -> 247, -1, 1.25, 3, -0.5
458 -> 247, -4, 1.25, 3, -2
458 -> 247, -4, 1.25, 5, -2
458 -> 247, -3, 1.25, 2, -0.5
458 -> 247, -4, 1.25, 4, -2
459 -> 247, -1, 0.75, 4, -0.5
459 -> 247, -1, 0.75, 2, -2
459 -> 247, -5, 0.75, 4, -0.5
459 -> 247, -4, 0.25, 4, -1.5
459 -> 247, -1, 1.75, 5, -0.5
460 -> 247, -3, 0.75, 2, -0.5
460 -> 247, -4, 1.75, 2, -1.5
460 -> 247, -3, 0.75, 3, -1
461 -> 247, -1, 1.25, 1, -1.5
461 -> 247, -1, 1.75, 2, -1
461 -> 247, -5, 0.25, 3, -2
461 -> 247, -5, 0.25, 4, -2
461 -> 247, -2, 0.75, 1, -1.5
461 -> 247, -5, 0.25, 5, -2
461 -> 247, -1, 0.25, 3, -1
462 -> 247, -1, 0.75, 2, -1
462 -> 247, -5, 0.25, 2, -1
462 -> 247, -5, 0.25, 1, -1
462 -> 247, -2, 0.25, 3, -1.5
462 -> 247, -1, 0.25, 5, -1
462 -> 247, -1, 0.25, 2, -0.5
463 -> 247, -4, 1.25, 1, -1.5
463 -> 247, -3, 1.75, 4, -1
463 -> 247, -2, 1.75, 5, -0.5
463 -> 247, -4, 0.25, 5, -2
463 -> 247, -3, 0.25, 1, -1.5
463 -> 247, -4, 0.25, 1, -2
463 -> 247, -4, 0.25, 2, -2
463 -> 247, -4, 0.25, 4, -2
463 -> 247, -4, 0.25, 3, -2
464 -> 247, -2, 1.25, 5, -1.5
464 -> 247, -1, 1.75, 4, -2
464 -> 247, -1, 1.75, 3, -2
464 -> 247, -2, 1.75, 2, -1.5
464 -> 247, -2, 1.25, 4, -2
464 -> 247, -1, 1.75, 5, -2
464 -> 247, -2, 0.25, 1, -1
465 -> 247, -1, 1.25, 5, -2
465 -> 247, -5, 0.75, 1, -1
466 -> 247, -3, 0.25, 5, -1.5
467 -> 247, -5, 0.25, 1, -2
467 -> 247, -5, 0.25, 2, -2
467 -> 247, -5, 0.75, 5, -0.5
467 -> 247, -5, 0.25, 5, -0.5
468 -> 247, -2, 1.75, 1, -1
469 -> 247, -1, 1.25, 2, -2
469 -> 247, -3, 0.75, 1, -1.5
470 -> 247, -3, 1.75, 3, -2
470 -> 247, -3, 1.75, 2, -2
470 -> 247, -3, 1.75, 5, -2
470 -> 247, -4, 0.25, 2, -0.5
470 -> 247, -2, 0.25, 1, -1.5
470 -> 247, -2, 0.25, 2, -1.5
470 -> 247, -3, 1.75, 4, -2
470 -> 247, -3, 1.75, 1, -2
471 -> 247, -5, 1.75, 5, -0.5
471 -> 247, -2, 1.75, 4, -2
471 -> 247, -5, 0.75, 2, -1.5
471 -> 247, -2, 0.25, 2, -1
473 -> 247, -1, 1.75, 1, -1
473 -> 247, -2, 0.75, 3, -1.5
473 -> 247, -4, 1.25, 2, -1.5
473 -> 247, -3, 1.75, 5, -1
474 -> 247, -4, 0.75, 4, -1
474 -> 247, -4, 0.75, 3, -1
474 -> 247, -4, 0.75, 2, -1
474 -> 247, -1, 0.25, 5, -2
474 -> 247, -4, 0.75, 5, -1
475 -> 247, -2, 0.75, 2, -1.5
475 -> 247, -3, 0.75, 5, -0.5
475 -> 247, -3, 0.75, 4, -0.5
475 -> 247, -4, 0.25, 5, -0.5
475 -> 247, -4, 0.25, 4, -0.5
477 -> 247, -5, 0.75, 5, -2
477 -> 247, -5, 0.75, 4, -2
477 -> 247, -4, 0.75, 1, -2
477 -> 247, -4, 0.75, 2, -2
477 -> 247, -5, 0.75, 3, -2
478 -> 247, -5, 0.25, 4, -0.5
478 -> 247, -5, 0.25, 3, -0.5
480 -> 247, -1, 0.75, 1, -1.5
480 -> 247, -3, 0.25, 2, -2
480 -> 247, -4, 0.25, 3, -1.5
480 -> 247, -1, 0.75, 4, -2
480 -> 247, -2, 0.75, 5, -2
480 -> 247, -2, 0.75, 3, -2
480 -> 247, -3, 0.25, 1, -2
480 -> 247, -1, 0.75, 5, -2
480 -> 247, -2, 0.75, 4, -2
481 -> 247, -5, 0.25, 4, -1
481 -> 247, -5, 0.25, 3, -1
481 -> 247, -5, 0.25, 5, -1
481 -> 247, -2, 1.25, 5, -2
481 -> 247, -2, 0.25, 5, -1.5
482 -> 247, -4, 0.75, 1, -1
482 -> 247, -4, 0.75, 2, -1.5
483 -> 247, -3, 0.75, 4, -1.5
483 -> 247, -3, 0.75, 3, -1.5
483 -> 247, -3, 1.75, 5, -1.5
484 -> 247, -1, 1.75, 5, -1
485 -> 247, -3, 0.75, 2, -2
487 -> 247, -3, 0.75, 1, -2
487 -> 247, -2, 0.25, 4, -1
487 -> 247, -5, 1.25, 1, -1
487 -> 247, -2, 0.25, 3, -1
487 -> 247, -2, 0.25, 5, -1
488 -> 247, -5, 1.75, 2, -2
488 -> 247, -5, 1.75, 4, -2
488 -> 247, -5, 1.75, 3, -2
488 -> 247, -5, 1.75, 1, -2
488 -> 247, -5, 1.75, 5, -2
488 -> 247, -4, 1.75, 3, -0.5
491 -> 247, -5, 1.75, 4, -1.5
492 -> 247, -2, 0.25, 5, -2
492 -> 247, -2, 0.25, 3, -2
492 -> 247, -2, 0.25, 4, -2
493 -> 247, -5, 1.75, 3, -1.5
493 -> 247, -2, 0.75, 1, -2
493 -> 247, -5, 1.75, 3, -0.5
493 -> 247, -2, 0.75, 2, -2
493 -> 247, -1, 0.25, 4, -1.5
493 -> 247, -5, 1.75, 2, -0.5
493 -> 247, -1, 0.25, 5, -1.5
493 -> 247, -5, 1.75, 2, -1.5
494 -> 247, -2, 0.25, 1, -2
494 -> 247, -3, 0.25, 1, -0.5
494 -> 247, -3, 0.25, 3, -0.5
494 -> 247, -3, 0.25, 2, -0.5
494 -> 247, -2, 0.25, 2, -2
496 -> 247, -2, 0.25, 4, -1.5
500 -> 247, -3, 1.75, 3, -0.5
502 -> 247, -4, 1.25, 4, -0.5
504 -> 247, -4, 1.75, 1, -2
504 -> 247, -2, 0.75, 5, -1.5
504 -> 247, -4, 1.75, 2, -2
504 -> 247, -4, 1.75, 3, -2
504 -> 247, -4, 1.75, 4, -2
504 -> 247, -4, 1.75, 5, -2
505 -> 247, -3, 0.25, 4, -0.5
505 -> 247, -3, 0.25, 5, -0.5
507 -> 247, -5, 0.75, 3, -1.5
507 -> 247, -5, 0.75, 4, -1.5
507 -> 247, -5, 0.75, 5, -1.5
508 -> 247, -5, 1.25, 5, -0.5
510 -> 247, -3, 1.75, 5, -0.5
510 -> 247, -4, 1.25, 4, -1.5
510 -> 247, -4, 1.25, 3, -1.5
510 -> 247, -3, 1.75, 4, -0.5
513 -> 247, -1, 0.25, 3, -2
515 -> 247, -1, 0.25, 1, -1
515 -> 247, -1, 0.25, 2, -1
516 -> 247, -4, 0.75, 4, -2
516 -> 247, -4, 0.75, 3, -2
516 -> 247, -4, 0.75, 5, -2
522 -> 247, -4, 1.25, 2, -1
522 -> 247, -5, 1.25, 5, -1
522 -> 247, -4, 1.25, 5, -1
522 -> 247, -4, 1.25, 1, -1
522 -> 247, -4, 1.25, 4, -1
522 -> 247, -4, 1.25, 3, -1
542 -> 247, -3, 1.25, 5, -0.5
559 -> 247, -5, 0.25, 1, -0.5
561 -> 247, -3, 1.25, 3, -0.5
561 -> 247, -3, 1.25, 4, -0.5
564 -> 247, -5, 1.75, 2, -1
564 -> 247, -5, 1.75, 1, -1
600 -> 247, -4, 0.75, 3, -0.5
606 -> 247, -4, 0.25, 1, -0.5
653 -> 247, -5, 1.75, 1, -0.5
660 -> 247, -5, 1.25, 4, -0.5
672 -> 247, -5, 0.25, 2, -0.5
