359 -> 433, -4, 1.25, 2, -1
368 -> 433, -2, 1.75, 5, -1
384 -> 433, -4, 1.25, 4, -0.5
386 -> 433, -3, 1.75, 4, -2
386 -> 433, -3, 1.75, 5, -2
392 -> 433, -2, 1.75, 4, -2
392 -> 433, -2, 1.75, 3, -2
395 -> 433, -3, 1.75, 5, -1.5
395 -> 433, -3, 1.75, 4, -1.5
399 -> 433, -4, 1.25, 1, -1
402 -> 433, -2, 1.75, 1, -2
402 -> 433, -2, 1.25, 1, -2
403 -> 433, -2, 1.25, 3, -0.5
403 -> 433, -3, 0.75, 2, -0.5
405 -> 433, -1, 1.75, 2, -1
405 -> 433, -1, 0.75, 5, -2
407 -> 433, -4, 1.25, 5, -1
407 -> 433, -3, 0.75, 1, -0.5
407 -> 433, -1, 0.75, 5, -0.5
407 -> 433, -1, 0.75, 4, -0.5
408 -> 433, -1, 0.75, 5, -1.5
408 -> 433, -1, 0.75, 4, -1.5
408 -> 433, -2, 1.75, 1, -1
408 -> 433, -1, 0.75, 3, -0.5
410 -> 433, -1, 0.75, 1, -2
412 -> 433, -5, 1.25, 5, -1.5
413 -> 433, -1, 1.75, 4, -0.5
413 -> 433, -1, 1.75, 5, -0.5
413 -> 433, -3, 1.75, 2, -2
414 -> 433, -2, 1.75, 4, -1
415 -> 433, -2, 1.75, 1, -1.5
417 -> 433, -1, 0.75, 2, -1.5
417 -> 433, -4, 1.25, 3, -1
417 -> 433, -1, 0.75, 3, -1.5
418 -> 433, -2, 1.75, 4, -1.5
418 -> 433, -3, 0.75, 5, -1
418 -> 433, -3, 0.75, 4, -1
419 -> 433, -2, 0.75, 4, -0.5
420 -> 433, -1, 1.25, 5, -1
420 -> 433, -2, 1.75, 2, -2
420 -> 433, -1, 1.75, 3, -1
421 -> 433, -1, 0.75, 1, -1.5
421 -> 433, -1, 1.75, 1, -2
421 -> 433, -2, 1.75, 2, -1.5
421 -> 433, -3, 0.25, 4, -1.5
421 -> 433, -2, 1.25, 1, -0.5
421 -> 433, -1, 1.75, 2, -2
422 -> 433, -1, 0.75, 2, -0.5
423 -> 433, -3, 0.25, 5, -1.5
423 -> 433, -2, 1.25, 2, -2
424 -> 433, -3, 1.75, 3, -2
424 -> 433, -5, 1.25, 1, -1
427 -> 433, -3, 1.75, 1, -1
429 -> 433, -2, 1.25, 3, -2
429 -> 433, -2, 1.25, 4, -2
429 -> 433, -2, 1.75, 5, -0.5
429 -> 433, -2, 1.25, 5, -2
430 -> 433, -2, 1.25, 5, -0.5
430 -> 433, -2, 1.25, 4, -1.5
430 -> 433, -2, 1.25, 5, -1.5
430 -> 433, -3, 1.75, 5, -0.5
430 -> 433, -2, 1.25, 4, -0.5
431 -> 433, -2, 1.25, 3, -1.5
431 -> 433, -1, 1.25, 1, -1.5
431 -> 433, -3, 1.75, 5, -1
431 -> 433, -2, 1.25, 1, -1.5
431 -> 433, -2, 1.25, 2, -1.5
432 -> 433, -3, 0.25, 5, -0.5
432 -> 433, -3, 1.75, 1, -2
432 -> 433, -1, 1.75, 5, -1.5
432 -> 433, -4, 1.75, 1, -1
432 -> 433, -3, 0.25, 4, -0.5
432 -> 433, -2, 1.75, 5, -2
432 -> 433, -3, 0.25, 3, -0.5
432 -> 433, -4, 1.75, 2, -1
433 -> 433, -1, 1.25, 5, -2
433 -> 433, -3, 0.75, 4, -2
433 -> 433, -3, 0.75, 3, -2
433 -> 433, -1, 0.75, 1, -0.5
433 -> 433, -1, 1.25, 2, -1.5
433 -> 433, -1, 1.25, 3, -1.5
434 -> 433, -4, 0.25, 3, -0.5
434 -> 433, -4, 0.25, 2, -0.5
435 -> 433, -2, 1.25, 3, -1
435 -> 433, -4, 1.25, 4, -1
435 -> 433, -1, 1.25, 4, -1.5
438 -> 433, -3, 0.75, 5, -0.5
438 -> 433, -1, 1.75, 4, -2
438 -> 433, -1, 1.75, 3, -2
439 -> 433, -1, 1.75, 4, -1
440 -> 433, -2, 1.25, 2, -1
441 -> 433, -2, 0.25, 2, -1.5
441 -> 433, -2, 0.25, 1, -1.5
441 -> 433, -3, 1.75, 2, -1
441 -> 433, -2, 0.25, 4, -1.5
441 -> 433, -3, 1.75, 3, -1
441 -> 433, -3, 1.75, 4, -1
441 -> 433, -2, 0.25, 3, -1.5
441 -> 433, -2, 0.25, 5, -1.5
442 -> 433, -3, 1.25, 3, -1.5
442 -> 433, -2, 0.75, 3, -0.5
443 -> 433, -1, 0.25, 3, -0.5
443 -> 433, -1, 0.25, 4, -0.5
443 -> 433, -2, 0.75, 1, -0.5
444 -> 433, -4, 0.75, 5, -0.5
444 -> 433, -3, 1.25, 2, -1.5
444 -> 433, -3, 0.75, 1, -1
444 -> 433, -1, 1.75, 1, -0.5
444 -> 433, -3, 0.75, 3, -1
444 -> 433, -3, 0.75, 2, -1
444 -> 433, -1, 1.75, 2, -0.5
445 -> 433, -2, 1.75, 2, -1
445 -> 433, -3, 1.75, 4, -0.5
445 -> 433, -2, 0.75, 2, -2
445 -> 433, -2, 0.75, 1, -2
445 -> 433, -1, 1.75, 3, -0.5
446 -> 433, -3, 1.25, 5, -1.5
446 -> 433, -3, 0.75, 5, -1.5
446 -> 433, -1, 0.25, 2, -0.5
447 -> 433, -1, 1.75, 2, -1.5
447 -> 433, -1, 1.75, 4, -1.5
447 -> 433, -3, 0.25, 3, -2
447 -> 433, -1, 1.75, 3, -1.5
447 -> 433, -3, 0.25, 2, -2
447 -> 433, -1, 0.25, 1, -2
447 -> 433, -1, 0.75, 3, -1
447 -> 433, -1, 0.25, 3, -2
447 -> 433, -1, 0.75, 4, -1
447 -> 433, -2, 1.25, 1, -1
447 -> 433, -3, 0.25, 1, -2
447 -> 433, -1, 0.25, 4, -2
447 -> 433, -1, 0.25, 2, -2
447 -> 433, -2, 1.25, 2, -0.5
448 -> 433, -1, 0.25, 1, -1
448 -> 433, -1, 0.75, 4, -2
448 -> 433, -1, 0.25, 2, -1
449 -> 433, -3, 1.25, 5, -0.5
449 -> 433, -3, 1.25, 4, -0.5
450 -> 433, -2, 1.75, 3, -0.5
450 -> 433, -2, 1.75, 2, -0.5
450 -> 433, -3, 1.25, 3, -1
450 -> 433, -1, 1.25, 1, -1
450 -> 433, -3, 1.25, 4, -1
450 -> 433, -3, 1.25, 4, -1.5
450 -> 433, -3, 1.25, 5, -1
450 -> 433, -2, 1.75, 1, -0.5
451 -> 433, -1, 0.75, 3, -2
451 -> 433, -1, 0.75, 2, -2
451 -> 433, -3, 0.25, 3, -1.5
451 -> 433, -3, 0.25, 2, -1.5
452 -> 433, -2, 0.25, 5, -1
452 -> 433, -3, 1.75, 3, -1.5
453 -> 433, -3, 1.25, 1, -1.5
453 -> 433, -3, 0.75, 5, -2
453 -> 433, -1, 0.25, 3, -1
453 -> 433, -1, 0.25, 5, -0.5
453 -> 433, -1, 1.75, 5, -1
453 -> 433, -1, 0.25, 4, -1
454 -> 433, -4, 1.25, 5, -0.5
454 -> 433, -2, 0.25, 4, -1
454 -> 433, -2, 0.25, 3, -1
456 -> 433, -1, 0.75, 1, -1
456 -> 433, -2, 0.25, 2, -1
456 -> 433, -1, 1.75, 1, -1
457 -> 433, -1, 0.75, 2, -1
457 -> 433, -2, 0.75, 5, -0.5
457 -> 433, -4, 1.25, 3, -0.5
457 -> 433, -4, 1.75, 2, -0.5
457 -> 433, -4, 1.75, 3, -0.5
458 -> 433, -5, 1.75, 2, -1
458 -> 433, -1, 1.25, 2, -0.5
458 -> 433, -5, 1.75, 3, -1
458 -> 433, -2, 1.25, 4, -1
458 -> 433, -2, 1.25, 5, -1
458 -> 433, -1, 1.75, 5, -2
458 -> 433, -5, 1.75, 4, -1
458 -> 433, -3, 1.25, 3, -0.5
458 -> 433, -1, 1.25, 3, -0.5
459 -> 433, -5, 1.75, 1, -2
459 -> 433, -5, 1.75, 2, -2
459 -> 433, -5, 1.75, 4, -2
459 -> 433, -5, 1.75, 5, -0.5
459 -> 433, -5, 1.75, 3, -2
459 -> 433, -5, 1.75, 5, -2
459 -> 433, -1, 1.25, 4, -2
460 -> 433, -1, 0.25, 5, -2
460 -> 433, -2, 1.75, 3, -1
461 -> 433, -1, 1.25, 1, -2
461 -> 433, -1, 1.25, 2, -1
461 -> 433, -1, 1.25, 2, -2
461 -> 433, -1, 1.25, 3, -1
461 -> 433, -1, 1.25, 3, -2
461 -> 433, -1, 1.25, 4, -1
462 -> 433, -3, 0.75, 1, -1.5
462 -> 433, -1, 0.25, 1, -0.5
462 -> 433, -3, 0.75, 2, -1.5
462 -> 433, -3, 0.75, 4, -1.5
462 -> 433, -3, 0.75, 3, -1.5
463 -> 433, -3, 1.75, 3, -0.5
463 -> 433, -2, 0.75, 3, -1.5
463 -> 433, -2, 0.75, 1, -1
463 -> 433, -2, 0.75, 2, -1
464 -> 433, -2, 1.75, 3, -1.5
464 -> 433, -5, 0.25, 4, -1.5
464 -> 433, -5, 0.25, 3, -1.5
464 -> 433, -5, 0.25, 5, -1.5
465 -> 433, -3, 1.75, 2, -0.5
465 -> 433, -2, 0.75, 3, -2
465 -> 433, -2, 0.75, 4, -2
466 -> 433, -2, 0.75, 2, -1.5
466 -> 433, -2, 0.75, 3, -1
466 -> 433, -2, 0.75, 5, -1
466 -> 433, -2, 0.75, 4, -1
466 -> 433, -3, 0.25, 1, -1.5
466 -> 433, -2, 1.75, 4, -0.5
466 -> 433, -4, 1.75, 1, -0.5
466 -> 433, -1, 0.75, 5, -1
467 -> 433, -5, 0.25, 2, -1.5
467 -> 433, -5, 0.25, 1, -1.5
467 -> 433, -5, 1.75, 4, -0.5
468 -> 433, -1, 0.25, 5, -1.5
468 -> 433, -3, 0.25, 2, -0.5
469 -> 433, -1, 1.25, 5, -1.5
469 -> 433, -2, 0.75, 2, -0.5
471 -> 433, -3, 0.75, 2, -2
472 -> 433, -5, 1.75, 5, -1
474 -> 433, -3, 1.75, 1, -0.5
475 -> 433, -2, 0.25, 1, -1
479 -> 433, -2, 0.75, 1, -1.5
480 -> 433, -4, 0.25, 4, -2
480 -> 433, -4, 1.25, 1, -0.5
480 -> 433, -4, 1.25, 2, -0.5
480 -> 433, -1, 0.25, 1, -1.5
480 -> 433, -3, 0.25, 1, -0.5
480 -> 433, -4, 0.25, 5, -2
482 -> 433, -3, 1.25, 1, -1
482 -> 433, -5, 0.25, 3, -1
482 -> 433, -5, 0.25, 2, -1
482 -> 433, -3, 1.25, 2, -1
482 -> 433, -4, 0.25, 1, -0.5
482 -> 433, -5, 0.25, 4, -1
482 -> 433, -3, 0.75, 1, -2
482 -> 433, -5, 0.25, 5, -1
482 -> 433, -3, 1.25, 1, -0.5
482 -> 433, -5, 0.25, 1, -1
483 -> 433, -4, 0.75, 3, -2
483 -> 433, -4, 0.75, 2, -2
483 -> 433, -4, 0.75, 4, -2
483 -> 433, -4, 0.75, 1, -2
483 -> 433, -4, 0.75, 5, -2
484 -> 433, -4, 0.75, 1, -1
484 -> 433, -1, 1.25, 5, -0.5
484 -> 433, -1, 1.25, 4, -0.5
485 -> 433, -4, 0.25, 1, -1
485 -> 433, -4, 0.25, 4, -0.5
485 -> 433, -4, 0.25, 5, -0.5
485 -> 433, -5, 1.25, 5, -1
488 -> 433, -4, 0.25, 2, -2
489 -> 433, -2, 1.75, 5, -1.5
490 -> 433, -5, 1.25, 4, -1
490 -> 433, -5, 1.25, 2, -1
490 -> 433, -5, 1.25, 3, -1
492 -> 433, -2, 0.25, 1, -0.5
492 -> 433, -3, 0.75, 3, -0.5
495 -> 433, -3, 1.75, 1, -1.5
495 -> 433, -5, 1.25, 4, -1.5
495 -> 433, -5, 1.25, 1, -1.5
495 -> 433, -5, 1.25, 2, -1.5
495 -> 433, -3, 1.75, 2, -1.5
495 -> 433, -5, 1.25, 3, -1.5
496 -> 433, -2, 0.75, 5, -2
498 -> 433, -4, 0.25, 1, -2
501 -> 433, -5, 0.75, 5, -1.5
501 -> 433, -5, 0.75, 4, -1.5
501 -> 433, -4, 1.75, 3, -1
501 -> 433, -4, 1.75, 4, -1
501 -> 433, -4, 1.75, 5, -1
502 -> 433, -2, 0.75, 4, -1.5
502 -> 433, -2, 0.75, 5, -1.5
503 -> 433, -1, 0.25, 4, -1.5
503 -> 433, -1, 0.25, 3, -1.5
503 -> 433, -1, 0.25, 2, -1.5
504 -> 433, -5, 0.75, 4, -1
505 -> 433, -4, 0.75, 4, -0.5
505 -> 433, -4, 0.75, 3, -0.5
506 -> 433, -4, 0.75, 1, -0.5
506 -> 433, -4, 0.75, 2, -0.5
507 -> 433, -3, 0.75, 4, -0.5
507 -> 433, -3, 0.25, 4, -2
508 -> 433, -5, 1.25, 5, -2
508 -> 433, -4, 0.25, 3, -1
508 -> 433, -5, 1.25, 4, -2
508 -> 433, -5, 1.25, 3, -2
508 -> 433, -4, 0.25, 2, -1
508 -> 433, -5, 1.25, 2, -2
508 -> 433, -4, 0.25, 4, -1
508 -> 433, -4, 0.25, 5, -1
508 -> 433, -5, 1.25, 1, -2
510 -> 433, -5, 0.75, 5, -1
511 -> 433, -2, 0.25, 4, -2
511 -> 433, -2, 0.25, 2, -2
511 -> 433, -2, 0.25, 1, -2
511 -> 433, -2, 0.25, 5, -2
511 -> 433, -2, 0.25, 3, -2
515 -> 433, -3, 0.25, 3, -1
515 -> 433, -3, 0.25, 5, -1
515 -> 433, -3, 0.25, 2, -1
515 -> 433, -3, 0.25, 4, -1
516 -> 433, -4, 1.25, 1, -2
516 -> 433, -4, 1.25, 2, -2
516 -> 433, -4, 1.25, 4, -2
516 -> 433, -4, 1.25, 3, -2
516 -> 433, -3, 0.25, 1, -1
516 -> 433, -4, 1.25, 5, -2
517 -> 433, -5, 1.75, 1, -1
518 -> 433, -4, 0.25, 4, -1.5
518 -> 433, -4, 0.25, 5, -1.5
518 -> 433, -4, 0.25, 1, -1.5
518 -> 433, -4, 0.25, 2, -1.5
518 -> 433, -4, 0.25, 3, -1.5
520 -> 433, -3, 0.25, 5, -2
520 -> 433, -3, 1.25, 2, -0.5
521 -> 433, -1, 1.25, 1, -0.5
521 -> 433, -4, 1.75, 4, -2
521 -> 433, -1, 0.25, 5, -1
521 -> 433, -4, 1.75, 5, -2
521 -> 433, -4, 1.75, 3, -2
524 -> 433, -4, 0.25, 3, -2
524 -> 433, -4, 1.75, 4, -0.5
524 -> 433, -4, 1.75, 5, -0.5
524 -> 433, -1, 1.75, 1, -1.5
525 -> 433, -5, 1.75, 2, -0.5
527 -> 433, -5, 1.75, 3, -0.5
528 -> 433, -4, 1.75, 1, -2
528 -> 433, -5, 0.25, 1, -2
528 -> 433, -4, 1.75, 2, -2
530 -> 433, -2, 0.25, 3, -0.5
530 -> 433, -2, 0.25, 2, -0.5
530 -> 433, -2, 0.25, 5, -0.5
530 -> 433, -2, 0.25, 4, -0.5
532 -> 433, -4, 0.75, 3, -1
532 -> 433, -5, 0.75, 3, -1
532 -> 433, -5, 0.75, 2, -1
532 -> 433, -4, 0.75, 4, -1
532 -> 433, -4, 0.75, 2, -1
532 -> 433, -5, 0.75, 1, -1
535 -> 433, -4, 1.25, 1, -1.5
535 -> 433, -4, 1.25, 2, -1.5
535 -> 433, -4, 1.25, 4, -1.5
535 -> 433, -4, 1.25, 5, -1.5
535 -> 433, -4, 1.25, 3, -1.5
548 -> 433, -5, 0.25, 4, -2
548 -> 433, -3, 1.25, 2, -2
548 -> 433, -3, 1.25, 3, -2
548 -> 433, -5, 0.25, 2, -2
548 -> 433, -5, 0.25, 3, -2
548 -> 433, -3, 1.25, 5, -2
548 -> 433, -5, 0.75, 5, -2
548 -> 433, -3, 1.25, 4, -2
548 -> 433, -5, 0.75, 4, -2
548 -> 433, -5, 0.25, 5, -2
548 -> 433, -3, 1.25, 1, -2
548 -> 433, -5, 0.75, 3, -2
557 -> 433, -4, 0.75, 5, -1
562 -> 433, -5, 0.75, 3, -1.5
562 -> 433, -5, 0.75, 2, -1.5
562 -> 433, -5, 0.75, 1, -1.5
573 -> 433, -5, 0.75, 2, -2
573 -> 433, -5, 0.75, 1, -2
592 -> 433, -5, 1.75, 1, -0.5
593 -> 433, -5, 1.75, 5, -1.5
605 -> 433, -4, 1.75, 4, -1.5
605 -> 433, -5, 1.25, 5, -0.5
605 -> 433, -4, 1.75, 5, -1.5
605 -> 433, -4, 1.75, 3, -1.5
605 -> 433, -4, 1.75, 1, -1.5
605 -> 433, -4, 1.75, 2, -1.5
606 -> 433, -5, 1.25, 2, -0.5
606 -> 433, -5, 1.25, 1, -0.5
609 -> 433, -5, 1.75, 1, -1.5
609 -> 433, -5, 1.75, 3, -1.5
609 -> 433, -5, 1.75, 4, -1.5
609 -> 433, -5, 1.75, 2, -1.5
651 -> 433, -5, 1.25, 3, -0.5
651 -> 433, -5, 1.25, 4, -0.5
652 -> 433, -4, 0.75, 1, -1.5
652 -> 433, -4, 0.75, 2, -1.5
652 -> 433, -4, 0.75, 3, -1.5
652 -> 433, -4, 0.75, 4, -1.5
652 -> 433, -4, 0.75, 5, -1.5
737 -> 433, -5, 0.75, 4, -0.5
737 -> 433, -5, 0.75, 5, -0.5
737 -> 433, -5, 0.75, 3, -0.5
737 -> 433, -5, 0.75, 2, -0.5
737 -> 433, -5, 0.75, 1, -0.5
755 -> 433, -5, 0.25, 2, -0.5
755 -> 433, -5, 0.25, 4, -0.5
755 -> 433, -5, 0.25, 5, -0.5
755 -> 433, -5, 0.25, 1, -0.5
755 -> 433, -5, 0.25, 3, -0.5
