360 -> 408, -3, 1.75, 3, -0.5
369 -> 408, -3, 1.25, 3, -0.5
371 -> 408, -3, 1.25, 2, -0.5
372 -> 408, -4, 1.25, 1, -0.5
376 -> 408, -5, 1.25, 5, -1.5
382 -> 408, -4, 0.75, 3, -0.5
388 -> 408, -2, 1.75, 3, -0.5
388 -> 408, -1, 1.75, 1, -1
393 -> 408, -3, 1.25, 5, -0.5
393 -> 408, -4, 0.25, 1, -0.5
394 -> 408, -1, 1.25, 2, -2
395 -> 408, -3, 1.75, 1, -0.5
395 -> 408, -1, 0.75, 3, -0.5
395 -> 408, -1, 0.75, 2, -0.5
397 -> 408, -3, 1.25, 4, -0.5
398 -> 408, -4, 0.75, 5, -1
399 -> 408, -5, 1.25, 2, -1
399 -> 408, -5, 0.75, 1, -0.5
403 -> 408, -4, 0.75, 2, -0.5
404 -> 408, -3, 1.25, 2, -1
404 -> 408, -4, 0.25, 3, -0.5
405 -> 408, -2, 1.75, 4, -2
405 -> 408, -4, 1.75, 2, -0.5
405 -> 408, -4, 1.75, 3, -2
405 -> 408, -2, 1.75, 3, -2
405 -> 408, -4, 1.75, 2, -2
406 -> 408, -3, 1.25, 3, -1
406 -> 408, -3, 1.25, 4, -1
406 -> 408, -3, 1.25, 5, -1
407 -> 408, -3, 1.75, 2, -0.5
407 -> 408, -4, 1.75, 2, -1
407 -> 408, -3, 1.25, 4, -2
407 -> 408, -3, 1.25, 3, -2
407 -> 408, -3, 1.25, 1, -2
407 -> 408, -3, 1.25, 2, -2
408 -> 408, -2, 1.25, 3, -1.5
408 -> 408, -1, 1.25, 4, -2
408 -> 408, -1, 1.25, 5, -2
408 -> 408, -5, 1.25, 5, -1
408 -> 408, -1, 1.25, 3, -2
408 -> 408, -2, 1.25, 4, -1.5
409 -> 408, -5, 1.25, 4, -1
409 -> 408, -5, 1.25, 3, -1
411 -> 408, -2, 1.25, 5, -1.5
412 -> 408, -3, 1.75, 5, -1
413 -> 408, -2, 1.25, 2, -0.5
413 -> 408, -5, 1.25, 4, -1.5
413 -> 408, -2, 1.75, 5, -0.5
413 -> 408, -5, 1.25, 3, -1.5
413 -> 408, -5, 1.25, 2, -1.5
414 -> 408, -5, 1.25, 1, -1.5
414 -> 408, -1, 1.75, 3, -1
415 -> 408, -5, 0.75, 5, -0.5
415 -> 408, -5, 0.75, 4, -0.5
415 -> 408, -5, 0.75, 3, -0.5
416 -> 408, -4, 0.75, 5, -0.5
416 -> 408, -4, 1.25, 4, -1
417 -> 408, -4, 0.75, 1, -0.5
417 -> 408, -1, 1.25, 1, -2
418 -> 408, -2, 1.75, 4, -0.5
418 -> 408, -4, 0.75, 3, -1
418 -> 408, -3, 0.75, 4, -1
418 -> 408, -3, 0.75, 5, -1
418 -> 408, -4, 0.75, 4, -1
418 -> 408, -5, 0.25, 2, -1.5
419 -> 408, -4, 1.25, 1, -1
419 -> 408, -5, 1.25, 1, -1
419 -> 408, -4, 0.25, 1, -1
419 -> 408, -3, 1.25, 1, -1
420 -> 408, -2, 1.75, 5, -1
420 -> 408, -5, 0.75, 1, -1
420 -> 408, -3, 1.75, 4, -0.5
420 -> 408, -3, 1.75, 5, -0.5
421 -> 408, -2, 1.75, 5, -2
421 -> 408, -3, 1.75, 3, -1.5
421 -> 408, -2, 1.75, 1, -1
421 -> 408, -3, 1.75, 1, -1.5
421 -> 408, -3, 1.75, 2, -1.5
422 -> 408, -1, 1.75, 4, -2
422 -> 408, -4, 0.75, 1, -1
422 -> 408, -1, 1.75, 5, -2
422 -> 408, -1, 1.75, 3, -2
422 -> 408, -4, 1.75, 1, -2
423 -> 408, -4, 0.75, 2, -1
423 -> 408, -4, 1.25, 2, -0.5
423 -> 408, -1, 0.75, 3, -1
424 -> 408, -5, 1.75, 4, -1.5
424 -> 408, -5, 1.75, 5, -1.5
424 -> 408, -5, 1.75, 3, -1.5
425 -> 408, -4, 1.25, 4, -0.5
427 -> 408, -3, 0.75, 2, -0.5
427 -> 408, -3, 0.75, 1, -0.5
427 -> 408, -3, 0.75, 3, -0.5
427 -> 408, -2, 1.75, 1, -2
427 -> 408, -5, 1.75, 2, -1.5
427 -> 408, -5, 1.75, 1, -1.5
429 -> 408, -1, 1.75, 3, -1.5
429 -> 408, -2, 1.75, 1, -0.5
429 -> 408, -5, 0.25, 5, -0.5
429 -> 408, -5, 0.25, 4, -0.5
429 -> 408, -5, 1.75, 4, -0.5
429 -> 408, -1, 1.75, 4, -1.5
429 -> 408, -4, 1.75, 1, -0.5
429 -> 408, -5, 1.75, 5, -0.5
429 -> 408, -1, 1.75, 5, -1.5
430 -> 408, -2, 0.75, 2, -0.5
430 -> 408, -2, 0.75, 1, -0.5
431 -> 408, -3, 0.25, 2, -1
431 -> 408, -3, 0.25, 3, -1
431 -> 408, -3, 0.25, 4, -1
431 -> 408, -3, 0.25, 5, -1
431 -> 408, -1, 1.25, 2, -1.5
431 -> 408, -1, 1.25, 3, -1.5
431 -> 408, -2, 0.75, 5, -0.5
431 -> 408, -2, 1.75, 2, -2
431 -> 408, -2, 0.75, 4, -0.5
431 -> 408, -1, 1.25, 4, -1.5
432 -> 408, -5, 0.75, 4, -1
432 -> 408, -4, 1.75, 3, -1
432 -> 408, -4, 1.75, 4, -1
432 -> 408, -1, 0.75, 1, -1
432 -> 408, -5, 0.75, 2, -1
432 -> 408, -5, 0.75, 3, -1
433 -> 408, -4, 1.25, 5, -0.5
433 -> 408, -4, 0.25, 2, -0.5
434 -> 408, -2, 0.75, 3, -2
434 -> 408, -4, 1.25, 2, -1
434 -> 408, -2, 0.75, 1, -2
434 -> 408, -2, 1.75, 3, -1.5
434 -> 408, -3, 1.75, 4, -1
434 -> 408, -2, 0.75, 2, -2
435 -> 408, -4, 0.75, 2, -1.5
435 -> 408, -4, 0.75, 4, -1.5
435 -> 408, -4, 0.75, 3, -1.5
436 -> 408, -4, 0.25, 4, -1.5
436 -> 408, -4, 0.25, 3, -1.5
436 -> 408, -4, 0.25, 5, -1
436 -> 408, -2, 0.75, 4, -1.5
436 -> 408, -4, 0.25, 4, -1
437 -> 408, -1, 1.75, 5, -0.5
438 -> 408, -4, 1.25, 4, -2
438 -> 408, -4, 1.25, 5, -2
438 -> 408, -4, 1.75, 4, -0.5
438 -> 408, -4, 1.25, 3, -1
439 -> 408, -1, 1.25, 5, -1.5
439 -> 408, -5, 0.75, 2, -0.5
439 -> 408, -1, 0.75, 4, -1
439 -> 408, -4, 0.75, 4, -0.5
440 -> 408, -1, 0.75, 1, -2
440 -> 408, -3, 1.75, 4, -1.5
440 -> 408, -1, 0.75, 4, -2
440 -> 408, -1, 0.75, 3, -2
440 -> 408, -3, 1.75, 5, -1.5
441 -> 408, -4, 1.25, 3, -0.5
441 -> 408, -3, 0.75, 1, -1
441 -> 408, -2, 0.75, 2, -1
442 -> 408, -1, 1.75, 4, -1
442 -> 408, -1, 1.75, 5, -1
443 -> 408, -2, 1.25, 4, -2
443 -> 408, -2, 1.25, 5, -2
443 -> 408, -2, 1.25, 1, -2
443 -> 408, -2, 1.25, 3, -2
443 -> 408, -2, 1.25, 2, -2
444 -> 408, -1, 1.75, 1, -0.5
444 -> 408, -3, 1.75, 3, -1
445 -> 408, -2, 1.75, 2, -0.5
445 -> 408, -1, 1.75, 2, -1
446 -> 408, -2, 1.25, 3, -0.5
446 -> 408, -5, 0.25, 5, -1
446 -> 408, -1, 0.75, 4, -0.5
446 -> 408, -1, 1.25, 2, -1
447 -> 408, -1, 0.75, 1, -0.5
447 -> 408, -5, 0.25, 1, -0.5
448 -> 408, -4, 0.25, 2, -1
448 -> 408, -1, 1.75, 2, -2
448 -> 408, -4, 0.25, 3, -1
448 -> 408, -4, 0.25, 5, -1.5
450 -> 408, -1, 1.25, 5, -0.5
450 -> 408, -2, 0.75, 3, -0.5
450 -> 408, -2, 0.75, 5, -1.5
450 -> 408, -3, 0.75, 4, -0.5
450 -> 408, -3, 0.75, 5, -0.5
451 -> 408, -2, 1.25, 2, -1
451 -> 408, -2, 1.25, 1, -1
451 -> 408, -2, 0.25, 3, -1.5
452 -> 408, -4, 0.25, 4, -0.5
452 -> 408, -3, 0.25, 2, -0.5
453 -> 408, -1, 1.75, 2, -1.5
453 -> 408, -1, 1.25, 3, -0.5
453 -> 408, -2, 0.75, 3, -1
453 -> 408, -1, 0.25, 4, -1.5
453 -> 408, -1, 1.25, 1, -1.5
453 -> 408, -1, 1.25, 4, -0.5
453 -> 408, -2, 0.25, 5, -1
453 -> 408, -1, 0.25, 3, -1.5
454 -> 408, -4, 0.25, 5, -0.5
454 -> 408, -2, 1.25, 1, -0.5
454 -> 408, -1, 1.75, 1, -1.5
454 -> 408, -1, 1.75, 1, -2
455 -> 408, -2, 0.25, 1, -0.5
455 -> 408, -4, 1.25, 5, -1
455 -> 408, -1, 0.75, 5, -1
456 -> 408, -2, 0.75, 3, -1.5
456 -> 408, -2, 0.75, 1, -1.5
456 -> 408, -3, 0.25, 2, -1.5
456 -> 408, -5, 1.75, 2, -2
456 -> 408, -1, 0.75, 2, -1
456 -> 408, -3, 0.25, 3, -1.5
456 -> 408, -2, 0.75, 2, -1.5
456 -> 408, -3, 0.25, 4, -1.5
456 -> 408, -3, 0.25, 5, -1.5
457 -> 408, -3, 1.75, 2, -2
457 -> 408, -3, 1.75, 4, -2
457 -> 408, -3, 1.75, 3, -2
457 -> 408, -2, 1.25, 5, -1
457 -> 408, -3, 1.75, 5, -2
457 -> 408, -4, 1.75, 1, -1
458 -> 408, -1, 0.75, 2, -2
458 -> 408, -3, 0.25, 1, -1
459 -> 408, -2, 1.25, 2, -1.5
459 -> 408, -2, 1.25, 3, -1
459 -> 408, -1, 0.75, 5, -0.5
459 -> 408, -2, 1.25, 4, -1
459 -> 408, -4, 1.75, 5, -1
459 -> 408, -2, 1.25, 1, -1.5
460 -> 408, -5, 0.25, 5, -1.5
460 -> 408, -1, 0.75, 5, -2
460 -> 408, -5, 0.25, 4, -1.5
460 -> 408, -2, 1.75, 1, -1.5
460 -> 408, -5, 0.25, 3, -1.5
461 -> 408, -4, 1.75, 5, -0.5
461 -> 408, -4, 0.75, 1, -1.5
461 -> 408, -5, 0.75, 1, -2
462 -> 408, -5, 0.25, 2, -2
462 -> 408, -5, 0.25, 1, -2
462 -> 408, -5, 1.75, 3, -2
462 -> 408, -3, 1.25, 3, -1.5
462 -> 408, -5, 1.75, 1, -2
462 -> 408, -2, 0.25, 5, -1.5
463 -> 408, -2, 1.25, 5, -0.5
463 -> 408, -2, 1.25, 4, -0.5
463 -> 408, -2, 0.75, 5, -2
463 -> 408, -5, 0.25, 3, -2
463 -> 408, -4, 0.75, 5, -1.5
463 -> 408, -5, 0.25, 5, -2
463 -> 408, -5, 0.25, 4, -2
464 -> 408, -1, 0.25, 1, -1
464 -> 408, -3, 0.25, 1, -0.5
464 -> 408, -2, 0.25, 2, -0.5
464 -> 408, -1, 0.25, 2, -1
466 -> 408, -1, 0.25, 2, -2
466 -> 408, -1, 0.25, 3, -1
466 -> 408, -1, 0.25, 4, -1
466 -> 408, -1, 0.25, 4, -2
466 -> 408, -1, 0.25, 3, -2
466 -> 408, -1, 0.25, 5, -2
467 -> 408, -3, 0.75, 2, -1
467 -> 408, -4, 0.25, 1, -2
468 -> 408, -2, 0.75, 4, -2
468 -> 408, -5, 1.75, 4, -1
468 -> 408, -5, 1.75, 4, -2
468 -> 408, -1, 0.25, 5, -0.5
468 -> 408, -5, 1.75, 3, -1
468 -> 408, -5, 1.75, 5, -2
468 -> 408, -1, 0.25, 4, -0.5
468 -> 408, -5, 1.75, 5, -1
468 -> 408, -3, 1.25, 1, -0.5
468 -> 408, -3, 0.75, 3, -1
469 -> 408, -1, 0.25, 5, -1
470 -> 408, -3, 0.25, 1, -1.5
471 -> 408, -2, 0.75, 4, -1
472 -> 408, -3, 1.25, 5, -2
473 -> 408, -5, 0.75, 5, -1.5
473 -> 408, -1, 1.25, 1, -1
473 -> 408, -4, 1.25, 2, -2
473 -> 408, -4, 1.25, 1, -2
474 -> 408, -1, 1.25, 2, -0.5
474 -> 408, -4, 1.75, 2, -1.5
474 -> 408, -4, 1.75, 3, -1.5
474 -> 408, -5, 0.75, 3, -1.5
474 -> 408, -4, 1.75, 1, -1.5
474 -> 408, -5, 0.75, 2, -1.5
474 -> 408, -5, 0.75, 1, -1.5
474 -> 408, -5, 0.75, 4, -1.5
475 -> 408, -5, 1.75, 3, -0.5
475 -> 408, -1, 0.25, 3, -0.5
476 -> 408, -3, 1.25, 1, -1.5
477 -> 408, -3, 0.25, 5, -0.5
477 -> 408, -4, 0.25, 2, -2
477 -> 408, -3, 0.25, 4, -0.5
477 -> 408, -3, 0.25, 3, -0.5
478 -> 408, -5, 1.25, 4, -2
478 -> 408, -4, 1.75, 4, -1.5
478 -> 408, -5, 1.25, 3, -2
478 -> 408, -4, 1.75, 5, -1.5
478 -> 408, -5, 1.25, 2, -2
479 -> 408, -2, 1.75, 5, -1.5
479 -> 408, -2, 1.75, 4, -1.5
480 -> 408, -2, 0.25, 2, -2
480 -> 408, -2, 0.25, 4, -1
480 -> 408, -2, 0.25, 3, -2
480 -> 408, -2, 0.25, 3, -1
481 -> 408, -5, 1.25, 5, -2
481 -> 408, -2, 1.75, 4, -1
481 -> 408, -2, 1.75, 3, -1
481 -> 408, -3, 0.75, 5, -1.5
481 -> 408, -1, 0.25, 2, -0.5
481 -> 408, -2, 1.75, 2, -1
481 -> 408, -4, 1.75, 3, -0.5
482 -> 408, -3, 0.25, 1, -2
482 -> 408, -2, 0.75, 5, -1
483 -> 408, -4, 1.25, 3, -2
484 -> 408, -2, 0.25, 2, -1
484 -> 408, -3, 1.75, 2, -1
484 -> 408, -5, 0.25, 2, -0.5
484 -> 408, -2, 0.25, 1, -1
484 -> 408, -3, 1.25, 4, -1.5
484 -> 408, -3, 1.25, 5, -1.5
484 -> 408, -3, 1.75, 1, -1
484 -> 408, -5, 0.75, 5, -2
484 -> 408, -5, 0.75, 4, -2
485 -> 408, -1, 1.75, 3, -0.5
485 -> 408, -5, 0.75, 5, -1
485 -> 408, -1, 1.75, 2, -0.5
486 -> 408, -4, 0.25, 1, -1.5
486 -> 408, -2, 0.25, 1, -2
486 -> 408, -1, 0.25, 1, -1.5
486 -> 408, -1, 0.25, 2, -1.5
487 -> 408, -2, 0.25, 4, -1.5
488 -> 408, -5, 0.75, 2, -2
488 -> 408, -5, 0.75, 3, -2
489 -> 408, -1, 1.25, 3, -1
489 -> 408, -1, 1.25, 4, -1
489 -> 408, -1, 1.25, 5, -1
490 -> 408, -3, 1.25, 2, -1.5
491 -> 408, -2, 1.75, 2, -1.5
491 -> 408, -4, 1.25, 5, -1.5
491 -> 408, -5, 0.25, 4, -1
491 -> 408, -4, 1.25, 4, -1.5
491 -> 408, -5, 0.25, 3, -1
492 -> 408, -1, 1.25, 1, -0.5
492 -> 408, -3, 1.75, 1, -2
493 -> 408, -1, 1.75, 4, -0.5
494 -> 408, -1, 0.25, 5, -1.5
495 -> 408, -1, 0.25, 1, -0.5
495 -> 408, -3, 0.75, 2, -1.5
495 -> 408, -5, 0.25, 1, -1
495 -> 408, -3, 0.75, 4, -1.5
495 -> 408, -3, 0.75, 3, -1.5
495 -> 408, -3, 0.75, 1, -1.5
497 -> 408, -2, 0.25, 4, -2
497 -> 408, -2, 0.25, 5, -2
498 -> 408, -5, 1.25, 1, -2
501 -> 408, -4, 1.25, 2, -1.5
501 -> 408, -4, 0.25, 2, -1.5
501 -> 408, -5, 1.75, 2, -0.5
501 -> 408, -4, 1.25, 1, -1.5
503 -> 408, -1, 0.75, 5, -1.5
503 -> 408, -1, 0.75, 4, -1.5
503 -> 408, -1, 0.75, 2, -1.5
503 -> 408, -1, 0.75, 1, -1.5
503 -> 408, -1, 0.75, 3, -1.5
505 -> 408, -2, 0.25, 4, -0.5
505 -> 408, -2, 0.25, 5, -0.5
505 -> 408, -2, 0.25, 3, -0.5
506 -> 408, -4, 1.75, 4, -2
506 -> 408, -4, 1.75, 5, -2
510 -> 408, -4, 0.25, 4, -2
510 -> 408, -4, 0.25, 5, -2
510 -> 408, -5, 1.75, 1, -1
510 -> 408, -5, 1.75, 2, -1
510 -> 408, -4, 0.25, 3, -2
515 -> 408, -5, 0.25, 3, -0.5
521 -> 408, -5, 0.25, 1, -1.5
524 -> 408, -2, 0.25, 1, -1.5
524 -> 408, -2, 0.25, 2, -1.5
525 -> 408, -3, 0.25, 2, -2
525 -> 408, -3, 0.25, 3, -2
525 -> 408, -3, 0.25, 4, -2
526 -> 408, -4, 0.75, 3, -2
526 -> 408, -4, 0.75, 2, -2
526 -> 408, -4, 0.75, 1, -2
526 -> 408, -4, 0.75, 4, -2
526 -> 408, -4, 0.75, 5, -2
528 -> 408, -1, 0.25, 1, -2
535 -> 408, -2, 0.75, 1, -1
545 -> 408, -5, 0.25, 2, -1
552 -> 408, -4, 1.25, 3, -1.5
561 -> 408, -3, 0.25, 5, -2
568 -> 408, -5, 1.75, 1, -0.5
601 -> 408, -3, 0.75, 5, -2
601 -> 408, -3, 0.75, 1, -2
601 -> 408, -3, 0.75, 2, -2
601 -> 408, -3, 0.75, 3, -2
601 -> 408, -3, 0.75, 4, -2
713 -> 408, -5, 1.25, 1, -0.5
751 -> 408, -5, 1.25, 3, -0.5
751 -> 408, -5, 1.25, 2, -0.5
751 -> 408, -5, 1.25, 5, -0.5
751 -> 408, -5, 1.25, 4, -0.5
