334 -> 126, -3, 1.25, 3, -0.5
349 -> 126, -5, 1.25, 2, -2
349 -> 126, -5, 1.25, 1, -2
354 -> 126, -4, 0.75, 3, -1.5
363 -> 126, -5, 0.25, 1, -2
364 -> 126, -3, 1.25, 1, -1.5
369 -> 126, -5, 0.25, 5, -2
369 -> 126, -5, 0.25, 4, -2
369 -> 126, -5, 0.25, 3, -2
373 -> 126, -5, 1.75, 2, -2
375 -> 126, -3, 0.75, 3, -1
375 -> 126, -3, 0.75, 4, -1
375 -> 126, -3, 0.75, 5, -1
376 -> 126, -3, 1.25, 5, -0.5
376 -> 126, -1, 1.75, 4, -1
377 -> 126, -5, 1.75, 3, -2
377 -> 126, -5, 1.75, 4, -2
377 -> 126, -5, 1.75, 5, -2
378 -> 126, -1, 1.75, 5, -1
379 -> 126, -5, 1.25, 5, -1.5
381 -> 126, -4, 0.75, 1, -2
382 -> 126, -4, 0.75, 2, -1.5
382 -> 126, -5, 0.75, 1, -2
382 -> 126, -4, 1.75, 1, -2
384 -> 126, -5, 0.75, 2, -2
385 -> 126, -3, 0.75, 5, -2
387 -> 126, -5, 1.25, 3, -1.5
388 -> 126, -4, 1.75, 4, -1.5
389 -> 126, -4, 1.25, 3, -1.5
389 -> 126, -3, 0.75, 4, -2
389 -> 126, -3, 0.75, 3, -2
389 -> 126, -4, 1.75, 3, -1.5
389 -> 126, -1, 1.75, 5, -2
391 -> 126, -5, 1.75, 4, -1.5
391 -> 126, -5, 1.75, 3, -1.5
391 -> 126, -5, 1.75, 2, -1.5
391 -> 126, -5, 1.75, 1, -1.5
391 -> 126, -5, 1.25, 5, -2
391 -> 126, -4, 1.25, 4, -1
391 -> 126, -3, 1.75, 4, -2
392 -> 126, -3, 1.25, 2, -2
392 -> 126, -2, 1.75, 4, -1.5
392 -> 126, -5, 0.25, 4, -1
392 -> 126, -5, 0.25, 2, -2
393 -> 126, -2, 0.75, 3, -1.5
393 -> 126, -2, 0.75, 4, -1.5
393 -> 126, -3, 1.25, 1, -2
393 -> 126, -2, 0.75, 5, -1.5
394 -> 126, -3, 1.75, 2, -1
395 -> 126, -3, 1.25, 3, -2
396 -> 126, -1, 1.75, 4, -2
396 -> 126, -5, 1.25, 4, -1.5
397 -> 126, -3, 0.75, 2, -1
397 -> 126, -5, 0.25, 5, -1
398 -> 126, -5, 0.25, 3, -1
398 -> 126, -4, 1.75, 5, -2
398 -> 126, -4, 0.75, 5, -2
398 -> 126, -4, 0.75, 4, -2
398 -> 126, -4, 0.75, 3, -2
398 -> 126, -4, 1.75, 4, -2
398 -> 126, -4, 1.75, 3, -2
399 -> 126, -4, 1.75, 2, -1.5
399 -> 126, -5, 1.25, 1, -1.5
399 -> 126, -4, 1.75, 1, -1.5
401 -> 126, -1, 0.75, 5, -2
401 -> 126, -5, 1.75, 1, -2
402 -> 126, -4, 1.25, 5, -2
402 -> 126, -3, 0.25, 1, -2
403 -> 126, -1, 1.75, 3, -0.5
403 -> 126, -2, 0.75, 5, -1
404 -> 126, -2, 0.25, 3, -2
404 -> 126, -2, 0.25, 2, -2
404 -> 126, -4, 1.75, 2, -2
404 -> 126, -1, 1.25, 4, -0.5
404 -> 126, -2, 1.25, 3, -0.5
405 -> 126, -2, 1.75, 5, -1.5
405 -> 126, -2, 1.25, 1, -1.5
407 -> 126, -4, 0.75, 4, -1.5
407 -> 126, -3, 1.75, 1, -1
407 -> 126, -3, 1.75, 1, -1.5
407 -> 126, -3, 1.25, 4, -2
410 -> 126, -5, 0.75, 3, -2
411 -> 126, -2, 1.75, 3, -1.5
411 -> 126, -1, 1.75, 2, -1
411 -> 126, -2, 1.75, 2, -1.5
412 -> 126, -1, 1.75, 1, -2
412 -> 126, -4, 1.25, 1, -2
412 -> 126, -2, 1.75, 5, -2
412 -> 126, -1, 1.75, 2, -2
412 -> 126, -1, 1.75, 3, -2
413 -> 126, -3, 1.75, 1, -2
413 -> 126, -2, 0.75, 5, -2
413 -> 126, -1, 1.75, 3, -1
413 -> 126, -3, 1.75, 3, -2
413 -> 126, -4, 1.25, 1, -1.5
413 -> 126, -5, 0.75, 1, -1
413 -> 126, -1, 1.75, 3, -1.5
414 -> 126, -3, 1.25, 5, -1.5
414 -> 126, -3, 1.25, 4, -1.5
414 -> 126, -5, 0.25, 1, -1.5
414 -> 126, -5, 0.25, 2, -1.5
414 -> 126, -5, 0.25, 3, -1.5
415 -> 126, -2, 0.75, 1, -1.5
415 -> 126, -4, 0.75, 4, -1
416 -> 126, -4, 1.25, 2, -1.5
416 -> 126, -5, 0.25, 2, -1
416 -> 126, -5, 0.25, 1, -1
417 -> 126, -2, 0.75, 1, -0.5
417 -> 126, -3, 0.75, 1, -2
417 -> 126, -3, 0.25, 1, -1.5
418 -> 126, -3, 1.75, 2, -1.5
418 -> 126, -5, 1.75, 5, -1.5
418 -> 126, -4, 0.75, 3, -1
419 -> 126, -5, 1.25, 4, -2
419 -> 126, -2, 1.25, 3, -1
419 -> 126, -5, 0.75, 1, -1.5
419 -> 126, -5, 0.75, 2, -1.5
419 -> 126, -5, 1.25, 3, -2
419 -> 126, -3, 1.25, 4, -1
420 -> 126, -3, 1.75, 5, -1.5
420 -> 126, -2, 1.25, 1, -1
420 -> 126, -2, 1.25, 1, -0.5
420 -> 126, -4, 0.75, 5, -1
421 -> 126, -4, 1.75, 5, -1.5
421 -> 126, -5, 0.75, 3, -1.5
421 -> 126, -5, 0.75, 5, -1.5
421 -> 126, -5, 0.75, 4, -1.5
421 -> 126, -3, 1.25, 5, -2
422 -> 126, -3, 1.25, 2, -1.5
422 -> 126, -4, 1.75, 5, -0.5
422 -> 126, -1, 0.75, 5, -1.5
422 -> 126, -3, 1.25, 3, -1.5
422 -> 126, -2, 0.25, 5, -1.5
423 -> 126, -4, 0.75, 1, -1
423 -> 126, -3, 1.75, 4, -1
423 -> 126, -3, 0.25, 2, -1.5
423 -> 126, -3, 1.75, 3, -1
423 -> 126, -2, 1.25, 5, -1
423 -> 126, -1, 0.75, 5, -1
423 -> 126, -3, 1.75, 5, -1
424 -> 126, -1, 0.75, 4, -1.5
424 -> 126, -1, 0.75, 3, -1.5
424 -> 126, -1, 0.75, 2, -1.5
424 -> 126, -1, 0.25, 3, -1
425 -> 126, -2, 1.25, 2, -0.5
425 -> 126, -1, 1.75, 5, -1.5
425 -> 126, -2, 0.25, 1, -2
425 -> 126, -4, 1.25, 2, -2
426 -> 126, -2, 1.75, 1, -1
426 -> 126, -2, 0.75, 4, -2
426 -> 126, -2, 1.75, 5, -0.5
427 -> 126, -3, 1.75, 5, -2
427 -> 126, -4, 0.25, 1, -1.5
428 -> 126, -3, 0.25, 1, -0.5
428 -> 126, -2, 0.75, 1, -2
428 -> 126, -2, 1.75, 1, -0.5
429 -> 126, -2, 1.75, 1, -1.5
429 -> 126, -2, 1.25, 5, -2
429 -> 126, -1, 1.25, 3, -1.5
429 -> 126, -2, 1.25, 2, -1
429 -> 126, -4, 0.25, 2, -1.5
429 -> 126, -1, 1.25, 4, -1.5
429 -> 126, -1, 1.25, 5, -1.5
429 -> 126, -3, 1.25, 3, -1
430 -> 126, -2, 1.75, 4, -2
430 -> 126, -2, 1.75, 1, -2
430 -> 126, -1, 1.25, 5, -0.5
431 -> 126, -4, 1.25, 4, -1.5
431 -> 126, -4, 1.25, 2, -1
431 -> 126, -4, 1.25, 1, -1
431 -> 126, -3, 0.25, 4, -0.5
431 -> 126, -3, 0.75, 3, -1.5
431 -> 126, -3, 0.75, 2, -1.5
431 -> 126, -1, 1.25, 1, -0.5
431 -> 126, -4, 1.25, 5, -1.5
431 -> 126, -3, 0.75, 1, -1.5
432 -> 126, -3, 0.25, 3, -1.5
432 -> 126, -3, 1.75, 2, -2
432 -> 126, -5, 1.25, 2, -1
432 -> 126, -1, 1.25, 1, -1.5
433 -> 126, -3, 1.25, 2, -1
433 -> 126, -3, 0.75, 2, -2
433 -> 126, -1, 0.25, 1, -0.5
433 -> 126, -1, 1.75, 4, -1.5
433 -> 126, -1, 0.75, 1, -2
433 -> 126, -3, 0.75, 1, -1
433 -> 126, -1, 1.25, 2, -1.5
434 -> 126, -2, 0.75, 4, -0.5
434 -> 126, -2, 1.75, 4, -1
434 -> 126, -2, 0.75, 3, -0.5
434 -> 126, -2, 0.75, 5, -0.5
435 -> 126, -2, 1.75, 5, -1
435 -> 126, -1, 0.25, 5, -1
435 -> 126, -1, 1.25, 3, -0.5
435 -> 126, -2, 1.25, 4, -1
435 -> 126, -4, 0.75, 5, -1.5
435 -> 126, -1, 1.25, 2, -0.5
436 -> 126, -2, 1.25, 2, -1.5
436 -> 126, -1, 0.25, 1, -1
437 -> 126, -4, 0.75, 1, -1.5
437 -> 126, -1, 0.25, 4, -2
437 -> 126, -1, 1.75, 1, -1.5
438 -> 126, -1, 0.75, 1, -1
439 -> 126, -1, 1.75, 4, -0.5
440 -> 126, -3, 0.25, 2, -0.5
440 -> 126, -2, 1.75, 2, -2
440 -> 126, -5, 0.75, 4, -0.5
440 -> 126, -5, 0.75, 5, -0.5
440 -> 126, -2, 1.75, 3, -2
440 -> 126, -2, 0.25, 2, -1.5
440 -> 126, -2, 0.25, 1, -1.5
441 -> 126, -2, 0.25, 4, -1.5
441 -> 126, -2, 0.25, 3, -1.5
441 -> 126, -3, 0.25, 2, -2
442 -> 126, -3, 1.25, 5, -1
442 -> 126, -1, 0.75, 4, -2
443 -> 126, -2, 1.25, 1, -2
443 -> 126, -5, 0.75, 2, -1
443 -> 126, -2, 1.25, 2, -2
443 -> 126, -2, 1.75, 3, -1
443 -> 126, -2, 1.75, 2, -1
444 -> 126, -2, 0.75, 4, -1
444 -> 126, -2, 0.75, 2, -1
444 -> 126, -1, 1.75, 1, -0.5
444 -> 126, -1, 0.25, 4, -1
444 -> 126, -5, 0.25, 4, -1.5
444 -> 126, -2, 0.75, 3, -1
445 -> 126, -1, 0.25, 3, -2
445 -> 126, -3, 1.75, 3, -1.5
445 -> 126, -1, 0.25, 2, -2
446 -> 126, -2, 1.25, 4, -2
446 -> 126, -1, 1.75, 1, -1
446 -> 126, -4, 1.25, 3, -1
446 -> 126, -3, 0.25, 5, -0.5
446 -> 126, -3, 1.75, 4, -1.5
446 -> 126, -2, 1.25, 3, -2
446 -> 126, -1, 0.75, 2, -2
447 -> 126, -3, 0.25, 5, -1.5
447 -> 126, -1, 1.75, 2, -1.5
447 -> 126, -3, 0.25, 4, -1.5
448 -> 126, -1, 0.75, 1, -1.5
449 -> 126, -4, 1.75, 4, -0.5
449 -> 126, -5, 1.25, 5, -1
450 -> 126, -2, 0.75, 3, -2
450 -> 126, -1, 1.25, 5, -2
451 -> 126, -4, 0.25, 1, -1
451 -> 126, -2, 1.25, 3, -1.5
452 -> 126, -2, 1.25, 5, -1.5
452 -> 126, -2, 1.25, 4, -1.5
453 -> 126, -2, 0.25, 3, -0.5
453 -> 126, -1, 0.75, 1, -0.5
453 -> 126, -1, 0.75, 4, -1
453 -> 126, -2, 0.25, 2, -0.5
453 -> 126, -1, 0.75, 3, -1
454 -> 126, -5, 0.25, 5, -1.5
454 -> 126, -4, 1.25, 3, -2
454 -> 126, -4, 1.25, 4, -2
454 -> 126, -1, 0.75, 2, -0.5
454 -> 126, -5, 1.75, 2, -1
454 -> 126, -2, 1.75, 2, -0.5
454 -> 126, -2, 1.75, 3, -0.5
454 -> 126, -2, 1.75, 4, -0.5
455 -> 126, -1, 0.75, 5, -0.5
455 -> 126, -2, 0.75, 2, -0.5
455 -> 126, -1, 0.75, 4, -0.5
456 -> 126, -1, 0.25, 5, -0.5
457 -> 126, -1, 0.25, 5, -1.5
457 -> 126, -1, 0.25, 4, -1.5
458 -> 126, -1, 0.25, 2, -1
458 -> 126, -3, 0.25, 3, -0.5
459 -> 126, -1, 0.25, 1, -2
459 -> 126, -1, 0.75, 3, -2
459 -> 126, -1, 0.25, 2, -1.5
460 -> 126, -1, 1.25, 3, -2
460 -> 126, -4, 0.75, 2, -2
460 -> 126, -1, 1.25, 1, -1
460 -> 126, -1, 1.25, 2, -2
460 -> 126, -1, 1.25, 4, -2
461 -> 126, -3, 0.25, 3, -2
461 -> 126, -1, 0.75, 3, -0.5
461 -> 126, -3, 0.25, 4, -2
461 -> 126, -3, 0.25, 5, -2
462 -> 126, -2, 0.25, 4, -2
462 -> 126, -2, 0.25, 5, -2
462 -> 126, -1, 1.75, 5, -0.5
462 -> 126, -4, 0.25, 3, -1
462 -> 126, -2, 0.75, 1, -1
463 -> 126, -1, 1.75, 2, -0.5
463 -> 126, -5, 1.25, 3, -1
463 -> 126, -1, 0.25, 5, -2
463 -> 126, -5, 1.25, 4, -1
464 -> 126, -4, 0.25, 2, -1
465 -> 126, -1, 0.25, 3, -1.5
467 -> 126, -2, 0.75, 2, -2
468 -> 126, -4, 0.25, 5, -1
469 -> 126, -1, 0.25, 3, -0.5
469 -> 126, -1, 0.25, 1, -1.5
471 -> 126, -4, 1.75, 5, -1
471 -> 126, -4, 1.75, 4, -1
471 -> 126, -4, 1.75, 3, -1
471 -> 126, -4, 1.75, 2, -1
471 -> 126, -5, 1.25, 2, -1.5
471 -> 126, -1, 1.25, 1, -2
471 -> 126, -5, 0.75, 4, -2
471 -> 126, -4, 1.75, 1, -1
471 -> 126, -5, 0.75, 5, -2
474 -> 126, -4, 0.75, 2, -1
474 -> 126, -5, 1.75, 5, -1
474 -> 126, -5, 1.75, 4, -1
476 -> 126, -5, 1.75, 3, -1
479 -> 126, -1, 0.75, 2, -1
480 -> 126, -1, 0.25, 4, -0.5
481 -> 126, -2, 1.25, 4, -0.5
481 -> 126, -4, 1.25, 5, -1
481 -> 126, -2, 1.25, 5, -0.5
483 -> 126, -3, 0.75, 4, -1.5
483 -> 126, -3, 0.75, 5, -1.5
484 -> 126, -1, 0.25, 2, -0.5
485 -> 126, -4, 0.25, 3, -1.5
485 -> 126, -1, 1.25, 4, -1
486 -> 126, -3, 1.25, 4, -0.5
487 -> 126, -2, 0.75, 2, -1.5
489 -> 126, -1, 1.25, 3, -1
489 -> 126, -1, 1.25, 2, -1
491 -> 126, -1, 1.25, 5, -1
493 -> 126, -5, 1.25, 1, -1
496 -> 126, -4, 0.25, 5, -2
496 -> 126, -4, 0.25, 1, -2
496 -> 126, -4, 0.25, 2, -2
496 -> 126, -4, 0.25, 4, -2
496 -> 126, -4, 0.25, 3, -2
500 -> 126, -5, 1.75, 1, -1
502 -> 126, -2, 0.25, 4, -0.5
502 -> 126, -2, 0.25, 5, -0.5
504 -> 126, -3, 1.25, 1, -1
505 -> 126, -3, 1.75, 5, -0.5
505 -> 126, -3, 1.75, 4, -0.5
505 -> 126, -3, 1.75, 3, -0.5
512 -> 126, -3, 0.25, 1, -1
514 -> 126, -3, 0.25, 3, -1
514 -> 126, -3, 0.25, 2, -1
514 -> 126, -3, 0.25, 5, -1
514 -> 126, -3, 0.25, 4, -1
515 -> 126, -3, 1.25, 1, -0.5
515 -> 126, -3, 1.25, 2, -0.5
517 -> 126, -5, 0.25, 4, -0.5
518 -> 126, -4, 0.25, 4, -1
521 -> 126, -4, 0.25, 4, -1.5
521 -> 126, -4, 0.25, 5, -1.5
524 -> 126, -5, 0.25, 5, -0.5
527 -> 126, -5, 0.75, 4, -1
527 -> 126, -5, 0.75, 5, -1
530 -> 126, -5, 0.25, 3, -0.5
531 -> 126, -5, 1.75, 5, -0.5
535 -> 126, -5, 0.75, 3, -1
535 -> 126, -2, 0.25, 5, -1
537 -> 126, -5, 1.75, 1, -0.5
537 -> 126, -5, 1.75, 2, -0.5
537 -> 126, -5, 1.75, 3, -0.5
537 -> 126, -5, 1.75, 4, -0.5
538 -> 126, -2, 0.25, 3, -1
538 -> 126, -2, 0.25, 4, -1
540 -> 126, -2, 0.25, 1, -1
540 -> 126, -2, 0.25, 2, -1
548 -> 126, -3, 0.75, 4, -0.5
549 -> 126, -3, 0.75, 2, -0.5
549 -> 126, -3, 0.75, 3, -0.5
555 -> 126, -4, 1.25, 4, -0.5
555 -> 126, -4, 1.25, 3, -0.5
555 -> 126, -4, 1.25, 2, -0.5
555 -> 126, -4, 1.25, 1, -0.5
555 -> 126, -4, 1.25, 5, -0.5
558 -> 126, -3, 0.75, 5, -0.5
562 -> 126, -3, 1.75, 1, -0.5
562 -> 126, -3, 1.75, 2, -0.5
580 -> 126, -3, 0.75, 1, -0.5
585 -> 126, -2, 0.25, 1, -0.5
585 -> 126, -5, 0.75, 1, -0.5
622 -> 126, -4, 1.75, 3, -0.5
622 -> 126, -4, 1.75, 2, -0.5
622 -> 126, -4, 1.75, 1, -0.5
626 -> 126, -5, 0.25, 2, -0.5
626 -> 126, -5, 0.25, 1, -0.5
644 -> 126, -4, 0.75, 1, -0.5
644 -> 126, -4, 0.75, 2, -0.5
644 -> 126, -4, 0.75, 5, -0.5
651 -> 126, -4, 0.75, 3, -0.5
651 -> 126, -4, 0.75, 4, -0.5
672 -> 126, -4, 0.25, 3, -0.5
672 -> 126, -4, 0.25, 4, -0.5
672 -> 126, -4, 0.25, 5, -0.5
678 -> 126, -5, 0.75, 3, -0.5
678 -> 126, -5, 0.75, 2, -0.5
725 -> 126, -4, 0.25, 1, -0.5
725 -> 126, -4, 0.25, 2, -0.5
1001 -> 126, -5, 1.25, 2, -0.5
1001 -> 126, -5, 1.25, 3, -0.5
1001 -> 126, -5, 1.25, 4, -0.5
1001 -> 126, -5, 1.25, 5, -0.5
1001 -> 126, -5, 1.25, 1, -0.5
