352 -> 387, -3, 1.25, 4, -0.5
355 -> 387, -3, 1.25, 5, -0.5
356 -> 387, -2, 1.75, 2, -0.5
362 -> 387, -2, 1.25, 3, -0.5
365 -> 387, -4, 0.75, 1, -0.5
366 -> 387, -4, 1.75, 2, -1
368 -> 387, -4, 1.25, 1, -1
371 -> 387, -5, 0.25, 1, -0.5
372 -> 387, -2, 1.25, 5, -0.5
372 -> 387, -2, 1.25, 4, -0.5
376 -> 387, -1, 1.75, 1, -1
377 -> 387, -1, 1.75, 5, -1
377 -> 387, -2, 1.75, 3, -1.5
377 -> 387, -4, 1.75, 1, -1
377 -> 387, -2, 1.75, 2, -1.5
378 -> 387, -3, 1.75, 3, -1
379 -> 387, -3, 1.75, 2, -1
383 -> 387, -1, 1.75, 3, -1.5
384 -> 387, -3, 0.75, 2, -0.5
386 -> 387, -5, 1.75, 5, -1
387 -> 387, -1, 1.75, 2, -1
387 -> 387, -1, 1.25, 4, -0.5
389 -> 387, -2, 1.75, 4, -0.5
391 -> 387, -3, 1.75, 3, -0.5
392 -> 387, -3, 1.25, 3, -0.5
393 -> 387, -3, 1.75, 1, -1
394 -> 387, -3, 0.75, 4, -0.5
396 -> 387, -2, 1.75, 1, -1.5
400 -> 387, -2, 0.75, 4, -0.5
400 -> 387, -3, 1.75, 1, -0.5
401 -> 387, -2, 1.75, 3, -1
403 -> 387, -3, 1.75, 5, -1.5
404 -> 387, -2, 0.75, 5, -2
405 -> 387, -4, 0.75, 3, -0.5
408 -> 387, -3, 0.75, 4, -1
408 -> 387, -3, 0.75, 5, -1
410 -> 387, -1, 1.75, 1, -0.5
411 -> 387, -3, 1.75, 2, -0.5
411 -> 387, -1, 0.75, 1, -1
411 -> 387, -1, 1.25, 1, -2
412 -> 387, -1, 1.75, 3, -2
412 -> 387, -4, 1.75, 3, -1
413 -> 387, -1, 1.25, 3, -0.5
413 -> 387, -5, 1.75, 3, -1
413 -> 387, -3, 0.75, 3, -0.5
413 -> 387, -2, 0.75, 5, -0.5
414 -> 387, -2, 0.75, 3, -0.5
414 -> 387, -5, 0.25, 2, -0.5
415 -> 387, -1, 1.75, 2, -1.5
415 -> 387, -1, 1.75, 1, -2
416 -> 387, -2, 0.75, 1, -0.5
416 -> 387, -1, 1.75, 2, -0.5
416 -> 387, -1, 1.75, 1, -1.5
416 -> 387, -1, 0.75, 2, -1.5
416 -> 387, -4, 1.75, 4, -1
417 -> 387, -2, 1.75, 1, -1
417 -> 387, -5, 1.25, 2, -1
418 -> 387, -3, 1.25, 1, -0.5
419 -> 387, -5, 0.75, 1, -0.5
420 -> 387, -4, 1.75, 1, -1.5
420 -> 387, -5, 1.75, 4, -1.5
420 -> 387, -5, 1.75, 5, -1.5
423 -> 387, -4, 1.25, 3, -1
424 -> 387, -1, 0.25, 5, -1.5
424 -> 387, -1, 0.75, 4, -0.5
425 -> 387, -2, 1.75, 1, -2
425 -> 387, -5, 1.25, 1, -1
425 -> 387, -2, 1.75, 3, -2
425 -> 387, -2, 1.75, 2, -2
426 -> 387, -5, 1.75, 2, -0.5
428 -> 387, -5, 1.75, 5, -2
429 -> 387, -3, 1.75, 5, -0.5
429 -> 387, -2, 1.75, 2, -1
430 -> 387, -5, 1.25, 4, -1.5
430 -> 387, -5, 0.75, 2, -0.5
430 -> 387, -1, 1.75, 5, -1.5
430 -> 387, -2, 0.25, 2, -1
430 -> 387, -3, 1.25, 3, -1.5
431 -> 387, -1, 1.75, 3, -0.5
431 -> 387, -1, 1.75, 4, -0.5
431 -> 387, -3, 1.75, 5, -1
432 -> 387, -2, 0.75, 2, -0.5
432 -> 387, -2, 0.25, 1, -1
432 -> 387, -3, 1.25, 5, -1
432 -> 387, -2, 0.75, 1, -1
432 -> 387, -1, 1.25, 1, -0.5
433 -> 387, -2, 1.25, 5, -1
433 -> 387, -2, 1.25, 4, -1
434 -> 387, -5, 1.75, 3, -0.5
434 -> 387, -5, 0.25, 5, -0.5
434 -> 387, -2, 1.75, 3, -0.5
434 -> 387, -4, 1.25, 4, -1
435 -> 387, -4, 1.25, 3, -1.5
435 -> 387, -2, 1.25, 2, -1
435 -> 387, -3, 0.75, 3, -1
435 -> 387, -4, 1.25, 4, -1.5
435 -> 387, -2, 0.75, 1, -2
436 -> 387, -1, 1.25, 1, -1.5
436 -> 387, -2, 1.25, 5, -2
436 -> 387, -3, 1.75, 4, -1
437 -> 387, -1, 0.75, 1, -1.5
437 -> 387, -3, 1.25, 1, -2
437 -> 387, -3, 0.25, 4, -2
438 -> 387, -2, 1.25, 3, -1
438 -> 387, -4, 1.25, 1, -1.5
438 -> 387, -1, 0.25, 4, -0.5
438 -> 387, -5, 0.25, 3, -0.5
438 -> 387, -4, 1.25, 2, -1.5
439 -> 387, -1, 0.25, 5, -0.5
439 -> 387, -1, 0.75, 1, -0.5
439 -> 387, -3, 0.25, 3, -2
439 -> 387, -3, 0.25, 1, -2
439 -> 387, -3, 0.25, 2, -2
440 -> 387, -1, 0.75, 3, -1.5
440 -> 387, -1, 0.75, 4, -1.5
440 -> 387, -1, 0.75, 5, -1.5
441 -> 387, -1, 1.25, 2, -1.5
441 -> 387, -1, 1.25, 3, -1
443 -> 387, -1, 1.75, 2, -2
443 -> 387, -5, 1.25, 5, -0.5
443 -> 387, -2, 1.75, 5, -1
443 -> 387, -4, 0.25, 2, -1.5
443 -> 387, -1, 1.25, 5, -2
443 -> 387, -4, 0.25, 1, -1.5
443 -> 387, -1, 1.25, 4, -2
443 -> 387, -5, 1.25, 1, -1.5
444 -> 387, -2, 1.75, 4, -1
444 -> 387, -3, 1.75, 5, -2
444 -> 387, -2, 0.75, 4, -2
446 -> 387, -4, 1.25, 1, -0.5
446 -> 387, -3, 0.75, 3, -1.5
446 -> 387, -3, 0.25, 4, -0.5
446 -> 387, -4, 1.25, 2, -0.5
446 -> 387, -4, 1.25, 3, -0.5
446 -> 387, -1, 0.25, 1, -0.5
446 -> 387, -2, 1.25, 3, -2
446 -> 387, -2, 1.25, 2, -2
447 -> 387, -4, 1.25, 5, -1
448 -> 387, -3, 1.75, 1, -1.5
449 -> 387, -3, 0.75, 5, -2
449 -> 387, -3, 0.75, 3, -2
449 -> 387, -3, 0.75, 4, -2
449 -> 387, -3, 0.75, 2, -2
450 -> 387, -1, 1.75, 5, -2
450 -> 387, -4, 1.25, 2, -1
450 -> 387, -1, 0.75, 5, -1
450 -> 387, -2, 0.75, 1, -1.5
450 -> 387, -1, 0.75, 3, -1
450 -> 387, -1, 0.75, 2, -1
450 -> 387, -4, 1.25, 5, -1.5
450 -> 387, -1, 0.75, 4, -1
451 -> 387, -1, 0.25, 2, -1.5
451 -> 387, -2, 1.75, 5, -2
451 -> 387, -2, 0.75, 2, -2
451 -> 387, -2, 1.75, 4, -2
451 -> 387, -1, 1.75, 4, -2
451 -> 387, -2, 0.75, 3, -2
451 -> 387, -1, 1.25, 3, -1.5
451 -> 387, -2, 1.25, 1, -2
452 -> 387, -5, 0.75, 1, -2
452 -> 387, -5, 1.25, 3, -1.5
453 -> 387, -3, 1.75, 3, -2
453 -> 387, -1, 1.25, 5, -0.5
453 -> 387, -3, 1.75, 1, -2
453 -> 387, -3, 1.25, 3, -1
453 -> 387, -3, 1.75, 2, -2
453 -> 387, -4, 0.25, 4, -0.5
453 -> 387, -2, 1.25, 4, -2
454 -> 387, -1, 0.75, 2, -0.5
454 -> 387, -1, 0.75, 3, -0.5
455 -> 387, -2, 1.25, 5, -1.5
455 -> 387, -2, 1.25, 4, -1.5
455 -> 387, -3, 0.75, 1, -1.5
456 -> 387, -5, 0.75, 3, -0.5
456 -> 387, -3, 0.75, 1, -0.5
456 -> 387, -2, 0.25, 1, -0.5
456 -> 387, -3, 0.25, 5, -2
457 -> 387, -3, 1.25, 2, -1.5
459 -> 387, -2, 0.25, 5, -0.5
459 -> 387, -2, 0.25, 3, -0.5
459 -> 387, -2, 0.25, 4, -0.5
460 -> 387, -2, 1.75, 5, -0.5
460 -> 387, -1, 0.25, 1, -1.5
460 -> 387, -1, 1.25, 2, -2
460 -> 387, -3, 1.25, 2, -0.5
460 -> 387, -1, 1.25, 3, -2
461 -> 387, -1, 1.25, 1, -1
461 -> 387, -4, 0.75, 2, -0.5
462 -> 387, -1, 1.25, 4, -1
462 -> 387, -2, 1.25, 1, -0.5
462 -> 387, -2, 1.25, 2, -0.5
462 -> 387, -3, 0.75, 1, -1
463 -> 387, -1, 1.75, 5, -0.5
464 -> 387, -3, 0.75, 4, -1.5
464 -> 387, -3, 0.75, 5, -1.5
464 -> 387, -1, 0.25, 3, -0.5
464 -> 387, -1, 0.25, 2, -0.5
465 -> 387, -4, 0.25, 3, -0.5
465 -> 387, -1, 1.75, 4, -1
465 -> 387, -4, 0.25, 2, -0.5
465 -> 387, -1, 1.75, 3, -1
465 -> 387, -4, 0.25, 1, -0.5
466 -> 387, -3, 1.75, 3, -1.5
466 -> 387, -3, 1.25, 4, -1
466 -> 387, -3, 1.75, 2, -1.5
466 -> 387, -5, 0.25, 4, -0.5
467 -> 387, -4, 1.75, 5, -1.5
467 -> 387, -1, 0.25, 4, -1.5
467 -> 387, -1, 1.25, 5, -1
467 -> 387, -1, 0.25, 3, -1.5
467 -> 387, -4, 1.75, 4, -1.5
468 -> 387, -4, 1.75, 4, -0.5
469 -> 387, -2, 0.25, 5, -1.5
469 -> 387, -5, 1.25, 2, -1.5
471 -> 387, -5, 0.25, 2, -1.5
471 -> 387, -5, 0.25, 1, -1.5
471 -> 387, -3, 0.25, 5, -1
471 -> 387, -5, 0.25, 4, -1.5
471 -> 387, -5, 0.25, 5, -1.5
471 -> 387, -5, 0.25, 3, -1.5
472 -> 387, -3, 1.75, 4, -1.5
472 -> 387, -3, 1.25, 5, -1.5
472 -> 387, -2, 1.25, 3, -1.5
473 -> 387, -3, 0.25, 4, -1
473 -> 387, -1, 1.25, 5, -1.5
473 -> 387, -3, 0.25, 3, -1
473 -> 387, -1, 1.25, 4, -1.5
473 -> 387, -5, 1.75, 4, -2
473 -> 387, -3, 0.25, 2, -1
473 -> 387, -3, 1.25, 4, -1.5
474 -> 387, -2, 1.25, 1, -1
475 -> 387, -5, 1.75, 2, -1
475 -> 387, -3, 1.25, 1, -1.5
476 -> 387, -4, 1.25, 5, -2
476 -> 387, -4, 1.25, 4, -2
476 -> 387, -4, 1.25, 3, -2
476 -> 387, -1, 0.25, 1, -2
476 -> 387, -4, 1.25, 2, -2
477 -> 387, -5, 0.75, 4, -0.5
477 -> 387, -5, 0.75, 5, -0.5
478 -> 387, -5, 1.75, 3, -2
478 -> 387, -5, 1.75, 2, -2
478 -> 387, -4, 1.75, 5, -1
479 -> 387, -5, 1.25, 5, -2
479 -> 387, -1, 1.25, 2, -0.5
479 -> 387, -3, 0.25, 1, -1
479 -> 387, -5, 1.25, 4, -2
480 -> 387, -4, 0.25, 5, -2
480 -> 387, -4, 0.25, 4, -2
480 -> 387, -4, 0.25, 3, -2
480 -> 387, -4, 0.25, 5, -1
480 -> 387, -4, 1.25, 1, -2
480 -> 387, -4, 0.25, 2, -2
480 -> 387, -2, 0.25, 3, -1.5
480 -> 387, -4, 0.25, 1, -2
480 -> 387, -2, 0.25, 2, -1.5
480 -> 387, -2, 0.25, 1, -1.5
481 -> 387, -1, 0.25, 3, -2
481 -> 387, -3, 0.75, 2, -1
481 -> 387, -1, 0.25, 4, -2
481 -> 387, -2, 0.25, 4, -2
481 -> 387, -5, 1.25, 2, -2
481 -> 387, -1, 0.25, 5, -2
481 -> 387, -2, 0.25, 3, -2
481 -> 387, -5, 1.25, 3, -2
481 -> 387, -2, 0.25, 1, -2
481 -> 387, -2, 0.25, 2, -2
481 -> 387, -4, 0.25, 3, -1
481 -> 387, -4, 0.25, 2, -1
481 -> 387, -4, 0.25, 4, -1
482 -> 387, -4, 0.25, 5, -1.5
482 -> 387, -1, 0.75, 5, -0.5
484 -> 387, -1, 0.75, 4, -2
484 -> 387, -1, 0.75, 3, -2
484 -> 387, -1, 0.75, 5, -2
484 -> 387, -1, 0.75, 2, -2
485 -> 387, -5, 1.25, 1, -2
485 -> 387, -5, 1.25, 5, -1
485 -> 387, -2, 0.25, 4, -1.5
485 -> 387, -5, 1.25, 4, -1
485 -> 387, -5, 1.75, 1, -1
486 -> 387, -5, 0.75, 4, -2
486 -> 387, -2, 1.25, 1, -1.5
486 -> 387, -5, 0.75, 5, -2
487 -> 387, -2, 0.75, 4, -1.5
487 -> 387, -3, 1.25, 1, -1
487 -> 387, -2, 0.75, 3, -1.5
487 -> 387, -2, 0.75, 2, -1.5
487 -> 387, -2, 0.75, 5, -1.5
488 -> 387, -3, 1.75, 4, -2
489 -> 387, -2, 1.25, 2, -1.5
489 -> 387, -1, 0.25, 2, -2
490 -> 387, -2, 0.75, 5, -1
491 -> 387, -5, 1.75, 1, -0.5
491 -> 387, -5, 1.25, 4, -0.5
492 -> 387, -2, 0.25, 5, -2
493 -> 387, -4, 1.75, 3, -2
493 -> 387, -4, 1.75, 1, -2
493 -> 387, -4, 1.75, 2, -2
494 -> 387, -3, 0.25, 1, -1.5
494 -> 387, -3, 0.25, 2, -1.5
495 -> 387, -3, 0.75, 5, -0.5
496 -> 387, -2, 0.75, 3, -1
496 -> 387, -2, 0.25, 3, -1
496 -> 387, -2, 0.75, 4, -1
496 -> 387, -5, 1.75, 1, -2
496 -> 387, -2, 1.75, 1, -0.5
496 -> 387, -5, 1.75, 3, -1.5
496 -> 387, -5, 1.25, 3, -0.5
496 -> 387, -5, 1.75, 2, -1.5
497 -> 387, -3, 0.75, 2, -1.5
497 -> 387, -2, 0.25, 4, -1
497 -> 387, -2, 0.25, 5, -1
499 -> 387, -3, 1.25, 2, -2
499 -> 387, -3, 1.25, 4, -2
499 -> 387, -3, 1.25, 5, -2
499 -> 387, -3, 1.25, 3, -2
500 -> 387, -1, 0.25, 5, -1
500 -> 387, -4, 1.75, 1, -0.5
500 -> 387, -4, 1.75, 3, -0.5
500 -> 387, -4, 1.75, 2, -0.5
500 -> 387, -1, 0.25, 4, -1
500 -> 387, -1, 0.25, 3, -1
501 -> 387, -3, 0.25, 5, -0.5
501 -> 387, -2, 0.75, 2, -1
503 -> 387, -1, 1.25, 2, -1
503 -> 387, -1, 0.75, 1, -2
505 -> 387, -4, 0.25, 5, -0.5
506 -> 387, -4, 0.25, 3, -1.5
506 -> 387, -4, 0.25, 4, -1.5
511 -> 387, -5, 1.25, 5, -1.5
514 -> 387, -1, 0.25, 1, -1
514 -> 387, -5, 0.75, 3, -2
514 -> 387, -1, 0.25, 2, -1
516 -> 387, -4, 1.75, 2, -1.5
516 -> 387, -4, 1.75, 3, -1.5
517 -> 387, -4, 0.75, 5, -0.5
517 -> 387, -4, 0.75, 4, -0.5
519 -> 387, -3, 0.25, 4, -1.5
519 -> 387, -3, 0.25, 3, -1.5
519 -> 387, -3, 0.25, 5, -1.5
520 -> 387, -4, 1.75, 5, -2
520 -> 387, -4, 1.75, 4, -2
521 -> 387, -5, 1.25, 3, -1
521 -> 387, -2, 1.75, 5, -1.5
521 -> 387, -2, 1.75, 4, -1.5
522 -> 387, -3, 1.75, 4, -0.5
523 -> 387, -4, 0.75, 2, -2
523 -> 387, -4, 0.75, 5, -2
523 -> 387, -4, 0.75, 1, -2
523 -> 387, -4, 0.75, 3, -2
523 -> 387, -4, 0.75, 4, -2
523 -> 387, -5, 0.75, 2, -2
524 -> 387, -3, 0.25, 2, -0.5
524 -> 387, -3, 1.25, 2, -1
524 -> 387, -2, 0.25, 2, -0.5
524 -> 387, -3, 0.25, 3, -0.5
527 -> 387, -5, 0.75, 2, -1.5
527 -> 387, -5, 0.75, 5, -1.5
527 -> 387, -5, 0.75, 3, -1.5
527 -> 387, -5, 0.75, 1, -1.5
527 -> 387, -5, 0.75, 4, -1.5
531 -> 387, -3, 0.75, 1, -2
532 -> 387, -1, 1.75, 4, -1.5
533 -> 387, -4, 0.75, 1, -1
534 -> 387, -5, 1.75, 1, -1.5
535 -> 387, -5, 0.75, 3, -1
535 -> 387, -5, 0.75, 2, -1
535 -> 387, -5, 0.75, 4, -1
535 -> 387, -5, 0.75, 5, -1
537 -> 387, -4, 1.75, 5, -0.5
537 -> 387, -5, 0.75, 1, -1
541 -> 387, -4, 0.25, 1, -1
543 -> 387, -5, 1.75, 5, -0.5
551 -> 387, -5, 1.75, 4, -0.5
557 -> 387, -5, 1.75, 4, -1
562 -> 387, -4, 0.75, 3, -1
562 -> 387, -4, 0.75, 2, -1
562 -> 387, -4, 0.75, 5, -1
562 -> 387, -4, 0.75, 4, -1
563 -> 387, -5, 1.25, 1, -0.5
563 -> 387, -5, 1.25, 2, -0.5
565 -> 387, -3, 0.25, 1, -0.5
575 -> 387, -5, 0.25, 5, -1
575 -> 387, -5, 0.25, 1, -1
575 -> 387, -5, 0.25, 3, -1
575 -> 387, -5, 0.25, 2, -1
575 -> 387, -5, 0.25, 4, -1
576 -> 387, -4, 0.75, 3, -1.5
576 -> 387, -4, 0.75, 2, -1.5
576 -> 387, -4, 0.75, 1, -1.5
576 -> 387, -4, 0.75, 4, -1.5
576 -> 387, -4, 0.75, 5, -1.5
596 -> 387, -5, 0.25, 4, -2
596 -> 387, -5, 0.25, 3, -2
596 -> 387, -5, 0.25, 2, -2
596 -> 387, -5, 0.25, 1, -2
596 -> 387, -5, 0.25, 5, -2
706 -> 387, -4, 1.25, 5, -0.5
706 -> 387, -4, 1.25, 4, -0.5
