364 -> 303, -3, 1.75, 1, -0.5
365 -> 303, -2, 1.75, 1, -0.5
365 -> 303, -2, 1.75, 2, -0.5
365 -> 303, -3, 0.75, 4, -1
367 -> 303, -4, 1.75, 1, -1.5
367 -> 303, -4, 1.75, 2, -1.5
371 -> 303, -4, 0.75, 5, -0.5
371 -> 303, -3, 1.25, 3, -1.5
374 -> 303, -3, 1.75, 3, -0.5
378 -> 303, -3, 0.75, 1, -2
379 -> 303, -2, 1.75, 3, -0.5
385 -> 303, -2, 1.25, 4, -1
387 -> 303, -1, 1.25, 4, -2
387 -> 303, -2, 1.75, 4, -2
387 -> 303, -1, 1.75, 2, -1
388 -> 303, -3, 0.75, 5, -1
390 -> 303, -3, 1.25, 2, -0.5
391 -> 303, -4, 0.25, 3, -0.5
393 -> 303, -3, 1.25, 1, -0.5
393 -> 303, -3, 0.75, 3, -0.5
393 -> 303, -1, 1.75, 1, -2
395 -> 303, -5, 1.75, 2, -1
396 -> 303, -2, 1.75, 3, -2
396 -> 303, -2, 1.75, 2, -2
397 -> 303, -3, 0.75, 3, -2
397 -> 303, -3, 0.75, 2, -2
398 -> 303, -2, 1.25, 5, -1.5
398 -> 303, -5, 0.75, 1, -0.5
399 -> 303, -1, 0.75, 1, -1.5
399 -> 303, -3, 0.75, 5, -0.5
400 -> 303, -2, 0.25, 1, -1.5
400 -> 303, -3, 1.75, 5, -1.5
401 -> 303, -3, 1.75, 1, -1
402 -> 303, -4, 1.25, 1, -1.5
402 -> 303, -2, 1.75, 5, -0.5
402 -> 303, -2, 1.75, 4, -0.5
404 -> 303, -4, 1.75, 4, -2
405 -> 303, -4, 1.25, 3, -1
406 -> 303, -4, 0.75, 4, -1
406 -> 303, -3, 1.75, 2, -0.5
406 -> 303, -4, 0.75, 3, -1
407 -> 303, -3, 1.75, 2, -1
408 -> 303, -4, 1.25, 2, -1.5
408 -> 303, -4, 1.25, 3, -1.5
409 -> 303, -4, 1.75, 2, -2
409 -> 303, -1, 1.75, 5, -1
410 -> 303, -2, 1.25, 4, -0.5
410 -> 303, -4, 1.25, 3, -2
411 -> 303, -4, 0.75, 5, -2
411 -> 303, -4, 1.75, 3, -2
411 -> 303, -1, 0.75, 1, -0.5
412 -> 303, -5, 1.25, 5, -0.5
412 -> 303, -5, 1.25, 4, -0.5
412 -> 303, -4, 1.75, 5, -1
412 -> 303, -2, 1.25, 5, -0.5
413 -> 303, -3, 0.75, 1, -0.5
414 -> 303, -1, 1.75, 4, -0.5
414 -> 303, -1, 1.75, 5, -0.5
414 -> 303, -4, 1.75, 3, -1
414 -> 303, -4, 0.75, 5, -1
414 -> 303, -2, 1.25, 4, -1.5
415 -> 303, -4, 1.75, 2, -1
416 -> 303, -2, 1.75, 1, -2
417 -> 303, -2, 1.25, 3, -1.5
417 -> 303, -1, 0.75, 4, -2
417 -> 303, -2, 1.75, 2, -1
417 -> 303, -1, 0.75, 3, -2
417 -> 303, -1, 0.75, 5, -2
417 -> 303, -2, 1.25, 2, -1.5
418 -> 303, -1, 0.25, 4, -0.5
418 -> 303, -1, 0.25, 5, -0.5
418 -> 303, -1, 1.25, 2, -2
418 -> 303, -5, 1.25, 2, -2
418 -> 303, -2, 0.25, 1, -0.5
418 -> 303, -1, 1.25, 3, -2
418 -> 303, -5, 1.25, 1, -2
418 -> 303, -1, 0.25, 3, -0.5
419 -> 303, -3, 1.75, 4, -2
419 -> 303, -1, 0.25, 2, -0.5
419 -> 303, -3, 1.75, 3, -2
419 -> 303, -3, 1.75, 2, -2
422 -> 303, -2, 0.75, 3, -1
422 -> 303, -2, 0.75, 2, -1
422 -> 303, -2, 0.75, 4, -2
422 -> 303, -2, 0.75, 5, -2
422 -> 303, -2, 0.75, 3, -2
423 -> 303, -4, 1.25, 5, -1
423 -> 303, -4, 1.25, 4, -1
424 -> 303, -2, 1.25, 3, -2
424 -> 303, -2, 1.25, 2, -2
424 -> 303, -4, 0.75, 1, -1
424 -> 303, -4, 0.75, 2, -1
424 -> 303, -4, 0.25, 3, -2
424 -> 303, -4, 0.25, 2, -2
424 -> 303, -4, 0.25, 1, -2
425 -> 303, -5, 0.75, 4, -2
425 -> 303, -2, 1.25, 1, -1
425 -> 303, -2, 0.75, 5, -1.5
425 -> 303, -4, 0.75, 2, -1.5
425 -> 303, -5, 1.75, 5, -2
426 -> 303, -4, 0.75, 4, -0.5
426 -> 303, -2, 0.75, 1, -1.5
426 -> 303, -4, 0.25, 5, -0.5
426 -> 303, -2, 0.75, 2, -1.5
426 -> 303, -2, 0.75, 4, -1.5
426 -> 303, -1, 1.75, 2, -0.5
426 -> 303, -2, 0.75, 3, -1.5
427 -> 303, -1, 1.25, 1, -1.5
427 -> 303, -2, 1.75, 1, -1
427 -> 303, -2, 1.25, 5, -2
428 -> 303, -4, 1.25, 5, -0.5
428 -> 303, -4, 1.25, 4, -0.5
428 -> 303, -2, 0.25, 3, -1.5
428 -> 303, -3, 1.75, 5, -1
428 -> 303, -2, 0.25, 4, -1.5
429 -> 303, -4, 0.25, 3, -1
429 -> 303, -4, 0.25, 2, -1
430 -> 303, -2, 1.75, 3, -1.5
430 -> 303, -3, 1.75, 5, -2
432 -> 303, -3, 0.25, 5, -0.5
432 -> 303, -3, 1.75, 2, -1.5
432 -> 303, -4, 1.75, 3, -1.5
432 -> 303, -4, 1.75, 4, -1.5
432 -> 303, -3, 0.25, 2, -0.5
432 -> 303, -3, 0.25, 4, -0.5
432 -> 303, -2, 1.25, 3, -0.5
433 -> 303, -5, 1.25, 4, -2
433 -> 303, -5, 1.25, 5, -2
434 -> 303, -1, 0.25, 1, -0.5
434 -> 303, -1, 1.25, 4, -1
435 -> 303, -1, 0.25, 3, -1
435 -> 303, -3, 1.25, 5, -1.5
435 -> 303, -3, 1.25, 4, -1.5
435 -> 303, -4, 0.75, 1, -1.5
436 -> 303, -4, 0.25, 2, -0.5
436 -> 303, -1, 0.25, 3, -1.5
436 -> 303, -1, 0.25, 5, -1.5
436 -> 303, -4, 1.25, 4, -1.5
436 -> 303, -1, 0.25, 4, -1.5
437 -> 303, -1, 0.75, 3, -1
437 -> 303, -2, 1.75, 5, -2
438 -> 303, -2, 1.25, 1, -2
438 -> 303, -1, 1.75, 3, -0.5
439 -> 303, -2, 0.75, 5, -1
439 -> 303, -5, 0.25, 5, -1.5
439 -> 303, -2, 0.25, 2, -2
441 -> 303, -1, 1.25, 5, -1.5
441 -> 303, -1, 1.75, 1, -1
441 -> 303, -1, 1.25, 4, -1.5
441 -> 303, -5, 1.75, 1, -1
441 -> 303, -1, 1.25, 3, -1.5
442 -> 303, -3, 1.25, 4, -0.5
442 -> 303, -4, 0.25, 4, -1.5
442 -> 303, -4, 1.75, 1, -2
443 -> 303, -1, 1.25, 4, -0.5
443 -> 303, -4, 1.75, 4, -1
443 -> 303, -1, 1.25, 5, -0.5
444 -> 303, -5, 0.25, 5, -2
444 -> 303, -1, 1.25, 5, -1
444 -> 303, -1, 1.25, 2, -1.5
445 -> 303, -2, 1.25, 4, -2
445 -> 303, -3, 0.75, 3, -1
445 -> 303, -3, 0.75, 2, -1
446 -> 303, -5, 1.25, 2, -0.5
446 -> 303, -5, 1.25, 1, -0.5
446 -> 303, -5, 1.25, 1, -1.5
446 -> 303, -1, 0.75, 2, -2
446 -> 303, -5, 1.25, 5, -1.5
446 -> 303, -2, 1.75, 5, -1.5
446 -> 303, -5, 1.25, 4, -1.5
447 -> 303, -2, 1.25, 2, -0.5
447 -> 303, -2, 0.75, 1, -1
447 -> 303, -2, 1.75, 2, -1.5
447 -> 303, -1, 1.25, 5, -2
447 -> 303, -1, 1.75, 4, -2
447 -> 303, -1, 1.75, 5, -2
449 -> 303, -5, 0.25, 4, -2
449 -> 303, -5, 0.25, 2, -2
449 -> 303, -1, 0.25, 2, -1
449 -> 303, -3, 1.25, 3, -0.5
449 -> 303, -3, 1.75, 1, -1.5
449 -> 303, -1, 0.25, 1, -1
449 -> 303, -5, 0.25, 3, -2
449 -> 303, -5, 1.75, 2, -2
449 -> 303, -4, 0.75, 3, -0.5
449 -> 303, -2, 0.75, 4, -1
449 -> 303, -5, 1.75, 4, -2
449 -> 303, -1, 1.25, 2, -1
449 -> 303, -1, 1.25, 3, -1
449 -> 303, -5, 1.75, 3, -2
450 -> 303, -4, 1.75, 3, -0.5
450 -> 303, -1, 0.75, 4, -1
450 -> 303, -1, 0.75, 5, -1
451 -> 303, -4, 1.25, 2, -1
451 -> 303, -5, 1.75, 4, -1.5
451 -> 303, -3, 1.75, 3, -1
451 -> 303, -5, 1.75, 5, -1.5
451 -> 303, -5, 0.75, 1, -2
451 -> 303, -5, 0.75, 5, -1
451 -> 303, -5, 0.75, 2, -2
451 -> 303, -5, 1.75, 3, -1.5
451 -> 303, -5, 0.75, 3, -2
451 -> 303, -3, 1.75, 4, -1
453 -> 303, -4, 1.25, 1, -1
453 -> 303, -2, 0.25, 5, -0.5
453 -> 303, -2, 0.25, 5, -1.5
453 -> 303, -3, 0.25, 3, -0.5
454 -> 303, -2, 1.75, 4, -1.5
454 -> 303, -3, 1.25, 5, -0.5
455 -> 303, -1, 0.25, 2, -2
455 -> 303, -5, 0.25, 1, -2
455 -> 303, -4, 0.75, 3, -1.5
455 -> 303, -5, 0.75, 4, -1.5
455 -> 303, -5, 0.75, 5, -1.5
455 -> 303, -1, 0.25, 1, -2
456 -> 303, -2, 0.25, 4, -1
456 -> 303, -2, 0.25, 3, -1
456 -> 303, -2, 0.25, 5, -1
456 -> 303, -2, 0.25, 2, -1
457 -> 303, -4, 1.75, 5, -2
458 -> 303, -4, 0.25, 4, -2
458 -> 303, -5, 0.75, 5, -2
458 -> 303, -4, 0.25, 5, -2
458 -> 303, -3, 1.25, 1, -1
458 -> 303, -2, 1.25, 1, -0.5
458 -> 303, -3, 0.25, 3, -2
458 -> 303, -3, 0.25, 4, -2
458 -> 303, -3, 0.25, 5, -2
460 -> 303, -3, 0.25, 4, -1.5
460 -> 303, -3, 0.25, 5, -1.5
461 -> 303, -1, 0.25, 5, -1
461 -> 303, -1, 0.25, 4, -1
461 -> 303, -5, 1.75, 3, -0.5
461 -> 303, -5, 1.75, 2, -0.5
462 -> 303, -1, 0.25, 4, -2
462 -> 303, -1, 0.25, 5, -2
462 -> 303, -3, 0.75, 5, -2
462 -> 303, -3, 0.75, 4, -2
462 -> 303, -1, 0.75, 2, -1
463 -> 303, -4, 0.75, 2, -2
463 -> 303, -2, 1.25, 5, -1
463 -> 303, -5, 0.75, 5, -0.5
464 -> 303, -4, 0.75, 4, -2
464 -> 303, -4, 1.75, 1, -1
464 -> 303, -4, 0.75, 3, -2
465 -> 303, -2, 0.25, 1, -1
466 -> 303, -1, 1.75, 4, -1
466 -> 303, -1, 1.75, 3, -1
466 -> 303, -5, 0.25, 4, -1
467 -> 303, -4, 0.25, 4, -0.5
467 -> 303, -1, 1.25, 2, -0.5
467 -> 303, -4, 1.75, 5, -1.5
469 -> 303, -2, 1.75, 1, -1.5
470 -> 303, -3, 1.25, 1, -1.5
470 -> 303, -1, 1.25, 1, -0.5
470 -> 303, -1, 1.25, 1, -1
471 -> 303, -3, 0.25, 1, -0.5
471 -> 303, -1, 1.25, 1, -2
471 -> 303, -4, 1.75, 4, -0.5
471 -> 303, -3, 1.25, 2, -1.5
471 -> 303, -4, 1.75, 5, -0.5
471 -> 303, -3, 0.25, 2, -1.5
472 -> 303, -3, 1.75, 1, -2
473 -> 303, -3, 0.75, 4, -1.5
473 -> 303, -3, 0.75, 2, -1.5
473 -> 303, -3, 0.75, 3, -1.5
473 -> 303, -2, 0.25, 2, -0.5
473 -> 303, -3, 0.75, 5, -1.5
474 -> 303, -3, 0.25, 1, -1
474 -> 303, -3, 0.25, 2, -1
474 -> 303, -1, 1.75, 3, -1.5
475 -> 303, -2, 0.75, 1, -0.5
475 -> 303, -5, 0.75, 2, -0.5
475 -> 303, -4, 0.75, 1, -2
476 -> 303, -1, 0.75, 1, -2
476 -> 303, -1, 1.75, 2, -2
476 -> 303, -4, 0.25, 5, -1.5
476 -> 303, -1, 1.75, 3, -2
477 -> 303, -5, 1.25, 2, -1.5
478 -> 303, -3, 0.75, 1, -1
479 -> 303, -2, 0.75, 2, -2
479 -> 303, -2, 0.75, 1, -2
479 -> 303, -5, 1.75, 3, -1
479 -> 303, -3, 0.25, 1, -1.5
481 -> 303, -5, 0.25, 3, -1
481 -> 303, -5, 0.25, 1, -1
481 -> 303, -5, 0.25, 2, -1
482 -> 303, -4, 0.25, 1, -0.5
483 -> 303, -5, 1.75, 5, -1
483 -> 303, -5, 1.75, 4, -1
484 -> 303, -2, 0.25, 1, -2
485 -> 303, -1, 0.25, 3, -2
485 -> 303, -5, 0.25, 5, -0.5
486 -> 303, -4, 1.25, 4, -2
486 -> 303, -4, 1.25, 5, -2
488 -> 303, -5, 1.25, 3, -1.5
489 -> 303, -1, 1.75, 1, -0.5
489 -> 303, -4, 1.25, 5, -1.5
490 -> 303, -3, 0.75, 4, -0.5
490 -> 303, -4, 1.25, 2, -2
491 -> 303, -1, 0.75, 3, -1.5
491 -> 303, -1, 0.75, 5, -1.5
491 -> 303, -1, 0.75, 4, -1.5
491 -> 303, -2, 1.25, 1, -1.5
491 -> 303, -1, 0.75, 2, -1.5
492 -> 303, -2, 0.25, 4, -0.5
492 -> 303, -2, 0.25, 3, -0.5
493 -> 303, -5, 1.75, 1, -1.5
493 -> 303, -5, 1.75, 2, -1.5
495 -> 303, -3, 1.75, 4, -0.5
495 -> 303, -1, 0.75, 1, -1
495 -> 303, -3, 1.75, 5, -0.5
496 -> 303, -5, 1.75, 5, -0.5
496 -> 303, -5, 1.75, 4, -0.5
498 -> 303, -4, 1.75, 1, -0.5
498 -> 303, -3, 1.25, 1, -2
498 -> 303, -3, 1.25, 2, -2
498 -> 303, -3, 1.25, 3, -2
498 -> 303, -3, 1.25, 4, -2
498 -> 303, -4, 1.75, 2, -0.5
500 -> 303, -1, 1.75, 5, -1.5
500 -> 303, -4, 0.75, 1, -0.5
500 -> 303, -1, 1.75, 4, -1.5
500 -> 303, -1, 0.25, 2, -1.5
500 -> 303, -1, 0.25, 1, -1.5
502 -> 303, -5, 1.25, 3, -2
502 -> 303, -4, 0.75, 2, -0.5
503 -> 303, -5, 0.25, 2, -0.5
503 -> 303, -5, 0.25, 3, -0.5
503 -> 303, -5, 0.25, 4, -0.5
503 -> 303, -4, 0.75, 4, -1.5
503 -> 303, -4, 0.75, 5, -1.5
504 -> 303, -3, 0.25, 3, -1.5
505 -> 303, -2, 1.75, 5, -1
506 -> 303, -2, 1.75, 3, -1
506 -> 303, -2, 1.75, 4, -1
506 -> 303, -4, 1.25, 1, -2
507 -> 303, -4, 0.25, 3, -1.5
507 -> 303, -1, 1.25, 3, -0.5
508 -> 303, -4, 0.25, 1, -1.5
508 -> 303, -4, 0.25, 2, -1.5
510 -> 303, -3, 1.75, 3, -1.5
510 -> 303, -3, 1.75, 4, -1.5
511 -> 303, -2, 1.25, 3, -1
511 -> 303, -2, 1.25, 2, -1
512 -> 303, -2, 0.25, 5, -2
512 -> 303, -2, 0.25, 4, -2
512 -> 303, -2, 0.25, 3, -2
513 -> 303, -2, 0.75, 5, -0.5
513 -> 303, -2, 0.75, 4, -0.5
513 -> 303, -2, 0.75, 3, -0.5
514 -> 303, -2, 0.75, 2, -0.5
516 -> 303, -5, 1.25, 3, -0.5
518 -> 303, -3, 0.25, 2, -2
518 -> 303, -3, 0.25, 1, -2
518 -> 303, -5, 0.75, 4, -1
521 -> 303, -1, 1.75, 2, -1.5
521 -> 303, -1, 1.75, 1, -1.5
523 -> 303, -3, 1.25, 5, -2
524 -> 303, -3, 0.75, 1, -1.5
529 -> 303, -5, 1.75, 1, -0.5
534 -> 303, -1, 0.75, 5, -0.5
534 -> 303, -1, 0.75, 3, -0.5
534 -> 303, -1, 0.75, 4, -0.5
535 -> 303, -3, 0.75, 2, -0.5
536 -> 303, -5, 0.25, 2, -1.5
536 -> 303, -5, 0.25, 4, -1.5
536 -> 303, -5, 0.25, 1, -1.5
536 -> 303, -5, 0.25, 3, -1.5
537 -> 303, -5, 0.75, 1, -1.5
537 -> 303, -5, 0.75, 2, -1.5
537 -> 303, -5, 0.75, 3, -1.5
540 -> 303, -4, 0.25, 4, -1
540 -> 303, -4, 0.25, 5, -1
540 -> 303, -2, 0.25, 2, -1.5
541 -> 303, -5, 1.75, 1, -2
543 -> 303, -3, 0.25, 5, -1
543 -> 303, -3, 0.25, 3, -1
543 -> 303, -3, 0.25, 4, -1
543 -> 303, -5, 0.75, 4, -0.5
547 -> 303, -3, 1.25, 5, -1
550 -> 303, -1, 0.75, 2, -0.5
550 -> 303, -4, 0.25, 1, -1
550 -> 303, -5, 1.25, 5, -1
550 -> 303, -5, 0.25, 5, -1
550 -> 303, -5, 1.25, 4, -1
550 -> 303, -5, 1.25, 3, -1
559 -> 303, -5, 1.25, 1, -1
559 -> 303, -5, 1.25, 2, -1
562 -> 303, -3, 1.25, 4, -1
562 -> 303, -3, 1.25, 3, -1
563 -> 303, -3, 1.25, 2, -1
579 -> 303, -5, 0.75, 1, -1
579 -> 303, -5, 0.75, 2, -1
584 -> 303, -5, 0.75, 3, -0.5
640 -> 303, -5, 0.75, 3, -1
664 -> 303, -5, 0.25, 1, -0.5
688 -> 303, -4, 1.25, 3, -0.5
738 -> 303, -4, 1.25, 2, -0.5
738 -> 303, -4, 1.25, 1, -0.5
