338 -> 179, -2, 1.25, 2, -0.5
349 -> 179, -5, 1.25, 5, -1
353 -> 179, -5, 1.75, 2, -2
353 -> 179, -2, 1.25, 1, -0.5
354 -> 179, -5, 0.75, 5, -0.5
356 -> 179, -2, 1.75, 3, -1.5
364 -> 179, -5, 1.75, 3, -1
365 -> 179, -3, 1.25, 4, -1
369 -> 179, -5, 1.25, 5, -2
369 -> 179, -5, 1.25, 4, -2
371 -> 179, -4, 0.25, 2, -0.5
373 -> 179, -5, 1.25, 1, -2
375 -> 179, -2, 1.25, 2, -2
379 -> 179, -1, 1.25, 2, -0.5
380 -> 179, -3, 1.25, 5, -1
381 -> 179, -4, 1.75, 5, -1.5
382 -> 179, -2, 0.75, 4, -1.5
382 -> 179, -5, 1.75, 3, -2
383 -> 179, -3, 0.75, 4, -2
383 -> 179, -1, 0.75, 3, -1
383 -> 179, -1, 0.75, 5, -1
383 -> 179, -3, 0.75, 5, -2
384 -> 179, -3, 0.75, 5, -1.5
384 -> 179, -1, 0.75, 1, -1
385 -> 179, -1, 0.75, 4, -1
386 -> 179, -3, 1.25, 5, -1.5
386 -> 179, -3, 1.25, 4, -1.5
389 -> 179, -1, 0.75, 2, -1
389 -> 179, -4, 0.75, 2, -1.5
390 -> 179, -2, 1.25, 1, -2
390 -> 179, -4, 0.75, 5, -1.5
390 -> 179, -4, 0.75, 4, -1.5
390 -> 179, -4, 0.75, 3, -1.5
391 -> 179, -3, 1.75, 3, -2
391 -> 179, -5, 0.75, 5, -2
391 -> 179, -5, 0.75, 4, -2
392 -> 179, -1, 1.75, 4, -1.5
392 -> 179, -4, 0.75, 1, -1.5
394 -> 179, -2, 1.75, 5, -1
394 -> 179, -2, 0.75, 3, -0.5
394 -> 179, -2, 1.75, 4, -1
396 -> 179, -1, 0.25, 2, -0.5
397 -> 179, -3, 1.25, 4, -0.5
397 -> 179, -3, 1.75, 4, -1.5
397 -> 179, -3, 1.75, 3, -1.5
398 -> 179, -5, 1.75, 5, -2
400 -> 179, -4, 0.75, 5, -2
400 -> 179, -2, 0.75, 5, -1.5
400 -> 179, -4, 0.75, 3, -2
400 -> 179, -4, 0.75, 4, -2
401 -> 179, -5, 1.25, 2, -2
402 -> 179, -4, 1.75, 1, -1.5
402 -> 179, -2, 1.75, 5, -2
402 -> 179, -2, 1.75, 4, -2
404 -> 179, -3, 1.75, 4, -2
404 -> 179, -3, 0.75, 3, -2
405 -> 179, -1, 1.75, 5, -1.5
405 -> 179, -2, 1.75, 4, -1.5
406 -> 179, -2, 1.25, 4, -1
406 -> 179, -2, 1.25, 3, -1
407 -> 179, -4, 0.75, 1, -2
407 -> 179, -5, 1.75, 5, -1
408 -> 179, -1, 1.25, 5, -0.5
408 -> 179, -5, 1.25, 1, -1.5
410 -> 179, -4, 1.25, 1, -2
410 -> 179, -4, 1.75, 5, -2
411 -> 179, -3, 0.75, 2, -2
411 -> 179, -3, 0.75, 3, -1.5
411 -> 179, -3, 0.75, 1, -1
411 -> 179, -3, 0.75, 4, -1.5
411 -> 179, -3, 0.75, 1, -2
411 -> 179, -2, 1.25, 3, -1.5
412 -> 179, -1, 1.25, 1, -1
412 -> 179, -2, 1.75, 3, -2
413 -> 179, -2, 1.75, 2, -1
413 -> 179, -2, 1.75, 1, -1
413 -> 179, -3, 1.25, 2, -1
414 -> 179, -1, 0.25, 4, -0.5
414 -> 179, -5, 1.75, 1, -2
414 -> 179, -5, 0.25, 4, -0.5
414 -> 179, -2, 1.75, 5, -0.5
414 -> 179, -3, 1.75, 1, -2
416 -> 179, -2, 0.25, 4, -0.5
416 -> 179, -1, 1.25, 4, -1
416 -> 179, -5, 0.25, 5, -2
416 -> 179, -5, 0.25, 4, -2
416 -> 179, -2, 0.25, 3, -0.5
416 -> 179, -3, 1.25, 2, -2
417 -> 179, -4, 1.75, 2, -1.5
417 -> 179, -3, 1.75, 5, -1.5
417 -> 179, -2, 0.75, 3, -2
418 -> 179, -2, 1.25, 3, -2
418 -> 179, -5, 1.75, 4, -2
418 -> 179, -2, 1.25, 4, -2
418 -> 179, -1, 0.25, 3, -0.5
418 -> 179, -2, 1.25, 5, -2
418 -> 179, -3, 1.75, 2, -2
418 -> 179, -5, 0.75, 1, -1
418 -> 179, -5, 0.75, 1, -1.5
418 -> 179, -5, 0.75, 2, -1.5
419 -> 179, -5, 0.25, 3, -2
419 -> 179, -5, 1.75, 5, -1.5
419 -> 179, -4, 0.75, 5, -1
419 -> 179, -5, 1.75, 4, -1.5
419 -> 179, -5, 1.75, 3, -1.5
420 -> 179, -1, 1.75, 2, -0.5
420 -> 179, -1, 1.75, 1, -0.5
420 -> 179, -3, 1.25, 1, -2
420 -> 179, -2, 1.75, 5, -1.5
420 -> 179, -1, 1.75, 1, -1
421 -> 179, -4, 1.75, 3, -2
421 -> 179, -4, 1.75, 2, -2
422 -> 179, -2, 1.25, 4, -0.5
422 -> 179, -1, 1.25, 5, -1
422 -> 179, -4, 1.75, 4, -1
422 -> 179, -4, 1.75, 5, -1
423 -> 179, -4, 1.75, 3, -1
423 -> 179, -1, 0.75, 5, -2
423 -> 179, -4, 1.75, 2, -1
423 -> 179, -1, 0.75, 4, -2
424 -> 179, -1, 1.25, 3, -0.5
424 -> 179, -1, 1.75, 5, -0.5
424 -> 179, -2, 0.75, 1, -1.5
424 -> 179, -2, 0.75, 3, -1.5
424 -> 179, -2, 0.75, 2, -1.5
425 -> 179, -2, 1.25, 5, -1.5
425 -> 179, -3, 1.75, 5, -2
425 -> 179, -2, 1.25, 4, -1.5
425 -> 179, -2, 0.75, 2, -0.5
425 -> 179, -1, 0.25, 2, -1
425 -> 179, -1, 0.25, 1, -1
426 -> 179, -2, 1.25, 3, -0.5
426 -> 179, -1, 0.25, 5, -0.5
426 -> 179, -4, 0.25, 1, -2
426 -> 179, -2, 1.75, 1, -0.5
426 -> 179, -4, 0.25, 2, -2
427 -> 179, -5, 1.25, 5, -0.5
427 -> 179, -4, 0.25, 2, -1.5
428 -> 179, -3, 0.75, 4, -0.5
428 -> 179, -3, 0.75, 5, -0.5
428 -> 179, -1, 0.75, 2, -0.5
428 -> 179, -4, 0.75, 2, -2
428 -> 179, -2, 0.75, 5, -0.5
428 -> 179, -5, 1.25, 3, -2
428 -> 179, -2, 0.75, 4, -0.5
428 -> 179, -4, 1.25, 5, -1
428 -> 179, -5, 1.25, 4, -0.5
429 -> 179, -5, 1.25, 3, -1
429 -> 179, -3, 1.75, 1, -1
429 -> 179, -5, 1.25, 4, -1
430 -> 179, -5, 0.75, 1, -0.5
430 -> 179, -1, 0.75, 1, -2
430 -> 179, -4, 0.25, 1, -0.5
430 -> 179, -1, 0.75, 2, -2
430 -> 179, -1, 1.75, 2, -1
430 -> 179, -2, 1.25, 1, -1.5
430 -> 179, -2, 1.25, 2, -1.5
430 -> 179, -2, 0.75, 5, -2
431 -> 179, -1, 1.25, 5, -1.5
431 -> 179, -2, 0.25, 5, -0.5
431 -> 179, -5, 0.75, 5, -1.5
431 -> 179, -5, 0.75, 4, -1.5
432 -> 179, -1, 0.75, 4, -0.5
434 -> 179, -1, 1.75, 2, -2
434 -> 179, -1, 1.75, 1, -2
434 -> 179, -1, 0.25, 1, -0.5
434 -> 179, -5, 0.25, 5, -0.5
435 -> 179, -5, 1.75, 4, -1
435 -> 179, -1, 1.25, 1, -0.5
435 -> 179, -2, 1.75, 3, -1
437 -> 179, -3, 1.75, 2, -1
437 -> 179, -2, 0.75, 2, -2
437 -> 179, -1, 0.25, 1, -2
437 -> 179, -5, 1.75, 1, -1.5
437 -> 179, -5, 1.75, 2, -1.5
439 -> 179, -2, 1.75, 2, -1.5
440 -> 179, -4, 0.25, 1, -1.5
440 -> 179, -4, 1.75, 4, -1.5
440 -> 179, -4, 1.75, 3, -1.5
440 -> 179, -2, 0.75, 4, -2
440 -> 179, -4, 1.25, 1, -1
440 -> 179, -2, 1.75, 1, -1.5
441 -> 179, -1, 0.75, 5, -0.5
442 -> 179, -4, 1.25, 4, -1.5
442 -> 179, -4, 1.25, 5, -1.5
442 -> 179, -3, 1.75, 2, -1.5
442 -> 179, -4, 1.25, 3, -1.5
442 -> 179, -3, 1.25, 2, -1.5
442 -> 179, -3, 1.75, 1, -1.5
442 -> 179, -1, 1.75, 5, -1
442 -> 179, -2, 1.75, 3, -0.5
443 -> 179, -1, 1.25, 3, -1
443 -> 179, -1, 0.75, 1, -0.5
444 -> 179, -1, 1.75, 4, -0.5
444 -> 179, -1, 1.75, 3, -0.5
445 -> 179, -2, 1.75, 4, -0.5
446 -> 179, -2, 1.25, 5, -1
446 -> 179, -4, 0.75, 1, -0.5
447 -> 179, -4, 1.75, 1, -2
447 -> 179, -2, 1.75, 2, -2
447 -> 179, -2, 0.75, 1, -2
448 -> 179, -1, 1.25, 4, -2
448 -> 179, -1, 1.75, 3, -2
448 -> 179, -1, 1.25, 3, -2
448 -> 179, -1, 1.25, 1, -2
448 -> 179, -1, 1.25, 2, -2
448 -> 179, -1, 1.75, 4, -2
448 -> 179, -2, 1.25, 5, -0.5
448 -> 179, -1, 1.25, 5, -2
449 -> 179, -3, 1.25, 3, -1.5
449 -> 179, -4, 1.25, 3, -2
449 -> 179, -4, 1.25, 2, -2
450 -> 179, -5, 0.25, 1, -2
450 -> 179, -3, 1.25, 1, -1.5
450 -> 179, -1, 1.75, 3, -1.5
451 -> 179, -2, 1.75, 2, -0.5
451 -> 179, -5, 1.25, 5, -1.5
451 -> 179, -4, 1.75, 4, -2
451 -> 179, -5, 0.25, 2, -2
452 -> 179, -2, 0.75, 4, -1
452 -> 179, -3, 0.25, 3, -1
452 -> 179, -3, 0.25, 2, -1
452 -> 179, -1, 0.25, 4, -1.5
452 -> 179, -2, 0.75, 5, -1
452 -> 179, -1, 0.25, 3, -1.5
452 -> 179, -3, 1.25, 3, -1
452 -> 179, -1, 0.25, 2, -1.5
452 -> 179, -1, 0.25, 1, -1.5
453 -> 179, -5, 0.75, 3, -1.5
453 -> 179, -1, 1.75, 5, -2
453 -> 179, -1, 1.25, 4, -0.5
454 -> 179, -5, 0.75, 2, -2
454 -> 179, -4, 1.25, 5, -2
454 -> 179, -5, 0.75, 3, -2
454 -> 179, -4, 1.25, 4, -2
454 -> 179, -5, 0.75, 1, -2
454 -> 179, -5, 1.25, 2, -1.5
454 -> 179, -5, 1.25, 3, -1.5
454 -> 179, -5, 1.25, 4, -1.5
455 -> 179, -3, 1.25, 5, -2
455 -> 179, -3, 1.25, 3, -2
455 -> 179, -3, 1.25, 4, -2
457 -> 179, -3, 0.75, 3, -1
457 -> 179, -3, 0.75, 2, -1
457 -> 179, -3, 0.75, 4, -1
457 -> 179, -3, 0.75, 5, -1
457 -> 179, -1, 0.75, 3, -2
458 -> 179, -3, 1.75, 4, -1
458 -> 179, -3, 1.75, 3, -1
458 -> 179, -3, 1.75, 5, -1
459 -> 179, -5, 0.25, 1, -1
459 -> 179, -5, 1.25, 3, -0.5
459 -> 179, -5, 0.25, 2, -1
459 -> 179, -5, 0.25, 5, -1
459 -> 179, -5, 1.25, 2, -0.5
459 -> 179, -5, 1.75, 2, -1
459 -> 179, -5, 0.25, 4, -1
459 -> 179, -5, 0.25, 3, -1
461 -> 179, -1, 1.75, 2, -1.5
461 -> 179, -2, 0.75, 1, -0.5
462 -> 179, -4, 1.25, 2, -1
462 -> 179, -4, 1.25, 3, -1
462 -> 179, -4, 1.25, 4, -1
463 -> 179, -2, 1.25, 2, -1
463 -> 179, -2, 1.25, 1, -1
464 -> 179, -4, 0.25, 5, -2
464 -> 179, -4, 0.25, 4, -2
464 -> 179, -4, 0.25, 3, -2
464 -> 179, -1, 0.25, 5, -1.5
465 -> 179, -4, 1.25, 4, -0.5
465 -> 179, -1, 0.25, 3, -2
465 -> 179, -1, 0.25, 4, -2
465 -> 179, -1, 0.25, 2, -2
465 -> 179, -2, 0.25, 1, -2
465 -> 179, -1, 0.25, 5, -2
465 -> 179, -2, 0.25, 2, -2
466 -> 179, -1, 0.25, 4, -1
466 -> 179, -4, 0.25, 2, -1
466 -> 179, -3, 0.75, 2, -1.5
466 -> 179, -1, 0.25, 5, -1
466 -> 179, -4, 0.25, 1, -1
466 -> 179, -3, 0.75, 1, -1.5
467 -> 179, -2, 1.75, 1, -2
468 -> 179, -3, 0.25, 5, -1
468 -> 179, -3, 0.25, 4, -1
469 -> 179, -1, 1.25, 2, -1
470 -> 179, -3, 0.25, 5, -0.5
470 -> 179, -2, 0.25, 5, -2
470 -> 179, -2, 0.25, 3, -2
470 -> 179, -3, 0.25, 4, -0.5
470 -> 179, -3, 0.25, 3, -0.5
470 -> 179, -2, 0.25, 4, -2
472 -> 179, -5, 0.25, 1, -0.5
473 -> 179, -4, 1.25, 2, -1.5
473 -> 179, -4, 1.25, 1, -1.5
476 -> 179, -5, 0.25, 1, -1.5
477 -> 179, -4, 0.25, 5, -1
477 -> 179, -2, 0.25, 2, -1
477 -> 179, -1, 1.75, 3, -1
477 -> 179, -1, 0.75, 5, -1.5
477 -> 179, -1, 0.75, 4, -1.5
477 -> 179, -4, 0.25, 3, -1
477 -> 179, -4, 0.25, 4, -1
478 -> 179, -5, 0.75, 4, -1
478 -> 179, -4, 1.25, 5, -0.5
478 -> 179, -5, 0.25, 4, -1.5
478 -> 179, -5, 0.25, 3, -1.5
478 -> 179, -5, 0.25, 5, -1.5
478 -> 179, -1, 0.75, 3, -0.5
481 -> 179, -5, 0.75, 3, -0.5
481 -> 179, -5, 0.75, 4, -0.5
481 -> 179, -5, 1.75, 1, -1
483 -> 179, -2, 0.75, 3, -1
483 -> 179, -2, 0.75, 2, -1
483 -> 179, -2, 0.75, 1, -1
484 -> 179, -1, 0.75, 2, -1.5
484 -> 179, -1, 0.75, 1, -1.5
485 -> 179, -2, 0.25, 2, -1.5
485 -> 179, -2, 0.25, 4, -1.5
485 -> 179, -2, 0.25, 3, -1.5
485 -> 179, -2, 0.25, 1, -1.5
487 -> 179, -4, 1.25, 3, -0.5
487 -> 179, -2, 0.25, 5, -1.5
488 -> 179, -2, 0.25, 5, -1
488 -> 179, -2, 0.25, 4, -1
488 -> 179, -2, 0.25, 3, -1
489 -> 179, -5, 0.75, 2, -1
489 -> 179, -1, 0.75, 3, -1.5
489 -> 179, -1, 1.75, 1, -1.5
489 -> 179, -5, 0.75, 3, -1
492 -> 179, -5, 1.25, 2, -1
494 -> 179, -1, 1.25, 4, -1.5
494 -> 179, -1, 1.25, 3, -1.5
494 -> 179, -1, 1.25, 2, -1.5
494 -> 179, -4, 0.25, 3, -0.5
494 -> 179, -1, 1.25, 1, -1.5
498 -> 179, -4, 0.25, 5, -1.5
498 -> 179, -5, 0.25, 2, -1.5
498 -> 179, -4, 0.25, 3, -1.5
498 -> 179, -4, 0.25, 4, -1.5
499 -> 179, -1, 0.25, 3, -1
499 -> 179, -5, 1.25, 1, -1
500 -> 179, -3, 0.25, 1, -1.5
503 -> 179, -1, 1.75, 4, -1
504 -> 179, -2, 0.25, 1, -0.5
504 -> 179, -2, 0.25, 2, -0.5
505 -> 179, -4, 0.75, 4, -1
506 -> 179, -3, 0.25, 2, -1.5
506 -> 179, -3, 0.25, 3, -1.5
506 -> 179, -4, 0.75, 1, -1
508 -> 179, -3, 0.25, 5, -1.5
508 -> 179, -3, 0.25, 4, -1.5
509 -> 179, -2, 0.25, 1, -1
510 -> 179, -4, 0.75, 2, -1
510 -> 179, -4, 0.75, 3, -1
518 -> 179, -3, 0.25, 5, -2
518 -> 179, -3, 1.25, 3, -0.5
518 -> 179, -3, 0.25, 1, -2
518 -> 179, -3, 0.25, 3, -2
518 -> 179, -3, 0.25, 4, -2
518 -> 179, -3, 0.25, 2, -2
519 -> 179, -4, 1.75, 1, -1
521 -> 179, -4, 1.25, 2, -0.5
521 -> 179, -4, 0.25, 4, -0.5
521 -> 179, -4, 0.25, 5, -0.5
521 -> 179, -3, 1.25, 1, -1
523 -> 179, -5, 0.25, 2, -0.5
523 -> 179, -5, 0.25, 3, -0.5
535 -> 179, -3, 1.75, 3, -0.5
539 -> 179, -3, 1.25, 2, -0.5
541 -> 179, -3, 1.25, 5, -0.5
541 -> 179, -3, 1.75, 2, -0.5
541 -> 179, -3, 1.75, 1, -0.5
542 -> 179, -5, 0.75, 2, -0.5
542 -> 179, -5, 0.75, 5, -1
552 -> 179, -5, 1.75, 1, -0.5
552 -> 179, -5, 1.75, 2, -0.5
560 -> 179, -3, 0.25, 1, -1
561 -> 179, -3, 0.75, 1, -0.5
564 -> 179, -3, 0.25, 2, -0.5
564 -> 179, -3, 1.25, 1, -0.5
575 -> 179, -4, 1.25, 1, -0.5
575 -> 179, -5, 1.75, 5, -0.5
575 -> 179, -5, 1.75, 4, -0.5
575 -> 179, -5, 1.75, 3, -0.5
579 -> 179, -5, 1.25, 1, -0.5
597 -> 179, -3, 0.75, 3, -0.5
597 -> 179, -3, 0.75, 2, -0.5
611 -> 179, -3, 0.25, 1, -0.5
651 -> 179, -3, 1.75, 4, -0.5
651 -> 179, -3, 1.75, 5, -0.5
660 -> 179, -4, 1.75, 3, -0.5
660 -> 179, -4, 1.75, 1, -0.5
660 -> 179, -4, 1.75, 4, -0.5
660 -> 179, -4, 1.75, 5, -0.5
660 -> 179, -4, 1.75, 2, -0.5
725 -> 179, -4, 0.75, 5, -0.5
725 -> 179, -4, 0.75, 3, -0.5
725 -> 179, -4, 0.75, 2, -0.5
725 -> 179, -4, 0.75, 4, -0.5
