349 -> 469, -2, 1.75, 5, -0.5
352 -> 469, -5, 1.75, 5, -2
360 -> 469, -1, 0.75, 1, -0.5
363 -> 469, -3, 1.25, 1, -1.5
369 -> 469, -3, 1.25, 3, -0.5
370 -> 469, -1, 1.25, 1, -0.5
370 -> 469, -2, 1.75, 4, -0.5
373 -> 469, -1, 1.75, 3, -1
374 -> 469, -4, 1.75, 2, -2
374 -> 469, -4, 1.75, 3, -2
375 -> 469, -4, 1.25, 1, -1
376 -> 469, -3, 0.75, 4, -1.5
380 -> 469, -1, 1.75, 4, -0.5
380 -> 469, -4, 1.75, 1, -1
380 -> 469, -3, 0.75, 4, -1
382 -> 469, -1, 1.75, 4, -1.5
382 -> 469, -1, 1.75, 3, -1.5
383 -> 469, -5, 0.75, 4, -0.5
383 -> 469, -3, 1.75, 5, -1
386 -> 469, -1, 0.75, 5, -1
387 -> 469, -2, 0.75, 3, -0.5
387 -> 469, -2, 0.75, 4, -0.5
391 -> 469, -4, 1.25, 1, -1.5
391 -> 469, -2, 1.75, 2, -1
393 -> 469, -5, 1.75, 4, -1
393 -> 469, -2, 0.75, 4, -2
393 -> 469, -2, 0.75, 5, -2
395 -> 469, -1, 1.75, 1, -1
395 -> 469, -3, 1.25, 2, -1.5
396 -> 469, -1, 1.25, 5, -0.5
396 -> 469, -2, 0.75, 1, -2
398 -> 469, -4, 1.75, 5, -1
398 -> 469, -2, 1.75, 2, -2
398 -> 469, -2, 1.75, 3, -2
399 -> 469, -3, 1.25, 5, -0.5
401 -> 469, -5, 1.25, 1, -0.5
402 -> 469, -1, 1.25, 5, -2
402 -> 469, -5, 0.75, 1, -1.5
402 -> 469, -3, 1.25, 4, -0.5
403 -> 469, -2, 1.75, 1, -1
403 -> 469, -3, 1.75, 5, -0.5
404 -> 469, -4, 0.75, 1, -1.5
404 -> 469, -4, 0.75, 2, -1.5
406 -> 469, -1, 1.75, 2, -2
407 -> 469, -1, 0.25, 5, -1
408 -> 469, -1, 1.25, 5, -1.5
408 -> 469, -3, 1.75, 4, -0.5
408 -> 469, -1, 1.25, 2, -0.5
409 -> 469, -2, 1.75, 2, -0.5
409 -> 469, -5, 1.25, 3, -1.5
409 -> 469, -5, 1.25, 4, -1.5
410 -> 469, -3, 0.75, 3, -1
410 -> 469, -5, 0.75, 5, -0.5
410 -> 469, -3, 0.75, 2, -1
410 -> 469, -3, 0.75, 1, -1
410 -> 469, -3, 1.25, 5, -1.5
411 -> 469, -1, 1.75, 4, -1
411 -> 469, -2, 0.75, 5, -0.5
411 -> 469, -2, 0.75, 2, -2
411 -> 469, -3, 1.75, 1, -2
411 -> 469, -1, 1.75, 1, -2
411 -> 469, -2, 0.75, 3, -2
412 -> 469, -3, 1.25, 3, -1
412 -> 469, -2, 1.75, 3, -0.5
412 -> 469, -1, 1.25, 1, -1
413 -> 469, -2, 1.75, 1, -2
414 -> 469, -1, 1.75, 3, -2
414 -> 469, -1, 1.75, 3, -0.5
414 -> 469, -4, 0.75, 5, -1
414 -> 469, -5, 1.75, 2, -2
414 -> 469, -5, 0.25, 3, -0.5
415 -> 469, -5, 1.75, 2, -1.5
415 -> 469, -2, 1.75, 4, -2
415 -> 469, -2, 1.75, 5, -2
416 -> 469, -1, 0.25, 2, -0.5
416 -> 469, -3, 0.25, 3, -0.5
416 -> 469, -3, 0.75, 5, -1.5
418 -> 469, -2, 1.25, 5, -1.5
418 -> 469, -2, 1.25, 4, -1.5
418 -> 469, -2, 1.75, 1, -0.5
419 -> 469, -2, 0.25, 1, -2
419 -> 469, -5, 1.25, 5, -1.5
420 -> 469, -1, 1.25, 5, -1
420 -> 469, -1, 1.25, 4, -1
421 -> 469, -5, 1.75, 4, -2
422 -> 469, -1, 0.75, 2, -2
422 -> 469, -1, 0.75, 3, -2
422 -> 469, -2, 0.25, 5, -2
422 -> 469, -1, 0.75, 4, -2
422 -> 469, -3, 0.75, 2, -0.5
422 -> 469, -2, 0.25, 2, -2
423 -> 469, -5, 1.25, 1, -1
423 -> 469, -1, 1.25, 4, -2
424 -> 469, -3, 0.75, 5, -1
424 -> 469, -1, 1.75, 2, -0.5
424 -> 469, -2, 0.75, 2, -0.5
425 -> 469, -3, 1.25, 3, -2
425 -> 469, -4, 0.75, 2, -1
425 -> 469, -3, 1.25, 4, -2
425 -> 469, -5, 1.75, 3, -1
425 -> 469, -2, 0.75, 1, -1
425 -> 469, -3, 1.25, 2, -2
425 -> 469, -3, 1.25, 1, -2
425 -> 469, -4, 1.75, 4, -0.5
426 -> 469, -4, 1.75, 2, -1.5
426 -> 469, -1, 1.25, 1, -2
427 -> 469, -5, 1.75, 5, -1
427 -> 469, -3, 0.75, 5, -0.5
428 -> 469, -2, 1.25, 3, -1
428 -> 469, -3, 1.75, 5, -1.5
428 -> 469, -3, 1.75, 4, -1.5
428 -> 469, -2, 1.25, 4, -1
428 -> 469, -2, 1.25, 5, -1
429 -> 469, -3, 0.75, 2, -1.5
429 -> 469, -3, 0.75, 1, -1.5
430 -> 469, -3, 1.75, 3, -1.5
430 -> 469, -1, 0.75, 3, -1.5
431 -> 469, -2, 0.75, 3, -1.5
431 -> 469, -2, 0.75, 4, -1.5
431 -> 469, -3, 0.25, 2, -0.5
431 -> 469, -2, 0.75, 5, -1.5
431 -> 469, -2, 0.75, 2, -1.5
431 -> 469, -3, 1.75, 5, -2
432 -> 469, -1, 0.75, 4, -1
433 -> 469, -1, 1.25, 4, -0.5
433 -> 469, -1, 0.75, 1, -1.5
434 -> 469, -5, 1.25, 2, -1.5
434 -> 469, -1, 0.75, 5, -0.5
435 -> 469, -1, 0.25, 2, -2
435 -> 469, -1, 0.25, 1, -2
436 -> 469, -3, 1.25, 1, -1
437 -> 469, -1, 1.75, 1, -0.5
437 -> 469, -4, 1.75, 1, -2
438 -> 469, -1, 1.75, 5, -0.5
438 -> 469, -1, 0.75, 3, -1
438 -> 469, -1, 0.75, 2, -1
439 -> 469, -3, 0.75, 3, -1.5
439 -> 469, -1, 0.25, 1, -0.5
440 -> 469, -2, 0.75, 4, -1
440 -> 469, -4, 0.75, 4, -1
440 -> 469, -2, 0.75, 2, -1
440 -> 469, -2, 0.75, 3, -1
440 -> 469, -4, 0.75, 3, -1
441 -> 469, -2, 0.75, 5, -1
441 -> 469, -4, 1.25, 4, -1.5
441 -> 469, -1, 1.75, 5, -1
441 -> 469, -4, 1.25, 2, -1.5
441 -> 469, -4, 1.25, 5, -1.5
441 -> 469, -2, 0.25, 3, -2
441 -> 469, -4, 1.25, 3, -1.5
441 -> 469, -2, 0.25, 4, -2
442 -> 469, -5, 1.25, 2, -2
442 -> 469, -1, 1.75, 1, -1.5
442 -> 469, -5, 1.25, 1, -2
443 -> 469, -2, 1.25, 2, -1
444 -> 469, -1, 1.25, 2, -1
444 -> 469, -4, 1.75, 5, -1.5
444 -> 469, -4, 1.75, 4, -1.5
444 -> 469, -4, 1.75, 1, -1.5
444 -> 469, -2, 1.25, 4, -2
444 -> 469, -4, 1.75, 3, -1.5
444 -> 469, -2, 1.25, 5, -2
444 -> 469, -2, 1.25, 3, -2
444 -> 469, -2, 1.25, 1, -1
444 -> 469, -2, 1.25, 2, -2
445 -> 469, -3, 0.75, 3, -0.5
445 -> 469, -3, 0.75, 4, -0.5
445 -> 469, -5, 0.25, 2, -0.5
445 -> 469, -1, 0.75, 1, -1
445 -> 469, -4, 1.75, 4, -2
445 -> 469, -4, 0.75, 3, -1.5
445 -> 469, -3, 1.25, 4, -1.5
445 -> 469, -3, 1.25, 3, -1.5
445 -> 469, -3, 1.25, 5, -2
445 -> 469, -4, 0.75, 4, -1.5
445 -> 469, -4, 1.75, 5, -2
446 -> 469, -1, 1.25, 3, -2
446 -> 469, -5, 1.75, 1, -2
447 -> 469, -1, 1.25, 3, -1
448 -> 469, -2, 0.25, 4, -1
448 -> 469, -2, 0.25, 5, -1
448 -> 469, -2, 1.25, 3, -1.5
448 -> 469, -2, 0.25, 3, -1
448 -> 469, -3, 1.75, 3, -0.5
449 -> 469, -5, 0.25, 3, -1
449 -> 469, -3, 1.75, 4, -2
449 -> 469, -3, 1.75, 3, -2
449 -> 469, -5, 0.25, 4, -1
449 -> 469, -1, 1.75, 2, -1
449 -> 469, -5, 0.25, 5, -1
449 -> 469, -3, 1.75, 2, -2
449 -> 469, -5, 0.25, 2, -1
449 -> 469, -2, 1.75, 5, -1
450 -> 469, -3, 1.25, 2, -1
450 -> 469, -3, 1.25, 4, -1
450 -> 469, -2, 1.75, 2, -1.5
450 -> 469, -1, 0.25, 1, -1
450 -> 469, -5, 1.25, 3, -1
451 -> 469, -2, 1.75, 5, -1.5
451 -> 469, -4, 0.75, 1, -1
451 -> 469, -2, 1.75, 4, -1.5
452 -> 469, -2, 0.75, 1, -1.5
452 -> 469, -2, 1.75, 3, -1.5
453 -> 469, -1, 1.75, 2, -1.5
453 -> 469, -5, 1.25, 4, -1
454 -> 469, -2, 1.25, 2, -1.5
454 -> 469, -4, 1.25, 4, -2
454 -> 469, -2, 1.75, 1, -1.5
454 -> 469, -1, 1.25, 2, -1.5
455 -> 469, -1, 0.25, 3, -1
455 -> 469, -1, 0.25, 2, -1
455 -> 469, -4, 1.25, 5, -2
455 -> 469, -1, 0.25, 4, -1
456 -> 469, -2, 1.25, 1, -2
456 -> 469, -3, 1.25, 5, -1
456 -> 469, -1, 1.25, 2, -2
457 -> 469, -4, 0.25, 3, -1.5
457 -> 469, -4, 0.25, 3, -0.5
457 -> 469, -4, 0.25, 4, -0.5
457 -> 469, -4, 1.75, 2, -1
457 -> 469, -4, 0.25, 5, -0.5
457 -> 469, -4, 0.25, 2, -1.5
457 -> 469, -3, 1.75, 1, -1.5
460 -> 469, -1, 0.75, 5, -2
460 -> 469, -3, 0.75, 1, -0.5
460 -> 469, -5, 0.25, 4, -0.5
461 -> 469, -5, 0.75, 4, -2
461 -> 469, -5, 0.75, 5, -2
461 -> 469, -5, 0.75, 3, -2
461 -> 469, -4, 0.25, 1, -0.5
462 -> 469, -4, 1.25, 3, -1
462 -> 469, -4, 0.75, 4, -2
462 -> 469, -4, 0.75, 3, -2
462 -> 469, -4, 0.75, 5, -2
462 -> 469, -4, 0.75, 2, -2
462 -> 469, -4, 0.75, 1, -2
463 -> 469, -1, 1.75, 5, -1.5
463 -> 469, -2, 0.25, 2, -1.5
463 -> 469, -2, 0.25, 3, -1.5
464 -> 469, -5, 1.75, 4, -1.5
464 -> 469, -5, 1.75, 5, -1.5
465 -> 469, -1, 0.25, 5, -1.5
465 -> 469, -1, 0.25, 3, -0.5
465 -> 469, -5, 0.25, 1, -0.5
465 -> 469, -3, 0.25, 3, -1
465 -> 469, -1, 0.25, 4, -0.5
465 -> 469, -3, 0.25, 4, -0.5
465 -> 469, -1, 0.25, 4, -1.5
465 -> 469, -1, 0.25, 5, -0.5
466 -> 469, -2, 0.25, 5, -1.5
466 -> 469, -2, 0.25, 4, -1.5
466 -> 469, -5, 0.25, 1, -1
467 -> 469, -5, 1.25, 2, -1
468 -> 469, -2, 0.25, 1, -1.5
468 -> 469, -1, 0.75, 2, -1.5
469 -> 469, -1, 0.75, 1, -2
474 -> 469, -2, 1.25, 1, -1.5
474 -> 469, -3, 1.75, 2, -1.5
475 -> 469, -1, 0.75, 4, -0.5
475 -> 469, -5, 1.75, 1, -1.5
476 -> 469, -1, 1.25, 3, -0.5
477 -> 469, -5, 0.75, 1, -2
477 -> 469, -2, 0.25, 1, -0.5
477 -> 469, -5, 1.25, 5, -1
477 -> 469, -5, 0.75, 2, -2
478 -> 469, -4, 0.75, 5, -1.5
478 -> 469, -1, 1.25, 4, -1.5
479 -> 469, -2, 1.25, 2, -0.5
479 -> 469, -2, 1.25, 1, -0.5
479 -> 469, -1, 1.25, 3, -1.5
480 -> 469, -3, 1.75, 3, -1
480 -> 469, -3, 1.75, 4, -1
483 -> 469, -2, 0.25, 2, -1
483 -> 469, -2, 0.25, 1, -1
483 -> 469, -3, 0.25, 1, -1
483 -> 469, -5, 0.25, 5, -2
484 -> 469, -2, 0.25, 4, -0.5
484 -> 469, -2, 0.25, 5, -0.5
484 -> 469, -2, 0.25, 2, -0.5
484 -> 469, -2, 0.25, 3, -0.5
485 -> 469, -1, 0.75, 5, -1.5
485 -> 469, -1, 0.75, 4, -1.5
486 -> 469, -1, 1.75, 4, -2
486 -> 469, -5, 0.25, 2, -1.5
486 -> 469, -5, 0.25, 4, -1.5
486 -> 469, -5, 0.25, 3, -1.5
486 -> 469, -1, 1.75, 5, -2
486 -> 469, -5, 0.25, 1, -1.5
487 -> 469, -5, 0.75, 3, -1.5
487 -> 469, -4, 1.25, 1, -2
487 -> 469, -5, 0.75, 2, -1.5
488 -> 469, -5, 0.25, 4, -2
490 -> 469, -5, 1.75, 2, -1
491 -> 469, -4, 0.25, 4, -1.5
491 -> 469, -4, 0.25, 5, -1.5
492 -> 469, -4, 1.25, 3, -2
492 -> 469, -4, 0.25, 3, -2
492 -> 469, -4, 0.25, 1, -2
492 -> 469, -4, 0.25, 4, -2
492 -> 469, -4, 1.25, 2, -1
492 -> 469, -4, 0.25, 2, -2
492 -> 469, -4, 0.25, 5, -2
493 -> 469, -4, 1.25, 5, -1
495 -> 469, -5, 1.75, 3, -2
495 -> 469, -3, 0.75, 5, -2
495 -> 469, -3, 0.75, 2, -2
495 -> 469, -3, 0.75, 3, -2
495 -> 469, -3, 0.75, 1, -2
495 -> 469, -3, 0.25, 5, -1
495 -> 469, -3, 0.75, 4, -2
495 -> 469, -3, 0.25, 2, -1
495 -> 469, -1, 1.25, 1, -1.5
496 -> 469, -4, 1.25, 4, -1
497 -> 469, -3, 0.25, 5, -2
497 -> 469, -1, 0.25, 4, -2
497 -> 469, -3, 0.25, 3, -2
497 -> 469, -3, 0.25, 2, -2
497 -> 469, -3, 0.25, 4, -2
497 -> 469, -1, 0.25, 5, -2
497 -> 469, -2, 1.25, 4, -0.5
497 -> 469, -3, 0.25, 1, -2
497 -> 469, -1, 0.75, 3, -0.5
497 -> 469, -2, 1.25, 3, -0.5
498 -> 469, -2, 0.75, 1, -0.5
498 -> 469, -4, 1.75, 5, -0.5
498 -> 469, -1, 0.75, 2, -0.5
499 -> 469, -5, 0.25, 1, -2
499 -> 469, -4, 0.25, 5, -1
499 -> 469, -5, 0.25, 2, -2
499 -> 469, -4, 0.25, 4, -1
499 -> 469, -5, 1.75, 1, -0.5
499 -> 469, -4, 0.25, 2, -1
499 -> 469, -5, 0.25, 3, -2
499 -> 469, -4, 0.25, 2, -0.5
499 -> 469, -4, 0.25, 1, -1
499 -> 469, -4, 0.25, 3, -1
500 -> 469, -1, 0.25, 1, -1.5
500 -> 469, -3, 0.25, 1, -0.5
500 -> 469, -1, 0.25, 3, -1.5
500 -> 469, -5, 0.25, 5, -1.5
500 -> 469, -1, 0.25, 2, -1.5
501 -> 469, -4, 0.75, 3, -0.5
501 -> 469, -4, 0.75, 4, -0.5
501 -> 469, -4, 0.75, 5, -0.5
510 -> 469, -4, 1.75, 3, -1
510 -> 469, -5, 1.75, 3, -1.5
510 -> 469, -4, 1.75, 4, -1
513 -> 469, -5, 1.75, 2, -0.5
515 -> 469, -4, 1.75, 3, -0.5
515 -> 469, -4, 1.25, 2, -0.5
515 -> 469, -4, 1.25, 1, -0.5
515 -> 469, -4, 1.75, 2, -0.5
516 -> 469, -1, 0.25, 3, -2
517 -> 469, -2, 1.75, 3, -1
517 -> 469, -2, 1.75, 4, -1
517 -> 469, -5, 0.75, 1, -1
517 -> 469, -4, 1.75, 1, -0.5
518 -> 469, -3, 0.25, 5, -0.5
519 -> 469, -5, 1.25, 1, -1.5
523 -> 469, -3, 1.75, 2, -0.5
524 -> 469, -3, 1.75, 1, -1
524 -> 469, -3, 1.75, 2, -1
526 -> 469, -5, 0.25, 5, -0.5
527 -> 469, -3, 0.25, 4, -1
529 -> 469, -3, 0.25, 2, -1.5
529 -> 469, -3, 0.25, 3, -1.5
529 -> 469, -3, 0.25, 4, -1.5
529 -> 469, -3, 0.25, 1, -1.5
529 -> 469, -3, 0.25, 5, -1.5
530 -> 469, -3, 1.25, 1, -0.5
530 -> 469, -3, 1.25, 2, -0.5
532 -> 469, -5, 1.25, 3, -2
532 -> 469, -5, 1.25, 4, -2
532 -> 469, -5, 1.25, 5, -2
534 -> 469, -5, 1.75, 4, -0.5
534 -> 469, -5, 1.75, 5, -0.5
535 -> 469, -4, 0.25, 1, -1.5
536 -> 469, -2, 1.25, 5, -0.5
542 -> 469, -5, 1.75, 3, -0.5
545 -> 469, -3, 1.75, 1, -0.5
555 -> 469, -5, 1.25, 5, -0.5
555 -> 469, -5, 1.25, 4, -0.5
555 -> 469, -5, 1.25, 3, -0.5
567 -> 469, -4, 1.25, 2, -2
568 -> 469, -5, 0.75, 5, -1.5
568 -> 469, -5, 0.75, 4, -1.5
574 -> 469, -5, 0.75, 5, -1
574 -> 469, -5, 0.75, 4, -1
584 -> 469, -5, 1.25, 2, -0.5
586 -> 469, -5, 0.75, 1, -0.5
591 -> 469, -5, 0.75, 3, -0.5
591 -> 469, -5, 0.75, 2, -0.5
617 -> 469, -5, 1.75, 1, -1
641 -> 469, -5, 0.75, 3, -1
641 -> 469, -5, 0.75, 2, -1
642 -> 469, -4, 1.25, 4, -0.5
642 -> 469, -4, 1.25, 5, -0.5
642 -> 469, -4, 1.25, 3, -0.5
661 -> 469, -4, 0.75, 2, -0.5
782 -> 469, -4, 0.75, 1, -0.5
