344 -> 318, -5, 0.75, 5, -0.5
372 -> 318, -5, 1.75, 4, -1.5
376 -> 318, -5, 0.75, 2, -0.5
382 -> 318, -2, 1.25, 5, -0.5
386 -> 318, -1, 1.75, 2, -0.5
387 -> 318, -1, 1.75, 5, -1
387 -> 318, -1, 1.75, 4, -0.5
390 -> 318, -3, 0.75, 2, -0.5
391 -> 318, -1, 1.75, 5, -0.5
392 -> 318, -5, 0.75, 1, -1
395 -> 318, -3, 1.75, 3, -2
395 -> 318, -3, 1.75, 5, -2
395 -> 318, -5, 0.75, 3, -0.5
395 -> 318, -3, 1.75, 4, -2
395 -> 318, -2, 1.25, 2, -1.5
397 -> 318, -1, 1.25, 2, -1
397 -> 318, -1, 1.25, 4, -1
399 -> 318, -3, 0.75, 5, -0.5
400 -> 318, -1, 0.75, 4, -0.5
400 -> 318, -1, 1.75, 1, -0.5
400 -> 318, -1, 0.75, 5, -0.5
400 -> 318, -4, 0.75, 5, -1
401 -> 318, -4, 1.75, 3, -1
401 -> 318, -1, 0.75, 2, -0.5
402 -> 318, -1, 1.75, 4, -1
402 -> 318, -5, 0.75, 5, -1
402 -> 318, -5, 0.75, 4, -1
403 -> 318, -2, 1.75, 5, -2
404 -> 318, -3, 1.75, 5, -0.5
404 -> 318, -1, 1.25, 3, -2
405 -> 318, -3, 1.75, 3, -0.5
405 -> 318, -5, 1.25, 4, -0.5
405 -> 318, -2, 1.75, 4, -2
406 -> 318, -3, 1.25, 2, -1
406 -> 318, -1, 1.75, 3, -0.5
406 -> 318, -3, 1.25, 3, -1
407 -> 318, -1, 1.75, 3, -1
408 -> 318, -2, 0.75, 5, -1
408 -> 318, -2, 0.75, 4, -1
409 -> 318, -1, 1.25, 1, -1
409 -> 318, -3, 0.75, 3, -0.5
409 -> 318, -4, 0.75, 4, -1.5
409 -> 318, -4, 0.75, 5, -1.5
410 -> 318, -2, 1.25, 4, -1.5
410 -> 318, -2, 1.25, 5, -1.5
410 -> 318, -5, 0.75, 4, -0.5
412 -> 318, -4, 1.25, 1, -1.5
413 -> 318, -3, 1.75, 4, -0.5
413 -> 318, -2, 0.75, 5, -1.5
414 -> 318, -1, 1.25, 1, -0.5
415 -> 318, -1, 1.25, 4, -2
415 -> 318, -5, 1.75, 1, -1
415 -> 318, -3, 0.75, 1, -0.5
415 -> 318, -5, 0.75, 2, -1
416 -> 318, -1, 0.75, 1, -1
416 -> 318, -1, 1.25, 5, -1
417 -> 318, -2, 1.75, 5, -1.5
418 -> 318, -2, 0.75, 3, -0.5
418 -> 318, -4, 0.75, 4, -1
419 -> 318, -1, 1.25, 3, -1
421 -> 318, -2, 1.25, 3, -1.5
422 -> 318, -5, 1.25, 1, -1
422 -> 318, -1, 1.25, 2, -0.5
423 -> 318, -2, 1.75, 5, -0.5
424 -> 318, -5, 0.25, 3, -1
425 -> 318, -5, 1.25, 1, -2
425 -> 318, -1, 0.75, 2, -1
425 -> 318, -1, 1.75, 1, -1
427 -> 318, -5, 1.25, 3, -1
427 -> 318, -5, 1.25, 4, -1
429 -> 318, -2, 0.75, 4, -0.5
429 -> 318, -3, 1.25, 5, -0.5
429 -> 318, -2, 0.75, 5, -0.5
430 -> 318, -5, 0.75, 3, -1
430 -> 318, -1, 1.75, 4, -2
430 -> 318, -1, 1.75, 5, -2
431 -> 318, -5, 1.75, 3, -1.5
431 -> 318, -1, 1.25, 2, -2
431 -> 318, -2, 1.75, 3, -1.5
431 -> 318, -2, 1.25, 2, -0.5
432 -> 318, -1, 1.75, 3, -2
432 -> 318, -2, 1.75, 2, -1.5
432 -> 318, -2, 1.75, 4, -1.5
432 -> 318, -2, 0.75, 1, -0.5
433 -> 318, -2, 1.75, 1, -2
433 -> 318, -2, 1.25, 1, -0.5
433 -> 318, -1, 1.75, 2, -1
433 -> 318, -1, 0.75, 3, -2
433 -> 318, -1, 0.75, 4, -2
433 -> 318, -3, 1.25, 1, -0.5
434 -> 318, -4, 1.25, 5, -1.5
434 -> 318, -4, 0.75, 3, -2
434 -> 318, -2, 1.75, 1, -1.5
434 -> 318, -3, 1.75, 2, -1
434 -> 318, -1, 0.75, 3, -0.5
435 -> 318, -3, 0.25, 1, -0.5
435 -> 318, -5, 1.25, 2, -1
435 -> 318, -3, 1.75, 1, -2
435 -> 318, -3, 1.75, 2, -2
436 -> 318, -5, 1.25, 2, -2
436 -> 318, -1, 0.75, 4, -1
436 -> 318, -3, 0.75, 1, -1
436 -> 318, -3, 0.75, 4, -0.5
436 -> 318, -5, 1.25, 3, -2
436 -> 318, -4, 0.75, 1, -1
436 -> 318, -5, 1.25, 5, -2
436 -> 318, -1, 1.25, 1, -2
436 -> 318, -5, 1.25, 4, -2
437 -> 318, -3, 1.75, 3, -1
438 -> 318, -2, 1.75, 1, -0.5
438 -> 318, -2, 1.75, 2, -0.5
439 -> 318, -5, 1.25, 5, -0.5
439 -> 318, -4, 0.75, 3, -1.5
440 -> 318, -3, 0.75, 2, -1
440 -> 318, -3, 0.75, 3, -1
440 -> 318, -3, 0.75, 4, -1
440 -> 318, -1, 0.75, 3, -1
440 -> 318, -1, 0.75, 1, -0.5
442 -> 318, -3, 1.75, 2, -1.5
442 -> 318, -2, 1.75, 4, -0.5
442 -> 318, -2, 0.75, 2, -0.5
442 -> 318, -1, 0.75, 5, -1
443 -> 318, -2, 0.25, 4, -0.5
443 -> 318, -2, 1.75, 5, -1
443 -> 318, -2, 0.25, 3, -0.5
444 -> 318, -3, 1.25, 4, -1
444 -> 318, -2, 1.75, 4, -1
444 -> 318, -1, 0.25, 2, -1
444 -> 318, -3, 0.75, 5, -1
444 -> 318, -2, 1.25, 4, -0.5
445 -> 318, -5, 0.25, 2, -1
445 -> 318, -4, 1.75, 4, -1
445 -> 318, -4, 1.75, 5, -1
445 -> 318, -2, 1.25, 3, -0.5
446 -> 318, -1, 0.75, 1, -1.5
446 -> 318, -4, 0.75, 2, -1.5
446 -> 318, -5, 0.25, 5, -1
446 -> 318, -5, 0.25, 4, -1
447 -> 318, -1, 1.75, 5, -1.5
447 -> 318, -1, 1.75, 4, -1.5
448 -> 318, -1, 1.25, 5, -0.5
448 -> 318, -2, 1.75, 3, -1
449 -> 318, -1, 1.25, 4, -0.5
449 -> 318, -2, 1.25, 1, -1
449 -> 318, -5, 0.25, 1, -1.5
450 -> 318, -4, 0.25, 1, -1
450 -> 318, -4, 0.25, 2, -1
450 -> 318, -4, 0.75, 5, -2
450 -> 318, -1, 1.75, 2, -1.5
450 -> 318, -4, 0.75, 4, -2
451 -> 318, -2, 1.75, 3, -0.5
452 -> 318, -2, 0.75, 4, -2
452 -> 318, -1, 1.25, 3, -0.5
453 -> 318, -3, 1.75, 4, -1
454 -> 318, -3, 1.25, 1, -2
454 -> 318, -2, 1.25, 3, -2
454 -> 318, -2, 1.25, 4, -2
454 -> 318, -3, 1.75, 1, -1.5
454 -> 318, -2, 1.25, 5, -2
454 -> 318, -5, 0.75, 2, -1.5
454 -> 318, -3, 1.25, 2, -2
454 -> 318, -3, 1.25, 3, -2
455 -> 318, -2, 1.25, 5, -1
455 -> 318, -3, 0.75, 2, -2
455 -> 318, -2, 1.25, 2, -2
455 -> 318, -4, 1.75, 2, -2
455 -> 318, -5, 0.25, 5, -1.5
455 -> 318, -2, 1.25, 1, -2
455 -> 318, -5, 0.25, 4, -1.5
455 -> 318, -4, 1.75, 2, -1
455 -> 318, -5, 0.25, 3, -1.5
455 -> 318, -4, 1.75, 1, -1
456 -> 318, -3, 1.25, 1, -1.5
456 -> 318, -2, 1.75, 1, -1
456 -> 318, -3, 1.25, 2, -1.5
456 -> 318, -2, 0.75, 3, -2
456 -> 318, -2, 1.75, 2, -1
456 -> 318, -2, 0.75, 2, -2
457 -> 318, -3, 0.75, 4, -2
457 -> 318, -3, 0.75, 3, -2
457 -> 318, -3, 0.75, 5, -2
457 -> 318, -1, 0.25, 5, -0.5
457 -> 318, -2, 0.75, 4, -1.5
457 -> 318, -2, 0.75, 3, -1.5
457 -> 318, -1, 1.75, 3, -1.5
459 -> 318, -5, 1.75, 3, -1
459 -> 318, -3, 1.75, 1, -1
459 -> 318, -5, 1.75, 4, -1
459 -> 318, -2, 0.25, 2, -0.5
459 -> 318, -5, 1.75, 5, -1
459 -> 318, -5, 1.75, 2, -1
460 -> 318, -1, 1.75, 1, -1.5
460 -> 318, -1, 0.25, 4, -0.5
460 -> 318, -1, 0.25, 3, -0.5
460 -> 318, -3, 0.75, 1, -2
460 -> 318, -1, 0.25, 2, -0.5
461 -> 318, -1, 1.25, 3, -1.5
461 -> 318, -5, 0.75, 1, -2
461 -> 318, -5, 0.75, 1, -1.5
461 -> 318, -1, 1.25, 2, -1.5
461 -> 318, -1, 1.25, 4, -1.5
461 -> 318, -1, 1.25, 5, -1.5
461 -> 318, -2, 0.75, 1, -2
461 -> 318, -2, 0.25, 5, -1.5
462 -> 318, -4, 1.75, 3, -1.5
462 -> 318, -4, 0.75, 2, -1
462 -> 318, -4, 0.75, 3, -1
462 -> 318, -3, 1.25, 5, -2
462 -> 318, -4, 1.25, 1, -1
462 -> 318, -3, 1.25, 4, -2
462 -> 318, -4, 1.75, 4, -1.5
462 -> 318, -4, 1.75, 5, -1.5
462 -> 318, -2, 1.25, 4, -1
462 -> 318, -2, 1.75, 3, -2
462 -> 318, -2, 1.75, 2, -2
462 -> 318, -4, 1.75, 1, -1.5
462 -> 318, -4, 1.75, 2, -1.5
462 -> 318, -2, 0.75, 3, -1
463 -> 318, -1, 0.25, 5, -2
463 -> 318, -1, 0.25, 1, -2
463 -> 318, -1, 0.25, 3, -2
463 -> 318, -3, 0.25, 2, -0.5
463 -> 318, -1, 0.25, 4, -2
463 -> 318, -2, 0.75, 5, -2
463 -> 318, -1, 0.25, 2, -2
466 -> 318, -5, 1.75, 5, -1.5
466 -> 318, -3, 1.75, 1, -0.5
468 -> 318, -2, 0.25, 5, -0.5
468 -> 318, -1, 0.25, 4, -1.5
468 -> 318, -1, 0.25, 5, -1.5
469 -> 318, -1, 1.25, 5, -2
469 -> 318, -3, 0.75, 5, -1.5
469 -> 318, -3, 0.75, 4, -1.5
469 -> 318, -3, 1.25, 1, -1
470 -> 318, -4, 0.25, 4, -1.5
470 -> 318, -4, 1.25, 2, -1
470 -> 318, -1, 1.75, 2, -2
471 -> 318, -2, 1.25, 2, -1
473 -> 318, -5, 0.75, 1, -0.5
474 -> 318, -5, 1.25, 5, -1.5
474 -> 318, -1, 1.25, 1, -1.5
476 -> 318, -3, 1.75, 5, -1
477 -> 318, -3, 0.75, 2, -1.5
477 -> 318, -2, 0.75, 1, -1
477 -> 318, -5, 1.25, 2, -0.5
477 -> 318, -5, 0.75, 4, -1.5
477 -> 318, -4, 1.25, 3, -1
477 -> 318, -5, 0.75, 3, -1.5
477 -> 318, -2, 0.75, 2, -1
477 -> 318, -4, 1.25, 4, -1
477 -> 318, -5, 0.75, 5, -1.5
477 -> 318, -3, 0.75, 3, -1.5
477 -> 318, -4, 1.25, 5, -1
477 -> 318, -5, 0.25, 2, -1.5
477 -> 318, -3, 0.75, 1, -1.5
478 -> 318, -1, 0.25, 3, -1.5
478 -> 318, -2, 0.75, 2, -1.5
478 -> 318, -1, 0.25, 2, -1.5
478 -> 318, -4, 1.75, 1, -2
478 -> 318, -2, 0.75, 1, -1.5
479 -> 318, -3, 1.25, 5, -1.5
479 -> 318, -2, 0.25, 4, -1.5
479 -> 318, -4, 0.25, 5, -2
479 -> 318, -4, 0.25, 3, -2
479 -> 318, -4, 0.25, 1, -2
479 -> 318, -4, 0.25, 4, -2
479 -> 318, -4, 0.25, 2, -2
480 -> 318, -3, 1.25, 4, -0.5
480 -> 318, -3, 1.25, 2, -0.5
480 -> 318, -3, 1.25, 3, -0.5
480 -> 318, -5, 1.75, 2, -1.5
481 -> 318, -3, 1.25, 5, -1
482 -> 318, -5, 1.75, 1, -1.5
483 -> 318, -3, 0.25, 5, -0.5
483 -> 318, -3, 0.25, 3, -0.5
483 -> 318, -3, 0.25, 4, -0.5
484 -> 318, -3, 1.75, 2, -0.5
484 -> 318, -3, 0.25, 1, -2
484 -> 318, -3, 0.25, 5, -2
484 -> 318, -3, 0.25, 4, -2
484 -> 318, -1, 1.75, 1, -2
484 -> 318, -3, 0.25, 2, -2
484 -> 318, -1, 0.75, 1, -2
484 -> 318, -3, 0.25, 3, -2
485 -> 318, -2, 1.25, 1, -1.5
486 -> 318, -3, 1.75, 3, -1.5
486 -> 318, -3, 0.25, 5, -1.5
486 -> 318, -3, 1.75, 4, -1.5
486 -> 318, -3, 1.75, 5, -1.5
486 -> 318, -3, 0.25, 4, -1.5
486 -> 318, -4, 0.25, 3, -1
486 -> 318, -3, 0.25, 3, -1.5
488 -> 318, -4, 0.75, 1, -1.5
488 -> 318, -4, 0.25, 3, -0.5
490 -> 318, -3, 1.25, 4, -1.5
490 -> 318, -3, 1.25, 3, -1.5
490 -> 318, -2, 0.25, 1, -1.5
491 -> 318, -1, 0.75, 5, -1.5
491 -> 318, -1, 0.25, 5, -1
491 -> 318, -1, 0.25, 4, -1
491 -> 318, -1, 0.25, 1, -1
492 -> 318, -4, 1.75, 5, -2
492 -> 318, -5, 0.75, 3, -2
492 -> 318, -5, 0.75, 2, -2
492 -> 318, -4, 1.75, 3, -2
492 -> 318, -5, 0.75, 5, -2
492 -> 318, -4, 1.75, 4, -2
492 -> 318, -5, 0.75, 4, -2
492 -> 318, -2, 1.25, 3, -1
493 -> 318, -4, 0.75, 5, -0.5
493 -> 318, -4, 0.25, 4, -0.5
493 -> 318, -4, 0.25, 5, -0.5
493 -> 318, -4, 0.75, 4, -0.5
494 -> 318, -5, 1.25, 4, -1.5
494 -> 318, -5, 1.25, 1, -1.5
494 -> 318, -5, 1.25, 2, -1.5
494 -> 318, -5, 1.25, 3, -1.5
494 -> 318, -5, 0.25, 1, -1
495 -> 318, -1, 0.25, 1, -0.5
495 -> 318, -1, 0.75, 2, -2
496 -> 318, -4, 0.75, 3, -0.5
496 -> 318, -2, 0.25, 1, -0.5
496 -> 318, -4, 0.75, 2, -0.5
496 -> 318, -4, 0.75, 1, -0.5
497 -> 318, -4, 0.25, 1, -1.5
498 -> 318, -4, 1.25, 2, -1.5
498 -> 318, -4, 1.25, 3, -1.5
500 -> 318, -4, 1.25, 4, -1.5
500 -> 318, -3, 0.25, 2, -1.5
500 -> 318, -1, 0.25, 3, -1
501 -> 318, -4, 0.75, 2, -2
501 -> 318, -4, 0.75, 1, -2
503 -> 318, -4, 0.25, 3, -1.5
503 -> 318, -4, 0.25, 2, -1.5
505 -> 318, -3, 0.25, 1, -1
505 -> 318, -3, 0.25, 2, -1
506 -> 318, -2, 0.25, 3, -2
506 -> 318, -2, 0.25, 5, -2
506 -> 318, -2, 0.25, 1, -2
506 -> 318, -2, 0.25, 2, -2
506 -> 318, -2, 0.25, 4, -2
507 -> 318, -1, 0.75, 5, -2
511 -> 318, -4, 1.75, 5, -0.5
511 -> 318, -4, 1.75, 4, -0.5
511 -> 318, -4, 1.75, 3, -0.5
511 -> 318, -4, 1.75, 2, -0.5
511 -> 318, -4, 1.75, 1, -0.5
512 -> 318, -1, 0.75, 2, -1.5
512 -> 318, -1, 0.75, 4, -1.5
512 -> 318, -1, 0.75, 3, -1.5
513 -> 318, -4, 0.25, 2, -0.5
514 -> 318, -2, 0.25, 3, -1
514 -> 318, -4, 1.25, 2, -0.5
514 -> 318, -2, 0.25, 5, -1
514 -> 318, -2, 0.25, 1, -1
514 -> 318, -2, 0.25, 2, -1
514 -> 318, -4, 1.25, 1, -0.5
514 -> 318, -2, 0.25, 4, -1
514 -> 318, -4, 1.25, 3, -0.5
518 -> 318, -5, 1.75, 3, -2
518 -> 318, -5, 1.75, 2, -2
518 -> 318, -5, 1.75, 1, -2
518 -> 318, -5, 1.75, 4, -2
518 -> 318, -5, 1.75, 5, -2
518 -> 318, -3, 0.25, 3, -1
518 -> 318, -5, 1.25, 1, -0.5
519 -> 318, -5, 0.25, 4, -2
519 -> 318, -5, 0.25, 2, -2
519 -> 318, -5, 0.25, 5, -2
519 -> 318, -5, 0.25, 1, -2
519 -> 318, -5, 0.25, 3, -2
523 -> 318, -1, 0.25, 1, -1.5
524 -> 318, -2, 0.25, 3, -1.5
524 -> 318, -5, 1.25, 3, -0.5
524 -> 318, -2, 0.25, 2, -1.5
525 -> 318, -4, 1.25, 1, -2
525 -> 318, -4, 1.25, 4, -2
525 -> 318, -4, 1.25, 5, -2
525 -> 318, -4, 1.25, 3, -2
525 -> 318, -4, 1.25, 2, -2
526 -> 318, -4, 1.25, 5, -0.5
526 -> 318, -4, 1.25, 4, -0.5
531 -> 318, -3, 0.25, 1, -1.5
536 -> 318, -4, 0.25, 1, -0.5
540 -> 318, -4, 0.25, 5, -1.5
546 -> 318, -3, 0.25, 4, -1
546 -> 318, -3, 0.25, 5, -1
549 -> 318, -4, 0.25, 5, -1
549 -> 318, -4, 0.25, 4, -1
591 -> 318, -5, 1.75, 1, -0.5
591 -> 318, -5, 1.75, 3, -0.5
591 -> 318, -5, 1.75, 4, -0.5
591 -> 318, -5, 1.75, 5, -0.5
591 -> 318, -5, 1.75, 2, -0.5
629 -> 318, -5, 1.25, 5, -1
771 -> 318, -5, 0.25, 4, -0.5
771 -> 318, -5, 0.25, 5, -0.5
778 -> 318, -5, 0.25, 3, -0.5
778 -> 318, -5, 0.25, 2, -0.5
778 -> 318, -5, 0.25, 1, -0.5
