354 -> 393, -2, 1.25, 1, -1.5
355 -> 393, -4, 1.75, 4, -0.5
366 -> 393, -1, 1.75, 5, -0.5
382 -> 393, -3, 0.75, 1, -0.5
383 -> 393, -5, 1.75, 4, -0.5
384 -> 393, -2, 0.75, 5, -0.5
385 -> 393, -3, 1.75, 4, -0.5
386 -> 393, -2, 0.75, 4, -0.5
393 -> 393, -5, 1.75, 3, -2
395 -> 393, -4, 1.25, 2, -1
396 -> 393, -4, 0.75, 5, -1
397 -> 393, -2, 1.75, 5, -0.5
399 -> 393, -5, 1.75, 5, -1
399 -> 393, -4, 1.75, 5, -0.5
399 -> 393, -2, 0.25, 4, -0.5
399 -> 393, -5, 1.75, 2, -2
400 -> 393, -5, 1.75, 5, -1.5
400 -> 393, -3, 1.25, 1, -0.5
401 -> 393, -3, 1.75, 1, -0.5
401 -> 393, -2, 1.25, 1, -0.5
402 -> 393, -5, 1.75, 1, -2
406 -> 393, -4, 1.25, 1, -0.5
408 -> 393, -1, 0.75, 5, -1
410 -> 393, -4, 0.25, 1, -0.5
411 -> 393, -4, 1.25, 5, -1
412 -> 393, -3, 1.75, 1, -2
414 -> 393, -2, 0.75, 3, -1
414 -> 393, -2, 0.75, 2, -1
414 -> 393, -5, 1.25, 4, -1.5
414 -> 393, -4, 1.75, 3, -0.5
414 -> 393, -5, 1.25, 3, -1.5
416 -> 393, -2, 0.25, 3, -0.5
416 -> 393, -5, 1.75, 4, -1
418 -> 393, -2, 1.75, 5, -2
419 -> 393, -2, 0.75, 4, -1
420 -> 393, -4, 1.25, 4, -1
421 -> 393, -3, 0.25, 4, -0.5
422 -> 393, -3, 0.25, 2, -0.5
422 -> 393, -4, 0.25, 5, -0.5
423 -> 393, -2, 0.25, 2, -0.5
423 -> 393, -2, 1.75, 3, -2
423 -> 393, -2, 1.75, 4, -2
423 -> 393, -3, 0.25, 1, -0.5
423 -> 393, -1, 0.75, 2, -1
424 -> 393, -4, 1.25, 1, -1
424 -> 393, -1, 1.25, 4, -1
424 -> 393, -1, 1.25, 2, -1
424 -> 393, -1, 1.25, 3, -1
425 -> 393, -1, 1.75, 2, -0.5
427 -> 393, -1, 0.75, 5, -1.5
428 -> 393, -4, 1.25, 4, -2
428 -> 393, -3, 0.75, 2, -0.5
429 -> 393, -2, 0.75, 5, -2
429 -> 393, -3, 0.75, 1, -1
429 -> 393, -2, 1.75, 3, -1.5
429 -> 393, -5, 1.75, 3, -0.5
429 -> 393, -3, 0.75, 2, -1
430 -> 393, -1, 0.75, 1, -1.5
430 -> 393, -3, 0.75, 5, -0.5
431 -> 393, -2, 1.75, 4, -0.5
432 -> 393, -4, 0.75, 5, -0.5
433 -> 393, -1, 1.75, 4, -0.5
433 -> 393, -2, 1.75, 4, -1
433 -> 393, -4, 1.75, 4, -2
433 -> 393, -4, 1.75, 2, -0.5
433 -> 393, -4, 1.75, 3, -2
433 -> 393, -4, 1.75, 5, -2
433 -> 393, -4, 1.75, 2, -2
433 -> 393, -4, 1.75, 1, -0.5
433 -> 393, -3, 0.25, 3, -0.5
434 -> 393, -3, 1.75, 1, -1
435 -> 393, -1, 1.75, 1, -2
435 -> 393, -1, 1.75, 3, -0.5
435 -> 393, -2, 1.75, 1, -0.5
435 -> 393, -5, 1.25, 1, -1.5
435 -> 393, -5, 1.25, 2, -1.5
437 -> 393, -3, 1.25, 1, -1.5
437 -> 393, -1, 0.75, 1, -1
438 -> 393, -3, 1.25, 4, -2
438 -> 393, -1, 0.25, 1, -0.5
438 -> 393, -1, 1.75, 2, -2
439 -> 393, -5, 1.75, 2, -1.5
439 -> 393, -2, 1.25, 4, -0.5
439 -> 393, -1, 1.75, 2, -1
440 -> 393, -4, 1.75, 5, -1.5
440 -> 393, -4, 1.75, 4, -1.5
441 -> 393, -3, 1.25, 4, -1
441 -> 393, -2, 1.75, 2, -0.5
441 -> 393, -4, 0.25, 3, -1.5
441 -> 393, -3, 1.25, 2, -1
441 -> 393, -4, 1.75, 1, -2
441 -> 393, -3, 1.25, 1, -1
442 -> 393, -2, 1.75, 2, -2
442 -> 393, -2, 1.75, 1, -2
443 -> 393, -2, 1.25, 5, -0.5
443 -> 393, -2, 1.75, 2, -1
443 -> 393, -2, 1.75, 1, -1
444 -> 393, -1, 0.75, 2, -2
444 -> 393, -1, 0.75, 1, -2
444 -> 393, -1, 1.75, 1, -0.5
444 -> 393, -2, 1.75, 3, -0.5
445 -> 393, -4, 0.25, 4, -0.5
445 -> 393, -5, 1.75, 4, -2
445 -> 393, -5, 1.75, 5, -2
445 -> 393, -1, 1.25, 3, -0.5
446 -> 393, -3, 1.25, 3, -2
446 -> 393, -3, 0.75, 1, -1.5
447 -> 393, -4, 1.25, 2, -2
447 -> 393, -2, 0.25, 1, -0.5
447 -> 393, -2, 1.75, 4, -1.5
447 -> 393, -2, 1.75, 5, -1.5
447 -> 393, -4, 0.75, 5, -1.5
447 -> 393, -1, 0.75, 2, -1.5
447 -> 393, -1, 0.75, 5, -0.5
447 -> 393, -1, 0.75, 3, -1.5
447 -> 393, -1, 0.75, 4, -1.5
447 -> 393, -4, 1.25, 3, -2
448 -> 393, -2, 1.25, 3, -2
448 -> 393, -2, 1.25, 2, -2
448 -> 393, -2, 1.25, 4, -2
448 -> 393, -2, 1.25, 5, -2
449 -> 393, -1, 0.75, 1, -0.5
450 -> 393, -2, 0.25, 5, -0.5
450 -> 393, -2, 0.75, 3, -0.5
451 -> 393, -2, 0.75, 5, -1
451 -> 393, -1, 1.75, 3, -1
451 -> 393, -2, 1.25, 3, -1
451 -> 393, -4, 0.75, 4, -1.5
451 -> 393, -4, 0.75, 3, -1.5
451 -> 393, -3, 0.25, 5, -0.5
452 -> 393, -3, 1.25, 2, -1.5
452 -> 393, -3, 1.25, 3, -1.5
452 -> 393, -3, 1.25, 4, -1.5
452 -> 393, -3, 1.25, 5, -1.5
452 -> 393, -2, 0.75, 2, -0.5
452 -> 393, -4, 0.25, 3, -0.5
452 -> 393, -5, 1.75, 3, -1
453 -> 393, -4, 1.25, 1, -2
453 -> 393, -3, 0.25, 5, -1
453 -> 393, -3, 1.75, 2, -0.5
453 -> 393, -4, 1.25, 3, -1
454 -> 393, -1, 0.25, 2, -0.5
454 -> 393, -3, 0.25, 4, -1
455 -> 393, -1, 1.75, 1, -1
455 -> 393, -4, 0.75, 1, -1.5
456 -> 393, -1, 1.25, 5, -0.5
456 -> 393, -2, 0.75, 1, -0.5
456 -> 393, -1, 1.25, 4, -0.5
456 -> 393, -2, 0.75, 1, -1.5
456 -> 393, -5, 0.25, 1, -1
457 -> 393, -1, 0.25, 4, -1.5
457 -> 393, -1, 0.25, 5, -1.5
457 -> 393, -1, 0.25, 1, -1.5
457 -> 393, -1, 0.25, 2, -1.5
457 -> 393, -3, 0.75, 3, -1
457 -> 393, -3, 0.75, 4, -1
457 -> 393, -1, 0.25, 3, -1.5
458 -> 393, -2, 0.75, 2, -2
458 -> 393, -5, 1.25, 1, -1
458 -> 393, -2, 0.75, 1, -2
458 -> 393, -4, 1.25, 5, -2
458 -> 393, -3, 1.75, 3, -0.5
459 -> 393, -4, 0.75, 3, -1
459 -> 393, -3, 1.25, 5, -1
459 -> 393, -4, 0.75, 2, -1.5
459 -> 393, -4, 0.75, 2, -1
459 -> 393, -4, 0.75, 1, -1
461 -> 393, -1, 1.25, 2, -1.5
461 -> 393, -4, 0.25, 4, -1.5
461 -> 393, -1, 1.75, 5, -1
461 -> 393, -4, 0.25, 5, -1.5
461 -> 393, -5, 1.75, 2, -1
462 -> 393, -2, 1.75, 3, -1
462 -> 393, -1, 1.75, 4, -1
463 -> 393, -3, 0.75, 5, -1
463 -> 393, -5, 1.25, 4, -0.5
463 -> 393, -1, 1.25, 4, -1.5
463 -> 393, -4, 0.25, 2, -1.5
463 -> 393, -1, 1.25, 1, -1.5
463 -> 393, -5, 1.25, 1, -2
463 -> 393, -4, 0.25, 1, -1.5
463 -> 393, -1, 1.25, 5, -1.5
465 -> 393, -3, 0.25, 3, -1.5
465 -> 393, -3, 0.25, 2, -1.5
465 -> 393, -3, 1.75, 3, -1
465 -> 393, -3, 1.25, 1, -2
465 -> 393, -3, 1.75, 2, -1
465 -> 393, -2, 1.25, 5, -1.5
465 -> 393, -3, 1.25, 2, -2
465 -> 393, -2, 1.25, 4, -1.5
465 -> 393, -1, 0.75, 3, -1
465 -> 393, -2, 1.25, 2, -1.5
465 -> 393, -4, 1.75, 5, -1
465 -> 393, -3, 0.25, 4, -1.5
465 -> 393, -3, 1.75, 4, -1
465 -> 393, -2, 1.25, 3, -1.5
465 -> 393, -3, 0.25, 5, -1.5
465 -> 393, -3, 1.75, 5, -1
465 -> 393, -1, 0.75, 4, -1
466 -> 393, -3, 1.75, 5, -0.5
466 -> 393, -3, 0.75, 3, -2
466 -> 393, -3, 0.75, 2, -2
466 -> 393, -3, 0.75, 4, -2
466 -> 393, -3, 0.75, 1, -2
469 -> 393, -1, 1.25, 3, -2
469 -> 393, -5, 1.75, 5, -0.5
469 -> 393, -1, 1.25, 5, -2
469 -> 393, -5, 1.25, 2, -0.5
469 -> 393, -1, 1.25, 4, -2
470 -> 393, -4, 1.25, 2, -1.5
470 -> 393, -1, 1.75, 5, -2
470 -> 393, -2, 0.25, 2, -1.5
470 -> 393, -4, 1.25, 3, -1.5
470 -> 393, -4, 1.25, 5, -1.5
470 -> 393, -4, 1.25, 4, -1.5
471 -> 393, -3, 1.75, 4, -2
471 -> 393, -3, 1.75, 3, -2
471 -> 393, -3, 1.75, 2, -2
471 -> 393, -3, 1.75, 5, -2
471 -> 393, -1, 1.25, 2, -2
471 -> 393, -1, 0.75, 3, -2
471 -> 393, -1, 0.25, 2, -1
471 -> 393, -1, 0.75, 4, -2
471 -> 393, -1, 1.25, 1, -2
471 -> 393, -1, 0.75, 5, -2
471 -> 393, -1, 0.25, 1, -1
472 -> 393, -1, 1.25, 5, -1
472 -> 393, -2, 1.75, 1, -1.5
473 -> 393, -2, 1.25, 2, -0.5
474 -> 393, -1, 0.25, 3, -1
474 -> 393, -1, 0.25, 5, -1
474 -> 393, -1, 0.25, 4, -1
474 -> 393, -1, 1.25, 1, -1
475 -> 393, -5, 0.75, 4, -1
475 -> 393, -5, 0.75, 5, -1
475 -> 393, -2, 0.75, 3, -2
477 -> 393, -2, 0.25, 3, -1.5
477 -> 393, -4, 1.25, 1, -1.5
477 -> 393, -2, 0.25, 4, -1.5
477 -> 393, -2, 0.25, 5, -1.5
477 -> 393, -1, 0.75, 4, -0.5
477 -> 393, -5, 1.25, 1, -0.5
477 -> 393, -2, 1.25, 2, -1
477 -> 393, -1, 0.75, 3, -0.5
477 -> 393, -2, 1.25, 1, -1
477 -> 393, -2, 1.25, 1, -2
477 -> 393, -2, 0.75, 4, -2
479 -> 393, -4, 1.25, 5, -0.5
479 -> 393, -2, 1.25, 4, -1
481 -> 393, -3, 0.75, 5, -2
481 -> 393, -2, 1.75, 2, -1.5
481 -> 393, -1, 1.75, 3, -2
481 -> 393, -1, 1.75, 4, -2
484 -> 393, -3, 0.25, 3, -1
484 -> 393, -3, 0.25, 1, -1
484 -> 393, -3, 0.25, 2, -1
485 -> 393, -3, 1.25, 3, -0.5
485 -> 393, -2, 0.25, 1, -1.5
485 -> 393, -4, 0.75, 4, -0.5
485 -> 393, -3, 1.25, 4, -0.5
485 -> 393, -3, 1.25, 5, -0.5
487 -> 393, -1, 1.75, 4, -1.5
487 -> 393, -2, 1.75, 5, -1
487 -> 393, -1, 1.75, 3, -1.5
487 -> 393, -1, 1.75, 2, -1.5
487 -> 393, -1, 1.75, 1, -1.5
487 -> 393, -1, 1.75, 5, -1.5
487 -> 393, -3, 1.25, 2, -0.5
487 -> 393, -2, 0.75, 1, -1
488 -> 393, -4, 1.75, 2, -1.5
488 -> 393, -3, 0.25, 1, -1.5
488 -> 393, -4, 0.75, 5, -2
488 -> 393, -4, 1.75, 3, -1.5
488 -> 393, -4, 1.75, 1, -1.5
488 -> 393, -3, 1.25, 5, -2
489 -> 393, -5, 1.75, 1, -0.5
489 -> 393, -2, 0.75, 4, -1.5
489 -> 393, -2, 0.75, 5, -1.5
490 -> 393, -5, 1.25, 2, -1
490 -> 393, -5, 1.25, 3, -1
490 -> 393, -5, 1.25, 5, -1
490 -> 393, -2, 0.75, 2, -1.5
490 -> 393, -5, 1.25, 4, -1
492 -> 393, -5, 1.75, 1, -1.5
493 -> 393, -1, 1.25, 3, -1.5
493 -> 393, -3, 1.25, 3, -1
495 -> 393, -5, 0.75, 4, -0.5
495 -> 393, -1, 0.75, 2, -0.5
495 -> 393, -4, 1.25, 2, -0.5
495 -> 393, -5, 0.75, 5, -0.5
498 -> 393, -4, 1.25, 4, -0.5
498 -> 393, -4, 1.25, 3, -0.5
498 -> 393, -5, 1.25, 5, -0.5
499 -> 393, -2, 0.25, 1, -1
499 -> 393, -5, 0.75, 3, -1
500 -> 393, -2, 0.25, 5, -1
500 -> 393, -5, 0.25, 4, -1
501 -> 393, -1, 0.25, 3, -0.5
501 -> 393, -5, 0.25, 3, -2
501 -> 393, -5, 0.25, 1, -2
501 -> 393, -5, 0.25, 4, -2
501 -> 393, -5, 0.25, 5, -2
501 -> 393, -2, 0.75, 3, -1.5
501 -> 393, -5, 0.25, 2, -2
502 -> 393, -5, 1.75, 1, -1
502 -> 393, -5, 0.75, 1, -1
502 -> 393, -1, 1.25, 1, -0.5
502 -> 393, -5, 0.75, 2, -1
502 -> 393, -1, 1.25, 2, -0.5
504 -> 393, -2, 0.25, 2, -1
504 -> 393, -4, 0.75, 1, -2
504 -> 393, -2, 0.25, 3, -1
504 -> 393, -2, 0.25, 4, -1
505 -> 393, -3, 0.75, 4, -0.5
505 -> 393, -3, 0.75, 3, -0.5
505 -> 393, -2, 0.25, 2, -2
505 -> 393, -2, 0.25, 3, -2
506 -> 393, -5, 1.25, 4, -2
506 -> 393, -5, 1.25, 3, -2
506 -> 393, -3, 1.75, 2, -1.5
506 -> 393, -5, 1.25, 2, -2
506 -> 393, -5, 1.25, 5, -2
506 -> 393, -3, 1.75, 4, -1.5
506 -> 393, -3, 1.75, 3, -1.5
506 -> 393, -3, 1.75, 1, -1.5
506 -> 393, -3, 1.75, 5, -1.5
508 -> 393, -5, 0.25, 5, -0.5
508 -> 393, -5, 0.25, 4, -0.5
508 -> 393, -5, 0.25, 2, -0.5
508 -> 393, -5, 0.25, 3, -0.5
508 -> 393, -4, 0.25, 3, -1
508 -> 393, -5, 0.25, 1, -0.5
508 -> 393, -4, 0.25, 4, -1
508 -> 393, -4, 0.25, 5, -1
509 -> 393, -4, 0.25, 2, -0.5
510 -> 393, -5, 0.25, 5, -1
510 -> 393, -5, 0.25, 2, -1
511 -> 393, -5, 0.75, 5, -1.5
514 -> 393, -5, 0.75, 4, -1.5
514 -> 393, -5, 0.75, 1, -1.5
514 -> 393, -5, 0.75, 2, -1.5
514 -> 393, -5, 0.75, 3, -1.5
516 -> 393, -4, 0.25, 1, -1
516 -> 393, -4, 0.25, 2, -1
517 -> 393, -5, 0.25, 3, -1
519 -> 393, -2, 1.25, 5, -1
519 -> 393, -1, 0.25, 4, -0.5
519 -> 393, -5, 1.25, 5, -1.5
519 -> 393, -4, 1.75, 1, -1
519 -> 393, -1, 0.25, 5, -0.5
519 -> 393, -4, 1.75, 4, -1
519 -> 393, -4, 1.75, 2, -1
519 -> 393, -4, 1.75, 3, -1
520 -> 393, -2, 0.25, 4, -2
520 -> 393, -2, 0.25, 5, -2
521 -> 393, -5, 1.25, 3, -0.5
522 -> 393, -2, 1.25, 3, -0.5
524 -> 393, -5, 1.75, 4, -1.5
524 -> 393, -5, 1.75, 3, -1.5
530 -> 393, -4, 0.75, 4, -2
530 -> 393, -4, 0.75, 2, -2
530 -> 393, -4, 0.75, 3, -2
532 -> 393, -1, 0.25, 5, -2
532 -> 393, -3, 0.25, 2, -2
532 -> 393, -3, 0.25, 1, -2
532 -> 393, -3, 0.25, 4, -2
532 -> 393, -3, 0.25, 3, -2
532 -> 393, -3, 0.25, 5, -2
533 -> 393, -3, 0.75, 5, -1.5
533 -> 393, -3, 0.75, 4, -1.5
533 -> 393, -3, 0.75, 3, -1.5
533 -> 393, -3, 0.75, 2, -1.5
536 -> 393, -5, 0.75, 5, -2
536 -> 393, -2, 0.25, 1, -2
536 -> 393, -5, 0.75, 4, -2
536 -> 393, -5, 0.75, 1, -2
536 -> 393, -5, 0.75, 3, -2
536 -> 393, -5, 0.75, 2, -2
538 -> 393, -5, 1.75, 2, -0.5
538 -> 393, -4, 0.25, 2, -2
538 -> 393, -4, 0.25, 3, -2
538 -> 393, -4, 0.25, 1, -2
538 -> 393, -4, 0.25, 4, -2
538 -> 393, -4, 0.25, 5, -2
548 -> 393, -1, 0.25, 1, -2
548 -> 393, -1, 0.25, 3, -2
548 -> 393, -1, 0.25, 2, -2
548 -> 393, -1, 0.25, 4, -2
554 -> 393, -4, 0.75, 4, -1
586 -> 393, -5, 0.75, 1, -0.5
586 -> 393, -5, 0.75, 2, -0.5
586 -> 393, -5, 0.75, 3, -0.5
654 -> 393, -5, 0.25, 3, -1.5
654 -> 393, -5, 0.25, 4, -1.5
654 -> 393, -5, 0.25, 5, -1.5
654 -> 393, -5, 0.25, 2, -1.5
655 -> 393, -5, 0.25, 1, -1.5
746 -> 393, -4, 0.75, 3, -0.5
746 -> 393, -4, 0.75, 2, -0.5
746 -> 393, -4, 0.75, 1, -0.5
