78 -> 140, -1, 0.25, 3, -2
78 -> 140, -1, 0.25, 2, -2
346 -> 140, -5, 0.25, 3, -0.5
346 -> 140, -5, 0.75, 5, -2
346 -> 140, -5, 0.75, 4, -2
346 -> 140, -5, 1.75, 3, -1
351 -> 140, -5, 1.75, 1, -1.5
351 -> 140, -5, 1.75, 5, -1
358 -> 140, -5, 0.75, 3, -2
358 -> 140, -5, 0.75, 2, -2
359 -> 140, -5, 1.75, 4, -2
360 -> 140, -5, 1.25, 5, -1.5
363 -> 140, -5, 1.25, 5, -2
365 -> 140, -5, 1.25, 5, -1
368 -> 140, -3, 0.75, 4, -2
369 -> 140, -5, 1.75, 4, -1
370 -> 140, -4, 0.25, 3, -1.5
372 -> 140, -3, 1.25, 3, -2
372 -> 140, -5, 1.75, 2, -2
373 -> 140, -5, 0.25, 5, -1
373 -> 140, -5, 0.75, 2, -1.5
375 -> 140, -5, 0.25, 1, -1
375 -> 140, -3, 1.25, 5, -2
376 -> 140, -5, 1.25, 4, -1
377 -> 140, -5, 0.25, 4, -0.5
377 -> 140, -5, 0.25, 5, -0.5
377 -> 140, -5, 0.75, 1, -1
377 -> 140, -3, 1.25, 1, -1
377 -> 140, -5, 1.25, 3, -1.5
378 -> 140, -5, 0.75, 1, -1.5
378 -> 140, -4, 1.25, 2, -2
379 -> 140, -4, 1.25, 1, -2
379 -> 140, -3, 1.25, 2, -2
382 -> 140, -5, 0.75, 5, -1.5
384 -> 140, -3, 1.25, 1, -2
385 -> 140, -2, 1.75, 5, -0.5
385 -> 140, -3, 0.75, 5, -1.5
385 -> 140, -5, 1.75, 2, -1.5
386 -> 140, -5, 1.25, 2, -2
386 -> 140, -3, 1.25, 4, -2
387 -> 140, -1, 1.75, 1, -2
388 -> 140, -3, 0.75, 3, -2
388 -> 140, -5, 0.75, 2, -1
388 -> 140, -4, 0.25, 4, -1.5
388 -> 140, -4, 0.25, 5, -1.5
389 -> 140, -1, 1.75, 4, -1.5
389 -> 140, -1, 1.25, 2, -1
389 -> 140, -1, 1.75, 3, -1.5
390 -> 140, -5, 0.75, 1, -2
390 -> 140, -1, 0.75, 1, -1
392 -> 140, -2, 0.75, 3, -2
392 -> 140, -2, 0.75, 4, -2
392 -> 140, -5, 0.25, 2, -1.5
392 -> 140, -4, 0.75, 4, -2
392 -> 140, -4, 0.75, 5, -2
393 -> 140, -1, 1.75, 5, -1.5
393 -> 140, -3, 1.75, 4, -1.5
394 -> 140, -5, 1.25, 1, -2
394 -> 140, -4, 0.25, 5, -1
394 -> 140, -4, 1.25, 3, -2
394 -> 140, -5, 1.75, 1, -2
395 -> 140, -2, 1.25, 1, -2
395 -> 140, -4, 1.75, 5, -2
396 -> 140, -5, 1.25, 4, -1.5
396 -> 140, -3, 0.75, 3, -1.5
396 -> 140, -5, 0.75, 4, -1.5
396 -> 140, -5, 0.25, 1, -1.5
396 -> 140, -5, 1.75, 5, -2
397 -> 140, -4, 0.25, 4, -1
398 -> 140, -5, 0.75, 3, -1.5
398 -> 140, -4, 0.25, 2, -1.5
398 -> 140, -4, 0.25, 1, -1.5
398 -> 140, -3, 0.75, 5, -2
399 -> 140, -2, 1.75, 2, -1.5
400 -> 140, -4, 1.75, 5, -1.5
400 -> 140, -3, 0.75, 1, -1.5
400 -> 140, -3, 0.75, 2, -1.5
401 -> 140, -2, 1.25, 2, -2
401 -> 140, -4, 1.75, 1, -1.5
401 -> 140, -1, 0.75, 1, -0.5
402 -> 140, -3, 1.75, 2, -1.5
402 -> 140, -3, 1.75, 3, -1.5
403 -> 140, -5, 1.25, 3, -2
404 -> 140, -4, 0.75, 1, -1
405 -> 140, -4, 0.75, 3, -2
407 -> 140, -4, 0.75, 2, -2
407 -> 140, -3, 0.75, 4, -1.5
407 -> 140, -1, 1.25, 3, -2
407 -> 140, -1, 0.25, 1, -2
407 -> 140, -4, 0.75, 1, -2
408 -> 140, -3, 1.75, 5, -1.5
408 -> 140, -4, 1.25, 2, -1
409 -> 140, -5, 0.25, 4, -1
409 -> 140, -3, 0.75, 1, -2
410 -> 140, -5, 1.25, 4, -2
410 -> 140, -5, 1.75, 3, -1.5
410 -> 140, -5, 1.75, 5, -1.5
410 -> 140, -5, 1.75, 4, -1.5
411 -> 140, -2, 0.75, 5, -2
411 -> 140, -4, 0.25, 2, -1
411 -> 140, -1, 1.75, 5, -2
411 -> 140, -4, 0.25, 3, -1
411 -> 140, -2, 1.25, 4, -1.5
412 -> 140, -1, 1.75, 2, -1.5
412 -> 140, -2, 0.25, 3, -0.5
412 -> 140, -2, 0.25, 4, -0.5
413 -> 140, -3, 0.25, 4, -0.5
414 -> 140, -1, 1.25, 5, -0.5
415 -> 140, -1, 1.25, 2, -1.5
415 -> 140, -3, 1.75, 1, -1
415 -> 140, -3, 0.75, 2, -2
416 -> 140, -3, 1.75, 4, -2
416 -> 140, -2, 1.75, 4, -0.5
417 -> 140, -4, 0.75, 2, -1
417 -> 140, -4, 1.75, 1, -2
417 -> 140, -1, 1.25, 2, -2
418 -> 140, -2, 1.75, 5, -1.5
419 -> 140, -1, 0.25, 3, -0.5
419 -> 140, -4, 1.25, 5, -1.5
419 -> 140, -1, 0.25, 4, -0.5
419 -> 140, -3, 0.25, 3, -0.5
419 -> 140, -4, 1.25, 2, -1.5
420 -> 140, -1, 0.75, 2, -1
420 -> 140, -2, 0.25, 3, -1
420 -> 140, -2, 1.25, 2, -1
420 -> 140, -4, 1.75, 1, -1
420 -> 140, -5, 0.25, 5, -2
420 -> 140, -4, 1.75, 2, -1
421 -> 140, -3, 1.75, 2, -1
421 -> 140, -4, 1.25, 3, -1.5
421 -> 140, -1, 1.25, 4, -2
421 -> 140, -4, 0.25, 1, -1
421 -> 140, -1, 1.25, 5, -2
422 -> 140, -2, 1.25, 3, -1.5
423 -> 140, -2, 1.75, 5, -2
423 -> 140, -1, 0.75, 3, -1
423 -> 140, -1, 0.75, 4, -1
423 -> 140, -1, 1.75, 1, -0.5
424 -> 140, -3, 0.75, 4, -1
424 -> 140, -2, 1.75, 4, -1
424 -> 140, -3, 0.75, 2, -1
424 -> 140, -4, 1.25, 4, -1.5
424 -> 140, -3, 0.75, 3, -1
424 -> 140, -1, 1.75, 1, -1.5
424 -> 140, -3, 0.75, 1, -1
424 -> 140, -3, 0.75, 5, -1
424 -> 140, -3, 1.75, 1, -2
425 -> 140, -2, 1.25, 5, -2
425 -> 140, -2, 1.25, 5, -1.5
425 -> 140, -1, 0.75, 2, -0.5
426 -> 140, -1, 0.75, 3, -1.5
426 -> 140, -3, 1.75, 1, -1.5
426 -> 140, -1, 0.75, 4, -1.5
427 -> 140, -5, 0.25, 4, -2
427 -> 140, -1, 1.25, 1, -2
427 -> 140, -2, 1.75, 3, -0.5
428 -> 140, -4, 1.25, 4, -2
428 -> 140, -2, 1.75, 4, -1.5
429 -> 140, -1, 0.75, 3, -0.5
429 -> 140, -3, 1.75, 3, -2
429 -> 140, -5, 0.75, 4, -1
429 -> 140, -5, 0.75, 5, -1
429 -> 140, -5, 0.75, 3, -1
430 -> 140, -2, 0.25, 5, -0.5
431 -> 140, -2, 1.25, 4, -1
431 -> 140, -2, 1.25, 5, -1
431 -> 140, -4, 1.25, 1, -1
431 -> 140, -4, 1.25, 1, -1.5
432 -> 140, -4, 1.25, 5, -1
432 -> 140, -3, 0.25, 4, -1
432 -> 140, -1, 0.75, 5, -1
432 -> 140, -2, 0.75, 5, -0.5
432 -> 140, -3, 0.25, 3, -1
432 -> 140, -2, 0.75, 4, -0.5
433 -> 140, -4, 0.75, 5, -1
433 -> 140, -4, 0.75, 4, -1
433 -> 140, -2, 1.75, 1, -2
433 -> 140, -1, 0.75, 1, -1.5
433 -> 140, -4, 1.25, 5, -2
434 -> 140, -4, 1.75, 2, -2
434 -> 140, -5, 0.25, 1, -2
434 -> 140, -5, 0.25, 2, -2
434 -> 140, -2, 1.75, 3, -1
434 -> 140, -3, 0.25, 5, -0.5
435 -> 140, -2, 1.25, 4, -2
435 -> 140, -3, 0.25, 5, -1.5
435 -> 140, -2, 1.75, 5, -1
436 -> 140, -1, 1.25, 5, -1.5
437 -> 140, -2, 1.25, 3, -1
437 -> 140, -2, 1.25, 2, -1.5
437 -> 140, -1, 1.25, 1, -1.5
437 -> 140, -2, 1.25, 1, -1.5
438 -> 140, -2, 0.75, 1, -2
439 -> 140, -4, 1.75, 4, -2
439 -> 140, -4, 0.75, 5, -1.5
439 -> 140, -4, 0.75, 4, -1.5
440 -> 140, -2, 0.75, 2, -2
440 -> 140, -1, 1.25, 4, -1
440 -> 140, -1, 0.75, 2, -1.5
440 -> 140, -1, 1.25, 5, -1
440 -> 140, -2, 1.25, 3, -2
441 -> 140, -3, 1.25, 2, -1.5
441 -> 140, -1, 0.25, 4, -1.5
441 -> 140, -5, 1.25, 3, -1
441 -> 140, -3, 1.25, 3, -1.5
441 -> 140, -3, 0.25, 2, -0.5
441 -> 140, -1, 0.25, 5, -1.5
441 -> 140, -1, 0.75, 5, -1.5
441 -> 140, -2, 0.75, 5, -1.5
441 -> 140, -1, 0.75, 2, -2
441 -> 140, -3, 1.25, 1, -1.5
441 -> 140, -1, 0.75, 1, -2
442 -> 140, -1, 1.25, 3, -1
443 -> 140, -4, 0.75, 1, -1.5
443 -> 140, -1, 0.75, 3, -2
443 -> 140, -4, 0.75, 2, -1.5
444 -> 140, -2, 1.75, 2, -2
444 -> 140, -4, 0.75, 3, -1.5
445 -> 140, -4, 1.75, 3, -2
445 -> 140, -3, 0.25, 5, -1
445 -> 140, -3, 1.75, 1, -0.5
445 -> 140, -3, 1.75, 5, -2
446 -> 140, -5, 0.25, 5, -1.5
446 -> 140, -5, 0.25, 4, -1.5
446 -> 140, -5, 0.25, 3, -1.5
448 -> 140, -3, 0.25, 4, -2
448 -> 140, -3, 0.25, 5, -2
448 -> 140, -1, 0.25, 5, -0.5
448 -> 140, -3, 0.25, 3, -2
448 -> 140, -5, 1.75, 3, -2
448 -> 140, -2, 1.75, 3, -1.5
449 -> 140, -4, 1.75, 3, -1
449 -> 140, -3, 1.25, 3, -1
449 -> 140, -4, 1.75, 4, -1
449 -> 140, -3, 1.25, 2, -1
449 -> 140, -4, 1.25, 4, -1
449 -> 140, -4, 1.75, 5, -1
449 -> 140, -1, 1.75, 1, -1
450 -> 140, -1, 1.75, 2, -1
450 -> 140, -1, 1.25, 3, -0.5
450 -> 140, -4, 0.75, 3, -1
451 -> 140, -5, 0.25, 3, -1
451 -> 140, -4, 1.75, 2, -1.5
451 -> 140, -1, 1.25, 2, -0.5
451 -> 140, -4, 1.75, 4, -1.5
451 -> 140, -4, 1.75, 3, -1.5
452 -> 140, -2, 1.75, 3, -2
452 -> 140, -2, 0.25, 1, -0.5
452 -> 140, -3, 0.25, 2, -2
452 -> 140, -2, 1.75, 4, -2
452 -> 140, -3, 1.25, 4, -1
453 -> 140, -1, 0.75, 4, -2
453 -> 140, -1, 1.75, 5, -1
453 -> 140, -1, 0.75, 5, -2
453 -> 140, -1, 1.75, 4, -1
453 -> 140, -3, 1.75, 3, -1
453 -> 140, -3, 1.75, 4, -1
453 -> 140, -3, 1.75, 5, -1
454 -> 140, -5, 0.25, 2, -1
454 -> 140, -1, 0.25, 5, -2
454 -> 140, -1, 1.75, 3, -2
454 -> 140, -5, 0.25, 3, -2
454 -> 140, -1, 0.25, 4, -2
454 -> 140, -1, 1.75, 2, -2
456 -> 140, -2, 1.25, 5, -0.5
456 -> 140, -2, 1.25, 4, -0.5
456 -> 140, -2, 1.25, 3, -0.5
456 -> 140, -2, 1.25, 2, -0.5
456 -> 140, -2, 0.75, 4, -1.5
456 -> 140, -1, 1.75, 4, -2
456 -> 140, -2, 0.75, 3, -1.5
456 -> 140, -2, 0.75, 1, -1.5
456 -> 140, -2, 0.75, 2, -1.5
457 -> 140, -1, 1.75, 5, -0.5
457 -> 140, -5, 0.25, 1, -0.5
459 -> 140, -2, 1.75, 2, -0.5
459 -> 140, -2, 0.75, 1, -1
459 -> 140, -1, 1.75, 4, -0.5
459 -> 140, -2, 0.75, 3, -1
459 -> 140, -3, 1.25, 5, -1
459 -> 140, -2, 0.75, 2, -1
460 -> 140, -1, 1.75, 3, -1
460 -> 140, -3, 0.25, 1, -2
460 -> 140, -2, 0.75, 3, -0.5
460 -> 140, -5, 1.25, 2, -1.5
461 -> 140, -2, 0.25, 1, -1
461 -> 140, -5, 1.25, 1, -1.5
461 -> 140, -3, 1.75, 2, -2
462 -> 140, -5, 1.25, 1, -1
462 -> 140, -2, 1.75, 1, -1.5
463 -> 140, -4, 1.25, 1, -0.5
463 -> 140, -5, 1.75, 2, -0.5
465 -> 140, -1, 0.75, 4, -0.5
465 -> 140, -1, 0.75, 5, -0.5
465 -> 140, -2, 0.25, 5, -1.5
466 -> 140, -5, 1.25, 2, -1
466 -> 140, -2, 1.75, 2, -1
466 -> 140, -2, 1.75, 1, -1
468 -> 140, -1, 1.25, 4, -0.5
471 -> 140, -2, 0.25, 3, -2
471 -> 140, -2, 0.25, 4, -2
471 -> 140, -3, 0.25, 1, -1
471 -> 140, -2, 1.25, 1, -0.5
471 -> 140, -3, 0.25, 2, -1
471 -> 140, -2, 0.25, 5, -2
472 -> 140, -1, 1.75, 2, -0.5
472 -> 140, -1, 1.75, 3, -0.5
472 -> 140, -2, 0.25, 2, -2
472 -> 140, -2, 0.25, 4, -1
472 -> 140, -2, 0.25, 5, -1
472 -> 140, -2, 0.25, 1, -2
473 -> 140, -4, 1.75, 3, -0.5
473 -> 140, -4, 1.75, 4, -0.5
473 -> 140, -4, 1.75, 5, -0.5
473 -> 140, -1, 1.25, 3, -1.5
474 -> 140, -4, 0.25, 1, -2
474 -> 140, -4, 0.25, 2, -2
474 -> 140, -4, 0.25, 5, -2
474 -> 140, -4, 0.25, 3, -2
474 -> 140, -4, 0.25, 4, -2
475 -> 140, -1, 0.25, 2, -0.5
475 -> 140, -5, 1.75, 2, -1
475 -> 140, -5, 1.75, 1, -1
475 -> 140, -1, 0.25, 1, -0.5
475 -> 140, -1, 1.25, 1, -1
477 -> 140, -1, 0.25, 2, -1.5
477 -> 140, -1, 0.25, 1, -1.5
477 -> 140, -2, 1.75, 1, -0.5
477 -> 140, -2, 0.25, 2, -1
478 -> 140, -4, 1.25, 3, -1
481 -> 140, -3, 0.25, 3, -1.5
481 -> 140, -3, 0.25, 2, -1.5
481 -> 140, -1, 1.25, 1, -0.5
481 -> 140, -3, 0.25, 1, -1.5
481 -> 140, -3, 0.25, 4, -1.5
484 -> 140, -1, 1.25, 4, -1.5
484 -> 140, -5, 0.25, 2, -0.5
486 -> 140, -3, 1.25, 5, -1.5
486 -> 140, -3, 1.25, 4, -1.5
488 -> 140, -2, 0.75, 5, -1
488 -> 140, -2, 0.75, 4, -1
492 -> 140, -2, 0.25, 1, -1.5
492 -> 140, -2, 0.25, 2, -1.5
492 -> 140, -2, 0.25, 4, -1.5
492 -> 140, -2, 0.25, 3, -1.5
495 -> 140, -1, 0.25, 4, -1
495 -> 140, -1, 0.25, 3, -1
495 -> 140, -1, 0.25, 5, -1
495 -> 140, -1, 0.25, 1, -1
495 -> 140, -1, 0.25, 2, -1
499 -> 140, -2, 1.25, 1, -1
501 -> 140, -1, 0.25, 3, -1.5
505 -> 140, -2, 0.25, 2, -0.5
516 -> 140, -2, 0.75, 1, -0.5
519 -> 140, -3, 1.25, 1, -0.5
523 -> 140, -3, 1.75, 2, -0.5
531 -> 140, -4, 0.25, 3, -0.5
531 -> 140, -4, 0.25, 5, -0.5
531 -> 140, -4, 0.25, 2, -0.5
531 -> 140, -4, 0.25, 4, -0.5
534 -> 140, -4, 0.75, 4, -0.5
534 -> 140, -4, 0.75, 5, -0.5
544 -> 140, -4, 1.75, 1, -0.5
547 -> 140, -3, 0.75, 1, -0.5
547 -> 140, -3, 0.75, 4, -0.5
547 -> 140, -3, 0.75, 2, -0.5
547 -> 140, -3, 0.75, 3, -0.5
547 -> 140, -3, 0.75, 5, -0.5
548 -> 140, -4, 1.75, 2, -0.5
559 -> 140, -5, 1.75, 1, -0.5
564 -> 140, -3, 1.25, 5, -0.5
564 -> 140, -3, 1.25, 4, -0.5
565 -> 140, -3, 1.25, 2, -0.5
565 -> 140, -3, 1.25, 3, -0.5
573 -> 140, -2, 0.75, 2, -0.5
579 -> 140, -3, 0.25, 1, -0.5
580 -> 140, -3, 1.75, 4, -0.5
580 -> 140, -3, 1.75, 3, -0.5
580 -> 140, -3, 1.75, 5, -0.5
582 -> 140, -4, 0.25, 1, -0.5
583 -> 140, -4, 1.25, 5, -0.5
611 -> 140, -4, 1.25, 2, -0.5
611 -> 140, -4, 1.25, 4, -0.5
611 -> 140, -4, 1.25, 3, -0.5
631 -> 140, -4, 0.75, 1, -0.5
631 -> 140, -4, 0.75, 2, -0.5
631 -> 140, -4, 0.75, 3, -0.5
672 -> 140, -5, 1.25, 2, -0.5
689 -> 140, -5, 0.75, 3, -0.5
689 -> 140, -5, 0.75, 2, -0.5
689 -> 140, -5, 0.75, 1, -0.5
716 -> 140, -5, 1.25, 4, -0.5
716 -> 140, -5, 1.25, 5, -0.5
718 -> 140, -5, 1.25, 3, -0.5
728 -> 140, -5, 1.75, 5, -0.5
728 -> 140, -5, 1.75, 3, -0.5
728 -> 140, -5, 1.75, 4, -0.5
797 -> 140, -5, 1.25, 1, -0.5
834 -> 140, -5, 0.75, 5, -0.5
834 -> 140, -5, 0.75, 4, -0.5
