340 -> 172, -4, 1.25, 4, -2
354 -> 172, -4, 1.25, 3, -2
365 -> 172, -4, 1.25, 2, -1.5
370 -> 172, -5, 1.25, 1, -2
375 -> 172, -5, 1.25, 1, -1.5
375 -> 172, -5, 1.25, 5, -2
379 -> 172, -5, 1.25, 2, -1.5
379 -> 172, -1, 1.75, 3, -0.5
379 -> 172, -2, 1.75, 3, -2
380 -> 172, -5, 1.25, 4, -2
380 -> 172, -5, 1.25, 2, -2
380 -> 172, -5, 1.25, 3, -2
381 -> 172, -5, 1.25, 5, -1.5
381 -> 172, -4, 0.25, 3, -1
381 -> 172, -4, 0.25, 2, -1
381 -> 172, -4, 1.25, 2, -2
381 -> 172, -4, 1.25, 1, -2
382 -> 172, -3, 1.25, 4, -1.5
385 -> 172, -3, 0.75, 3, -2
386 -> 172, -1, 1.75, 3, -1.5
387 -> 172, -1, 1.25, 2, -0.5
387 -> 172, -2, 1.25, 4, -1
389 -> 172, -1, 0.75, 1, -0.5
389 -> 172, -2, 1.75, 3, -1.5
390 -> 172, -2, 1.25, 5, -1
392 -> 172, -4, 0.25, 4, -1.5
394 -> 172, -4, 1.75, 4, -2
394 -> 172, -5, 0.25, 3, -2
394 -> 172, -5, 0.25, 2, -2
394 -> 172, -3, 0.75, 2, -2
394 -> 172, -5, 0.25, 5, -2
394 -> 172, -5, 0.25, 4, -2
395 -> 172, -3, 1.25, 2, -1.5
396 -> 172, -2, 1.25, 3, -1.5
396 -> 172, -4, 1.75, 5, -2
397 -> 172, -5, 0.75, 5, -2
397 -> 172, -4, 0.25, 5, -1.5
397 -> 172, -5, 0.75, 4, -2
400 -> 172, -4, 1.75, 1, -2
400 -> 172, -5, 1.75, 1, -2
400 -> 172, -5, 1.75, 2, -2
400 -> 172, -4, 1.75, 2, -2
400 -> 172, -4, 1.75, 3, -2
400 -> 172, -2, 1.25, 4, -0.5
401 -> 172, -2, 1.25, 1, -2
401 -> 172, -1, 1.25, 4, -0.5
401 -> 172, -1, 1.75, 1, -1
401 -> 172, -4, 0.75, 3, -2
401 -> 172, -3, 0.75, 5, -2
402 -> 172, -1, 1.25, 3, -1.5
402 -> 172, -1, 1.25, 4, -1.5
402 -> 172, -5, 1.75, 3, -2
402 -> 172, -5, 1.25, 3, -1.5
404 -> 172, -3, 1.75, 3, -2
405 -> 172, -1, 1.75, 4, -2
405 -> 172, -1, 1.25, 5, -0.5
405 -> 172, -5, 1.25, 3, -0.5
406 -> 172, -1, 1.75, 5, -2
407 -> 172, -1, 1.75, 2, -0.5
407 -> 172, -3, 1.75, 1, -2
407 -> 172, -2, 1.75, 3, -0.5
407 -> 172, -3, 1.75, 2, -2
407 -> 172, -4, 1.25, 5, -2
408 -> 172, -3, 1.75, 3, -1.5
409 -> 172, -3, 1.75, 1, -1.5
409 -> 172, -4, 0.25, 4, -1
409 -> 172, -3, 1.75, 2, -1.5
410 -> 172, -5, 0.25, 4, -1.5
410 -> 172, -4, 0.75, 4, -1
410 -> 172, -5, 1.75, 5, -2
411 -> 172, -4, 0.25, 1, -1
411 -> 172, -5, 0.75, 1, -1
412 -> 172, -1, 1.25, 3, -0.5
412 -> 172, -2, 1.25, 2, -1.5
413 -> 172, -1, 1.75, 3, -2
413 -> 172, -4, 0.25, 5, -1
414 -> 172, -3, 1.75, 4, -2
414 -> 172, -3, 0.75, 1, -2
414 -> 172, -1, 1.75, 2, -2
415 -> 172, -1, 1.25, 2, -1.5
415 -> 172, -1, 1.25, 1, -1.5
415 -> 172, -1, 1.75, 4, -0.5
415 -> 172, -5, 1.75, 4, -2
415 -> 172, -1, 1.75, 5, -0.5
415 -> 172, -5, 0.75, 1, -2
416 -> 172, -2, 1.75, 4, -1.5
416 -> 172, -3, 1.25, 2, -2
416 -> 172, -2, 1.75, 2, -0.5
416 -> 172, -2, 1.75, 5, -1.5
416 -> 172, -3, 1.75, 5, -1
416 -> 172, -3, 0.75, 5, -1
417 -> 172, -1, 1.75, 1, -0.5
419 -> 172, -4, 0.75, 1, -1.5
419 -> 172, -5, 0.25, 2, -1.5
419 -> 172, -2, 1.75, 2, -2
419 -> 172, -5, 0.25, 5, -1
419 -> 172, -5, 0.25, 3, -1.5
420 -> 172, -2, 1.25, 2, -2
420 -> 172, -2, 1.25, 1, -1.5
420 -> 172, -1, 0.25, 1, -1.5
421 -> 172, -2, 1.75, 3, -1
421 -> 172, -2, 1.25, 4, -1.5
421 -> 172, -5, 1.25, 4, -1.5
421 -> 172, -2, 1.25, 5, -1.5
421 -> 172, -2, 0.25, 1, -1
421 -> 172, -2, 0.25, 2, -1
422 -> 172, -4, 1.25, 4, -1.5
422 -> 172, -4, 0.75, 4, -0.5
422 -> 172, -4, 1.75, 5, -1
422 -> 172, -2, 1.75, 5, -0.5
422 -> 172, -4, 0.75, 5, -0.5
422 -> 172, -4, 1.25, 5, -1.5
423 -> 172, -4, 0.75, 3, -0.5
423 -> 172, -4, 0.75, 2, -0.5
423 -> 172, -4, 0.75, 1, -0.5
423 -> 172, -1, 1.25, 5, -2
423 -> 172, -1, 1.25, 4, -2
423 -> 172, -5, 0.25, 1, -1
423 -> 172, -5, 1.25, 5, -0.5
423 -> 172, -3, 1.25, 4, -2
423 -> 172, -4, 0.25, 1, -2
423 -> 172, -5, 1.25, 4, -0.5
424 -> 172, -2, 1.75, 1, -2
424 -> 172, -4, 0.25, 5, -2
424 -> 172, -1, 1.75, 1, -1.5
424 -> 172, -4, 0.25, 4, -2
424 -> 172, -1, 1.75, 2, -1.5
424 -> 172, -4, 0.25, 3, -2
424 -> 172, -4, 0.25, 2, -2
425 -> 172, -4, 0.75, 5, -2
425 -> 172, -3, 1.25, 3, -1.5
425 -> 172, -2, 1.25, 3, -1
425 -> 172, -2, 0.25, 1, -1.5
427 -> 172, -2, 1.25, 4, -2
428 -> 172, -4, 1.75, 2, -1
429 -> 172, -2, 0.25, 5, -2
429 -> 172, -2, 1.25, 3, -2
430 -> 172, -2, 0.75, 4, -1.5
430 -> 172, -3, 0.75, 1, -1
430 -> 172, -2, 0.75, 3, -1.5
430 -> 172, -5, 0.25, 1, -2
430 -> 172, -3, 0.75, 2, -1
430 -> 172, -2, 0.75, 5, -1.5
431 -> 172, -3, 1.75, 5, -2
431 -> 172, -4, 0.75, 1, -2
431 -> 172, -4, 0.25, 2, -1.5
431 -> 172, -4, 0.25, 1, -1.5
431 -> 172, -3, 0.25, 3, -2
431 -> 172, -4, 0.75, 2, -2
431 -> 172, -1, 0.25, 2, -1.5
431 -> 172, -4, 1.25, 3, -1.5
432 -> 172, -5, 0.25, 2, -1
432 -> 172, -2, 1.75, 1, -0.5
433 -> 172, -1, 0.75, 1, -2
433 -> 172, -1, 1.25, 2, -1
434 -> 172, -1, 0.75, 5, -0.5
434 -> 172, -2, 1.25, 1, -0.5
434 -> 172, -2, 1.25, 5, -2
434 -> 172, -2, 1.25, 2, -0.5
435 -> 172, -5, 0.75, 3, -0.5
435 -> 172, -2, 0.75, 5, -2
435 -> 172, -5, 0.75, 2, -0.5
435 -> 172, -5, 0.75, 4, -0.5
435 -> 172, -5, 0.75, 5, -0.5
435 -> 172, -2, 1.75, 4, -1
435 -> 172, -4, 1.75, 4, -1
435 -> 172, -2, 1.75, 5, -1
435 -> 172, -2, 0.75, 4, -2
436 -> 172, -5, 0.75, 1, -0.5
436 -> 172, -2, 0.25, 2, -1.5
436 -> 172, -2, 0.25, 5, -1.5
436 -> 172, -2, 1.75, 1, -1.5
436 -> 172, -2, 1.75, 2, -1.5
436 -> 172, -2, 0.25, 3, -1.5
436 -> 172, -2, 0.25, 4, -1.5
437 -> 172, -5, 0.25, 3, -0.5
437 -> 172, -1, 0.75, 2, -0.5
437 -> 172, -1, 0.75, 1, -1.5
437 -> 172, -5, 0.25, 4, -0.5
438 -> 172, -1, 1.75, 1, -2
438 -> 172, -2, 0.75, 1, -2
438 -> 172, -2, 0.75, 2, -2
438 -> 172, -3, 1.25, 1, -2
438 -> 172, -3, 0.25, 5, -1.5
438 -> 172, -3, 0.25, 3, -1
438 -> 172, -2, 0.75, 3, -2
438 -> 172, -3, 0.25, 4, -1
438 -> 172, -2, 1.75, 5, -2
439 -> 172, -3, 1.75, 5, -1.5
439 -> 172, -2, 1.75, 2, -1
440 -> 172, -3, 0.25, 1, -1.5
440 -> 172, -3, 0.25, 2, -1.5
440 -> 172, -3, 0.25, 3, -1.5
441 -> 172, -3, 1.75, 4, -1
441 -> 172, -3, 1.75, 3, -1
441 -> 172, -3, 0.25, 4, -1.5
441 -> 172, -3, 0.25, 5, -1
442 -> 172, -3, 1.25, 5, -2
442 -> 172, -2, 0.75, 5, -0.5
443 -> 172, -4, 1.75, 3, -1
444 -> 172, -3, 0.25, 1, -2
444 -> 172, -3, 0.25, 2, -2
444 -> 172, -4, 1.25, 1, -1.5
444 -> 172, -4, 0.75, 4, -2
445 -> 172, -3, 1.75, 1, -1
445 -> 172, -1, 0.75, 4, -2
446 -> 172, -1, 0.75, 5, -2
446 -> 172, -1, 0.25, 1, -0.5
446 -> 172, -3, 0.75, 3, -1
446 -> 172, -3, 0.75, 4, -1
446 -> 172, -1, 1.75, 5, -1.5
446 -> 172, -2, 0.25, 2, -0.5
448 -> 172, -3, 1.25, 5, -1.5
448 -> 172, -5, 0.75, 2, -1
448 -> 172, -2, 1.75, 4, -2
448 -> 172, -1, 0.25, 2, -0.5
448 -> 172, -5, 0.75, 3, -1
448 -> 172, -2, 0.25, 3, -2
448 -> 172, -2, 0.25, 4, -2
448 -> 172, -3, 1.25, 1, -1.5
449 -> 172, -1, 1.25, 2, -2
449 -> 172, -3, 0.25, 5, -2
449 -> 172, -4, 0.25, 4, -0.5
449 -> 172, -4, 0.25, 5, -0.5
449 -> 172, -3, 0.25, 4, -2
449 -> 172, -5, 0.25, 3, -1
449 -> 172, -1, 1.25, 1, -2
449 -> 172, -5, 0.25, 4, -1
450 -> 172, -2, 1.75, 4, -0.5
450 -> 172, -1, 1.75, 2, -1
450 -> 172, -4, 0.25, 3, -1.5
451 -> 172, -3, 0.25, 1, -1
451 -> 172, -1, 0.25, 5, -2
451 -> 172, -1, 1.25, 3, -2
451 -> 172, -1, 0.25, 4, -2
451 -> 172, -3, 0.25, 2, -1
451 -> 172, -3, 1.75, 2, -1
451 -> 172, -1, 0.25, 1, -2
451 -> 172, -1, 0.25, 3, -2
451 -> 172, -1, 0.25, 2, -2
452 -> 172, -1, 0.25, 1, -1
452 -> 172, -1, 0.75, 3, -0.5
452 -> 172, -1, 0.25, 2, -1
453 -> 172, -2, 1.25, 2, -1
453 -> 172, -3, 0.75, 4, -2
453 -> 172, -3, 1.25, 5, -0.5
453 -> 172, -5, 0.25, 2, -0.5
453 -> 172, -4, 1.75, 1, -1
454 -> 172, -2, 1.25, 1, -1
454 -> 172, -5, 0.25, 1, -1.5
454 -> 172, -2, 0.25, 1, -2
455 -> 172, -5, 0.75, 4, -1.5
455 -> 172, -5, 0.75, 2, -2
455 -> 172, -1, 1.25, 4, -1
455 -> 172, -5, 0.75, 3, -1.5
455 -> 172, -5, 0.75, 3, -2
455 -> 172, -1, 1.25, 3, -1
455 -> 172, -5, 0.75, 5, -1.5
455 -> 172, -1, 1.25, 5, -1
456 -> 172, -1, 0.75, 4, -1.5
456 -> 172, -1, 0.75, 2, -1.5
456 -> 172, -1, 0.75, 3, -1.5
456 -> 172, -5, 1.25, 2, -0.5
457 -> 172, -1, 1.75, 4, -1.5
457 -> 172, -3, 1.25, 4, -0.5
457 -> 172, -1, 1.25, 1, -0.5
458 -> 172, -1, 0.75, 5, -1
458 -> 172, -1, 0.75, 3, -1
458 -> 172, -1, 0.75, 2, -1
458 -> 172, -4, 0.75, 5, -1
458 -> 172, -2, 0.75, 2, -1
458 -> 172, -1, 0.75, 4, -1
458 -> 172, -1, 1.25, 1, -1
459 -> 172, -3, 0.75, 1, -1.5
459 -> 172, -3, 0.75, 2, -1.5
459 -> 172, -5, 0.75, 2, -1.5
459 -> 172, -5, 0.75, 1, -1.5
460 -> 172, -5, 0.25, 5, -1.5
461 -> 172, -1, 0.25, 3, -0.5
461 -> 172, -2, 1.75, 1, -1
461 -> 172, -4, 0.75, 5, -1.5
461 -> 172, -4, 0.75, 3, -1.5
461 -> 172, -4, 0.75, 4, -1.5
462 -> 172, -2, 0.25, 1, -0.5
462 -> 172, -1, 0.75, 5, -1.5
462 -> 172, -3, 1.25, 3, -2
463 -> 172, -2, 0.75, 3, -1
463 -> 172, -2, 0.75, 4, -1
463 -> 172, -3, 1.75, 4, -1.5
463 -> 172, -1, 1.25, 5, -1.5
463 -> 172, -1, 0.75, 4, -0.5
464 -> 172, -1, 0.75, 3, -2
464 -> 172, -1, 0.75, 2, -2
465 -> 172, -4, 1.25, 3, -1
465 -> 172, -4, 1.25, 1, -1
465 -> 172, -1, 0.25, 5, -1.5
465 -> 172, -4, 1.25, 5, -1
465 -> 172, -1, 0.25, 4, -1.5
465 -> 172, -4, 1.25, 2, -1
465 -> 172, -4, 1.25, 4, -1
465 -> 172, -1, 0.25, 3, -1.5
466 -> 172, -1, 0.25, 3, -1
466 -> 172, -4, 0.75, 3, -1
466 -> 172, -4, 0.75, 2, -1
466 -> 172, -4, 0.75, 1, -1
466 -> 172, -2, 0.25, 5, -0.5
466 -> 172, -3, 1.25, 2, -1
466 -> 172, -1, 0.25, 5, -1
466 -> 172, -1, 0.25, 4, -1
470 -> 172, -2, 0.75, 1, -0.5
470 -> 172, -2, 0.75, 2, -0.5
470 -> 172, -2, 0.75, 3, -0.5
471 -> 172, -4, 0.75, 2, -1.5
474 -> 172, -3, 1.25, 4, -1
474 -> 172, -3, 1.25, 5, -1
474 -> 172, -3, 1.25, 3, -0.5
477 -> 172, -2, 0.75, 5, -1
477 -> 172, -3, 0.75, 5, -1.5
477 -> 172, -3, 0.75, 4, -1.5
478 -> 172, -1, 0.75, 1, -1
481 -> 172, -2, 0.75, 1, -1
481 -> 172, -2, 0.75, 2, -1.5
481 -> 172, -2, 0.75, 1, -1.5
482 -> 172, -1, 1.75, 5, -1
482 -> 172, -1, 1.75, 4, -1
482 -> 172, -1, 1.75, 3, -1
483 -> 172, -2, 0.25, 3, -0.5
483 -> 172, -2, 0.75, 4, -0.5
483 -> 172, -3, 1.25, 3, -1
483 -> 172, -2, 0.25, 4, -0.5
486 -> 172, -2, 0.25, 2, -2
486 -> 172, -2, 1.25, 3, -0.5
487 -> 172, -4, 0.25, 1, -0.5
488 -> 172, -3, 0.75, 3, -1.5
488 -> 172, -5, 1.25, 4, -1
488 -> 172, -5, 1.25, 5, -1
489 -> 172, -3, 1.25, 2, -0.5
489 -> 172, -3, 1.25, 1, -0.5
490 -> 172, -5, 1.25, 3, -1
490 -> 172, -5, 1.25, 2, -1
491 -> 172, -4, 1.75, 3, -1.5
491 -> 172, -4, 1.75, 4, -1.5
491 -> 172, -4, 1.75, 1, -1.5
491 -> 172, -4, 1.75, 2, -1.5
491 -> 172, -4, 1.75, 5, -1.5
497 -> 172, -2, 1.25, 5, -0.5
497 -> 172, -1, 0.25, 4, -0.5
497 -> 172, -1, 0.25, 5, -0.5
500 -> 172, -4, 0.25, 3, -0.5
500 -> 172, -4, 0.25, 2, -0.5
501 -> 172, -2, 0.25, 5, -1
501 -> 172, -2, 0.25, 4, -1
501 -> 172, -2, 0.25, 3, -1
502 -> 172, -3, 0.25, 1, -0.5
502 -> 172, -3, 0.25, 2, -0.5
505 -> 172, -5, 1.25, 1, -1
507 -> 172, -5, 1.75, 1, -1.5
507 -> 172, -5, 1.75, 2, -1.5
507 -> 172, -3, 1.75, 5, -0.5
507 -> 172, -5, 1.75, 4, -1.5
507 -> 172, -5, 1.75, 5, -1.5
507 -> 172, -5, 1.75, 3, -1.5
512 -> 172, -3, 0.25, 3, -0.5
512 -> 172, -3, 0.25, 5, -0.5
512 -> 172, -3, 0.25, 4, -0.5
520 -> 172, -3, 1.25, 1, -1
552 -> 172, -3, 0.75, 5, -0.5
552 -> 172, -3, 0.75, 4, -0.5
570 -> 172, -5, 0.25, 1, -0.5
594 -> 172, -5, 1.75, 4, -1
594 -> 172, -5, 1.75, 5, -1
596 -> 172, -5, 1.75, 2, -1
596 -> 172, -5, 1.75, 1, -1
596 -> 172, -5, 1.75, 3, -1
610 -> 172, -3, 0.75, 2, -0.5
610 -> 172, -3, 0.75, 1, -0.5
610 -> 172, -3, 0.75, 3, -0.5
612 -> 172, -5, 0.25, 5, -0.5
628 -> 172, -5, 0.75, 5, -1
628 -> 172, -5, 0.75, 4, -1
637 -> 172, -4, 1.25, 5, -0.5
654 -> 172, -4, 1.75, 4, -0.5
654 -> 172, -4, 1.75, 3, -0.5
654 -> 172, -4, 1.75, 2, -0.5
654 -> 172, -4, 1.75, 1, -0.5
664 -> 172, -4, 1.75, 5, -0.5
673 -> 172, -4, 1.25, 4, -0.5
674 -> 172, -4, 1.25, 3, -0.5
674 -> 172, -4, 1.25, 2, -0.5
674 -> 172, -4, 1.25, 1, -0.5
675 -> 172, -3, 1.75, 1, -0.5
675 -> 172, -3, 1.75, 2, -0.5
675 -> 172, -3, 1.75, 3, -0.5
675 -> 172, -3, 1.75, 4, -0.5
678 -> 172, -5, 1.25, 1, -0.5
722 -> 172, -5, 1.75, 3, -0.5
722 -> 172, -5, 1.75, 2, -0.5
722 -> 172, -5, 1.75, 4, -0.5
722 -> 172, -5, 1.75, 5, -0.5
722 -> 172, -5, 1.75, 1, -0.5
