344 -> 463, -3, 1.75, 3, -1
355 -> 463, -3, 1.75, 2, -1
355 -> 463, -3, 1.75, 1, -1
358 -> 463, -1, 1.75, 4, -0.5
364 -> 463, -5, 1.25, 5, -2
371 -> 463, -4, 1.25, 5, -0.5
371 -> 463, -4, 1.25, 4, -0.5
377 -> 463, -3, 1.75, 5, -1
378 -> 463, -1, 0.75, 5, -0.5
380 -> 463, -4, 0.75, 5, -2
380 -> 463, -2, 1.75, 4, -1
380 -> 463, -4, 0.75, 4, -2
380 -> 463, -2, 1.75, 5, -1
380 -> 463, -4, 0.75, 3, -2
381 -> 463, -1, 1.25, 3, -0.5
382 -> 463, -5, 0.75, 2, -2
384 -> 463, -2, 1.75, 1, -1
384 -> 463, -2, 1.75, 2, -1
385 -> 463, -4, 1.75, 5, -0.5
386 -> 463, -3, 1.75, 4, -1
386 -> 463, -2, 1.25, 1, -0.5
388 -> 463, -4, 0.75, 2, -2
389 -> 463, -5, 1.25, 3, -2
389 -> 463, -5, 1.25, 4, -2
393 -> 463, -2, 0.75, 4, -0.5
396 -> 463, -5, 1.25, 4, -0.5
396 -> 463, -1, 0.75, 5, -1
397 -> 463, -3, 0.75, 3, -0.5
397 -> 463, -2, 0.75, 1, -1
398 -> 463, -2, 0.75, 3, -2
398 -> 463, -2, 1.75, 3, -1
398 -> 463, -4, 0.75, 5, -1
401 -> 463, -1, 1.75, 3, -0.5
402 -> 463, -3, 1.25, 2, -0.5
402 -> 463, -4, 0.75, 4, -1
404 -> 463, -5, 1.25, 5, -1.5
404 -> 463, -1, 0.75, 4, -0.5
406 -> 463, -2, 0.75, 4, -2
406 -> 463, -2, 0.75, 2, -1.5
406 -> 463, -4, 0.75, 1, -0.5
407 -> 463, -5, 0.75, 3, -0.5
408 -> 463, -3, 0.75, 2, -2
408 -> 463, -5, 1.25, 1, -2
408 -> 463, -3, 1.25, 5, -0.5
409 -> 463, -5, 1.25, 2, -2
409 -> 463, -3, 1.75, 1, -0.5
410 -> 463, -3, 0.75, 1, -2
410 -> 463, -3, 0.75, 3, -2
411 -> 463, -1, 1.75, 5, -0.5
412 -> 463, -3, 0.75, 2, -0.5
412 -> 463, -1, 1.25, 1, -0.5
412 -> 463, -2, 0.75, 5, -0.5
412 -> 463, -3, 1.75, 2, -0.5
412 -> 463, -4, 1.75, 5, -1
413 -> 463, -2, 0.75, 3, -0.5
413 -> 463, -1, 0.75, 3, -0.5
413 -> 463, -4, 1.25, 5, -2
416 -> 463, -1, 0.75, 2, -1
416 -> 463, -1, 0.75, 3, -1
416 -> 463, -1, 0.75, 4, -1
416 -> 463, -1, 1.75, 2, -1.5
417 -> 463, -5, 0.75, 5, -0.5
417 -> 463, -5, 0.75, 4, -0.5
418 -> 463, -1, 1.75, 4, -1
418 -> 463, -1, 1.75, 5, -1
418 -> 463, -1, 1.75, 3, -1
419 -> 463, -1, 1.25, 5, -1
420 -> 463, -2, 1.25, 3, -2
420 -> 463, -1, 1.25, 4, -2
420 -> 463, -1, 1.25, 3, -2
420 -> 463, -5, 1.25, 4, -1.5
421 -> 463, -4, 1.75, 4, -1
421 -> 463, -2, 0.75, 2, -0.5
421 -> 463, -2, 1.75, 4, -2
421 -> 463, -4, 1.75, 3, -1
421 -> 463, -2, 1.75, 5, -2
422 -> 463, -5, 1.75, 3, -0.5
425 -> 463, -1, 1.25, 5, -2
427 -> 463, -1, 1.25, 1, -1.5
428 -> 463, -3, 1.75, 3, -0.5
428 -> 463, -3, 1.75, 4, -0.5
428 -> 463, -3, 1.75, 5, -0.5
429 -> 463, -2, 1.75, 5, -0.5
431 -> 463, -2, 0.75, 4, -1.5
431 -> 463, -2, 0.75, 5, -1.5
432 -> 463, -2, 1.25, 2, -0.5
433 -> 463, -4, 0.75, 1, -2
434 -> 463, -2, 1.25, 1, -2
434 -> 463, -5, 0.75, 5, -2
435 -> 463, -1, 1.75, 2, -0.5
437 -> 463, -3, 1.25, 1, -1.5
437 -> 463, -3, 0.75, 4, -2
437 -> 463, -3, 1.25, 2, -1.5
437 -> 463, -3, 1.25, 3, -1.5
437 -> 463, -2, 1.25, 2, -2
437 -> 463, -3, 0.75, 5, -2
437 -> 463, -1, 0.25, 5, -0.5
437 -> 463, -1, 1.25, 5, -0.5
439 -> 463, -1, 1.75, 1, -1
439 -> 463, -5, 1.25, 5, -0.5
440 -> 463, -1, 1.75, 3, -2
440 -> 463, -1, 1.75, 2, -2
440 -> 463, -2, 0.75, 5, -1
441 -> 463, -1, 1.75, 1, -2
441 -> 463, -5, 1.25, 3, -1.5
442 -> 463, -1, 0.75, 3, -1.5
443 -> 463, -5, 0.75, 1, -1
443 -> 463, -5, 0.25, 2, -0.5
445 -> 463, -1, 1.25, 3, -1.5
445 -> 463, -5, 1.25, 2, -0.5
446 -> 463, -1, 0.75, 5, -1.5
446 -> 463, -1, 0.75, 4, -1.5
446 -> 463, -3, 0.25, 2, -1
446 -> 463, -5, 1.25, 1, -1.5
446 -> 463, -4, 1.25, 5, -1
446 -> 463, -4, 1.25, 4, -1
446 -> 463, -5, 1.25, 2, -1.5
446 -> 463, -2, 0.75, 5, -2
447 -> 463, -2, 1.25, 5, -0.5
447 -> 463, -4, 0.25, 5, -0.5
448 -> 463, -4, 1.75, 1, -1
448 -> 463, -2, 1.25, 5, -1
448 -> 463, -3, 0.75, 2, -1
448 -> 463, -2, 1.25, 4, -1
449 -> 463, -1, 0.25, 1, -1
449 -> 463, -1, 0.25, 2, -1
449 -> 463, -5, 0.75, 3, -2
449 -> 463, -5, 0.75, 4, -2
450 -> 463, -4, 0.25, 3, -0.5
450 -> 463, -1, 0.25, 4, -0.5
450 -> 463, -4, 0.25, 4, -0.5
450 -> 463, -4, 1.75, 2, -1
450 -> 463, -4, 0.25, 2, -0.5
451 -> 463, -4, 0.25, 5, -1
452 -> 463, -3, 0.75, 5, -0.5
452 -> 463, -3, 0.75, 4, -0.5
452 -> 463, -4, 1.25, 3, -0.5
452 -> 463, -5, 0.25, 4, -1
452 -> 463, -5, 0.25, 2, -1
452 -> 463, -5, 0.25, 3, -1
453 -> 463, -1, 0.75, 2, -1.5
453 -> 463, -2, 1.25, 1, -1
453 -> 463, -5, 0.25, 1, -1
453 -> 463, -2, 1.25, 2, -1
453 -> 463, -4, 1.75, 5, -2
454 -> 463, -2, 1.25, 4, -2
454 -> 463, -2, 1.75, 5, -1.5
454 -> 463, -3, 1.25, 4, -2
455 -> 463, -1, 1.75, 4, -2
455 -> 463, -1, 1.75, 5, -2
456 -> 463, -2, 0.75, 2, -1
457 -> 463, -1, 0.25, 5, -1
457 -> 463, -3, 1.25, 1, -1
457 -> 463, -2, 1.75, 4, -1.5
457 -> 463, -4, 1.25, 4, -2
457 -> 463, -4, 1.25, 3, -2
457 -> 463, -1, 0.25, 3, -1
457 -> 463, -1, 0.25, 4, -1
458 -> 463, -1, 0.25, 4, -2
458 -> 463, -1, 1.75, 2, -1
458 -> 463, -1, 1.25, 2, -0.5
458 -> 463, -4, 0.75, 2, -0.5
458 -> 463, -1, 0.25, 5, -2
460 -> 463, -1, 0.75, 4, -2
460 -> 463, -1, 0.75, 5, -2
460 -> 463, -1, 1.25, 4, -1.5
460 -> 463, -1, 1.75, 1, -0.5
460 -> 463, -1, 1.25, 5, -1.5
461 -> 463, -3, 1.25, 4, -1
461 -> 463, -3, 1.25, 5, -1
461 -> 463, -1, 1.25, 1, -1
461 -> 463, -3, 1.25, 3, -1
461 -> 463, -1, 1.25, 3, -1
462 -> 463, -2, 1.25, 3, -1
462 -> 463, -1, 1.75, 1, -1.5
463 -> 463, -2, 0.75, 1, -2
463 -> 463, -4, 1.25, 2, -2
463 -> 463, -2, 1.25, 5, -2
463 -> 463, -2, 0.75, 2, -2
463 -> 463, -4, 1.25, 1, -2
464 -> 463, -4, 1.75, 1, -0.5
464 -> 463, -4, 0.25, 2, -1
464 -> 463, -3, 1.25, 5, -2
466 -> 463, -2, 0.25, 4, -0.5
466 -> 463, -5, 1.75, 1, -1.5
466 -> 463, -3, 1.25, 2, -1
466 -> 463, -1, 0.25, 3, -2
466 -> 463, -2, 0.25, 5, -0.5
467 -> 463, -1, 1.25, 2, -1.5
467 -> 463, -1, 1.25, 2, -1
468 -> 463, -1, 0.25, 3, -1.5
469 -> 463, -1, 0.25, 2, -2
469 -> 463, -1, 0.25, 1, -2
470 -> 463, -5, 0.25, 1, -2
471 -> 463, -4, 1.25, 3, -1
471 -> 463, -1, 0.25, 1, -1.5
471 -> 463, -1, 0.25, 2, -1.5
471 -> 463, -3, 0.75, 3, -1
472 -> 463, -2, 0.25, 1, -2
472 -> 463, -4, 0.75, 3, -1
472 -> 463, -4, 0.25, 5, -1.5
472 -> 463, -2, 0.25, 5, -2
472 -> 463, -2, 0.25, 2, -2
472 -> 463, -2, 1.25, 4, -1.5
472 -> 463, -4, 0.75, 2, -1
472 -> 463, -2, 0.25, 4, -2
472 -> 463, -2, 0.25, 3, -2
472 -> 463, -4, 1.25, 2, -1
472 -> 463, -2, 1.75, 1, -0.5
472 -> 463, -1, 0.75, 1, -1.5
474 -> 463, -1, 1.25, 4, -0.5
474 -> 463, -4, 1.25, 1, -1
474 -> 463, -5, 0.75, 5, -1
474 -> 463, -2, 0.25, 5, -1
474 -> 463, -5, 0.75, 4, -1
475 -> 463, -4, 1.75, 4, -0.5
476 -> 463, -2, 0.25, 4, -1
476 -> 463, -2, 0.25, 3, -1
476 -> 463, -5, 0.25, 5, -1.5
476 -> 463, -5, 0.75, 2, -1.5
476 -> 463, -5, 0.75, 1, -1.5
477 -> 463, -5, 0.25, 3, -2
477 -> 463, -5, 0.25, 4, -2
477 -> 463, -5, 0.25, 2, -2
477 -> 463, -5, 0.25, 5, -2
478 -> 463, -3, 0.25, 4, -1.5
478 -> 463, -2, 0.25, 3, -0.5
478 -> 463, -2, 0.25, 2, -0.5
479 -> 463, -2, 1.75, 3, -2
479 -> 463, -2, 1.75, 2, -2
479 -> 463, -2, 1.75, 1, -2
480 -> 463, -3, 0.25, 1, -1.5
480 -> 463, -5, 1.75, 4, -1
480 -> 463, -5, 1.75, 5, -1
481 -> 463, -3, 0.75, 1, -0.5
481 -> 463, -1, 0.25, 3, -0.5
481 -> 463, -2, 1.75, 1, -1.5
482 -> 463, -2, 1.75, 3, -0.5
482 -> 463, -4, 0.75, 1, -1.5
483 -> 463, -2, 0.75, 1, -0.5
483 -> 463, -3, 0.25, 2, -1.5
483 -> 463, -3, 0.25, 3, -1.5
483 -> 463, -1, 1.75, 5, -1.5
485 -> 463, -5, 0.25, 1, -0.5
485 -> 463, -3, 1.25, 3, -2
485 -> 463, -3, 0.75, 2, -1.5
485 -> 463, -3, 0.75, 1, -1.5
486 -> 463, -5, 0.75, 5, -1.5
486 -> 463, -4, 0.25, 3, -1.5
486 -> 463, -4, 0.25, 4, -1.5
486 -> 463, -4, 0.25, 1, -1.5
486 -> 463, -4, 0.25, 2, -1.5
486 -> 463, -1, 1.25, 2, -2
486 -> 463, -1, 1.25, 1, -2
486 -> 463, -5, 0.75, 4, -1.5
486 -> 463, -3, 1.25, 4, -1.5
486 -> 463, -3, 1.25, 5, -1.5
487 -> 463, -2, 0.25, 1, -0.5
487 -> 463, -2, 1.75, 4, -0.5
487 -> 463, -2, 0.25, 2, -1
488 -> 463, -5, 1.25, 2, -1
488 -> 463, -5, 1.25, 1, -1
488 -> 463, -5, 0.75, 3, -1.5
489 -> 463, -5, 1.75, 1, -2
489 -> 463, -5, 1.75, 4, -2
489 -> 463, -5, 1.75, 2, -2
489 -> 463, -5, 1.75, 3, -2
489 -> 463, -5, 1.75, 5, -2
489 -> 463, -2, 1.75, 2, -0.5
490 -> 463, -5, 0.75, 1, -2
491 -> 463, -4, 0.75, 3, -0.5
491 -> 463, -1, 0.25, 2, -0.5
491 -> 463, -5, 1.75, 3, -1
491 -> 463, -1, 1.75, 3, -1.5
491 -> 463, -1, 1.75, 4, -1.5
492 -> 463, -5, 0.25, 1, -1.5
492 -> 463, -5, 0.25, 2, -1.5
493 -> 463, -3, 0.75, 5, -1.5
493 -> 463, -3, 0.75, 4, -1.5
493 -> 463, -5, 0.25, 4, -1.5
493 -> 463, -5, 0.25, 3, -1.5
493 -> 463, -3, 1.25, 3, -0.5
493 -> 463, -3, 0.25, 3, -1
493 -> 463, -3, 0.75, 3, -1.5
493 -> 463, -3, 1.25, 4, -0.5
493 -> 463, -1, 0.25, 1, -0.5
496 -> 463, -3, 0.75, 4, -1
496 -> 463, -3, 1.75, 5, -2
496 -> 463, -3, 0.75, 5, -1
496 -> 463, -5, 1.75, 2, -1
496 -> 463, -5, 1.75, 1, -1
497 -> 463, -2, 1.75, 3, -1.5
497 -> 463, -2, 1.75, 2, -1.5
497 -> 463, -1, 0.75, 1, -1
498 -> 463, -1, 0.75, 3, -2
498 -> 463, -4, 1.75, 3, -1.5
498 -> 463, -4, 1.75, 4, -1.5
498 -> 463, -5, 1.25, 5, -1
498 -> 463, -4, 1.75, 4, -2
498 -> 463, -4, 1.75, 5, -1.5
498 -> 463, -5, 1.25, 4, -1
498 -> 463, -4, 1.75, 3, -2
498 -> 463, -1, 0.75, 2, -2
498 -> 463, -4, 1.75, 2, -2
498 -> 463, -1, 0.75, 1, -2
498 -> 463, -4, 1.75, 1, -2
498 -> 463, -4, 0.25, 4, -1
499 -> 463, -3, 1.75, 1, -1.5
500 -> 463, -1, 0.75, 2, -0.5
500 -> 463, -2, 1.25, 5, -1.5
500 -> 463, -3, 1.75, 3, -1.5
500 -> 463, -1, 0.75, 1, -0.5
500 -> 463, -3, 1.75, 4, -1.5
501 -> 463, -4, 1.75, 1, -1.5
501 -> 463, -4, 1.75, 2, -1.5
501 -> 463, -5, 1.25, 3, -1
501 -> 463, -2, 0.25, 1, -1
503 -> 463, -2, 1.25, 1, -1.5
503 -> 463, -4, 1.25, 1, -0.5
503 -> 463, -2, 1.25, 3, -1.5
503 -> 463, -4, 1.25, 2, -0.5
503 -> 463, -2, 1.25, 2, -1.5
504 -> 463, -3, 1.75, 5, -1.5
504 -> 463, -4, 0.75, 5, -0.5
504 -> 463, -4, 0.75, 4, -0.5
505 -> 463, -3, 0.25, 4, -0.5
505 -> 463, -4, 0.75, 2, -1.5
505 -> 463, -3, 0.25, 5, -0.5
505 -> 463, -3, 0.25, 1, -0.5
505 -> 463, -3, 0.25, 3, -0.5
505 -> 463, -4, 0.75, 5, -1.5
505 -> 463, -3, 0.75, 1, -1
505 -> 463, -3, 0.25, 2, -0.5
505 -> 463, -4, 0.75, 3, -1.5
505 -> 463, -1, 0.25, 5, -1.5
505 -> 463, -1, 0.25, 4, -1.5
505 -> 463, -4, 0.75, 1, -1
505 -> 463, -4, 0.75, 4, -1.5
506 -> 463, -2, 1.25, 4, -0.5
506 -> 463, -2, 1.25, 3, -0.5
507 -> 463, -1, 1.25, 4, -1
507 -> 463, -3, 1.75, 2, -1.5
507 -> 463, -3, 0.25, 1, -1
508 -> 463, -5, 0.25, 5, -1
509 -> 463, -3, 0.25, 4, -2
509 -> 463, -3, 0.25, 5, -2
510 -> 463, -2, 0.75, 3, -1.5
511 -> 463, -3, 0.25, 2, -2
511 -> 463, -3, 0.25, 1, -2
511 -> 463, -3, 0.25, 3, -2
516 -> 463, -4, 1.75, 3, -0.5
519 -> 463, -3, 1.25, 1, -0.5
520 -> 463, -3, 1.25, 2, -2
520 -> 463, -3, 1.25, 1, -2
521 -> 463, -4, 0.25, 5, -2
521 -> 463, -4, 0.25, 2, -2
521 -> 463, -4, 0.25, 1, -2
521 -> 463, -4, 0.25, 4, -2
521 -> 463, -4, 0.25, 3, -2
522 -> 463, -2, 0.75, 4, -1
522 -> 463, -2, 0.75, 3, -1
524 -> 463, -3, 1.75, 2, -2
524 -> 463, -3, 1.75, 4, -2
524 -> 463, -3, 1.75, 3, -2
524 -> 463, -3, 1.75, 1, -2
527 -> 463, -3, 0.25, 5, -1.5
529 -> 463, -2, 0.75, 1, -1.5
533 -> 463, -2, 0.25, 1, -1.5
533 -> 463, -2, 0.25, 5, -1.5
533 -> 463, -2, 0.25, 4, -1.5
533 -> 463, -2, 0.25, 3, -1.5
533 -> 463, -2, 0.25, 2, -1.5
536 -> 463, -4, 0.25, 1, -1
536 -> 463, -3, 0.25, 5, -1
536 -> 463, -3, 0.25, 4, -1
537 -> 463, -4, 0.25, 3, -1
540 -> 463, -5, 1.75, 2, -0.5
542 -> 463, -5, 1.25, 1, -0.5
555 -> 463, -5, 1.75, 2, -1.5
555 -> 463, -5, 1.75, 5, -1.5
555 -> 463, -5, 1.75, 3, -1.5
555 -> 463, -5, 1.75, 4, -1.5
557 -> 463, -5, 1.25, 3, -0.5
558 -> 463, -5, 0.75, 2, -1
558 -> 463, -5, 0.75, 3, -1
571 -> 463, -4, 1.25, 1, -1.5
571 -> 463, -4, 1.25, 5, -1.5
571 -> 463, -4, 1.25, 4, -1.5
571 -> 463, -4, 1.25, 3, -1.5
571 -> 463, -4, 1.25, 2, -1.5
574 -> 463, -5, 1.75, 1, -0.5
581 -> 463, -4, 1.75, 2, -0.5
582 -> 463, -5, 0.75, 2, -0.5
582 -> 463, -5, 0.75, 1, -0.5
590 -> 463, -5, 1.75, 4, -0.5
590 -> 463, -5, 1.75, 5, -0.5
592 -> 463, -4, 0.25, 1, -0.5
808 -> 463, -5, 0.25, 3, -0.5
808 -> 463, -5, 0.25, 4, -0.5
808 -> 463, -5, 0.25, 5, -0.5
