325 -> 342, -5, 0.75, 4, -1
335 -> 342, -5, 0.75, 3, -1
335 -> 342, -5, 0.75, 2, -1
347 -> 342, -5, 0.75, 5, -1
358 -> 342, -2, 1.75, 1, -1
368 -> 342, -4, 1.25, 3, -1.5
371 -> 342, -1, 0.75, 2, -0.5
382 -> 342, -5, 1.25, 5, -1.5
384 -> 342, -3, 0.75, 5, -0.5
384 -> 342, -1, 1.75, 2, -1.5
386 -> 342, -2, 1.75, 3, -1.5
394 -> 342, -1, 0.25, 3, -1
394 -> 342, -1, 0.25, 4, -1
394 -> 342, -5, 0.75, 1, -1
394 -> 342, -1, 0.25, 5, -1
395 -> 342, -2, 0.25, 5, -0.5
396 -> 342, -3, 1.25, 2, -1
397 -> 342, -5, 0.25, 5, -0.5
399 -> 342, -5, 1.25, 1, -1.5
399 -> 342, -4, 0.75, 5, -1
403 -> 342, -5, 1.25, 1, -2
403 -> 342, -5, 1.25, 5, -2
403 -> 342, -5, 1.25, 3, -2
403 -> 342, -5, 1.25, 2, -2
403 -> 342, -5, 1.25, 4, -2
404 -> 342, -3, 0.75, 4, -1.5
404 -> 342, -3, 0.75, 5, -1.5
404 -> 342, -1, 0.25, 2, -0.5
406 -> 342, -2, 1.25, 5, -1.5
407 -> 342, -2, 0.25, 4, -0.5
408 -> 342, -2, 1.75, 2, -1.5
409 -> 342, -1, 0.25, 1, -0.5
409 -> 342, -3, 0.75, 3, -1.5
409 -> 342, -3, 0.75, 2, -1.5
409 -> 342, -3, 0.75, 1, -1.5
410 -> 342, -4, 0.75, 3, -2
410 -> 342, -1, 1.25, 3, -1
410 -> 342, -4, 0.75, 2, -2
411 -> 342, -2, 1.25, 4, -1.5
411 -> 342, -2, 1.25, 3, -1.5
411 -> 342, -4, 0.25, 4, -0.5
411 -> 342, -2, 1.25, 2, -1.5
412 -> 342, -1, 1.75, 2, -0.5
412 -> 342, -2, 1.25, 5, -2
412 -> 342, -2, 1.25, 1, -0.5
413 -> 342, -3, 1.75, 4, -1.5
414 -> 342, -5, 1.75, 5, -1
415 -> 342, -3, 1.75, 3, -2
417 -> 342, -3, 0.75, 4, -1
419 -> 342, -2, 1.25, 1, -1.5
420 -> 342, -5, 1.75, 1, -1.5
420 -> 342, -2, 1.25, 3, -0.5
420 -> 342, -4, 1.25, 5, -2
421 -> 342, -3, 0.75, 3, -1
422 -> 342, -4, 1.25, 1, -1
423 -> 342, -3, 1.25, 2, -1.5
423 -> 342, -3, 1.25, 3, -1.5
423 -> 342, -3, 1.25, 4, -1.5
423 -> 342, -5, 1.25, 3, -0.5
423 -> 342, -1, 0.75, 5, -2
423 -> 342, -1, 0.75, 4, -2
425 -> 342, -3, 1.25, 5, -1.5
426 -> 342, -1, 0.75, 1, -0.5
427 -> 342, -2, 1.75, 5, -0.5
428 -> 342, -3, 0.75, 2, -1
428 -> 342, -2, 0.75, 1, -2
429 -> 342, -4, 1.75, 3, -1
431 -> 342, -2, 1.25, 2, -1
432 -> 342, -1, 1.75, 3, -0.5
432 -> 342, -3, 1.25, 3, -1
432 -> 342, -1, 1.75, 4, -1
432 -> 342, -3, 1.75, 2, -2
432 -> 342, -1, 1.75, 2, -1
433 -> 342, -5, 1.75, 4, -1.5
433 -> 342, -1, 1.75, 1, -1.5
433 -> 342, -1, 1.75, 4, -1.5
434 -> 342, -4, 0.75, 1, -2
434 -> 342, -3, 1.75, 5, -1.5
434 -> 342, -2, 1.75, 5, -1.5
436 -> 342, -1, 1.75, 3, -1.5
439 -> 342, -3, 1.25, 1, -1.5
439 -> 342, -1, 1.75, 5, -1
440 -> 342, -3, 1.75, 5, -2
440 -> 342, -3, 1.75, 4, -2
440 -> 342, -3, 0.75, 1, -1
440 -> 342, -1, 1.25, 4, -1
440 -> 342, -1, 1.75, 1, -0.5
440 -> 342, -2, 1.75, 5, -1
441 -> 342, -3, 1.25, 1, -1
441 -> 342, -1, 0.25, 4, -0.5
441 -> 342, -5, 1.75, 2, -1.5
441 -> 342, -5, 1.75, 3, -1.5
441 -> 342, -1, 0.25, 3, -0.5
442 -> 342, -1, 1.75, 3, -1
442 -> 342, -1, 1.75, 2, -2
442 -> 342, -1, 1.75, 1, -2
442 -> 342, -5, 1.75, 5, -1.5
444 -> 342, -4, 1.75, 2, -1
444 -> 342, -2, 1.25, 3, -1
444 -> 342, -1, 0.75, 4, -0.5
444 -> 342, -1, 0.75, 5, -0.5
445 -> 342, -3, 1.75, 4, -0.5
446 -> 342, -5, 1.25, 1, -0.5
447 -> 342, -1, 0.25, 5, -0.5
447 -> 342, -1, 1.75, 5, -1.5
448 -> 342, -2, 1.75, 5, -2
448 -> 342, -3, 0.25, 1, -1
448 -> 342, -3, 1.75, 3, -0.5
449 -> 342, -5, 1.75, 2, -0.5
449 -> 342, -4, 0.75, 5, -2
449 -> 342, -4, 0.75, 4, -2
450 -> 342, -1, 0.75, 3, -2
451 -> 342, -1, 1.75, 4, -2
452 -> 342, -2, 0.75, 4, -0.5
452 -> 342, -2, 1.75, 1, -1.5
452 -> 342, -2, 0.75, 5, -0.5
453 -> 342, -4, 0.25, 5, -0.5
453 -> 342, -1, 1.25, 5, -1.5
453 -> 342, -2, 0.75, 4, -2
453 -> 342, -5, 0.75, 1, -2
453 -> 342, -5, 0.75, 2, -2
453 -> 342, -5, 0.75, 3, -2
453 -> 342, -5, 0.75, 4, -2
453 -> 342, -2, 0.25, 3, -0.5
453 -> 342, -1, 1.25, 4, -1.5
453 -> 342, -5, 0.75, 5, -2
454 -> 342, -4, 0.75, 3, -1
454 -> 342, -4, 0.75, 4, -1
454 -> 342, -4, 1.25, 2, -2
454 -> 342, -4, 1.25, 4, -2
454 -> 342, -4, 1.25, 3, -2
455 -> 342, -5, 1.25, 2, -1
455 -> 342, -1, 0.75, 3, -0.5
455 -> 342, -3, 1.75, 1, -1.5
455 -> 342, -1, 1.25, 3, -1.5
455 -> 342, -4, 0.75, 5, -0.5
455 -> 342, -5, 1.25, 5, -0.5
457 -> 342, -3, 0.25, 1, -0.5
457 -> 342, -1, 0.75, 2, -2
457 -> 342, -3, 0.25, 2, -0.5
458 -> 342, -3, 0.25, 3, -0.5
458 -> 342, -5, 0.25, 2, -1.5
458 -> 342, -5, 0.25, 1, -1.5
459 -> 342, -1, 0.75, 2, -1
461 -> 342, -5, 1.75, 4, -2
461 -> 342, -2, 0.75, 5, -1
461 -> 342, -1, 0.25, 1, -2
462 -> 342, -4, 1.25, 1, -2
462 -> 342, -2, 0.75, 3, -1.5
463 -> 342, -1, 1.25, 2, -1.5
463 -> 342, -1, 0.25, 3, -2
463 -> 342, -1, 0.25, 4, -2
463 -> 342, -1, 1.25, 1, -1.5
463 -> 342, -1, 0.25, 2, -2
464 -> 342, -2, 0.75, 2, -2
464 -> 342, -5, 1.25, 2, -1.5
465 -> 342, -2, 1.75, 3, -2
465 -> 342, -3, 0.25, 3, -1
465 -> 342, -3, 0.25, 2, -1
465 -> 342, -2, 1.75, 1, -2
465 -> 342, -2, 1.25, 1, -2
465 -> 342, -2, 1.75, 2, -2
466 -> 342, -5, 1.75, 1, -2
466 -> 342, -2, 0.25, 1, -1.5
466 -> 342, -5, 1.75, 2, -2
466 -> 342, -3, 1.75, 2, -1.5
466 -> 342, -3, 1.75, 3, -1.5
466 -> 342, -5, 1.75, 3, -2
466 -> 342, -2, 0.25, 2, -1.5
467 -> 342, -5, 0.25, 3, -1.5
467 -> 342, -1, 1.75, 3, -2
467 -> 342, -2, 0.75, 5, -2
467 -> 342, -1, 0.25, 2, -1
467 -> 342, -2, 0.75, 3, -0.5
467 -> 342, -2, 1.25, 3, -2
467 -> 342, -2, 1.25, 4, -2
467 -> 342, -2, 1.25, 2, -2
468 -> 342, -1, 1.25, 5, -1
468 -> 342, -2, 1.75, 4, -1.5
469 -> 342, -5, 0.25, 5, -1.5
469 -> 342, -1, 1.25, 1, -0.5
470 -> 342, -1, 0.75, 1, -2
470 -> 342, -3, 1.25, 4, -2
470 -> 342, -3, 1.25, 2, -2
470 -> 342, -3, 1.25, 5, -2
470 -> 342, -3, 1.25, 4, -1
470 -> 342, -3, 1.25, 1, -2
470 -> 342, -3, 1.25, 3, -2
472 -> 342, -1, 1.25, 2, -1
472 -> 342, -1, 1.25, 1, -1
473 -> 342, -2, 0.75, 1, -0.5
474 -> 342, -1, 1.25, 3, -0.5
474 -> 342, -4, 1.25, 2, -1
474 -> 342, -1, 1.25, 4, -0.5
474 -> 342, -1, 0.25, 1, -1
474 -> 342, -4, 1.25, 2, -1.5
474 -> 342, -4, 1.25, 4, -1
474 -> 342, -4, 1.25, 5, -1
474 -> 342, -1, 1.25, 2, -0.5
474 -> 342, -4, 1.25, 3, -1
475 -> 342, -3, 0.25, 1, -2
475 -> 342, -4, 1.25, 5, -1.5
475 -> 342, -4, 1.25, 4, -1.5
475 -> 342, -3, 0.25, 5, -2
475 -> 342, -3, 0.25, 3, -2
475 -> 342, -3, 0.25, 5, -0.5
475 -> 342, -3, 0.25, 4, -2
475 -> 342, -3, 0.25, 2, -2
476 -> 342, -4, 1.75, 3, -1.5
476 -> 342, -2, 0.75, 2, -0.5
476 -> 342, -4, 1.75, 1, -2
476 -> 342, -4, 1.75, 4, -1.5
476 -> 342, -2, 1.25, 2, -0.5
476 -> 342, -4, 1.75, 5, -1.5
477 -> 342, -1, 1.75, 5, -2
478 -> 342, -5, 1.75, 5, -2
479 -> 342, -2, 0.75, 4, -1
479 -> 342, -3, 0.75, 1, -2
479 -> 342, -3, 1.75, 1, -2
480 -> 342, -2, 1.25, 1, -1
480 -> 342, -4, 1.75, 4, -1
480 -> 342, -4, 1.75, 5, -1
480 -> 342, -2, 0.75, 3, -2
480 -> 342, -2, 1.75, 4, -0.5
480 -> 342, -1, 0.25, 5, -2
481 -> 342, -2, 1.25, 5, -1
481 -> 342, -2, 1.25, 4, -1
482 -> 342, -4, 1.25, 3, -0.5
482 -> 342, -3, 1.75, 1, -1
482 -> 342, -4, 1.25, 2, -0.5
483 -> 342, -1, 1.25, 3, -2
483 -> 342, -3, 1.75, 2, -1
483 -> 342, -3, 1.75, 3, -1
484 -> 342, -2, 0.25, 3, -1.5
484 -> 342, -2, 0.75, 1, -1.5
484 -> 342, -2, 0.75, 2, -1.5
484 -> 342, -2, 0.25, 5, -1.5
484 -> 342, -1, 1.25, 5, -0.5
484 -> 342, -2, 0.25, 4, -1.5
485 -> 342, -1, 1.25, 5, -2
485 -> 342, -1, 1.25, 4, -2
486 -> 342, -2, 0.75, 5, -1.5
486 -> 342, -2, 0.75, 4, -1.5
487 -> 342, -3, 1.75, 4, -1
487 -> 342, -3, 1.75, 5, -1
488 -> 342, -2, 1.75, 3, -0.5
488 -> 342, -2, 1.75, 3, -1
488 -> 342, -2, 1.75, 4, -1
488 -> 342, -2, 1.75, 2, -1
489 -> 342, -4, 1.25, 1, -0.5
490 -> 342, -4, 1.75, 1, -1
491 -> 342, -2, 1.75, 4, -2
492 -> 342, -4, 0.75, 4, -1.5
492 -> 342, -4, 0.75, 5, -1.5
492 -> 342, -4, 0.75, 3, -1.5
492 -> 342, -4, 0.75, 2, -1.5
492 -> 342, -4, 0.75, 1, -1.5
493 -> 342, -3, 1.25, 5, -1
494 -> 342, -3, 0.75, 5, -1
495 -> 342, -4, 0.25, 3, -0.5
495 -> 342, -4, 0.25, 1, -0.5
495 -> 342, -4, 0.25, 2, -0.5
496 -> 342, -1, 1.25, 2, -2
496 -> 342, -1, 0.75, 4, -1
496 -> 342, -1, 0.75, 5, -1
496 -> 342, -5, 1.75, 4, -1
497 -> 342, -1, 0.75, 3, -1
497 -> 342, -3, 0.25, 5, -1.5
498 -> 342, -4, 0.25, 1, -1
498 -> 342, -2, 0.25, 2, -0.5
499 -> 342, -1, 0.75, 4, -1.5
499 -> 342, -1, 0.75, 3, -1.5
499 -> 342, -1, 0.75, 5, -1.5
500 -> 342, -1, 0.75, 1, -1.5
500 -> 342, -1, 0.75, 2, -1.5
501 -> 342, -1, 1.75, 5, -0.5
501 -> 342, -1, 1.75, 1, -1
501 -> 342, -1, 1.75, 4, -0.5
502 -> 342, -4, 0.25, 3, -1.5
502 -> 342, -4, 0.25, 5, -1.5
502 -> 342, -4, 0.25, 4, -1.5
502 -> 342, -5, 1.25, 2, -0.5
503 -> 342, -4, 1.75, 5, -2
503 -> 342, -2, 0.25, 1, -0.5
503 -> 342, -4, 1.75, 3, -2
503 -> 342, -4, 1.75, 4, -2
503 -> 342, -4, 1.75, 2, -2
504 -> 342, -5, 1.75, 5, -0.5
504 -> 342, -5, 0.75, 5, -0.5
506 -> 342, -4, 1.75, 1, -1.5
506 -> 342, -4, 1.75, 2, -1.5
508 -> 342, -1, 0.25, 1, -1.5
508 -> 342, -1, 0.25, 2, -1.5
508 -> 342, -1, 0.25, 3, -1.5
508 -> 342, -1, 0.25, 4, -1.5
508 -> 342, -1, 0.25, 5, -1.5
509 -> 342, -4, 0.75, 4, -0.5
509 -> 342, -4, 0.75, 3, -0.5
509 -> 342, -4, 0.75, 2, -0.5
509 -> 342, -4, 1.25, 1, -1.5
510 -> 342, -3, 0.75, 4, -0.5
510 -> 342, -4, 0.75, 1, -0.5
510 -> 342, -4, 0.25, 5, -1
511 -> 342, -3, 1.75, 2, -0.5
511 -> 342, -2, 0.75, 1, -1
511 -> 342, -2, 1.75, 1, -0.5
511 -> 342, -3, 1.75, 1, -0.5
511 -> 342, -2, 1.75, 2, -0.5
511 -> 342, -2, 0.75, 2, -1
511 -> 342, -2, 0.75, 3, -1
512 -> 342, -1, 0.75, 1, -1
513 -> 342, -5, 0.25, 5, -1
514 -> 342, -3, 1.25, 3, -0.5
514 -> 342, -1, 1.25, 1, -2
514 -> 342, -3, 1.25, 2, -0.5
514 -> 342, -3, 1.25, 4, -0.5
515 -> 342, -3, 0.25, 5, -1
515 -> 342, -3, 0.25, 4, -1
517 -> 342, -2, 0.25, 4, -2
517 -> 342, -2, 0.25, 1, -2
517 -> 342, -2, 0.25, 3, -2
517 -> 342, -2, 0.25, 2, -2
517 -> 342, -2, 0.25, 5, -2
519 -> 342, -3, 0.75, 1, -0.5
519 -> 342, -3, 0.75, 2, -0.5
520 -> 342, -2, 0.25, 5, -1
520 -> 342, -3, 0.75, 3, -0.5
520 -> 342, -2, 0.25, 4, -1
520 -> 342, -5, 0.25, 4, -1.5
520 -> 342, -2, 0.25, 3, -1
521 -> 342, -5, 1.25, 5, -1
521 -> 342, -5, 1.25, 4, -1
521 -> 342, -5, 1.25, 3, -1
522 -> 342, -3, 1.25, 1, -0.5
524 -> 342, -3, 0.25, 4, -0.5
525 -> 342, -4, 0.25, 1, -1.5
525 -> 342, -4, 0.25, 2, -1.5
526 -> 342, -5, 1.25, 4, -0.5
527 -> 342, -5, 1.25, 1, -1
527 -> 342, -2, 0.25, 1, -1
527 -> 342, -2, 0.25, 2, -1
528 -> 342, -3, 0.25, 2, -1.5
528 -> 342, -3, 0.25, 3, -1.5
528 -> 342, -3, 0.25, 4, -1.5
528 -> 342, -3, 0.25, 1, -1.5
532 -> 342, -3, 0.75, 5, -2
532 -> 342, -3, 0.75, 4, -2
532 -> 342, -3, 0.75, 3, -2
532 -> 342, -3, 0.75, 2, -2
533 -> 342, -2, 1.25, 4, -0.5
533 -> 342, -2, 1.25, 5, -0.5
536 -> 342, -4, 0.75, 2, -1
536 -> 342, -4, 0.75, 1, -1
538 -> 342, -4, 0.25, 2, -1
538 -> 342, -4, 0.25, 3, -1
538 -> 342, -4, 0.25, 4, -1
539 -> 342, -5, 1.25, 3, -1.5
539 -> 342, -5, 1.25, 4, -1.5
543 -> 342, -4, 1.75, 4, -0.5
543 -> 342, -4, 1.75, 3, -0.5
544 -> 342, -3, 1.25, 5, -0.5
545 -> 342, -5, 0.25, 4, -2
545 -> 342, -5, 0.25, 5, -2
545 -> 342, -5, 0.25, 3, -2
549 -> 342, -3, 1.75, 5, -0.5
553 -> 342, -5, 0.25, 2, -2
553 -> 342, -5, 0.25, 1, -2
555 -> 342, -5, 0.25, 4, -1
555 -> 342, -5, 0.25, 3, -1
555 -> 342, -5, 0.25, 2, -1
555 -> 342, -5, 0.25, 1, -1
566 -> 342, -4, 0.25, 5, -2
571 -> 342, -4, 1.75, 5, -0.5
578 -> 342, -4, 1.25, 5, -0.5
578 -> 342, -4, 1.25, 4, -0.5
584 -> 342, -5, 1.75, 1, -1
584 -> 342, -5, 1.75, 2, -1
584 -> 342, -5, 1.75, 3, -1
593 -> 342, -5, 1.75, 1, -0.5
594 -> 342, -5, 0.25, 4, -0.5
597 -> 342, -5, 0.25, 1, -0.5
597 -> 342, -5, 0.25, 2, -0.5
606 -> 342, -4, 0.25, 2, -2
606 -> 342, -5, 0.25, 3, -0.5
606 -> 342, -4, 0.25, 4, -2
606 -> 342, -4, 0.25, 1, -2
606 -> 342, -4, 0.25, 3, -2
617 -> 342, -5, 1.75, 4, -0.5
617 -> 342, -5, 1.75, 3, -0.5
631 -> 342, -4, 1.75, 1, -0.5
631 -> 342, -4, 1.75, 2, -0.5
631 -> 342, -5, 0.75, 5, -1.5
631 -> 342, -5, 0.75, 4, -1.5
631 -> 342, -5, 0.75, 3, -1.5
634 -> 342, -5, 0.75, 1, -1.5
634 -> 342, -5, 0.75, 2, -1.5
711 -> 342, -5, 0.75, 4, -0.5
711 -> 342, -5, 0.75, 1, -0.5
711 -> 342, -5, 0.75, 3, -0.5
711 -> 342, -5, 0.75, 2, -0.5
