17 -> 364, -1, 1.25, 1, -2
17 -> 364, -1, 1.25, 2, -2
17 -> 364, -1, 1.25, 3, -2
17 -> 364, -1, 1.25, 4, -2
17 -> 364, -1, 1.25, 5, -2
349 -> 364, -5, 0.75, 3, -0.5
349 -> 364, -5, 0.75, 4, -0.5
354 -> 364, -3, 1.75, 1, -1
361 -> 364, -1, 0.75, 1, -0.5
361 -> 364, -1, 1.75, 5, -1.5
366 -> 364, -3, 1.25, 4, -0.5
366 -> 364, -5, 1.75, 1, -0.5
367 -> 364, -1, 1.25, 2, -1
368 -> 364, -4, 1.25, 4, -0.5
369 -> 364, -4, 1.25, 2, -0.5
372 -> 364, -4, 1.25, 1, -0.5
372 -> 364, -1, 1.75, 2, -0.5
372 -> 364, -1, 1.75, 1, -0.5
373 -> 364, -5, 0.75, 5, -0.5
375 -> 364, -5, 1.75, 2, -2
375 -> 364, -2, 1.75, 5, -1.5
377 -> 364, -2, 1.75, 1, -1.5
382 -> 364, -4, 1.75, 5, -2
382 -> 364, -4, 1.75, 4, -2
382 -> 364, -4, 1.75, 3, -2
383 -> 364, -2, 1.75, 2, -1
385 -> 364, -3, 1.25, 3, -0.5
387 -> 364, -2, 1.25, 2, -0.5
387 -> 364, -5, 0.75, 2, -0.5
387 -> 364, -3, 1.75, 5, -1.5
388 -> 364, -3, 1.75, 3, -0.5
388 -> 364, -1, 1.75, 3, -0.5
389 -> 364, -3, 1.25, 2, -1
391 -> 364, -2, 1.75, 3, -1
391 -> 364, -1, 0.25, 5, -0.5
392 -> 364, -5, 0.75, 1, -0.5
392 -> 364, -2, 1.25, 2, -1
393 -> 364, -3, 1.75, 2, -1
394 -> 364, -3, 1.75, 3, -1
394 -> 364, -1, 1.75, 3, -2
394 -> 364, -4, 0.75, 1, -1
395 -> 364, -4, 0.75, 1, -0.5
397 -> 364, -5, 0.75, 3, -1
398 -> 364, -4, 1.25, 1, -1.5
398 -> 364, -1, 1.75, 5, -1
398 -> 364, -1, 1.75, 4, -1
399 -> 364, -1, 1.25, 1, -1
399 -> 364, -2, 0.25, 5, -1
399 -> 364, -2, 1.75, 3, -0.5
399 -> 364, -2, 1.75, 1, -1
399 -> 364, -1, 0.75, 2, -2
399 -> 364, -1, 0.75, 3, -2
400 -> 364, -1, 1.25, 5, -1
401 -> 364, -4, 1.25, 3, -0.5
402 -> 364, -4, 1.75, 3, -0.5
403 -> 364, -1, 0.75, 2, -0.5
405 -> 364, -1, 0.75, 2, -1.5
405 -> 364, -1, 0.75, 1, -1.5
406 -> 364, -5, 0.75, 1, -1.5
406 -> 364, -1, 0.75, 4, -1
406 -> 364, -4, 1.25, 5, -1.5
406 -> 364, -4, 0.75, 2, -0.5
407 -> 364, -1, 1.75, 3, -1.5
407 -> 364, -4, 0.75, 5, -1.5
407 -> 364, -3, 1.25, 5, -0.5
408 -> 364, -1, 1.25, 1, -0.5
408 -> 364, -1, 1.25, 2, -0.5
408 -> 364, -1, 0.25, 3, -0.5
409 -> 364, -4, 0.25, 3, -1
410 -> 364, -1, 0.75, 4, -1.5
410 -> 364, -3, 1.25, 1, -0.5
410 -> 364, -5, 1.75, 2, -0.5
410 -> 364, -2, 1.25, 3, -1
410 -> 364, -4, 0.75, 1, -1.5
410 -> 364, -3, 1.25, 2, -0.5
410 -> 364, -4, 0.25, 4, -1
411 -> 364, -1, 0.75, 5, -1.5
413 -> 364, -1, 1.75, 3, -1
414 -> 364, -2, 1.25, 4, -2
414 -> 364, -2, 1.25, 5, -2
414 -> 364, -1, 0.75, 3, -1.5
414 -> 364, -1, 1.75, 2, -2
415 -> 364, -2, 0.75, 1, -1
415 -> 364, -2, 1.75, 3, -2
415 -> 364, -3, 1.25, 1, -1
416 -> 364, -4, 1.75, 1, -2
416 -> 364, -4, 1.75, 2, -2
416 -> 364, -1, 0.75, 3, -0.5
417 -> 364, -1, 0.75, 3, -1
417 -> 364, -2, 1.75, 5, -1
417 -> 364, -5, 0.75, 5, -2
418 -> 364, -1, 0.75, 1, -2
418 -> 364, -1, 0.75, 5, -1
419 -> 364, -2, 0.75, 4, -1
419 -> 364, -5, 0.75, 4, -2
419 -> 364, -2, 0.75, 3, -1
419 -> 364, -5, 0.75, 4, -1
419 -> 364, -2, 1.75, 1, -2
420 -> 364, -2, 1.75, 5, -0.5
420 -> 364, -2, 1.75, 4, -0.5
420 -> 364, -3, 1.25, 2, -2
420 -> 364, -1, 0.25, 1, -1.5
420 -> 364, -3, 1.25, 3, -1
421 -> 364, -2, 1.75, 3, -1.5
421 -> 364, -4, 1.25, 4, -1.5
421 -> 364, -2, 1.75, 4, -1.5
421 -> 364, -4, 1.25, 3, -1.5
422 -> 364, -3, 0.25, 5, -0.5
422 -> 364, -3, 0.75, 4, -0.5
422 -> 364, -3, 0.75, 5, -0.5
422 -> 364, -3, 0.25, 4, -0.5
423 -> 364, -1, 1.75, 1, -1
423 -> 364, -4, 0.75, 2, -1.5
423 -> 364, -5, 1.75, 3, -2
425 -> 364, -3, 1.75, 4, -1.5
425 -> 364, -3, 1.25, 4, -1.5
425 -> 364, -2, 1.25, 3, -2
425 -> 364, -5, 1.75, 4, -0.5
425 -> 364, -2, 1.75, 4, -1
425 -> 364, -5, 1.75, 5, -0.5
426 -> 364, -4, 1.75, 1, -1.5
426 -> 364, -4, 1.75, 2, -1.5
426 -> 364, -1, 0.75, 4, -2
426 -> 364, -4, 1.75, 3, -1.5
426 -> 364, -2, 0.75, 2, -1
426 -> 364, -4, 1.25, 2, -1.5
427 -> 364, -4, 1.75, 4, -1.5
427 -> 364, -4, 0.25, 4, -2
427 -> 364, -4, 0.25, 5, -2
427 -> 364, -1, 0.25, 3, -1.5
427 -> 364, -4, 1.75, 5, -1.5
427 -> 364, -2, 0.25, 2, -0.5
427 -> 364, -2, 1.25, 1, -1.5
428 -> 364, -2, 0.75, 2, -0.5
428 -> 364, -2, 0.75, 4, -0.5
429 -> 364, -1, 1.25, 4, -1.5
429 -> 364, -3, 1.75, 2, -1.5
429 -> 364, -3, 1.75, 1, -1.5
429 -> 364, -5, 1.75, 3, -0.5
429 -> 364, -1, 1.25, 3, -1.5
429 -> 364, -5, 1.75, 1, -2
430 -> 364, -5, 1.25, 5, -1.5
430 -> 364, -2, 1.75, 2, -2
430 -> 364, -2, 1.25, 1, -1
431 -> 364, -2, 0.75, 5, -1
432 -> 364, -3, 1.75, 3, -2
433 -> 364, -2, 0.25, 4, -1
433 -> 364, -3, 1.25, 1, -2
433 -> 364, -3, 1.25, 1, -1.5
433 -> 364, -4, 0.25, 2, -0.5
433 -> 364, -4, 0.25, 3, -0.5
433 -> 364, -2, 0.75, 3, -1.5
434 -> 364, -2, 0.75, 1, -1.5
434 -> 364, -4, 0.75, 2, -2
434 -> 364, -2, 0.75, 2, -1.5
434 -> 364, -4, 0.75, 1, -2
434 -> 364, -2, 0.25, 3, -0.5
434 -> 364, -1, 1.75, 2, -1
435 -> 364, -2, 1.25, 5, -1
435 -> 364, -2, 1.75, 1, -0.5
435 -> 364, -3, 0.25, 2, -0.5
435 -> 364, -1, 0.75, 1, -1
435 -> 364, -3, 0.25, 3, -0.5
435 -> 364, -1, 0.75, 2, -1
436 -> 364, -5, 0.75, 2, -1.5
436 -> 364, -2, 1.75, 4, -2
438 -> 364, -1, 1.75, 4, -0.5
438 -> 364, -1, 0.25, 2, -1.5
438 -> 364, -5, 1.75, 4, -1.5
439 -> 364, -4, 0.75, 4, -2
440 -> 364, -3, 1.25, 3, -2
440 -> 364, -3, 0.25, 1, -0.5
440 -> 364, -2, 1.75, 2, -0.5
440 -> 364, -3, 1.25, 4, -2
441 -> 364, -4, 0.75, 3, -2
442 -> 364, -2, 1.75, 5, -2
442 -> 364, -5, 0.75, 1, -1
443 -> 364, -4, 0.75, 5, -1
443 -> 364, -1, 0.25, 4, -0.5
443 -> 364, -3, 0.75, 3, -0.5
443 -> 364, -2, 0.75, 5, -1.5
443 -> 364, -2, 0.75, 4, -1.5
444 -> 364, -5, 1.75, 4, -2
445 -> 364, -2, 1.25, 4, -1.5
445 -> 364, -2, 1.25, 5, -1.5
446 -> 364, -1, 0.75, 5, -2
446 -> 364, -2, 0.75, 3, -0.5
446 -> 364, -1, 1.75, 5, -0.5
447 -> 364, -2, 0.25, 1, -1
447 -> 364, -2, 0.25, 3, -1
447 -> 364, -2, 0.25, 2, -1
448 -> 364, -5, 1.25, 3, -1.5
448 -> 364, -5, 1.25, 2, -1.5
448 -> 364, -5, 1.25, 4, -1.5
449 -> 364, -3, 1.25, 5, -1.5
449 -> 364, -4, 0.75, 5, -0.5
449 -> 364, -4, 0.75, 3, -1
450 -> 364, -4, 0.25, 5, -0.5
450 -> 364, -1, 1.75, 1, -1.5
450 -> 364, -4, 1.25, 5, -0.5
450 -> 364, -4, 0.25, 4, -0.5
450 -> 364, -1, 1.75, 2, -1.5
451 -> 364, -3, 0.75, 5, -1.5
451 -> 364, -1, 0.75, 5, -0.5
452 -> 364, -1, 1.25, 3, -0.5
452 -> 364, -4, 0.25, 3, -2
452 -> 364, -4, 0.25, 2, -2
453 -> 364, -2, 1.25, 2, -2
454 -> 364, -4, 0.25, 1, -1
454 -> 364, -1, 0.75, 4, -0.5
455 -> 364, -1, 1.25, 2, -1.5
455 -> 364, -1, 1.25, 1, -1.5
455 -> 364, -1, 1.25, 5, -1.5
456 -> 364, -4, 0.75, 3, -1.5
456 -> 364, -4, 0.75, 4, -1.5
457 -> 364, -1, 1.75, 1, -2
457 -> 364, -3, 0.75, 1, -1.5
457 -> 364, -3, 0.75, 2, -1.5
458 -> 364, -5, 1.75, 5, -2
458 -> 364, -2, 0.25, 1, -2
458 -> 364, -2, 0.75, 3, -2
458 -> 364, -2, 0.75, 2, -2
458 -> 364, -2, 0.25, 2, -2
458 -> 364, -2, 0.25, 3, -2
458 -> 364, -2, 0.75, 1, -2
458 -> 364, -2, 0.25, 4, -2
460 -> 364, -5, 0.75, 2, -1
460 -> 364, -2, 0.25, 5, -0.5
460 -> 364, -2, 0.25, 4, -0.5
462 -> 364, -3, 0.25, 2, -1
462 -> 364, -3, 0.25, 4, -2
462 -> 364, -3, 0.25, 3, -2
462 -> 364, -3, 0.25, 5, -2
462 -> 364, -3, 0.25, 2, -2
463 -> 364, -3, 1.75, 4, -0.5
464 -> 364, -2, 0.25, 5, -1.5
464 -> 364, -1, 1.75, 4, -1.5
464 -> 364, -3, 1.75, 1, -2
464 -> 364, -3, 1.75, 2, -2
465 -> 364, -3, 1.75, 4, -2
465 -> 364, -1, 1.25, 4, -1
465 -> 364, -1, 1.25, 3, -1
467 -> 364, -1, 1.25, 5, -0.5
467 -> 364, -3, 1.75, 5, -2
467 -> 364, -4, 0.25, 1, -2
467 -> 364, -4, 0.25, 5, -1.5
467 -> 364, -4, 0.75, 4, -1
468 -> 364, -3, 0.75, 2, -0.5
468 -> 364, -2, 1.25, 1, -0.5
469 -> 364, -1, 0.25, 2, -0.5
469 -> 364, -2, 1.25, 2, -1.5
469 -> 364, -2, 0.25, 5, -2
469 -> 364, -4, 1.75, 2, -1
470 -> 364, -5, 0.75, 5, -1
470 -> 364, -1, 1.75, 5, -2
470 -> 364, -1, 1.75, 4, -2
471 -> 364, -1, 0.25, 5, -1.5
471 -> 364, -3, 1.75, 2, -0.5
471 -> 364, -3, 1.75, 1, -0.5
471 -> 364, -1, 0.25, 4, -1.5
472 -> 364, -4, 0.75, 2, -1
472 -> 364, -4, 1.75, 1, -1
472 -> 364, -1, 0.25, 1, -0.5
473 -> 364, -4, 0.25, 4, -1.5
473 -> 364, -4, 0.25, 3, -1.5
473 -> 364, -4, 0.25, 2, -1.5
473 -> 364, -4, 0.25, 5, -1
473 -> 364, -5, 1.25, 1, -1.5
473 -> 364, -3, 1.25, 5, -2
473 -> 364, -2, 0.75, 5, -2
473 -> 364, -2, 0.75, 4, -2
474 -> 364, -4, 1.75, 2, -0.5
474 -> 364, -4, 1.75, 1, -0.5
474 -> 364, -4, 0.75, 5, -2
476 -> 364, -5, 0.75, 5, -1.5
476 -> 364, -2, 0.25, 1, -1.5
478 -> 364, -2, 0.25, 3, -1.5
478 -> 364, -2, 0.25, 2, -1.5
478 -> 364, -2, 0.25, 4, -1.5
479 -> 364, -4, 1.75, 4, -0.5
479 -> 364, -5, 0.75, 4, -1.5
479 -> 364, -5, 0.75, 3, -1.5
479 -> 364, -4, 1.75, 5, -0.5
479 -> 364, -3, 0.75, 4, -2
479 -> 364, -3, 0.75, 5, -2
480 -> 364, -2, 1.75, 2, -1.5
480 -> 364, -5, 1.75, 1, -1.5
480 -> 364, -5, 1.75, 3, -1.5
480 -> 364, -5, 1.75, 2, -1.5
481 -> 364, -3, 0.75, 3, -2
481 -> 364, -3, 0.75, 1, -0.5
482 -> 364, -3, 0.75, 2, -2
482 -> 364, -3, 0.75, 1, -2
483 -> 364, -3, 0.75, 4, -1.5
483 -> 364, -4, 0.25, 2, -1
483 -> 364, -3, 0.75, 3, -1.5
484 -> 364, -4, 1.25, 3, -2
484 -> 364, -2, 1.25, 1, -2
484 -> 364, -4, 1.25, 4, -2
484 -> 364, -4, 1.25, 5, -2
484 -> 364, -1, 1.25, 4, -0.5
484 -> 364, -3, 1.75, 3, -1.5
485 -> 364, -3, 0.25, 3, -1
485 -> 364, -2, 1.25, 3, -0.5
485 -> 364, -2, 1.25, 4, -0.5
485 -> 364, -2, 1.25, 5, -0.5
486 -> 364, -4, 0.25, 1, -1.5
486 -> 364, -3, 1.75, 5, -1
486 -> 364, -2, 0.75, 1, -0.5
487 -> 364, -1, 0.25, 3, -2
487 -> 364, -1, 0.25, 2, -2
487 -> 364, -1, 0.25, 4, -2
487 -> 364, -1, 0.25, 5, -2
489 -> 364, -1, 0.25, 1, -1
489 -> 364, -1, 0.25, 2, -1
490 -> 364, -3, 0.25, 1, -1
491 -> 364, -2, 1.25, 4, -1
493 -> 364, -5, 1.75, 5, -1.5
493 -> 364, -3, 1.25, 5, -1
493 -> 364, -3, 1.25, 4, -1
494 -> 364, -4, 1.75, 3, -1
494 -> 364, -4, 1.75, 5, -1
494 -> 364, -3, 0.25, 1, -2
494 -> 364, -4, 1.75, 4, -1
495 -> 364, -4, 1.25, 2, -2
496 -> 364, -3, 1.75, 5, -0.5
497 -> 364, -2, 0.75, 5, -0.5
497 -> 364, -1, 0.25, 1, -2
498 -> 364, -4, 0.25, 1, -0.5
498 -> 364, -2, 1.25, 3, -1.5
499 -> 364, -3, 1.25, 3, -1.5
499 -> 364, -3, 1.25, 2, -1.5
502 -> 364, -4, 0.75, 3, -0.5
502 -> 364, -4, 0.75, 4, -0.5
506 -> 364, -5, 0.25, 2, -1.5
506 -> 364, -5, 0.25, 1, -1.5
506 -> 364, -5, 0.25, 3, -1.5
506 -> 364, -5, 0.25, 4, -1.5
506 -> 364, -5, 0.25, 5, -1.5
507 -> 364, -3, 1.75, 4, -1
508 -> 364, -1, 0.25, 4, -1
508 -> 364, -1, 0.25, 5, -1
509 -> 364, -5, 0.25, 3, -2
509 -> 364, -5, 0.25, 2, -2
509 -> 364, -5, 0.25, 5, -2
509 -> 364, -5, 0.25, 4, -2
509 -> 364, -5, 0.25, 1, -2
518 -> 364, -4, 1.25, 1, -2
518 -> 364, -5, 0.25, 1, -1
521 -> 364, -1, 0.25, 3, -1
525 -> 364, -3, 0.25, 3, -1.5
525 -> 364, -3, 0.25, 1, -1.5
525 -> 364, -3, 0.25, 4, -1.5
525 -> 364, -3, 0.25, 2, -1.5
525 -> 364, -3, 0.25, 5, -1.5
527 -> 364, -5, 0.25, 2, -1
527 -> 364, -5, 0.25, 4, -1
527 -> 364, -5, 0.25, 5, -1
527 -> 364, -5, 0.25, 3, -1
533 -> 364, -3, 0.25, 5, -1
533 -> 364, -3, 0.25, 4, -1
537 -> 364, -5, 1.25, 2, -2
537 -> 364, -5, 1.25, 5, -2
537 -> 364, -5, 1.25, 4, -2
537 -> 364, -5, 1.25, 1, -2
537 -> 364, -5, 1.25, 3, -2
539 -> 364, -2, 0.25, 1, -0.5
546 -> 364, -5, 0.75, 1, -2
546 -> 364, -5, 0.75, 3, -2
546 -> 364, -5, 0.75, 2, -2
562 -> 364, -5, 1.75, 5, -1
562 -> 364, -5, 1.75, 4, -1
563 -> 364, -5, 1.75, 2, -1
563 -> 364, -5, 1.75, 3, -1
563 -> 364, -5, 1.75, 1, -1
569 -> 364, -3, 0.75, 2, -1
569 -> 364, -3, 0.75, 5, -1
571 -> 364, -3, 0.75, 3, -1
571 -> 364, -3, 0.75, 4, -1
585 -> 364, -3, 0.75, 1, -1
594 -> 364, -5, 0.25, 1, -0.5
594 -> 364, -5, 0.25, 2, -0.5
594 -> 364, -5, 0.25, 3, -0.5
594 -> 364, -5, 0.25, 5, -0.5
594 -> 364, -5, 0.25, 4, -0.5
611 -> 364, -4, 1.25, 4, -1
611 -> 364, -4, 1.25, 3, -1
611 -> 364, -4, 1.25, 5, -1
611 -> 364, -4, 1.25, 2, -1
611 -> 364, -4, 1.25, 1, -1
651 -> 364, -5, 1.25, 2, -1
651 -> 364, -5, 1.25, 5, -1
651 -> 364, -5, 1.25, 1, -1
651 -> 364, -5, 1.25, 4, -1
651 -> 364, -5, 1.25, 3, -1
786 -> 364, -5, 1.25, 5, -0.5
786 -> 364, -5, 1.25, 1, -0.5
786 -> 364, -5, 1.25, 4, -0.5
786 -> 364, -5, 1.25, 2, -0.5
786 -> 364, -5, 1.25, 3, -0.5
