289 -> 100, -5, 0.25, 4, -2
289 -> 100, -5, 0.25, 5, -2
317 -> 100, -4, 1.75, 4, -1.5
317 -> 100, -5, 0.75, 1, -2
318 -> 100, -5, 1.75, 4, -2
321 -> 100, -5, 0.25, 1, -2
322 -> 100, -5, 1.75, 4, -1
330 -> 100, -5, 1.75, 5, -2
331 -> 100, -5, 1.75, 1, -0.5
338 -> 100, -5, 1.75, 2, -1.5
341 -> 100, -5, 1.75, 3, -1.5
342 -> 100, -2, 1.25, 1, -1
344 -> 100, -5, 0.75, 4, -1.5
344 -> 100, -4, 0.25, 1, -1.5
345 -> 100, -1, 1.75, 3, -1.5
346 -> 100, -5, 1.75, 5, -1.5
346 -> 100, -5, 1.75, 4, -1.5
348 -> 100, -2, 0.75, 5, -1.5
349 -> 100, -4, 1.75, 4, -2
349 -> 100, -5, 0.75, 3, -1.5
350 -> 100, -3, 1.75, 5, -2
350 -> 100, -4, 0.25, 3, -1.5
352 -> 100, -3, 1.75, 1, -2
353 -> 100, -5, 1.75, 2, -2
353 -> 100, -5, 0.75, 5, -2
354 -> 100, -3, 1.75, 2, -2
354 -> 100, -2, 1.25, 5, -2
357 -> 100, -5, 1.75, 2, -0.5
358 -> 100, -5, 0.25, 5, -1
359 -> 100, -4, 0.75, 2, -2
359 -> 100, -5, 0.25, 3, -2
359 -> 100, -5, 0.25, 2, -2
359 -> 100, -4, 0.75, 3, -2
360 -> 100, -4, 1.75, 3, -1
360 -> 100, -4, 1.75, 2, -1.5
360 -> 100, -3, 1.25, 5, -1
360 -> 100, -5, 1.75, 1, -1.5
361 -> 100, -1, 1.25, 3, -2
361 -> 100, -1, 1.25, 2, -2
363 -> 100, -5, 1.75, 1, -2
364 -> 100, -4, 1.75, 5, -1.5
364 -> 100, -3, 1.75, 4, -1.5
364 -> 100, -3, 1.75, 3, -1.5
364 -> 100, -4, 1.75, 1, -1.5
365 -> 100, -2, 1.75, 3, -2
366 -> 100, -4, 0.75, 4, -1.5
366 -> 100, -4, 0.75, 3, -1.5
366 -> 100, -3, 1.75, 5, -1.5
366 -> 100, -4, 0.75, 5, -1.5
367 -> 100, -5, 1.75, 3, -2
368 -> 100, -2, 1.25, 3, -1
368 -> 100, -2, 1.25, 2, -1
368 -> 100, -5, 1.25, 3, -1
368 -> 100, -2, 1.25, 4, -1
369 -> 100, -4, 0.25, 4, -2
370 -> 100, -5, 0.75, 3, -2
370 -> 100, -5, 0.75, 2, -2
370 -> 100, -4, 0.75, 2, -1.5
371 -> 100, -1, 1.75, 4, -1.5
372 -> 100, -3, 0.25, 2, -1.5
372 -> 100, -3, 1.25, 3, -1
372 -> 100, -2, 0.75, 4, -1.5
372 -> 100, -2, 0.75, 3, -1.5
373 -> 100, -2, 0.75, 3, -1
373 -> 100, -5, 1.75, 5, -0.5
373 -> 100, -2, 0.75, 2, -1.5
373 -> 100, -4, 1.25, 3, -1.5
374 -> 100, -5, 0.75, 5, -0.5
375 -> 100, -2, 0.25, 1, -2
376 -> 100, -5, 1.75, 1, -1
376 -> 100, -4, 0.25, 2, -1.5
376 -> 100, -3, 1.75, 3, -1
376 -> 100, -3, 1.75, 2, -1
376 -> 100, -5, 1.75, 2, -1
377 -> 100, -5, 1.25, 4, -1.5
378 -> 100, -2, 1.75, 2, -2
378 -> 100, -5, 1.25, 1, -2
379 -> 100, -1, 1.75, 4, -2
379 -> 100, -2, 1.25, 2, -2
380 -> 100, -5, 1.25, 5, -1.5
380 -> 100, -2, 1.75, 3, -1.5
380 -> 100, -2, 1.75, 4, -1.5
380 -> 100, -5, 1.25, 2, -1.5
381 -> 100, -3, 0.25, 4, -1.5
381 -> 100, -3, 0.25, 3, -1.5
381 -> 100, -1, 1.25, 1, -2
381 -> 100, -3, 0.75, 4, -2
382 -> 100, -5, 0.25, 5, -0.5
382 -> 100, -3, 0.75, 5, -1.5
382 -> 100, -2, 1.25, 5, -1
383 -> 100, -2, 1.25, 1, -2
384 -> 100, -5, 1.25, 3, -1.5
384 -> 100, -2, 1.75, 1, -1.5
384 -> 100, -4, 1.25, 4, -1.5
385 -> 100, -2, 1.25, 3, -2
385 -> 100, -4, 1.25, 5, -1.5
385 -> 100, -3, 0.75, 2, -1.5
386 -> 100, -4, 1.75, 3, -1.5
386 -> 100, -5, 0.75, 2, -1.5
386 -> 100, -5, 0.75, 4, -2
387 -> 100, -4, 1.25, 2, -1.5
388 -> 100, -3, 1.25, 4, -1.5
389 -> 100, -3, 1.75, 1, -1.5
389 -> 100, -2, 0.75, 4, -1
389 -> 100, -3, 1.75, 3, -2
389 -> 100, -3, 1.75, 2, -1.5
390 -> 100, -1, 1.25, 3, -1
390 -> 100, -2, 1.75, 2, -1.5
390 -> 100, -4, 0.25, 5, -2
392 -> 100, -2, 0.75, 1, -1
393 -> 100, -4, 1.75, 5, -2
394 -> 100, -3, 0.25, 5, -1.5
394 -> 100, -4, 1.75, 3, -2
394 -> 100, -5, 1.25, 4, -0.5
394 -> 100, -2, 1.75, 4, -1
394 -> 100, -2, 1.75, 5, -1
394 -> 100, -2, 0.75, 5, -1
394 -> 100, -3, 0.75, 4, -1.5
394 -> 100, -1, 1.25, 2, -1.5
395 -> 100, -4, 1.75, 1, -2
397 -> 100, -5, 1.25, 4, -2
397 -> 100, -5, 1.25, 5, -2
397 -> 100, -5, 1.25, 3, -2
397 -> 100, -5, 1.25, 2, -2
397 -> 100, -1, 1.75, 5, -1.5
398 -> 100, -3, 0.75, 1, -1.5
398 -> 100, -5, 1.25, 1, -1
398 -> 100, -1, 1.75, 2, -1.5
398 -> 100, -1, 1.75, 1, -1.5
398 -> 100, -2, 1.25, 4, -2
399 -> 100, -3, 1.25, 2, -1.5
399 -> 100, -3, 1.25, 4, -1
399 -> 100, -4, 0.75, 5, -2
399 -> 100, -5, 0.75, 1, -1.5
399 -> 100, -3, 0.25, 1, -1.5
401 -> 100, -4, 1.75, 2, -2
401 -> 100, -3, 0.75, 5, -2
401 -> 100, -1, 1.75, 2, -2
402 -> 100, -2, 1.25, 4, -1.5
402 -> 100, -1, 0.75, 3, -2
402 -> 100, -4, 0.75, 5, -1
402 -> 100, -2, 1.75, 1, -2
402 -> 100, -1, 0.25, 1, -0.5
402 -> 100, -2, 1.25, 5, -1.5
402 -> 100, -2, 1.25, 3, -1.5
403 -> 100, -3, 0.75, 3, -2
404 -> 100, -5, 0.25, 4, -1
404 -> 100, -3, 0.25, 1, -2
404 -> 100, -3, 0.25, 2, -2
404 -> 100, -3, 0.75, 3, -1.5
405 -> 100, -4, 0.25, 3, -2
405 -> 100, -3, 0.25, 3, -2
405 -> 100, -3, 1.75, 1, -1
406 -> 100, -4, 1.75, 4, -1
406 -> 100, -3, 1.25, 4, -2
406 -> 100, -1, 0.75, 5, -1.5
406 -> 100, -3, 1.25, 3, -1.5
406 -> 100, -1, 0.75, 4, -1.5
407 -> 100, -4, 1.25, 2, -1
407 -> 100, -3, 0.75, 2, -2
407 -> 100, -1, 0.25, 1, -1.5
407 -> 100, -2, 1.75, 5, -1.5
407 -> 100, -5, 1.25, 3, -0.5
407 -> 100, -1, 1.75, 3, -2
407 -> 100, -1, 1.25, 2, -1
407 -> 100, -4, 1.25, 3, -1
407 -> 100, -3, 1.75, 4, -1
408 -> 100, -3, 1.25, 1, -2
409 -> 100, -4, 1.25, 5, -1
409 -> 100, -5, 1.25, 1, -1.5
410 -> 100, -5, 0.25, 3, -1
410 -> 100, -4, 0.75, 1, -2
410 -> 100, -5, 0.25, 2, -1
410 -> 100, -5, 0.25, 1, -1
411 -> 100, -3, 0.25, 2, -0.5
411 -> 100, -3, 1.25, 5, -1.5
411 -> 100, -5, 1.25, 4, -1
412 -> 100, -3, 0.75, 1, -1
412 -> 100, -3, 1.25, 1, -1
412 -> 100, -2, 0.75, 1, -1.5
412 -> 100, -5, 1.75, 5, -1
413 -> 100, -1, 1.25, 1, -1
413 -> 100, -4, 0.25, 1, -1
413 -> 100, -4, 0.25, 2, -1
415 -> 100, -3, 0.75, 2, -1
415 -> 100, -1, 0.25, 1, -2
415 -> 100, -3, 0.75, 3, -1
415 -> 100, -4, 1.75, 1, -1
416 -> 100, -1, 1.25, 1, -0.5
416 -> 100, -4, 0.25, 4, -1.5
416 -> 100, -2, 0.25, 5, -2
416 -> 100, -4, 0.25, 5, -1.5
416 -> 100, -2, 0.25, 4, -2
416 -> 100, -2, 0.25, 2, -2
416 -> 100, -1, 1.25, 2, -0.5
416 -> 100, -2, 0.25, 3, -2
417 -> 100, -3, 1.25, 2, -1
417 -> 100, -4, 0.75, 1, -1
417 -> 100, -4, 0.75, 4, -2
417 -> 100, -2, 1.75, 1, -0.5
417 -> 100, -3, 0.75, 1, -2
418 -> 100, -2, 1.75, 5, -2
418 -> 100, -4, 1.25, 1, -1
419 -> 100, -2, 1.75, 2, -0.5
419 -> 100, -4, 1.25, 4, -1
419 -> 100, -1, 1.75, 2, -0.5
419 -> 100, -1, 0.75, 2, -1
421 -> 100, -4, 0.25, 2, -2
421 -> 100, -1, 1.25, 1, -1.5
421 -> 100, -1, 1.25, 5, -0.5
421 -> 100, -3, 1.75, 4, -2
421 -> 100, -2, 1.25, 1, -1.5
421 -> 100, -4, 0.25, 1, -2
421 -> 100, -2, 0.25, 2, -1.5
421 -> 100, -2, 0.75, 2, -1
422 -> 100, -2, 1.75, 3, -1
422 -> 100, -2, 1.75, 2, -1
422 -> 100, -1, 0.75, 2, -1.5
422 -> 100, -5, 1.25, 5, -1
422 -> 100, -1, 1.75, 2, -1
423 -> 100, -5, 0.75, 5, -1.5
423 -> 100, -1, 1.75, 1, -2
423 -> 100, -2, 0.75, 5, -2
424 -> 100, -1, 1.75, 5, -2
424 -> 100, -1, 0.75, 5, -2
424 -> 100, -1, 0.75, 4, -2
425 -> 100, -1, 1.75, 3, -1
425 -> 100, -2, 0.75, 4, -2
426 -> 100, -3, 0.25, 5, -1
426 -> 100, -3, 0.25, 4, -1
426 -> 100, -3, 0.25, 3, -1
426 -> 100, -3, 0.25, 2, -1
427 -> 100, -4, 1.25, 1, -1.5
428 -> 100, -3, 1.25, 1, -1.5
428 -> 100, -3, 1.25, 2, -2
429 -> 100, -3, 0.75, 4, -1
429 -> 100, -3, 0.75, 5, -1
429 -> 100, -1, 0.75, 1, -1
429 -> 100, -1, 1.25, 5, -1
429 -> 100, -1, 1.25, 4, -1
429 -> 100, -2, 0.75, 5, -0.5
429 -> 100, -4, 0.75, 2, -1
429 -> 100, -4, 0.75, 3, -1
430 -> 100, -1, 0.25, 5, -1
430 -> 100, -2, 0.75, 3, -2
430 -> 100, -2, 0.75, 1, -2
431 -> 100, -2, 1.25, 2, -1.5
431 -> 100, -1, 0.75, 1, -2
431 -> 100, -3, 0.25, 5, -2
431 -> 100, -1, 0.75, 2, -2
433 -> 100, -1, 0.25, 2, -1.5
433 -> 100, -1, 0.25, 3, -1.5
433 -> 100, -1, 0.25, 4, -1.5
433 -> 100, -1, 0.25, 5, -1.5
433 -> 100, -1, 1.25, 4, -1.5
433 -> 100, -1, 1.25, 3, -1.5
433 -> 100, -1, 1.25, 5, -1.5
434 -> 100, -4, 0.75, 1, -1.5
434 -> 100, -3, 1.25, 5, -2
435 -> 100, -5, 0.25, 4, -0.5
435 -> 100, -4, 1.75, 2, -1
435 -> 100, -5, 0.25, 1, -1.5
435 -> 100, -5, 0.25, 2, -1.5
435 -> 100, -1, 1.75, 1, -0.5
435 -> 100, -5, 0.25, 5, -1.5
435 -> 100, -1, 1.25, 4, -0.5
435 -> 100, -5, 0.25, 4, -1.5
435 -> 100, -5, 0.25, 3, -1.5
436 -> 100, -2, 1.75, 1, -1
438 -> 100, -2, 0.75, 2, -2
438 -> 100, -1, 0.25, 4, -1
439 -> 100, -1, 1.75, 4, -0.5
439 -> 100, -1, 1.75, 4, -1
439 -> 100, -1, 1.25, 4, -2
439 -> 100, -1, 1.75, 5, -0.5
439 -> 100, -1, 1.75, 5, -1
440 -> 100, -1, 0.25, 2, -0.5
440 -> 100, -1, 0.25, 3, -0.5
441 -> 100, -2, 0.75, 2, -0.5
442 -> 100, -1, 0.75, 1, -1.5
443 -> 100, -2, 0.75, 3, -0.5
443 -> 100, -2, 0.75, 4, -0.5
444 -> 100, -4, 0.25, 5, -1
445 -> 100, -1, 0.25, 4, -2
445 -> 100, -3, 0.25, 1, -1
445 -> 100, -1, 0.25, 3, -1
445 -> 100, -1, 0.25, 3, -2
446 -> 100, -1, 1.25, 5, -2
446 -> 100, -1, 0.25, 1, -1
446 -> 100, -1, 0.25, 2, -1
448 -> 100, -1, 0.75, 3, -1.5
448 -> 100, -1, 1.75, 3, -0.5
449 -> 100, -1, 0.25, 2, -2
449 -> 100, -3, 0.25, 4, -2
449 -> 100, -1, 1.75, 1, -1
450 -> 100, -2, 0.25, 1, -1.5
451 -> 100, -5, 1.75, 3, -1
451 -> 100, -1, 0.75, 3, -1
452 -> 100, -1, 0.75, 3, -0.5
453 -> 100, -3, 0.25, 4, -0.5
453 -> 100, -2, 0.25, 4, -1.5
453 -> 100, -2, 0.25, 3, -1.5
453 -> 100, -3, 0.25, 3, -0.5
453 -> 100, -2, 0.25, 5, -1.5
455 -> 100, -4, 0.25, 4, -1
455 -> 100, -2, 0.25, 5, -1
455 -> 100, -1, 0.25, 4, -0.5
455 -> 100, -2, 0.25, 1, -1
455 -> 100, -2, 0.25, 2, -1
455 -> 100, -2, 0.25, 4, -1
455 -> 100, -4, 0.25, 3, -1
455 -> 100, -1, 0.25, 5, -0.5
455 -> 100, -2, 0.25, 3, -1
456 -> 100, -3, 1.25, 3, -2
456 -> 100, -1, 0.25, 5, -2
456 -> 100, -1, 0.75, 4, -0.5
456 -> 100, -1, 0.75, 5, -0.5
457 -> 100, -1, 0.75, 5, -1
458 -> 100, -1, 0.75, 4, -1
462 -> 100, -3, 1.75, 2, -0.5
462 -> 100, -3, 1.75, 4, -0.5
462 -> 100, -3, 1.75, 3, -0.5
462 -> 100, -5, 1.75, 4, -0.5
462 -> 100, -3, 1.75, 5, -0.5
463 -> 100, -2, 0.25, 2, -0.5
463 -> 100, -2, 0.25, 1, -0.5
463 -> 100, -2, 0.25, 3, -0.5
463 -> 100, -2, 0.25, 4, -0.5
464 -> 100, -3, 1.75, 5, -1
466 -> 100, -1, 0.75, 2, -0.5
467 -> 100, -2, 0.75, 1, -0.5
469 -> 100, -1, 1.25, 3, -0.5
472 -> 100, -5, 0.75, 1, -1
474 -> 100, -4, 1.75, 5, -1
475 -> 100, -5, 0.75, 3, -1
475 -> 100, -5, 0.75, 2, -1
475 -> 100, -5, 0.75, 4, -1
475 -> 100, -5, 0.75, 5, -1
475 -> 100, -4, 0.75, 4, -1
475 -> 100, -3, 0.25, 1, -0.5
477 -> 100, -2, 1.75, 4, -2
478 -> 100, -5, 1.75, 3, -0.5
479 -> 100, -3, 1.75, 1, -0.5
479 -> 100, -2, 1.25, 1, -0.5
482 -> 100, -1, 0.75, 1, -0.5
483 -> 100, -2, 1.75, 5, -0.5
488 -> 100, -2, 1.75, 3, -0.5
488 -> 100, -4, 1.75, 5, -0.5
488 -> 100, -2, 1.75, 4, -0.5
490 -> 100, -5, 1.25, 2, -1
490 -> 100, -5, 0.25, 3, -0.5
492 -> 100, -4, 1.75, 4, -0.5
493 -> 100, -5, 0.25, 2, -0.5
495 -> 100, -3, 0.25, 5, -0.5
496 -> 100, -4, 1.75, 2, -0.5
496 -> 100, -4, 1.75, 3, -0.5
497 -> 100, -2, 0.25, 5, -0.5
499 -> 100, -2, 1.25, 5, -0.5
499 -> 100, -2, 1.25, 4, -0.5
509 -> 100, -2, 1.25, 3, -0.5
516 -> 100, -4, 1.75, 1, -0.5
516 -> 100, -2, 1.25, 2, -0.5
526 -> 100, -4, 1.25, 3, -2
526 -> 100, -4, 1.25, 4, -2
526 -> 100, -4, 1.25, 5, -2
526 -> 100, -4, 1.25, 2, -2
526 -> 100, -4, 1.25, 1, -2
539 -> 100, -3, 1.25, 5, -0.5
539 -> 100, -3, 1.25, 4, -0.5
539 -> 100, -3, 1.25, 3, -0.5
539 -> 100, -3, 1.25, 2, -0.5
539 -> 100, -3, 1.25, 1, -0.5
543 -> 100, -5, 1.25, 1, -0.5
567 -> 100, -4, 0.25, 5, -0.5
567 -> 100, -4, 0.25, 2, -0.5
567 -> 100, -4, 0.25, 3, -0.5
567 -> 100, -4, 0.25, 4, -0.5
577 -> 100, -5, 0.75, 4, -0.5
577 -> 100, -5, 0.75, 3, -0.5
581 -> 100, -4, 0.25, 1, -0.5
582 -> 100, -5, 0.25, 1, -0.5
591 -> 100, -5, 1.25, 2, -0.5
601 -> 100, -3, 0.75, 5, -0.5
601 -> 100, -3, 0.75, 4, -0.5
602 -> 100, -3, 0.75, 1, -0.5
602 -> 100, -3, 0.75, 2, -0.5
602 -> 100, -3, 0.75, 3, -0.5
679 -> 100, -4, 0.75, 1, -0.5
685 -> 100, -4, 0.75, 5, -0.5
685 -> 100, -4, 0.75, 2, -0.5
685 -> 100, -4, 0.75, 4, -0.5
685 -> 100, -4, 0.75, 3, -0.5
701 -> 100, -5, 1.25, 5, -0.5
718 -> 100, -5, 0.75, 1, -0.5
718 -> 100, -5, 0.75, 2, -0.5
783 -> 100, -4, 1.25, 1, -0.5
783 -> 100, -4, 1.25, 5, -0.5
783 -> 100, -4, 1.25, 4, -0.5
783 -> 100, -4, 1.25, 2, -0.5
783 -> 100, -4, 1.25, 3, -0.5
