334 -> 476, -4, 1.25, 2, -0.5
356 -> 476, -4, 1.75, 4, -0.5
360 -> 476, -3, 1.25, 1, -0.5
369 -> 476, -1, 1.25, 4, -2
369 -> 476, -1, 1.25, 5, -2
372 -> 476, -4, 1.25, 1, -0.5
378 -> 476, -5, 1.75, 1, -0.5
382 -> 476, -1, 1.75, 1, -0.5
382 -> 476, -1, 1.75, 1, -1.5
382 -> 476, -1, 1.75, 2, -1.5
383 -> 476, -2, 1.25, 2, -1
384 -> 476, -3, 1.25, 5, -0.5
386 -> 476, -1, 1.75, 3, -0.5
389 -> 476, -4, 1.25, 1, -1
389 -> 476, -2, 1.75, 5, -1
391 -> 476, -4, 1.75, 3, -0.5
391 -> 476, -4, 1.75, 2, -0.5
393 -> 476, -1, 1.75, 4, -1.5
394 -> 476, -5, 1.75, 3, -1
397 -> 476, -3, 1.25, 4, -0.5
397 -> 476, -5, 1.25, 3, -0.5
397 -> 476, -2, 1.75, 1, -0.5
400 -> 476, -5, 0.25, 1, -1.5
400 -> 476, -5, 0.25, 2, -1.5
401 -> 476, -3, 1.25, 4, -2
402 -> 476, -1, 0.75, 1, -1
404 -> 476, -3, 1.75, 2, -1.5
404 -> 476, -3, 1.25, 5, -2
406 -> 476, -4, 1.75, 3, -1
408 -> 476, -2, 1.75, 5, -0.5
408 -> 476, -2, 1.75, 4, -0.5
409 -> 476, -1, 1.75, 4, -2
409 -> 476, -4, 0.75, 1, -0.5
410 -> 476, -2, 1.75, 3, -0.5
411 -> 476, -1, 1.75, 2, -2
411 -> 476, -1, 1.75, 3, -2
413 -> 476, -5, 1.75, 5, -0.5
414 -> 476, -4, 0.25, 5, -2
414 -> 476, -4, 0.25, 4, -2
415 -> 476, -5, 1.75, 3, -0.5
416 -> 476, -1, 0.75, 2, -1
418 -> 476, -5, 1.25, 4, -0.5
418 -> 476, -5, 1.25, 5, -0.5
418 -> 476, -2, 1.75, 3, -2
418 -> 476, -4, 1.75, 1, -1.5
419 -> 476, -4, 1.75, 4, -2
419 -> 476, -4, 1.25, 5, -0.5
419 -> 476, -4, 1.75, 2, -2
419 -> 476, -4, 1.75, 3, -2
419 -> 476, -4, 1.75, 1, -2
420 -> 476, -1, 1.25, 1, -0.5
420 -> 476, -4, 1.75, 2, -1
421 -> 476, -4, 1.75, 5, -2
421 -> 476, -2, 1.75, 5, -2
421 -> 476, -2, 1.75, 4, -2
422 -> 476, -4, 1.75, 4, -1.5
422 -> 476, -3, 1.25, 3, -2
422 -> 476, -3, 1.25, 3, -0.5
423 -> 476, -4, 0.25, 1, -2
425 -> 476, -2, 1.25, 3, -1
425 -> 476, -2, 1.25, 4, -1
426 -> 476, -3, 1.75, 1, -0.5
427 -> 476, -1, 1.75, 5, -1.5
427 -> 476, -4, 0.25, 4, -0.5
427 -> 476, -4, 0.75, 3, -0.5
428 -> 476, -5, 0.75, 4, -2
428 -> 476, -5, 0.75, 5, -2
428 -> 476, -1, 1.75, 4, -0.5
430 -> 476, -5, 1.75, 5, -1
430 -> 476, -3, 0.25, 3, -1.5
430 -> 476, -5, 1.75, 4, -1
431 -> 476, -2, 1.25, 5, -0.5
431 -> 476, -2, 1.25, 4, -0.5
431 -> 476, -1, 1.25, 2, -2
431 -> 476, -1, 1.25, 3, -2
432 -> 476, -2, 1.25, 4, -2
432 -> 476, -2, 1.25, 3, -2
432 -> 476, -2, 1.25, 5, -2
433 -> 476, -3, 0.75, 4, -0.5
433 -> 476, -3, 0.25, 1, -1.5
433 -> 476, -5, 1.75, 4, -0.5
433 -> 476, -5, 1.75, 2, -1.5
433 -> 476, -5, 1.75, 1, -1.5
434 -> 476, -1, 0.25, 1, -0.5
434 -> 476, -3, 0.75, 3, -1.5
434 -> 476, -2, 1.25, 3, -0.5
434 -> 476, -4, 1.25, 2, -1
435 -> 476, -1, 0.25, 3, -1.5
435 -> 476, -5, 0.75, 5, -1.5
435 -> 476, -1, 1.25, 1, -2
436 -> 476, -3, 0.25, 4, -1.5
436 -> 476, -3, 0.25, 5, -1.5
436 -> 476, -5, 0.75, 1, -0.5
436 -> 476, -4, 0.25, 2, -2
436 -> 476, -4, 0.25, 3, -2
436 -> 476, -3, 0.25, 2, -1.5
436 -> 476, -4, 1.25, 4, -1.5
436 -> 476, -4, 1.25, 3, -1.5
436 -> 476, -4, 1.25, 2, -1.5
437 -> 476, -1, 0.75, 2, -0.5
437 -> 476, -1, 0.25, 4, -1.5
437 -> 476, -1, 0.25, 5, -1.5
437 -> 476, -4, 1.25, 4, -0.5
438 -> 476, -3, 1.25, 1, -2
438 -> 476, -5, 1.25, 5, -1.5
438 -> 476, -5, 1.25, 4, -1.5
438 -> 476, -3, 1.25, 2, -2
438 -> 476, -3, 0.75, 3, -2
439 -> 476, -1, 1.25, 5, -0.5
440 -> 476, -5, 1.75, 5, -1.5
440 -> 476, -5, 1.75, 3, -1.5
440 -> 476, -2, 0.75, 5, -0.5
440 -> 476, -1, 1.75, 3, -1.5
440 -> 476, -5, 1.75, 4, -1.5
440 -> 476, -5, 0.75, 4, -1
441 -> 476, -3, 1.75, 3, -1
441 -> 476, -5, 0.75, 2, -1
441 -> 476, -2, 1.25, 2, -0.5
441 -> 476, -3, 1.75, 4, -1
441 -> 476, -1, 0.75, 1, -0.5
442 -> 476, -5, 0.75, 1, -1
442 -> 476, -4, 1.25, 5, -1
442 -> 476, -4, 1.25, 4, -1
442 -> 476, -2, 1.75, 1, -1.5
442 -> 476, -5, 1.25, 2, -1.5
442 -> 476, -3, 1.25, 1, -1
442 -> 476, -4, 1.25, 3, -1
442 -> 476, -3, 1.25, 2, -1
444 -> 476, -1, 1.25, 3, -1.5
444 -> 476, -2, 1.75, 2, -0.5
444 -> 476, -1, 1.25, 5, -1.5
444 -> 476, -1, 1.25, 4, -1.5
445 -> 476, -1, 1.75, 2, -0.5
446 -> 476, -3, 1.75, 4, -1.5
446 -> 476, -4, 0.25, 3, -0.5
446 -> 476, -3, 1.75, 3, -1.5
446 -> 476, -3, 1.75, 5, -1.5
447 -> 476, -3, 1.25, 5, -1
447 -> 476, -1, 1.75, 5, -1
448 -> 476, -1, 1.75, 5, -2
448 -> 476, -3, 0.75, 1, -2
448 -> 476, -3, 0.75, 2, -2
449 -> 476, -5, 0.25, 4, -1.5
449 -> 476, -5, 0.25, 3, -1.5
449 -> 476, -5, 1.75, 2, -1
449 -> 476, -2, 1.25, 1, -2
449 -> 476, -5, 0.25, 5, -1.5
449 -> 476, -2, 1.25, 2, -2
449 -> 476, -5, 1.75, 1, -1
450 -> 476, -1, 0.25, 2, -1
450 -> 476, -4, 1.75, 4, -1
450 -> 476, -4, 1.75, 5, -1
451 -> 476, -1, 0.25, 1, -1.5
451 -> 476, -4, 0.75, 1, -2
451 -> 476, -1, 0.25, 2, -1.5
453 -> 476, -5, 0.25, 1, -0.5
453 -> 476, -1, 0.75, 3, -2
454 -> 476, -1, 0.25, 5, -1
455 -> 476, -1, 1.75, 1, -2
455 -> 476, -1, 0.75, 5, -1
456 -> 476, -4, 1.75, 5, -0.5
456 -> 476, -3, 0.75, 4, -2
456 -> 476, -3, 0.75, 5, -2
457 -> 476, -1, 1.25, 2, -0.5
457 -> 476, -2, 1.25, 1, -0.5
457 -> 476, -1, 1.25, 4, -0.5
457 -> 476, -2, 1.75, 4, -1
459 -> 476, -2, 0.25, 5, -2
459 -> 476, -3, 0.75, 5, -0.5
459 -> 476, -4, 0.25, 5, -0.5
460 -> 476, -3, 0.75, 5, -1
461 -> 476, -2, 1.25, 1, -1
461 -> 476, -1, 0.75, 3, -0.5
461 -> 476, -5, 1.25, 3, -1.5
461 -> 476, -1, 1.75, 5, -0.5
461 -> 476, -1, 0.75, 4, -0.5
461 -> 476, -4, 1.25, 5, -1.5
461 -> 476, -1, 0.75, 5, -0.5
462 -> 476, -1, 0.75, 2, -1.5
463 -> 476, -3, 1.75, 5, -0.5
463 -> 476, -3, 1.75, 4, -0.5
463 -> 476, -3, 1.75, 3, -0.5
463 -> 476, -5, 1.75, 2, -0.5
464 -> 476, -4, 1.25, 1, -2
464 -> 476, -3, 1.25, 2, -1.5
464 -> 476, -4, 1.25, 2, -2
464 -> 476, -4, 0.75, 2, -0.5
464 -> 476, -3, 0.75, 1, -0.5
465 -> 476, -3, 1.75, 2, -2
466 -> 476, -2, 0.25, 2, -0.5
466 -> 476, -3, 0.75, 1, -1.5
466 -> 476, -4, 0.75, 1, -1
466 -> 476, -5, 1.25, 3, -2
466 -> 476, -5, 1.25, 2, -2
466 -> 476, -5, 1.25, 4, -2
466 -> 476, -2, 1.25, 5, -1
466 -> 476, -3, 0.75, 2, -1.5
467 -> 476, -3, 1.75, 1, -1.5
467 -> 476, -4, 0.75, 5, -2
468 -> 476, -5, 1.25, 1, -2
468 -> 476, -4, 0.75, 2, -2
469 -> 476, -3, 1.25, 3, -1
469 -> 476, -1, 0.25, 1, -1
470 -> 476, -5, 0.25, 1, -2
470 -> 476, -5, 0.25, 4, -2
470 -> 476, -2, 0.75, 4, -2
470 -> 476, -2, 0.75, 3, -2
470 -> 476, -5, 0.25, 5, -2
470 -> 476, -5, 0.25, 3, -2
470 -> 476, -5, 0.25, 2, -2
471 -> 476, -3, 0.75, 4, -1
471 -> 476, -3, 0.75, 3, -1
471 -> 476, -3, 0.75, 2, -1
472 -> 476, -4, 0.25, 2, -0.5
472 -> 476, -1, 0.75, 4, -2
472 -> 476, -1, 0.75, 5, -2
472 -> 476, -4, 0.25, 1, -0.5
472 -> 476, -1, 0.25, 3, -1
472 -> 476, -4, 1.75, 2, -1.5
472 -> 476, -1, 0.25, 4, -1
473 -> 476, -2, 0.75, 2, -1.5
473 -> 476, -2, 0.75, 2, -1
473 -> 476, -5, 1.25, 3, -1
473 -> 476, -2, 0.25, 2, -2
473 -> 476, -4, 1.25, 3, -2
473 -> 476, -1, 1.75, 4, -1
473 -> 476, -5, 1.25, 5, -1
473 -> 476, -2, 0.25, 3, -2
473 -> 476, -5, 1.25, 2, -1
473 -> 476, -2, 0.25, 4, -2
473 -> 476, -1, 0.25, 5, -0.5
473 -> 476, -1, 0.75, 3, -1
473 -> 476, -1, 1.75, 3, -1
473 -> 476, -2, 0.75, 1, -1.5
473 -> 476, -1, 0.75, 4, -1
473 -> 476, -5, 1.25, 1, -1
473 -> 476, -5, 1.25, 4, -1
474 -> 476, -3, 1.25, 4, -1
474 -> 476, -3, 0.75, 1, -1
474 -> 476, -4, 1.25, 5, -2
474 -> 476, -3, 1.75, 1, -2
474 -> 476, -4, 1.25, 4, -2
475 -> 476, -2, 0.75, 1, -2
475 -> 476, -4, 0.75, 1, -1.5
475 -> 476, -2, 0.75, 2, -2
476 -> 476, -4, 1.75, 5, -1.5
476 -> 476, -5, 1.25, 5, -2
476 -> 476, -1, 1.25, 1, -1.5
476 -> 476, -5, 0.25, 1, -1
476 -> 476, -1, 1.25, 2, -1.5
476 -> 476, -1, 0.75, 2, -2
476 -> 476, -1, 0.75, 1, -2
476 -> 476, -5, 0.25, 2, -1
477 -> 476, -2, 0.25, 1, -1.5
478 -> 476, -4, 1.25, 3, -0.5
478 -> 476, -1, 0.75, 3, -1.5
478 -> 476, -4, 1.75, 1, -1
478 -> 476, -2, 0.75, 4, -1
479 -> 476, -1, 1.75, 1, -1
479 -> 476, -2, 1.75, 4, -1.5
479 -> 476, -2, 1.75, 5, -1.5
479 -> 476, -2, 1.75, 3, -1.5
479 -> 476, -2, 1.75, 1, -2
479 -> 476, -2, 1.75, 2, -2
479 -> 476, -2, 1.75, 2, -1.5
480 -> 476, -4, 1.25, 1, -1.5
480 -> 476, -4, 1.75, 3, -1.5
480 -> 476, -1, 0.75, 4, -1.5
480 -> 476, -1, 0.75, 5, -1.5
481 -> 476, -3, 0.25, 5, -2
481 -> 476, -3, 0.25, 4, -2
482 -> 476, -1, 0.25, 3, -0.5
482 -> 476, -2, 1.75, 2, -1
482 -> 476, -3, 0.75, 3, -0.5
482 -> 476, -2, 1.75, 3, -1
482 -> 476, -3, 0.75, 2, -0.5
482 -> 476, -2, 0.75, 4, -0.5
482 -> 476, -1, 0.25, 4, -0.5
482 -> 476, -2, 1.75, 1, -1
483 -> 476, -5, 0.75, 3, -1
483 -> 476, -3, 1.75, 2, -1
483 -> 476, -3, 1.75, 1, -1
484 -> 476, -5, 0.25, 5, -1
484 -> 476, -5, 0.25, 4, -1
484 -> 476, -5, 0.25, 3, -1
485 -> 476, -4, 0.75, 5, -0.5
485 -> 476, -2, 0.75, 3, -1.5
485 -> 476, -2, 0.75, 4, -1.5
487 -> 476, -2, 0.25, 2, -1.5
487 -> 476, -2, 0.25, 3, -1.5
488 -> 476, -2, 0.25, 1, -1
489 -> 476, -3, 0.25, 5, -1
489 -> 476, -3, 0.25, 4, -1
490 -> 476, -1, 1.25, 3, -0.5
490 -> 476, -4, 0.25, 2, -1
490 -> 476, -3, 0.25, 2, -1
490 -> 476, -4, 0.25, 3, -1
490 -> 476, -5, 0.75, 5, -0.5
490 -> 476, -4, 0.25, 4, -1
490 -> 476, -4, 0.25, 5, -1
490 -> 476, -4, 0.25, 1, -1
490 -> 476, -5, 0.75, 4, -0.5
490 -> 476, -2, 0.75, 5, -1.5
493 -> 476, -1, 0.25, 1, -2
493 -> 476, -3, 1.75, 3, -2
493 -> 476, -1, 0.25, 2, -2
493 -> 476, -3, 1.75, 4, -2
493 -> 476, -3, 1.75, 5, -2
493 -> 476, -4, 0.75, 5, -1
493 -> 476, -5, 1.25, 1, -1.5
493 -> 476, -4, 0.75, 4, -1
493 -> 476, -1, 0.25, 3, -2
493 -> 476, -4, 0.75, 3, -1
493 -> 476, -4, 0.75, 2, -1
494 -> 476, -5, 0.75, 4, -1.5
494 -> 476, -5, 0.75, 3, -1.5
494 -> 476, -3, 1.25, 2, -0.5
496 -> 476, -3, 1.25, 4, -1.5
496 -> 476, -3, 1.25, 3, -1.5
496 -> 476, -5, 0.25, 2, -0.5
497 -> 476, -2, 0.25, 5, -0.5
497 -> 476, -1, 0.75, 1, -1.5
497 -> 476, -2, 0.25, 3, -0.5
497 -> 476, -2, 0.25, 4, -0.5
497 -> 476, -2, 0.75, 1, -1
498 -> 476, -4, 0.25, 1, -1.5
498 -> 476, -4, 0.25, 4, -1.5
498 -> 476, -4, 0.25, 2, -1.5
498 -> 476, -4, 0.25, 5, -1.5
498 -> 476, -4, 0.25, 3, -1.5
499 -> 476, -5, 0.75, 2, -1.5
499 -> 476, -5, 0.25, 5, -0.5
499 -> 476, -2, 1.25, 5, -1.5
499 -> 476, -2, 1.25, 4, -1.5
499 -> 476, -2, 0.75, 5, -2
499 -> 476, -5, 0.25, 4, -0.5
499 -> 476, -2, 1.25, 3, -1.5
499 -> 476, -5, 0.25, 3, -0.5
500 -> 476, -3, 0.25, 5, -0.5
500 -> 476, -3, 0.25, 4, -0.5
500 -> 476, -2, 0.25, 1, -0.5
501 -> 476, -2, 1.25, 1, -1.5
501 -> 476, -4, 0.75, 5, -1.5
501 -> 476, -4, 0.75, 3, -1.5
501 -> 476, -4, 0.75, 4, -1.5
501 -> 476, -2, 1.25, 2, -1.5
501 -> 476, -4, 0.75, 2, -1.5
502 -> 476, -2, 0.75, 5, -1
503 -> 476, -2, 0.25, 2, -1
504 -> 476, -1, 0.25, 5, -2
504 -> 476, -3, 0.25, 2, -0.5
504 -> 476, -3, 0.25, 1, -0.5
506 -> 476, -5, 0.75, 2, -0.5
506 -> 476, -3, 0.25, 3, -0.5
506 -> 476, -5, 0.75, 3, -0.5
508 -> 476, -1, 1.25, 1, -1
508 -> 476, -2, 0.25, 1, -2
510 -> 476, -2, 0.25, 4, -1.5
510 -> 476, -2, 0.25, 5, -1.5
510 -> 476, -1, 1.75, 2, -1
511 -> 476, -4, 0.75, 4, -0.5
511 -> 476, -3, 0.75, 5, -1.5
511 -> 476, -1, 0.25, 2, -0.5
511 -> 476, -3, 0.75, 4, -1.5
511 -> 476, -3, 1.75, 5, -1
512 -> 476, -1, 0.25, 4, -2
515 -> 476, -2, 0.75, 3, -0.5
515 -> 476, -2, 0.75, 2, -0.5
515 -> 476, -5, 0.75, 2, -2
515 -> 476, -1, 1.25, 2, -1
515 -> 476, -5, 0.75, 1, -2
515 -> 476, -5, 0.75, 3, -2
515 -> 476, -2, 0.75, 1, -0.5
517 -> 476, -5, 0.75, 1, -1.5
518 -> 476, -2, 0.75, 3, -1
518 -> 476, -3, 1.75, 2, -0.5
522 -> 476, -1, 1.25, 5, -1
522 -> 476, -1, 1.25, 4, -1
522 -> 476, -1, 1.25, 3, -1
523 -> 476, -4, 0.75, 4, -2
523 -> 476, -3, 0.25, 3, -1
523 -> 476, -4, 0.75, 3, -2
525 -> 476, -3, 0.25, 1, -2
525 -> 476, -3, 0.25, 2, -2
525 -> 476, -3, 0.25, 3, -2
529 -> 476, -4, 1.75, 1, -0.5
530 -> 476, -3, 0.25, 1, -1
533 -> 476, -2, 0.25, 3, -1
533 -> 476, -2, 0.25, 4, -1
533 -> 476, -2, 0.25, 5, -1
534 -> 476, -3, 1.25, 1, -1.5
553 -> 476, -5, 0.75, 5, -1
563 -> 476, -5, 1.75, 1, -2
563 -> 476, -5, 1.75, 4, -2
563 -> 476, -5, 1.75, 3, -2
563 -> 476, -5, 1.75, 2, -2
563 -> 476, -5, 1.75, 5, -2
587 -> 476, -3, 1.25, 5, -1.5
656 -> 476, -5, 1.25, 2, -0.5
656 -> 476, -5, 1.25, 1, -0.5
