347 -> 414, -5, 1.75, 3, -0.5
355 -> 414, -3, 1.25, 1, -1
378 -> 414, -1, 0.75, 1, -2
379 -> 414, -5, 0.75, 1, -0.5
382 -> 414, -5, 1.75, 1, -1
385 -> 414, -5, 1.75, 2, -1
386 -> 414, -5, 1.75, 4, -1
388 -> 414, -1, 0.75, 2, -2
388 -> 414, -1, 0.75, 3, -2
390 -> 414, -5, 0.75, 5, -1
391 -> 414, -5, 0.75, 4, -1
392 -> 414, -5, 0.75, 4, -0.5
393 -> 414, -1, 1.75, 5, -0.5
393 -> 414, -5, 1.25, 2, -1
394 -> 414, -1, 0.75, 2, -0.5
395 -> 414, -1, 0.75, 4, -0.5
395 -> 414, -3, 0.75, 5, -1
396 -> 414, -5, 0.25, 4, -0.5
396 -> 414, -5, 0.25, 3, -0.5
396 -> 414, -5, 0.25, 5, -0.5
397 -> 414, -5, 0.75, 3, -1
398 -> 414, -5, 1.75, 4, -0.5
398 -> 414, -2, 1.25, 5, -1
399 -> 414, -3, 1.75, 3, -1
399 -> 414, -2, 0.75, 4, -0.5
399 -> 414, -3, 1.75, 4, -1
400 -> 414, -5, 0.75, 3, -0.5
402 -> 414, -4, 0.25, 1, -1.5
406 -> 414, -1, 1.75, 4, -0.5
407 -> 414, -5, 0.25, 2, -0.5
409 -> 414, -3, 0.25, 2, -1
410 -> 414, -5, 1.75, 1, -0.5
410 -> 414, -3, 0.75, 1, -1
411 -> 414, -3, 0.25, 3, -1
411 -> 414, -3, 0.25, 4, -1
412 -> 414, -4, 1.25, 5, -0.5
412 -> 414, -1, 1.25, 1, -2
414 -> 414, -1, 0.75, 1, -0.5
414 -> 414, -2, 1.75, 3, -0.5
415 -> 414, -5, 1.75, 5, -1
415 -> 414, -2, 1.25, 4, -1.5
415 -> 414, -4, 0.25, 3, -0.5
416 -> 414, -2, 1.75, 2, -0.5
417 -> 414, -4, 0.75, 1, -2
417 -> 414, -5, 0.75, 5, -1.5
418 -> 414, -1, 1.75, 1, -2
418 -> 414, -4, 1.25, 1, -1
420 -> 414, -3, 1.75, 3, -0.5
420 -> 414, -4, 1.75, 5, -2
420 -> 414, -3, 1.25, 1, -1.5
421 -> 414, -5, 0.25, 4, -1.5
421 -> 414, -5, 0.25, 5, -1.5
421 -> 414, -5, 0.25, 2, -1.5
421 -> 414, -5, 0.25, 3, -1.5
421 -> 414, -5, 0.75, 4, -1.5
422 -> 414, -4, 1.75, 4, -2
423 -> 414, -5, 0.25, 1, -1.5
423 -> 414, -3, 1.75, 5, -0.5
423 -> 414, -1, 1.75, 3, -1
424 -> 414, -1, 0.25, 5, -0.5
424 -> 414, -5, 1.75, 1, -2
425 -> 414, -1, 0.25, 4, -1.5
426 -> 414, -4, 1.75, 3, -2
426 -> 414, -2, 1.25, 2, -0.5
426 -> 414, -5, 1.75, 3, -1.5
426 -> 414, -3, 1.75, 1, -1.5
428 -> 414, -4, 0.75, 4, -2
428 -> 414, -4, 0.75, 2, -2
428 -> 414, -2, 0.75, 5, -1
428 -> 414, -4, 0.75, 3, -2
428 -> 414, -3, 0.25, 5, -0.5
428 -> 414, -2, 1.25, 1, -2
428 -> 414, -1, 1.25, 2, -2
429 -> 414, -4, 1.75, 5, -1
429 -> 414, -3, 1.75, 2, -1
429 -> 414, -3, 1.75, 2, -1.5
429 -> 414, -4, 1.75, 3, -1
429 -> 414, -4, 1.75, 4, -1
430 -> 414, -2, 0.25, 5, -1
430 -> 414, -2, 1.25, 5, -1.5
430 -> 414, -3, 0.75, 4, -1
430 -> 414, -3, 0.75, 3, -1
430 -> 414, -1, 0.25, 2, -0.5
431 -> 414, -1, 0.25, 2, -1.5
431 -> 414, -3, 1.75, 4, -0.5
431 -> 414, -1, 0.25, 3, -1.5
431 -> 414, -4, 1.75, 1, -1.5
431 -> 414, -4, 1.25, 5, -1
431 -> 414, -1, 1.25, 5, -0.5
431 -> 414, -1, 1.25, 4, -0.5
431 -> 414, -1, 0.25, 1, -1.5
432 -> 414, -3, 1.75, 1, -1
432 -> 414, -2, 1.25, 3, -1.5
432 -> 414, -3, 1.75, 2, -2
432 -> 414, -5, 0.75, 2, -2
432 -> 414, -4, 1.25, 4, -1
432 -> 414, -5, 0.75, 3, -2
432 -> 414, -5, 0.75, 4, -2
432 -> 414, -5, 0.75, 1, -2
432 -> 414, -5, 0.75, 5, -2
433 -> 414, -4, 1.25, 4, -0.5
433 -> 414, -1, 0.75, 4, -1.5
433 -> 414, -1, 1.75, 2, -1.5
433 -> 414, -5, 0.25, 1, -0.5
434 -> 414, -2, 1.25, 3, -0.5
434 -> 414, -3, 0.25, 3, -1.5
434 -> 414, -5, 1.25, 3, -0.5
434 -> 414, -5, 1.75, 3, -2
434 -> 414, -2, 1.75, 1, -0.5
434 -> 414, -5, 1.75, 2, -2
435 -> 414, -4, 0.25, 2, -1.5
436 -> 414, -1, 0.25, 4, -0.5
436 -> 414, -2, 1.25, 4, -1
436 -> 414, -4, 0.75, 1, -1.5
436 -> 414, -1, 0.25, 3, -0.5
436 -> 414, -2, 0.25, 2, -2
436 -> 414, -2, 1.25, 3, -1
436 -> 414, -2, 1.25, 2, -2
437 -> 414, -2, 1.75, 5, -0.5
437 -> 414, -2, 0.75, 5, -0.5
437 -> 414, -5, 1.75, 1, -1.5
438 -> 414, -1, 0.75, 5, -1.5
438 -> 414, -5, 1.75, 5, -0.5
438 -> 414, -2, 0.75, 1, -2
438 -> 414, -3, 0.25, 1, -1
438 -> 414, -5, 1.25, 1, -1
439 -> 414, -2, 0.75, 2, -2
439 -> 414, -3, 1.25, 2, -1.5
439 -> 414, -5, 1.75, 3, -1
439 -> 414, -1, 1.25, 5, -1
440 -> 414, -5, 0.75, 2, -0.5
440 -> 414, -2, 0.75, 1, -1
440 -> 414, -4, 0.75, 2, -0.5
440 -> 414, -5, 0.25, 5, -1
441 -> 414, -2, 1.25, 2, -1
441 -> 414, -1, 0.75, 5, -0.5
441 -> 414, -1, 1.75, 3, -1.5
442 -> 414, -1, 1.75, 5, -1
442 -> 414, -1, 0.25, 1, -0.5
442 -> 414, -3, 1.25, 4, -1.5
442 -> 414, -1, 0.75, 3, -1
442 -> 414, -2, 0.25, 4, -0.5
442 -> 414, -1, 1.75, 4, -1
442 -> 414, -3, 1.25, 3, -1.5
442 -> 414, -1, 1.25, 1, -1
443 -> 414, -5, 1.25, 5, -2
443 -> 414, -5, 1.25, 4, -2
443 -> 414, -5, 1.25, 4, -1
443 -> 414, -1, 1.25, 1, -0.5
443 -> 414, -2, 1.75, 3, -1
444 -> 414, -5, 0.75, 2, -1
444 -> 414, -3, 1.25, 5, -2
444 -> 414, -3, 1.25, 5, -1.5
444 -> 414, -3, 1.25, 4, -2
444 -> 414, -3, 0.75, 2, -1
444 -> 414, -3, 1.25, 3, -2
444 -> 414, -5, 1.75, 5, -2
445 -> 414, -5, 0.75, 5, -0.5
445 -> 414, -1, 1.25, 2, -1
445 -> 414, -5, 1.25, 2, -2
445 -> 414, -2, 0.25, 3, -0.5
445 -> 414, -3, 1.75, 1, -2
445 -> 414, -2, 0.75, 5, -2
446 -> 414, -2, 1.75, 2, -1
446 -> 414, -3, 0.25, 4, -1.5
446 -> 414, -3, 0.25, 5, -1.5
446 -> 414, -5, 1.75, 4, -2
446 -> 414, -2, 1.25, 1, -0.5
447 -> 414, -3, 0.75, 1, -1.5
447 -> 414, -2, 1.25, 3, -2
447 -> 414, -3, 0.75, 2, -1.5
447 -> 414, -3, 0.75, 3, -1.5
448 -> 414, -2, 0.75, 4, -2
448 -> 414, -2, 0.75, 3, -2
448 -> 414, -1, 1.25, 4, -1
449 -> 414, -5, 0.25, 2, -1
450 -> 414, -2, 1.75, 1, -2
450 -> 414, -1, 1.25, 2, -0.5
450 -> 414, -2, 1.75, 2, -2
451 -> 414, -3, 1.75, 5, -1
451 -> 414, -2, 1.75, 1, -1
451 -> 414, -4, 0.75, 2, -1
451 -> 414, -3, 1.25, 5, -1
451 -> 414, -4, 0.75, 3, -1
451 -> 414, -4, 0.75, 1, -1
451 -> 414, -2, 0.25, 5, -0.5
451 -> 414, -2, 0.25, 1, -2
452 -> 414, -1, 0.75, 3, -0.5
453 -> 414, -2, 1.75, 3, -2
453 -> 414, -2, 0.75, 4, -1
454 -> 414, -5, 0.75, 1, -1
455 -> 414, -1, 1.75, 3, -0.5
455 -> 414, -1, 1.75, 1, -0.5
455 -> 414, -1, 1.75, 2, -0.5
455 -> 414, -5, 1.75, 2, -1.5
456 -> 414, -5, 0.25, 4, -1
456 -> 414, -5, 1.75, 4, -1.5
456 -> 414, -2, 0.25, 1, -0.5
456 -> 414, -2, 1.75, 4, -0.5
457 -> 414, -1, 1.25, 4, -1.5
457 -> 414, -4, 1.75, 5, -0.5
457 -> 414, -1, 1.25, 5, -1.5
457 -> 414, -4, 1.75, 2, -1.5
458 -> 414, -3, 0.75, 5, -1.5
458 -> 414, -1, 1.25, 3, -0.5
458 -> 414, -3, 0.75, 4, -1.5
458 -> 414, -5, 1.75, 5, -1.5
459 -> 414, -4, 1.75, 1, -1
459 -> 414, -3, 0.25, 5, -1
459 -> 414, -2, 0.25, 4, -2
459 -> 414, -2, 0.25, 3, -2
460 -> 414, -2, 0.25, 3, -1
460 -> 414, -2, 0.75, 2, -1
460 -> 414, -2, 0.25, 2, -1
460 -> 414, -5, 0.25, 1, -2
460 -> 414, -1, 0.75, 4, -1
460 -> 414, -1, 1.75, 1, -1.5
461 -> 414, -5, 1.25, 1, -1.5
461 -> 414, -1, 1.25, 2, -1.5
461 -> 414, -1, 1.25, 3, -1.5
461 -> 414, -2, 1.25, 5, -0.5
462 -> 414, -5, 1.25, 1, -0.5
463 -> 414, -3, 1.25, 1, -2
463 -> 414, -3, 1.25, 2, -2
463 -> 414, -4, 0.75, 5, -1
463 -> 414, -2, 1.75, 5, -2
463 -> 414, -4, 0.75, 4, -1
463 -> 414, -2, 1.75, 4, -2
464 -> 414, -2, 0.25, 3, -1.5
464 -> 414, -2, 0.25, 4, -1.5
465 -> 414, -4, 1.75, 2, -0.5
466 -> 414, -5, 0.75, 3, -1.5
466 -> 414, -1, 1.25, 5, -2
466 -> 414, -2, 0.25, 5, -1.5
466 -> 414, -1, 1.25, 4, -2
466 -> 414, -1, 1.25, 3, -2
467 -> 414, -3, 0.75, 5, -2
467 -> 414, -3, 0.75, 3, -2
467 -> 414, -3, 0.75, 2, -2
467 -> 414, -3, 0.75, 4, -2
467 -> 414, -5, 1.25, 3, -2
467 -> 414, -3, 0.25, 2, -0.5
467 -> 414, -2, 0.75, 4, -1.5
467 -> 414, -2, 0.75, 5, -1.5
468 -> 414, -2, 0.75, 3, -0.5
468 -> 414, -5, 1.25, 3, -1
468 -> 414, -2, 0.75, 2, -0.5
468 -> 414, -5, 0.25, 3, -1
469 -> 414, -5, 1.25, 3, -1.5
469 -> 414, -5, 1.25, 2, -1.5
469 -> 414, -5, 1.25, 4, -1.5
469 -> 414, -5, 1.25, 5, -1.5
469 -> 414, -3, 1.75, 4, -1.5
469 -> 414, -3, 1.75, 3, -1.5
469 -> 414, -3, 1.75, 5, -1.5
469 -> 414, -4, 1.75, 3, -1.5
469 -> 414, -3, 0.25, 2, -1.5
469 -> 414, -1, 0.75, 1, -1
470 -> 414, -1, 0.75, 5, -1
471 -> 414, -4, 0.25, 2, -0.5
471 -> 414, -4, 1.75, 5, -1.5
472 -> 414, -3, 0.25, 4, -0.5
472 -> 414, -3, 0.75, 3, -0.5
472 -> 414, -4, 0.25, 1, -0.5
473 -> 414, -4, 0.75, 1, -0.5
474 -> 414, -2, 1.25, 2, -1.5
474 -> 414, -2, 0.25, 4, -1
474 -> 414, -2, 1.25, 1, -1.5
475 -> 414, -1, 0.25, 1, -2
476 -> 414, -5, 1.25, 5, -0.5
476 -> 414, -2, 1.25, 1, -1
476 -> 414, -1, 1.75, 2, -2
476 -> 414, -3, 0.25, 1, -0.5
476 -> 414, -2, 0.25, 1, -1
477 -> 414, -2, 0.75, 3, -1
477 -> 414, -3, 1.25, 2, -1
477 -> 414, -1, 1.25, 1, -1.5
477 -> 414, -3, 1.25, 3, -1
477 -> 414, -3, 1.25, 4, -1
478 -> 414, -4, 0.25, 5, -1.5
478 -> 414, -3, 1.75, 5, -2
478 -> 414, -2, 0.25, 2, -0.5
478 -> 414, -3, 0.25, 1, -1.5
478 -> 414, -4, 0.25, 3, -1.5
478 -> 414, -3, 1.75, 1, -0.5
478 -> 414, -4, 0.25, 4, -1.5
478 -> 414, -2, 1.25, 4, -0.5
479 -> 414, -4, 1.25, 5, -1.5
479 -> 414, -5, 1.75, 2, -0.5
479 -> 414, -4, 1.25, 4, -1.5
479 -> 414, -1, 0.75, 2, -1
479 -> 414, -2, 1.75, 1, -1.5
479 -> 414, -4, 1.25, 3, -1.5
479 -> 414, -4, 1.25, 2, -1.5
479 -> 414, -4, 1.25, 2, -0.5
479 -> 414, -4, 1.25, 1, -0.5
479 -> 414, -4, 1.25, 1, -1.5
480 -> 414, -3, 1.75, 3, -2
480 -> 414, -2, 0.25, 2, -1.5
480 -> 414, -3, 1.75, 4, -2
480 -> 414, -2, 0.25, 1, -1.5
480 -> 414, -1, 0.75, 2, -1.5
480 -> 414, -5, 1.25, 2, -0.5
481 -> 414, -2, 0.75, 1, -0.5
481 -> 414, -4, 0.75, 3, -0.5
481 -> 414, -4, 0.75, 4, -0.5
482 -> 414, -4, 0.75, 5, -0.5
483 -> 414, -5, 1.25, 1, -2
483 -> 414, -1, 0.75, 3, -1.5
483 -> 414, -4, 0.75, 5, -1.5
483 -> 414, -4, 1.75, 2, -2
483 -> 414, -4, 1.75, 1, -2
483 -> 414, -4, 0.75, 3, -1.5
483 -> 414, -4, 0.75, 4, -1.5
484 -> 414, -1, 1.75, 1, -1
484 -> 414, -4, 0.75, 2, -1.5
484 -> 414, -1, 1.75, 2, -1
485 -> 414, -4, 1.75, 2, -1
485 -> 414, -1, 0.75, 1, -1.5
485 -> 414, -4, 1.75, 1, -0.5
486 -> 414, -2, 0.25, 5, -2
486 -> 414, -4, 0.75, 5, -2
486 -> 414, -1, 1.75, 4, -2
486 -> 414, -1, 1.75, 3, -2
487 -> 414, -2, 1.75, 4, -1
487 -> 414, -4, 1.25, 2, -1
487 -> 414, -2, 1.75, 5, -1
487 -> 414, -1, 1.75, 5, -2
487 -> 414, -4, 1.25, 3, -1
489 -> 414, -4, 0.25, 3, -2
489 -> 414, -4, 0.25, 2, -2
489 -> 414, -4, 0.25, 1, -2
490 -> 414, -2, 1.25, 5, -2
490 -> 414, -2, 1.25, 4, -2
491 -> 414, -1, 0.75, 4, -2
491 -> 414, -1, 0.75, 5, -2
493 -> 414, -2, 1.75, 5, -1.5
493 -> 414, -5, 0.25, 1, -1
493 -> 414, -3, 0.75, 1, -0.5
493 -> 414, -2, 0.75, 2, -1.5
494 -> 414, -2, 0.75, 3, -1.5
495 -> 414, -1, 0.25, 5, -1
496 -> 414, -1, 0.25, 2, -1
496 -> 414, -3, 1.75, 2, -0.5
496 -> 414, -1, 0.25, 1, -1
498 -> 414, -1, 0.25, 5, -2
498 -> 414, -1, 0.25, 3, -2
498 -> 414, -3, 0.75, 4, -0.5
498 -> 414, -3, 0.75, 5, -0.5
498 -> 414, -1, 0.25, 4, -2
499 -> 414, -1, 0.25, 2, -2
500 -> 414, -1, 1.25, 3, -1
502 -> 414, -1, 0.25, 4, -1
502 -> 414, -1, 0.25, 3, -1
503 -> 414, -5, 1.25, 5, -1
504 -> 414, -4, 1.25, 5, -2
504 -> 414, -4, 1.25, 4, -2
504 -> 414, -4, 1.25, 3, -2
504 -> 414, -4, 1.25, 1, -2
504 -> 414, -4, 1.25, 2, -2
509 -> 414, -5, 0.75, 2, -1.5
509 -> 414, -5, 0.75, 1, -1.5
509 -> 414, -5, 0.25, 5, -2
509 -> 414, -5, 0.25, 4, -2
509 -> 414, -5, 0.25, 3, -2
509 -> 414, -5, 0.25, 2, -2
510 -> 414, -2, 0.75, 1, -1.5
514 -> 414, -1, 0.25, 5, -1.5
515 -> 414, -4, 0.25, 2, -1
515 -> 414, -4, 0.25, 5, -1
515 -> 414, -4, 0.25, 4, -1
515 -> 414, -4, 0.25, 1, -1
515 -> 414, -4, 0.25, 3, -1
516 -> 414, -3, 0.75, 1, -2
518 -> 414, -1, 1.75, 4, -1.5
518 -> 414, -1, 1.75, 5, -1.5
521 -> 414, -4, 1.25, 3, -0.5
521 -> 414, -3, 0.25, 3, -0.5
523 -> 414, -3, 0.25, 2, -2
523 -> 414, -3, 0.25, 1, -2
523 -> 414, -3, 0.25, 5, -2
523 -> 414, -3, 0.25, 4, -2
523 -> 414, -3, 0.25, 3, -2
526 -> 414, -5, 1.25, 4, -0.5
527 -> 414, -4, 1.75, 4, -1.5
544 -> 414, -3, 1.25, 2, -0.5
544 -> 414, -3, 1.25, 1, -0.5
544 -> 414, -3, 1.25, 5, -0.5
544 -> 414, -3, 1.25, 4, -0.5
544 -> 414, -3, 1.25, 3, -0.5
547 -> 414, -3, 0.75, 2, -0.5
552 -> 414, -4, 1.75, 4, -0.5
552 -> 414, -2, 1.75, 3, -1.5
552 -> 414, -4, 0.25, 4, -2
552 -> 414, -4, 0.25, 5, -2
552 -> 414, -2, 1.75, 4, -1.5
552 -> 414, -2, 1.75, 2, -1.5
552 -> 414, -4, 1.75, 3, -0.5
659 -> 414, -4, 0.25, 4, -0.5
659 -> 414, -4, 0.25, 5, -0.5
