124 -> 105, -1, 1.75, 1, -2
124 -> 105, -1, 1.75, 3, -2
124 -> 105, -1, 1.75, 2, -2
311 -> 105, -5, 1.25, 2, -1.5
311 -> 105, -5, 1.25, 3, -1.5
316 -> 105, -5, 1.25, 3, -1
323 -> 105, -5, 1.75, 2, -2
325 -> 105, -5, 1.75, 5, -2
325 -> 105, -5, 1.75, 4, -2
325 -> 105, -5, 1.75, 3, -2
330 -> 105, -3, 1.25, 1, -1.5
334 -> 105, -5, 1.25, 4, -1.5
337 -> 105, -2, 1.75, 4, -1.5
337 -> 105, -5, 1.25, 5, -2
337 -> 105, -5, 1.25, 4, -2
337 -> 105, -5, 1.25, 3, -2
337 -> 105, -2, 1.75, 5, -1.5
337 -> 105, -5, 1.25, 2, -2
338 -> 105, -4, 1.75, 2, -2
338 -> 105, -4, 0.75, 4, -1.5
338 -> 105, -4, 1.75, 1, -2
340 -> 105, -4, 0.75, 4, -1
342 -> 105, -3, 1.25, 2, -1.5
342 -> 105, -5, 1.25, 1, -1
343 -> 105, -3, 1.75, 2, -2
344 -> 105, -2, 1.25, 5, -1.5
346 -> 105, -4, 1.75, 4, -1.5
347 -> 105, -2, 1.75, 2, -1.5
348 -> 105, -4, 1.25, 4, -2
348 -> 105, -2, 1.75, 3, -1.5
348 -> 105, -4, 1.25, 3, -2
349 -> 105, -5, 0.75, 1, -1
349 -> 105, -4, 1.75, 5, -1
351 -> 105, -5, 1.25, 1, -2
351 -> 105, -5, 1.75, 2, -1.5
351 -> 105, -5, 1.75, 1, -2
352 -> 105, -4, 1.75, 4, -2
352 -> 105, -4, 0.75, 1, -1
353 -> 105, -2, 1.75, 1, -0.5
353 -> 105, -4, 0.75, 5, -1
355 -> 105, -5, 1.25, 5, -1.5
356 -> 105, -5, 1.75, 5, -1.5
356 -> 105, -1, 0.75, 1, -0.5
356 -> 105, -5, 1.75, 3, -1.5
356 -> 105, -3, 1.75, 5, -2
359 -> 105, -3, 0.75, 4, -1
359 -> 105, -4, 1.75, 3, -1.5
359 -> 105, -3, 0.75, 5, -1
360 -> 105, -1, 1.25, 1, -0.5
361 -> 105, -4, 1.25, 3, -1
362 -> 105, -4, 1.25, 5, -2
362 -> 105, -4, 0.75, 2, -1.5
363 -> 105, -4, 1.25, 2, -1.5
363 -> 105, -5, 0.25, 3, -0.5
363 -> 105, -4, 1.25, 3, -1.5
364 -> 105, -4, 1.75, 3, -2
364 -> 105, -4, 1.75, 2, -1.5
364 -> 105, -5, 1.75, 4, -1.5
366 -> 105, -4, 0.75, 3, -1.5
366 -> 105, -5, 0.75, 3, -1.5
367 -> 105, -5, 0.25, 5, -2
368 -> 105, -5, 0.75, 2, -1.5
368 -> 105, -3, 1.25, 5, -1
369 -> 105, -4, 0.75, 2, -2
369 -> 105, -4, 1.75, 1, -1.5
369 -> 105, -2, 0.75, 3, -1
369 -> 105, -2, 0.75, 4, -1
369 -> 105, -3, 1.25, 4, -0.5
371 -> 105, -4, 1.25, 2, -2
371 -> 105, -3, 1.75, 3, -2
371 -> 105, -3, 1.75, 5, -1
372 -> 105, -2, 1.75, 2, -0.5
373 -> 105, -5, 1.25, 5, -1
374 -> 105, -5, 1.25, 1, -1.5
374 -> 105, -4, 1.75, 5, -1.5
374 -> 105, -4, 0.75, 3, -2
374 -> 105, -2, 1.25, 1, -0.5
374 -> 105, -4, 0.75, 4, -2
376 -> 105, -4, 0.75, 5, -2
377 -> 105, -4, 1.75, 1, -1
378 -> 105, -2, 0.75, 3, -2
378 -> 105, -3, 0.75, 3, -1
379 -> 105, -3, 1.25, 5, -1.5
379 -> 105, -2, 1.25, 3, -2
380 -> 105, -2, 0.75, 5, -1
381 -> 105, -2, 1.25, 5, -2
381 -> 105, -2, 1.25, 2, -0.5
381 -> 105, -4, 0.75, 2, -1
381 -> 105, -5, 0.75, 2, -2
382 -> 105, -3, 1.25, 4, -1.5
383 -> 105, -5, 0.25, 4, -2
383 -> 105, -4, 0.75, 3, -1
383 -> 105, -4, 0.75, 1, -2
383 -> 105, -5, 0.75, 4, -1.5
383 -> 105, -5, 0.75, 5, -1.5
383 -> 105, -5, 0.75, 2, -1
383 -> 105, -5, 0.25, 2, -0.5
384 -> 105, -1, 1.75, 4, -0.5
384 -> 105, -3, 1.75, 3, -1
384 -> 105, -2, 1.25, 1, -1.5
384 -> 105, -2, 0.75, 5, -1.5
384 -> 105, -3, 0.75, 1, -1
386 -> 105, -4, 0.75, 5, -1.5
386 -> 105, -5, 0.25, 3, -1
386 -> 105, -5, 0.25, 4, -1
386 -> 105, -5, 0.25, 5, -1
386 -> 105, -5, 0.25, 2, -1
387 -> 105, -2, 0.75, 5, -0.5
387 -> 105, -3, 1.75, 2, -1.5
388 -> 105, -4, 1.25, 1, -2
388 -> 105, -3, 1.75, 4, -2
388 -> 105, -2, 1.75, 5, -2
389 -> 105, -3, 1.25, 5, -2
390 -> 105, -4, 1.25, 1, -1.5
391 -> 105, -1, 1.75, 2, -0.5
391 -> 105, -5, 1.25, 2, -1
392 -> 105, -3, 1.25, 3, -1.5
392 -> 105, -5, 0.75, 3, -2
392 -> 105, -4, 1.75, 3, -1
392 -> 105, -4, 1.75, 4, -1
393 -> 105, -4, 1.25, 5, -1
393 -> 105, -2, 1.75, 4, -2
393 -> 105, -2, 1.75, 3, -2
393 -> 105, -4, 1.25, 4, -1
393 -> 105, -2, 1.75, 2, -2
393 -> 105, -5, 1.75, 1, -1.5
393 -> 105, -1, 1.75, 3, -0.5
394 -> 105, -3, 1.75, 5, -1.5
394 -> 105, -4, 1.25, 5, -1.5
395 -> 105, -4, 1.75, 3, -0.5
395 -> 105, -4, 1.75, 4, -0.5
395 -> 105, -1, 0.75, 2, -0.5
395 -> 105, -5, 0.25, 5, -1.5
396 -> 105, -3, 1.25, 3, -2
396 -> 105, -5, 0.25, 4, -1.5
396 -> 105, -5, 0.25, 3, -1.5
396 -> 105, -4, 1.25, 4, -1.5
396 -> 105, -2, 1.75, 1, -1.5
397 -> 105, -1, 0.75, 3, -1
397 -> 105, -2, 0.75, 2, -1.5
397 -> 105, -2, 1.25, 4, -2
398 -> 105, -3, 1.25, 2, -1
398 -> 105, -4, 1.75, 2, -0.5
398 -> 105, -3, 0.75, 4, -2
398 -> 105, -5, 0.25, 1, -1.5
398 -> 105, -5, 0.25, 2, -1.5
399 -> 105, -2, 0.75, 1, -2
400 -> 105, -2, 1.25, 2, -2
400 -> 105, -1, 0.75, 5, -2
400 -> 105, -1, 0.75, 5, -1.5
400 -> 105, -3, 1.25, 3, -1
401 -> 105, -2, 1.75, 1, -2
401 -> 105, -1, 1.75, 1, -1.5
401 -> 105, -4, 1.75, 5, -2
402 -> 105, -3, 1.75, 2, -1
402 -> 105, -5, 1.25, 4, -1
403 -> 105, -1, 0.75, 4, -1.5
404 -> 105, -3, 0.75, 2, -1
404 -> 105, -3, 0.25, 3, -1
404 -> 105, -3, 1.25, 1, -1
404 -> 105, -1, 1.75, 2, -1
404 -> 105, -2, 0.75, 4, -2
405 -> 105, -2, 1.25, 2, -1.5
405 -> 105, -1, 0.75, 2, -1.5
405 -> 105, -4, 0.75, 1, -1.5
405 -> 105, -4, 0.25, 3, -0.5
407 -> 105, -1, 0.25, 1, -2
407 -> 105, -3, 1.25, 4, -1
407 -> 105, -5, 0.75, 1, -1.5
407 -> 105, -2, 1.25, 3, -1.5
407 -> 105, -1, 0.75, 1, -2
407 -> 105, -3, 1.75, 4, -1.5
408 -> 105, -2, 0.75, 1, -1.5
408 -> 105, -3, 0.75, 1, -2
408 -> 105, -1, 0.75, 5, -0.5
408 -> 105, -1, 0.75, 3, -0.5
408 -> 105, -3, 0.75, 2, -2
408 -> 105, -1, 0.75, 4, -0.5
409 -> 105, -3, 1.75, 1, -2
409 -> 105, -4, 0.25, 4, -0.5
409 -> 105, -2, 0.75, 1, -1
410 -> 105, -5, 0.75, 5, -1
410 -> 105, -4, 1.75, 2, -1
410 -> 105, -5, 0.75, 3, -1
410 -> 105, -4, 0.25, 5, -0.5
410 -> 105, -5, 0.75, 4, -1
411 -> 105, -3, 1.25, 5, -0.5
411 -> 105, -1, 1.25, 5, -2
412 -> 105, -3, 0.75, 1, -1.5
412 -> 105, -3, 0.75, 5, -1.5
412 -> 105, -3, 0.75, 2, -1.5
413 -> 105, -3, 0.75, 3, -2
414 -> 105, -3, 1.75, 4, -1
415 -> 105, -1, 1.75, 3, -1.5
416 -> 105, -1, 0.75, 4, -2
416 -> 105, -1, 0.75, 3, -1.5
416 -> 105, -3, 0.75, 4, -1.5
416 -> 105, -2, 0.75, 5, -2
416 -> 105, -1, 0.75, 1, -1
416 -> 105, -3, 1.75, 1, -1.5
419 -> 105, -3, 1.75, 1, -1
419 -> 105, -1, 0.75, 2, -2
419 -> 105, -1, 1.25, 2, -0.5
419 -> 105, -1, 1.25, 3, -0.5
419 -> 105, -1, 0.75, 3, -2
420 -> 105, -2, 0.75, 3, -1.5
420 -> 105, -2, 1.75, 5, -0.5
420 -> 105, -3, 1.75, 3, -1.5
420 -> 105, -2, 1.75, 3, -0.5
420 -> 105, -2, 1.75, 4, -0.5
421 -> 105, -5, 0.25, 1, -1
421 -> 105, -5, 1.75, 4, -1
421 -> 105, -3, 1.25, 4, -2
421 -> 105, -2, 0.25, 5, -1.5
422 -> 105, -1, 1.25, 1, -2
422 -> 105, -1, 1.75, 3, -1
422 -> 105, -1, 1.25, 4, -2
423 -> 105, -3, 0.75, 5, -2
423 -> 105, -2, 0.75, 2, -2
423 -> 105, -1, 1.75, 4, -2
424 -> 105, -2, 1.25, 5, -1
424 -> 105, -3, 1.25, 1, -2
425 -> 105, -3, 1.25, 2, -2
425 -> 105, -5, 0.25, 1, -2
425 -> 105, -1, 1.75, 1, -0.5
425 -> 105, -5, 0.25, 2, -2
425 -> 105, -5, 0.25, 3, -2
426 -> 105, -1, 1.25, 1, -1.5
426 -> 105, -1, 1.75, 5, -2
427 -> 105, -2, 1.25, 4, -1
427 -> 105, -1, 1.25, 2, -1.5
427 -> 105, -2, 0.75, 2, -0.5
428 -> 105, -2, 1.25, 1, -2
430 -> 105, -1, 0.25, 4, -2
430 -> 105, -3, 0.25, 1, -1
430 -> 105, -1, 1.75, 5, -1.5
430 -> 105, -1, 1.75, 4, -1.5
431 -> 105, -3, 0.25, 5, -1.5
431 -> 105, -1, 1.25, 5, -1.5
431 -> 105, -1, 0.25, 5, -1.5
432 -> 105, -3, 0.25, 2, -1
432 -> 105, -1, 1.25, 5, -0.5
432 -> 105, -1, 1.25, 2, -2
432 -> 105, -1, 0.75, 2, -1
432 -> 105, -1, 0.25, 5, -2
433 -> 105, -1, 0.25, 3, -2
433 -> 105, -1, 0.25, 2, -2
434 -> 105, -3, 0.75, 3, -0.5
434 -> 105, -3, 0.75, 3, -1.5
434 -> 105, -1, 0.75, 1, -1.5
435 -> 105, -3, 0.25, 1, -1.5
435 -> 105, -3, 0.25, 2, -1.5
435 -> 105, -3, 0.25, 3, -1.5
435 -> 105, -1, 1.25, 4, -0.5
436 -> 105, -2, 0.75, 4, -1.5
438 -> 105, -3, 0.25, 4, -1.5
438 -> 105, -3, 0.75, 2, -0.5
439 -> 105, -2, 0.25, 1, -2
439 -> 105, -3, 0.25, 3, -0.5
439 -> 105, -2, 0.25, 4, -2
439 -> 105, -2, 0.25, 5, -2
439 -> 105, -2, 0.25, 3, -2
439 -> 105, -5, 0.75, 1, -2
439 -> 105, -2, 0.25, 2, -2
440 -> 105, -1, 0.25, 1, -1.5
440 -> 105, -3, 0.25, 5, -0.5
440 -> 105, -1, 0.75, 5, -1
441 -> 105, -3, 0.25, 2, -2
441 -> 105, -2, 1.25, 4, -1.5
441 -> 105, -3, 0.25, 1, -2
441 -> 105, -3, 0.25, 3, -2
442 -> 105, -2, 1.25, 3, -1
444 -> 105, -3, 0.25, 5, -1
444 -> 105, -3, 0.25, 4, -1
444 -> 105, -2, 0.75, 2, -1
445 -> 105, -1, 0.25, 2, -1.5
446 -> 105, -1, 1.75, 2, -1.5
447 -> 105, -4, 1.25, 2, -0.5
448 -> 105, -3, 0.75, 4, -0.5
449 -> 105, -1, 0.25, 4, -1.5
449 -> 105, -4, 1.25, 3, -0.5
449 -> 105, -1, 0.25, 3, -1.5
449 -> 105, -4, 1.25, 4, -0.5
454 -> 105, -1, 1.25, 3, -1.5
455 -> 105, -2, 0.75, 3, -0.5
455 -> 105, -2, 0.75, 4, -0.5
455 -> 105, -5, 1.75, 5, -1
456 -> 105, -1, 1.25, 4, -1.5
457 -> 105, -2, 0.25, 2, -1.5
457 -> 105, -2, 0.25, 1, -1.5
457 -> 105, -1, 1.25, 1, -1
457 -> 105, -5, 1.25, 5, -0.5
457 -> 105, -2, 0.25, 3, -1.5
457 -> 105, -2, 0.25, 4, -1.5
458 -> 105, -1, 1.75, 5, -0.5
460 -> 105, -4, 0.25, 1, -1
460 -> 105, -4, 0.25, 3, -1
460 -> 105, -4, 0.25, 2, -1
461 -> 105, -4, 1.75, 1, -0.5
463 -> 105, -1, 0.25, 4, -0.5
463 -> 105, -4, 1.75, 5, -0.5
463 -> 105, -1, 0.25, 5, -0.5
465 -> 105, -1, 0.25, 3, -0.5
465 -> 105, -1, 1.75, 1, -1
465 -> 105, -3, 0.25, 5, -2
465 -> 105, -3, 0.25, 4, -2
467 -> 105, -1, 0.75, 4, -1
468 -> 105, -1, 1.75, 5, -1
468 -> 105, -2, 0.25, 1, -0.5
468 -> 105, -1, 1.75, 4, -1
468 -> 105, -5, 0.25, 4, -0.5
468 -> 105, -5, 0.25, 5, -0.5
470 -> 105, -1, 1.25, 4, -1
470 -> 105, -1, 1.25, 2, -1
470 -> 105, -1, 1.25, 5, -1
470 -> 105, -1, 1.25, 3, -1
471 -> 105, -3, 0.25, 2, -0.5
473 -> 105, -5, 1.75, 3, -1
473 -> 105, -5, 1.75, 2, -1
473 -> 105, -3, 0.25, 4, -0.5
473 -> 105, -2, 1.75, 3, -1
473 -> 105, -5, 1.75, 1, -1
473 -> 105, -2, 1.75, 5, -1
473 -> 105, -2, 1.75, 1, -1
473 -> 105, -2, 1.75, 2, -1
473 -> 105, -2, 1.75, 4, -1
474 -> 105, -5, 0.75, 5, -2
474 -> 105, -5, 0.75, 4, -2
475 -> 105, -1, 1.25, 3, -2
478 -> 105, -1, 0.25, 2, -0.5
479 -> 105, -5, 1.75, 3, -0.5
479 -> 105, -5, 1.75, 4, -0.5
482 -> 105, -4, 0.25, 2, -2
482 -> 105, -4, 0.25, 1, -2
482 -> 105, -4, 0.25, 3, -2
482 -> 105, -4, 0.25, 5, -2
482 -> 105, -4, 0.25, 4, -2
485 -> 105, -1, 0.25, 1, -0.5
487 -> 105, -1, 0.25, 1, -1
487 -> 105, -1, 0.25, 2, -1
487 -> 105, -1, 0.25, 3, -1
487 -> 105, -1, 0.25, 4, -1
487 -> 105, -1, 0.25, 5, -1
490 -> 105, -3, 0.75, 1, -0.5
493 -> 105, -3, 1.75, 5, -0.5
493 -> 105, -3, 1.75, 4, -0.5
494 -> 105, -3, 0.25, 1, -0.5
494 -> 105, -5, 0.75, 5, -0.5
501 -> 105, -2, 0.25, 2, -1
501 -> 105, -2, 0.25, 4, -1
501 -> 105, -2, 0.25, 5, -1
501 -> 105, -2, 0.25, 1, -1
501 -> 105, -2, 0.25, 3, -1
502 -> 105, -2, 0.75, 1, -0.5
506 -> 105, -2, 0.25, 5, -0.5
506 -> 105, -2, 0.25, 3, -0.5
506 -> 105, -2, 0.25, 2, -0.5
506 -> 105, -2, 0.25, 4, -0.5
507 -> 105, -4, 1.25, 1, -1
507 -> 105, -4, 1.25, 2, -1
509 -> 105, -5, 1.25, 2, -0.5
509 -> 105, -5, 1.25, 1, -0.5
511 -> 105, -4, 0.25, 5, -1.5
511 -> 105, -2, 1.25, 1, -1
511 -> 105, -4, 0.25, 2, -1.5
511 -> 105, -4, 0.25, 1, -1.5
511 -> 105, -4, 0.25, 3, -1.5
511 -> 105, -4, 0.25, 4, -1.5
511 -> 105, -2, 1.25, 2, -1
516 -> 105, -3, 1.75, 1, -0.5
516 -> 105, -3, 1.75, 2, -0.5
516 -> 105, -3, 1.75, 3, -0.5
517 -> 105, -2, 1.25, 4, -0.5
517 -> 105, -2, 1.25, 3, -0.5
517 -> 105, -2, 1.25, 5, -0.5
523 -> 105, -3, 0.75, 5, -0.5
535 -> 105, -4, 0.25, 5, -1
536 -> 105, -4, 0.25, 4, -1
539 -> 105, -4, 0.25, 2, -0.5
547 -> 105, -3, 1.25, 2, -0.5
547 -> 105, -3, 1.25, 3, -0.5
548 -> 105, -3, 1.25, 1, -0.5
555 -> 105, -4, 0.25, 1, -0.5
557 -> 105, -4, 0.75, 4, -0.5
557 -> 105, -4, 0.75, 5, -0.5
559 -> 105, -5, 1.25, 4, -0.5
561 -> 105, -5, 1.25, 3, -0.5
563 -> 105, -4, 0.75, 3, -0.5
566 -> 105, -4, 0.75, 1, -0.5
573 -> 105, -5, 1.75, 2, -0.5
573 -> 105, -5, 1.75, 1, -0.5
574 -> 105, -4, 0.75, 2, -0.5
576 -> 105, -5, 0.25, 1, -0.5
579 -> 105, -5, 0.75, 1, -0.5
589 -> 105, -4, 1.25, 1, -0.5
597 -> 105, -5, 0.75, 2, -0.5
597 -> 105, -5, 0.75, 3, -0.5
597 -> 105, -5, 0.75, 4, -0.5
603 -> 105, -4, 1.25, 5, -0.5
694 -> 105, -5, 1.75, 5, -0.5
