339 -> 266, -5, 1.25, 3, -0.5
345 -> 266, -5, 1.25, 2, -0.5
364 -> 266, -2, 1.25, 1, -0.5
366 -> 266, -5, 1.75, 5, -2
366 -> 266, -3, 1.25, 3, -1.5
368 -> 266, -2, 1.75, 5, -0.5
369 -> 266, -3, 0.75, 5, -0.5
369 -> 266, -5, 1.75, 3, -2
369 -> 266, -5, 1.75, 2, -2
371 -> 266, -1, 1.25, 5, -1
371 -> 266, -1, 0.75, 1, -1
373 -> 266, -4, 0.75, 3, -0.5
375 -> 266, -3, 1.75, 4, -0.5
375 -> 266, -1, 1.25, 1, -0.5
377 -> 266, -4, 1.75, 3, -2
377 -> 266, -4, 1.75, 2, -2
377 -> 266, -4, 1.75, 4, -2
379 -> 266, -2, 1.25, 2, -0.5
381 -> 266, -5, 0.75, 4, -1
382 -> 266, -5, 1.75, 4, -2
386 -> 266, -3, 1.75, 1, -0.5
386 -> 266, -5, 0.75, 2, -1
386 -> 266, -4, 1.25, 5, -2
386 -> 266, -3, 0.75, 3, -0.5
387 -> 266, -2, 0.75, 1, -0.5
387 -> 266, -1, 1.75, 5, -1
387 -> 266, -3, 1.25, 4, -1.5
388 -> 266, -5, 0.25, 2, -0.5
389 -> 266, -3, 0.25, 2, -2
389 -> 266, -3, 0.25, 1, -2
391 -> 266, -4, 1.25, 1, -0.5
391 -> 266, -1, 0.75, 5, -0.5
393 -> 266, -3, 1.75, 5, -1
393 -> 266, -3, 1.25, 2, -0.5
394 -> 266, -5, 1.25, 5, -1.5
394 -> 266, -1, 1.25, 4, -1
394 -> 266, -1, 1.75, 1, -1
395 -> 266, -1, 1.75, 2, -1
395 -> 266, -2, 1.75, 2, -1.5
395 -> 266, -1, 1.75, 1, -0.5
395 -> 266, -3, 1.25, 5, -1.5
397 -> 266, -4, 1.75, 5, -2
397 -> 266, -1, 0.75, 4, -0.5
397 -> 266, -1, 0.75, 3, -0.5
397 -> 266, -2, 1.25, 5, -2
397 -> 266, -1, 0.75, 2, -0.5
398 -> 266, -2, 1.75, 1, -1
398 -> 266, -1, 1.25, 4, -1.5
399 -> 266, -2, 0.75, 3, -1
399 -> 266, -4, 1.25, 5, -1
400 -> 266, -1, 1.75, 5, -1.5
400 -> 266, -2, 0.75, 4, -0.5
401 -> 266, -5, 1.75, 5, -1.5
401 -> 266, -2, 0.75, 4, -1
401 -> 266, -5, 0.75, 3, -1
401 -> 266, -5, 1.75, 4, -1.5
402 -> 266, -4, 0.75, 5, -0.5
403 -> 266, -1, 0.75, 1, -0.5
403 -> 266, -3, 0.75, 4, -0.5
404 -> 266, -2, 1.75, 4, -1
404 -> 266, -2, 1.75, 5, -1
405 -> 266, -1, 1.75, 2, -1.5
406 -> 266, -2, 1.25, 3, -1
406 -> 266, -1, 1.25, 2, -1.5
408 -> 266, -3, 0.75, 3, -1
409 -> 266, -4, 1.75, 4, -0.5
411 -> 266, -2, 1.25, 4, -1
411 -> 266, -4, 1.25, 4, -1.5
411 -> 266, -5, 1.25, 4, -1.5
412 -> 266, -2, 0.75, 2, -1
412 -> 266, -4, 1.25, 3, -1.5
412 -> 266, -5, 1.75, 5, -0.5
412 -> 266, -5, 1.75, 2, -1.5
413 -> 266, -1, 1.25, 2, -1
414 -> 266, -3, 1.25, 1, -1.5
417 -> 266, -3, 1.75, 5, -0.5
417 -> 266, -5, 1.75, 3, -1.5
417 -> 266, -3, 1.25, 4, -0.5
417 -> 266, -3, 1.25, 3, -0.5
417 -> 266, -1, 1.75, 3, -0.5
418 -> 266, -2, 1.75, 4, -0.5
418 -> 266, -2, 1.75, 5, -2
418 -> 266, -5, 1.75, 5, -1
418 -> 266, -2, 1.75, 3, -2
418 -> 266, -2, 1.75, 4, -2
419 -> 266, -5, 1.75, 4, -1
419 -> 266, -1, 0.75, 5, -1
419 -> 266, -5, 1.75, 3, -1
420 -> 266, -5, 0.75, 4, -2
420 -> 266, -2, 1.75, 1, -0.5
420 -> 266, -1, 1.75, 2, -0.5
420 -> 266, -4, 0.75, 2, -0.5
421 -> 266, -1, 1.75, 1, -2
421 -> 266, -5, 0.75, 3, -2
422 -> 266, -3, 0.25, 4, -2
422 -> 266, -3, 0.25, 3, -2
424 -> 266, -2, 0.75, 5, -1
424 -> 266, -1, 1.25, 3, -1
425 -> 266, -1, 1.75, 4, -1.5
425 -> 266, -2, 1.25, 2, -1.5
426 -> 266, -1, 1.75, 4, -2
426 -> 266, -1, 1.75, 3, -2
426 -> 266, -5, 1.75, 2, -1
426 -> 266, -1, 1.75, 5, -2
426 -> 266, -3, 1.75, 2, -0.5
426 -> 266, -3, 1.75, 3, -0.5
426 -> 266, -4, 1.25, 3, -0.5
427 -> 266, -5, 0.75, 4, -1.5
427 -> 266, -5, 0.75, 3, -1.5
427 -> 266, -5, 0.75, 2, -1.5
427 -> 266, -3, 0.75, 2, -1
427 -> 266, -5, 0.75, 5, -1.5
428 -> 266, -1, 0.75, 4, -1
428 -> 266, -2, 0.25, 4, -1
428 -> 266, -1, 0.75, 3, -1
428 -> 266, -2, 0.25, 5, -1
429 -> 266, -3, 1.75, 5, -1.5
429 -> 266, -4, 1.75, 5, -0.5
430 -> 266, -3, 1.75, 4, -1
430 -> 266, -3, 0.25, 2, -0.5
431 -> 266, -4, 1.25, 2, -1
431 -> 266, -2, 1.75, 3, -1
431 -> 266, -3, 1.25, 1, -0.5
431 -> 266, -3, 0.25, 5, -2
432 -> 266, -1, 1.75, 5, -0.5
432 -> 266, -2, 0.75, 3, -0.5
432 -> 266, -2, 0.75, 2, -0.5
432 -> 266, -2, 1.75, 1, -1.5
432 -> 266, -1, 1.75, 2, -2
432 -> 266, -2, 1.75, 2, -1
433 -> 266, -3, 1.25, 1, -1
433 -> 266, -5, 1.75, 1, -2
433 -> 266, -3, 1.25, 2, -1
434 -> 266, -2, 0.25, 2, -1
434 -> 266, -4, 0.75, 4, -1
434 -> 266, -2, 0.25, 3, -1
434 -> 266, -1, 1.25, 3, -1.5
434 -> 266, -2, 0.25, 1, -1
435 -> 266, -1, 1.25, 5, -1.5
435 -> 266, -5, 1.75, 1, -1.5
436 -> 266, -2, 1.25, 2, -1
436 -> 266, -2, 0.25, 1, -1.5
436 -> 266, -2, 1.25, 1, -1
438 -> 266, -5, 1.25, 3, -1.5
438 -> 266, -2, 0.25, 4, -1.5
438 -> 266, -5, 1.25, 2, -1.5
438 -> 266, -2, 0.25, 3, -1.5
438 -> 266, -4, 1.75, 4, -1
438 -> 266, -5, 1.75, 3, -0.5
438 -> 266, -2, 1.25, 5, -1
438 -> 266, -1, 1.25, 1, -1.5
438 -> 266, -4, 1.75, 5, -1
438 -> 266, -4, 1.75, 3, -1
438 -> 266, -4, 1.75, 2, -1
438 -> 266, -4, 1.75, 1, -1
438 -> 266, -1, 0.75, 1, -1.5
439 -> 266, -3, 0.75, 1, -0.5
439 -> 266, -3, 0.75, 2, -0.5
439 -> 266, -5, 0.25, 1, -0.5
439 -> 266, -5, 0.25, 3, -0.5
439 -> 266, -1, 1.25, 5, -0.5
440 -> 266, -1, 1.25, 1, -1
441 -> 266, -3, 1.25, 2, -1.5
441 -> 266, -4, 0.25, 3, -1.5
441 -> 266, -4, 0.25, 2, -1.5
441 -> 266, -4, 0.25, 1, -1.5
441 -> 266, -3, 1.75, 4, -1.5
441 -> 266, -3, 1.75, 3, -1.5
441 -> 266, -2, 1.25, 5, -1.5
442 -> 266, -2, 1.25, 3, -1.5
442 -> 266, -2, 1.25, 4, -1.5
442 -> 266, -4, 0.75, 3, -2
444 -> 266, -1, 1.25, 2, -0.5
444 -> 266, -1, 1.25, 3, -2
444 -> 266, -1, 1.75, 3, -1.5
444 -> 266, -3, 0.25, 3, -0.5
444 -> 266, -2, 0.25, 2, -1.5
444 -> 266, -1, 1.25, 4, -0.5
444 -> 266, -1, 1.25, 3, -0.5
444 -> 266, -1, 0.75, 2, -1
445 -> 266, -2, 1.25, 1, -1.5
445 -> 266, -5, 0.25, 1, -2
445 -> 266, -5, 0.25, 3, -2
445 -> 266, -5, 0.25, 4, -2
445 -> 266, -5, 0.25, 2, -2
446 -> 266, -2, 0.75, 3, -2
446 -> 266, -2, 0.75, 5, -0.5
446 -> 266, -2, 0.75, 2, -2
447 -> 266, -5, 0.25, 5, -2
447 -> 266, -3, 1.75, 2, -1
447 -> 266, -3, 1.75, 3, -1
448 -> 266, -4, 1.25, 2, -0.5
448 -> 266, -2, 1.75, 1, -2
448 -> 266, -2, 1.75, 2, -2
449 -> 266, -5, 0.75, 2, -2
450 -> 266, -4, 0.75, 3, -1
450 -> 266, -4, 1.25, 4, -1
451 -> 266, -2, 0.75, 1, -1
452 -> 266, -2, 0.25, 5, -2
452 -> 266, -2, 0.25, 4, -2
452 -> 266, -2, 0.75, 4, -2
452 -> 266, -4, 0.75, 4, -0.5
452 -> 266, -2, 0.25, 3, -2
452 -> 266, -4, 0.25, 4, -1.5
453 -> 266, -1, 1.75, 3, -1
453 -> 266, -5, 1.75, 1, -1
453 -> 266, -1, 1.75, 4, -1
454 -> 266, -4, 1.75, 2, -1.5
454 -> 266, -4, 1.75, 1, -2
454 -> 266, -4, 1.75, 1, -1.5
455 -> 266, -3, 1.75, 1, -1
455 -> 266, -2, 1.25, 4, -2
455 -> 266, -2, 1.25, 2, -2
455 -> 266, -4, 1.25, 5, -1.5
455 -> 266, -3, 0.75, 1, -1.5
455 -> 266, -2, 1.25, 3, -2
456 -> 266, -4, 0.75, 5, -1
457 -> 266, -4, 0.75, 2, -1
458 -> 266, -5, 0.75, 1, -2
458 -> 266, -2, 1.25, 1, -2
458 -> 266, -1, 1.25, 4, -2
459 -> 266, -1, 1.25, 5, -2
460 -> 266, -4, 0.75, 4, -2
460 -> 266, -2, 0.75, 5, -2
461 -> 266, -1, 1.75, 4, -0.5
462 -> 266, -1, 1.75, 1, -1.5
462 -> 266, -2, 0.25, 5, -1.5
462 -> 266, -2, 1.25, 5, -0.5
462 -> 266, -2, 1.25, 4, -0.5
462 -> 266, -2, 1.25, 3, -0.5
463 -> 266, -5, 1.25, 5, -1
463 -> 266, -2, 0.25, 2, -2
463 -> 266, -2, 0.25, 1, -2
464 -> 266, -2, 0.25, 4, -0.5
465 -> 266, -5, 0.75, 5, -2
465 -> 266, -2, 1.75, 5, -1.5
465 -> 266, -2, 1.75, 2, -0.5
465 -> 266, -2, 1.75, 3, -1.5
465 -> 266, -2, 1.75, 4, -1.5
465 -> 266, -4, 0.25, 2, -0.5
465 -> 266, -4, 0.25, 1, -2
465 -> 266, -4, 0.25, 1, -0.5
466 -> 266, -2, 1.75, 3, -0.5
466 -> 266, -3, 1.75, 2, -2
466 -> 266, -3, 1.75, 4, -2
466 -> 266, -3, 1.75, 3, -2
466 -> 266, -3, 1.75, 5, -2
467 -> 266, -5, 1.75, 1, -0.5
467 -> 266, -1, 0.75, 5, -1.5
468 -> 266, -1, 0.75, 4, -2
468 -> 266, -1, 0.75, 2, -2
468 -> 266, -1, 0.75, 3, -2
468 -> 266, -1, 0.75, 1, -2
468 -> 266, -1, 0.75, 5, -2
469 -> 266, -4, 1.25, 3, -2
469 -> 266, -4, 1.25, 2, -2
469 -> 266, -4, 1.25, 4, -2
469 -> 266, -4, 1.25, 1, -1
470 -> 266, -4, 1.75, 3, -0.5
470 -> 266, -3, 1.75, 1, -2
470 -> 266, -4, 1.25, 4, -0.5
470 -> 266, -4, 1.25, 5, -0.5
470 -> 266, -4, 0.25, 2, -2
471 -> 266, -4, 1.25, 1, -2
472 -> 266, -2, 0.75, 2, -1.5
472 -> 266, -2, 0.25, 5, -0.5
472 -> 266, -1, 0.25, 4, -1.5
472 -> 266, -2, 0.75, 3, -1.5
472 -> 266, -3, 0.75, 5, -1
472 -> 266, -2, 0.75, 1, -1.5
473 -> 266, -1, 0.25, 5, -1.5
474 -> 266, -3, 0.25, 4, -0.5
474 -> 266, -4, 0.25, 5, -2
474 -> 266, -4, 0.25, 4, -2
474 -> 266, -4, 0.25, 3, -2
474 -> 266, -2, 0.75, 1, -2
474 -> 266, -3, 0.25, 1, -1
475 -> 266, -4, 0.25, 4, -0.5
475 -> 266, -4, 0.25, 3, -0.5
475 -> 266, -4, 0.25, 5, -0.5
476 -> 266, -1, 0.25, 2, -1.5
477 -> 266, -1, 0.75, 2, -1.5
477 -> 266, -1, 0.25, 1, -1
479 -> 266, -3, 1.25, 5, -0.5
479 -> 266, -5, 0.75, 1, -1
479 -> 266, -1, 0.25, 3, -1.5
479 -> 266, -4, 0.25, 4, -1
479 -> 266, -4, 0.25, 5, -1
480 -> 266, -2, 0.25, 2, -0.5
481 -> 266, -5, 1.75, 2, -0.5
481 -> 266, -1, 0.25, 5, -2
481 -> 266, -3, 0.75, 4, -1
482 -> 266, -4, 0.75, 1, -1.5
482 -> 266, -4, 0.75, 3, -1.5
482 -> 266, -4, 0.75, 2, -1.5
482 -> 266, -4, 0.75, 4, -1.5
482 -> 266, -4, 0.75, 5, -1.5
483 -> 266, -4, 0.25, 1, -1
483 -> 266, -2, 0.75, 4, -1.5
483 -> 266, -5, 0.75, 1, -1.5
483 -> 266, -4, 0.25, 5, -1.5
484 -> 266, -5, 1.25, 4, -1
484 -> 266, -4, 0.25, 3, -1
484 -> 266, -2, 0.75, 5, -1.5
484 -> 266, -5, 1.25, 3, -1
484 -> 266, -4, 1.25, 3, -1
484 -> 266, -2, 0.25, 3, -0.5
485 -> 266, -2, 0.25, 1, -0.5
486 -> 266, -3, 1.75, 1, -1.5
486 -> 266, -3, 1.75, 2, -1.5
486 -> 266, -5, 0.25, 1, -1
487 -> 266, -4, 1.25, 2, -1.5
487 -> 266, -4, 1.25, 1, -1.5
488 -> 266, -1, 0.25, 4, -1
488 -> 266, -1, 0.25, 2, -1
488 -> 266, -1, 0.25, 5, -1
489 -> 266, -1, 0.25, 1, -0.5
489 -> 266, -1, 0.25, 3, -0.5
489 -> 266, -1, 0.25, 5, -0.5
489 -> 266, -1, 0.25, 2, -0.5
489 -> 266, -3, 0.75, 1, -2
489 -> 266, -1, 0.25, 4, -0.5
491 -> 266, -1, 1.25, 1, -2
491 -> 266, -1, 1.25, 2, -2
492 -> 266, -3, 0.25, 5, -1.5
492 -> 266, -3, 0.25, 5, -1
492 -> 266, -3, 0.25, 4, -1
492 -> 266, -3, 0.25, 3, -1
492 -> 266, -3, 0.25, 2, -1
493 -> 266, -4, 0.75, 2, -2
493 -> 266, -4, 0.75, 1, -2
493 -> 266, -1, 0.25, 3, -1
494 -> 266, -1, 0.75, 3, -1.5
494 -> 266, -1, 0.75, 4, -1.5
497 -> 266, -3, 0.25, 1, -0.5
499 -> 266, -1, 0.25, 1, -1.5
503 -> 266, -5, 1.25, 1, -1.5
503 -> 266, -4, 1.75, 1, -0.5
504 -> 266, -5, 1.25, 5, -2
504 -> 266, -5, 1.25, 4, -2
504 -> 266, -5, 1.25, 3, -2
504 -> 266, -5, 1.25, 2, -2
504 -> 266, -5, 1.25, 1, -2
506 -> 266, -5, 0.25, 4, -0.5
506 -> 266, -5, 0.25, 5, -0.5
508 -> 266, -5, 0.25, 5, -1
509 -> 266, -1, 0.25, 3, -2
509 -> 266, -1, 0.25, 2, -2
509 -> 266, -4, 0.75, 5, -2
509 -> 266, -1, 0.25, 1, -2
510 -> 266, -1, 0.25, 4, -2
511 -> 266, -4, 0.75, 1, -1
513 -> 266, -3, 0.75, 3, -2
513 -> 266, -3, 0.75, 5, -2
513 -> 266, -3, 0.75, 2, -2
513 -> 266, -3, 0.75, 4, -2
517 -> 266, -4, 1.75, 4, -1.5
517 -> 266, -4, 1.75, 3, -1.5
517 -> 266, -4, 1.75, 5, -1.5
518 -> 266, -5, 0.25, 4, -1.5
518 -> 266, -5, 0.25, 1, -1.5
518 -> 266, -5, 0.25, 2, -1.5
518 -> 266, -5, 0.25, 5, -1.5
518 -> 266, -5, 0.25, 3, -1.5
522 -> 266, -3, 1.25, 5, -1
522 -> 266, -3, 1.25, 4, -1
522 -> 266, -3, 1.25, 3, -1
523 -> 266, -5, 0.25, 4, -1
524 -> 266, -4, 1.75, 2, -0.5
528 -> 266, -3, 0.75, 1, -1
529 -> 266, -3, 1.25, 3, -2
529 -> 266, -3, 1.25, 1, -2
529 -> 266, -3, 1.25, 4, -2
529 -> 266, -3, 1.25, 2, -2
529 -> 266, -3, 1.25, 5, -2
543 -> 266, -3, 0.25, 1, -1.5
543 -> 266, -3, 0.25, 2, -1.5
543 -> 266, -3, 0.25, 3, -1.5
543 -> 266, -3, 0.25, 4, -1.5
548 -> 266, -5, 0.75, 5, -1
549 -> 266, -5, 1.25, 2, -1
549 -> 266, -5, 1.25, 1, -1
550 -> 266, -4, 0.25, 2, -1
553 -> 266, -5, 0.25, 2, -1
553 -> 266, -5, 0.25, 3, -1
555 -> 266, -3, 0.25, 5, -0.5
558 -> 266, -5, 1.75, 4, -0.5
568 -> 266, -3, 0.75, 2, -1.5
568 -> 266, -3, 0.75, 5, -1.5
568 -> 266, -3, 0.75, 4, -1.5
568 -> 266, -3, 0.75, 3, -1.5
586 -> 266, -5, 0.75, 5, -0.5
598 -> 266, -5, 0.75, 4, -0.5
645 -> 266, -5, 0.75, 2, -0.5
645 -> 266, -5, 0.75, 3, -0.5
645 -> 266, -5, 0.75, 1, -0.5
664 -> 266, -5, 1.25, 5, -0.5
664 -> 266, -5, 1.25, 4, -0.5
666 -> 266, -5, 1.25, 1, -0.5
725 -> 266, -4, 0.75, 1, -0.5
