370 -> 481, -2, 1.75, 4, -0.5
376 -> 481, -5, 1.25, 4, -0.5
378 -> 481, -2, 1.75, 3, -0.5
384 -> 481, -1, 1.75, 1, -0.5
384 -> 481, -2, 1.25, 1, -0.5
386 -> 481, -2, 0.25, 1, -0.5
388 -> 481, -3, 1.75, 4, -0.5
391 -> 481, -3, 1.75, 1, -1
397 -> 481, -2, 1.25, 3, -0.5
398 -> 481, -5, 0.75, 1, -2
398 -> 481, -5, 0.75, 2, -2
400 -> 481, -2, 1.25, 2, -2
400 -> 481, -2, 1.25, 3, -2
402 -> 481, -2, 1.25, 1, -2
403 -> 481, -4, 1.25, 4, -2
403 -> 481, -4, 1.25, 5, -2
403 -> 481, -4, 1.75, 5, -1
404 -> 481, -1, 1.25, 1, -0.5
405 -> 481, -5, 1.75, 1, -0.5
406 -> 481, -5, 1.25, 5, -0.5
408 -> 481, -4, 0.75, 4, -2
409 -> 481, -3, 1.75, 2, -0.5
409 -> 481, -1, 1.75, 2, -1.5
409 -> 481, -3, 1.75, 3, -0.5
411 -> 481, -4, 1.75, 4, -1
411 -> 481, -1, 0.75, 3, -1.5
412 -> 481, -5, 1.75, 5, -2
412 -> 481, -5, 1.75, 4, -2
412 -> 481, -5, 1.75, 3, -2
414 -> 481, -3, 1.25, 3, -0.5
416 -> 481, -1, 0.75, 4, -1.5
417 -> 481, -2, 1.25, 4, -0.5
417 -> 481, -3, 1.25, 5, -1.5
420 -> 481, -5, 0.75, 1, -0.5
421 -> 481, -2, 1.25, 5, -0.5
422 -> 481, -2, 0.75, 3, -1
422 -> 481, -2, 0.75, 5, -1
422 -> 481, -2, 0.75, 4, -1
422 -> 481, -5, 1.25, 2, -0.5
422 -> 481, -5, 1.25, 3, -0.5
423 -> 481, -3, 1.25, 5, -2
423 -> 481, -1, 1.25, 3, -1
423 -> 481, -2, 1.75, 1, -0.5
423 -> 481, -1, 1.75, 2, -2
423 -> 481, -3, 1.25, 4, -2
425 -> 481, -1, 0.75, 1, -2
426 -> 481, -1, 0.75, 3, -2
426 -> 481, -1, 0.75, 2, -2
426 -> 481, -1, 1.25, 2, -1.5
426 -> 481, -2, 1.75, 5, -2
426 -> 481, -3, 1.25, 3, -2
427 -> 481, -5, 1.75, 4, -1.5
428 -> 481, -4, 0.75, 3, -2
428 -> 481, -2, 1.75, 5, -0.5
428 -> 481, -1, 1.75, 3, -2
430 -> 481, -4, 1.75, 2, -1
431 -> 481, -2, 0.75, 2, -2
431 -> 481, -2, 1.75, 4, -2
431 -> 481, -2, 1.75, 4, -1
431 -> 481, -2, 1.75, 3, -1
431 -> 481, -4, 0.75, 3, -1
431 -> 481, -1, 0.75, 4, -2
432 -> 481, -4, 1.25, 3, -2
432 -> 481, -1, 1.25, 2, -0.5
432 -> 481, -4, 1.25, 2, -2
432 -> 481, -4, 1.25, 1, -2
433 -> 481, -1, 1.25, 1, -1.5
433 -> 481, -2, 0.25, 5, -0.5
434 -> 481, -1, 1.75, 4, -1.5
434 -> 481, -1, 1.75, 5, -1.5
434 -> 481, -4, 0.75, 1, -1.5
434 -> 481, -4, 0.75, 2, -1.5
434 -> 481, -1, 1.25, 4, -2
435 -> 481, -1, 1.75, 3, -1.5
435 -> 481, -4, 1.25, 5, -1
436 -> 481, -5, 0.75, 4, -0.5
436 -> 481, -4, 0.25, 5, -1
437 -> 481, -1, 0.75, 5, -2
437 -> 481, -5, 1.75, 1, -2
437 -> 481, -4, 0.75, 1, -1
437 -> 481, -4, 1.25, 5, -0.5
437 -> 481, -2, 0.25, 4, -0.5
437 -> 481, -3, 1.25, 5, -0.5
437 -> 481, -2, 0.25, 3, -0.5
438 -> 481, -3, 1.75, 4, -1
438 -> 481, -3, 1.25, 4, -0.5
438 -> 481, -2, 0.25, 4, -1.5
439 -> 481, -2, 0.75, 4, -1.5
439 -> 481, -2, 0.25, 3, -1.5
439 -> 481, -4, 1.25, 4, -1
439 -> 481, -3, 1.75, 1, -0.5
439 -> 481, -1, 1.25, 5, -1
439 -> 481, -3, 1.75, 2, -1
440 -> 481, -3, 1.25, 1, -1
440 -> 481, -1, 1.25, 3, -0.5
440 -> 481, -3, 1.25, 2, -1
440 -> 481, -1, 1.25, 5, -0.5
440 -> 481, -1, 1.25, 4, -0.5
441 -> 481, -3, 1.75, 3, -1
441 -> 481, -2, 0.75, 2, -0.5
441 -> 481, -2, 0.75, 2, -1.5
441 -> 481, -1, 1.25, 4, -1
442 -> 481, -4, 1.75, 2, -2
442 -> 481, -5, 0.25, 2, -1
442 -> 481, -4, 1.75, 2, -1.5
442 -> 481, -4, 1.75, 3, -1.5
442 -> 481, -4, 1.75, 1, -2
442 -> 481, -4, 1.75, 1, -1.5
442 -> 481, -5, 1.75, 2, -2
442 -> 481, -4, 0.25, 3, -0.5
442 -> 481, -4, 1.25, 1, -1
442 -> 481, -4, 0.75, 4, -0.5
442 -> 481, -5, 0.25, 4, -1
442 -> 481, -1, 1.25, 3, -2
442 -> 481, -5, 0.25, 3, -1
443 -> 481, -1, 1.25, 2, -1
443 -> 481, -1, 0.75, 3, -0.5
443 -> 481, -5, 1.75, 1, -1.5
444 -> 481, -3, 1.25, 1, -2
445 -> 481, -1, 1.75, 3, -0.5
445 -> 481, -4, 1.75, 1, -0.5
445 -> 481, -3, 0.75, 3, -1
445 -> 481, -1, 0.75, 2, -0.5
446 -> 481, -5, 0.25, 1, -0.5
446 -> 481, -5, 0.25, 2, -0.5
446 -> 481, -3, 0.75, 5, -2
447 -> 481, -1, 1.75, 4, -1
447 -> 481, -1, 0.75, 1, -0.5
448 -> 481, -2, 1.25, 2, -1.5
448 -> 481, -2, 0.25, 5, -1.5
448 -> 481, -4, 0.25, 1, -0.5
448 -> 481, -1, 1.75, 5, -1
449 -> 481, -1, 0.75, 5, -0.5
449 -> 481, -3, 0.75, 2, -0.5
449 -> 481, -1, 0.75, 4, -0.5
449 -> 481, -3, 1.75, 3, -1.5
449 -> 481, -3, 1.75, 5, -1.5
449 -> 481, -5, 0.75, 3, -2
449 -> 481, -3, 1.75, 4, -1.5
450 -> 481, -1, 1.25, 1, -1
450 -> 481, -3, 0.75, 2, -1
450 -> 481, -2, 1.75, 2, -1.5
450 -> 481, -2, 1.75, 3, -1.5
450 -> 481, -3, 1.25, 1, -1.5
450 -> 481, -2, 1.75, 1, -1.5
451 -> 481, -2, 1.25, 4, -1.5
451 -> 481, -2, 1.25, 3, -1.5
451 -> 481, -1, 0.75, 2, -1
451 -> 481, -2, 0.25, 1, -1
451 -> 481, -1, 1.75, 1, -1
452 -> 481, -3, 0.75, 1, -1
453 -> 481, -5, 0.75, 2, -1
453 -> 481, -5, 0.75, 3, -1
453 -> 481, -5, 1.75, 3, -1.5
453 -> 481, -1, 0.25, 4, -1.5
453 -> 481, -5, 1.75, 2, -1.5
453 -> 481, -1, 0.25, 5, -1.5
453 -> 481, -1, 0.25, 2, -1.5
453 -> 481, -1, 0.25, 3, -1.5
454 -> 481, -5, 0.75, 5, -2
454 -> 481, -5, 1.25, 2, -1.5
454 -> 481, -5, 0.75, 5, -1.5
454 -> 481, -5, 1.25, 1, -1.5
455 -> 481, -2, 1.25, 3, -1
455 -> 481, -2, 1.25, 2, -1
456 -> 481, -3, 0.25, 2, -1
456 -> 481, -3, 1.25, 2, -2
456 -> 481, -3, 0.25, 1, -1
456 -> 481, -4, 0.75, 1, -0.5
456 -> 481, -4, 0.25, 5, -0.5
456 -> 481, -5, 0.75, 1, -1
456 -> 481, -4, 0.25, 4, -0.5
456 -> 481, -4, 0.75, 3, -0.5
456 -> 481, -4, 0.75, 2, -0.5
456 -> 481, -1, 1.75, 1, -2
457 -> 481, -3, 0.75, 1, -2
457 -> 481, -2, 0.25, 2, -1.5
457 -> 481, -2, 1.25, 1, -1
457 -> 481, -1, 0.25, 5, -2
458 -> 481, -3, 0.25, 5, -1
458 -> 481, -4, 0.25, 2, -1
458 -> 481, -4, 0.25, 1, -1
458 -> 481, -2, 0.75, 3, -2
458 -> 481, -4, 0.25, 3, -1
458 -> 481, -4, 0.25, 4, -1
458 -> 481, -3, 0.25, 3, -1
458 -> 481, -4, 0.75, 2, -1
458 -> 481, -3, 0.25, 4, -1
459 -> 481, -1, 0.75, 2, -1.5
459 -> 481, -3, 1.25, 2, -0.5
460 -> 481, -2, 1.25, 5, -2
460 -> 481, -2, 1.25, 4, -2
460 -> 481, -1, 0.25, 2, -1
460 -> 481, -1, 0.25, 3, -1
460 -> 481, -2, 0.75, 3, -1.5
461 -> 481, -1, 1.75, 5, -2
461 -> 481, -3, 1.75, 2, -1.5
461 -> 481, -4, 1.25, 3, -1
461 -> 481, -1, 0.75, 5, -1
461 -> 481, -3, 1.75, 1, -1.5
461 -> 481, -1, 0.75, 3, -1
461 -> 481, -4, 1.25, 2, -1
461 -> 481, -1, 0.75, 4, -1
461 -> 481, -3, 0.75, 3, -0.5
461 -> 481, -1, 1.75, 4, -2
462 -> 481, -2, 1.75, 1, -1
462 -> 481, -2, 1.75, 2, -1
463 -> 481, -1, 0.25, 4, -1
463 -> 481, -4, 1.75, 5, -0.5
463 -> 481, -1, 1.75, 1, -1.5
463 -> 481, -4, 1.75, 4, -1.5
463 -> 481, -1, 0.25, 5, -1
463 -> 481, -1, 0.25, 1, -0.5
463 -> 481, -3, 0.75, 3, -1.5
463 -> 481, -2, 1.25, 1, -1.5
464 -> 481, -1, 1.75, 2, -1
464 -> 481, -4, 0.75, 2, -2
464 -> 481, -2, 1.75, 2, -0.5
464 -> 481, -4, 0.75, 1, -2
464 -> 481, -2, 0.75, 1, -0.5
465 -> 481, -5, 0.75, 4, -1
465 -> 481, -4, 0.25, 1, -1.5
465 -> 481, -4, 0.25, 1, -2
465 -> 481, -4, 0.25, 2, -1.5
465 -> 481, -4, 0.25, 2, -2
465 -> 481, -4, 0.25, 3, -1.5
465 -> 481, -2, 1.25, 5, -1
465 -> 481, -4, 0.25, 4, -1.5
465 -> 481, -4, 0.25, 5, -1.5
465 -> 481, -4, 0.25, 3, -2
466 -> 481, -3, 1.25, 2, -1.5
466 -> 481, -3, 1.25, 3, -1.5
466 -> 481, -1, 1.75, 3, -1
466 -> 481, -3, 1.25, 4, -1.5
466 -> 481, -2, 0.75, 5, -1.5
467 -> 481, -5, 1.25, 3, -1.5
467 -> 481, -1, 0.75, 1, -1.5
467 -> 481, -3, 1.75, 5, -0.5
467 -> 481, -5, 1.25, 4, -1.5
468 -> 481, -1, 1.75, 5, -0.5
468 -> 481, -2, 1.75, 5, -1
468 -> 481, -1, 1.75, 4, -0.5
468 -> 481, -4, 1.25, 1, -1.5
468 -> 481, -2, 1.25, 4, -1
468 -> 481, -2, 0.25, 2, -0.5
469 -> 481, -1, 1.25, 1, -2
469 -> 481, -1, 0.75, 5, -1.5
469 -> 481, -2, 0.25, 3, -1
469 -> 481, -2, 0.25, 2, -1
470 -> 481, -2, 1.75, 4, -1.5
470 -> 481, -2, 1.25, 5, -1.5
471 -> 481, -2, 0.25, 4, -1
471 -> 481, -2, 0.25, 5, -1
472 -> 481, -5, 0.25, 3, -2
472 -> 481, -5, 1.75, 5, -1.5
473 -> 481, -2, 0.75, 1, -1.5
473 -> 481, -2, 1.25, 2, -0.5
473 -> 481, -2, 0.25, 1, -1.5
474 -> 481, -5, 0.25, 4, -2
474 -> 481, -3, 1.25, 1, -0.5
474 -> 481, -5, 1.75, 5, -1
474 -> 481, -5, 0.25, 5, -2
474 -> 481, -5, 1.75, 3, -1
474 -> 481, -5, 1.75, 4, -1
474 -> 481, -5, 1.75, 2, -1
475 -> 481, -1, 0.25, 4, -2
476 -> 481, -1, 1.25, 2, -2
478 -> 481, -3, 1.75, 1, -2
478 -> 481, -3, 1.75, 2, -2
479 -> 481, -4, 1.75, 3, -1
479 -> 481, -4, 1.75, 1, -1
479 -> 481, -1, 1.25, 5, -2
480 -> 481, -5, 0.25, 1, -1
480 -> 481, -2, 0.75, 5, -2
480 -> 481, -2, 0.75, 4, -2
480 -> 481, -1, 0.25, 1, -1
480 -> 481, -3, 1.25, 4, -1
480 -> 481, -3, 1.25, 5, -1
481 -> 481, -1, 0.25, 1, -1.5
482 -> 481, -3, 0.75, 4, -0.5
482 -> 481, -1, 1.75, 2, -0.5
482 -> 481, -3, 0.75, 5, -0.5
483 -> 481, -4, 0.75, 5, -2
486 -> 481, -2, 0.25, 3, -2
486 -> 481, -2, 0.25, 2, -2
486 -> 481, -2, 0.25, 1, -2
487 -> 481, -1, 0.25, 5, -0.5
487 -> 481, -4, 0.75, 5, -0.5
487 -> 481, -1, 0.25, 4, -0.5
487 -> 481, -1, 0.25, 3, -0.5
487 -> 481, -5, 0.75, 5, -1
488 -> 481, -4, 0.75, 5, -1
488 -> 481, -5, 0.75, 4, -2
488 -> 481, -1, 1.25, 3, -1.5
488 -> 481, -1, 1.25, 4, -1.5
488 -> 481, -1, 1.25, 5, -1.5
489 -> 481, -5, 0.75, 3, -0.5
489 -> 481, -5, 0.75, 2, -0.5
489 -> 481, -3, 1.75, 5, -1
490 -> 481, -5, 1.25, 5, -1.5
490 -> 481, -2, 1.75, 3, -2
490 -> 481, -4, 1.75, 4, -2
490 -> 481, -4, 1.75, 5, -2
490 -> 481, -4, 1.75, 3, -2
491 -> 481, -5, 0.75, 5, -0.5
491 -> 481, -4, 0.75, 4, -1.5
491 -> 481, -3, 0.75, 3, -2
491 -> 481, -4, 0.75, 5, -1.5
491 -> 481, -3, 0.75, 2, -2
491 -> 481, -3, 0.75, 4, -2
492 -> 481, -3, 1.25, 3, -1
493 -> 481, -3, 0.25, 2, -1.5
493 -> 481, -3, 0.25, 5, -1.5
493 -> 481, -3, 0.25, 3, -1.5
493 -> 481, -3, 0.25, 4, -1.5
494 -> 481, -4, 1.25, 1, -0.5
494 -> 481, -3, 0.25, 1, -1.5
494 -> 481, -3, 0.75, 5, -1
494 -> 481, -4, 1.25, 2, -0.5
495 -> 481, -1, 0.25, 3, -2
495 -> 481, -1, 0.25, 1, -2
495 -> 481, -1, 0.25, 2, -2
496 -> 481, -3, 0.75, 5, -1.5
496 -> 481, -3, 0.75, 4, -1.5
496 -> 481, -1, 0.25, 2, -0.5
498 -> 481, -4, 1.25, 5, -1.5
498 -> 481, -4, 1.25, 4, -1.5
499 -> 481, -5, 1.25, 2, -1
499 -> 481, -5, 1.25, 1, -1
499 -> 481, -2, 0.75, 5, -0.5
499 -> 481, -2, 0.75, 4, -0.5
499 -> 481, -2, 0.75, 3, -0.5
500 -> 481, -5, 0.25, 4, -1.5
500 -> 481, -5, 0.25, 3, -1.5
500 -> 481, -5, 0.25, 2, -1.5
500 -> 481, -5, 0.25, 1, -1.5
500 -> 481, -2, 0.75, 1, -2
500 -> 481, -5, 0.25, 5, -1.5
501 -> 481, -2, 0.25, 5, -2
501 -> 481, -2, 0.25, 4, -2
502 -> 481, -3, 0.25, 3, -2
502 -> 481, -3, 0.25, 2, -2
502 -> 481, -3, 0.25, 1, -2
502 -> 481, -3, 0.25, 4, -2
503 -> 481, -4, 0.75, 3, -1.5
504 -> 481, -4, 1.75, 2, -0.5
505 -> 481, -4, 0.75, 4, -1
506 -> 481, -3, 0.75, 1, -0.5
507 -> 481, -4, 1.25, 3, -0.5
507 -> 481, -4, 1.25, 4, -0.5
507 -> 481, -3, 0.25, 5, -2
508 -> 481, -4, 1.25, 2, -1.5
508 -> 481, -2, 0.75, 1, -1
508 -> 481, -4, 1.25, 3, -1.5
508 -> 481, -2, 0.75, 2, -1
511 -> 481, -2, 1.75, 2, -2
511 -> 481, -2, 1.75, 5, -1.5
511 -> 481, -2, 1.75, 1, -2
511 -> 481, -5, 0.25, 5, -1
513 -> 481, -3, 1.75, 3, -2
513 -> 481, -3, 1.75, 4, -2
513 -> 481, -3, 1.75, 5, -2
516 -> 481, -4, 0.25, 4, -2
516 -> 481, -4, 0.25, 5, -2
517 -> 481, -4, 1.75, 3, -0.5
517 -> 481, -4, 1.75, 4, -0.5
521 -> 481, -4, 1.75, 5, -1.5
524 -> 481, -5, 1.75, 2, -0.5
524 -> 481, -5, 1.75, 3, -0.5
525 -> 481, -3, 0.75, 4, -1
526 -> 481, -3, 0.75, 1, -1.5
526 -> 481, -3, 0.25, 1, -0.5
526 -> 481, -3, 0.75, 2, -1.5
526 -> 481, -3, 0.25, 3, -0.5
526 -> 481, -3, 0.25, 2, -0.5
529 -> 481, -3, 0.25, 5, -0.5
529 -> 481, -3, 0.25, 4, -0.5
531 -> 481, -5, 1.25, 1, -0.5
534 -> 481, -5, 0.75, 3, -1.5
534 -> 481, -5, 0.75, 2, -1.5
534 -> 481, -5, 0.75, 4, -1.5
534 -> 481, -5, 0.75, 1, -1.5
536 -> 481, -5, 0.25, 5, -0.5
536 -> 481, -5, 0.25, 3, -0.5
536 -> 481, -5, 0.25, 4, -0.5
538 -> 481, -5, 0.25, 2, -2
538 -> 481, -5, 0.25, 1, -2
542 -> 481, -5, 1.25, 4, -2
542 -> 481, -5, 1.25, 5, -2
542 -> 481, -5, 1.25, 3, -2
542 -> 481, -5, 1.25, 1, -2
542 -> 481, -5, 1.25, 2, -2
562 -> 481, -1, 0.75, 1, -1
567 -> 481, -5, 1.25, 5, -1
567 -> 481, -5, 1.25, 4, -1
567 -> 481, -5, 1.25, 3, -1
576 -> 481, -4, 0.25, 2, -0.5
580 -> 481, -5, 1.75, 1, -1
591 -> 481, -5, 1.75, 4, -0.5
591 -> 481, -5, 1.75, 5, -0.5
