70 -> 236, -2, 0.75, 5, -1.5
362 -> 236, -2, 1.25, 4, -0.5
367 -> 236, -4, 1.75, 1, -2
368 -> 236, -4, 0.25, 4, -0.5
370 -> 236, -5, 1.75, 5, -1.5
373 -> 236, -5, 1.25, 5, -0.5
376 -> 236, -5, 1.75, 4, -1.5
378 -> 236, -5, 0.75, 1, -2
380 -> 236, -3, 1.75, 3, -1.5
383 -> 236, -5, 1.25, 4, -0.5
386 -> 236, -5, 0.75, 3, -2
388 -> 236, -3, 1.75, 2, -1.5
393 -> 236, -1, 0.25, 4, -0.5
393 -> 236, -1, 0.25, 5, -0.5
394 -> 236, -5, 1.75, 5, -1
395 -> 236, -3, 0.75, 3, -0.5
398 -> 236, -5, 1.75, 3, -0.5
398 -> 236, -5, 1.75, 4, -0.5
398 -> 236, -3, 1.75, 1, -0.5
399 -> 236, -2, 1.25, 5, -0.5
402 -> 236, -3, 1.25, 4, -1
402 -> 236, -5, 0.75, 4, -1.5
402 -> 236, -2, 1.25, 1, -1
402 -> 236, -3, 1.75, 5, -0.5
404 -> 236, -1, 0.75, 5, -0.5
407 -> 236, -2, 1.75, 4, -1.5
407 -> 236, -5, 1.75, 3, -2
407 -> 236, -2, 1.75, 5, -1.5
408 -> 236, -2, 1.75, 5, -0.5
408 -> 236, -4, 1.75, 1, -1.5
410 -> 236, -4, 1.75, 4, -1.5
410 -> 236, -4, 1.75, 3, -1.5
411 -> 236, -2, 1.75, 3, -2
411 -> 236, -1, 1.25, 2, -0.5
411 -> 236, -2, 1.75, 2, -2
411 -> 236, -2, 1.75, 1, -2
411 -> 236, -4, 1.25, 3, -1
411 -> 236, -2, 0.75, 2, -2
412 -> 236, -5, 0.75, 5, -2
412 -> 236, -4, 0.75, 2, -0.5
412 -> 236, -2, 0.25, 1, -1
412 -> 236, -3, 1.75, 4, -1.5
412 -> 236, -1, 0.75, 2, -0.5
413 -> 236, -5, 1.75, 3, -1
413 -> 236, -1, 1.75, 3, -0.5
413 -> 236, -4, 1.75, 3, -1
414 -> 236, -3, 1.75, 5, -2
414 -> 236, -4, 1.25, 4, -0.5
414 -> 236, -3, 1.75, 1, -1.5
414 -> 236, -2, 0.75, 2, -0.5
415 -> 236, -3, 1.25, 1, -1
415 -> 236, -4, 1.75, 4, -0.5
415 -> 236, -4, 1.75, 5, -0.5
415 -> 236, -1, 0.75, 5, -1
416 -> 236, -1, 1.75, 4, -0.5
417 -> 236, -4, 1.25, 1, -0.5
417 -> 236, -4, 1.75, 5, -1.5
419 -> 236, -1, 1.75, 5, -1
420 -> 236, -4, 1.75, 3, -2
420 -> 236, -2, 1.25, 2, -1
420 -> 236, -4, 1.75, 2, -2
420 -> 236, -1, 1.25, 1, -2
420 -> 236, -1, 1.25, 2, -2
421 -> 236, -5, 0.75, 1, -1.5
422 -> 236, -3, 1.25, 4, -2
423 -> 236, -3, 1.25, 1, -2
423 -> 236, -2, 0.75, 3, -0.5
423 -> 236, -3, 1.75, 4, -0.5
425 -> 236, -5, 0.75, 2, -2
425 -> 236, -5, 1.25, 2, -1.5
425 -> 236, -4, 0.75, 1, -0.5
425 -> 236, -2, 1.25, 3, -0.5
426 -> 236, -2, 1.75, 1, -0.5
426 -> 236, -2, 0.75, 4, -0.5
426 -> 236, -5, 1.25, 4, -1
426 -> 236, -5, 1.75, 2, -2
426 -> 236, -5, 1.25, 5, -1
427 -> 236, -4, 1.25, 2, -0.5
427 -> 236, -1, 1.75, 4, -1
428 -> 236, -2, 0.25, 4, -1
428 -> 236, -2, 1.25, 2, -0.5
428 -> 236, -1, 1.25, 4, -1.5
428 -> 236, -3, 0.75, 4, -1.5
428 -> 236, -3, 0.75, 3, -1.5
429 -> 236, -1, 1.25, 5, -1.5
429 -> 236, -3, 0.75, 2, -1
430 -> 236, -1, 1.25, 1, -1.5
430 -> 236, -3, 1.25, 2, -1
430 -> 236, -4, 1.25, 2, -1
431 -> 236, -3, 0.75, 1, -1.5
431 -> 236, -5, 1.75, 4, -2
431 -> 236, -1, 0.75, 1, -0.5
431 -> 236, -3, 1.25, 1, -0.5
432 -> 236, -4, 1.75, 5, -2
432 -> 236, -4, 1.75, 2, -1.5
432 -> 236, -3, 0.75, 5, -1.5
432 -> 236, -4, 1.75, 4, -2
432 -> 236, -2, 1.75, 2, -0.5
432 -> 236, -3, 1.25, 5, -0.5
432 -> 236, -2, 0.25, 3, -1
433 -> 236, -2, 0.75, 5, -2
433 -> 236, -2, 0.75, 3, -2
433 -> 236, -2, 0.75, 3, -1.5
433 -> 236, -2, 0.75, 4, -2
433 -> 236, -2, 1.75, 1, -1
433 -> 236, -5, 1.75, 5, -2
433 -> 236, -1, 1.75, 3, -1
433 -> 236, -1, 1.25, 2, -1.5
433 -> 236, -1, 1.25, 3, -1.5
434 -> 236, -2, 1.25, 1, -0.5
435 -> 236, -2, 0.75, 1, -2
435 -> 236, -1, 1.25, 3, -0.5
435 -> 236, -4, 0.25, 5, -0.5
435 -> 236, -3, 0.75, 2, -0.5
436 -> 236, -4, 0.75, 3, -1
436 -> 236, -5, 1.25, 1, -2
436 -> 236, -2, 1.25, 3, -2
436 -> 236, -2, 1.75, 3, -0.5
437 -> 236, -2, 1.25, 2, -2
438 -> 236, -3, 0.75, 1, -0.5
438 -> 236, -2, 0.75, 1, -0.5
438 -> 236, -4, 1.25, 5, -0.5
438 -> 236, -1, 1.25, 5, -2
439 -> 236, -1, 0.25, 3, -1
440 -> 236, -1, 1.25, 4, -2
440 -> 236, -2, 0.25, 2, -2
440 -> 236, -2, 0.75, 4, -1.5
441 -> 236, -2, 1.25, 2, -1.5
441 -> 236, -4, 0.75, 2, -1.5
441 -> 236, -4, 0.25, 1, -0.5
442 -> 236, -1, 0.75, 3, -1
442 -> 236, -5, 1.25, 1, -1.5
443 -> 236, -3, 1.75, 2, -2
443 -> 236, -3, 1.75, 3, -2
443 -> 236, -2, 1.75, 3, -1.5
443 -> 236, -3, 1.75, 1, -2
443 -> 236, -2, 1.75, 2, -1.5
443 -> 236, -1, 0.75, 3, -0.5
444 -> 236, -3, 1.75, 4, -1
444 -> 236, -3, 1.75, 4, -2
444 -> 236, -3, 0.75, 1, -1
444 -> 236, -3, 1.75, 5, -1
444 -> 236, -4, 0.75, 4, -1
444 -> 236, -1, 1.25, 3, -2
445 -> 236, -3, 1.25, 3, -1
445 -> 236, -5, 1.75, 2, -0.5
446 -> 236, -5, 1.25, 4, -1.5
446 -> 236, -5, 1.25, 3, -1.5
446 -> 236, -5, 1.25, 5, -1.5
447 -> 236, -5, 1.25, 2, -2
447 -> 236, -5, 0.75, 2, -1.5
447 -> 236, -5, 0.75, 3, -1.5
447 -> 236, -1, 1.75, 2, -1
447 -> 236, -1, 1.75, 1, -1
447 -> 236, -1, 0.25, 4, -1
448 -> 236, -4, 0.25, 3, -0.5
448 -> 236, -1, 0.75, 5, -2
448 -> 236, -3, 1.25, 3, -0.5
448 -> 236, -3, 1.25, 4, -0.5
448 -> 236, -4, 0.25, 2, -0.5
448 -> 236, -1, 0.75, 4, -2
449 -> 236, -4, 0.75, 3, -1.5
449 -> 236, -2, 1.75, 4, -0.5
450 -> 236, -5, 0.25, 4, -0.5
451 -> 236, -5, 0.25, 1, -1
451 -> 236, -1, 1.75, 5, -1.5
451 -> 236, -1, 1.75, 1, -1.5
451 -> 236, -1, 0.75, 2, -1
451 -> 236, -1, 1.75, 4, -1.5
451 -> 236, -1, 1.75, 2, -1.5
451 -> 236, -5, 1.75, 3, -1.5
451 -> 236, -1, 0.75, 1, -1
451 -> 236, -1, 1.75, 3, -1.5
452 -> 236, -2, 0.25, 2, -0.5
453 -> 236, -4, 0.75, 5, -0.5
453 -> 236, -4, 1.25, 1, -1
453 -> 236, -4, 0.75, 4, -0.5
455 -> 236, -1, 0.75, 1, -2
455 -> 236, -5, 1.75, 1, -2
455 -> 236, -1, 0.75, 2, -2
455 -> 236, -1, 1.75, 1, -2
455 -> 236, -1, 0.75, 3, -2
456 -> 236, -2, 1.75, 5, -2
456 -> 236, -2, 1.75, 4, -1
456 -> 236, -2, 1.75, 3, -1
456 -> 236, -2, 1.75, 4, -2
456 -> 236, -3, 0.25, 4, -1
457 -> 236, -2, 0.25, 4, -1.5
457 -> 236, -2, 0.25, 3, -1.5
457 -> 236, -4, 1.75, 1, -1
457 -> 236, -2, 0.25, 5, -1.5
457 -> 236, -5, 1.25, 2, -0.5
458 -> 236, -1, 1.25, 1, -1
458 -> 236, -5, 1.75, 2, -1.5
458 -> 236, -1, 1.25, 1, -0.5
458 -> 236, -1, 0.25, 5, -1.5
458 -> 236, -1, 1.25, 4, -0.5
458 -> 236, -1, 1.75, 3, -2
458 -> 236, -1, 1.25, 5, -0.5
458 -> 236, -1, 1.75, 1, -0.5
458 -> 236, -1, 1.75, 5, -2
458 -> 236, -1, 1.75, 4, -2
458 -> 236, -1, 1.75, 2, -2
458 -> 236, -5, 1.75, 1, -1.5
458 -> 236, -1, 0.75, 4, -1
459 -> 236, -4, 1.25, 1, -1.5
459 -> 236, -5, 0.75, 4, -0.5
459 -> 236, -2, 1.25, 1, -2
459 -> 236, -5, 0.75, 3, -0.5
460 -> 236, -5, 0.75, 2, -0.5
460 -> 236, -3, 0.25, 1, -2
461 -> 236, -1, 0.25, 1, -1.5
461 -> 236, -1, 0.75, 2, -1.5
461 -> 236, -2, 1.75, 2, -1
461 -> 236, -4, 0.75, 4, -2
463 -> 236, -2, 0.25, 2, -1.5
463 -> 236, -2, 1.25, 1, -1.5
464 -> 236, -1, 0.75, 1, -1.5
464 -> 236, -3, 1.25, 5, -1
464 -> 236, -3, 1.25, 5, -2
464 -> 236, -5, 1.25, 3, -2
464 -> 236, -3, 0.75, 5, -0.5
464 -> 236, -5, 0.25, 1, -1.5
464 -> 236, -5, 0.25, 3, -1.5
464 -> 236, -1, 0.25, 1, -1
464 -> 236, -1, 0.25, 2, -1
464 -> 236, -1, 0.25, 5, -2
465 -> 236, -1, 0.25, 2, -1.5
465 -> 236, -1, 0.25, 3, -1.5
465 -> 236, -1, 0.25, 4, -1.5
465 -> 236, -5, 0.25, 5, -1.5
465 -> 236, -3, 1.25, 2, -1.5
465 -> 236, -3, 1.25, 1, -1.5
465 -> 236, -3, 1.25, 5, -1.5
465 -> 236, -3, 1.25, 4, -1.5
465 -> 236, -3, 1.25, 3, -1.5
467 -> 236, -4, 1.75, 5, -1
467 -> 236, -2, 0.25, 3, -2
467 -> 236, -2, 0.25, 1, -0.5
467 -> 236, -2, 0.25, 4, -2
467 -> 236, -2, 0.25, 5, -2
467 -> 236, -4, 0.75, 2, -2
468 -> 236, -5, 1.25, 3, -0.5
469 -> 236, -3, 0.25, 5, -1.5
469 -> 236, -3, 0.25, 3, -1.5
469 -> 236, -3, 0.25, 4, -1.5
469 -> 236, -2, 0.25, 5, -1
470 -> 236, -1, 1.75, 5, -0.5
470 -> 236, -3, 0.75, 2, -1.5
470 -> 236, -4, 0.75, 5, -2
470 -> 236, -3, 1.75, 3, -1
470 -> 236, -2, 0.25, 1, -1.5
470 -> 236, -3, 1.75, 5, -1.5
470 -> 236, -3, 1.75, 1, -1
470 -> 236, -3, 1.75, 2, -1
471 -> 236, -4, 0.25, 1, -2
471 -> 236, -4, 0.25, 3, -2
471 -> 236, -3, 0.25, 2, -2
471 -> 236, -3, 0.25, 4, -2
471 -> 236, -3, 0.25, 3, -2
471 -> 236, -4, 0.25, 2, -2
471 -> 236, -4, 1.75, 4, -1
471 -> 236, -3, 0.25, 5, -2
472 -> 236, -4, 1.75, 1, -0.5
472 -> 236, -1, 0.25, 2, -2
472 -> 236, -1, 0.25, 3, -2
472 -> 236, -4, 1.75, 2, -0.5
472 -> 236, -1, 0.25, 1, -2
472 -> 236, -5, 0.25, 4, -1.5
472 -> 236, -5, 1.25, 4, -2
473 -> 236, -2, 1.25, 5, -1.5
473 -> 236, -2, 1.75, 1, -1.5
474 -> 236, -3, 1.25, 2, -0.5
474 -> 236, -3, 0.75, 1, -2
475 -> 236, -3, 0.25, 2, -1.5
475 -> 236, -3, 0.25, 1, -1.5
475 -> 236, -4, 1.25, 3, -1.5
475 -> 236, -5, 1.75, 4, -1
476 -> 236, -4, 1.75, 2, -1
477 -> 236, -3, 1.75, 2, -0.5
478 -> 236, -1, 0.75, 4, -0.5
479 -> 236, -2, 1.25, 4, -1.5
479 -> 236, -3, 0.25, 2, -1
479 -> 236, -3, 0.25, 1, -1
479 -> 236, -4, 0.75, 1, -2
479 -> 236, -2, 0.25, 1, -2
479 -> 236, -2, 1.25, 3, -1.5
480 -> 236, -4, 1.75, 3, -0.5
480 -> 236, -4, 1.25, 2, -1.5
480 -> 236, -5, 0.75, 5, -1.5
480 -> 236, -5, 0.75, 2, -1
481 -> 236, -2, 1.25, 3, -1
481 -> 236, -3, 1.75, 3, -0.5
481 -> 236, -4, 0.75, 3, -2
481 -> 236, -2, 0.75, 2, -1.5
482 -> 236, -1, 0.25, 4, -2
483 -> 236, -3, 1.25, 2, -2
483 -> 236, -3, 1.25, 3, -2
485 -> 236, -2, 1.75, 5, -1
485 -> 236, -4, 0.75, 3, -0.5
486 -> 236, -4, 1.25, 1, -2
486 -> 236, -4, 0.25, 5, -1.5
486 -> 236, -3, 0.75, 3, -1
487 -> 236, -4, 0.75, 5, -1
487 -> 236, -5, 0.25, 2, -1.5
487 -> 236, -1, 1.25, 5, -1
487 -> 236, -5, 1.25, 5, -2
487 -> 236, -2, 0.25, 2, -1
488 -> 236, -1, 0.25, 1, -0.5
488 -> 236, -4, 1.25, 5, -2
488 -> 236, -1, 0.25, 2, -0.5
488 -> 236, -4, 1.25, 4, -2
488 -> 236, -4, 1.25, 3, -2
488 -> 236, -4, 1.25, 2, -2
489 -> 236, -5, 1.75, 1, -1
489 -> 236, -5, 1.75, 2, -1
489 -> 236, -5, 0.25, 3, -0.5
489 -> 236, -5, 0.25, 2, -0.5
490 -> 236, -1, 1.25, 2, -1
490 -> 236, -1, 1.25, 3, -1
490 -> 236, -1, 1.25, 4, -1
492 -> 236, -5, 0.25, 5, -2
492 -> 236, -5, 0.25, 4, -2
492 -> 236, -5, 0.25, 2, -2
492 -> 236, -5, 0.25, 3, -2
492 -> 236, -5, 0.25, 1, -2
493 -> 236, -2, 1.25, 5, -2
493 -> 236, -2, 1.25, 4, -2
494 -> 236, -4, 0.75, 1, -1.5
494 -> 236, -5, 0.25, 1, -0.5
495 -> 236, -4, 1.25, 4, -1
496 -> 236, -3, 0.25, 3, -1
497 -> 236, -4, 0.25, 3, -1
497 -> 236, -4, 0.25, 2, -1
497 -> 236, -5, 0.75, 1, -1
497 -> 236, -5, 0.25, 5, -0.5
498 -> 236, -2, 1.25, 4, -1
498 -> 236, -3, 0.75, 5, -1
498 -> 236, -3, 0.75, 4, -1
498 -> 236, -1, 0.75, 5, -1.5
498 -> 236, -2, 1.25, 5, -1
498 -> 236, -1, 0.75, 4, -1.5
498 -> 236, -1, 0.75, 3, -1.5
499 -> 236, -1, 1.75, 2, -0.5
499 -> 236, -5, 0.75, 5, -0.5
499 -> 236, -3, 0.25, 5, -0.5
500 -> 236, -4, 0.25, 1, -1
501 -> 236, -4, 0.25, 2, -1.5
501 -> 236, -4, 0.25, 1, -1.5
501 -> 236, -4, 0.25, 4, -1.5
501 -> 236, -2, 0.25, 4, -0.5
501 -> 236, -2, 0.25, 3, -0.5
501 -> 236, -4, 0.25, 3, -1.5
502 -> 236, -2, 0.75, 5, -0.5
502 -> 236, -2, 0.25, 5, -0.5
503 -> 236, -2, 0.75, 1, -1
503 -> 236, -2, 0.75, 2, -1
503 -> 236, -3, 0.75, 3, -2
503 -> 236, -3, 0.75, 5, -2
503 -> 236, -3, 0.75, 2, -2
503 -> 236, -3, 0.75, 4, -2
504 -> 236, -1, 0.25, 3, -0.5
505 -> 236, -4, 0.25, 5, -1
505 -> 236, -4, 0.25, 4, -1
506 -> 236, -4, 1.25, 5, -1.5
506 -> 236, -4, 1.25, 4, -1.5
508 -> 236, -3, 0.25, 5, -1
510 -> 236, -1, 0.25, 5, -1
514 -> 236, -5, 1.75, 5, -0.5
517 -> 236, -4, 0.25, 4, -2
517 -> 236, -4, 0.25, 5, -2
520 -> 236, -2, 0.75, 5, -1
520 -> 236, -2, 0.75, 4, -1
520 -> 236, -2, 0.75, 3, -1
521 -> 236, -5, 0.75, 4, -2
530 -> 236, -4, 1.25, 3, -0.5
531 -> 236, -5, 1.25, 1, -0.5
531 -> 236, -3, 0.75, 4, -0.5
536 -> 236, -4, 1.25, 5, -1
537 -> 236, -5, 0.25, 5, -1
537 -> 236, -5, 0.25, 3, -1
537 -> 236, -5, 0.25, 4, -1
539 -> 236, -5, 0.25, 2, -1
540 -> 236, -5, 1.75, 1, -0.5
546 -> 236, -2, 0.75, 1, -1.5
548 -> 236, -5, 1.25, 1, -1
549 -> 236, -5, 1.25, 2, -1
549 -> 236, -5, 1.25, 3, -1
552 -> 236, -4, 0.75, 4, -1.5
552 -> 236, -4, 0.75, 5, -1.5
561 -> 236, -4, 0.75, 1, -1
561 -> 236, -4, 0.75, 2, -1
578 -> 236, -3, 0.25, 3, -0.5
578 -> 236, -3, 0.25, 4, -0.5
578 -> 236, -3, 0.25, 1, -0.5
578 -> 236, -3, 0.25, 2, -0.5
582 -> 236, -5, 0.75, 1, -0.5
708 -> 236, -5, 0.75, 3, -1
708 -> 236, -5, 0.75, 4, -1
708 -> 236, -5, 0.75, 5, -1
