332 -> 145, -5, 0.75, 2, -1.5
347 -> 145, -3, 1.25, 3, -2
352 -> 145, -5, 1.25, 1, -1.5
352 -> 145, -1, 1.75, 1, -0.5
357 -> 145, -5, 0.25, 2, -2
359 -> 145, -3, 1.25, 1, -2
360 -> 145, -5, 1.25, 5, -2
360 -> 145, -5, 1.25, 4, -2
360 -> 145, -5, 1.25, 3, -2
364 -> 145, -4, 1.25, 5, -1.5
367 -> 145, -2, 1.75, 2, -0.5
369 -> 145, -3, 1.25, 4, -2
370 -> 145, -4, 1.75, 5, -1
370 -> 145, -4, 1.75, 4, -1
370 -> 145, -4, 1.75, 3, -1
371 -> 145, -3, 0.25, 5, -1
373 -> 145, -3, 0.25, 4, -1
373 -> 145, -3, 1.25, 2, -2
375 -> 145, -5, 0.25, 5, -1.5
375 -> 145, -4, 1.25, 4, -1.5
378 -> 145, -5, 0.75, 5, -2
378 -> 145, -1, 1.25, 1, -0.5
378 -> 145, -5, 1.75, 4, -2
378 -> 145, -5, 1.75, 5, -2
381 -> 145, -2, 1.75, 3, -2
381 -> 145, -2, 1.75, 2, -2
382 -> 145, -5, 0.25, 4, -2
382 -> 145, -5, 0.25, 3, -2
383 -> 145, -1, 1.75, 5, -1.5
383 -> 145, -1, 1.75, 4, -1.5
383 -> 145, -4, 0.75, 3, -1.5
383 -> 145, -1, 1.75, 2, -1
385 -> 145, -1, 1.25, 5, -0.5
385 -> 145, -1, 0.75, 5, -1
388 -> 145, -4, 1.25, 3, -1.5
389 -> 145, -5, 0.75, 2, -2
389 -> 145, -5, 0.75, 3, -2
389 -> 145, -4, 0.25, 2, -1.5
389 -> 145, -5, 0.75, 4, -2
389 -> 145, -5, 0.75, 1, -2
389 -> 145, -1, 1.25, 2, -0.5
390 -> 145, -5, 0.25, 1, -2
391 -> 145, -4, 0.25, 1, -1.5
391 -> 145, -1, 1.25, 1, -1
393 -> 145, -1, 0.75, 4, -1
394 -> 145, -3, 1.75, 5, -1
394 -> 145, -3, 1.75, 4, -1
395 -> 145, -5, 1.25, 1, -1
396 -> 145, -4, 0.75, 4, -1.5
396 -> 145, -3, 1.25, 5, -2
396 -> 145, -4, 0.25, 5, -1.5
396 -> 145, -4, 1.25, 1, -1.5
396 -> 145, -4, 1.25, 2, -1.5
396 -> 145, -1, 1.25, 3, -0.5
397 -> 145, -3, 1.75, 1, -1
397 -> 145, -3, 1.75, 2, -1
398 -> 145, -4, 0.75, 5, -1.5
401 -> 145, -1, 0.75, 1, -1
401 -> 145, -1, 1.75, 4, -1
402 -> 145, -5, 0.75, 3, -1.5
402 -> 145, -5, 0.75, 4, -1.5
402 -> 145, -5, 0.75, 5, -1.5
403 -> 145, -4, 1.25, 1, -2
403 -> 145, -4, 1.25, 3, -2
403 -> 145, -4, 1.25, 2, -2
404 -> 145, -4, 1.25, 4, -2
404 -> 145, -4, 1.25, 5, -2
406 -> 145, -4, 0.75, 4, -0.5
406 -> 145, -1, 1.25, 4, -0.5
406 -> 145, -4, 0.75, 5, -0.5
408 -> 145, -3, 0.25, 5, -2
410 -> 145, -5, 1.25, 2, -2
410 -> 145, -5, 1.25, 1, -2
412 -> 145, -5, 1.25, 3, -1.5
412 -> 145, -1, 1.25, 5, -2
412 -> 145, -3, 0.25, 5, -0.5
412 -> 145, -5, 0.25, 4, -1.5
412 -> 145, -5, 0.25, 1, -1.5
412 -> 145, -5, 0.25, 2, -1.5
412 -> 145, -5, 0.25, 3, -1.5
413 -> 145, -1, 1.75, 2, -0.5
413 -> 145, -2, 0.25, 5, -1
413 -> 145, -2, 0.25, 4, -1
413 -> 145, -4, 0.75, 4, -2
413 -> 145, -5, 0.25, 4, -0.5
413 -> 145, -2, 0.75, 3, -1
413 -> 145, -1, 1.25, 2, -2
413 -> 145, -4, 0.75, 5, -2
413 -> 145, -1, 1.25, 5, -1
413 -> 145, -1, 1.25, 3, -2
413 -> 145, -2, 0.75, 4, -1
413 -> 145, -1, 1.25, 4, -2
414 -> 145, -2, 1.25, 4, -2
414 -> 145, -2, 0.25, 1, -2
414 -> 145, -5, 0.25, 5, -0.5
414 -> 145, -4, 1.25, 2, -0.5
414 -> 145, -2, 0.25, 2, -2
415 -> 145, -3, 0.25, 4, -0.5
415 -> 145, -1, 1.75, 1, -1.5
415 -> 145, -4, 0.25, 4, -1.5
415 -> 145, -1, 0.75, 2, -1
416 -> 145, -2, 0.25, 4, -2
416 -> 145, -2, 0.25, 3, -2
417 -> 145, -2, 1.75, 4, -2
417 -> 145, -3, 0.75, 4, -2
417 -> 145, -3, 0.75, 5, -2
417 -> 145, -1, 1.75, 1, -1
418 -> 145, -3, 0.25, 3, -2
418 -> 145, -3, 0.25, 4, -2
418 -> 145, -3, 0.75, 3, -2
418 -> 145, -1, 1.25, 4, -1.5
419 -> 145, -2, 1.75, 5, -2
419 -> 145, -5, 0.25, 5, -1
419 -> 145, -5, 0.25, 4, -1
419 -> 145, -5, 0.25, 3, -1
419 -> 145, -5, 0.25, 2, -1
419 -> 145, -1, 1.75, 4, -0.5
420 -> 145, -4, 1.75, 5, -1.5
420 -> 145, -2, 1.75, 2, -1.5
420 -> 145, -4, 1.75, 4, -1.5
420 -> 145, -4, 1.75, 3, -1.5
420 -> 145, -2, 1.75, 1, -1.5
420 -> 145, -3, 1.75, 3, -1
420 -> 145, -2, 0.75, 5, -1
420 -> 145, -4, 1.75, 1, -2
422 -> 145, -4, 0.25, 1, -2
422 -> 145, -4, 0.25, 2, -2
422 -> 145, -4, 0.25, 3, -1.5
422 -> 145, -4, 0.25, 3, -2
422 -> 145, -2, 1.75, 3, -1.5
422 -> 145, -2, 1.75, 5, -1
422 -> 145, -2, 1.25, 3, -2
422 -> 145, -2, 1.25, 4, -1.5
425 -> 145, -1, 1.75, 2, -2
425 -> 145, -1, 1.75, 3, -1
425 -> 145, -2, 1.25, 3, -0.5
426 -> 145, -4, 0.75, 1, -1
426 -> 145, -4, 0.75, 2, -1
426 -> 145, -4, 0.75, 4, -1
426 -> 145, -4, 0.75, 5, -1
426 -> 145, -5, 1.25, 2, -1.5
426 -> 145, -3, 0.75, 1, -2
426 -> 145, -3, 0.75, 2, -2
426 -> 145, -4, 0.75, 3, -1
427 -> 145, -4, 1.75, 1, -1.5
427 -> 145, -5, 1.75, 3, -2
427 -> 145, -2, 0.75, 1, -1.5
427 -> 145, -5, 1.75, 2, -2
427 -> 145, -4, 1.75, 2, -1.5
427 -> 145, -5, 1.75, 1, -2
428 -> 145, -4, 0.75, 2, -1.5
428 -> 145, -4, 0.75, 1, -1.5
428 -> 145, -1, 0.25, 5, -0.5
428 -> 145, -2, 1.75, 5, -0.5
429 -> 145, -2, 0.75, 2, -2
429 -> 145, -1, 1.75, 5, -1
430 -> 145, -1, 0.25, 3, -0.5
431 -> 145, -4, 1.75, 5, -2
431 -> 145, -4, 1.75, 3, -2
431 -> 145, -4, 1.25, 1, -0.5
431 -> 145, -2, 1.75, 1, -0.5
431 -> 145, -4, 1.75, 4, -2
431 -> 145, -4, 1.75, 2, -2
432 -> 145, -2, 1.75, 1, -2
432 -> 145, -2, 1.25, 5, -1.5
433 -> 145, -1, 1.75, 1, -2
433 -> 145, -2, 0.25, 2, -1.5
433 -> 145, -5, 0.25, 1, -1
433 -> 145, -1, 0.75, 3, -1
433 -> 145, -2, 0.25, 1, -1.5
433 -> 145, -1, 0.25, 1, -1
433 -> 145, -4, 1.75, 1, -1
433 -> 145, -2, 0.25, 3, -1.5
433 -> 145, -1, 1.25, 2, -1
433 -> 145, -1, 1.25, 3, -1
433 -> 145, -3, 0.25, 2, -1
433 -> 145, -3, 0.25, 1, -1
433 -> 145, -4, 1.75, 2, -1
433 -> 145, -2, 0.25, 4, -1.5
434 -> 145, -1, 1.25, 3, -1.5
435 -> 145, -2, 1.25, 1, -1.5
435 -> 145, -2, 1.25, 3, -1.5
435 -> 145, -2, 1.25, 2, -1.5
435 -> 145, -2, 0.75, 5, -2
437 -> 145, -1, 1.75, 3, -1.5
437 -> 145, -1, 1.75, 3, -2
437 -> 145, -1, 0.75, 2, -2
437 -> 145, -1, 1.75, 2, -1.5
439 -> 145, -2, 0.25, 5, -2
439 -> 145, -1, 0.75, 1, -2
439 -> 145, -1, 1.25, 5, -1.5
440 -> 145, -1, 1.25, 2, -1.5
440 -> 145, -2, 1.25, 5, -1
440 -> 145, -2, 0.75, 2, -0.5
441 -> 145, -3, 0.25, 1, -0.5
441 -> 145, -3, 0.25, 3, -0.5
441 -> 145, -1, 1.75, 5, -2
441 -> 145, -1, 1.75, 4, -2
441 -> 145, -3, 0.25, 2, -0.5
442 -> 145, -5, 1.25, 4, -1.5
442 -> 145, -5, 1.25, 5, -1.5
442 -> 145, -1, 1.75, 5, -0.5
443 -> 145, -2, 1.25, 1, -2
443 -> 145, -3, 1.25, 4, -1.5
443 -> 145, -3, 1.25, 3, -1.5
443 -> 145, -3, 1.25, 5, -1.5
443 -> 145, -3, 1.25, 2, -1.5
443 -> 145, -3, 1.25, 1, -1.5
444 -> 145, -2, 1.75, 5, -1.5
445 -> 145, -2, 1.75, 4, -1.5
445 -> 145, -2, 1.25, 4, -0.5
445 -> 145, -2, 1.25, 5, -0.5
445 -> 145, -2, 0.75, 4, -2
446 -> 145, -1, 0.75, 5, -0.5
447 -> 145, -1, 1.25, 1, -2
447 -> 145, -2, 1.25, 5, -2
447 -> 145, -3, 0.25, 1, -2
447 -> 145, -3, 0.25, 2, -2
447 -> 145, -2, 1.25, 2, -2
450 -> 145, -1, 0.25, 4, -0.5
450 -> 145, -2, 1.75, 3, -0.5
450 -> 145, -5, 0.75, 5, -0.5
450 -> 145, -4, 0.25, 5, -2
450 -> 145, -4, 0.25, 4, -2
451 -> 145, -1, 0.75, 4, -2
451 -> 145, -1, 0.75, 3, -2
451 -> 145, -5, 0.75, 1, -1
451 -> 145, -5, 0.75, 2, -1
451 -> 145, -5, 0.75, 3, -1
452 -> 145, -2, 1.25, 2, -0.5
452 -> 145, -2, 1.25, 1, -0.5
453 -> 145, -2, 0.25, 5, -0.5
454 -> 145, -3, 0.25, 2, -1.5
454 -> 145, -3, 0.25, 3, -1
454 -> 145, -3, 0.25, 3, -1.5
454 -> 145, -3, 0.25, 4, -1.5
454 -> 145, -3, 0.25, 1, -1.5
454 -> 145, -3, 0.25, 5, -1.5
455 -> 145, -2, 0.75, 1, -2
455 -> 145, -1, 0.75, 5, -2
455 -> 145, -1, 1.25, 1, -1.5
456 -> 145, -1, 0.25, 2, -0.5
456 -> 145, -1, 0.25, 1, -0.5
457 -> 145, -5, 1.25, 4, -1
457 -> 145, -1, 1.25, 4, -1
457 -> 145, -5, 1.25, 5, -1
458 -> 145, -2, 1.75, 2, -1
458 -> 145, -2, 1.75, 1, -1
458 -> 145, -2, 1.75, 3, -1
459 -> 145, -5, 0.75, 1, -1.5
460 -> 145, -3, 1.75, 5, -1.5
460 -> 145, -3, 1.25, 1, -1
460 -> 145, -3, 1.75, 4, -1.5
460 -> 145, -2, 0.25, 2, -1
460 -> 145, -3, 1.75, 3, -1.5
460 -> 145, -3, 1.75, 2, -1.5
460 -> 145, -3, 1.75, 1, -1.5
460 -> 145, -3, 1.25, 2, -1
460 -> 145, -3, 1.25, 4, -1
460 -> 145, -3, 1.25, 5, -1
460 -> 145, -3, 1.25, 3, -1
461 -> 145, -2, 0.75, 3, -2
461 -> 145, -5, 0.25, 5, -2
462 -> 145, -2, 1.75, 4, -1
462 -> 145, -3, 0.75, 5, -1
462 -> 145, -3, 0.75, 4, -1
463 -> 145, -2, 0.75, 4, -0.5
463 -> 145, -2, 0.75, 3, -0.5
466 -> 145, -3, 0.75, 3, -1
466 -> 145, -5, 0.75, 4, -1
467 -> 145, -2, 0.75, 2, -1.5
468 -> 145, -1, 0.75, 2, -0.5
468 -> 145, -3, 1.75, 2, -2
468 -> 145, -3, 1.75, 5, -2
468 -> 145, -3, 1.75, 3, -2
468 -> 145, -2, 0.25, 3, -1
468 -> 145, -2, 0.75, 1, -0.5
468 -> 145, -3, 1.75, 4, -2
469 -> 145, -4, 1.75, 4, -0.5
469 -> 145, -2, 0.25, 4, -0.5
469 -> 145, -2, 0.25, 3, -0.5
469 -> 145, -1, 0.75, 3, -0.5
469 -> 145, -2, 1.75, 4, -0.5
469 -> 145, -5, 1.25, 3, -1
469 -> 145, -1, 0.75, 4, -0.5
470 -> 145, -5, 1.25, 2, -1
470 -> 145, -1, 1.75, 3, -0.5
471 -> 145, -5, 0.75, 3, -0.5
471 -> 145, -5, 0.75, 2, -0.5
471 -> 145, -5, 0.75, 1, -0.5
471 -> 145, -5, 0.75, 4, -0.5
474 -> 145, -2, 0.25, 2, -0.5
474 -> 145, -2, 0.25, 5, -1.5
474 -> 145, -1, 0.25, 1, -2
475 -> 145, -1, 0.25, 4, -1
475 -> 145, -5, 0.75, 5, -1
475 -> 145, -1, 0.25, 3, -1
475 -> 145, -1, 0.25, 2, -1
475 -> 145, -1, 0.25, 5, -1
479 -> 145, -1, 0.75, 4, -1.5
479 -> 145, -3, 1.75, 1, -2
479 -> 145, -1, 0.75, 3, -1.5
479 -> 145, -1, 0.75, 2, -1.5
479 -> 145, -1, 0.75, 5, -1.5
482 -> 145, -4, 0.75, 3, -2
482 -> 145, -1, 0.75, 1, -1.5
483 -> 145, -3, 0.75, 1, -1.5
483 -> 145, -3, 0.75, 2, -1.5
483 -> 145, -3, 0.75, 3, -1.5
483 -> 145, -3, 0.75, 4, -1.5
483 -> 145, -3, 0.75, 5, -1.5
484 -> 145, -4, 0.75, 2, -2
484 -> 145, -2, 0.75, 5, -1.5
484 -> 145, -4, 0.75, 1, -2
484 -> 145, -2, 0.75, 3, -1.5
484 -> 145, -2, 0.75, 4, -1.5
491 -> 145, -2, 0.75, 2, -1
491 -> 145, -2, 0.75, 1, -1
493 -> 145, -4, 1.75, 5, -0.5
494 -> 145, -5, 1.75, 1, -1.5
494 -> 145, -1, 0.25, 1, -1.5
494 -> 145, -5, 1.75, 3, -1.5
494 -> 145, -5, 1.75, 5, -1.5
494 -> 145, -1, 0.25, 2, -1.5
494 -> 145, -5, 1.75, 4, -1.5
494 -> 145, -5, 1.75, 2, -1.5
498 -> 145, -3, 1.25, 1, -0.5
503 -> 145, -4, 0.25, 3, -1
503 -> 145, -4, 0.25, 4, -1
503 -> 145, -4, 0.25, 1, -1
503 -> 145, -4, 0.25, 5, -1
503 -> 145, -4, 0.25, 2, -1
504 -> 145, -4, 1.75, 3, -0.5
504 -> 145, -4, 1.75, 2, -0.5
505 -> 145, -3, 1.75, 5, -0.5
505 -> 145, -1, 0.25, 3, -1.5
507 -> 145, -1, 0.25, 2, -2
507 -> 145, -3, 1.75, 4, -0.5
507 -> 145, -1, 0.25, 3, -2
507 -> 145, -3, 1.75, 3, -0.5
509 -> 145, -4, 1.25, 1, -1
509 -> 145, -1, 0.25, 4, -2
509 -> 145, -4, 1.25, 2, -1
509 -> 145, -4, 1.25, 3, -1
509 -> 145, -4, 1.25, 5, -1
509 -> 145, -4, 1.25, 4, -1
509 -> 145, -1, 0.25, 5, -2
510 -> 145, -2, 0.75, 5, -0.5
510 -> 145, -2, 1.25, 2, -1
510 -> 145, -2, 1.25, 1, -1
510 -> 145, -4, 1.25, 4, -0.5
510 -> 145, -2, 1.25, 4, -1
510 -> 145, -2, 1.25, 3, -1
510 -> 145, -4, 1.25, 3, -0.5
511 -> 145, -4, 1.75, 1, -0.5
514 -> 145, -3, 0.75, 2, -1
514 -> 145, -3, 0.75, 1, -1
516 -> 145, -5, 1.75, 4, -1
516 -> 145, -3, 1.25, 5, -0.5
516 -> 145, -5, 1.75, 3, -1
516 -> 145, -3, 1.25, 2, -0.5
516 -> 145, -5, 1.75, 5, -1
516 -> 145, -5, 1.75, 2, -1
516 -> 145, -3, 1.25, 4, -0.5
516 -> 145, -5, 1.75, 1, -1
516 -> 145, -3, 1.25, 3, -0.5
517 -> 145, -3, 1.75, 1, -0.5
517 -> 145, -3, 1.75, 2, -0.5
521 -> 145, -2, 0.25, 1, -1
525 -> 145, -1, 0.25, 5, -1.5
525 -> 145, -1, 0.25, 4, -1.5
531 -> 145, -3, 0.75, 5, -0.5
531 -> 145, -3, 0.75, 4, -0.5
533 -> 145, -4, 1.25, 5, -0.5
533 -> 145, -5, 0.25, 3, -0.5
534 -> 145, -5, 0.25, 1, -0.5
534 -> 145, -3, 0.75, 3, -0.5
534 -> 145, -5, 0.25, 2, -0.5
535 -> 145, -2, 0.25, 1, -0.5
535 -> 145, -3, 0.75, 1, -0.5
536 -> 145, -4, 0.25, 4, -0.5
536 -> 145, -4, 0.25, 2, -0.5
536 -> 145, -4, 0.25, 3, -0.5
538 -> 145, -4, 0.25, 1, -0.5
538 -> 145, -3, 0.75, 2, -0.5
545 -> 145, -1, 0.75, 1, -0.5
567 -> 145, -4, 0.75, 3, -0.5
569 -> 145, -4, 0.75, 2, -0.5
581 -> 145, -4, 0.25, 5, -0.5
588 -> 145, -5, 1.25, 1, -0.5
614 -> 145, -5, 1.25, 4, -0.5
614 -> 145, -5, 1.25, 3, -0.5
614 -> 145, -5, 1.25, 2, -0.5
614 -> 145, -5, 1.25, 5, -0.5
619 -> 145, -4, 0.75, 1, -0.5
630 -> 145, -5, 1.75, 2, -0.5
630 -> 145, -5, 1.75, 3, -0.5
630 -> 145, -5, 1.75, 4, -0.5
630 -> 145, -5, 1.75, 1, -0.5
630 -> 145, -5, 1.75, 5, -0.5
