329 -> 259, -5, 1.25, 5, -1
340 -> 259, -5, 1.75, 5, -1.5
346 -> 259, -2, 1.75, 4, -1.5
352 -> 259, -2, 1.25, 1, -0.5
357 -> 259, -5, 1.25, 4, -2
357 -> 259, -4, 0.75, 4, -0.5
357 -> 259, -4, 0.75, 5, -0.5
357 -> 259, -4, 0.75, 3, -0.5
363 -> 259, -5, 0.75, 4, -0.5
364 -> 259, -1, 1.25, 3, -0.5
364 -> 259, -5, 0.75, 3, -0.5
367 -> 259, -5, 0.75, 5, -0.5
369 -> 259, -2, 1.75, 5, -1.5
370 -> 259, -5, 1.75, 1, -1
370 -> 259, -4, 0.75, 2, -0.5
370 -> 259, -5, 1.75, 2, -1
379 -> 259, -1, 0.75, 2, -0.5
379 -> 259, -4, 1.25, 2, -1
379 -> 259, -1, 1.75, 1, -1
380 -> 259, -4, 1.25, 4, -1
380 -> 259, -4, 1.25, 5, -1
380 -> 259, -4, 1.25, 3, -1
380 -> 259, -5, 1.75, 5, -2
381 -> 259, -5, 1.75, 3, -1.5
381 -> 259, -5, 1.75, 4, -1.5
382 -> 259, -1, 1.25, 5, -1
382 -> 259, -1, 1.25, 4, -1
382 -> 259, -1, 1.25, 2, -1
384 -> 259, -1, 1.25, 5, -2
385 -> 259, -3, 1.25, 4, -0.5
385 -> 259, -4, 0.75, 1, -0.5
387 -> 259, -1, 1.75, 2, -0.5
387 -> 259, -4, 1.25, 1, -1
387 -> 259, -1, 1.25, 4, -2
389 -> 259, -3, 1.75, 1, -1
389 -> 259, -2, 0.75, 1, -1.5
389 -> 259, -2, 1.75, 4, -0.5
390 -> 259, -1, 1.25, 2, -0.5
390 -> 259, -5, 1.25, 3, -2
391 -> 259, -1, 0.25, 1, -1.5
392 -> 259, -3, 1.75, 4, -0.5
392 -> 259, -3, 1.75, 3, -0.5
394 -> 259, -2, 1.25, 2, -0.5
395 -> 259, -2, 0.75, 2, -1.5
396 -> 259, -2, 0.75, 3, -2
396 -> 259, -1, 1.75, 5, -2
396 -> 259, -3, 1.75, 5, -1
396 -> 259, -3, 1.75, 4, -2
397 -> 259, -2, 1.25, 4, -1
397 -> 259, -3, 1.75, 2, -1
400 -> 259, -3, 1.25, 5, -0.5
401 -> 259, -4, 1.75, 5, -2
401 -> 259, -3, 1.25, 5, -1.5
401 -> 259, -3, 1.25, 2, -1.5
401 -> 259, -2, 1.75, 2, -1.5
401 -> 259, -3, 1.25, 4, -1.5
402 -> 259, -2, 1.75, 1, -1
402 -> 259, -5, 1.75, 3, -1
402 -> 259, -3, 1.25, 5, -1
402 -> 259, -5, 1.25, 2, -1
403 -> 259, -2, 1.75, 3, -0.5
403 -> 259, -2, 1.75, 2, -0.5
404 -> 259, -3, 1.25, 2, -0.5
405 -> 259, -2, 1.75, 3, -1.5
405 -> 259, -3, 1.25, 3, -0.5
406 -> 259, -2, 1.75, 4, -1
406 -> 259, -3, 1.75, 1, -0.5
406 -> 259, -2, 1.25, 3, -0.5
406 -> 259, -2, 1.75, 3, -1
409 -> 259, -5, 0.75, 4, -1
409 -> 259, -5, 0.75, 2, -1
409 -> 259, -3, 1.25, 3, -1.5
409 -> 259, -5, 0.75, 3, -1
411 -> 259, -5, 0.75, 2, -1.5
411 -> 259, -1, 1.75, 4, -0.5
411 -> 259, -5, 0.75, 1, -1.5
412 -> 259, -1, 1.25, 3, -1
412 -> 259, -2, 0.25, 3, -0.5
412 -> 259, -1, 1.75, 1, -1.5
412 -> 259, -2, 0.25, 2, -0.5
412 -> 259, -2, 1.75, 1, -1.5
413 -> 259, -3, 0.75, 2, -0.5
413 -> 259, -3, 1.75, 2, -0.5
413 -> 259, -2, 0.25, 4, -2
413 -> 259, -1, 1.25, 5, -0.5
413 -> 259, -1, 1.25, 4, -0.5
413 -> 259, -2, 0.25, 3, -2
415 -> 259, -5, 0.75, 2, -2
417 -> 259, -2, 1.25, 4, -0.5
418 -> 259, -1, 1.75, 3, -1.5
420 -> 259, -5, 1.75, 2, -1.5
420 -> 259, -3, 1.75, 4, -1.5
420 -> 259, -3, 1.75, 5, -1.5
420 -> 259, -4, 1.75, 5, -0.5
420 -> 259, -5, 1.75, 1, -1.5
420 -> 259, -1, 1.75, 4, -2
420 -> 259, -4, 1.25, 4, -1.5
421 -> 259, -4, 1.75, 4, -0.5
422 -> 259, -2, 0.75, 5, -0.5
422 -> 259, -2, 0.75, 4, -0.5
422 -> 259, -2, 0.75, 1, -0.5
423 -> 259, -3, 1.75, 5, -0.5
423 -> 259, -1, 1.25, 1, -2
424 -> 259, -1, 1.75, 3, -0.5
424 -> 259, -1, 1.75, 5, -1.5
424 -> 259, -3, 1.75, 1, -2
424 -> 259, -3, 1.75, 3, -1
424 -> 259, -2, 1.75, 1, -0.5
424 -> 259, -3, 0.25, 1, -0.5
424 -> 259, -3, 1.75, 4, -1
425 -> 259, -4, 1.75, 3, -1
425 -> 259, -4, 1.75, 5, -1
425 -> 259, -4, 1.75, 4, -1
426 -> 259, -2, 1.25, 5, -2
426 -> 259, -5, 1.75, 4, -2
426 -> 259, -3, 0.75, 3, -1
426 -> 259, -4, 0.75, 2, -1
426 -> 259, -4, 0.75, 3, -1
427 -> 259, -3, 1.75, 5, -2
427 -> 259, -2, 0.25, 1, -1
428 -> 259, -1, 1.75, 2, -1.5
428 -> 259, -2, 1.75, 5, -2
430 -> 259, -5, 0.25, 1, -2
430 -> 259, -5, 1.25, 4, -1.5
430 -> 259, -5, 1.25, 5, -1.5
431 -> 259, -5, 1.75, 5, -0.5
431 -> 259, -1, 1.25, 3, -2
432 -> 259, -1, 0.75, 3, -1
432 -> 259, -1, 0.75, 4, -1
432 -> 259, -1, 1.25, 5, -1.5
433 -> 259, -1, 1.75, 5, -0.5
433 -> 259, -2, 1.75, 5, -0.5
433 -> 259, -2, 0.25, 1, -0.5
434 -> 259, -2, 0.25, 3, -1.5
434 -> 259, -5, 1.75, 3, -2
434 -> 259, -2, 0.25, 4, -1.5
434 -> 259, -2, 0.25, 5, -1.5
435 -> 259, -3, 1.25, 5, -2
435 -> 259, -2, 0.25, 4, -1
435 -> 259, -2, 0.25, 5, -1
435 -> 259, -2, 1.25, 5, -0.5
435 -> 259, -5, 1.75, 1, -2
435 -> 259, -3, 1.25, 4, -2
436 -> 259, -4, 1.25, 5, -1.5
436 -> 259, -2, 1.75, 2, -1
437 -> 259, -1, 1.25, 4, -1.5
437 -> 259, -1, 1.25, 2, -2
437 -> 259, -3, 1.25, 1, -2
437 -> 259, -4, 0.75, 5, -1
437 -> 259, -1, 1.25, 3, -1.5
438 -> 259, -2, 1.75, 5, -1
439 -> 259, -1, 1.75, 5, -1
439 -> 259, -5, 1.75, 3, -0.5
439 -> 259, -3, 0.75, 5, -0.5
439 -> 259, -5, 0.75, 3, -1.5
439 -> 259, -5, 0.75, 4, -1.5
439 -> 259, -5, 0.75, 5, -1.5
440 -> 259, -1, 0.75, 2, -1
440 -> 259, -5, 0.25, 1, -1.5
440 -> 259, -5, 0.25, 2, -1.5
440 -> 259, -3, 1.75, 1, -1.5
440 -> 259, -3, 1.75, 2, -1.5
440 -> 259, -3, 1.75, 3, -1.5
441 -> 259, -1, 0.25, 5, -1.5
441 -> 259, -1, 0.25, 4, -1.5
441 -> 259, -1, 0.25, 3, -1.5
441 -> 259, -5, 0.25, 4, -1.5
441 -> 259, -5, 0.25, 5, -1.5
443 -> 259, -2, 0.75, 2, -0.5
443 -> 259, -1, 1.25, 1, -0.5
443 -> 259, -4, 1.25, 3, -1.5
443 -> 259, -2, 0.75, 3, -0.5
443 -> 259, -2, 0.25, 4, -0.5
443 -> 259, -4, 1.25, 2, -1.5
443 -> 259, -4, 1.25, 1, -1.5
443 -> 259, -2, 1.25, 5, -1
444 -> 259, -1, 0.75, 5, -1
445 -> 259, -4, 1.25, 4, -0.5
445 -> 259, -4, 1.25, 5, -0.5
446 -> 259, -3, 0.75, 3, -0.5
446 -> 259, -1, 1.75, 4, -1.5
446 -> 259, -2, 1.25, 1, -2
447 -> 259, -3, 0.75, 3, -1.5
447 -> 259, -1, 0.25, 3, -2
447 -> 259, -5, 1.75, 2, -0.5
447 -> 259, -1, 0.25, 2, -2
447 -> 259, -1, 0.25, 2, -1
447 -> 259, -1, 0.25, 1, -2
447 -> 259, -3, 0.75, 4, -0.5
447 -> 259, -5, 1.25, 2, -2
447 -> 259, -5, 1.75, 1, -0.5
447 -> 259, -5, 1.25, 1, -2
447 -> 259, -2, 1.25, 2, -2
448 -> 259, -5, 0.25, 3, -2
448 -> 259, -5, 0.25, 4, -2
448 -> 259, -5, 0.25, 5, -2
448 -> 259, -5, 0.25, 2, -2
449 -> 259, -4, 0.75, 5, -2
450 -> 259, -1, 0.25, 4, -2
450 -> 259, -3, 0.75, 4, -1.5
450 -> 259, -3, 0.75, 5, -1.5
450 -> 259, -5, 0.25, 3, -1.5
451 -> 259, -1, 0.75, 1, -2
451 -> 259, -1, 0.75, 4, -2
451 -> 259, -1, 0.75, 3, -2
451 -> 259, -1, 0.75, 5, -2
451 -> 259, -1, 0.75, 2, -2
451 -> 259, -2, 0.75, 2, -2
453 -> 259, -3, 1.75, 3, -2
453 -> 259, -4, 0.25, 2, -2
453 -> 259, -5, 0.75, 4, -2
453 -> 259, -5, 0.75, 5, -2
453 -> 259, -2, 0.25, 3, -1
453 -> 259, -2, 0.25, 2, -1
453 -> 259, -5, 0.75, 3, -2
453 -> 259, -3, 1.75, 2, -2
453 -> 259, -4, 0.25, 1, -2
453 -> 259, -4, 1.75, 2, -1
453 -> 259, -4, 1.75, 1, -1
454 -> 259, -1, 1.75, 1, -2
455 -> 259, -2, 1.75, 2, -2
455 -> 259, -1, 1.25, 1, -1
455 -> 259, -2, 0.75, 5, -1.5
455 -> 259, -2, 0.75, 4, -1.5
456 -> 259, -1, 1.75, 2, -1
457 -> 259, -2, 0.75, 3, -1.5
457 -> 259, -4, 1.75, 4, -1.5
457 -> 259, -4, 1.75, 5, -1.5
457 -> 259, -3, 1.25, 2, -2
457 -> 259, -4, 1.75, 1, -1.5
457 -> 259, -3, 1.25, 3, -2
457 -> 259, -4, 1.75, 3, -1.5
457 -> 259, -4, 1.75, 2, -1.5
458 -> 259, -1, 0.75, 4, -1.5
458 -> 259, -1, 0.75, 3, -1.5
458 -> 259, -1, 0.75, 2, -1.5
458 -> 259, -1, 0.75, 1, -1.5
458 -> 259, -1, 0.25, 5, -2
458 -> 259, -1, 0.75, 5, -1.5
458 -> 259, -2, 0.75, 2, -1
459 -> 259, -2, 1.75, 3, -2
461 -> 259, -5, 1.25, 1, -1.5
461 -> 259, -5, 1.25, 2, -1.5
461 -> 259, -5, 1.25, 3, -1.5
461 -> 259, -3, 0.75, 5, -2
461 -> 259, -3, 0.75, 4, -2
461 -> 259, -3, 0.75, 3, -2
461 -> 259, -1, 0.75, 1, -0.5
462 -> 259, -2, 1.25, 3, -1
462 -> 259, -1, 0.25, 3, -1
462 -> 259, -1, 0.25, 4, -1
462 -> 259, -1, 0.25, 5, -1
462 -> 259, -2, 1.25, 2, -1
465 -> 259, -2, 1.25, 1, -1.5
465 -> 259, -2, 1.25, 3, -1.5
465 -> 259, -2, 1.25, 2, -1.5
467 -> 259, -4, 0.75, 4, -1
468 -> 259, -3, 0.75, 2, -1.5
468 -> 259, -3, 0.75, 1, -1.5
468 -> 259, -4, 0.75, 4, -2
469 -> 259, -4, 0.75, 1, -1
469 -> 259, -1, 0.25, 1, -1
470 -> 259, -1, 0.75, 1, -1
470 -> 259, -3, 0.75, 1, -2
470 -> 259, -3, 0.75, 2, -2
472 -> 259, -3, 1.25, 4, -1
472 -> 259, -2, 1.25, 3, -2
472 -> 259, -3, 1.25, 3, -1
472 -> 259, -3, 1.25, 2, -1
472 -> 259, -5, 1.75, 5, -1
472 -> 259, -3, 1.25, 1, -1
472 -> 259, -1, 1.75, 1, -0.5
472 -> 259, -1, 0.75, 3, -0.5
473 -> 259, -2, 0.75, 4, -1
473 -> 259, -2, 0.75, 3, -1
473 -> 259, -2, 1.75, 4, -2
474 -> 259, -5, 1.75, 4, -1
474 -> 259, -2, 1.25, 4, -2
475 -> 259, -1, 0.25, 2, -1.5
476 -> 259, -1, 0.25, 2, -0.5
476 -> 259, -4, 1.25, 1, -2
477 -> 259, -5, 1.25, 5, -2
478 -> 259, -1, 1.75, 3, -1
478 -> 259, -1, 1.75, 4, -1
478 -> 259, -2, 0.25, 5, -2
479 -> 259, -5, 0.75, 1, -2
479 -> 259, -5, 0.25, 1, -0.5
479 -> 259, -4, 0.75, 3, -2
479 -> 259, -3, 0.25, 1, -1.5
479 -> 259, -5, 0.25, 2, -0.5
479 -> 259, -4, 0.75, 2, -2
480 -> 259, -3, 0.25, 3, -2
480 -> 259, -3, 0.25, 4, -2
480 -> 259, -3, 0.25, 5, -0.5
480 -> 259, -3, 0.25, 5, -2
480 -> 259, -4, 0.25, 3, -0.5
480 -> 259, -3, 0.25, 2, -2
480 -> 259, -4, 0.25, 2, -0.5
482 -> 259, -4, 0.25, 1, -0.5
483 -> 259, -2, 0.25, 2, -1.5
483 -> 259, -4, 1.75, 3, -2
483 -> 259, -4, 1.75, 4, -2
483 -> 259, -4, 1.75, 3, -0.5
483 -> 259, -4, 1.75, 2, -2
483 -> 259, -2, 0.25, 2, -2
483 -> 259, -4, 1.25, 3, -2
483 -> 259, -4, 1.75, 2, -0.5
483 -> 259, -4, 1.25, 2, -2
483 -> 259, -4, 1.75, 1, -0.5
483 -> 259, -4, 1.25, 5, -2
483 -> 259, -2, 0.25, 1, -2
483 -> 259, -4, 1.25, 4, -2
484 -> 259, -2, 1.25, 1, -1
484 -> 259, -3, 1.25, 1, -0.5
484 -> 259, -1, 1.25, 2, -1.5
488 -> 259, -1, 0.25, 1, -0.5
488 -> 259, -4, 0.75, 1, -1.5
488 -> 259, -4, 0.75, 1, -2
488 -> 259, -4, 0.75, 2, -1.5
489 -> 259, -1, 1.75, 2, -2
489 -> 259, -4, 1.25, 3, -0.5
489 -> 259, -1, 1.75, 3, -2
492 -> 259, -2, 1.25, 4, -1.5
492 -> 259, -2, 1.25, 5, -1.5
494 -> 259, -1, 0.75, 4, -0.5
494 -> 259, -3, 0.25, 4, -0.5
494 -> 259, -2, 0.75, 5, -1
497 -> 259, -1, 1.25, 1, -1.5
498 -> 259, -3, 0.25, 2, -0.5
498 -> 259, -3, 0.25, 3, -0.5
499 -> 259, -5, 1.25, 1, -1
500 -> 259, -1, 0.25, 5, -0.5
500 -> 259, -1, 0.25, 4, -0.5
500 -> 259, -1, 0.25, 3, -0.5
502 -> 259, -5, 0.75, 5, -1
503 -> 259, -2, 0.25, 1, -1.5
503 -> 259, -2, 0.75, 1, -1
504 -> 259, -5, 0.75, 1, -1
504 -> 259, -5, 1.25, 4, -1
504 -> 259, -5, 1.25, 3, -1
505 -> 259, -4, 0.25, 3, -1.5
505 -> 259, -4, 0.75, 3, -1.5
505 -> 259, -4, 0.75, 4, -1.5
505 -> 259, -4, 0.25, 4, -1.5
505 -> 259, -4, 0.25, 1, -1.5
505 -> 259, -4, 0.25, 2, -1.5
505 -> 259, -4, 0.75, 5, -1.5
505 -> 259, -4, 0.25, 5, -1.5
508 -> 259, -1, 0.75, 5, -0.5
508 -> 259, -2, 0.25, 5, -0.5
509 -> 259, -3, 0.25, 4, -1
510 -> 259, -5, 0.25, 4, -0.5
510 -> 259, -5, 0.25, 3, -0.5
511 -> 259, -2, 0.75, 5, -2
511 -> 259, -2, 0.75, 4, -2
512 -> 259, -3, 0.25, 4, -1.5
512 -> 259, -3, 0.25, 3, -1.5
512 -> 259, -3, 0.25, 5, -1.5
516 -> 259, -3, 0.25, 2, -1.5
517 -> 259, -3, 0.25, 1, -2
519 -> 259, -2, 0.75, 1, -2
523 -> 259, -5, 1.75, 4, -0.5
524 -> 259, -4, 0.25, 5, -2
524 -> 259, -4, 0.25, 3, -2
524 -> 259, -4, 0.25, 4, -2
525 -> 259, -5, 0.25, 1, -1
525 -> 259, -5, 0.25, 5, -1
525 -> 259, -5, 0.25, 2, -1
525 -> 259, -5, 0.25, 4, -1
525 -> 259, -5, 0.25, 3, -1
526 -> 259, -4, 0.25, 3, -1
526 -> 259, -4, 0.25, 4, -1
526 -> 259, -4, 0.25, 5, -1
526 -> 259, -4, 0.25, 2, -1
528 -> 259, -4, 0.25, 1, -1
529 -> 259, -2, 1.75, 1, -2
533 -> 259, -4, 1.25, 2, -0.5
533 -> 259, -5, 0.25, 5, -0.5
538 -> 259, -4, 1.25, 1, -0.5
543 -> 259, -3, 0.25, 1, -1
543 -> 259, -3, 0.25, 3, -1
543 -> 259, -3, 0.25, 2, -1
552 -> 259, -3, 0.75, 5, -1
552 -> 259, -3, 0.75, 4, -1
565 -> 259, -5, 1.75, 2, -2
566 -> 259, -3, 0.75, 2, -1
566 -> 259, -3, 0.75, 1, -1
569 -> 259, -4, 1.75, 1, -2
572 -> 259, -3, 0.25, 5, -1
584 -> 259, -3, 1.25, 1, -1.5
596 -> 259, -4, 0.25, 5, -0.5
596 -> 259, -4, 0.25, 4, -0.5
659 -> 259, -5, 0.75, 2, -0.5
659 -> 259, -5, 0.75, 1, -0.5
712 -> 259, -3, 0.75, 1, -0.5
766 -> 259, -5, 1.25, 1, -0.5
766 -> 259, -5, 1.25, 3, -0.5
766 -> 259, -5, 1.25, 5, -0.5
766 -> 259, -5, 1.25, 4, -0.5
766 -> 259, -5, 1.25, 2, -0.5
