320 -> 458, -5, 0.75, 3, -0.5
337 -> 458, -5, 0.75, 4, -0.5
345 -> 458, -5, 1.25, 4, -0.5
348 -> 458, -5, 1.25, 3, -0.5
350 -> 458, -4, 0.75, 1, -1
361 -> 458, -3, 1.75, 2, -1
363 -> 458, -4, 1.75, 5, -1
371 -> 458, -2, 1.25, 5, -0.5
373 -> 458, -3, 0.75, 1, -1
375 -> 458, -4, 1.75, 4, -1
380 -> 458, -1, 1.25, 5, -0.5
382 -> 458, -2, 0.25, 3, -0.5
382 -> 458, -2, 0.25, 2, -0.5
384 -> 458, -2, 0.75, 4, -0.5
384 -> 458, -5, 1.75, 4, -1.5
384 -> 458, -2, 0.75, 5, -0.5
386 -> 458, -2, 0.75, 4, -1.5
387 -> 458, -5, 1.75, 2, -1.5
388 -> 458, -4, 1.25, 1, -1
390 -> 458, -5, 0.75, 1, -1
390 -> 458, -5, 0.75, 3, -1
390 -> 458, -4, 1.25, 5, -1.5
391 -> 458, -2, 1.25, 2, -0.5
392 -> 458, -5, 1.75, 1, -2
393 -> 458, -3, 1.75, 4, -1
393 -> 458, -3, 0.75, 4, -1
393 -> 458, -2, 1.75, 1, -2
395 -> 458, -3, 0.75, 5, -2
395 -> 458, -1, 1.75, 3, -1
395 -> 458, -3, 0.75, 4, -2
396 -> 458, -3, 0.75, 3, -1
396 -> 458, -2, 1.25, 1, -1
397 -> 458, -3, 0.75, 2, -1
398 -> 458, -5, 1.75, 3, -1.5
398 -> 458, -5, 0.75, 5, -0.5
398 -> 458, -2, 1.25, 1, -0.5
399 -> 458, -5, 0.75, 4, -1
400 -> 458, -2, 0.75, 3, -0.5
401 -> 458, -5, 1.75, 2, -2
401 -> 458, -5, 1.75, 3, -2
401 -> 458, -5, 1.75, 4, -2
401 -> 458, -4, 1.25, 2, -1
401 -> 458, -5, 1.75, 5, -2
402 -> 458, -2, 1.25, 1, -2
402 -> 458, -2, 1.25, 2, -2
406 -> 458, -2, 1.75, 4, -1
406 -> 458, -5, 1.75, 4, -0.5
407 -> 458, -2, 1.75, 4, -0.5
407 -> 458, -2, 1.75, 2, -0.5
407 -> 458, -3, 1.75, 1, -1.5
407 -> 458, -2, 1.75, 3, -0.5
408 -> 458, -5, 1.75, 2, -0.5
408 -> 458, -4, 1.75, 3, -1
408 -> 458, -3, 0.25, 5, -0.5
408 -> 458, -2, 1.75, 5, -1
409 -> 458, -2, 1.25, 3, -2
409 -> 458, -2, 1.75, 1, -1.5
410 -> 458, -4, 1.75, 1, -1.5
410 -> 458, -2, 0.25, 4, -0.5
410 -> 458, -2, 1.25, 1, -1.5
411 -> 458, -2, 1.75, 3, -1
412 -> 458, -1, 1.75, 4, -0.5
412 -> 458, -1, 0.75, 1, -1
413 -> 458, -5, 1.75, 5, -1.5
413 -> 458, -1, 1.25, 4, -0.5
413 -> 458, -5, 0.75, 2, -0.5
414 -> 458, -2, 0.75, 3, -1
414 -> 458, -2, 0.75, 2, -1
414 -> 458, -2, 0.75, 1, -1
414 -> 458, -2, 0.75, 4, -1
415 -> 458, -2, 1.25, 5, -2
415 -> 458, -2, 1.25, 4, -2
415 -> 458, -5, 0.75, 2, -1
416 -> 458, -1, 1.75, 5, -0.5
416 -> 458, -1, 1.25, 3, -1.5
417 -> 458, -5, 1.75, 5, -1
417 -> 458, -5, 1.75, 5, -0.5
417 -> 458, -4, 0.75, 5, -1.5
418 -> 458, -1, 0.75, 2, -0.5
418 -> 458, -1, 0.75, 3, -0.5
419 -> 458, -4, 0.25, 3, -1.5
419 -> 458, -4, 0.25, 4, -1.5
420 -> 458, -4, 0.75, 5, -1
420 -> 458, -2, 1.75, 5, -0.5
420 -> 458, -4, 0.75, 3, -1
420 -> 458, -4, 0.75, 4, -1
421 -> 458, -3, 0.25, 3, -0.5
421 -> 458, -3, 0.25, 2, -0.5
421 -> 458, -3, 0.25, 4, -0.5
421 -> 458, -2, 1.75, 5, -2
422 -> 458, -2, 0.75, 2, -0.5
423 -> 458, -3, 1.25, 1, -1
423 -> 458, -5, 1.25, 5, -0.5
423 -> 458, -5, 0.75, 4, -1.5
424 -> 458, -3, 0.25, 1, -0.5
424 -> 458, -1, 1.75, 4, -1
426 -> 458, -3, 0.75, 5, -1
426 -> 458, -2, 1.75, 4, -1.5
426 -> 458, -3, 0.75, 3, -2
426 -> 458, -1, 0.25, 4, -1
426 -> 458, -3, 0.75, 2, -2
426 -> 458, -3, 0.75, 1, -2
426 -> 458, -2, 1.75, 5, -1.5
426 -> 458, -3, 1.25, 4, -0.5
427 -> 458, -1, 0.25, 3, -1
427 -> 458, -3, 1.25, 5, -1
428 -> 458, -1, 0.25, 5, -1.5
429 -> 458, -1, 0.75, 5, -0.5
430 -> 458, -4, 0.25, 5, -1.5
430 -> 458, -1, 1.25, 1, -1.5
430 -> 458, -1, 1.25, 2, -1.5
431 -> 458, -2, 1.25, 2, -1.5
432 -> 458, -3, 0.25, 2, -1
432 -> 458, -2, 1.25, 5, -1
432 -> 458, -3, 0.25, 3, -1
433 -> 458, -5, 0.75, 5, -1
433 -> 458, -5, 1.75, 2, -1
433 -> 458, -2, 0.75, 5, -1
434 -> 458, -1, 1.75, 2, -2
434 -> 458, -1, 1.75, 1, -2
434 -> 458, -2, 1.75, 2, -2
434 -> 458, -2, 1.75, 3, -2
434 -> 458, -3, 1.25, 2, -1.5
435 -> 458, -5, 1.75, 1, -1.5
435 -> 458, -4, 1.75, 1, -2
435 -> 458, -3, 1.75, 5, -1
436 -> 458, -5, 0.75, 1, -2
437 -> 458, -3, 1.25, 1, -1.5
437 -> 458, -3, 1.25, 4, -1
437 -> 458, -3, 1.25, 3, -1
438 -> 458, -1, 0.25, 2, -1
438 -> 458, -1, 0.25, 1, -1
439 -> 458, -1, 0.75, 4, -0.5
439 -> 458, -2, 0.75, 1, -2
439 -> 458, -5, 0.75, 2, -2
440 -> 458, -3, 0.75, 1, -1.5
440 -> 458, -3, 0.75, 2, -1.5
440 -> 458, -3, 0.75, 3, -1.5
440 -> 458, -3, 1.75, 1, -1
440 -> 458, -1, 0.25, 1, -0.5
440 -> 458, -2, 1.25, 3, -1.5
441 -> 458, -1, 0.25, 5, -0.5
441 -> 458, -5, 0.25, 4, -0.5
441 -> 458, -1, 1.75, 1, -1.5
442 -> 458, -1, 0.25, 5, -1
443 -> 458, -1, 1.25, 2, -2
443 -> 458, -2, 1.75, 2, -1
443 -> 458, -2, 1.75, 2, -1.5
443 -> 458, -2, 1.75, 3, -1.5
444 -> 458, -4, 0.25, 2, -1.5
444 -> 458, -3, 0.25, 1, -1
445 -> 458, -4, 0.25, 2, -0.5
445 -> 458, -4, 1.75, 1, -1
445 -> 458, -4, 1.75, 2, -1
445 -> 458, -1, 0.25, 4, -1.5
446 -> 458, -3, 0.75, 3, -0.5
446 -> 458, -1, 0.25, 3, -1.5
446 -> 458, -1, 0.25, 2, -1.5
447 -> 458, -4, 1.25, 2, -2
447 -> 458, -4, 1.25, 1, -2
447 -> 458, -5, 0.25, 1, -0.5
447 -> 458, -4, 1.25, 3, -2
448 -> 458, -2, 1.75, 4, -2
448 -> 458, -1, 0.75, 3, -1
448 -> 458, -4, 0.75, 1, -2
448 -> 458, -1, 0.75, 2, -1
449 -> 458, -4, 1.25, 5, -0.5
449 -> 458, -4, 0.75, 2, -2
449 -> 458, -5, 1.25, 2, -0.5
449 -> 458, -4, 0.75, 5, -2
449 -> 458, -4, 0.75, 4, -2
449 -> 458, -4, 0.75, 3, -2
450 -> 458, -5, 1.75, 3, -0.5
450 -> 458, -1, 1.75, 5, -1
450 -> 458, -1, 0.25, 1, -2
451 -> 458, -3, 1.25, 1, -0.5
451 -> 458, -3, 1.25, 2, -0.5
451 -> 458, -1, 0.75, 4, -1
451 -> 458, -1, 0.75, 5, -1
451 -> 458, -1, 1.25, 1, -2
452 -> 458, -1, 1.75, 5, -2
452 -> 458, -4, 1.25, 3, -0.5
452 -> 458, -1, 1.25, 3, -0.5
452 -> 458, -4, 1.25, 4, -0.5
452 -> 458, -1, 1.25, 4, -2
452 -> 458, -1, 1.75, 4, -2
452 -> 458, -2, 0.75, 3, -2
452 -> 458, -2, 0.75, 2, -2
453 -> 458, -1, 1.25, 4, -1.5
453 -> 458, -4, 0.75, 2, -1
453 -> 458, -3, 1.25, 5, -0.5
453 -> 458, -5, 0.25, 2, -0.5
454 -> 458, -3, 1.75, 2, -1.5
455 -> 458, -2, 0.25, 4, -1
455 -> 458, -4, 0.25, 4, -0.5
455 -> 458, -2, 1.75, 1, -1
456 -> 458, -1, 1.75, 2, -1
456 -> 458, -1, 0.75, 1, -2
456 -> 458, -2, 0.75, 5, -1.5
456 -> 458, -5, 0.25, 3, -0.5
456 -> 458, -1, 1.75, 2, -0.5
456 -> 458, -1, 1.75, 1, -1
457 -> 458, -1, 0.25, 4, -2
457 -> 458, -1, 0.25, 3, -2
457 -> 458, -1, 0.25, 5, -2
457 -> 458, -3, 1.75, 1, -0.5
457 -> 458, -5, 1.75, 4, -1
458 -> 458, -2, 0.25, 3, -2
458 -> 458, -2, 0.25, 4, -2
459 -> 458, -2, 1.25, 3, -0.5
459 -> 458, -1, 1.25, 1, -1
459 -> 458, -2, 0.25, 5, -2
459 -> 458, -1, 0.25, 2, -2
459 -> 458, -4, 0.25, 1, -0.5
460 -> 458, -5, 1.75, 3, -1
460 -> 458, -3, 0.75, 5, -0.5
460 -> 458, -4, 1.75, 2, -1.5
460 -> 458, -2, 0.75, 1, -0.5
460 -> 458, -3, 0.75, 4, -0.5
460 -> 458, -1, 1.25, 5, -1.5
460 -> 458, -2, 0.25, 3, -1
461 -> 458, -1, 1.75, 1, -0.5
461 -> 458, -1, 1.25, 2, -1
461 -> 458, -1, 1.25, 3, -1
461 -> 458, -1, 1.25, 5, -2
461 -> 458, -1, 1.75, 3, -0.5
461 -> 458, -1, 1.25, 4, -1
461 -> 458, -2, 1.25, 4, -0.5
462 -> 458, -1, 0.75, 1, -1.5
462 -> 458, -1, 1.75, 3, -2
462 -> 458, -2, 1.75, 1, -0.5
462 -> 458, -2, 0.25, 2, -1
463 -> 458, -5, 0.75, 3, -1.5
463 -> 458, -3, 0.75, 1, -0.5
464 -> 458, -4, 0.75, 2, -0.5
464 -> 458, -4, 0.75, 3, -0.5
464 -> 458, -4, 0.75, 4, -0.5
464 -> 458, -4, 0.75, 5, -0.5
464 -> 458, -3, 1.25, 2, -1
464 -> 458, -2, 0.25, 2, -2
465 -> 458, -2, 1.25, 4, -1.5
465 -> 458, -5, 0.25, 2, -2
465 -> 458, -5, 0.25, 1, -2
465 -> 458, -3, 0.25, 1, -2
465 -> 458, -5, 0.25, 5, -2
465 -> 458, -5, 0.25, 4, -2
465 -> 458, -5, 0.25, 3, -2
466 -> 458, -4, 1.25, 4, -2
466 -> 458, -4, 1.25, 5, -2
466 -> 458, -1, 1.25, 3, -2
467 -> 458, -1, 1.25, 1, -0.5
467 -> 458, -4, 1.25, 2, -1.5
467 -> 458, -4, 1.25, 1, -1.5
467 -> 458, -1, 0.75, 1, -0.5
467 -> 458, -1, 1.25, 2, -0.5
467 -> 458, -4, 1.25, 4, -1.5
467 -> 458, -4, 1.25, 3, -1.5
467 -> 458, -2, 0.25, 5, -1.5
468 -> 458, -1, 0.75, 5, -1.5
468 -> 458, -1, 0.75, 4, -1.5
468 -> 458, -4, 1.75, 5, -2
468 -> 458, -4, 1.75, 4, -2
468 -> 458, -4, 1.75, 3, -2
468 -> 458, -4, 1.75, 2, -2
469 -> 458, -3, 1.25, 1, -2
469 -> 458, -1, 0.75, 2, -2
469 -> 458, -1, 0.75, 3, -1.5
469 -> 458, -1, 1.75, 3, -1.5
469 -> 458, -1, 1.75, 4, -1.5
469 -> 458, -1, 0.75, 2, -1.5
469 -> 458, -1, 1.75, 5, -1.5
470 -> 458, -3, 1.25, 3, -2
470 -> 458, -3, 1.25, 4, -2
470 -> 458, -3, 1.25, 5, -2
470 -> 458, -3, 1.25, 2, -2
470 -> 458, -4, 0.25, 1, -1.5
472 -> 458, -3, 0.25, 3, -2
472 -> 458, -3, 0.25, 2, -2
474 -> 458, -2, 1.25, 5, -1.5
474 -> 458, -4, 0.75, 4, -1.5
474 -> 458, -4, 0.75, 3, -1.5
474 -> 458, -3, 1.75, 4, -2
474 -> 458, -3, 1.75, 5, -2
475 -> 458, -5, 0.75, 5, -1.5
475 -> 458, -1, 1.75, 2, -1.5
476 -> 458, -2, 0.25, 1, -2
476 -> 458, -5, 0.75, 5, -2
477 -> 458, -3, 1.75, 3, -2
477 -> 458, -3, 1.75, 2, -2
477 -> 458, -3, 1.75, 1, -2
477 -> 458, -2, 0.25, 5, -0.5
477 -> 458, -2, 0.25, 5, -1
478 -> 458, -4, 0.25, 5, -2
478 -> 458, -4, 0.25, 2, -2
478 -> 458, -4, 0.25, 3, -2
478 -> 458, -4, 0.25, 1, -2
478 -> 458, -4, 0.25, 4, -2
480 -> 458, -2, 1.25, 3, -1
480 -> 458, -2, 0.75, 4, -2
480 -> 458, -4, 0.25, 5, -1
480 -> 458, -2, 1.25, 2, -1
480 -> 458, -4, 0.25, 3, -1
480 -> 458, -4, 0.25, 4, -1
480 -> 458, -4, 0.25, 1, -1
480 -> 458, -4, 0.25, 2, -1
480 -> 458, -2, 1.25, 4, -1
481 -> 458, -1, 1.25, 5, -1
482 -> 458, -5, 1.25, 1, -0.5
482 -> 458, -2, 0.25, 1, -0.5
483 -> 458, -5, 0.25, 1, -1.5
483 -> 458, -5, 0.25, 2, -1.5
484 -> 458, -3, 1.75, 3, -1.5
485 -> 458, -3, 1.75, 5, -1.5
485 -> 458, -5, 0.25, 3, -1.5
485 -> 458, -4, 0.75, 1, -1.5
485 -> 458, -5, 0.25, 4, -1.5
485 -> 458, -4, 0.75, 2, -1.5
485 -> 458, -3, 1.75, 4, -1.5
486 -> 458, -1, 0.25, 4, -0.5
487 -> 458, -1, 0.75, 3, -2
487 -> 458, -1, 0.75, 4, -2
489 -> 458, -3, 1.75, 3, -1
489 -> 458, -5, 0.75, 1, -0.5
489 -> 458, -3, 0.25, 4, -1
489 -> 458, -3, 0.25, 5, -1
490 -> 458, -5, 1.25, 4, -2
490 -> 458, -5, 1.25, 5, -2
490 -> 458, -1, 0.25, 3, -0.5
490 -> 458, -5, 1.25, 3, -2
491 -> 458, -1, 0.25, 2, -0.5
491 -> 458, -3, 0.75, 5, -1.5
491 -> 458, -3, 0.75, 4, -1.5
492 -> 458, -4, 1.75, 3, -1.5
492 -> 458, -3, 0.25, 4, -2
492 -> 458, -4, 1.75, 5, -1.5
492 -> 458, -3, 0.25, 5, -2
492 -> 458, -4, 1.75, 4, -1.5
493 -> 458, -3, 1.25, 5, -1.5
493 -> 458, -3, 1.25, 4, -1.5
493 -> 458, -3, 1.25, 3, -1.5
493 -> 458, -5, 1.75, 1, -1
494 -> 458, -1, 0.75, 5, -2
496 -> 458, -2, 0.75, 5, -2
497 -> 458, -3, 1.25, 3, -0.5
499 -> 458, -4, 0.75, 1, -0.5
500 -> 458, -2, 0.75, 2, -1.5
500 -> 458, -2, 0.75, 3, -1.5
500 -> 458, -2, 0.75, 1, -1.5
503 -> 458, -2, 0.25, 4, -1.5
503 -> 458, -2, 0.25, 3, -1.5
504 -> 458, -5, 0.75, 4, -2
504 -> 458, -5, 0.75, 3, -2
506 -> 458, -2, 0.25, 1, -1.5
506 -> 458, -2, 0.25, 2, -1.5
507 -> 458, -5, 1.75, 1, -0.5
510 -> 458, -1, 0.25, 1, -1.5
510 -> 458, -5, 0.25, 5, -1.5
510 -> 458, -5, 1.25, 2, -2
510 -> 458, -3, 0.75, 2, -0.5
510 -> 458, -5, 1.25, 1, -2
516 -> 458, -3, 0.25, 2, -1.5
516 -> 458, -3, 0.25, 1, -1.5
516 -> 458, -3, 0.25, 5, -1.5
516 -> 458, -3, 0.25, 4, -1.5
516 -> 458, -3, 0.25, 3, -1.5
521 -> 458, -4, 1.25, 5, -1
521 -> 458, -4, 1.25, 4, -1
521 -> 458, -4, 1.25, 3, -1
522 -> 458, -5, 0.25, 1, -1
525 -> 458, -2, 0.25, 1, -1
528 -> 458, -5, 0.25, 2, -1
528 -> 458, -5, 0.25, 3, -1
528 -> 458, -5, 0.25, 4, -1
528 -> 458, -5, 0.25, 5, -1
531 -> 458, -4, 0.25, 5, -0.5
539 -> 458, -5, 1.25, 4, -1
539 -> 458, -5, 1.25, 3, -1
539 -> 458, -5, 1.25, 5, -1
539 -> 458, -5, 1.25, 2, -1
554 -> 458, -5, 0.25, 5, -0.5
557 -> 458, -4, 1.25, 1, -0.5
557 -> 458, -4, 1.25, 2, -0.5
569 -> 458, -4, 0.25, 3, -0.5
586 -> 458, -3, 1.75, 5, -0.5
586 -> 458, -3, 1.75, 3, -0.5
586 -> 458, -3, 1.75, 4, -0.5
586 -> 458, -3, 1.75, 2, -0.5
587 -> 458, -4, 1.75, 1, -0.5
595 -> 458, -5, 1.25, 1, -1
607 -> 458, -5, 0.75, 2, -1.5
607 -> 458, -5, 0.75, 1, -1.5
611 -> 458, -5, 1.25, 5, -1.5
611 -> 458, -5, 1.25, 4, -1.5
611 -> 458, -5, 1.25, 3, -1.5
611 -> 458, -5, 1.25, 2, -1.5
613 -> 458, -5, 1.25, 1, -1.5
674 -> 458, -4, 1.75, 3, -0.5
674 -> 458, -4, 1.75, 4, -0.5
674 -> 458, -4, 1.75, 5, -0.5
674 -> 458, -4, 1.75, 2, -0.5
