346 -> 197, -1, 1.75, 3, -0.5
349 -> 197, -5, 0.75, 3, -1
351 -> 197, -3, 1.75, 4, -0.5
352 -> 197, -3, 1.25, 5, -0.5
353 -> 197, -5, 1.75, 3, -0.5
357 -> 197, -5, 1.25, 2, -2
357 -> 197, -1, 1.75, 4, -0.5
357 -> 197, -5, 1.25, 3, -2
358 -> 197, -1, 1.75, 2, -1
359 -> 197, -4, 1.25, 3, -0.5
369 -> 197, -2, 1.75, 1, -0.5
373 -> 197, -4, 1.75, 5, -0.5
374 -> 197, -1, 1.25, 5, -0.5
375 -> 197, -2, 1.75, 1, -1
376 -> 197, -4, 1.25, 2, -0.5
377 -> 197, -1, 1.75, 5, -1.5
381 -> 197, -2, 1.75, 4, -0.5
383 -> 197, -3, 1.25, 2, -1
384 -> 197, -2, 0.75, 3, -2
385 -> 197, -5, 0.75, 2, -1
386 -> 197, -3, 1.25, 3, -0.5
387 -> 197, -1, 0.75, 5, -0.5
388 -> 197, -2, 0.75, 5, -0.5
388 -> 197, -1, 1.75, 5, -0.5
390 -> 197, -3, 0.75, 1, -0.5
391 -> 197, -1, 1.25, 4, -1
392 -> 197, -5, 1.75, 1, -1.5
392 -> 197, -5, 1.75, 2, -1.5
393 -> 197, -2, 1.75, 5, -0.5
393 -> 197, -1, 1.25, 5, -1.5
394 -> 197, -2, 1.75, 3, -1
395 -> 197, -5, 1.25, 1, -2
396 -> 197, -1, 1.75, 2, -2
396 -> 197, -1, 1.75, 1, -2
396 -> 197, -5, 1.75, 3, -1.5
397 -> 197, -2, 1.25, 4, -2
397 -> 197, -2, 1.25, 2, -2
397 -> 197, -2, 1.25, 3, -2
398 -> 197, -2, 1.75, 3, -2
401 -> 197, -5, 0.25, 3, -1
401 -> 197, -5, 0.25, 2, -1
402 -> 197, -1, 1.25, 1, -0.5
402 -> 197, -5, 0.75, 5, -1
402 -> 197, -1, 1.25, 2, -0.5
404 -> 197, -1, 0.75, 3, -0.5
404 -> 197, -2, 0.75, 2, -1.5
405 -> 197, -2, 1.25, 4, -1.5
405 -> 197, -1, 1.25, 1, -1
406 -> 197, -1, 0.75, 4, -0.5
406 -> 197, -3, 1.75, 1, -0.5
406 -> 197, -1, 1.25, 5, -1
406 -> 197, -3, 0.75, 3, -0.5
406 -> 197, -1, 0.75, 5, -2
406 -> 197, -1, 1.25, 2, -1
407 -> 197, -4, 1.75, 2, -2
407 -> 197, -5, 1.25, 5, -1.5
407 -> 197, -2, 1.75, 2, -0.5
407 -> 197, -5, 1.25, 3, -1.5
407 -> 197, -5, 1.25, 4, -1.5
407 -> 197, -1, 1.75, 4, -1.5
407 -> 197, -4, 1.75, 3, -2
408 -> 197, -4, 1.75, 4, -2
408 -> 197, -4, 1.25, 3, -2
408 -> 197, -1, 0.75, 2, -0.5
409 -> 197, -3, 1.25, 1, -1
410 -> 197, -4, 0.25, 3, -2
410 -> 197, -1, 1.25, 4, -0.5
410 -> 197, -2, 0.75, 2, -0.5
410 -> 197, -1, 1.25, 3, -0.5
410 -> 197, -3, 1.25, 2, -2
410 -> 197, -4, 0.25, 4, -2
411 -> 197, -4, 1.25, 1, -2
411 -> 197, -3, 1.25, 1, -2
411 -> 197, -4, 1.75, 1, -1.5
411 -> 197, -5, 1.75, 4, -1.5
411 -> 197, -5, 1.75, 5, -1.5
412 -> 197, -3, 1.25, 3, -2
412 -> 197, -2, 1.25, 4, -0.5
412 -> 197, -3, 0.75, 4, -0.5
413 -> 197, -4, 1.25, 4, -1.5
413 -> 197, -5, 1.25, 4, -2
414 -> 197, -3, 1.25, 4, -1
414 -> 197, -1, 1.25, 3, -1
414 -> 197, -2, 0.75, 3, -1.5
414 -> 197, -1, 1.75, 5, -2
414 -> 197, -1, 1.75, 4, -2
415 -> 197, -2, 1.25, 5, -2
415 -> 197, -5, 1.75, 1, -1
415 -> 197, -5, 1.75, 2, -1
415 -> 197, -4, 1.25, 4, -2
415 -> 197, -5, 1.75, 3, -1
415 -> 197, -4, 1.25, 5, -2
415 -> 197, -3, 0.75, 2, -1
416 -> 197, -4, 1.75, 2, -1.5
416 -> 197, -3, 1.75, 4, -1
416 -> 197, -3, 1.75, 3, -1
416 -> 197, -5, 1.25, 5, -2
416 -> 197, -5, 0.75, 2, -2
416 -> 197, -5, 0.75, 1, -2
417 -> 197, -4, 0.75, 5, -2
417 -> 197, -3, 0.75, 2, -2
417 -> 197, -4, 0.75, 4, -2
418 -> 197, -5, 0.25, 5, -1
418 -> 197, -5, 1.25, 5, -0.5
419 -> 197, -1, 1.75, 5, -1
419 -> 197, -1, 1.75, 4, -1
420 -> 197, -2, 1.25, 5, -0.5
420 -> 197, -5, 1.75, 3, -2
420 -> 197, -5, 1.25, 1, -1.5
420 -> 197, -5, 1.25, 2, -1.5
420 -> 197, -5, 0.25, 4, -1
420 -> 197, -5, 1.75, 2, -2
420 -> 197, -1, 1.25, 5, -2
421 -> 197, -3, 1.75, 5, -1
421 -> 197, -3, 1.25, 4, -2
421 -> 197, -1, 1.75, 1, -1
421 -> 197, -3, 1.25, 5, -2
421 -> 197, -1, 0.75, 2, -1
422 -> 197, -1, 1.25, 4, -2
423 -> 197, -4, 0.25, 1, -1
423 -> 197, -2, 1.25, 1, -1
424 -> 197, -3, 0.75, 2, -0.5
424 -> 197, -3, 0.25, 1, -0.5
424 -> 197, -2, 0.75, 4, -1.5
424 -> 197, -2, 1.75, 3, -0.5
425 -> 197, -3, 1.25, 2, -1.5
425 -> 197, -3, 1.25, 3, -1.5
425 -> 197, -3, 0.75, 1, -1
425 -> 197, -4, 0.25, 1, -2
427 -> 197, -3, 0.25, 3, -0.5
427 -> 197, -4, 1.25, 1, -1.5
427 -> 197, -3, 0.25, 2, -0.5
427 -> 197, -3, 1.75, 1, -1
427 -> 197, -2, 0.75, 5, -1.5
428 -> 197, -2, 1.75, 1, -2
428 -> 197, -1, 0.75, 3, -1.5
429 -> 197, -1, 0.75, 2, -1.5
429 -> 197, -1, 0.75, 1, -1.5
429 -> 197, -1, 0.25, 5, -2
429 -> 197, -1, 0.25, 4, -2
429 -> 197, -1, 0.25, 3, -2
429 -> 197, -1, 1.75, 3, -1.5
429 -> 197, -1, 1.75, 2, -1.5
429 -> 197, -3, 1.75, 2, -1
429 -> 197, -2, 1.25, 1, -2
429 -> 197, -2, 1.25, 2, -1
429 -> 197, -1, 0.25, 2, -2
430 -> 197, -3, 0.75, 1, -2
430 -> 197, -3, 1.75, 4, -2
430 -> 197, -3, 1.75, 5, -2
431 -> 197, -5, 0.75, 1, -1.5
431 -> 197, -2, 0.75, 1, -1.5
431 -> 197, -2, 1.25, 5, -1.5
431 -> 197, -3, 0.75, 4, -1
431 -> 197, -5, 0.75, 4, -1
432 -> 197, -1, 1.75, 3, -2
433 -> 197, -3, 0.75, 5, -1.5
433 -> 197, -1, 0.75, 3, -2
433 -> 197, -3, 0.75, 4, -1.5
433 -> 197, -1, 0.75, 2, -2
433 -> 197, -3, 0.75, 3, -1
433 -> 197, -2, 1.75, 1, -1.5
433 -> 197, -2, 0.75, 1, -1
433 -> 197, -2, 0.75, 2, -1
434 -> 197, -1, 1.25, 1, -1.5
434 -> 197, -1, 1.25, 2, -1.5
434 -> 197, -1, 1.25, 3, -1.5
434 -> 197, -1, 1.25, 4, -1.5
434 -> 197, -1, 0.25, 5, -1.5
434 -> 197, -1, 0.25, 1, -2
435 -> 197, -5, 1.75, 5, -2
435 -> 197, -4, 1.25, 5, -0.5
436 -> 197, -4, 0.25, 2, -1.5
436 -> 197, -4, 0.25, 5, -1.5
436 -> 197, -4, 0.25, 4, -1.5
436 -> 197, -4, 0.25, 3, -1.5
436 -> 197, -1, 0.75, 1, -0.5
436 -> 197, -1, 1.75, 1, -1.5
436 -> 197, -2, 1.75, 2, -1
436 -> 197, -4, 0.25, 1, -1.5
437 -> 197, -3, 1.25, 4, -1.5
438 -> 197, -1, 0.75, 1, -2
438 -> 197, -2, 0.75, 1, -0.5
438 -> 197, -5, 0.75, 4, -2
438 -> 197, -1, 0.75, 4, -1.5
438 -> 197, -4, 1.25, 2, -2
438 -> 197, -5, 0.75, 5, -2
438 -> 197, -5, 0.75, 3, -2
438 -> 197, -3, 1.25, 5, -1
440 -> 197, -4, 1.75, 5, -1.5
440 -> 197, -4, 1.75, 4, -1.5
440 -> 197, -4, 0.25, 4, -1
440 -> 197, -4, 0.25, 5, -1
441 -> 197, -1, 0.25, 3, -0.5
441 -> 197, -5, 0.25, 4, -2
441 -> 197, -5, 0.25, 5, -2
441 -> 197, -4, 0.25, 3, -0.5
441 -> 197, -2, 1.25, 3, -1
441 -> 197, -5, 0.25, 3, -2
441 -> 197, -5, 0.25, 1, -2
441 -> 197, -5, 0.25, 2, -2
442 -> 197, -1, 0.25, 5, -0.5
442 -> 197, -3, 0.75, 5, -0.5
442 -> 197, -5, 0.25, 4, -1.5
442 -> 197, -2, 1.75, 4, -1.5
442 -> 197, -2, 1.75, 5, -1.5
442 -> 197, -5, 0.25, 5, -1.5
442 -> 197, -2, 1.75, 3, -1.5
443 -> 197, -4, 1.25, 1, -1
443 -> 197, -4, 1.25, 2, -1
443 -> 197, -4, 1.75, 1, -2
443 -> 197, -4, 1.25, 3, -1
444 -> 197, -4, 1.75, 5, -2
444 -> 197, -1, 0.75, 4, -1
444 -> 197, -1, 0.25, 1, -1
445 -> 197, -2, 1.75, 2, -1.5
445 -> 197, -4, 0.25, 2, -2
446 -> 197, -1, 0.75, 5, -1
446 -> 197, -4, 1.75, 3, -1.5
446 -> 197, -1, 0.75, 5, -1.5
446 -> 197, -2, 0.75, 2, -2
447 -> 197, -4, 1.25, 5, -1
447 -> 197, -1, 0.25, 1, -0.5
447 -> 197, -2, 0.25, 2, -2
447 -> 197, -1, 0.25, 2, -0.5
447 -> 197, -2, 0.25, 1, -2
448 -> 197, -3, 1.75, 1, -1.5
448 -> 197, -3, 0.75, 1, -1.5
448 -> 197, -1, 1.25, 2, -2
448 -> 197, -3, 1.75, 2, -1.5
448 -> 197, -1, 1.25, 1, -2
448 -> 197, -1, 1.25, 3, -2
449 -> 197, -2, 0.75, 5, -2
449 -> 197, -1, 0.75, 1, -1
449 -> 197, -2, 0.25, 3, -2
449 -> 197, -2, 0.25, 5, -2
449 -> 197, -2, 1.25, 2, -0.5
449 -> 197, -2, 1.25, 3, -0.5
449 -> 197, -2, 0.25, 4, -2
450 -> 197, -4, 0.25, 4, -0.5
450 -> 197, -4, 0.25, 5, -0.5
451 -> 197, -2, 0.75, 1, -2
451 -> 197, -4, 1.25, 3, -1.5
451 -> 197, -2, 0.75, 4, -2
451 -> 197, -1, 0.25, 4, -0.5
451 -> 197, -3, 0.75, 2, -1.5
452 -> 197, -4, 1.75, 1, -0.5
452 -> 197, -3, 1.25, 3, -1
453 -> 197, -4, 0.75, 2, -2
453 -> 197, -2, 1.75, 2, -2
453 -> 197, -2, 1.25, 2, -1.5
453 -> 197, -4, 0.75, 3, -2
453 -> 197, -3, 1.25, 4, -0.5
453 -> 197, -2, 1.25, 1, -1.5
454 -> 197, -1, 0.75, 3, -1
454 -> 197, -1, 1.75, 2, -0.5
454 -> 197, -1, 1.75, 1, -0.5
454 -> 197, -3, 1.25, 1, -1.5
455 -> 197, -4, 0.25, 2, -1
455 -> 197, -4, 0.25, 3, -1
456 -> 197, -5, 0.25, 1, -1
457 -> 197, -4, 0.25, 5, -2
457 -> 197, -5, 1.75, 4, -2
458 -> 197, -2, 0.75, 4, -0.5
458 -> 197, -2, 1.25, 1, -0.5
458 -> 197, -4, 0.75, 1, -2
459 -> 197, -2, 0.25, 3, -1.5
460 -> 197, -4, 1.25, 2, -1.5
460 -> 197, -2, 0.25, 1, -0.5
460 -> 197, -2, 0.25, 2, -0.5
461 -> 197, -2, 0.25, 3, -0.5
461 -> 197, -2, 0.25, 4, -0.5
461 -> 197, -1, 0.25, 1, -1.5
461 -> 197, -2, 0.25, 5, -0.5
462 -> 197, -5, 0.25, 2, -1.5
462 -> 197, -1, 0.75, 4, -2
462 -> 197, -2, 0.25, 5, -1.5
462 -> 197, -5, 1.75, 4, -0.5
462 -> 197, -2, 0.25, 4, -1.5
462 -> 197, -5, 0.25, 3, -1.5
462 -> 197, -3, 0.75, 3, -1.5
464 -> 197, -2, 0.75, 5, -1
464 -> 197, -2, 0.75, 4, -1
465 -> 197, -3, 1.25, 5, -1.5
465 -> 197, -5, 0.25, 1, -1.5
466 -> 197, -2, 0.75, 3, -1
468 -> 197, -3, 1.75, 4, -1.5
468 -> 197, -3, 1.75, 3, -1.5
469 -> 197, -4, 0.75, 5, -1
470 -> 197, -4, 0.75, 4, -1
470 -> 197, -4, 0.75, 1, -1
470 -> 197, -4, 0.75, 3, -1
470 -> 197, -4, 0.75, 2, -1
471 -> 197, -2, 0.25, 1, -1.5
471 -> 197, -3, 0.75, 5, -1
471 -> 197, -2, 0.25, 2, -1.5
474 -> 197, -2, 1.75, 5, -2
474 -> 197, -5, 1.75, 1, -2
474 -> 197, -2, 1.75, 4, -2
475 -> 197, -3, 0.75, 5, -2
475 -> 197, -3, 0.75, 4, -2
476 -> 197, -2, 0.75, 3, -0.5
477 -> 197, -3, 0.25, 4, -0.5
478 -> 197, -3, 1.25, 1, -0.5
478 -> 197, -3, 1.75, 5, -1.5
479 -> 197, -3, 1.75, 2, -2
479 -> 197, -3, 1.75, 3, -2
479 -> 197, -3, 1.75, 1, -2
480 -> 197, -5, 0.75, 4, -1.5
480 -> 197, -5, 0.75, 3, -1.5
480 -> 197, -5, 0.75, 5, -1.5
480 -> 197, -5, 0.75, 2, -1.5
482 -> 197, -3, 1.25, 2, -0.5
482 -> 197, -1, 1.75, 3, -1
484 -> 197, -3, 1.75, 3, -0.5
484 -> 197, -5, 1.25, 2, -1
486 -> 197, -1, 0.25, 5, -1
486 -> 197, -1, 0.25, 4, -1
486 -> 197, -1, 0.25, 3, -1
487 -> 197, -1, 0.25, 4, -1.5
487 -> 197, -1, 0.25, 3, -1.5
487 -> 197, -1, 0.25, 2, -1.5
489 -> 197, -3, 0.75, 3, -2
492 -> 197, -5, 1.25, 1, -1
495 -> 197, -4, 1.75, 5, -1
498 -> 197, -2, 1.25, 4, -1
498 -> 197, -2, 1.25, 5, -1
500 -> 197, -3, 0.25, 5, -1.5
500 -> 197, -3, 0.25, 2, -1.5
500 -> 197, -3, 0.25, 3, -1.5
500 -> 197, -3, 0.25, 1, -1.5
500 -> 197, -3, 0.25, 4, -1.5
501 -> 197, -5, 0.75, 1, -1
501 -> 197, -4, 1.75, 4, -1
504 -> 197, -3, 1.75, 5, -0.5
505 -> 197, -1, 0.25, 2, -1
508 -> 197, -4, 0.25, 1, -0.5
508 -> 197, -4, 0.25, 2, -0.5
509 -> 197, -4, 1.25, 5, -1.5
512 -> 197, -3, 0.25, 5, -2
512 -> 197, -3, 0.25, 2, -2
512 -> 197, -3, 0.25, 4, -2
512 -> 197, -3, 0.25, 3, -2
514 -> 197, -2, 1.25, 3, -1.5
525 -> 197, -5, 1.75, 4, -1
525 -> 197, -5, 1.75, 5, -1
527 -> 197, -4, 1.25, 1, -0.5
536 -> 197, -2, 1.75, 4, -1
536 -> 197, -2, 1.75, 5, -1
544 -> 197, -4, 1.25, 4, -0.5
545 -> 197, -5, 1.25, 4, -0.5
548 -> 197, -5, 1.25, 3, -0.5
553 -> 197, -2, 0.25, 1, -1
553 -> 197, -3, 1.75, 2, -0.5
553 -> 197, -2, 0.25, 2, -1
553 -> 197, -2, 0.25, 5, -1
553 -> 197, -2, 0.25, 4, -1
553 -> 197, -2, 0.25, 3, -1
555 -> 197, -4, 0.75, 2, -1.5
555 -> 197, -4, 0.75, 4, -1.5
555 -> 197, -4, 0.75, 1, -1.5
555 -> 197, -4, 0.75, 5, -1.5
555 -> 197, -4, 0.75, 3, -1.5
555 -> 197, -4, 1.25, 4, -1
556 -> 197, -3, 0.25, 5, -1
556 -> 197, -3, 0.25, 3, -1
556 -> 197, -3, 0.25, 1, -1
556 -> 197, -3, 0.25, 4, -1
556 -> 197, -3, 0.25, 2, -1
566 -> 197, -5, 1.25, 2, -0.5
568 -> 197, -5, 1.25, 1, -0.5
573 -> 197, -3, 0.25, 1, -2
576 -> 197, -4, 1.75, 1, -1
576 -> 197, -4, 1.75, 3, -1
576 -> 197, -4, 1.75, 2, -1
588 -> 197, -4, 1.75, 3, -0.5
588 -> 197, -4, 1.75, 4, -0.5
590 -> 197, -4, 0.75, 1, -0.5
590 -> 197, -4, 0.75, 2, -0.5
593 -> 197, -5, 1.75, 5, -0.5
594 -> 197, -5, 1.25, 5, -1
594 -> 197, -5, 1.25, 3, -1
594 -> 197, -5, 1.25, 4, -1
612 -> 197, -4, 1.75, 2, -0.5
614 -> 197, -3, 0.25, 5, -0.5
642 -> 197, -5, 0.25, 1, -0.5
645 -> 197, -4, 0.75, 3, -0.5
645 -> 197, -4, 0.75, 4, -0.5
645 -> 197, -4, 0.75, 5, -0.5
656 -> 197, -5, 0.25, 2, -0.5
656 -> 197, -5, 0.25, 3, -0.5
656 -> 197, -5, 0.25, 4, -0.5
656 -> 197, -5, 0.25, 5, -0.5
658 -> 197, -5, 0.75, 5, -0.5
658 -> 197, -5, 0.75, 4, -0.5
676 -> 197, -5, 0.75, 1, -0.5
676 -> 197, -5, 0.75, 2, -0.5
676 -> 197, -5, 0.75, 3, -0.5
687 -> 197, -5, 1.75, 1, -0.5
687 -> 197, -5, 1.75, 2, -0.5
