349 -> 265, -3, 1.75, 1, -1.5
364 -> 265, -3, 1.25, 3, -1
373 -> 265, -2, 1.25, 1, -1
375 -> 265, -3, 1.75, 4, -1.5
377 -> 265, -5, 1.75, 1, -2
377 -> 265, -1, 0.75, 1, -0.5
377 -> 265, -3, 1.25, 2, -1
377 -> 265, -1, 0.75, 3, -1.5
377 -> 265, -2, 1.75, 5, -0.5
379 -> 265, -3, 1.75, 2, -1
379 -> 265, -3, 1.75, 1, -1
380 -> 265, -2, 1.75, 5, -2
380 -> 265, -5, 1.25, 2, -1
381 -> 265, -3, 1.25, 1, -2
382 -> 265, -1, 1.75, 4, -1.5
383 -> 265, -4, 1.75, 5, -1.5
386 -> 265, -4, 1.75, 4, -1
388 -> 265, -3, 1.75, 3, -0.5
389 -> 265, -2, 1.75, 5, -1.5
389 -> 265, -2, 1.75, 4, -1.5
390 -> 265, -3, 1.75, 5, -1.5
391 -> 265, -2, 1.25, 2, -2
391 -> 265, -2, 1.25, 2, -1
392 -> 265, -5, 1.75, 3, -1.5
393 -> 265, -5, 0.25, 1, -2
393 -> 265, -5, 0.25, 2, -2
393 -> 265, -5, 0.25, 3, -2
393 -> 265, -5, 0.25, 4, -2
393 -> 265, -3, 1.25, 4, -1
393 -> 265, -3, 1.25, 5, -1
395 -> 265, -4, 1.75, 5, -1
395 -> 265, -5, 1.75, 2, -2
395 -> 265, -5, 1.75, 3, -2
395 -> 265, -2, 1.25, 3, -2
397 -> 265, -1, 0.75, 2, -1
397 -> 265, -5, 1.25, 2, -2
397 -> 265, -1, 1.75, 4, -0.5
397 -> 265, -5, 1.25, 3, -2
398 -> 265, -4, 1.75, 2, -1.5
399 -> 265, -5, 1.75, 5, -2
399 -> 265, -5, 1.75, 4, -2
399 -> 265, -1, 0.75, 4, -1.5
399 -> 265, -1, 0.75, 5, -1.5
400 -> 265, -5, 0.25, 5, -2
401 -> 265, -1, 1.75, 3, -0.5
401 -> 265, -3, 1.25, 1, -1
402 -> 265, -4, 1.75, 3, -1
402 -> 265, -3, 0.75, 2, -0.5
404 -> 265, -3, 1.75, 5, -2
405 -> 265, -1, 1.25, 3, -0.5
407 -> 265, -3, 1.25, 3, -2
407 -> 265, -4, 1.75, 1, -1.5
407 -> 265, -3, 1.75, 2, -1.5
407 -> 265, -3, 1.25, 4, -2
408 -> 265, -2, 1.25, 1, -2
408 -> 265, -2, 1.25, 3, -0.5
408 -> 265, -1, 1.75, 4, -1
409 -> 265, -2, 1.25, 3, -1
409 -> 265, -5, 1.25, 3, -1
409 -> 265, -4, 1.25, 5, -1
412 -> 265, -5, 0.75, 1, -0.5
412 -> 265, -3, 1.75, 4, -2
413 -> 265, -1, 0.75, 2, -0.5
413 -> 265, -3, 1.75, 2, -0.5
413 -> 265, -2, 1.75, 3, -0.5
413 -> 265, -2, 1.25, 2, -0.5
413 -> 265, -1, 0.75, 2, -1.5
414 -> 265, -2, 1.75, 1, -1.5
414 -> 265, -5, 1.25, 4, -2
414 -> 265, -5, 1.25, 5, -2
415 -> 265, -4, 1.25, 2, -1.5
415 -> 265, -4, 1.25, 1, -1.5
415 -> 265, -1, 1.75, 3, -1.5
417 -> 265, -4, 1.25, 3, -1
417 -> 265, -4, 1.25, 4, -1
419 -> 265, -1, 0.75, 4, -0.5
419 -> 265, -5, 1.75, 1, -1.5
419 -> 265, -5, 1.75, 4, -1
420 -> 265, -3, 1.75, 4, -1
420 -> 265, -5, 1.75, 4, -1.5
420 -> 265, -1, 1.25, 3, -1
420 -> 265, -3, 1.75, 3, -1
420 -> 265, -1, 1.75, 2, -1
420 -> 265, -2, 1.25, 4, -2
421 -> 265, -2, 1.75, 1, -0.5
421 -> 265, -3, 0.75, 4, -1
421 -> 265, -4, 1.25, 1, -1
421 -> 265, -5, 1.75, 2, -1.5
422 -> 265, -3, 1.25, 2, -2
422 -> 265, -1, 1.75, 5, -1.5
423 -> 265, -1, 1.75, 1, -1
423 -> 265, -1, 1.25, 1, -1.5
423 -> 265, -2, 0.25, 5, -0.5
424 -> 265, -4, 1.25, 1, -2
424 -> 265, -5, 0.25, 2, -0.5
425 -> 265, -1, 1.25, 2, -1
426 -> 265, -1, 1.25, 5, -0.5
426 -> 265, -3, 1.75, 4, -0.5
426 -> 265, -2, 0.75, 1, -1
426 -> 265, -2, 1.75, 4, -0.5
426 -> 265, -3, 1.75, 5, -0.5
426 -> 265, -1, 1.25, 4, -0.5
426 -> 265, -1, 1.75, 2, -0.5
426 -> 265, -1, 1.75, 1, -0.5
427 -> 265, -2, 1.75, 3, -2
427 -> 265, -2, 1.75, 2, -2
427 -> 265, -4, 1.25, 3, -2
427 -> 265, -2, 1.75, 4, -2
427 -> 265, -4, 1.25, 2, -2
427 -> 265, -1, 1.75, 3, -1
427 -> 265, -4, 1.25, 4, -2
428 -> 265, -3, 1.75, 1, -0.5
429 -> 265, -1, 0.75, 1, -1.5
429 -> 265, -2, 1.25, 4, -1.5
429 -> 265, -3, 0.75, 1, -0.5
429 -> 265, -2, 1.25, 3, -1.5
431 -> 265, -1, 0.25, 3, -2
431 -> 265, -4, 1.75, 1, -1
431 -> 265, -1, 1.75, 5, -2
431 -> 265, -4, 0.75, 1, -1
431 -> 265, -1, 0.25, 4, -2
433 -> 265, -1, 1.75, 3, -2
433 -> 265, -1, 1.75, 2, -1.5
433 -> 265, -1, 1.75, 4, -2
433 -> 265, -1, 0.25, 3, -0.5
433 -> 265, -1, 0.75, 3, -0.5
433 -> 265, -2, 0.25, 5, -2
434 -> 265, -3, 1.75, 3, -1.5
434 -> 265, -1, 0.25, 4, -0.5
435 -> 265, -2, 1.25, 5, -1
435 -> 265, -1, 0.25, 1, -1.5
435 -> 265, -1, 0.75, 3, -2
435 -> 265, -1, 0.75, 2, -2
435 -> 265, -1, 0.25, 4, -1
435 -> 265, -1, 0.25, 2, -1.5
435 -> 265, -3, 1.25, 1, -1.5
436 -> 265, -3, 1.75, 5, -1
436 -> 265, -5, 0.75, 2, -2
436 -> 265, -5, 0.25, 1, -1.5
436 -> 265, -5, 0.25, 2, -1.5
437 -> 265, -2, 0.75, 2, -1
437 -> 265, -1, 0.25, 3, -1
438 -> 265, -4, 1.75, 3, -1.5
438 -> 265, -4, 1.75, 4, -1.5
438 -> 265, -2, 1.75, 3, -1.5
439 -> 265, -1, 1.75, 5, -1
439 -> 265, -1, 1.75, 5, -0.5
439 -> 265, -5, 1.25, 1, -2
440 -> 265, -3, 1.25, 2, -1.5
440 -> 265, -3, 0.75, 3, -1
440 -> 265, -5, 1.25, 2, -1.5
441 -> 265, -1, 1.25, 1, -1
441 -> 265, -5, 0.75, 5, -2
441 -> 265, -5, 0.75, 4, -2
441 -> 265, -4, 1.75, 5, -2
441 -> 265, -5, 0.75, 3, -2
443 -> 265, -1, 0.25, 2, -0.5
443 -> 265, -2, 1.25, 5, -1.5
443 -> 265, -2, 0.25, 5, -1
443 -> 265, -2, 0.75, 2, -0.5
444 -> 265, -4, 1.25, 5, -1.5
444 -> 265, -2, 0.75, 5, -1
444 -> 265, -4, 1.25, 4, -1.5
444 -> 265, -2, 0.75, 4, -1
444 -> 265, -4, 1.25, 3, -1.5
444 -> 265, -2, 0.75, 3, -1
444 -> 265, -4, 1.25, 2, -1
445 -> 265, -1, 0.25, 2, -1
445 -> 265, -3, 0.75, 3, -0.5
446 -> 265, -2, 1.25, 1, -1.5
446 -> 265, -2, 1.25, 2, -1.5
446 -> 265, -4, 0.25, 4, -1
446 -> 265, -4, 0.25, 5, -1
446 -> 265, -5, 1.25, 3, -1.5
447 -> 265, -2, 1.25, 4, -1
447 -> 265, -3, 0.75, 5, -1
447 -> 265, -2, 1.25, 5, -2
447 -> 265, -5, 0.25, 1, -0.5
448 -> 265, -3, 0.75, 2, -1
448 -> 265, -2, 1.75, 2, -1.5
448 -> 265, -1, 0.75, 5, -1
449 -> 265, -2, 1.75, 2, -0.5
450 -> 265, -2, 0.25, 1, -0.5
450 -> 265, -3, 1.75, 2, -2
451 -> 265, -3, 0.75, 3, -2
451 -> 265, -3, 0.75, 2, -2
452 -> 265, -3, 1.75, 3, -2
452 -> 265, -1, 0.25, 5, -1.5
452 -> 265, -1, 0.25, 4, -1.5
452 -> 265, -5, 0.25, 4, -0.5
452 -> 265, -1, 1.25, 2, -0.5
452 -> 265, -1, 0.25, 3, -1.5
453 -> 265, -5, 1.75, 1, -1
454 -> 265, -4, 0.75, 5, -1
454 -> 265, -4, 0.75, 4, -1
454 -> 265, -4, 0.75, 2, -1
454 -> 265, -4, 0.75, 3, -1
456 -> 265, -4, 1.75, 4, -2
457 -> 265, -1, 0.75, 1, -2
457 -> 265, -1, 0.25, 1, -2
457 -> 265, -5, 1.25, 4, -1.5
457 -> 265, -2, 1.75, 2, -1
458 -> 265, -2, 0.25, 4, -2
458 -> 265, -2, 0.25, 2, -2
458 -> 265, -2, 0.25, 3, -2
459 -> 265, -5, 1.25, 1, -1.5
459 -> 265, -4, 0.25, 2, -2
459 -> 265, -1, 1.25, 5, -1
459 -> 265, -1, 1.25, 2, -1.5
459 -> 265, -4, 0.25, 1, -2
459 -> 265, -1, 1.25, 4, -1
460 -> 265, -1, 0.75, 5, -0.5
460 -> 265, -1, 0.75, 1, -1
460 -> 265, -2, 1.75, 1, -2
461 -> 265, -4, 1.75, 3, -2
462 -> 265, -2, 1.25, 5, -0.5
462 -> 265, -2, 1.25, 4, -0.5
463 -> 265, -5, 0.75, 3, -1.5
463 -> 265, -3, 0.25, 1, -0.5
463 -> 265, -5, 0.75, 4, -1.5
463 -> 265, -5, 0.75, 5, -1.5
464 -> 265, -3, 0.75, 5, -2
464 -> 265, -3, 0.25, 5, -0.5
464 -> 265, -3, 0.75, 4, -2
465 -> 265, -3, 0.75, 4, -0.5
465 -> 265, -3, 0.75, 5, -0.5
466 -> 265, -5, 0.75, 3, -0.5
467 -> 265, -2, 0.75, 1, -0.5
467 -> 265, -4, 1.25, 5, -2
468 -> 265, -1, 0.25, 5, -1
469 -> 265, -4, 0.75, 2, -1.5
469 -> 265, -4, 0.75, 3, -1.5
469 -> 265, -4, 0.75, 4, -1.5
469 -> 265, -3, 1.25, 5, -2
469 -> 265, -1, 0.25, 1, -0.5
469 -> 265, -4, 0.75, 1, -1.5
469 -> 265, -1, 1.25, 4, -2
469 -> 265, -1, 1.25, 1, -2
469 -> 265, -1, 1.25, 2, -2
469 -> 265, -1, 1.25, 3, -2
469 -> 265, -1, 1.25, 5, -2
471 -> 265, -3, 1.75, 1, -2
471 -> 265, -2, 0.75, 5, -2
471 -> 265, -4, 0.25, 3, -1
471 -> 265, -2, 0.75, 3, -2
471 -> 265, -2, 0.75, 4, -2
471 -> 265, -4, 0.25, 2, -1
472 -> 265, -2, 1.75, 1, -1
472 -> 265, -4, 0.75, 5, -1.5
473 -> 265, -5, 1.25, 5, -1.5
473 -> 265, -2, 1.75, 4, -1
473 -> 265, -2, 1.75, 5, -1
473 -> 265, -1, 0.25, 5, -2
474 -> 265, -3, 0.75, 1, -2
475 -> 265, -2, 0.75, 2, -2
475 -> 265, -2, 0.75, 1, -2
475 -> 265, -4, 0.25, 1, -1.5
475 -> 265, -2, 0.25, 4, -1
475 -> 265, -2, 0.25, 3, -1
475 -> 265, -5, 1.75, 5, -1.5
476 -> 265, -2, 0.75, 4, -1.5
476 -> 265, -5, 0.25, 3, -0.5
476 -> 265, -2, 0.75, 5, -1.5
477 -> 265, -1, 1.75, 2, -2
477 -> 265, -1, 1.75, 1, -2
477 -> 265, -1, 0.75, 3, -1
477 -> 265, -1, 0.75, 4, -1
477 -> 265, -2, 0.75, 4, -0.5
477 -> 265, -2, 0.75, 5, -0.5
478 -> 265, -1, 0.75, 5, -2
478 -> 265, -4, 1.25, 1, -0.5
478 -> 265, -4, 0.25, 4, -1.5
478 -> 265, -4, 0.25, 5, -1.5
478 -> 265, -1, 0.75, 4, -2
478 -> 265, -4, 0.25, 3, -1.5
478 -> 265, -4, 0.25, 2, -1.5
479 -> 265, -1, 0.25, 2, -2
481 -> 265, -1, 1.25, 1, -0.5
481 -> 265, -3, 0.25, 5, -1.5
483 -> 265, -3, 0.25, 3, -1.5
483 -> 265, -4, 1.25, 2, -0.5
483 -> 265, -3, 0.25, 4, -1.5
483 -> 265, -5, 0.75, 2, -1.5
484 -> 265, -2, 0.75, 3, -1.5
484 -> 265, -3, 0.25, 1, -2
484 -> 265, -4, 1.75, 1, -2
484 -> 265, -5, 0.75, 1, -1.5
484 -> 265, -4, 1.75, 2, -2
484 -> 265, -2, 0.25, 1, -2
485 -> 265, -3, 1.25, 5, -1.5
485 -> 265, -3, 1.25, 4, -1.5
485 -> 265, -3, 0.25, 4, -2
485 -> 265, -3, 1.25, 3, -1.5
485 -> 265, -3, 0.25, 5, -2
485 -> 265, -3, 0.25, 3, -2
486 -> 265, -2, 0.75, 3, -0.5
487 -> 265, -3, 0.25, 1, -1.5
487 -> 265, -3, 0.25, 2, -1.5
487 -> 265, -2, 0.25, 2, -1
488 -> 265, -2, 0.25, 1, -1
488 -> 265, -4, 0.25, 1, -1
489 -> 265, -2, 0.25, 2, -1.5
489 -> 265, -2, 0.25, 1, -1.5
489 -> 265, -2, 0.75, 1, -1.5
489 -> 265, -2, 0.25, 3, -1.5
489 -> 265, -2, 0.75, 2, -1.5
489 -> 265, -2, 0.25, 4, -1.5
490 -> 265, -4, 1.75, 2, -1
490 -> 265, -2, 1.75, 3, -1
491 -> 265, -5, 1.75, 5, -1
491 -> 265, -5, 1.25, 1, -1
491 -> 265, -3, 0.25, 2, -2
491 -> 265, -5, 0.75, 1, -2
492 -> 265, -5, 0.25, 3, -1.5
493 -> 265, -5, 0.25, 5, -1.5
493 -> 265, -5, 0.25, 4, -1.5
493 -> 265, -2, 1.25, 1, -0.5
493 -> 265, -3, 0.75, 1, -1
493 -> 265, -1, 0.25, 1, -1
496 -> 265, -1, 1.25, 5, -1.5
496 -> 265, -3, 0.75, 3, -1.5
496 -> 265, -1, 1.25, 4, -1.5
496 -> 265, -3, 0.75, 2, -1.5
496 -> 265, -2, 0.25, 2, -0.5
496 -> 265, -1, 1.25, 3, -1.5
496 -> 265, -3, 0.75, 5, -1.5
496 -> 265, -3, 0.75, 1, -1.5
496 -> 265, -3, 0.75, 4, -1.5
500 -> 265, -1, 1.75, 1, -1.5
501 -> 265, -5, 1.25, 4, -1
501 -> 265, -5, 1.25, 5, -1
503 -> 265, -2, 0.25, 4, -0.5
503 -> 265, -4, 0.25, 4, -2
503 -> 265, -4, 0.25, 3, -2
503 -> 265, -4, 0.25, 5, -2
504 -> 265, -5, 0.25, 5, -0.5
504 -> 265, -2, 0.25, 5, -1.5
505 -> 265, -3, 1.25, 5, -0.5
505 -> 265, -3, 1.25, 4, -0.5
505 -> 265, -2, 0.25, 3, -0.5
506 -> 265, -3, 1.25, 2, -0.5
506 -> 265, -3, 1.25, 1, -0.5
506 -> 265, -3, 1.25, 3, -0.5
510 -> 265, -1, 0.25, 5, -0.5
511 -> 265, -4, 0.75, 5, -2
511 -> 265, -4, 0.75, 3, -2
511 -> 265, -4, 0.75, 2, -2
511 -> 265, -5, 0.25, 4, -1
511 -> 265, -5, 0.25, 2, -1
511 -> 265, -5, 0.25, 1, -1
511 -> 265, -4, 0.75, 4, -2
511 -> 265, -5, 0.25, 5, -1
511 -> 265, -5, 0.25, 3, -1
512 -> 265, -4, 0.75, 1, -2
520 -> 265, -4, 0.25, 4, -0.5
520 -> 265, -3, 0.25, 3, -0.5
520 -> 265, -4, 0.25, 3, -0.5
520 -> 265, -4, 0.25, 2, -0.5
520 -> 265, -3, 0.25, 2, -0.5
520 -> 265, -4, 0.25, 1, -0.5
521 -> 265, -5, 1.75, 3, -1
521 -> 265, -5, 1.75, 2, -1
522 -> 265, -3, 0.25, 4, -0.5
529 -> 265, -4, 1.25, 3, -0.5
533 -> 265, -4, 0.25, 5, -0.5
533 -> 265, -3, 0.25, 1, -1
533 -> 265, -3, 0.25, 2, -1
535 -> 265, -3, 0.25, 3, -1
535 -> 265, -3, 0.25, 4, -1
535 -> 265, -3, 0.25, 5, -1
550 -> 265, -5, 0.75, 4, -1
550 -> 265, -5, 0.75, 3, -1
550 -> 265, -5, 0.75, 2, -1
550 -> 265, -5, 0.75, 5, -1
550 -> 265, -5, 0.75, 1, -1
551 -> 265, -5, 0.75, 2, -0.5
554 -> 265, -4, 1.25, 4, -0.5
554 -> 265, -4, 1.25, 5, -0.5
595 -> 265, -4, 0.75, 1, -0.5
595 -> 265, -4, 0.75, 3, -0.5
595 -> 265, -4, 0.75, 4, -0.5
595 -> 265, -4, 0.75, 2, -0.5
595 -> 265, -4, 0.75, 5, -0.5
597 -> 265, -4, 1.75, 5, -0.5
597 -> 265, -4, 1.75, 2, -0.5
597 -> 265, -4, 1.75, 3, -0.5
597 -> 265, -4, 1.75, 4, -0.5
597 -> 265, -4, 1.75, 1, -0.5
608 -> 265, -5, 0.75, 4, -0.5
621 -> 265, -5, 1.75, 2, -0.5
621 -> 265, -5, 1.75, 5, -0.5
621 -> 265, -5, 1.75, 3, -0.5
621 -> 265, -5, 1.75, 4, -0.5
621 -> 265, -5, 1.75, 1, -0.5
650 -> 265, -5, 0.75, 5, -0.5
988 -> 265, -5, 1.25, 3, -0.5
988 -> 265, -5, 1.25, 2, -0.5
988 -> 265, -5, 1.25, 4, -0.5
988 -> 265, -5, 1.25, 1, -0.5
988 -> 265, -5, 1.25, 5, -0.5
