360 -> 221, -4, 1.75, 4, -0.5
360 -> 221, -4, 1.75, 2, -0.5
360 -> 221, -4, 1.75, 3, -0.5
362 -> 221, -2, 1.25, 3, -1
364 -> 221, -1, 1.75, 3, -0.5
365 -> 221, -2, 1.25, 5, -1
365 -> 221, -2, 1.25, 4, -1
375 -> 221, -3, 0.75, 3, -0.5
375 -> 221, -3, 1.75, 4, -1.5
375 -> 221, -3, 0.75, 4, -0.5
376 -> 221, -2, 1.25, 1, -0.5
376 -> 221, -3, 1.75, 5, -1.5
377 -> 221, -4, 1.25, 5, -2
381 -> 221, -2, 0.75, 4, -1
382 -> 221, -3, 1.75, 1, -1
385 -> 221, -2, 0.75, 1, -0.5
386 -> 221, -2, 1.25, 2, -0.5
387 -> 221, -3, 1.75, 2, -1.5
387 -> 221, -3, 1.75, 1, -1.5
387 -> 221, -3, 1.75, 3, -1.5
389 -> 221, -2, 0.75, 5, -0.5
391 -> 221, -1, 1.75, 4, -0.5
392 -> 221, -3, 1.25, 3, -0.5
392 -> 221, -5, 1.75, 2, -1
394 -> 221, -2, 0.75, 5, -1
395 -> 221, -2, 0.75, 3, -1
395 -> 221, -2, 0.75, 2, -1
396 -> 221, -1, 1.25, 1, -1.5
397 -> 221, -3, 1.25, 3, -1
398 -> 221, -1, 1.75, 2, -2
398 -> 221, -1, 1.75, 3, -2
399 -> 221, -3, 1.25, 5, -1
399 -> 221, -3, 1.25, 4, -1
400 -> 221, -3, 1.75, 1, -2
400 -> 221, -3, 0.75, 1, -1
401 -> 221, -3, 1.25, 4, -0.5
402 -> 221, -4, 1.25, 1, -2
402 -> 221, -4, 1.25, 2, -2
404 -> 221, -2, 1.25, 3, -0.5
404 -> 221, -2, 1.75, 1, -0.5
406 -> 221, -2, 0.75, 2, -0.5
407 -> 221, -4, 0.25, 3, -1.5
408 -> 221, -4, 0.25, 5, -1.5
408 -> 221, -4, 0.25, 4, -1.5
408 -> 221, -2, 0.75, 1, -1
409 -> 221, -1, 1.25, 4, -0.5
409 -> 221, -5, 0.25, 3, -2
409 -> 221, -5, 0.25, 4, -2
409 -> 221, -5, 0.25, 2, -2
409 -> 221, -5, 0.25, 5, -2
409 -> 221, -3, 1.25, 5, -0.5
409 -> 221, -3, 1.25, 5, -2
410 -> 221, -4, 0.75, 4, -1
410 -> 221, -5, 1.75, 4, -1
410 -> 221, -4, 0.75, 3, -1
410 -> 221, -5, 1.75, 5, -1
411 -> 221, -2, 1.25, 5, -2
411 -> 221, -2, 1.25, 4, -2
411 -> 221, -2, 1.25, 3, -2
411 -> 221, -4, 1.25, 4, -1
411 -> 221, -1, 1.25, 3, -1
412 -> 221, -5, 0.25, 1, -2
413 -> 221, -2, 1.25, 2, -2
413 -> 221, -2, 1.25, 1, -1.5
413 -> 221, -5, 0.75, 3, -0.5
414 -> 221, -4, 1.25, 3, -2
415 -> 221, -3, 1.75, 2, -1
415 -> 221, -3, 0.75, 2, -0.5
415 -> 221, -1, 1.25, 1, -0.5
416 -> 221, -5, 1.75, 3, -0.5
416 -> 221, -5, 1.75, 2, -0.5
416 -> 221, -1, 1.75, 1, -1.5
416 -> 221, -5, 0.75, 5, -0.5
416 -> 221, -5, 1.75, 1, -0.5
416 -> 221, -4, 1.75, 2, -1.5
416 -> 221, -4, 1.75, 1, -1.5
417 -> 221, -1, 0.25, 5, -2
417 -> 221, -1, 0.25, 4, -2
418 -> 221, -2, 1.25, 4, -0.5
418 -> 221, -2, 1.25, 5, -0.5
418 -> 221, -1, 0.75, 3, -1.5
418 -> 221, -1, 0.75, 4, -1.5
418 -> 221, -1, 1.25, 5, -2
419 -> 221, -3, 1.75, 4, -1
419 -> 221, -3, 1.75, 3, -1
420 -> 221, -2, 0.75, 3, -2
421 -> 221, -1, 1.75, 5, -0.5
421 -> 221, -2, 0.25, 1, -0.5
421 -> 221, -1, 1.25, 2, -0.5
422 -> 221, -4, 1.25, 4, -2
422 -> 221, -4, 0.25, 4, -1
422 -> 221, -4, 1.25, 1, -1
422 -> 221, -4, 0.25, 3, -1
422 -> 221, -4, 1.25, 2, -1
422 -> 221, -2, 1.75, 5, -0.5
423 -> 221, -2, 1.25, 3, -1.5
423 -> 221, -2, 0.25, 2, -0.5
423 -> 221, -2, 1.25, 4, -1.5
423 -> 221, -1, 1.75, 5, -1.5
423 -> 221, -1, 1.75, 4, -1.5
423 -> 221, -1, 1.25, 5, -0.5
423 -> 221, -5, 1.75, 1, -1
424 -> 221, -4, 0.75, 1, -0.5
424 -> 221, -2, 0.75, 3, -0.5
425 -> 221, -1, 0.75, 2, -0.5
425 -> 221, -4, 0.75, 2, -1.5
425 -> 221, -1, 1.25, 4, -2
425 -> 221, -1, 1.25, 2, -1.5
427 -> 221, -1, 1.25, 4, -1
427 -> 221, -5, 0.75, 2, -0.5
427 -> 221, -2, 1.25, 1, -1
428 -> 221, -1, 1.25, 1, -2
428 -> 221, -2, 1.75, 2, -2
428 -> 221, -2, 1.75, 3, -2
428 -> 221, -2, 1.75, 1, -2
428 -> 221, -3, 1.25, 5, -1.5
429 -> 221, -5, 1.25, 2, -0.5
429 -> 221, -4, 1.75, 5, -1
430 -> 221, -5, 0.25, 4, -1
430 -> 221, -5, 1.25, 1, -1.5
430 -> 221, -5, 0.25, 5, -1
430 -> 221, -5, 0.25, 3, -1
431 -> 221, -2, 1.25, 2, -1.5
431 -> 221, -1, 0.25, 1, -2
432 -> 221, -4, 1.25, 1, -0.5
432 -> 221, -1, 1.25, 2, -2
432 -> 221, -2, 1.75, 4, -0.5
433 -> 221, -4, 0.75, 3, -1.5
433 -> 221, -4, 1.25, 2, -1.5
433 -> 221, -1, 1.25, 1, -1
433 -> 221, -4, 0.75, 4, -1.5
433 -> 221, -1, 0.75, 1, -1
434 -> 221, -1, 1.75, 3, -1.5
434 -> 221, -1, 1.75, 1, -0.5
434 -> 221, -1, 1.75, 2, -1.5
436 -> 221, -3, 0.25, 5, -1
436 -> 221, -3, 0.25, 3, -1
436 -> 221, -3, 0.25, 4, -1
436 -> 221, -3, 0.25, 2, -1
437 -> 221, -4, 1.75, 4, -2
437 -> 221, -4, 1.75, 3, -2
437 -> 221, -1, 0.75, 5, -1.5
437 -> 221, -4, 1.75, 1, -2
437 -> 221, -4, 1.75, 2, -2
437 -> 221, -4, 1.25, 5, -0.5
438 -> 221, -1, 0.75, 3, -2
438 -> 221, -1, 1.75, 5, -2
438 -> 221, -1, 1.75, 4, -2
438 -> 221, -1, 0.75, 4, -2
438 -> 221, -2, 1.25, 5, -1.5
438 -> 221, -1, 1.25, 3, -2
438 -> 221, -1, 0.75, 5, -2
439 -> 221, -2, 1.75, 3, -1
439 -> 221, -2, 1.75, 1, -1
439 -> 221, -2, 1.75, 4, -1
439 -> 221, -5, 1.25, 3, -1.5
440 -> 221, -2, 0.75, 1, -2
440 -> 221, -4, 1.25, 1, -1.5
440 -> 221, -1, 0.75, 2, -2
441 -> 221, -4, 0.25, 5, -1
441 -> 221, -2, 0.25, 2, -1
441 -> 221, -3, 1.75, 3, -2
441 -> 221, -2, 0.25, 1, -1
441 -> 221, -3, 1.75, 2, -2
442 -> 221, -4, 1.75, 3, -1.5
443 -> 221, -1, 1.75, 1, -2
444 -> 221, -4, 1.25, 3, -0.5
444 -> 221, -4, 1.25, 2, -0.5
445 -> 221, -3, 1.25, 1, -2
445 -> 221, -1, 1.25, 5, -1
445 -> 221, -2, 0.75, 4, -0.5
446 -> 221, -4, 0.75, 4, -2
446 -> 221, -4, 0.75, 2, -2
446 -> 221, -4, 0.75, 5, -2
446 -> 221, -4, 0.25, 2, -0.5
446 -> 221, -4, 0.75, 1, -2
446 -> 221, -4, 0.75, 3, -2
446 -> 221, -4, 1.25, 3, -1
447 -> 221, -3, 1.25, 4, -1.5
447 -> 221, -5, 0.25, 2, -1
447 -> 221, -4, 1.25, 3, -1.5
447 -> 221, -1, 0.75, 1, -0.5
447 -> 221, -2, 1.75, 5, -1
447 -> 221, -2, 1.75, 2, -1
448 -> 221, -4, 0.75, 5, -1
448 -> 221, -1, 0.75, 5, -1
448 -> 221, -1, 0.75, 4, -1
448 -> 221, -2, 1.75, 3, -0.5
449 -> 221, -5, 0.75, 5, -2
449 -> 221, -5, 0.75, 4, -2
449 -> 221, -1, 1.75, 2, -0.5
449 -> 221, -4, 1.25, 4, -0.5
449 -> 221, -1, 0.25, 5, -1.5
450 -> 221, -3, 1.75, 4, -2
450 -> 221, -5, 0.75, 1, -1.5
450 -> 221, -3, 1.75, 5, -2
450 -> 221, -5, 0.25, 2, -1.5
450 -> 221, -5, 0.25, 5, -1.5
450 -> 221, -4, 0.25, 3, -0.5
450 -> 221, -5, 0.25, 1, -1.5
450 -> 221, -5, 0.75, 2, -1.5
450 -> 221, -5, 0.25, 3, -1.5
450 -> 221, -4, 0.25, 4, -0.5
450 -> 221, -5, 0.25, 4, -1.5
450 -> 221, -3, 0.75, 4, -1
451 -> 221, -5, 1.75, 5, -0.5
451 -> 221, -5, 1.75, 4, -0.5
451 -> 221, -5, 1.25, 2, -1.5
452 -> 221, -4, 0.25, 2, -1
452 -> 221, -4, 1.75, 5, -0.5
453 -> 221, -4, 1.75, 5, -1.5
453 -> 221, -4, 1.75, 4, -1.5
453 -> 221, -1, 0.75, 1, -1.5
455 -> 221, -1, 1.75, 2, -1
455 -> 221, -3, 0.75, 5, -1
455 -> 221, -5, 0.75, 1, -0.5
455 -> 221, -1, 1.75, 4, -1
455 -> 221, -1, 1.75, 3, -1
455 -> 221, -1, 1.25, 2, -1
456 -> 221, -5, 0.75, 3, -2
456 -> 221, -2, 1.25, 2, -1
456 -> 221, -1, 1.75, 5, -1
456 -> 221, -5, 0.25, 1, -1
457 -> 221, -2, 0.75, 3, -1.5
457 -> 221, -2, 0.75, 2, -1.5
457 -> 221, -2, 0.75, 4, -1.5
457 -> 221, -2, 0.75, 1, -1.5
457 -> 221, -2, 0.75, 5, -1.5
458 -> 221, -1, 0.75, 3, -1
458 -> 221, -3, 1.75, 5, -1
458 -> 221, -2, 0.25, 4, -1
458 -> 221, -5, 0.75, 2, -2
458 -> 221, -1, 0.75, 2, -1
458 -> 221, -5, 0.75, 1, -2
459 -> 221, -3, 1.25, 1, -0.5
459 -> 221, -1, 0.75, 3, -0.5
459 -> 221, -3, 1.25, 2, -0.5
459 -> 221, -1, 1.25, 3, -0.5
459 -> 221, -3, 1.25, 2, -1.5
459 -> 221, -3, 1.25, 3, -1.5
460 -> 221, -2, 1.75, 5, -2
460 -> 221, -1, 1.25, 3, -1.5
460 -> 221, -2, 1.75, 4, -2
460 -> 221, -1, 1.25, 5, -1.5
460 -> 221, -1, 1.25, 4, -1.5
460 -> 221, -4, 0.25, 1, -1
461 -> 221, -5, 0.25, 2, -0.5
462 -> 221, -2, 0.75, 4, -2
462 -> 221, -1, 1.75, 1, -1
462 -> 221, -2, 0.75, 5, -2
463 -> 221, -3, 1.25, 1, -1.5
463 -> 221, -3, 0.25, 1, -0.5
463 -> 221, -4, 1.75, 4, -1
464 -> 221, -5, 1.25, 1, -2
464 -> 221, -1, 0.75, 5, -0.5
464 -> 221, -5, 1.75, 2, -2
464 -> 221, -1, 0.25, 2, -2
464 -> 221, -5, 1.25, 2, -2
464 -> 221, -5, 1.25, 3, -2
464 -> 221, -1, 0.25, 3, -2
464 -> 221, -1, 0.75, 4, -0.5
464 -> 221, -5, 1.25, 4, -2
464 -> 221, -5, 1.25, 5, -2
465 -> 221, -5, 0.75, 5, -1
465 -> 221, -5, 0.75, 4, -1
465 -> 221, -4, 1.75, 3, -1
465 -> 221, -5, 0.75, 3, -1
465 -> 221, -4, 1.75, 2, -1
466 -> 221, -3, 1.75, 1, -0.5
466 -> 221, -3, 1.75, 2, -0.5
466 -> 221, -4, 0.75, 1, -1
467 -> 221, -3, 0.25, 2, -0.5
467 -> 221, -4, 1.75, 1, -1
468 -> 221, -4, 0.75, 2, -1
469 -> 221, -2, 0.75, 2, -2
469 -> 221, -1, 0.25, 1, -0.5
469 -> 221, -1, 0.25, 4, -0.5
469 -> 221, -1, 0.25, 3, -0.5
469 -> 221, -1, 0.25, 2, -0.5
469 -> 221, -2, 1.75, 3, -1.5
470 -> 221, -5, 0.75, 4, -1.5
470 -> 221, -2, 1.75, 2, -1.5
470 -> 221, -5, 0.75, 3, -1.5
471 -> 221, -3, 0.25, 1, -2
471 -> 221, -4, 0.25, 1, -1.5
471 -> 221, -2, 1.75, 1, -1.5
471 -> 221, -4, 0.25, 2, -1.5
471 -> 221, -3, 0.25, 2, -2
472 -> 221, -1, 0.75, 2, -1.5
472 -> 221, -4, 1.75, 5, -2
472 -> 221, -3, 0.25, 1, -1
472 -> 221, -5, 0.75, 5, -1.5
472 -> 221, -3, 0.25, 4, -2
472 -> 221, -3, 0.25, 5, -2
474 -> 221, -4, 0.25, 5, -0.5
475 -> 221, -3, 0.75, 4, -1.5
475 -> 221, -3, 1.25, 2, -1
475 -> 221, -1, 0.75, 1, -2
475 -> 221, -3, 0.75, 5, -1.5
475 -> 221, -3, 0.75, 1, -1.5
475 -> 221, -3, 0.75, 2, -1.5
475 -> 221, -3, 0.75, 3, -1.5
476 -> 221, -2, 1.75, 5, -1.5
476 -> 221, -5, 1.75, 2, -1.5
476 -> 221, -2, 1.75, 4, -1.5
476 -> 221, -5, 1.75, 1, -1.5
477 -> 221, -5, 1.75, 3, -1
477 -> 221, -4, 0.75, 1, -1.5
478 -> 221, -3, 0.75, 3, -2
478 -> 221, -3, 0.75, 4, -2
479 -> 221, -3, 0.75, 1, -0.5
479 -> 221, -3, 0.25, 5, -1.5
479 -> 221, -3, 0.25, 4, -1.5
480 -> 221, -2, 0.25, 3, -2
480 -> 221, -2, 0.25, 2, -2
481 -> 221, -4, 0.25, 4, -2
481 -> 221, -4, 0.25, 3, -2
481 -> 221, -4, 0.25, 1, -2
481 -> 221, -4, 0.25, 2, -2
481 -> 221, -2, 0.25, 5, -1
481 -> 221, -4, 0.25, 5, -2
482 -> 221, -5, 1.75, 3, -1.5
482 -> 221, -5, 1.75, 5, -1.5
482 -> 221, -5, 1.75, 4, -1.5
484 -> 221, -5, 1.75, 4, -2
484 -> 221, -5, 1.75, 3, -2
484 -> 221, -5, 1.75, 5, -2
484 -> 221, -1, 0.25, 5, -0.5
486 -> 221, -4, 0.75, 5, -1.5
486 -> 221, -2, 0.25, 4, -2
486 -> 221, -2, 0.25, 5, -2
487 -> 221, -3, 0.75, 5, -2
487 -> 221, -4, 0.75, 5, -0.5
487 -> 221, -5, 1.25, 1, -1
487 -> 221, -2, 1.75, 2, -0.5
488 -> 221, -1, 0.25, 1, -1.5
488 -> 221, -1, 0.25, 2, -1.5
488 -> 221, -1, 0.25, 3, -1.5
488 -> 221, -1, 0.25, 4, -1.5
489 -> 221, -5, 0.25, 1, -0.5
489 -> 221, -5, 1.25, 5, -1.5
489 -> 221, -5, 1.25, 4, -1.5
491 -> 221, -3, 0.25, 4, -0.5
491 -> 221, -2, 0.25, 3, -1
491 -> 221, -3, 0.25, 3, -0.5
491 -> 221, -3, 0.25, 5, -0.5
491 -> 221, -4, 1.75, 1, -0.5
491 -> 221, -5, 0.75, 1, -1
493 -> 221, -4, 0.25, 1, -0.5
493 -> 221, -5, 1.75, 1, -2
494 -> 221, -3, 0.25, 1, -1.5
494 -> 221, -3, 1.75, 5, -0.5
494 -> 221, -3, 0.25, 2, -1.5
494 -> 221, -3, 1.75, 4, -0.5
494 -> 221, -3, 1.75, 3, -0.5
494 -> 221, -3, 0.25, 3, -1.5
495 -> 221, -2, 0.25, 4, -1.5
495 -> 221, -3, 0.25, 3, -2
495 -> 221, -3, 0.75, 2, -1
495 -> 221, -2, 0.25, 2, -1.5
495 -> 221, -2, 0.25, 1, -1.5
495 -> 221, -3, 0.75, 3, -1
495 -> 221, -3, 1.25, 1, -1
495 -> 221, -2, 0.25, 3, -1.5
496 -> 221, -5, 1.25, 5, -0.5
496 -> 221, -5, 1.25, 4, -0.5
497 -> 221, -5, 1.25, 3, -0.5
500 -> 221, -4, 1.25, 5, -1
501 -> 221, -2, 0.25, 5, -1.5
502 -> 221, -3, 1.25, 3, -2
502 -> 221, -3, 1.25, 2, -2
503 -> 221, -3, 1.25, 4, -2
504 -> 221, -2, 1.25, 1, -2
504 -> 221, -4, 0.75, 2, -0.5
504 -> 221, -4, 0.75, 3, -0.5
506 -> 221, -2, 0.25, 1, -2
507 -> 221, -5, 1.25, 1, -0.5
507 -> 221, -5, 0.75, 2, -1
510 -> 221, -2, 0.25, 5, -0.5
510 -> 221, -2, 0.25, 3, -0.5
510 -> 221, -2, 0.25, 4, -0.5
518 -> 221, -4, 0.75, 4, -0.5
520 -> 221, -5, 0.25, 5, -0.5
522 -> 221, -3, 0.75, 1, -2
522 -> 221, -3, 0.75, 2, -2
523 -> 221, -4, 1.25, 5, -1.5
523 -> 221, -4, 1.25, 4, -1.5
525 -> 221, -1, 0.25, 2, -1
525 -> 221, -1, 0.25, 1, -1
525 -> 221, -1, 0.25, 5, -1
525 -> 221, -1, 0.25, 4, -1
525 -> 221, -1, 0.25, 3, -1
533 -> 221, -5, 0.25, 3, -0.5
533 -> 221, -5, 0.25, 4, -0.5
540 -> 221, -5, 0.75, 4, -0.5
573 -> 221, -5, 1.25, 3, -1
573 -> 221, -5, 1.25, 5, -1
573 -> 221, -5, 1.25, 4, -1
591 -> 221, -3, 0.75, 5, -0.5
614 -> 221, -5, 1.25, 2, -1
