338 -> 300, -5, 1.75, 5, -0.5
366 -> 300, -1, 1.75, 3, -1.5
368 -> 300, -5, 1.75, 4, -2
368 -> 300, -5, 1.75, 3, -2
371 -> 300, -3, 1.75, 1, -1
375 -> 300, -4, 1.75, 2, -1
377 -> 300, -2, 0.75, 3, -0.5
379 -> 300, -5, 0.75, 2, -1
380 -> 300, -2, 1.75, 2, -1.5
383 -> 300, -3, 1.75, 4, -0.5
383 -> 300, -1, 1.75, 4, -2
385 -> 300, -1, 1.75, 3, -2
386 -> 300, -4, 1.75, 1, -1
388 -> 300, -1, 1.75, 4, -1.5
388 -> 300, -4, 1.75, 2, -1.5
388 -> 300, -1, 1.75, 3, -0.5
389 -> 300, -1, 1.75, 5, -0.5
391 -> 300, -3, 1.75, 3, -0.5
391 -> 300, -5, 1.75, 2, -2
393 -> 300, -1, 1.75, 5, -1.5
396 -> 300, -5, 0.75, 5, -0.5
396 -> 300, -1, 0.75, 4, -1
397 -> 300, -5, 0.75, 1, -1
397 -> 300, -5, 0.75, 5, -1
397 -> 300, -1, 1.75, 1, -0.5
398 -> 300, -1, 1.75, 1, -2
401 -> 300, -1, 1.25, 2, -1.5
402 -> 300, -5, 0.75, 3, -1
403 -> 300, -3, 1.25, 4, -1
403 -> 300, -1, 0.75, 3, -1
403 -> 300, -1, 1.25, 5, -1
403 -> 300, -2, 1.25, 1, -0.5
404 -> 300, -5, 0.75, 4, -1
404 -> 300, -3, 0.75, 3, -0.5
404 -> 300, -3, 0.75, 1, -1
405 -> 300, -3, 0.75, 2, -0.5
405 -> 300, -3, 1.75, 1, -2
406 -> 300, -1, 1.75, 4, -0.5
406 -> 300, -5, 1.75, 1, -1.5
409 -> 300, -3, 1.75, 5, -1
409 -> 300, -1, 1.25, 4, -0.5
409 -> 300, -1, 1.25, 1, -1
410 -> 300, -1, 1.75, 2, -2
410 -> 300, -2, 1.75, 5, -0.5
411 -> 300, -4, 0.25, 1, -1
412 -> 300, -3, 1.75, 2, -0.5
412 -> 300, -1, 0.75, 2, -0.5
412 -> 300, -1, 0.75, 1, -0.5
413 -> 300, -2, 1.25, 5, -1
413 -> 300, -5, 0.75, 5, -1.5
413 -> 300, -1, 1.75, 2, -1.5
414 -> 300, -2, 1.75, 2, -0.5
415 -> 300, -2, 1.25, 1, -1
415 -> 300, -3, 1.25, 3, -1
416 -> 300, -1, 1.25, 1, -2
416 -> 300, -3, 1.25, 5, -1.5
417 -> 300, -3, 1.25, 5, -2
418 -> 300, -3, 1.75, 1, -0.5
418 -> 300, -4, 0.75, 2, -0.5
418 -> 300, -4, 1.75, 5, -1
418 -> 300, -2, 1.75, 1, -0.5
418 -> 300, -1, 1.75, 1, -1
418 -> 300, -4, 1.75, 3, -1
420 -> 300, -3, 1.75, 2, -1
421 -> 300, -5, 1.75, 5, -1
421 -> 300, -5, 0.25, 4, -2
421 -> 300, -5, 0.25, 3, -2
421 -> 300, -5, 0.25, 2, -2
422 -> 300, -2, 1.75, 4, -0.5
423 -> 300, -2, 1.25, 2, -0.5
423 -> 300, -2, 1.75, 4, -1
423 -> 300, -2, 1.75, 3, -1
425 -> 300, -1, 0.75, 5, -0.5
426 -> 300, -5, 0.75, 3, -2
426 -> 300, -2, 0.75, 2, -0.5
427 -> 300, -5, 1.25, 4, -1.5
427 -> 300, -1, 0.25, 5, -1.5
427 -> 300, -1, 0.25, 2, -1.5
427 -> 300, -1, 1.75, 5, -2
427 -> 300, -1, 0.75, 5, -1
427 -> 300, -1, 0.25, 4, -1.5
427 -> 300, -1, 0.25, 3, -1.5
428 -> 300, -3, 1.25, 2, -1
428 -> 300, -1, 0.25, 1, -0.5
428 -> 300, -1, 1.25, 5, -1.5
428 -> 300, -1, 1.25, 4, -1.5
428 -> 300, -1, 1.25, 1, -1.5
429 -> 300, -2, 0.75, 1, -1.5
430 -> 300, -1, 1.75, 2, -0.5
430 -> 300, -2, 1.25, 5, -2
431 -> 300, -3, 0.25, 5, -2
432 -> 300, -4, 1.25, 5, -1
432 -> 300, -1, 0.25, 3, -0.5
432 -> 300, -1, 0.25, 4, -0.5
432 -> 300, -1, 0.75, 2, -1
432 -> 300, -1, 0.75, 2, -1.5
432 -> 300, -4, 1.25, 4, -1
432 -> 300, -3, 1.75, 5, -2
432 -> 300, -4, 1.25, 3, -1
432 -> 300, -4, 0.75, 3, -2
433 -> 300, -3, 0.25, 2, -1
433 -> 300, -3, 0.25, 1, -1
433 -> 300, -3, 0.25, 5, -1.5
433 -> 300, -5, 1.75, 1, -2
434 -> 300, -5, 1.75, 2, -1.5
435 -> 300, -2, 1.25, 3, -0.5
435 -> 300, -4, 0.75, 1, -1
435 -> 300, -5, 1.25, 2, -1.5
435 -> 300, -5, 1.25, 3, -1.5
435 -> 300, -1, 1.75, 1, -1.5
436 -> 300, -2, 1.25, 2, -1.5
436 -> 300, -1, 1.25, 5, -0.5
438 -> 300, -2, 1.25, 5, -1.5
439 -> 300, -3, 1.75, 5, -1.5
439 -> 300, -2, 1.25, 3, -1
439 -> 300, -3, 0.75, 4, -2
439 -> 300, -4, 1.25, 1, -1
439 -> 300, -2, 1.25, 2, -1
439 -> 300, -3, 1.75, 3, -1.5
439 -> 300, -3, 1.75, 4, -1.5
439 -> 300, -3, 0.75, 5, -2
439 -> 300, -1, 0.75, 3, -0.5
440 -> 300, -3, 1.75, 2, -2
440 -> 300, -2, 1.25, 4, -1.5
440 -> 300, -2, 1.25, 3, -1.5
441 -> 300, -2, 1.75, 3, -0.5
441 -> 300, -2, 1.75, 1, -1
442 -> 300, -3, 0.75, 4, -1
442 -> 300, -3, 0.75, 4, -1.5
442 -> 300, -3, 0.75, 5, -1
442 -> 300, -3, 0.75, 5, -1.5
442 -> 300, -3, 0.75, 3, -2
443 -> 300, -4, 0.25, 2, -1
444 -> 300, -4, 0.25, 4, -2
444 -> 300, -4, 0.25, 5, -2
444 -> 300, -5, 0.75, 3, -1.5
444 -> 300, -3, 1.75, 2, -1.5
444 -> 300, -3, 1.75, 1, -1.5
444 -> 300, -1, 1.25, 3, -0.5
444 -> 300, -1, 0.75, 4, -0.5
444 -> 300, -1, 1.25, 1, -0.5
444 -> 300, -3, 0.75, 1, -1.5
444 -> 300, -5, 0.75, 1, -1.5
444 -> 300, -3, 0.75, 2, -1.5
444 -> 300, -5, 0.75, 4, -1.5
444 -> 300, -3, 0.75, 2, -2
444 -> 300, -5, 0.75, 2, -1.5
445 -> 300, -1, 0.25, 4, -1
445 -> 300, -3, 1.25, 5, -1
445 -> 300, -1, 0.25, 5, -1
445 -> 300, -4, 1.75, 3, -1.5
445 -> 300, -5, 1.25, 4, -1
446 -> 300, -3, 1.75, 3, -2
446 -> 300, -3, 1.75, 4, -1
446 -> 300, -5, 1.25, 5, -1.5
447 -> 300, -2, 0.75, 1, -0.5
447 -> 300, -4, 0.75, 4, -2
448 -> 300, -5, 1.25, 2, -1
448 -> 300, -1, 0.25, 2, -0.5
448 -> 300, -5, 1.25, 5, -1
449 -> 300, -4, 1.25, 2, -2
449 -> 300, -1, 1.25, 2, -2
449 -> 300, -4, 1.25, 2, -1
449 -> 300, -4, 1.25, 3, -2
449 -> 300, -4, 1.25, 4, -2
449 -> 300, -4, 1.25, 5, -2
450 -> 300, -2, 1.75, 5, -1.5
450 -> 300, -1, 0.75, 1, -1.5
451 -> 300, -3, 0.75, 3, -1
451 -> 300, -3, 1.75, 4, -2
451 -> 300, -3, 0.75, 2, -1
452 -> 300, -2, 1.25, 1, -1.5
452 -> 300, -4, 1.75, 4, -1.5
452 -> 300, -5, 1.25, 2, -2
452 -> 300, -5, 0.25, 5, -2
452 -> 300, -2, 0.25, 3, -0.5
452 -> 300, -1, 1.25, 4, -2
452 -> 300, -1, 0.75, 1, -1
452 -> 300, -5, 1.25, 3, -2
453 -> 300, -1, 1.25, 2, -1
453 -> 300, -1, 1.25, 3, -2
454 -> 300, -3, 1.75, 3, -1
454 -> 300, -3, 0.75, 3, -1.5
454 -> 300, -4, 0.75, 5, -2
455 -> 300, -3, 1.25, 2, -1.5
455 -> 300, -3, 1.25, 2, -0.5
455 -> 300, -3, 1.25, 1, -0.5
455 -> 300, -4, 1.75, 1, -1.5
455 -> 300, -2, 0.25, 4, -0.5
455 -> 300, -2, 0.25, 1, -2
456 -> 300, -1, 1.75, 4, -1
456 -> 300, -1, 1.75, 3, -1
456 -> 300, -1, 1.75, 5, -1
456 -> 300, -2, 1.75, 4, -1.5
456 -> 300, -2, 1.75, 3, -1.5
457 -> 300, -5, 0.25, 1, -0.5
457 -> 300, -3, 0.25, 3, -2
457 -> 300, -1, 0.25, 1, -1
457 -> 300, -3, 0.25, 1, -2
457 -> 300, -1, 0.25, 2, -1
457 -> 300, -5, 0.25, 2, -0.5
457 -> 300, -3, 0.25, 4, -2
457 -> 300, -1, 0.25, 3, -1
457 -> 300, -1, 1.25, 2, -0.5
457 -> 300, -3, 0.25, 2, -2
457 -> 300, -5, 1.75, 2, -1
458 -> 300, -2, 1.75, 1, -1.5
458 -> 300, -4, 0.25, 2, -1.5
458 -> 300, -4, 1.75, 4, -1
459 -> 300, -5, 1.75, 2, -0.5
459 -> 300, -2, 1.25, 4, -1
460 -> 300, -3, 1.25, 3, -1.5
460 -> 300, -4, 0.25, 1, -1.5
460 -> 300, -3, 1.25, 4, -1.5
461 -> 300, -2, 1.25, 1, -2
461 -> 300, -4, 0.75, 5, -1
461 -> 300, -1, 0.25, 5, -0.5
461 -> 300, -2, 0.75, 3, -1
461 -> 300, -4, 0.75, 2, -2
461 -> 300, -4, 0.75, 4, -1
461 -> 300, -3, 1.25, 2, -2
461 -> 300, -3, 1.25, 4, -2
461 -> 300, -3, 1.25, 3, -2
461 -> 300, -4, 0.75, 1, -2
461 -> 300, -2, 0.75, 2, -1
461 -> 300, -2, 0.75, 4, -1
462 -> 300, -2, 1.25, 4, -2
462 -> 300, -2, 1.25, 3, -2
462 -> 300, -5, 1.25, 5, -2
462 -> 300, -4, 1.25, 1, -1.5
462 -> 300, -2, 0.75, 1, -1
462 -> 300, -5, 1.25, 4, -2
463 -> 300, -3, 0.75, 4, -0.5
463 -> 300, -1, 1.25, 3, -1.5
464 -> 300, -5, 0.75, 5, -2
464 -> 300, -5, 0.75, 4, -2
464 -> 300, -1, 1.75, 2, -1
464 -> 300, -3, 1.25, 1, -1.5
465 -> 300, -3, 0.25, 4, -1.5
466 -> 300, -4, 0.25, 3, -2
466 -> 300, -4, 0.25, 1, -2
466 -> 300, -2, 0.25, 2, -2
466 -> 300, -5, 1.75, 1, -0.5
466 -> 300, -4, 0.25, 2, -2
468 -> 300, -2, 0.25, 5, -0.5
469 -> 300, -2, 1.75, 5, -2
469 -> 300, -4, 1.25, 1, -0.5
470 -> 300, -3, 0.25, 4, -1
470 -> 300, -1, 1.25, 3, -1
470 -> 300, -2, 1.75, 2, -1
470 -> 300, -3, 0.25, 5, -1
470 -> 300, -1, 0.25, 1, -1.5
471 -> 300, -3, 0.75, 1, -0.5
472 -> 300, -3, 1.25, 1, -2
472 -> 300, -2, 1.25, 2, -2
472 -> 300, -1, 1.25, 4, -1
473 -> 300, -1, 1.25, 5, -2
474 -> 300, -3, 0.25, 3, -1
474 -> 300, -2, 0.75, 5, -2
474 -> 300, -2, 0.75, 4, -2
474 -> 300, -2, 0.75, 3, -2
474 -> 300, -4, 1.75, 1, -2
476 -> 300, -2, 0.25, 2, -0.5
477 -> 300, -2, 1.75, 1, -2
477 -> 300, -3, 0.25, 4, -0.5
477 -> 300, -3, 0.25, 3, -0.5
477 -> 300, -3, 0.25, 5, -0.5
477 -> 300, -3, 0.25, 2, -0.5
478 -> 300, -4, 0.25, 5, -1
478 -> 300, -1, 0.75, 3, -1.5
478 -> 300, -2, 0.25, 4, -2
478 -> 300, -2, 1.75, 4, -2
478 -> 300, -4, 0.25, 4, -1
478 -> 300, -1, 0.75, 4, -1.5
478 -> 300, -4, 1.25, 1, -2
478 -> 300, -2, 0.25, 5, -2
478 -> 300, -2, 0.25, 3, -2
478 -> 300, -1, 0.75, 5, -1.5
479 -> 300, -5, 1.25, 1, -2
479 -> 300, -1, 0.75, 1, -2
479 -> 300, -5, 1.25, 1, -1
481 -> 300, -2, 1.75, 3, -2
481 -> 300, -2, 1.75, 2, -2
481 -> 300, -2, 0.75, 2, -2
481 -> 300, -2, 0.75, 1, -2
482 -> 300, -2, 1.75, 5, -1
483 -> 300, -2, 0.25, 4, -1
483 -> 300, -2, 0.25, 5, -1
483 -> 300, -2, 0.25, 2, -1
483 -> 300, -2, 0.25, 3, -1
483 -> 300, -2, 0.25, 1, -1
484 -> 300, -2, 0.25, 2, -1.5
484 -> 300, -2, 0.25, 1, -1.5
485 -> 300, -2, 0.25, 5, -1.5
485 -> 300, -2, 0.25, 4, -1.5
485 -> 300, -3, 0.75, 5, -0.5
485 -> 300, -2, 0.25, 3, -1.5
486 -> 300, -2, 1.25, 5, -0.5
486 -> 300, -2, 0.25, 1, -0.5
486 -> 300, -2, 1.25, 4, -0.5
486 -> 300, -4, 0.75, 2, -1
486 -> 300, -4, 0.75, 3, -1
487 -> 300, -4, 0.25, 3, -1
488 -> 300, -1, 0.25, 1, -2
488 -> 300, -1, 0.25, 2, -2
490 -> 300, -1, 0.75, 3, -2
490 -> 300, -1, 0.75, 2, -2
490 -> 300, -1, 0.75, 5, -2
490 -> 300, -1, 0.75, 4, -2
491 -> 300, -4, 0.75, 3, -1.5
491 -> 300, -4, 0.75, 4, -1.5
491 -> 300, -4, 0.25, 1, -0.5
492 -> 300, -4, 0.25, 3, -0.5
493 -> 300, -4, 0.25, 3, -1.5
493 -> 300, -4, 0.25, 4, -1.5
493 -> 300, -1, 0.25, 3, -2
493 -> 300, -1, 0.25, 4, -2
493 -> 300, -4, 0.25, 5, -1.5
493 -> 300, -1, 0.25, 5, -2
493 -> 300, -4, 1.25, 2, -0.5
494 -> 300, -4, 0.25, 2, -0.5
495 -> 300, -5, 0.25, 3, -0.5
495 -> 300, -5, 0.25, 4, -0.5
495 -> 300, -5, 0.25, 5, -0.5
495 -> 300, -5, 0.75, 2, -2
495 -> 300, -5, 0.75, 1, -2
496 -> 300, -2, 0.75, 4, -0.5
496 -> 300, -2, 0.75, 5, -0.5
497 -> 300, -5, 1.25, 3, -1
498 -> 300, -2, 0.75, 5, -1
501 -> 300, -3, 1.75, 5, -0.5
501 -> 300, -3, 0.75, 1, -2
503 -> 300, -3, 1.25, 1, -1
504 -> 300, -4, 1.25, 3, -1.5
504 -> 300, -4, 1.25, 4, -1.5
504 -> 300, -4, 1.25, 5, -1.5
504 -> 300, -4, 1.25, 2, -1.5
504 -> 300, -5, 0.25, 1, -2
508 -> 300, -5, 0.75, 4, -0.5
511 -> 300, -2, 0.75, 3, -1.5
511 -> 300, -2, 0.75, 2, -1.5
511 -> 300, -2, 0.75, 4, -1.5
511 -> 300, -2, 0.75, 5, -1.5
512 -> 300, -4, 1.75, 2, -0.5
513 -> 300, -4, 1.75, 3, -0.5
516 -> 300, -5, 1.75, 5, -2
516 -> 300, -3, 0.25, 2, -1.5
516 -> 300, -3, 0.25, 1, -1.5
516 -> 300, -3, 0.25, 1, -0.5
519 -> 300, -5, 0.75, 2, -0.5
519 -> 300, -5, 0.75, 3, -0.5
519 -> 300, -4, 0.75, 2, -1.5
521 -> 300, -3, 0.25, 3, -1.5
521 -> 300, -4, 0.75, 1, -1.5
522 -> 300, -5, 1.75, 4, -1
522 -> 300, -5, 1.75, 3, -1
525 -> 300, -5, 1.75, 3, -1.5
525 -> 300, -5, 1.75, 4, -1.5
525 -> 300, -5, 1.75, 5, -1.5
535 -> 300, -4, 1.75, 5, -2
536 -> 300, -4, 0.75, 3, -0.5
536 -> 300, -4, 1.75, 2, -2
536 -> 300, -4, 1.75, 3, -2
536 -> 300, -4, 1.75, 4, -2
536 -> 300, -4, 0.75, 5, -0.5
536 -> 300, -4, 0.75, 4, -0.5
537 -> 300, -5, 1.25, 1, -1.5
539 -> 300, -5, 1.75, 1, -1
542 -> 300, -4, 1.25, 3, -0.5
543 -> 300, -4, 1.75, 5, -1.5
548 -> 300, -4, 1.25, 4, -0.5
549 -> 300, -4, 1.25, 5, -0.5
554 -> 300, -4, 0.75, 5, -1.5
567 -> 300, -4, 1.75, 1, -0.5
568 -> 300, -5, 1.75, 3, -0.5
570 -> 300, -4, 0.75, 1, -0.5
576 -> 300, -5, 0.25, 5, -1
576 -> 300, -5, 0.25, 4, -1
576 -> 300, -5, 0.25, 3, -1
577 -> 300, -5, 0.25, 1, -1
577 -> 300, -5, 0.25, 2, -1
580 -> 300, -5, 1.75, 4, -0.5
589 -> 300, -4, 0.25, 4, -0.5
589 -> 300, -4, 0.25, 5, -0.5
606 -> 300, -4, 1.75, 5, -0.5
606 -> 300, -4, 1.75, 4, -0.5
623 -> 300, -5, 0.25, 3, -1.5
623 -> 300, -5, 0.25, 2, -1.5
623 -> 300, -5, 0.25, 1, -1.5
623 -> 300, -5, 0.25, 4, -1.5
623 -> 300, -5, 0.25, 5, -1.5
644 -> 300, -3, 1.25, 5, -0.5
644 -> 300, -3, 1.25, 4, -0.5
644 -> 300, -3, 1.25, 3, -0.5
655 -> 300, -5, 1.25, 4, -0.5
655 -> 300, -5, 1.25, 3, -0.5
655 -> 300, -5, 1.25, 5, -0.5
660 -> 300, -5, 1.25, 2, -0.5
660 -> 300, -5, 1.25, 1, -0.5
774 -> 300, -5, 0.75, 1, -0.5
