349 -> 424, -2, 1.25, 1, -0.5
361 -> 424, -4, 1.75, 5, -0.5
366 -> 424, -1, 1.75, 4, -1.5
372 -> 424, -2, 1.75, 5, -0.5
375 -> 424, -5, 1.75, 5, -0.5
377 -> 424, -1, 0.75, 3, -1
381 -> 424, -1, 0.75, 4, -0.5
381 -> 424, -1, 0.75, 5, -0.5
383 -> 424, -2, 1.75, 1, -1
384 -> 424, -4, 1.75, 1, -1.5
385 -> 424, -1, 1.75, 5, -1.5
387 -> 424, -4, 1.75, 4, -0.5
389 -> 424, -1, 1.25, 1, -1.5
392 -> 424, -4, 1.25, 5, -0.5
392 -> 424, -3, 1.25, 1, -0.5
392 -> 424, -1, 1.25, 4, -0.5
394 -> 424, -1, 0.75, 2, -1.5
394 -> 424, -1, 0.75, 5, -1.5
394 -> 424, -1, 0.75, 4, -1.5
395 -> 424, -1, 1.25, 5, -0.5
396 -> 424, -2, 1.75, 3, -0.5
397 -> 424, -2, 1.25, 4, -1.5
398 -> 424, -2, 0.25, 3, -1
398 -> 424, -2, 0.25, 4, -1
399 -> 424, -2, 1.75, 5, -1.5
399 -> 424, -1, 0.75, 1, -1.5
399 -> 424, -2, 1.75, 4, -1.5
399 -> 424, -1, 1.75, 4, -2
400 -> 424, -5, 1.25, 4, -0.5
401 -> 424, -3, 1.25, 5, -1
402 -> 424, -5, 1.25, 4, -1
403 -> 424, -4, 1.75, 1, -1
404 -> 424, -5, 1.25, 3, -2
404 -> 424, -5, 1.25, 4, -2
405 -> 424, -3, 1.25, 5, -0.5
405 -> 424, -1, 1.75, 2, -0.5
406 -> 424, -2, 0.75, 5, -2
407 -> 424, -4, 0.75, 3, -1
408 -> 424, -3, 1.25, 3, -1
408 -> 424, -1, 0.75, 5, -1
408 -> 424, -4, 0.25, 5, -1
408 -> 424, -1, 0.75, 4, -1
409 -> 424, -1, 1.25, 5, -1.5
411 -> 424, -2, 1.25, 2, -1
412 -> 424, -1, 0.25, 1, -2
413 -> 424, -3, 1.25, 4, -0.5
413 -> 424, -4, 1.75, 4, -1
413 -> 424, -1, 1.25, 4, -1.5
414 -> 424, -1, 1.75, 1, -0.5
414 -> 424, -4, 0.25, 2, -1
414 -> 424, -4, 0.25, 1, -1
416 -> 424, -5, 1.25, 2, -1.5
416 -> 424, -5, 1.25, 3, -1.5
416 -> 424, -2, 0.75, 4, -2
417 -> 424, -3, 1.25, 3, -0.5
417 -> 424, -4, 1.25, 3, -0.5
418 -> 424, -1, 1.75, 2, -2
418 -> 424, -1, 1.75, 1, -2
419 -> 424, -1, 0.75, 5, -2
419 -> 424, -2, 1.25, 5, -0.5
419 -> 424, -2, 0.75, 1, -1.5
419 -> 424, -2, 1.75, 4, -0.5
420 -> 424, -4, 1.75, 3, -0.5
420 -> 424, -1, 1.75, 3, -1.5
420 -> 424, -2, 1.75, 3, -1.5
420 -> 424, -1, 1.75, 2, -1.5
420 -> 424, -4, 1.25, 4, -0.5
420 -> 424, -1, 1.75, 1, -1.5
421 -> 424, -1, 1.25, 5, -2
422 -> 424, -2, 1.25, 2, -0.5
423 -> 424, -1, 0.25, 5, -1
423 -> 424, -1, 0.25, 4, -1
423 -> 424, -5, 1.75, 1, -1
423 -> 424, -1, 0.25, 2, -1
423 -> 424, -1, 0.25, 3, -1
424 -> 424, -5, 0.75, 1, -2
425 -> 424, -1, 1.25, 3, -1
426 -> 424, -3, 0.25, 4, -1
426 -> 424, -3, 0.25, 5, -1
427 -> 424, -5, 1.25, 2, -1
427 -> 424, -4, 0.75, 4, -2
427 -> 424, -4, 0.75, 3, -2
428 -> 424, -1, 1.25, 2, -2
428 -> 424, -2, 0.75, 5, -1
428 -> 424, -1, 1.75, 5, -2
428 -> 424, -4, 1.25, 4, -1.5
429 -> 424, -1, 0.75, 3, -0.5
430 -> 424, -2, 1.25, 5, -1.5
430 -> 424, -5, 1.25, 1, -2
431 -> 424, -1, 1.25, 3, -2
431 -> 424, -3, 1.75, 2, -1
432 -> 424, -3, 1.75, 2, -1.5
432 -> 424, -5, 1.25, 3, -0.5
432 -> 424, -5, 1.25, 2, -0.5
432 -> 424, -3, 1.75, 3, -1.5
433 -> 424, -3, 0.75, 5, -1.5
433 -> 424, -2, 0.75, 4, -1
433 -> 424, -3, 0.75, 4, -1.5
433 -> 424, -1, 0.25, 2, -0.5
433 -> 424, -1, 1.25, 5, -1
433 -> 424, -1, 1.25, 4, -1
435 -> 424, -2, 1.25, 5, -1
435 -> 424, -5, 1.25, 5, -2
435 -> 424, -1, 0.75, 3, -1.5
435 -> 424, -2, 0.75, 1, -2
435 -> 424, -2, 1.25, 4, -1
435 -> 424, -2, 0.75, 2, -2
435 -> 424, -3, 1.75, 4, -1.5
435 -> 424, -3, 0.75, 4, -0.5
435 -> 424, -2, 0.75, 3, -2
436 -> 424, -2, 0.75, 4, -1.5
436 -> 424, -2, 0.75, 5, -1.5
436 -> 424, -2, 1.75, 2, -0.5
436 -> 424, -2, 0.75, 3, -1.5
436 -> 424, -2, 0.75, 2, -1.5
436 -> 424, -3, 1.75, 3, -1
436 -> 424, -4, 0.75, 4, -1
437 -> 424, -5, 1.25, 1, -1
437 -> 424, -1, 1.25, 1, -1
437 -> 424, -3, 1.25, 4, -1
437 -> 424, -3, 1.75, 2, -0.5
438 -> 424, -1, 0.25, 2, -2
438 -> 424, -1, 0.25, 3, -2
438 -> 424, -4, 1.75, 1, -0.5
438 -> 424, -2, 1.25, 3, -1
438 -> 424, -1, 1.75, 3, -0.5
439 -> 424, -2, 1.25, 2, -2
439 -> 424, -2, 1.25, 3, -0.5
439 -> 424, -2, 1.25, 4, -2
439 -> 424, -2, 1.25, 3, -2
440 -> 424, -4, 1.75, 5, -1.5
440 -> 424, -5, 1.25, 2, -2
440 -> 424, -3, 1.25, 2, -0.5
440 -> 424, -4, 1.25, 5, -1.5
441 -> 424, -4, 1.25, 2, -0.5
441 -> 424, -2, 1.75, 5, -1
441 -> 424, -3, 1.75, 5, -1.5
441 -> 424, -1, 0.75, 2, -0.5
442 -> 424, -3, 1.25, 1, -1
442 -> 424, -3, 1.75, 1, -1
442 -> 424, -1, 0.25, 5, -2
442 -> 424, -1, 1.75, 1, -1
443 -> 424, -4, 1.75, 4, -1.5
443 -> 424, -1, 1.75, 4, -0.5
443 -> 424, -1, 0.75, 1, -0.5
443 -> 424, -4, 1.75, 3, -1.5
444 -> 424, -1, 0.75, 2, -1
444 -> 424, -1, 1.25, 2, -0.5
445 -> 424, -4, 0.75, 5, -1.5
445 -> 424, -2, 1.25, 1, -1
446 -> 424, -3, 0.75, 2, -1
446 -> 424, -5, 0.25, 5, -1
446 -> 424, -5, 0.25, 3, -1
446 -> 424, -5, 1.75, 2, -1.5
446 -> 424, -5, 0.25, 1, -1
446 -> 424, -5, 0.25, 4, -1
446 -> 424, -3, 0.25, 3, -1
446 -> 424, -1, 1.25, 1, -2
446 -> 424, -5, 0.25, 2, -1
447 -> 424, -4, 0.25, 3, -1.5
447 -> 424, -4, 0.25, 4, -1.5
447 -> 424, -4, 0.25, 5, -1.5
448 -> 424, -3, 0.75, 1, -1.5
448 -> 424, -3, 0.75, 2, -1.5
448 -> 424, -3, 0.75, 3, -1.5
448 -> 424, -4, 1.75, 2, -1
448 -> 424, -1, 0.25, 1, -0.5
448 -> 424, -2, 1.75, 2, -1.5
448 -> 424, -2, 1.75, 1, -1.5
449 -> 424, -4, 1.75, 3, -2
449 -> 424, -4, 0.25, 1, -1.5
449 -> 424, -4, 1.75, 4, -2
449 -> 424, -2, 0.25, 2, -0.5
449 -> 424, -4, 0.75, 5, -2
449 -> 424, -4, 0.25, 2, -1.5
450 -> 424, -2, 1.75, 5, -2
450 -> 424, -2, 1.75, 4, -2
450 -> 424, -2, 1.75, 3, -2
450 -> 424, -2, 1.75, 2, -2
450 -> 424, -2, 1.75, 1, -2
451 -> 424, -3, 1.25, 1, -2
451 -> 424, -1, 1.25, 2, -1
451 -> 424, -5, 0.25, 1, -1.5
451 -> 424, -3, 1.25, 2, -1
452 -> 424, -1, 1.25, 3, -1.5
453 -> 424, -3, 1.75, 5, -1
453 -> 424, -2, 1.25, 4, -0.5
455 -> 424, -2, 0.25, 5, -2
455 -> 424, -4, 0.75, 5, -1
455 -> 424, -2, 0.25, 4, -2
455 -> 424, -2, 0.25, 3, -2
455 -> 424, -5, 0.75, 4, -2
455 -> 424, -3, 0.25, 2, -1
456 -> 424, -2, 0.75, 1, -1
456 -> 424, -1, 1.25, 2, -1.5
456 -> 424, -3, 0.25, 1, -1
456 -> 424, -4, 1.25, 1, -1.5
457 -> 424, -1, 1.25, 3, -0.5
457 -> 424, -5, 0.75, 2, -2
457 -> 424, -1, 0.25, 5, -0.5
457 -> 424, -5, 0.75, 5, -2
457 -> 424, -5, 0.75, 3, -2
458 -> 424, -1, 1.25, 4, -2
458 -> 424, -2, 0.25, 2, -1
458 -> 424, -5, 0.75, 5, -1.5
458 -> 424, -5, 0.75, 1, -1.5
458 -> 424, -5, 0.75, 4, -1.5
458 -> 424, -5, 0.75, 3, -1.5
458 -> 424, -3, 0.75, 2, -2
458 -> 424, -5, 0.75, 2, -1.5
459 -> 424, -4, 0.75, 2, -2
460 -> 424, -1, 0.75, 2, -2
460 -> 424, -1, 0.25, 1, -1
460 -> 424, -5, 1.25, 1, -1.5
461 -> 424, -5, 1.75, 1, -1.5
461 -> 424, -3, 0.75, 5, -0.5
461 -> 424, -3, 1.25, 5, -2
461 -> 424, -3, 0.75, 3, -0.5
461 -> 424, -2, 1.25, 5, -2
461 -> 424, -3, 1.25, 4, -2
461 -> 424, -3, 0.75, 3, -2
461 -> 424, -3, 1.25, 3, -2
462 -> 424, -3, 1.25, 2, -2
462 -> 424, -3, 1.25, 3, -1.5
463 -> 424, -1, 0.25, 3, -0.5
463 -> 424, -2, 0.25, 2, -2
463 -> 424, -2, 0.25, 1, -2
463 -> 424, -2, 1.25, 3, -1.5
463 -> 424, -1, 0.25, 4, -0.5
464 -> 424, -4, 1.25, 4, -1
465 -> 424, -4, 1.25, 1, -0.5
465 -> 424, -1, 0.75, 4, -2
465 -> 424, -3, 1.75, 4, -1
465 -> 424, -5, 1.75, 4, -1
465 -> 424, -5, 1.75, 5, -1
466 -> 424, -4, 1.75, 1, -2
466 -> 424, -4, 1.75, 2, -2
468 -> 424, -2, 0.75, 5, -0.5
468 -> 424, -2, 0.75, 4, -0.5
469 -> 424, -4, 0.25, 3, -1
469 -> 424, -4, 0.25, 4, -1
469 -> 424, -4, 1.25, 5, -1
470 -> 424, -4, 0.75, 2, -1
470 -> 424, -3, 0.75, 1, -2
471 -> 424, -2, 0.75, 2, -0.5
471 -> 424, -1, 1.25, 1, -0.5
472 -> 424, -3, 0.75, 2, -0.5
472 -> 424, -3, 0.75, 1, -0.5
473 -> 424, -4, 1.75, 5, -1
473 -> 424, -1, 0.75, 1, -2
475 -> 424, -5, 0.25, 4, -1.5
475 -> 424, -5, 0.25, 3, -1.5
475 -> 424, -5, 0.25, 5, -1.5
475 -> 424, -4, 1.25, 3, -1
475 -> 424, -5, 0.25, 2, -1.5
475 -> 424, -2, 0.25, 5, -0.5
476 -> 424, -3, 0.75, 4, -1
476 -> 424, -1, 1.75, 3, -2
476 -> 424, -5, 1.25, 5, -0.5
476 -> 424, -1, 1.75, 5, -1
476 -> 424, -3, 0.75, 3, -1
476 -> 424, -4, 0.75, 1, -2
477 -> 424, -4, 1.75, 2, -1.5
477 -> 424, -3, 0.75, 5, -2
477 -> 424, -4, 0.25, 4, -2
477 -> 424, -3, 1.25, 2, -1.5
477 -> 424, -4, 0.25, 3, -2
477 -> 424, -3, 1.25, 1, -1.5
477 -> 424, -3, 0.75, 5, -1
477 -> 424, -3, 0.75, 4, -2
477 -> 424, -4, 0.25, 2, -2
477 -> 424, -2, 0.75, 1, -0.5
478 -> 424, -4, 1.75, 5, -2
479 -> 424, -4, 1.25, 1, -1
479 -> 424, -3, 0.25, 5, -1.5
479 -> 424, -3, 0.25, 2, -0.5
480 -> 424, -4, 0.75, 4, -1.5
480 -> 424, -4, 0.75, 1, -1.5
480 -> 424, -4, 0.75, 2, -1.5
480 -> 424, -4, 0.75, 3, -1.5
480 -> 424, -5, 1.75, 3, -1.5
481 -> 424, -4, 1.75, 2, -0.5
481 -> 424, -3, 1.25, 4, -1.5
481 -> 424, -2, 0.25, 1, -1.5
481 -> 424, -3, 1.25, 5, -1.5
481 -> 424, -2, 0.25, 2, -1.5
481 -> 424, -5, 0.75, 1, -1
481 -> 424, -3, 0.25, 1, -2
481 -> 424, -2, 0.75, 2, -1
481 -> 424, -3, 0.25, 2, -2
481 -> 424, -2, 0.75, 3, -1
482 -> 424, -4, 1.25, 2, -1
482 -> 424, -3, 1.75, 5, -2
482 -> 424, -5, 1.75, 4, -1.5
482 -> 424, -3, 1.75, 4, -2
482 -> 424, -3, 1.75, 3, -2
482 -> 424, -5, 1.75, 5, -1.5
482 -> 424, -1, 0.25, 5, -1.5
482 -> 424, -3, 1.75, 2, -2
482 -> 424, -3, 1.75, 1, -2
483 -> 424, -1, 0.25, 4, -2
484 -> 424, -1, 0.75, 3, -2
484 -> 424, -5, 1.25, 3, -1
484 -> 424, -5, 1.75, 5, -2
484 -> 424, -5, 1.75, 2, -2
484 -> 424, -4, 1.25, 2, -2
484 -> 424, -5, 1.75, 3, -2
484 -> 424, -5, 1.75, 4, -2
484 -> 424, -5, 1.75, 1, -2
484 -> 424, -4, 1.25, 4, -2
484 -> 424, -4, 1.25, 5, -2
484 -> 424, -4, 1.25, 3, -2
485 -> 424, -2, 0.75, 3, -0.5
485 -> 424, -4, 0.25, 2, -0.5
485 -> 424, -2, 0.25, 5, -1
485 -> 424, -4, 0.25, 3, -0.5
485 -> 424, -2, 0.25, 3, -0.5
486 -> 424, -1, 0.75, 1, -1
486 -> 424, -3, 0.25, 1, -1.5
486 -> 424, -3, 0.25, 3, -1.5
486 -> 424, -3, 0.25, 2, -1.5
487 -> 424, -2, 0.25, 1, -0.5
490 -> 424, -2, 1.25, 1, -1.5
490 -> 424, -5, 1.75, 3, -1
490 -> 424, -2, 1.25, 2, -1.5
491 -> 424, -2, 0.25, 4, -1.5
491 -> 424, -5, 1.25, 5, -1
491 -> 424, -2, 0.25, 5, -1.5
491 -> 424, -2, 0.25, 3, -1.5
492 -> 424, -3, 0.75, 1, -1
492 -> 424, -3, 0.25, 5, -2
492 -> 424, -3, 0.25, 4, -2
492 -> 424, -4, 0.25, 1, -2
492 -> 424, -3, 0.25, 3, -2
493 -> 424, -1, 0.25, 1, -1.5
494 -> 424, -5, 1.25, 4, -1.5
494 -> 424, -5, 1.25, 5, -1.5
494 -> 424, -4, 1.25, 3, -1.5
494 -> 424, -2, 0.25, 1, -1
496 -> 424, -1, 0.25, 4, -1.5
496 -> 424, -1, 1.75, 5, -0.5
498 -> 424, -2, 1.75, 1, -0.5
499 -> 424, -4, 0.75, 5, -0.5
500 -> 424, -4, 0.25, 5, -2
500 -> 424, -4, 0.25, 1, -0.5
502 -> 424, -4, 0.75, 2, -0.5
502 -> 424, -3, 1.75, 1, -1.5
502 -> 424, -4, 0.75, 1, -0.5
502 -> 424, -4, 0.75, 3, -0.5
503 -> 424, -2, 1.25, 1, -2
504 -> 424, -2, 0.25, 4, -0.5
505 -> 424, -1, 1.75, 4, -1
505 -> 424, -4, 0.25, 4, -0.5
505 -> 424, -4, 0.25, 5, -0.5
505 -> 424, -1, 1.75, 3, -1
506 -> 424, -5, 1.75, 1, -0.5
509 -> 424, -2, 1.75, 4, -1
509 -> 424, -2, 1.75, 3, -1
509 -> 424, -2, 1.75, 2, -1
516 -> 424, -4, 1.25, 1, -2
520 -> 424, -3, 0.25, 4, -1.5
523 -> 424, -3, 1.75, 5, -0.5
523 -> 424, -3, 0.25, 3, -0.5
523 -> 424, -3, 0.25, 5, -0.5
523 -> 424, -3, 0.25, 4, -0.5
523 -> 424, -3, 1.75, 4, -0.5
523 -> 424, -3, 1.75, 3, -0.5
523 -> 424, -1, 0.25, 3, -1.5
523 -> 424, -1, 0.25, 2, -1.5
525 -> 424, -5, 0.75, 4, -1
525 -> 424, -5, 0.75, 3, -1
525 -> 424, -3, 1.75, 1, -0.5
525 -> 424, -5, 0.75, 5, -1
525 -> 424, -5, 0.75, 2, -1
526 -> 424, -1, 1.75, 2, -1
527 -> 424, -4, 1.75, 3, -1
530 -> 424, -4, 1.25, 2, -1.5
532 -> 424, -5, 0.25, 4, -0.5
532 -> 424, -5, 0.25, 5, -0.5
532 -> 424, -5, 0.25, 3, -0.5
533 -> 424, -5, 1.75, 2, -1
536 -> 424, -4, 0.75, 4, -0.5
540 -> 424, -3, 0.25, 1, -0.5
542 -> 424, -5, 0.25, 2, -0.5
542 -> 424, -5, 0.25, 1, -0.5
544 -> 424, -5, 1.75, 4, -0.5
544 -> 424, -5, 1.75, 3, -0.5
552 -> 424, -5, 1.75, 2, -0.5
579 -> 424, -4, 0.75, 1, -1
582 -> 424, -5, 0.25, 3, -2
582 -> 424, -5, 0.25, 2, -2
582 -> 424, -5, 0.25, 4, -2
582 -> 424, -5, 0.25, 5, -2
582 -> 424, -5, 0.25, 1, -2
634 -> 424, -5, 0.75, 5, -0.5
634 -> 424, -5, 0.75, 4, -0.5
634 -> 424, -5, 0.75, 1, -0.5
634 -> 424, -5, 0.75, 3, -0.5
634 -> 424, -5, 0.75, 2, -0.5
692 -> 424, -5, 1.25, 1, -0.5
