350 -> 229, -2, 1.75, 4, -0.5
359 -> 229, -4, 0.75, 3, -0.5
364 -> 229, -2, 1.75, 1, -1
365 -> 229, -4, 0.75, 2, -0.5
369 -> 229, -1, 1.25, 5, -0.5
370 -> 229, -1, 1.75, 3, -1.5
373 -> 229, -1, 0.75, 1, -0.5
373 -> 229, -3, 0.75, 2, -2
377 -> 229, -1, 0.75, 4, -2
377 -> 229, -1, 0.75, 5, -2
384 -> 229, -2, 1.75, 3, -0.5
384 -> 229, -3, 1.25, 1, -1
385 -> 229, -3, 0.25, 1, -0.5
385 -> 229, -5, 1.75, 3, -1
387 -> 229, -1, 1.75, 2, -0.5
387 -> 229, -5, 0.25, 4, -1
390 -> 229, -5, 0.75, 1, -2
395 -> 229, -5, 1.25, 5, -1
396 -> 229, -4, 0.25, 3, -0.5
396 -> 229, -4, 0.25, 4, -0.5
396 -> 229, -1, 1.25, 4, -0.5
397 -> 229, -5, 1.75, 2, -1
397 -> 229, -5, 1.75, 4, -1
400 -> 229, -3, 1.25, 2, -1
402 -> 229, -2, 1.25, 2, -1
404 -> 229, -1, 1.25, 4, -2
404 -> 229, -1, 1.25, 5, -2
404 -> 229, -3, 0.25, 4, -0.5
405 -> 229, -2, 1.25, 3, -1
405 -> 229, -4, 0.75, 4, -0.5
406 -> 229, -1, 0.75, 2, -1.5
406 -> 229, -1, 0.75, 3, -1.5
407 -> 229, -3, 1.25, 5, -1.5
407 -> 229, -3, 0.25, 5, -0.5
407 -> 229, -4, 0.25, 4, -1.5
408 -> 229, -4, 0.75, 1, -1.5
408 -> 229, -4, 0.75, 2, -1.5
408 -> 229, -3, 1.75, 4, -2
408 -> 229, -2, 1.25, 2, -0.5
408 -> 229, -2, 1.25, 3, -0.5
409 -> 229, -3, 1.25, 5, -1
409 -> 229, -3, 1.25, 4, -1
410 -> 229, -1, 0.25, 4, -0.5
411 -> 229, -1, 0.25, 5, -0.5
411 -> 229, -5, 1.75, 1, -1
411 -> 229, -3, 0.25, 1, -1.5
412 -> 229, -2, 0.25, 2, -1
413 -> 229, -3, 1.75, 3, -2
413 -> 229, -3, 0.75, 2, -1
414 -> 229, -2, 1.75, 3, -1.5
414 -> 229, -1, 1.75, 1, -1.5
414 -> 229, -1, 1.75, 2, -1.5
414 -> 229, -5, 0.75, 3, -1.5
414 -> 229, -5, 0.75, 1, -1.5
414 -> 229, -5, 0.75, 2, -1.5
415 -> 229, -5, 0.25, 5, -0.5
415 -> 229, -5, 0.25, 4, -0.5
416 -> 229, -1, 1.75, 5, -1
416 -> 229, -3, 0.75, 1, -0.5
417 -> 229, -2, 0.75, 2, -1
418 -> 229, -5, 0.75, 5, -1.5
418 -> 229, -1, 0.25, 3, -0.5
418 -> 229, -5, 0.75, 4, -1.5
419 -> 229, -5, 0.75, 2, -2
419 -> 229, -1, 1.25, 1, -1
420 -> 229, -2, 1.25, 4, -2
420 -> 229, -2, 1.25, 5, -2
421 -> 229, -3, 0.25, 1, -2
422 -> 229, -1, 0.75, 1, -1.5
422 -> 229, -3, 1.25, 3, -1
422 -> 229, -2, 0.75, 3, -2
423 -> 229, -3, 1.25, 2, -1.5
423 -> 229, -3, 1.25, 1, -1.5
423 -> 229, -4, 1.75, 4, -1.5
423 -> 229, -3, 1.25, 3, -1.5
423 -> 229, -4, 1.75, 5, -1.5
423 -> 229, -3, 1.25, 4, -1.5
424 -> 229, -3, 1.75, 3, -1
424 -> 229, -3, 1.75, 2, -1
424 -> 229, -3, 1.75, 4, -1
425 -> 229, -2, 0.25, 5, -1
425 -> 229, -3, 1.25, 5, -2
425 -> 229, -2, 1.25, 1, -1
425 -> 229, -2, 1.25, 1, -1.5
425 -> 229, -2, 1.75, 5, -1.5
426 -> 229, -1, 1.75, 4, -1
427 -> 229, -4, 0.25, 5, -1.5
427 -> 229, -1, 1.75, 5, -0.5
428 -> 229, -3, 0.75, 3, -1
429 -> 229, -3, 1.75, 1, -1
429 -> 229, -2, 1.75, 2, -1.5
429 -> 229, -3, 0.25, 3, -0.5
429 -> 229, -3, 0.75, 1, -1
430 -> 229, -5, 0.25, 2, -2
430 -> 229, -5, 1.75, 5, -1
430 -> 229, -1, 1.75, 3, -1
431 -> 229, -3, 0.25, 2, -0.5
431 -> 229, -2, 0.75, 1, -1
432 -> 229, -2, 0.75, 5, -0.5
432 -> 229, -2, 1.75, 2, -1
432 -> 229, -4, 1.25, 3, -2
432 -> 229, -2, 0.75, 3, -0.5
432 -> 229, -2, 0.75, 4, -0.5
433 -> 229, -1, 1.25, 2, -1.5
433 -> 229, -4, 1.25, 4, -2
433 -> 229, -1, 0.25, 2, -0.5
433 -> 229, -4, 1.25, 5, -2
433 -> 229, -1, 1.25, 1, -1.5
433 -> 229, -2, 0.75, 2, -2
434 -> 229, -1, 1.75, 3, -0.5
434 -> 229, -4, 0.75, 3, -2
434 -> 229, -1, 1.75, 4, -0.5
435 -> 229, -3, 1.75, 5, -1
435 -> 229, -4, 0.25, 2, -1
436 -> 229, -3, 0.25, 5, -2
436 -> 229, -5, 0.75, 5, -1
436 -> 229, -3, 0.25, 4, -2
436 -> 229, -2, 0.25, 3, -1
436 -> 229, -2, 0.25, 4, -1
437 -> 229, -3, 0.75, 4, -1
437 -> 229, -3, 0.75, 5, -1
437 -> 229, -5, 0.75, 4, -1
437 -> 229, -1, 1.75, 4, -1.5
438 -> 229, -4, 1.75, 2, -1.5
438 -> 229, -2, 1.25, 4, -1.5
438 -> 229, -5, 1.25, 2, -1
438 -> 229, -2, 1.25, 5, -1.5
438 -> 229, -1, 0.25, 1, -1.5
438 -> 229, -2, 1.25, 3, -1.5
438 -> 229, -5, 1.25, 1, -1
438 -> 229, -4, 1.75, 3, -1.5
438 -> 229, -4, 1.75, 1, -1.5
439 -> 229, -2, 1.75, 5, -0.5
439 -> 229, -2, 1.75, 3, -1
439 -> 229, -4, 0.75, 1, -2
439 -> 229, -4, 1.75, 4, -2
439 -> 229, -4, 1.75, 5, -2
439 -> 229, -4, 1.75, 2, -2
439 -> 229, -4, 1.75, 1, -2
439 -> 229, -4, 1.75, 3, -2
439 -> 229, -3, 1.75, 5, -0.5
439 -> 229, -4, 0.75, 2, -2
439 -> 229, -2, 1.25, 2, -1.5
442 -> 229, -5, 1.25, 4, -2
442 -> 229, -5, 1.25, 1, -2
442 -> 229, -5, 1.25, 2, -2
442 -> 229, -5, 1.25, 3, -2
442 -> 229, -5, 0.25, 1, -2
442 -> 229, -2, 1.25, 5, -0.5
442 -> 229, -5, 1.25, 5, -2
442 -> 229, -2, 1.25, 4, -0.5
443 -> 229, -5, 0.25, 4, -2
443 -> 229, -4, 0.25, 1, -1
443 -> 229, -5, 0.25, 3, -2
444 -> 229, -4, 0.75, 3, -1.5
444 -> 229, -4, 0.75, 4, -1.5
444 -> 229, -4, 0.75, 5, -1.5
445 -> 229, -3, 0.25, 2, -1.5
445 -> 229, -2, 1.75, 4, -1
445 -> 229, -3, 0.25, 3, -1.5
445 -> 229, -3, 0.25, 4, -1.5
445 -> 229, -3, 0.25, 5, -1.5
445 -> 229, -2, 1.25, 1, -2
446 -> 229, -3, 1.25, 2, -2
446 -> 229, -3, 1.25, 3, -2
447 -> 229, -1, 1.25, 5, -1
447 -> 229, -1, 1.75, 1, -0.5
447 -> 229, -3, 1.75, 5, -2
447 -> 229, -3, 0.25, 2, -2
447 -> 229, -1, 1.25, 4, -1
447 -> 229, -3, 0.25, 3, -2
448 -> 229, -5, 1.75, 1, -2
448 -> 229, -3, 0.75, 5, -2
448 -> 229, -3, 0.75, 4, -2
448 -> 229, -3, 1.25, 1, -2
448 -> 229, -2, 1.25, 1, -0.5
448 -> 229, -3, 0.75, 3, -2
449 -> 229, -3, 1.75, 5, -1.5
449 -> 229, -5, 1.75, 2, -2
449 -> 229, -5, 1.75, 3, -2
449 -> 229, -5, 1.75, 4, -2
449 -> 229, -3, 1.25, 5, -0.5
449 -> 229, -5, 1.75, 5, -2
449 -> 229, -2, 0.75, 1, -0.5
449 -> 229, -2, 1.75, 2, -0.5
450 -> 229, -1, 1.75, 5, -2
450 -> 229, -1, 1.75, 4, -2
450 -> 229, -1, 0.75, 4, -0.5
450 -> 229, -4, 0.25, 5, -1
451 -> 229, -3, 1.75, 1, -1.5
451 -> 229, -1, 1.25, 3, -1.5
452 -> 229, -4, 1.25, 2, -2
453 -> 229, -2, 1.75, 5, -2
453 -> 229, -5, 0.75, 4, -2
453 -> 229, -5, 0.75, 5, -2
453 -> 229, -5, 0.75, 3, -2
454 -> 229, -1, 1.25, 3, -2
454 -> 229, -1, 1.25, 2, -2
454 -> 229, -1, 1.25, 1, -2
455 -> 229, -3, 1.25, 4, -2
455 -> 229, -5, 0.25, 5, -2
456 -> 229, -1, 0.75, 4, -1.5
456 -> 229, -1, 0.25, 5, -2
456 -> 229, -1, 0.75, 5, -1.5
456 -> 229, -2, 0.25, 1, -1
456 -> 229, -1, 0.25, 2, -2
456 -> 229, -1, 0.25, 3, -2
456 -> 229, -1, 0.25, 4, -2
457 -> 229, -4, 0.75, 4, -2
457 -> 229, -1, 1.25, 1, -0.5
457 -> 229, -4, 0.75, 5, -2
457 -> 229, -1, 1.25, 2, -0.5
458 -> 229, -2, 0.75, 4, -2
458 -> 229, -4, 1.25, 1, -2
458 -> 229, -1, 1.25, 3, -0.5
458 -> 229, -2, 0.75, 5, -2
458 -> 229, -2, 0.25, 1, -1.5
458 -> 229, -2, 0.25, 2, -1.5
459 -> 229, -2, 1.25, 5, -1
459 -> 229, -5, 0.25, 1, -0.5
459 -> 229, -5, 0.25, 3, -0.5
459 -> 229, -5, 0.25, 2, -0.5
459 -> 229, -2, 1.25, 4, -1
461 -> 229, -1, 0.25, 1, -0.5
461 -> 229, -3, 1.25, 2, -0.5
461 -> 229, -3, 1.25, 3, -0.5
462 -> 229, -4, 1.25, 1, -1.5
463 -> 229, -2, 1.75, 4, -1.5
463 -> 229, -1, 1.25, 4, -1.5
463 -> 229, -4, 1.25, 1, -1
464 -> 229, -1, 0.25, 4, -1.5
464 -> 229, -1, 0.25, 3, -1
464 -> 229, -1, 0.25, 5, -1.5
464 -> 229, -1, 0.25, 3, -1.5
465 -> 229, -1, 0.75, 3, -2
465 -> 229, -1, 0.75, 2, -2
466 -> 229, -1, 0.25, 1, -1
466 -> 229, -1, 0.25, 2, -1
467 -> 229, -4, 1.25, 5, -1.5
468 -> 229, -5, 0.25, 2, -1.5
468 -> 229, -1, 1.25, 5, -1.5
468 -> 229, -5, 0.25, 3, -1.5
468 -> 229, -2, 1.75, 1, -1.5
468 -> 229, -4, 0.25, 3, -1.5
469 -> 229, -2, 1.75, 3, -2
469 -> 229, -1, 0.25, 2, -1.5
469 -> 229, -2, 1.75, 4, -2
469 -> 229, -2, 0.75, 2, -1.5
470 -> 229, -4, 0.25, 4, -2
470 -> 229, -5, 1.75, 3, -1.5
470 -> 229, -4, 0.25, 5, -2
470 -> 229, -5, 1.75, 5, -1.5
470 -> 229, -4, 0.25, 2, -2
470 -> 229, -2, 0.75, 1, -1.5
470 -> 229, -1, 0.75, 4, -1
470 -> 229, -5, 1.75, 4, -1.5
470 -> 229, -2, 0.75, 5, -1.5
470 -> 229, -4, 0.25, 3, -2
470 -> 229, -1, 0.75, 3, -1
471 -> 229, -4, 1.25, 3, -1.5
471 -> 229, -4, 1.25, 4, -1.5
471 -> 229, -4, 1.25, 2, -1.5
472 -> 229, -1, 0.25, 5, -1
472 -> 229, -2, 1.75, 5, -1
472 -> 229, -3, 1.25, 1, -0.5
472 -> 229, -1, 0.75, 3, -0.5
472 -> 229, -1, 0.25, 4, -1
472 -> 229, -1, 0.75, 2, -0.5
473 -> 229, -2, 1.75, 2, -2
473 -> 229, -2, 0.75, 3, -1.5
473 -> 229, -2, 0.75, 4, -1.5
474 -> 229, -4, 1.25, 3, -1
474 -> 229, -4, 1.25, 4, -1
474 -> 229, -4, 1.25, 2, -1
474 -> 229, -4, 1.25, 5, -1
474 -> 229, -1, 1.75, 3, -2
474 -> 229, -1, 1.75, 2, -2
475 -> 229, -5, 0.25, 5, -1
475 -> 229, -2, 0.75, 1, -2
476 -> 229, -5, 1.25, 3, -1
476 -> 229, -5, 1.25, 4, -1
478 -> 229, -2, 1.25, 3, -2
480 -> 229, -4, 1.25, 4, -0.5
480 -> 229, -4, 1.25, 5, -0.5
480 -> 229, -1, 0.75, 5, -0.5
483 -> 229, -2, 0.75, 2, -0.5
484 -> 229, -1, 1.75, 5, -1.5
484 -> 229, -2, 0.25, 3, -1.5
486 -> 229, -5, 0.25, 5, -1.5
486 -> 229, -5, 0.25, 4, -1.5
486 -> 229, -3, 1.25, 4, -0.5
486 -> 229, -1, 1.25, 2, -1
486 -> 229, -1, 1.25, 3, -1
487 -> 229, -5, 0.75, 3, -0.5
487 -> 229, -5, 0.75, 4, -0.5
487 -> 229, -2, 1.25, 2, -2
487 -> 229, -3, 1.75, 2, -2
487 -> 229, -3, 1.75, 1, -2
489 -> 229, -3, 1.75, 4, -1.5
489 -> 229, -3, 1.75, 3, -1.5
489 -> 229, -3, 1.75, 2, -1.5
489 -> 229, -5, 1.25, 1, -0.5
490 -> 229, -1, 0.25, 1, -2
492 -> 229, -2, 0.25, 5, -0.5
492 -> 229, -2, 0.25, 4, -0.5
493 -> 229, -5, 0.75, 2, -0.5
494 -> 229, -3, 0.25, 5, -1
494 -> 229, -1, 0.75, 1, -1
495 -> 229, -4, 0.25, 1, -1.5
495 -> 229, -4, 0.25, 2, -1.5
495 -> 229, -2, 0.75, 4, -1
495 -> 229, -2, 0.25, 2, -0.5
495 -> 229, -2, 0.25, 3, -0.5
495 -> 229, -2, 0.75, 3, -1
495 -> 229, -2, 0.75, 5, -1
495 -> 229, -1, 0.75, 2, -1
497 -> 229, -1, 1.75, 1, -1
497 -> 229, -1, 1.75, 2, -1
498 -> 229, -2, 0.25, 4, -2
498 -> 229, -5, 0.25, 1, -1.5
498 -> 229, -2, 0.25, 5, -2
498 -> 229, -2, 0.25, 3, -2
499 -> 229, -1, 0.75, 1, -2
499 -> 229, -5, 1.25, 2, -1.5
499 -> 229, -5, 1.25, 4, -1.5
499 -> 229, -5, 1.25, 1, -1.5
499 -> 229, -5, 1.25, 3, -1.5
499 -> 229, -2, 0.25, 1, -2
499 -> 229, -2, 0.25, 2, -2
499 -> 229, -5, 1.25, 5, -1.5
500 -> 229, -3, 0.75, 1, -1.5
500 -> 229, -4, 0.25, 2, -0.5
500 -> 229, -4, 0.25, 1, -0.5
500 -> 229, -3, 0.75, 2, -1.5
501 -> 229, -1, 1.75, 1, -2
501 -> 229, -5, 1.25, 2, -0.5
501 -> 229, -5, 1.25, 3, -0.5
501 -> 229, -1, 0.75, 5, -1
503 -> 229, -2, 0.25, 1, -0.5
504 -> 229, -2, 0.25, 5, -1.5
504 -> 229, -2, 0.25, 4, -1.5
506 -> 229, -4, 0.75, 1, -0.5
506 -> 229, -2, 1.75, 1, -0.5
507 -> 229, -4, 0.75, 2, -1
508 -> 229, -4, 0.25, 3, -1
508 -> 229, -4, 0.25, 4, -1
509 -> 229, -2, 1.75, 1, -2
509 -> 229, -5, 0.25, 3, -1
509 -> 229, -5, 0.25, 2, -1
509 -> 229, -5, 0.25, 1, -1
512 -> 229, -3, 0.75, 3, -1.5
512 -> 229, -3, 0.75, 5, -1.5
512 -> 229, -3, 0.75, 4, -1.5
514 -> 229, -5, 0.75, 5, -0.5
520 -> 229, -3, 0.25, 2, -1
520 -> 229, -4, 0.75, 1, -1
520 -> 229, -3, 0.25, 3, -1
520 -> 229, -3, 0.25, 4, -1
521 -> 229, -3, 1.75, 2, -0.5
525 -> 229, -5, 1.25, 4, -0.5
526 -> 229, -5, 0.75, 2, -1
526 -> 229, -5, 0.75, 1, -1
526 -> 229, -5, 0.75, 3, -1
527 -> 229, -4, 1.75, 1, -1
527 -> 229, -4, 1.75, 4, -1
527 -> 229, -4, 1.75, 3, -1
527 -> 229, -4, 1.75, 2, -1
533 -> 229, -4, 0.25, 1, -2
536 -> 229, -5, 1.75, 2, -1.5
536 -> 229, -5, 1.75, 1, -1.5
537 -> 229, -3, 1.75, 1, -0.5
542 -> 229, -4, 0.75, 5, -0.5
552 -> 229, -4, 0.75, 3, -1
552 -> 229, -4, 0.75, 4, -1
552 -> 229, -4, 0.75, 5, -1
559 -> 229, -3, 0.25, 1, -1
562 -> 229, -3, 0.75, 1, -2
584 -> 229, -5, 1.75, 5, -0.5
586 -> 229, -4, 1.75, 5, -0.5
588 -> 229, -3, 0.75, 2, -0.5
588 -> 229, -3, 0.75, 4, -0.5
588 -> 229, -3, 0.75, 3, -0.5
590 -> 229, -5, 1.25, 5, -0.5
596 -> 229, -4, 1.75, 5, -1
612 -> 229, -5, 0.75, 1, -0.5
616 -> 229, -4, 0.25, 5, -0.5
623 -> 229, -5, 1.75, 3, -0.5
623 -> 229, -5, 1.75, 1, -0.5
623 -> 229, -5, 1.75, 4, -0.5
623 -> 229, -5, 1.75, 2, -0.5
633 -> 229, -3, 0.75, 5, -0.5
689 -> 229, -3, 1.75, 4, -0.5
689 -> 229, -3, 1.75, 3, -0.5
722 -> 229, -4, 1.75, 3, -0.5
722 -> 229, -4, 1.75, 2, -0.5
722 -> 229, -4, 1.75, 1, -0.5
722 -> 229, -4, 1.75, 4, -0.5
723 -> 229, -4, 1.25, 2, -0.5
723 -> 229, -4, 1.25, 3, -0.5
723 -> 229, -4, 1.25, 1, -0.5
