78 -> 138, -1, 0.25, 2, -2
78 -> 138, -1, 0.25, 3, -2
346 -> 138, -5, 1.75, 3, -1
346 -> 138, -5, 0.25, 3, -0.5
347 -> 138, -5, 1.75, 4, -1
348 -> 138, -5, 0.75, 1, -1.5
351 -> 138, -5, 1.75, 1, -1.5
355 -> 138, -5, 0.75, 2, -2
360 -> 138, -5, 1.25, 5, -1.5
361 -> 138, -5, 1.75, 5, -1
365 -> 138, -5, 0.75, 2, -1
365 -> 138, -3, 0.75, 2, -2
365 -> 138, -5, 1.25, 5, -1
366 -> 138, -4, 1.25, 2, -2
366 -> 138, -3, 1.25, 4, -1.5
370 -> 138, -4, 0.25, 3, -1.5
372 -> 138, -5, 1.75, 2, -2
372 -> 138, -5, 0.75, 3, -2
373 -> 138, -5, 0.75, 3, -1
373 -> 138, -5, 0.75, 2, -1.5
373 -> 138, -5, 0.25, 5, -1
376 -> 138, -5, 1.25, 4, -1
377 -> 138, -5, 0.25, 5, -0.5
377 -> 138, -3, 1.25, 1, -1
377 -> 138, -5, 0.25, 4, -0.5
378 -> 138, -5, 0.25, 4, -1
379 -> 138, -4, 1.75, 1, -1.5
381 -> 138, -3, 1.25, 3, -1.5
383 -> 138, -2, 1.25, 1, -2
383 -> 138, -4, 1.75, 3, -1.5
385 -> 138, -3, 0.75, 4, -1.5
385 -> 138, -2, 1.75, 5, -0.5
385 -> 138, -5, 1.75, 2, -1.5
385 -> 138, -4, 1.75, 4, -2
385 -> 138, -5, 0.75, 1, -1
385 -> 138, -3, 0.75, 5, -1.5
386 -> 138, -5, 0.75, 5, -1.5
388 -> 138, -4, 0.25, 5, -1.5
388 -> 138, -4, 0.25, 4, -1.5
389 -> 138, -1, 1.25, 2, -1
389 -> 138, -3, 1.75, 5, -1
389 -> 138, -5, 1.75, 5, -2
389 -> 138, -1, 1.75, 3, -1.5
389 -> 138, -5, 1.75, 4, -2
389 -> 138, -4, 1.75, 2, -1.5
389 -> 138, -1, 1.75, 4, -1.5
390 -> 138, -1, 0.75, 1, -1
392 -> 138, -4, 0.75, 4, -2
392 -> 138, -4, 0.75, 5, -2
392 -> 138, -2, 0.25, 4, -1.5
394 -> 138, -1, 1.75, 5, -1.5
394 -> 138, -4, 0.25, 5, -1
394 -> 138, -5, 1.75, 1, -2
395 -> 138, -4, 1.25, 1, -2
395 -> 138, -4, 1.75, 5, -2
395 -> 138, -5, 1.25, 3, -1.5
396 -> 138, -5, 0.25, 1, -1.5
396 -> 138, -5, 0.75, 4, -1.5
397 -> 138, -4, 0.25, 4, -1
398 -> 138, -2, 1.25, 5, -1.5
398 -> 138, -4, 0.25, 1, -1.5
398 -> 138, -4, 0.25, 2, -1.5
398 -> 138, -5, 0.75, 3, -1.5
399 -> 138, -2, 1.75, 2, -1.5
399 -> 138, -3, 0.75, 5, -2
400 -> 138, -3, 0.75, 1, -1.5
400 -> 138, -4, 1.75, 3, -2
400 -> 138, -5, 0.75, 1, -2
400 -> 138, -3, 0.75, 2, -1.5
400 -> 138, -4, 1.75, 1, -2
400 -> 138, -3, 0.75, 3, -2
400 -> 138, -3, 0.75, 4, -2
400 -> 138, -3, 1.25, 1, -2
401 -> 138, -4, 1.25, 1, -1.5
401 -> 138, -1, 0.75, 1, -0.5
402 -> 138, -4, 0.75, 1, -1
402 -> 138, -3, 1.75, 2, -1.5
404 -> 138, -4, 0.75, 4, -1
404 -> 138, -4, 0.75, 5, -1
404 -> 138, -3, 1.25, 5, -1.5
406 -> 138, -4, 1.75, 4, -1.5
406 -> 138, -3, 0.75, 3, -1.5
407 -> 138, -4, 0.75, 1, -2
407 -> 138, -4, 0.75, 2, -2
407 -> 138, -1, 1.25, 3, -2
407 -> 138, -4, 0.75, 3, -2
408 -> 138, -1, 0.25, 1, -2
408 -> 138, -3, 1.75, 5, -1.5
408 -> 138, -4, 1.25, 3, -2
408 -> 138, -3, 1.75, 4, -1.5
408 -> 138, -4, 0.75, 2, -1
408 -> 138, -4, 1.25, 4, -2
408 -> 138, -4, 1.25, 5, -2
410 -> 138, -5, 1.75, 4, -1.5
410 -> 138, -5, 1.75, 3, -1.5
411 -> 138, -4, 0.25, 3, -1
411 -> 138, -2, 1.25, 4, -1.5
411 -> 138, -4, 0.25, 2, -1
412 -> 138, -1, 1.75, 2, -1.5
412 -> 138, -3, 1.25, 2, -2
412 -> 138, -3, 1.25, 2, -1.5
412 -> 138, -2, 0.25, 3, -0.5
412 -> 138, -3, 1.25, 1, -1.5
412 -> 138, -2, 0.25, 4, -0.5
412 -> 138, -1, 1.75, 1, -0.5
412 -> 138, -5, 0.75, 4, -1
412 -> 138, -5, 0.75, 5, -1
413 -> 138, -3, 0.25, 4, -0.5
414 -> 138, -1, 1.25, 5, -0.5
415 -> 138, -4, 0.75, 3, -1
415 -> 138, -4, 1.75, 2, -2
416 -> 138, -2, 1.75, 4, -0.5
416 -> 138, -3, 0.75, 1, -2
417 -> 138, -1, 1.25, 2, -2
417 -> 138, -5, 1.25, 1, -2
418 -> 138, -1, 1.25, 1, -1.5
418 -> 138, -2, 1.75, 5, -1.5
419 -> 138, -1, 0.25, 3, -0.5
419 -> 138, -3, 0.25, 3, -0.5
419 -> 138, -4, 1.25, 5, -1.5
419 -> 138, -1, 0.25, 4, -0.5
419 -> 138, -4, 1.25, 2, -1.5
420 -> 138, -5, 0.25, 5, -2
420 -> 138, -4, 1.75, 2, -1
420 -> 138, -2, 1.25, 2, -1
420 -> 138, -4, 1.75, 1, -1
420 -> 138, -2, 0.25, 3, -1
420 -> 138, -1, 1.25, 5, -1.5
420 -> 138, -1, 1.25, 4, -1.5
421 -> 138, -4, 1.25, 3, -1.5
421 -> 138, -4, 0.25, 1, -1
421 -> 138, -1, 1.25, 5, -2
421 -> 138, -1, 1.25, 4, -2
422 -> 138, -3, 1.75, 1, -2
422 -> 138, -3, 1.75, 4, -2
422 -> 138, -2, 1.25, 3, -1.5
422 -> 138, -3, 0.75, 4, -1
423 -> 138, -2, 1.75, 5, -2
423 -> 138, -1, 0.75, 4, -1
423 -> 138, -1, 0.75, 3, -1
424 -> 138, -2, 1.25, 2, -2
424 -> 138, -4, 1.25, 4, -1.5
424 -> 138, -1, 1.75, 1, -1.5
425 -> 138, -1, 0.75, 2, -0.5
425 -> 138, -3, 1.75, 3, -1.5
425 -> 138, -3, 0.75, 5, -1
425 -> 138, -2, 1.25, 5, -2
425 -> 138, -4, 0.75, 5, -1.5
426 -> 138, -3, 1.75, 1, -1.5
426 -> 138, -1, 0.75, 3, -1.5
426 -> 138, -1, 0.75, 4, -1.5
427 -> 138, -1, 1.25, 1, -2
427 -> 138, -5, 0.25, 4, -2
427 -> 138, -5, 0.25, 3, -2
427 -> 138, -2, 1.75, 3, -0.5
428 -> 138, -2, 1.75, 4, -1.5
428 -> 138, -2, 1.25, 3, -1
428 -> 138, -5, 1.25, 4, -1.5
429 -> 138, -1, 0.75, 3, -0.5
429 -> 138, -1, 0.75, 2, -1
429 -> 138, -3, 1.25, 4, -2
429 -> 138, -1, 1.25, 3, -1.5
429 -> 138, -1, 1.25, 2, -1.5
429 -> 138, -3, 1.25, 3, -2
429 -> 138, -3, 1.75, 5, -2
430 -> 138, -2, 0.25, 5, -0.5
430 -> 138, -5, 0.25, 3, -1.5
430 -> 138, -2, 1.75, 3, -1
430 -> 138, -5, 0.25, 5, -1.5
430 -> 138, -5, 0.25, 2, -1.5
430 -> 138, -5, 0.25, 4, -1.5
431 -> 138, -4, 1.25, 1, -1
431 -> 138, -2, 0.25, 5, -1.5
431 -> 138, -2, 1.25, 4, -1
431 -> 138, -2, 1.25, 5, -1
432 -> 138, -2, 0.75, 4, -0.5
432 -> 138, -3, 0.25, 3, -1
432 -> 138, -3, 1.25, 5, -2
432 -> 138, -1, 0.75, 5, -1
432 -> 138, -3, 0.25, 4, -1
432 -> 138, -2, 0.75, 5, -0.5
433 -> 138, -1, 0.75, 1, -1.5
433 -> 138, -2, 1.75, 1, -2
434 -> 138, -2, 1.75, 4, -2
434 -> 138, -3, 0.25, 5, -0.5
434 -> 138, -2, 1.75, 3, -2
435 -> 138, -2, 1.25, 4, -2
435 -> 138, -5, 0.75, 4, -2
435 -> 138, -5, 0.75, 5, -2
435 -> 138, -3, 0.25, 5, -1.5
436 -> 138, -3, 1.75, 1, -0.5
436 -> 138, -2, 1.75, 2, -2
437 -> 138, -2, 1.25, 1, -1.5
437 -> 138, -4, 1.25, 5, -1
437 -> 138, -2, 1.25, 2, -1.5
438 -> 138, -3, 1.75, 3, -1
439 -> 138, -1, 1.75, 5, -2
439 -> 138, -4, 0.75, 4, -1.5
439 -> 138, -4, 0.75, 3, -1.5
439 -> 138, -5, 1.25, 5, -2
439 -> 138, -3, 1.75, 4, -1
440 -> 138, -3, 0.25, 3, -2
440 -> 138, -3, 0.25, 2, -2
440 -> 138, -3, 0.25, 4, -2
440 -> 138, -3, 0.25, 1, -2
440 -> 138, -3, 0.25, 5, -2
440 -> 138, -1, 1.75, 3, -2
440 -> 138, -1, 0.75, 2, -1.5
441 -> 138, -1, 0.75, 5, -1.5
441 -> 138, -3, 0.25, 2, -0.5
441 -> 138, -5, 1.25, 3, -1
441 -> 138, -1, 0.25, 4, -1.5
441 -> 138, -1, 0.25, 5, -1.5
442 -> 138, -5, 0.25, 1, -2
442 -> 138, -3, 0.75, 3, -1
442 -> 138, -3, 0.75, 1, -1
442 -> 138, -3, 0.75, 2, -1
443 -> 138, -1, 0.75, 1, -2
443 -> 138, -1, 0.75, 2, -2
443 -> 138, -4, 0.75, 1, -1.5
443 -> 138, -4, 0.75, 2, -1.5
444 -> 138, -3, 1.75, 3, -2
445 -> 138, -3, 0.25, 5, -1
446 -> 138, -1, 1.75, 4, -2
448 -> 138, -2, 1.75, 3, -1.5
448 -> 138, -1, 0.25, 5, -0.5
449 -> 138, -4, 1.75, 4, -1
449 -> 138, -1, 1.75, 1, -1
449 -> 138, -4, 1.75, 5, -1
449 -> 138, -4, 1.75, 3, -1
450 -> 138, -1, 1.25, 3, -0.5
450 -> 138, -1, 1.75, 2, -1
451 -> 138, -1, 1.75, 1, -2
451 -> 138, -1, 1.25, 2, -0.5
451 -> 138, -5, 0.25, 3, -1
452 -> 138, -2, 0.25, 1, -0.5
452 -> 138, -3, 1.25, 4, -1
452 -> 138, -3, 1.25, 3, -1
452 -> 138, -3, 1.25, 2, -1
453 -> 138, -2, 0.75, 5, -2
453 -> 138, -2, 1.75, 5, -1
453 -> 138, -2, 1.75, 4, -1
453 -> 138, -1, 1.75, 5, -1
453 -> 138, -4, 1.75, 5, -1.5
453 -> 138, -2, 1.25, 3, -2
453 -> 138, -2, 0.75, 3, -2
453 -> 138, -1, 1.75, 4, -1
453 -> 138, -2, 0.75, 4, -2
454 -> 138, -2, 0.75, 1, -2
454 -> 138, -1, 0.25, 5, -2
454 -> 138, -1, 0.25, 4, -2
456 -> 138, -2, 1.25, 3, -0.5
456 -> 138, -2, 0.75, 4, -1.5
456 -> 138, -2, 1.25, 5, -0.5
456 -> 138, -2, 0.75, 3, -1.5
456 -> 138, -2, 0.75, 2, -1.5
456 -> 138, -1, 1.75, 3, -1
456 -> 138, -2, 0.75, 1, -1.5
456 -> 138, -2, 1.25, 4, -0.5
456 -> 138, -2, 1.25, 2, -0.5
457 -> 138, -5, 0.25, 1, -0.5
457 -> 138, -1, 1.75, 5, -0.5
457 -> 138, -5, 1.25, 2, -2
457 -> 138, -5, 1.25, 3, -2
457 -> 138, -5, 1.25, 4, -2
459 -> 138, -2, 0.75, 1, -1
459 -> 138, -2, 0.75, 2, -1
459 -> 138, -3, 1.25, 5, -1
459 -> 138, -2, 0.75, 3, -1
459 -> 138, -1, 1.75, 4, -0.5
460 -> 138, -5, 1.25, 2, -1.5
460 -> 138, -2, 0.75, 3, -0.5
461 -> 138, -3, 1.75, 2, -2
461 -> 138, -5, 1.25, 1, -1.5
461 -> 138, -2, 0.25, 1, -1
462 -> 138, -2, 1.75, 1, -1.5
462 -> 138, -2, 0.75, 2, -2
462 -> 138, -5, 1.25, 1, -1
463 -> 138, -5, 1.75, 3, -2
463 -> 138, -5, 1.75, 2, -0.5
465 -> 138, -5, 0.25, 2, -2
465 -> 138, -2, 0.75, 5, -1.5
465 -> 138, -1, 0.75, 5, -0.5
465 -> 138, -2, 1.25, 1, -0.5
465 -> 138, -1, 0.75, 4, -0.5
466 -> 138, -5, 1.25, 2, -1
466 -> 138, -2, 1.75, 1, -1
466 -> 138, -2, 1.75, 2, -1
467 -> 138, -1, 0.75, 5, -2
468 -> 138, -1, 1.25, 4, -0.5
470 -> 138, -4, 1.25, 2, -1
470 -> 138, -4, 1.25, 3, -1
470 -> 138, -1, 1.75, 2, -2
470 -> 138, -4, 1.25, 4, -1
471 -> 138, -3, 0.25, 1, -1
471 -> 138, -3, 0.25, 2, -1
471 -> 138, -2, 0.25, 3, -2
472 -> 138, -2, 0.25, 2, -2
472 -> 138, -2, 0.25, 4, -1
472 -> 138, -1, 1.75, 3, -0.5
472 -> 138, -2, 0.25, 5, -1
472 -> 138, -1, 1.75, 2, -0.5
472 -> 138, -2, 0.25, 1, -2
473 -> 138, -1, 1.25, 4, -1
473 -> 138, -1, 1.25, 3, -1
473 -> 138, -1, 1.25, 1, -1
473 -> 138, -1, 1.25, 5, -1
474 -> 138, -4, 0.25, 1, -2
474 -> 138, -4, 0.25, 5, -2
474 -> 138, -4, 0.25, 3, -2
474 -> 138, -4, 0.25, 4, -2
474 -> 138, -4, 0.25, 2, -2
475 -> 138, -5, 1.75, 2, -1
475 -> 138, -1, 0.25, 2, -0.5
475 -> 138, -5, 1.75, 1, -1
475 -> 138, -1, 0.25, 1, -0.5
476 -> 138, -2, 0.25, 5, -2
476 -> 138, -2, 0.25, 4, -2
477 -> 138, -1, 0.25, 1, -1.5
477 -> 138, -2, 0.25, 2, -1
477 -> 138, -2, 1.75, 1, -0.5
477 -> 138, -1, 0.25, 2, -1.5
478 -> 138, -2, 0.25, 1, -1.5
478 -> 138, -2, 0.25, 2, -1.5
480 -> 138, -1, 0.25, 4, -1
480 -> 138, -1, 0.25, 3, -1
480 -> 138, -1, 0.25, 5, -1
480 -> 138, -1, 0.25, 2, -1
480 -> 138, -1, 0.25, 1, -1
481 -> 138, -3, 0.25, 1, -1.5
481 -> 138, -3, 0.25, 2, -1.5
481 -> 138, -1, 1.25, 1, -0.5
481 -> 138, -3, 0.25, 3, -1.5
481 -> 138, -3, 0.25, 4, -1.5
482 -> 138, -5, 1.75, 5, -1.5
484 -> 138, -4, 1.75, 4, -0.5
484 -> 138, -4, 1.75, 5, -0.5
484 -> 138, -4, 1.75, 3, -0.5
484 -> 138, -5, 0.25, 2, -0.5
486 -> 138, -5, 1.75, 1, -0.5
486 -> 138, -4, 1.25, 1, -0.5
487 -> 138, -5, 0.25, 2, -1
487 -> 138, -5, 0.25, 1, -1
488 -> 138, -2, 0.75, 4, -1
488 -> 138, -2, 0.75, 5, -1
490 -> 138, -3, 1.75, 2, -1
490 -> 138, -3, 1.75, 1, -1
491 -> 138, -2, 1.25, 1, -1
492 -> 138, -1, 0.75, 3, -2
492 -> 138, -1, 0.75, 4, -2
500 -> 138, -2, 1.75, 2, -0.5
501 -> 138, -1, 0.25, 3, -1.5
502 -> 138, -2, 0.25, 3, -1.5
505 -> 138, -2, 0.25, 2, -0.5
516 -> 138, -2, 0.75, 1, -0.5
519 -> 138, -3, 1.25, 1, -0.5
523 -> 138, -3, 1.75, 2, -0.5
531 -> 138, -4, 0.25, 3, -0.5
531 -> 138, -4, 0.25, 2, -0.5
531 -> 138, -4, 0.25, 5, -0.5
531 -> 138, -4, 0.25, 4, -0.5
534 -> 138, -4, 0.75, 5, -0.5
534 -> 138, -4, 0.75, 4, -0.5
544 -> 138, -4, 1.75, 1, -0.5
563 -> 138, -3, 0.75, 5, -0.5
563 -> 138, -3, 0.75, 3, -0.5
563 -> 138, -3, 0.75, 1, -0.5
563 -> 138, -3, 0.75, 2, -0.5
563 -> 138, -3, 0.75, 4, -0.5
564 -> 138, -3, 1.25, 5, -0.5
564 -> 138, -3, 1.25, 4, -0.5
565 -> 138, -3, 1.25, 2, -0.5
565 -> 138, -3, 1.25, 3, -0.5
573 -> 138, -5, 0.75, 5, -0.5
573 -> 138, -2, 0.75, 2, -0.5
573 -> 138, -5, 0.75, 4, -0.5
579 -> 138, -3, 0.25, 1, -0.5
582 -> 138, -4, 0.25, 1, -0.5
583 -> 138, -4, 1.25, 5, -0.5
605 -> 138, -5, 1.25, 3, -0.5
605 -> 138, -5, 1.25, 4, -0.5
605 -> 138, -5, 1.25, 5, -0.5
626 -> 138, -4, 1.25, 3, -0.5
626 -> 138, -4, 1.25, 2, -0.5
626 -> 138, -4, 1.25, 4, -0.5
637 -> 138, -4, 1.75, 2, -0.5
668 -> 138, -3, 1.75, 5, -0.5
668 -> 138, -3, 1.75, 3, -0.5
668 -> 138, -3, 1.75, 4, -0.5
672 -> 138, -5, 1.25, 2, -0.5
689 -> 138, -5, 0.75, 3, -0.5
689 -> 138, -5, 0.75, 2, -0.5
689 -> 138, -5, 0.75, 1, -0.5
704 -> 138, -4, 0.75, 2, -0.5
704 -> 138, -4, 0.75, 3, -0.5
704 -> 138, -4, 0.75, 1, -0.5
793 -> 138, -5, 1.75, 4, -0.5
793 -> 138, -5, 1.75, 5, -0.5
793 -> 138, -5, 1.75, 3, -0.5
795 -> 138, -5, 1.25, 1, -0.5
