259 -> 60, -5, 1.75, 4, -2
271 -> 60, -4, 1.75, 5, -2
287 -> 60, -5, 0.25, 2, -1.5
287 -> 60, -5, 0.25, 3, -1.5
289 -> 60, -5, 1.75, 2, -2
291 -> 60, -5, 1.75, 1, -2
293 -> 60, -5, 0.25, 4, -1.5
298 -> 60, -4, 1.75, 4, -1
305 -> 60, -5, 1.75, 4, -1
305 -> 60, -4, 1.75, 3, -1
307 -> 60, -4, 1.75, 1, -2
307 -> 60, -5, 1.25, 5, -1.5
308 -> 60, -5, 1.25, 2, -1.5
308 -> 60, -4, 1.75, 3, -2
308 -> 60, -3, 0.75, 4, -2
309 -> 60, -5, 1.75, 5, -2
313 -> 60, -4, 1.75, 1, -1
313 -> 60, -3, 1.25, 5, -2
314 -> 60, -5, 0.25, 5, -1.5
314 -> 60, -5, 1.25, 4, -2
314 -> 60, -5, 1.25, 5, -2
315 -> 60, -4, 1.75, 4, -2
316 -> 60, -4, 1.25, 5, -1.5
317 -> 60, -4, 1.75, 2, -2
319 -> 60, -4, 1.75, 2, -1
320 -> 60, -5, 1.25, 1, -1.5
323 -> 60, -4, 1.25, 3, -1.5
323 -> 60, -3, 0.25, 5, -2
323 -> 60, -3, 0.75, 5, -2
326 -> 60, -5, 0.25, 1, -1.5
326 -> 60, -4, 1.25, 4, -1.5
329 -> 60, -2, 1.75, 5, -1.5
329 -> 60, -1, 1.25, 2, -1.5
330 -> 60, -3, 1.75, 3, -2
330 -> 60, -3, 1.75, 2, -2
331 -> 60, -2, 1.75, 1, -2
331 -> 60, -5, 1.75, 3, -2
333 -> 60, -2, 1.75, 4, -1.5
335 -> 60, -5, 0.25, 1, -1
337 -> 60, -4, 1.25, 1, -2
337 -> 60, -2, 1.75, 3, -1
339 -> 60, -5, 1.25, 3, -1.5
339 -> 60, -2, 1.75, 3, -1.5
340 -> 60, -2, 1.75, 1, -1
340 -> 60, -3, 0.25, 4, -1.5
341 -> 60, -1, 1.25, 2, -2
342 -> 60, -5, 1.25, 4, -1.5
342 -> 60, -2, 1.75, 2, -1.5
343 -> 60, -3, 0.25, 4, -2
343 -> 60, -5, 1.25, 2, -2
344 -> 60, -4, 0.25, 5, -1
344 -> 60, -5, 1.25, 1, -2
346 -> 60, -4, 1.75, 1, -0.5
346 -> 60, -5, 0.25, 5, -0.5
347 -> 60, -5, 1.75, 3, -0.5
347 -> 60, -4, 0.25, 2, -1
347 -> 60, -5, 1.75, 4, -0.5
348 -> 60, -1, 1.25, 1, -2
348 -> 60, -2, 1.25, 5, -1.5
348 -> 60, -4, 1.25, 2, -1.5
350 -> 60, -3, 1.25, 5, -1.5
351 -> 60, -4, 0.25, 3, -1
352 -> 60, -3, 1.75, 3, -0.5
353 -> 60, -2, 1.25, 3, -1.5
353 -> 60, -1, 0.25, 1, -2
354 -> 60, -2, 1.75, 5, -2
354 -> 60, -3, 0.25, 1, -2
354 -> 60, -3, 0.25, 2, -2
354 -> 60, -3, 0.25, 3, -2
354 -> 60, -1, 1.75, 4, -2
354 -> 60, -1, 1.75, 3, -2
354 -> 60, -3, 1.75, 3, -1
354 -> 60, -1, 1.75, 2, -2
355 -> 60, -4, 1.25, 5, -2
355 -> 60, -4, 1.25, 4, -2
355 -> 60, -1, 1.75, 1, -2
355 -> 60, -4, 1.25, 3, -2
355 -> 60, -4, 1.25, 2, -2
356 -> 60, -3, 0.25, 4, -1
356 -> 60, -3, 0.25, 2, -1
356 -> 60, -3, 0.25, 1, -1
357 -> 60, -3, 1.75, 2, -1.5
357 -> 60, -5, 1.25, 3, -2
358 -> 60, -3, 1.75, 2, -1
358 -> 60, -2, 1.25, 2, -1.5
358 -> 60, -3, 1.25, 2, -1.5
359 -> 60, -4, 0.25, 4, -1
359 -> 60, -5, 1.75, 5, -0.5
359 -> 60, -3, 0.25, 5, -1.5
359 -> 60, -1, 1.75, 4, -1.5
359 -> 60, -2, 1.75, 5, -1
360 -> 60, -3, 1.75, 5, -1
360 -> 60, -2, 0.25, 2, -0.5
360 -> 60, -3, 1.25, 1, -1.5
360 -> 60, -3, 1.75, 1, -1.5
361 -> 60, -2, 1.75, 2, -1
361 -> 60, -1, 1.75, 5, -1
364 -> 60, -3, 1.75, 4, -1
365 -> 60, -2, 0.75, 5, -2
365 -> 60, -2, 0.25, 3, -2
365 -> 60, -4, 1.25, 1, -1.5
367 -> 60, -4, 0.75, 2, -2
367 -> 60, -2, 0.75, 3, -2
367 -> 60, -2, 1.75, 1, -1.5
368 -> 60, -1, 1.25, 3, -2
368 -> 60, -3, 1.75, 1, -1
369 -> 60, -4, 0.25, 4, -0.5
370 -> 60, -2, 1.25, 3, -2
370 -> 60, -3, 0.25, 3, -1
371 -> 60, -2, 1.75, 4, -1
371 -> 60, -1, 1.75, 5, -1.5
371 -> 60, -2, 0.75, 4, -2
372 -> 60, -3, 1.25, 3, -1.5
372 -> 60, -3, 0.25, 5, -1
372 -> 60, -4, 0.25, 5, -0.5
372 -> 60, -3, 1.25, 4, -1.5
373 -> 60, -4, 0.25, 3, -1.5
373 -> 60, -2, 0.25, 2, -2
373 -> 60, -1, 1.25, 1, -1.5
374 -> 60, -3, 0.25, 3, -1.5
376 -> 60, -1, 1.75, 3, -1
376 -> 60, -1, 0.75, 4, -1
376 -> 60, -3, 1.75, 1, -2
377 -> 60, -1, 0.25, 4, -1.5
377 -> 60, -1, 1.25, 4, -2
378 -> 60, -1, 1.75, 5, -2
378 -> 60, -3, 0.25, 5, -0.5
379 -> 60, -1, 1.25, 4, -1.5
379 -> 60, -3, 1.25, 1, -2
379 -> 60, -5, 0.75, 4, -1
379 -> 60, -5, 0.25, 4, -0.5
380 -> 60, -1, 1.75, 2, -1.5
380 -> 60, -1, 1.25, 5, -1.5
380 -> 60, -4, 0.75, 3, -1.5
381 -> 60, -2, 0.25, 4, -1.5
382 -> 60, -1, 1.25, 3, -1.5
383 -> 60, -1, 1.75, 1, -0.5
384 -> 60, -2, 0.25, 5, -1.5
385 -> 60, -1, 1.75, 3, -1.5
385 -> 60, -1, 0.25, 3, -2
386 -> 60, -5, 0.75, 1, -1
386 -> 60, -4, 0.75, 4, -1.5
386 -> 60, -2, 1.25, 1, -1.5
386 -> 60, -4, 0.75, 5, -1.5
386 -> 60, -2, 0.25, 1, -2
387 -> 60, -1, 0.25, 5, -1.5
387 -> 60, -3, 1.25, 3, -1
387 -> 60, -3, 1.25, 4, -1
387 -> 60, -4, 0.75, 1, -2
387 -> 60, -4, 0.75, 2, -1.5
387 -> 60, -4, 0.75, 1, -1.5
388 -> 60, -4, 1.75, 2, -1.5
388 -> 60, -4, 0.75, 5, -2
388 -> 60, -1, 0.75, 4, -2
388 -> 60, -1, 0.75, 3, -1.5
389 -> 60, -1, 1.75, 1, -1.5
389 -> 60, -1, 1.25, 1, -0.5
390 -> 60, -2, 1.25, 1, -2
390 -> 60, -2, 0.75, 5, -1
390 -> 60, -4, 1.75, 5, -1
391 -> 60, -4, 1.75, 3, -0.5
391 -> 60, -3, 1.75, 3, -1.5
391 -> 60, -1, 1.25, 4, -1
391 -> 60, -4, 1.75, 4, -0.5
392 -> 60, -3, 0.75, 1, -2
392 -> 60, -2, 1.25, 5, -0.5
392 -> 60, -4, 0.25, 3, -0.5
393 -> 60, -3, 1.75, 4, -2
393 -> 60, -3, 1.75, 5, -2
394 -> 60, -3, 0.75, 3, -2
394 -> 60, -5, 0.75, 2, -1
394 -> 60, -5, 0.75, 3, -1
395 -> 60, -2, 0.75, 3, -1
395 -> 60, -4, 1.75, 3, -1.5
395 -> 60, -2, 0.75, 4, -1
397 -> 60, -2, 1.25, 1, -0.5
397 -> 60, -2, 1.25, 2, -0.5
397 -> 60, -2, 1.75, 4, -0.5
399 -> 60, -2, 0.75, 5, -1.5
399 -> 60, -1, 0.75, 5, -2
400 -> 60, -2, 0.75, 2, -1.5
400 -> 60, -1, 1.75, 1, -1
400 -> 60, -3, 0.75, 2, -2
400 -> 60, -4, 1.75, 4, -1.5
401 -> 60, -1, 1.25, 5, -0.5
401 -> 60, -4, 0.75, 3, -2
401 -> 60, -1, 1.25, 4, -0.5
401 -> 60, -4, 0.75, 4, -2
401 -> 60, -4, 0.25, 1, -1
402 -> 60, -5, 1.75, 3, -1
402 -> 60, -2, 1.25, 4, -1.5
403 -> 60, -1, 1.25, 3, -0.5
403 -> 60, -1, 1.25, 2, -0.5
403 -> 60, -1, 0.75, 3, -2
403 -> 60, -2, 1.75, 5, -0.5
404 -> 60, -1, 0.75, 5, -1
405 -> 60, -2, 1.25, 5, -2
406 -> 60, -2, 1.75, 4, -2
408 -> 60, -1, 0.25, 1, -1.5
409 -> 60, -1, 1.75, 3, -0.5
409 -> 60, -1, 0.75, 2, -1
409 -> 60, -2, 0.75, 1, -1
409 -> 60, -1, 1.75, 2, -0.5
410 -> 60, -2, 1.75, 2, -0.5
410 -> 60, -1, 0.25, 3, -1.5
410 -> 60, -2, 1.75, 3, -0.5
411 -> 60, -1, 1.25, 5, -2
411 -> 60, -5, 1.25, 4, -1
411 -> 60, -5, 1.25, 5, -1
411 -> 60, -2, 0.75, 1, -2
411 -> 60, -3, 0.25, 3, -0.5
411 -> 60, -5, 1.25, 3, -1
412 -> 60, -1, 0.75, 1, -1
412 -> 60, -5, 1.75, 1, -1
413 -> 60, -1, 0.25, 4, -2
413 -> 60, -1, 0.25, 5, -2
413 -> 60, -4, 1.75, 1, -1.5
414 -> 60, -1, 0.75, 2, -1.5
415 -> 60, -5, 1.75, 2, -1
415 -> 60, -1, 0.25, 2, -1.5
416 -> 60, -5, 1.25, 2, -1
416 -> 60, -2, 0.25, 2, -1.5
416 -> 60, -2, 0.25, 3, -1.5
417 -> 60, -5, 0.75, 1, -2
417 -> 60, -5, 0.75, 4, -2
417 -> 60, -5, 0.75, 3, -2
417 -> 60, -1, 0.75, 4, -0.5
417 -> 60, -5, 0.75, 2, -2
418 -> 60, -3, 1.25, 1, -1
419 -> 60, -2, 0.75, 1, -1.5
419 -> 60, -2, 0.25, 1, -1.5
419 -> 60, -1, 1.75, 2, -1
419 -> 60, -3, 0.25, 4, -0.5
420 -> 60, -1, 1.25, 3, -1
421 -> 60, -1, 1.75, 4, -1
422 -> 60, -3, 1.75, 5, -1.5
422 -> 60, -1, 1.25, 2, -1
424 -> 60, -2, 1.75, 1, -0.5
425 -> 60, -3, 0.25, 2, -0.5
425 -> 60, -2, 1.25, 4, -0.5
425 -> 60, -4, 0.25, 1, -1.5
425 -> 60, -2, 0.25, 5, -2
426 -> 60, -2, 0.75, 2, -1
426 -> 60, -5, 1.75, 2, -1.5
426 -> 60, -5, 1.75, 1, -1.5
427 -> 60, -1, 0.75, 3, -1
427 -> 60, -2, 1.25, 4, -2
428 -> 60, -1, 0.25, 5, -0.5
428 -> 60, -1, 1.25, 5, -1
428 -> 60, -4, 0.25, 5, -2
428 -> 60, -5, 1.75, 3, -1.5
428 -> 60, -5, 1.75, 5, -1.5
428 -> 60, -5, 1.75, 4, -1.5
428 -> 60, -4, 0.25, 1, -0.5
428 -> 60, -1, 0.25, 4, -0.5
429 -> 60, -1, 0.75, 2, -0.5
429 -> 60, -1, 0.25, 3, -0.5
429 -> 60, -1, 0.75, 3, -0.5
430 -> 60, -2, 0.25, 2, -1
430 -> 60, -2, 0.25, 5, -1
430 -> 60, -2, 0.25, 4, -1
430 -> 60, -2, 0.25, 3, -1
430 -> 60, -1, 0.75, 1, -0.5
430 -> 60, -1, 0.25, 1, -0.5
431 -> 60, -2, 0.25, 1, -0.5
431 -> 60, -2, 1.25, 2, -2
432 -> 60, -2, 0.25, 1, -1
432 -> 60, -1, 1.75, 5, -0.5
432 -> 60, -1, 0.25, 2, -2
433 -> 60, -4, 1.25, 1, -1
436 -> 60, -1, 0.75, 2, -2
436 -> 60, -1, 0.75, 4, -1.5
437 -> 60, -2, 0.25, 4, -2
437 -> 60, -1, 0.25, 5, -1
438 -> 60, -1, 0.75, 5, -0.5
438 -> 60, -3, 1.25, 2, -1
438 -> 60, -4, 1.75, 5, -1.5
438 -> 60, -1, 0.75, 1, -1.5
438 -> 60, -1, 1.25, 1, -1
438 -> 60, -1, 0.75, 1, -2
439 -> 60, -3, 1.75, 5, -0.5
439 -> 60, -3, 1.75, 4, -0.5
440 -> 60, -5, 1.75, 5, -1
444 -> 60, -5, 1.25, 5, -0.5
444 -> 60, -3, 1.75, 4, -1.5
448 -> 60, -1, 1.75, 4, -0.5
448 -> 60, -2, 0.25, 5, -0.5
449 -> 60, -1, 0.25, 2, -0.5
450 -> 60, -4, 1.25, 3, -1
451 -> 60, -4, 1.25, 5, -0.5
451 -> 60, -4, 1.25, 4, -0.5
451 -> 60, -4, 1.25, 3, -0.5
451 -> 60, -2, 0.75, 2, -2
451 -> 60, -4, 1.25, 2, -0.5
454 -> 60, -1, 0.25, 4, -1
456 -> 60, -5, 1.25, 3, -0.5
458 -> 60, -5, 0.25, 5, -2
458 -> 60, -5, 0.25, 4, -2
458 -> 60, -1, 0.25, 2, -1
459 -> 60, -1, 0.25, 1, -1
459 -> 60, -3, 1.25, 1, -0.5
459 -> 60, -5, 0.25, 3, -2
459 -> 60, -1, 0.25, 3, -1
459 -> 60, -5, 0.25, 1, -2
459 -> 60, -5, 0.25, 2, -2
461 -> 60, -5, 1.75, 2, -0.5
461 -> 60, -5, 1.75, 1, -0.5
462 -> 60, -3, 0.75, 3, -1
462 -> 60, -3, 0.75, 4, -1
462 -> 60, -3, 0.75, 5, -1
464 -> 60, -2, 0.75, 1, -0.5
466 -> 60, -3, 0.25, 1, -1.5
466 -> 60, -3, 0.25, 2, -1.5
467 -> 60, -4, 0.25, 4, -2
471 -> 60, -4, 0.25, 2, -1.5
472 -> 60, -5, 0.75, 5, -1
472 -> 60, -4, 0.25, 2, -2
472 -> 60, -4, 0.25, 1, -2
472 -> 60, -4, 0.25, 3, -2
473 -> 60, -5, 0.25, 3, -1
473 -> 60, -5, 0.25, 2, -1
473 -> 60, -5, 0.25, 5, -1
473 -> 60, -5, 0.25, 4, -1
474 -> 60, -3, 1.25, 4, -2
474 -> 60, -3, 1.25, 3, -2
474 -> 60, -3, 1.25, 2, -2
475 -> 60, -2, 0.75, 2, -0.5
475 -> 60, -2, 0.75, 3, -0.5
475 -> 60, -2, 1.25, 3, -0.5
476 -> 60, -5, 1.25, 4, -0.5
478 -> 60, -4, 1.75, 5, -0.5
479 -> 60, -4, 0.25, 5, -1.5
479 -> 60, -2, 1.75, 2, -2
479 -> 60, -2, 1.75, 3, -2
482 -> 60, -4, 0.75, 5, -1
482 -> 60, -4, 0.75, 4, -1
483 -> 60, -2, 0.25, 4, -0.5
483 -> 60, -2, 0.25, 3, -0.5
484 -> 60, -3, 0.75, 1, -1.5
484 -> 60, -3, 0.75, 2, -1.5
488 -> 60, -1, 0.75, 5, -1.5
492 -> 60, -5, 1.25, 1, -1
494 -> 60, -2, 0.75, 4, -0.5
494 -> 60, -2, 0.75, 5, -0.5
499 -> 60, -4, 0.75, 3, -1
501 -> 60, -4, 0.75, 2, -1
503 -> 60, -2, 1.25, 2, -1
503 -> 60, -2, 1.25, 1, -1
503 -> 60, -2, 1.25, 3, -1
503 -> 60, -2, 1.25, 4, -1
503 -> 60, -2, 1.25, 5, -1
507 -> 60, -4, 0.75, 1, -0.5
508 -> 60, -5, 0.75, 3, -1.5
508 -> 60, -5, 0.75, 4, -1.5
508 -> 60, -5, 0.75, 5, -1.5
511 -> 60, -3, 0.75, 2, -1
511 -> 60, -4, 1.25, 5, -1
511 -> 60, -4, 1.25, 4, -1
511 -> 60, -3, 0.75, 1, -1
515 -> 60, -3, 0.25, 1, -0.5
519 -> 60, -4, 1.75, 2, -0.5
527 -> 60, -4, 1.25, 2, -1
528 -> 60, -3, 0.75, 3, -1.5
528 -> 60, -3, 0.75, 5, -1.5
528 -> 60, -3, 0.75, 4, -1.5
531 -> 60, -3, 0.75, 4, -0.5
531 -> 60, -3, 0.75, 2, -0.5
531 -> 60, -3, 0.75, 3, -0.5
531 -> 60, -3, 0.75, 5, -0.5
531 -> 60, -3, 0.75, 1, -0.5
532 -> 60, -4, 0.25, 2, -0.5
537 -> 60, -4, 0.25, 4, -1.5
538 -> 60, -2, 0.75, 3, -1.5
538 -> 60, -2, 0.75, 4, -1.5
541 -> 60, -4, 1.25, 1, -0.5
545 -> 60, -4, 0.75, 1, -1
567 -> 60, -5, 0.75, 5, -2
592 -> 60, -5, 0.75, 2, -1.5
592 -> 60, -5, 0.75, 1, -1.5
593 -> 60, -3, 1.75, 2, -0.5
593 -> 60, -3, 1.75, 1, -0.5
595 -> 60, -3, 1.25, 5, -0.5
595 -> 60, -3, 1.25, 2, -0.5
595 -> 60, -3, 1.25, 4, -0.5
595 -> 60, -3, 1.25, 3, -0.5
598 -> 60, -3, 1.25, 5, -1
600 -> 60, -5, 0.25, 3, -0.5
600 -> 60, -5, 0.25, 2, -0.5
600 -> 60, -5, 0.25, 1, -0.5
601 -> 60, -4, 0.75, 2, -0.5
602 -> 60, -5, 1.25, 2, -0.5
668 -> 60, -5, 0.75, 4, -0.5
668 -> 60, -5, 0.75, 2, -0.5
668 -> 60, -5, 0.75, 1, -0.5
668 -> 60, -5, 0.75, 3, -0.5
668 -> 60, -5, 0.75, 5, -0.5
693 -> 60, -5, 1.25, 1, -0.5
709 -> 60, -4, 0.75, 5, -0.5
764 -> 60, -4, 0.75, 3, -0.5
764 -> 60, -4, 0.75, 4, -0.5
