344 -> 214, -5, 1.25, 3, -0.5
352 -> 214, -5, 1.75, 2, -0.5
363 -> 214, -4, 1.25, 1, -1
365 -> 214, -5, 0.75, 1, -0.5
372 -> 214, -4, 1.75, 5, -0.5
373 -> 214, -1, 1.75, 3, -1.5
374 -> 214, -1, 1.25, 4, -1
375 -> 214, -1, 1.75, 2, -1.5
381 -> 214, -1, 1.25, 5, -1
387 -> 214, -1, 1.75, 2, -0.5
387 -> 214, -1, 1.75, 1, -0.5
388 -> 214, -1, 1.75, 1, -2
389 -> 214, -4, 0.75, 4, -0.5
389 -> 214, -5, 0.75, 5, -0.5
391 -> 214, -1, 1.75, 5, -1
391 -> 214, -5, 1.75, 2, -1
391 -> 214, -1, 1.25, 2, -0.5
391 -> 214, -1, 0.75, 2, -0.5
392 -> 214, -1, 1.25, 3, -1
394 -> 214, -5, 1.75, 3, -1.5
395 -> 214, -3, 1.25, 3, -2
396 -> 214, -3, 0.75, 5, -1
397 -> 214, -1, 1.25, 1, -0.5
400 -> 214, -5, 1.75, 1, -2
401 -> 214, -5, 1.25, 4, -1
401 -> 214, -1, 1.75, 5, -0.5
402 -> 214, -4, 1.75, 3, -0.5
402 -> 214, -3, 1.75, 5, -0.5
403 -> 214, -1, 1.25, 2, -1.5
403 -> 214, -2, 1.75, 2, -2
404 -> 214, -1, 1.25, 3, -0.5
404 -> 214, -1, 1.25, 5, -0.5
404 -> 214, -1, 1.25, 4, -0.5
405 -> 214, -5, 0.75, 5, -1.5
406 -> 214, -1, 1.25, 1, -1.5
407 -> 214, -4, 1.25, 5, -0.5
408 -> 214, -3, 1.25, 2, -2
410 -> 214, -5, 1.75, 1, -1.5
411 -> 214, -1, 1.25, 1, -2
412 -> 214, -1, 1.25, 3, -1.5
412 -> 214, -2, 0.75, 4, -1.5
412 -> 214, -5, 0.75, 4, -0.5
413 -> 214, -4, 1.75, 1, -0.5
414 -> 214, -2, 1.25, 1, -0.5
414 -> 214, -2, 1.25, 4, -0.5
414 -> 214, -1, 1.75, 5, -1.5
414 -> 214, -5, 1.75, 5, -1.5
414 -> 214, -1, 0.25, 2, -2
415 -> 214, -1, 1.75, 4, -1
415 -> 214, -4, 1.25, 4, -0.5
415 -> 214, -1, 1.75, 3, -1
416 -> 214, -5, 1.75, 4, -1.5
417 -> 214, -5, 0.25, 5, -1
418 -> 214, -1, 1.75, 4, -0.5
419 -> 214, -3, 0.25, 4, -0.5
419 -> 214, -4, 0.75, 1, -2
419 -> 214, -1, 0.25, 5, -2
419 -> 214, -3, 0.25, 2, -0.5
419 -> 214, -2, 1.25, 4, -1.5
419 -> 214, -3, 0.25, 3, -0.5
419 -> 214, -2, 1.25, 5, -1.5
419 -> 214, -5, 1.75, 1, -1
420 -> 214, -2, 1.25, 3, -1.5
420 -> 214, -2, 1.25, 2, -1.5
420 -> 214, -4, 0.75, 3, -1.5
421 -> 214, -4, 1.75, 2, -0.5
421 -> 214, -2, 1.75, 5, -0.5
423 -> 214, -5, 1.25, 1, -1
423 -> 214, -1, 0.75, 1, -2
424 -> 214, -2, 0.25, 4, -1
424 -> 214, -1, 0.75, 3, -2
424 -> 214, -1, 1.75, 2, -1
425 -> 214, -1, 0.75, 5, -1.5
425 -> 214, -3, 1.75, 4, -0.5
425 -> 214, -1, 0.75, 4, -1.5
425 -> 214, -2, 1.75, 2, -1
426 -> 214, -2, 1.25, 3, -1
426 -> 214, -2, 1.25, 4, -1
427 -> 214, -1, 0.75, 5, -1
427 -> 214, -2, 0.75, 5, -0.5
427 -> 214, -1, 1.75, 3, -0.5
428 -> 214, -3, 0.25, 5, -0.5
428 -> 214, -4, 0.75, 3, -0.5
429 -> 214, -2, 1.25, 5, -0.5
429 -> 214, -1, 0.75, 2, -2
429 -> 214, -2, 1.75, 1, -2
430 -> 214, -2, 0.75, 2, -0.5
431 -> 214, -1, 0.25, 1, -2
432 -> 214, -2, 0.75, 1, -1.5
432 -> 214, -1, 0.75, 3, -1
432 -> 214, -4, 1.75, 2, -2
432 -> 214, -4, 0.75, 2, -1.5
432 -> 214, -4, 1.75, 3, -1
432 -> 214, -4, 1.75, 3, -2
433 -> 214, -4, 1.25, 4, -2
433 -> 214, -4, 1.25, 5, -2
433 -> 214, -2, 1.75, 3, -2
433 -> 214, -4, 1.25, 3, -2
433 -> 214, -5, 1.25, 1, -1.5
433 -> 214, -1, 0.75, 1, -0.5
433 -> 214, -2, 1.75, 5, -2
433 -> 214, -5, 1.25, 2, -1.5
433 -> 214, -2, 1.75, 4, -2
434 -> 214, -4, 1.75, 4, -1
434 -> 214, -2, 0.25, 2, -2
434 -> 214, -2, 0.25, 1, -2
435 -> 214, -5, 1.25, 1, -0.5
435 -> 214, -3, 1.25, 1, -2
436 -> 214, -2, 0.75, 3, -1.5
436 -> 214, -4, 0.75, 1, -1.5
437 -> 214, -3, 1.75, 1, -0.5
437 -> 214, -2, 0.75, 5, -1
438 -> 214, -3, 1.25, 5, -2
438 -> 214, -3, 1.25, 4, -2
439 -> 214, -4, 1.25, 1, -1.5
439 -> 214, -5, 0.75, 4, -1.5
439 -> 214, -1, 0.75, 5, -0.5
439 -> 214, -2, 0.75, 2, -1.5
439 -> 214, -5, 0.75, 3, -1.5
441 -> 214, -1, 1.25, 4, -2
441 -> 214, -3, 0.25, 1, -1.5
441 -> 214, -1, 1.25, 2, -1
441 -> 214, -3, 0.25, 2, -1.5
441 -> 214, -1, 1.75, 5, -2
442 -> 214, -4, 1.25, 2, -1.5
442 -> 214, -5, 1.25, 3, -2
442 -> 214, -5, 1.25, 4, -2
442 -> 214, -5, 1.25, 5, -2
442 -> 214, -5, 1.25, 1, -2
442 -> 214, -5, 1.25, 2, -2
443 -> 214, -5, 0.25, 3, -0.5
443 -> 214, -4, 1.75, 2, -1.5
443 -> 214, -4, 1.75, 1, -1
444 -> 214, -5, 1.25, 2, -0.5
444 -> 214, -3, 0.25, 1, -0.5
445 -> 214, -4, 1.25, 4, -1
445 -> 214, -2, 0.75, 5, -1.5
445 -> 214, -4, 1.25, 3, -1
446 -> 214, -4, 0.75, 5, -2
446 -> 214, -2, 1.25, 2, -0.5
446 -> 214, -2, 1.25, 3, -0.5
446 -> 214, -5, 1.75, 2, -1.5
446 -> 214, -4, 0.75, 4, -2
447 -> 214, -5, 1.75, 2, -2
447 -> 214, -5, 1.75, 3, -2
447 -> 214, -4, 1.25, 2, -2
448 -> 214, -5, 0.25, 1, -2
448 -> 214, -2, 1.25, 5, -1
448 -> 214, -5, 1.75, 4, -2
448 -> 214, -3, 1.25, 5, -0.5
448 -> 214, -2, 1.75, 1, -1
450 -> 214, -1, 0.25, 4, -1.5
450 -> 214, -1, 0.25, 5, -1.5
450 -> 214, -5, 1.75, 5, -0.5
451 -> 214, -4, 1.75, 4, -0.5
451 -> 214, -2, 1.25, 2, -1
451 -> 214, -4, 1.25, 5, -1.5
451 -> 214, -1, 1.75, 4, -2
452 -> 214, -3, 0.75, 1, -2
452 -> 214, -1, 1.25, 1, -1
452 -> 214, -5, 0.25, 2, -2
453 -> 214, -1, 0.25, 4, -2
453 -> 214, -3, 1.75, 3, -0.5
453 -> 214, -2, 1.25, 1, -1
453 -> 214, -2, 0.75, 4, -0.5
454 -> 214, -1, 0.25, 3, -2
454 -> 214, -1, 1.75, 1, -1
455 -> 214, -2, 1.75, 4, -0.5
456 -> 214, -1, 0.25, 3, -1
456 -> 214, -1, 1.25, 4, -1.5
456 -> 214, -1, 1.25, 5, -1.5
456 -> 214, -5, 1.75, 5, -2
457 -> 214, -5, 1.75, 4, -1
457 -> 214, -5, 1.75, 3, -1
457 -> 214, -3, 1.25, 5, -1.5
457 -> 214, -5, 1.75, 5, -1
457 -> 214, -4, 1.75, 5, -1
457 -> 214, -3, 1.25, 4, -1.5
457 -> 214, -2, 0.25, 4, -2
457 -> 214, -2, 0.25, 3, -2
458 -> 214, -2, 1.75, 2, -0.5
458 -> 214, -2, 1.75, 3, -0.5
458 -> 214, -2, 1.75, 1, -0.5
458 -> 214, -3, 1.25, 4, -1
458 -> 214, -3, 1.25, 5, -1
459 -> 214, -2, 0.75, 1, -0.5
459 -> 214, -3, 1.75, 2, -0.5
459 -> 214, -1, 0.25, 5, -0.5
459 -> 214, -1, 1.75, 4, -1.5
460 -> 214, -4, 0.25, 1, -1.5
461 -> 214, -4, 1.25, 1, -2
462 -> 214, -3, 0.25, 5, -2
462 -> 214, -3, 0.25, 4, -2
462 -> 214, -3, 0.25, 3, -2
463 -> 214, -3, 1.75, 2, -2
463 -> 214, -4, 1.25, 4, -1.5
463 -> 214, -3, 1.75, 3, -2
463 -> 214, -3, 1.75, 4, -2
463 -> 214, -4, 1.25, 3, -1.5
463 -> 214, -3, 1.75, 5, -2
463 -> 214, -1, 0.25, 1, -0.5
463 -> 214, -2, 0.25, 3, -1
463 -> 214, -2, 0.25, 2, -1
464 -> 214, -1, 0.75, 3, -0.5
465 -> 214, -4, 0.75, 5, -0.5
465 -> 214, -3, 0.75, 4, -0.5
465 -> 214, -1, 0.25, 2, -1.5
466 -> 214, -4, 0.25, 4, -1.5
466 -> 214, -4, 0.25, 3, -1.5
466 -> 214, -4, 0.25, 5, -1.5
466 -> 214, -4, 0.25, 2, -1.5
467 -> 214, -2, 1.75, 3, -1
467 -> 214, -2, 0.75, 3, -0.5
468 -> 214, -1, 1.25, 3, -2
468 -> 214, -4, 0.75, 4, -1.5
468 -> 214, -4, 0.75, 5, -1.5
468 -> 214, -2, 1.75, 4, -1
468 -> 214, -1, 1.25, 2, -2
469 -> 214, -3, 0.25, 4, -1.5
469 -> 214, -3, 0.25, 3, -1.5
469 -> 214, -3, 0.25, 5, -1.5
469 -> 214, -2, 0.25, 1, -1
470 -> 214, -1, 0.25, 3, -1.5
470 -> 214, -1, 1.75, 1, -1.5
470 -> 214, -3, 1.25, 3, -1
470 -> 214, -3, 0.75, 3, -0.5
470 -> 214, -4, 1.75, 1, -2
472 -> 214, -1, 1.25, 5, -2
473 -> 214, -4, 1.25, 5, -1
473 -> 214, -3, 0.75, 5, -2
474 -> 214, -3, 1.25, 3, -1.5
474 -> 214, -3, 1.25, 1, -1.5
474 -> 214, -3, 1.25, 2, -1.5
475 -> 214, -4, 1.75, 1, -1.5
475 -> 214, -3, 1.75, 1, -2
476 -> 214, -1, 0.25, 5, -1
476 -> 214, -5, 0.75, 2, -2
476 -> 214, -1, 0.25, 4, -1
477 -> 214, -1, 1.75, 3, -2
477 -> 214, -1, 1.75, 2, -2
478 -> 214, -4, 1.75, 5, -2
478 -> 214, -4, 1.75, 4, -2
479 -> 214, -4, 1.75, 4, -1.5
479 -> 214, -4, 1.75, 3, -1.5
479 -> 214, -4, 1.75, 5, -1.5
480 -> 214, -4, 0.75, 3, -2
480 -> 214, -5, 0.75, 3, -0.5
480 -> 214, -3, 0.75, 3, -1.5
480 -> 214, -3, 0.75, 2, -1.5
480 -> 214, -3, 0.75, 4, -1.5
480 -> 214, -5, 0.25, 4, -0.5
480 -> 214, -3, 0.75, 1, -1.5
480 -> 214, -4, 1.75, 2, -1
480 -> 214, -3, 0.75, 5, -1.5
481 -> 214, -4, 0.25, 3, -2
481 -> 214, -4, 0.25, 1, -2
481 -> 214, -4, 0.25, 4, -2
481 -> 214, -4, 0.75, 2, -2
481 -> 214, -4, 0.25, 2, -2
481 -> 214, -4, 0.25, 5, -2
482 -> 214, -5, 1.25, 5, -1.5
482 -> 214, -5, 1.25, 3, -1.5
482 -> 214, -5, 1.25, 4, -1.5
483 -> 214, -1, 0.25, 3, -0.5
483 -> 214, -5, 0.75, 2, -0.5
483 -> 214, -1, 0.25, 2, -0.5
483 -> 214, -1, 0.25, 4, -0.5
485 -> 214, -3, 1.75, 3, -1.5
485 -> 214, -3, 1.75, 4, -1.5
485 -> 214, -1, 0.75, 2, -1.5
485 -> 214, -3, 1.75, 5, -1.5
485 -> 214, -1, 0.75, 3, -1.5
485 -> 214, -3, 1.75, 1, -1.5
485 -> 214, -3, 1.75, 2, -1.5
486 -> 214, -1, 0.75, 1, -1.5
486 -> 214, -3, 1.25, 2, -1
487 -> 214, -3, 0.25, 2, -2
487 -> 214, -5, 0.25, 5, -2
488 -> 214, -2, 1.75, 1, -1.5
488 -> 214, -2, 1.75, 2, -1.5
488 -> 214, -2, 1.75, 3, -1.5
488 -> 214, -5, 0.25, 3, -2
488 -> 214, -3, 0.75, 4, -2
488 -> 214, -3, 0.75, 3, -2
488 -> 214, -5, 0.25, 4, -2
488 -> 214, -3, 0.75, 2, -2
489 -> 214, -2, 0.25, 5, -0.5
490 -> 214, -3, 0.75, 4, -1
490 -> 214, -3, 0.75, 3, -1
491 -> 214, -4, 0.25, 4, -1
491 -> 214, -4, 0.25, 5, -1
491 -> 214, -2, 0.25, 5, -1
491 -> 214, -3, 0.25, 1, -2
491 -> 214, -5, 0.25, 5, -0.5
491 -> 214, -4, 0.25, 3, -1
492 -> 214, -3, 0.75, 1, -1
492 -> 214, -3, 0.75, 2, -1
493 -> 214, -1, 0.25, 2, -1
493 -> 214, -5, 1.25, 5, -1
494 -> 214, -1, 0.75, 5, -2
494 -> 214, -1, 0.75, 4, -2
496 -> 214, -2, 0.75, 1, -1
496 -> 214, -2, 0.75, 2, -1
496 -> 214, -5, 0.25, 4, -1.5
496 -> 214, -2, 0.75, 4, -1
496 -> 214, -2, 0.75, 3, -1
498 -> 214, -5, 0.75, 1, -2
498 -> 214, -1, 0.75, 1, -1
498 -> 214, -1, 0.75, 2, -1
499 -> 214, -5, 1.75, 3, -0.5
499 -> 214, -5, 1.75, 4, -0.5
500 -> 214, -2, 0.25, 1, -1.5
500 -> 214, -2, 0.25, 3, -1.5
500 -> 214, -5, 1.75, 1, -0.5
500 -> 214, -2, 0.25, 2, -1.5
501 -> 214, -1, 0.75, 4, -0.5
502 -> 214, -2, 1.25, 1, -2
502 -> 214, -2, 1.25, 2, -2
502 -> 214, -2, 1.25, 3, -2
502 -> 214, -2, 1.25, 4, -2
502 -> 214, -2, 1.25, 5, -2
502 -> 214, -5, 0.25, 1, -0.5
505 -> 214, -5, 0.25, 5, -1.5
505 -> 214, -2, 0.75, 3, -2
505 -> 214, -2, 0.75, 1, -2
505 -> 214, -2, 0.75, 2, -2
505 -> 214, -2, 1.25, 1, -1.5
505 -> 214, -2, 0.75, 5, -2
505 -> 214, -2, 0.75, 4, -2
506 -> 214, -5, 0.75, 1, -1
506 -> 214, -5, 1.25, 3, -1
506 -> 214, -4, 0.75, 2, -0.5
507 -> 214, -5, 0.25, 1, -1
507 -> 214, -2, 1.75, 5, -1.5
507 -> 214, -2, 1.75, 4, -1.5
512 -> 214, -5, 0.75, 1, -1.5
512 -> 214, -5, 0.75, 2, -1.5
513 -> 214, -5, 0.25, 2, -1
514 -> 214, -4, 0.25, 1, -1
514 -> 214, -1, 0.25, 1, -1
514 -> 214, -4, 0.25, 2, -1
519 -> 214, -5, 0.25, 2, -0.5
520 -> 214, -5, 1.25, 2, -1
520 -> 214, -1, 0.25, 1, -1.5
521 -> 214, -5, 0.25, 3, -1.5
521 -> 214, -5, 0.25, 2, -1.5
521 -> 214, -2, 0.25, 4, -1.5
521 -> 214, -5, 0.25, 1, -1.5
521 -> 214, -2, 0.25, 5, -1.5
523 -> 214, -2, 0.25, 5, -2
525 -> 214, -4, 1.25, 2, -0.5
525 -> 214, -5, 0.75, 3, -2
525 -> 214, -5, 0.75, 5, -2
525 -> 214, -5, 0.75, 4, -2
528 -> 214, -2, 1.75, 5, -1
528 -> 214, -1, 0.75, 4, -1
529 -> 214, -3, 1.25, 1, -1
530 -> 214, -2, 0.25, 1, -0.5
530 -> 214, -2, 0.25, 2, -0.5
530 -> 214, -2, 0.25, 3, -0.5
530 -> 214, -2, 0.25, 4, -0.5
531 -> 214, -5, 0.25, 3, -1
531 -> 214, -5, 0.25, 4, -1
536 -> 214, -3, 0.75, 2, -0.5
546 -> 214, -4, 0.75, 1, -0.5
550 -> 214, -4, 0.75, 1, -1
555 -> 214, -3, 0.25, 3, -1
555 -> 214, -3, 0.25, 5, -1
555 -> 214, -3, 0.25, 4, -1
555 -> 214, -3, 0.25, 2, -1
555 -> 214, -3, 0.25, 1, -1
561 -> 214, -3, 1.75, 2, -1
561 -> 214, -3, 1.75, 1, -1
561 -> 214, -3, 1.75, 4, -1
561 -> 214, -3, 1.75, 5, -1
561 -> 214, -3, 1.75, 3, -1
570 -> 214, -5, 0.75, 3, -1
570 -> 214, -5, 0.75, 4, -1
570 -> 214, -4, 1.25, 1, -0.5
570 -> 214, -5, 0.75, 2, -1
578 -> 214, -4, 1.25, 2, -1
581 -> 214, -3, 0.75, 1, -0.5
587 -> 214, -3, 0.75, 5, -0.5
593 -> 214, -3, 1.25, 4, -0.5
593 -> 214, -3, 1.25, 3, -0.5
593 -> 214, -3, 1.25, 2, -0.5
593 -> 214, -3, 1.25, 1, -0.5
593 -> 214, -4, 0.25, 1, -0.5
595 -> 214, -4, 0.25, 2, -0.5
602 -> 214, -4, 0.75, 3, -1
602 -> 214, -4, 0.75, 4, -1
602 -> 214, -4, 0.75, 2, -1
602 -> 214, -4, 0.75, 5, -1
603 -> 214, -5, 0.75, 5, -1
620 -> 214, -5, 1.25, 4, -0.5
648 -> 214, -4, 0.25, 3, -0.5
648 -> 214, -4, 0.25, 4, -0.5
648 -> 214, -4, 0.25, 5, -0.5
682 -> 214, -4, 1.25, 3, -0.5
688 -> 214, -5, 1.25, 5, -0.5
