236 -> 384, -1, 0.25, 1, -1
356 -> 384, -4, 1.25, 5, -1.5
358 -> 384, -5, 1.25, 1, -1.5
361 -> 384, -5, 1.75, 3, -1
367 -> 384, -3, 1.75, 5, -1.5
372 -> 384, -5, 1.75, 1, -1.5
375 -> 384, -3, 1.75, 3, -1.5
377 -> 384, -2, 0.75, 1, -0.5
381 -> 384, -4, 1.75, 1, -2
384 -> 384, -4, 1.25, 5, -2
387 -> 384, -4, 1.75, 5, -2
388 -> 384, -5, 1.75, 2, -1
393 -> 384, -4, 0.75, 3, -0.5
394 -> 384, -3, 1.25, 5, -2
394 -> 384, -3, 0.25, 2, -1
394 -> 384, -3, 0.25, 3, -1
397 -> 384, -5, 0.25, 5, -0.5
397 -> 384, -5, 0.25, 4, -0.5
399 -> 384, -2, 1.75, 3, -0.5
399 -> 384, -2, 1.75, 4, -0.5
400 -> 384, -2, 0.75, 2, -2
400 -> 384, -3, 1.75, 4, -1.5
401 -> 384, -1, 0.75, 4, -0.5
401 -> 384, -1, 0.75, 5, -0.5
402 -> 384, -1, 1.25, 5, -0.5
403 -> 384, -4, 1.25, 4, -1
403 -> 384, -3, 0.75, 2, -1
404 -> 384, -1, 0.75, 5, -1.5
404 -> 384, -2, 0.75, 1, -2
405 -> 384, -3, 0.25, 3, -0.5
405 -> 384, -3, 0.25, 4, -0.5
405 -> 384, -1, 1.25, 4, -0.5
406 -> 384, -4, 0.75, 5, -0.5
406 -> 384, -4, 0.75, 4, -0.5
407 -> 384, -1, 1.25, 3, -1
407 -> 384, -2, 0.75, 3, -0.5
408 -> 384, -5, 1.25, 3, -0.5
408 -> 384, -5, 1.25, 2, -0.5
409 -> 384, -3, 1.25, 5, -1.5
409 -> 384, -3, 1.25, 4, -1.5
409 -> 384, -2, 0.75, 4, -2
410 -> 384, -5, 1.75, 2, -1.5
412 -> 384, -1, 0.25, 2, -1.5
413 -> 384, -2, 1.25, 4, -2
413 -> 384, -4, 1.75, 3, -2
413 -> 384, -2, 1.25, 3, -2
413 -> 384, -4, 0.75, 2, -1
413 -> 384, -4, 1.75, 2, -2
413 -> 384, -2, 1.25, 5, -2
414 -> 384, -2, 1.75, 1, -1.5
414 -> 384, -4, 1.25, 5, -1
415 -> 384, -1, 0.25, 4, -1
415 -> 384, -1, 0.25, 3, -1
415 -> 384, -2, 0.75, 2, -0.5
416 -> 384, -2, 1.25, 2, -0.5
416 -> 384, -5, 0.75, 2, -0.5
417 -> 384, -2, 0.75, 1, -1
419 -> 384, -3, 1.25, 2, -1
420 -> 384, -3, 0.75, 3, -1
420 -> 384, -2, 1.75, 2, -0.5
420 -> 384, -1, 1.75, 5, -0.5
420 -> 384, -3, 0.75, 4, -1
420 -> 384, -1, 1.75, 4, -0.5
421 -> 384, -5, 1.25, 4, -1
421 -> 384, -1, 1.25, 1, -0.5
423 -> 384, -4, 1.75, 1, -1.5
424 -> 384, -4, 1.75, 5, -1
425 -> 384, -3, 0.25, 3, -1.5
425 -> 384, -1, 1.25, 2, -0.5
425 -> 384, -1, 1.75, 2, -0.5
426 -> 384, -3, 1.25, 4, -2
426 -> 384, -4, 1.75, 5, -1.5
426 -> 384, -3, 0.25, 4, -1
428 -> 384, -5, 1.25, 1, -0.5
429 -> 384, -3, 0.75, 5, -0.5
429 -> 384, -2, 1.25, 1, -1.5
429 -> 384, -2, 0.75, 5, -1
430 -> 384, -1, 1.75, 5, -1.5
430 -> 384, -5, 0.25, 1, -0.5
431 -> 384, -2, 1.25, 3, -1
431 -> 384, -4, 0.75, 5, -1.5
431 -> 384, -4, 0.75, 4, -1.5
431 -> 384, -2, 1.25, 4, -1
432 -> 384, -2, 0.75, 4, -1
432 -> 384, -5, 1.75, 5, -2
432 -> 384, -1, 0.75, 3, -0.5
432 -> 384, -5, 1.75, 4, -2
433 -> 384, -2, 0.75, 5, -0.5
433 -> 384, -5, 1.25, 5, -0.5
433 -> 384, -2, 0.75, 4, -0.5
434 -> 384, -1, 1.75, 3, -0.5
435 -> 384, -3, 1.25, 1, -1.5
436 -> 384, -3, 1.25, 3, -1
436 -> 384, -3, 1.25, 4, -1
436 -> 384, -1, 1.25, 1, -1
436 -> 384, -2, 0.75, 3, -1
436 -> 384, -2, 0.75, 2, -1
436 -> 384, -4, 0.75, 2, -1.5
436 -> 384, -4, 0.75, 3, -1.5
436 -> 384, -3, 1.25, 5, -1
437 -> 384, -3, 1.25, 3, -2
437 -> 384, -1, 1.25, 5, -2
437 -> 384, -3, 1.25, 2, -2
438 -> 384, -1, 0.75, 1, -0.5
438 -> 384, -3, 1.75, 1, -1.5
438 -> 384, -3, 1.75, 2, -1.5
438 -> 384, -4, 1.75, 4, -2
439 -> 384, -3, 0.75, 1, -1.5
439 -> 384, -2, 1.25, 2, -1
439 -> 384, -3, 0.75, 3, -1.5
439 -> 384, -3, 0.75, 2, -1.5
439 -> 384, -1, 0.25, 1, -0.5
439 -> 384, -1, 0.75, 2, -0.5
440 -> 384, -2, 1.25, 5, -0.5
441 -> 384, -2, 1.75, 2, -1.5
441 -> 384, -2, 0.25, 5, -2
441 -> 384, -3, 1.25, 1, -1
441 -> 384, -3, 0.25, 5, -1.5
441 -> 384, -2, 1.25, 1, -1
441 -> 384, -3, 0.25, 4, -1.5
441 -> 384, -2, 1.75, 3, -1.5
441 -> 384, -3, 0.25, 1, -1
442 -> 384, -5, 0.25, 2, -0.5
442 -> 384, -2, 1.25, 5, -1.5
442 -> 384, -2, 0.75, 3, -2
442 -> 384, -2, 0.25, 2, -2
442 -> 384, -5, 0.25, 3, -0.5
442 -> 384, -2, 1.25, 4, -1.5
442 -> 384, -2, 0.75, 5, -1.5
442 -> 384, -2, 0.25, 4, -2
442 -> 384, -2, 0.25, 3, -2
443 -> 384, -2, 1.75, 5, -0.5
443 -> 384, -3, 1.25, 3, -1.5
444 -> 384, -1, 1.75, 1, -0.5
444 -> 384, -3, 1.25, 2, -1.5
444 -> 384, -1, 1.75, 2, -1
444 -> 384, -5, 0.75, 1, -0.5
445 -> 384, -5, 1.75, 3, -1.5
445 -> 384, -2, 1.25, 4, -0.5
445 -> 384, -5, 1.75, 4, -1.5
445 -> 384, -2, 1.25, 3, -0.5
446 -> 384, -3, 1.75, 5, -1
446 -> 384, -4, 1.75, 3, -1
446 -> 384, -1, 0.75, 3, -1
446 -> 384, -3, 1.75, 4, -1
447 -> 384, -1, 0.75, 5, -1
447 -> 384, -1, 0.75, 4, -1
447 -> 384, -1, 0.25, 1, -1.5
447 -> 384, -1, 1.75, 2, -1.5
448 -> 384, -1, 0.75, 2, -1.5
448 -> 384, -1, 0.75, 4, -1.5
448 -> 384, -1, 0.75, 3, -1.5
448 -> 384, -5, 1.25, 4, -0.5
449 -> 384, -4, 1.75, 4, -1
449 -> 384, -3, 0.25, 5, -0.5
450 -> 384, -4, 0.75, 1, -1.5
451 -> 384, -1, 0.25, 4, -0.5
451 -> 384, -5, 1.25, 5, -1.5
452 -> 384, -2, 1.25, 2, -2
452 -> 384, -2, 1.25, 1, -2
453 -> 384, -2, 0.25, 2, -0.5
453 -> 384, -3, 1.75, 1, -2
453 -> 384, -1, 1.75, 1, -1.5
453 -> 384, -5, 1.25, 2, -1
454 -> 384, -4, 1.75, 4, -1.5
454 -> 384, -1, 1.25, 4, -1
454 -> 384, -4, 1.25, 2, -1.5
454 -> 384, -4, 1.75, 3, -1.5
454 -> 384, -4, 1.25, 1, -1.5
454 -> 384, -1, 1.25, 2, -1
455 -> 384, -1, 0.25, 3, -0.5
456 -> 384, -2, 0.75, 4, -1.5
456 -> 384, -1, 1.75, 4, -1
456 -> 384, -1, 1.75, 5, -1
457 -> 384, -1, 1.75, 4, -2
457 -> 384, -2, 1.75, 1, -0.5
457 -> 384, -5, 1.25, 5, -1
457 -> 384, -1, 1.25, 5, -1
457 -> 384, -1, 1.75, 3, -1.5
457 -> 384, -1, 1.75, 3, -2
457 -> 384, -1, 1.75, 4, -1.5
457 -> 384, -5, 1.75, 2, -2
457 -> 384, -1, 1.75, 1, -1
457 -> 384, -5, 1.75, 1, -2
457 -> 384, -1, 1.75, 5, -2
457 -> 384, -5, 1.75, 3, -2
458 -> 384, -1, 1.75, 2, -2
458 -> 384, -4, 0.75, 4, -1
458 -> 384, -4, 0.75, 3, -1
458 -> 384, -2, 0.25, 5, -1
458 -> 384, -2, 0.25, 4, -1
458 -> 384, -2, 0.25, 3, -1
458 -> 384, -4, 1.75, 2, -1.5
459 -> 384, -5, 0.75, 5, -0.5
459 -> 384, -3, 0.25, 5, -1
459 -> 384, -3, 0.75, 1, -1
461 -> 384, -2, 0.25, 1, -2
461 -> 384, -2, 0.25, 1, -1
461 -> 384, -2, 0.25, 2, -1
462 -> 384, -5, 0.75, 2, -2
462 -> 384, -1, 0.75, 5, -2
462 -> 384, -5, 0.75, 1, -2
463 -> 384, -1, 0.25, 2, -0.5
463 -> 384, -3, 0.75, 5, -1.5
464 -> 384, -3, 1.25, 1, -2
464 -> 384, -3, 1.75, 1, -1
464 -> 384, -5, 1.25, 3, -1
464 -> 384, -4, 1.25, 4, -2
464 -> 384, -3, 1.75, 3, -1
464 -> 384, -3, 1.75, 2, -1
465 -> 384, -3, 0.25, 2, -1.5
465 -> 384, -1, 0.25, 4, -2
465 -> 384, -3, 0.25, 1, -1.5
465 -> 384, -2, 1.25, 3, -1.5
465 -> 384, -1, 0.25, 5, -2
466 -> 384, -3, 1.75, 3, -2
466 -> 384, -3, 1.75, 5, -2
466 -> 384, -3, 1.75, 4, -2
466 -> 384, -4, 1.25, 2, -1
466 -> 384, -4, 1.25, 3, -1
466 -> 384, -3, 0.75, 5, -1
468 -> 384, -2, 0.25, 1, -1.5
468 -> 384, -5, 1.25, 4, -1.5
468 -> 384, -5, 1.25, 3, -1.5
469 -> 384, -5, 0.75, 3, -0.5
469 -> 384, -5, 0.75, 4, -0.5
469 -> 384, -2, 1.25, 1, -0.5
470 -> 384, -2, 0.75, 2, -1.5
470 -> 384, -2, 0.75, 1, -1.5
470 -> 384, -2, 0.75, 3, -1.5
471 -> 384, -1, 0.25, 5, -1
471 -> 384, -4, 0.75, 1, -1
472 -> 384, -4, 0.75, 5, -2
472 -> 384, -5, 0.75, 5, -1
472 -> 384, -5, 1.25, 2, -1.5
472 -> 384, -3, 0.75, 5, -2
472 -> 384, -3, 0.75, 4, -2
473 -> 384, -1, 0.75, 4, -2
474 -> 384, -2, 0.75, 5, -2
474 -> 384, -1, 1.25, 3, -1.5
474 -> 384, -1, 1.25, 5, -1.5
474 -> 384, -1, 1.25, 4, -1.5
474 -> 384, -1, 1.25, 2, -1.5
475 -> 384, -3, 0.75, 4, -1.5
475 -> 384, -3, 0.25, 5, -2
475 -> 384, -4, 1.25, 1, -1
476 -> 384, -5, 1.75, 5, -1.5
476 -> 384, -2, 0.25, 5, -0.5
476 -> 384, -2, 1.25, 5, -1
477 -> 384, -2, 1.25, 2, -1.5
477 -> 384, -1, 0.75, 1, -1.5
479 -> 384, -1, 0.75, 1, -2
480 -> 384, -4, 1.25, 1, -2
480 -> 384, -1, 0.75, 3, -2
480 -> 384, -1, 0.75, 2, -2
480 -> 384, -4, 1.25, 3, -2
480 -> 384, -4, 1.25, 2, -2
482 -> 384, -3, 1.75, 2, -2
483 -> 384, -1, 0.25, 5, -0.5
484 -> 384, -4, 0.75, 4, -2
485 -> 384, -1, 1.75, 1, -2
486 -> 384, -5, 1.25, 3, -2
486 -> 384, -5, 1.25, 5, -2
486 -> 384, -5, 1.25, 4, -2
486 -> 384, -5, 1.25, 1, -2
486 -> 384, -5, 1.25, 2, -2
487 -> 384, -2, 0.25, 1, -0.5
487 -> 384, -1, 1.75, 3, -1
489 -> 384, -5, 0.75, 3, -2
489 -> 384, -1, 1.25, 3, -0.5
490 -> 384, -2, 0.25, 2, -1.5
491 -> 384, -4, 0.75, 2, -0.5
491 -> 384, -4, 0.75, 1, -0.5
492 -> 384, -1, 0.25, 5, -1.5
493 -> 384, -1, 1.25, 1, -1.5
493 -> 384, -3, 0.75, 4, -0.5
493 -> 384, -3, 0.25, 2, -0.5
493 -> 384, -3, 0.75, 3, -0.5
494 -> 384, -5, 0.25, 5, -1.5
494 -> 384, -5, 0.25, 4, -1.5
494 -> 384, -5, 0.25, 3, -1.5
496 -> 384, -2, 1.75, 4, -1.5
496 -> 384, -2, 1.75, 5, -1.5
497 -> 384, -5, 0.75, 3, -1.5
497 -> 384, -5, 0.75, 1, -1.5
497 -> 384, -5, 0.75, 2, -1.5
499 -> 384, -3, 0.25, 1, -0.5
499 -> 384, -1, 0.25, 3, -2
499 -> 384, -5, 1.25, 1, -1
499 -> 384, -1, 0.25, 2, -2
500 -> 384, -1, 0.25, 2, -1
501 -> 384, -1, 1.25, 1, -2
501 -> 384, -1, 1.25, 2, -2
501 -> 384, -1, 1.25, 3, -2
501 -> 384, -1, 1.25, 4, -2
502 -> 384, -3, 0.75, 2, -2
502 -> 384, -3, 0.75, 3, -2
503 -> 384, -1, 0.75, 2, -1
504 -> 384, -2, 0.25, 4, -0.5
504 -> 384, -2, 0.25, 3, -0.5
505 -> 384, -3, 1.75, 5, -0.5
506 -> 384, -1, 0.25, 1, -2
507 -> 384, -1, 0.25, 4, -1.5
507 -> 384, -1, 0.25, 3, -1.5
510 -> 384, -4, 1.25, 5, -0.5
514 -> 384, -2, 1.75, 3, -2
514 -> 384, -2, 1.75, 2, -2
514 -> 384, -2, 1.75, 1, -2
516 -> 384, -1, 0.75, 1, -1
517 -> 384, -5, 1.75, 3, -0.5
517 -> 384, -5, 1.75, 5, -0.5
517 -> 384, -5, 0.25, 2, -1.5
517 -> 384, -5, 1.75, 2, -0.5
517 -> 384, -5, 1.75, 4, -0.5
520 -> 384, -2, 1.75, 1, -1
520 -> 384, -2, 1.75, 3, -1
520 -> 384, -2, 1.75, 5, -1
520 -> 384, -5, 0.25, 4, -1
520 -> 384, -2, 1.75, 2, -1
520 -> 384, -2, 1.75, 4, -1
520 -> 384, -2, 0.25, 5, -1.5
521 -> 384, -5, 0.25, 1, -1
521 -> 384, -5, 0.25, 3, -1
521 -> 384, -5, 0.25, 2, -1
524 -> 384, -5, 0.75, 4, -1.5
524 -> 384, -5, 0.75, 5, -1.5
526 -> 384, -2, 0.25, 4, -1.5
526 -> 384, -2, 0.25, 3, -1.5
528 -> 384, -5, 0.75, 5, -2
528 -> 384, -5, 0.75, 4, -2
531 -> 384, -3, 0.75, 1, -2
532 -> 384, -3, 1.25, 5, -0.5
532 -> 384, -3, 1.25, 2, -0.5
532 -> 384, -3, 1.25, 3, -0.5
532 -> 384, -3, 1.25, 4, -0.5
532 -> 384, -3, 1.25, 1, -0.5
533 -> 384, -3, 0.25, 4, -2
533 -> 384, -3, 0.25, 1, -2
533 -> 384, -3, 0.25, 3, -2
533 -> 384, -3, 0.25, 2, -2
535 -> 384, -4, 1.25, 4, -1.5
535 -> 384, -4, 1.25, 3, -1.5
538 -> 384, -4, 0.75, 3, -2
538 -> 384, -3, 1.75, 4, -0.5
538 -> 384, -3, 1.75, 3, -0.5
538 -> 384, -3, 1.75, 2, -0.5
538 -> 384, -4, 0.75, 1, -2
538 -> 384, -4, 0.75, 2, -2
538 -> 384, -3, 1.75, 1, -0.5
543 -> 384, -4, 1.25, 2, -0.5
543 -> 384, -4, 1.25, 3, -0.5
543 -> 384, -4, 1.25, 4, -0.5
543 -> 384, -4, 1.25, 1, -0.5
548 -> 384, -4, 1.75, 3, -0.5
549 -> 384, -2, 1.75, 4, -2
549 -> 384, -4, 0.25, 1, -2
549 -> 384, -4, 0.25, 2, -2
549 -> 384, -4, 1.75, 5, -0.5
549 -> 384, -2, 1.75, 5, -2
549 -> 384, -4, 0.25, 5, -2
549 -> 384, -4, 0.25, 3, -2
549 -> 384, -4, 1.75, 4, -0.5
549 -> 384, -4, 0.25, 4, -2
550 -> 384, -5, 0.25, 1, -1.5
552 -> 384, -4, 0.25, 5, -0.5
552 -> 384, -4, 0.25, 3, -0.5
552 -> 384, -4, 0.25, 2, -0.5
552 -> 384, -4, 0.25, 4, -0.5
553 -> 384, -5, 0.25, 5, -1
564 -> 384, -4, 1.75, 1, -1
564 -> 384, -4, 1.75, 2, -1
565 -> 384, -4, 0.25, 5, -1.5
565 -> 384, -4, 0.25, 4, -1.5
565 -> 384, -4, 0.25, 3, -1.5
565 -> 384, -4, 0.25, 1, -1.5
565 -> 384, -4, 0.25, 2, -1.5
579 -> 384, -4, 1.75, 2, -0.5
579 -> 384, -4, 1.75, 1, -0.5
584 -> 384, -4, 0.75, 5, -1
592 -> 384, -5, 1.75, 1, -1
596 -> 384, -5, 1.75, 5, -1
596 -> 384, -5, 1.75, 4, -1
597 -> 384, -4, 0.25, 1, -0.5
604 -> 384, -5, 0.75, 1, -1
604 -> 384, -5, 0.75, 3, -1
604 -> 384, -5, 0.75, 4, -1
604 -> 384, -5, 0.75, 2, -1
623 -> 384, -5, 0.25, 1, -2
623 -> 384, -5, 0.25, 4, -2
623 -> 384, -5, 0.25, 3, -2
623 -> 384, -5, 0.25, 5, -2
623 -> 384, -5, 0.25, 2, -2
624 -> 384, -4, 0.25, 1, -1
624 -> 384, -4, 0.25, 2, -1
624 -> 384, -4, 0.25, 5, -1
624 -> 384, -4, 0.25, 3, -1
624 -> 384, -4, 0.25, 4, -1
638 -> 384, -5, 1.75, 1, -0.5
694 -> 384, -3, 0.75, 1, -0.5
694 -> 384, -3, 0.75, 2, -0.5
