25 -> 113, -1, 1.75, 2, -1
25 -> 113, -1, 1.75, 1, -1
333 -> 113, -5, 0.75, 5, -2
340 -> 113, -5, 1.25, 3, -2
344 -> 113, -4, 1.75, 1, -0.5
352 -> 113, -5, 1.75, 3, -2
352 -> 113, -5, 1.75, 2, -2
354 -> 113, -3, 1.75, 5, -2
354 -> 113, -4, 1.75, 2, -2
358 -> 113, -5, 1.75, 5, -1.5
359 -> 113, -4, 1.75, 3, -2
362 -> 113, -2, 1.25, 1, -2
363 -> 113, -4, 0.25, 4, -2
363 -> 113, -4, 0.25, 5, -2
363 -> 113, -4, 1.25, 2, -2
364 -> 113, -4, 1.75, 5, -2
364 -> 113, -5, 0.25, 3, -2
364 -> 113, -4, 1.75, 4, -2
365 -> 113, -3, 1.75, 2, -1
366 -> 113, -4, 0.25, 1, -2
366 -> 113, -4, 0.25, 2, -2
367 -> 113, -2, 0.25, 2, -1
367 -> 113, -4, 1.25, 5, -2
369 -> 113, -3, 1.25, 3, -2
369 -> 113, -4, 1.25, 5, -1.5
372 -> 113, -3, 1.75, 3, -1.5
374 -> 113, -5, 1.75, 1, -2
375 -> 113, -3, 0.25, 5, -2
376 -> 113, -3, 0.75, 2, -0.5
376 -> 113, -5, 1.25, 2, -1
378 -> 113, -4, 0.75, 5, -1.5
378 -> 113, -4, 0.25, 3, -2
378 -> 113, -3, 1.25, 4, -2
379 -> 113, -3, 0.75, 2, -1.5
380 -> 113, -5, 1.75, 1, -1.5
381 -> 113, -3, 1.25, 5, -2
381 -> 113, -3, 1.75, 1, -1
382 -> 113, -5, 1.25, 5, -2
382 -> 113, -5, 0.25, 2, -2
382 -> 113, -5, 1.25, 4, -2
383 -> 113, -4, 1.75, 2, -0.5
383 -> 113, -2, 1.25, 4, -1.5
383 -> 113, -3, 0.75, 5, -1.5
384 -> 113, -5, 0.75, 3, -2
384 -> 113, -5, 0.75, 4, -2
385 -> 113, -5, 1.75, 4, -2
385 -> 113, -2, 1.25, 5, -0.5
385 -> 113, -3, 0.75, 3, -1.5
385 -> 113, -3, 0.75, 4, -1.5
385 -> 113, -5, 1.75, 5, -2
385 -> 113, -5, 1.25, 5, -1.5
386 -> 113, -4, 1.75, 5, -1.5
388 -> 113, -3, 1.25, 2, -1.5
388 -> 113, -4, 0.25, 2, -1.5
389 -> 113, -3, 0.75, 1, -1.5
389 -> 113, -3, 0.25, 2, -2
391 -> 113, -2, 1.75, 2, -2
392 -> 113, -2, 1.75, 3, -2
393 -> 113, -1, 1.75, 5, -1
393 -> 113, -3, 1.75, 4, -1.5
393 -> 113, -5, 0.25, 5, -0.5
393 -> 113, -2, 0.25, 4, -0.5
393 -> 113, -5, 0.25, 4, -0.5
393 -> 113, -3, 0.75, 4, -2
393 -> 113, -3, 1.75, 5, -0.5
394 -> 113, -3, 1.25, 1, -1.5
394 -> 113, -3, 0.75, 5, -2
395 -> 113, -4, 1.25, 1, -2
395 -> 113, -2, 1.25, 3, -1.5
396 -> 113, -1, 1.75, 4, -2
397 -> 113, -3, 1.75, 1, -2
397 -> 113, -4, 0.75, 5, -2
397 -> 113, -4, 0.75, 4, -2
397 -> 113, -1, 1.25, 1, -1
398 -> 113, -1, 1.75, 3, -0.5
398 -> 113, -2, 1.75, 4, -1.5
398 -> 113, -5, 1.25, 5, -1
399 -> 113, -2, 1.25, 5, -2
399 -> 113, -2, 1.25, 3, -2
400 -> 113, -5, 1.75, 1, -1
400 -> 113, -3, 1.25, 5, -1.5
400 -> 113, -5, 1.75, 2, -1
400 -> 113, -1, 1.75, 3, -1
401 -> 113, -5, 1.25, 1, -1
401 -> 113, -3, 0.25, 5, -1.5
402 -> 113, -4, 0.25, 3, -1
403 -> 113, -3, 0.25, 1, -2
403 -> 113, -5, 1.75, 3, -1.5
403 -> 113, -3, 1.75, 4, -2
403 -> 113, -1, 1.75, 4, -1
403 -> 113, -3, 0.75, 5, -0.5
404 -> 113, -2, 0.75, 4, -0.5
404 -> 113, -4, 0.75, 1, -1.5
404 -> 113, -4, 1.25, 1, -1.5
404 -> 113, -3, 1.75, 2, -2
405 -> 113, -3, 1.25, 1, -2
405 -> 113, -3, 1.25, 2, -2
405 -> 113, -2, 0.75, 3, -2
405 -> 113, -5, 0.75, 5, -1.5
405 -> 113, -2, 1.75, 1, -0.5
406 -> 113, -2, 1.75, 4, -2
406 -> 113, -4, 1.25, 5, -1
406 -> 113, -1, 1.75, 5, -0.5
407 -> 113, -3, 1.25, 1, -1
407 -> 113, -4, 0.75, 2, -1
407 -> 113, -5, 1.25, 3, -1.5
407 -> 113, -3, 0.25, 4, -1.5
407 -> 113, -5, 0.75, 3, -1.5
407 -> 113, -5, 0.75, 2, -1.5
407 -> 113, -3, 0.25, 3, -1.5
407 -> 113, -5, 0.75, 1, -1.5
408 -> 113, -2, 1.25, 2, -1
408 -> 113, -4, 1.75, 4, -1.5
408 -> 113, -2, 1.75, 5, -2
408 -> 113, -3, 0.25, 3, -2
408 -> 113, -5, 1.25, 1, -2
408 -> 113, -5, 1.75, 4, -1.5
409 -> 113, -1, 0.75, 5, -2
409 -> 113, -3, 0.75, 3, -0.5
409 -> 113, -3, 1.75, 3, -2
410 -> 113, -4, 0.25, 4, -1.5
410 -> 113, -4, 0.25, 3, -1.5
410 -> 113, -4, 1.25, 4, -2
410 -> 113, -4, 0.25, 5, -1.5
411 -> 113, -2, 1.75, 5, -0.5
411 -> 113, -2, 1.25, 4, -2
411 -> 113, -5, 0.25, 2, -1
411 -> 113, -5, 0.25, 3, -1
411 -> 113, -5, 0.25, 4, -1
411 -> 113, -5, 0.25, 5, -2
411 -> 113, -5, 0.25, 5, -1
411 -> 113, -5, 0.25, 4, -2
411 -> 113, -5, 0.75, 4, -1.5
412 -> 113, -2, 0.75, 1, -2
412 -> 113, -1, 1.75, 5, -1.5
412 -> 113, -2, 1.75, 4, -1
412 -> 113, -3, 1.25, 5, -1
413 -> 113, -4, 1.75, 1, -1
413 -> 113, -3, 0.75, 4, -0.5
413 -> 113, -3, 0.25, 4, -2
413 -> 113, -4, 0.25, 5, -1
414 -> 113, -2, 0.25, 5, -1.5
414 -> 113, -2, 0.25, 4, -1.5
414 -> 113, -2, 0.25, 3, -1.5
414 -> 113, -4, 1.75, 3, -1
414 -> 113, -1, 1.75, 4, -1.5
414 -> 113, -2, 1.25, 2, -2
414 -> 113, -1, 1.75, 3, -1.5
416 -> 113, -4, 1.25, 3, -2
416 -> 113, -1, 1.75, 3, -2
416 -> 113, -2, 0.75, 5, -1
416 -> 113, -1, 1.75, 2, -2
416 -> 113, -4, 1.75, 1, -2
416 -> 113, -1, 1.75, 5, -2
417 -> 113, -1, 1.25, 4, -0.5
417 -> 113, -3, 1.75, 3, -1
417 -> 113, -1, 1.25, 5, -0.5
418 -> 113, -1, 1.25, 3, -0.5
418 -> 113, -3, 0.75, 3, -1
418 -> 113, -2, 1.75, 5, -1
418 -> 113, -2, 1.75, 2, -1.5
418 -> 113, -3, 1.75, 1, -1.5
419 -> 113, -2, 1.25, 2, -1.5
419 -> 113, -2, 1.25, 1, -1.5
420 -> 113, -2, 0.75, 1, -1
420 -> 113, -1, 1.25, 2, -1
420 -> 113, -2, 0.75, 3, -1
420 -> 113, -2, 0.75, 2, -1
421 -> 113, -4, 0.75, 3, -2
421 -> 113, -4, 0.75, 2, -2
421 -> 113, -2, 1.75, 3, -1.5
421 -> 113, -3, 0.75, 1, -2
422 -> 113, -4, 0.25, 1, -1.5
423 -> 113, -3, 0.75, 2, -2
423 -> 113, -3, 1.25, 3, -1.5
423 -> 113, -3, 1.25, 4, -1.5
423 -> 113, -3, 0.75, 3, -2
424 -> 113, -4, 1.25, 2, -1.5
424 -> 113, -1, 0.75, 2, -1
424 -> 113, -2, 1.75, 5, -1.5
424 -> 113, -3, 1.75, 5, -1.5
424 -> 113, -2, 1.75, 4, -0.5
426 -> 113, -2, 1.25, 2, -0.5
427 -> 113, -2, 1.25, 5, -1.5
427 -> 113, -1, 1.25, 3, -1
427 -> 113, -1, 1.25, 5, -1
427 -> 113, -5, 1.75, 2, -1.5
427 -> 113, -2, 0.75, 1, -1.5
427 -> 113, -1, 1.25, 4, -1
428 -> 113, -4, 1.75, 3, -0.5
428 -> 113, -2, 1.75, 3, -1
428 -> 113, -4, 1.75, 4, -0.5
429 -> 113, -1, 1.25, 4, -2
429 -> 113, -2, 0.75, 4, -1.5
429 -> 113, -4, 0.25, 2, -1
429 -> 113, -2, 0.75, 3, -1.5
429 -> 113, -1, 1.25, 5, -2
429 -> 113, -2, 0.75, 2, -1.5
430 -> 113, -2, 1.75, 1, -1.5
430 -> 113, -1, 0.75, 4, -2
430 -> 113, -1, 0.75, 3, -2
430 -> 113, -2, 1.75, 2, -1
431 -> 113, -5, 0.75, 1, -2
431 -> 113, -3, 1.75, 5, -1
431 -> 113, -3, 1.75, 4, -1
432 -> 113, -2, 1.25, 4, -1
432 -> 113, -2, 0.25, 2, -2
433 -> 113, -1, 0.75, 3, -0.5
433 -> 113, -1, 0.75, 1, -2
433 -> 113, -2, 0.25, 1, -1.5
434 -> 113, -2, 0.75, 5, -1.5
434 -> 113, -1, 1.25, 1, -1.5
434 -> 113, -4, 0.75, 1, -1
435 -> 113, -2, 0.75, 5, -2
435 -> 113, -2, 0.75, 4, -2
436 -> 113, -1, 0.75, 4, -1.5
436 -> 113, -2, 0.25, 3, -2
436 -> 113, -1, 0.75, 5, -1.5
436 -> 113, -1, 0.75, 3, -1.5
436 -> 113, -2, 0.25, 4, -2
436 -> 113, -2, 0.25, 5, -2
437 -> 113, -2, 0.25, 2, -0.5
437 -> 113, -1, 1.75, 2, -0.5
437 -> 113, -1, 0.25, 4, -0.5
437 -> 113, -1, 0.25, 3, -0.5
438 -> 113, -5, 0.75, 2, -2
438 -> 113, -2, 0.25, 1, -0.5
439 -> 113, -1, 0.75, 2, -2
439 -> 113, -1, 1.25, 4, -1.5
439 -> 113, -1, 1.25, 5, -1.5
440 -> 113, -5, 1.25, 2, -2
440 -> 113, -4, 1.25, 4, -1
440 -> 113, -1, 0.75, 1, -1
441 -> 113, -4, 1.25, 4, -1.5
441 -> 113, -4, 1.25, 3, -1.5
442 -> 113, -2, 0.75, 4, -1
442 -> 113, -2, 0.25, 2, -1.5
442 -> 113, -3, 1.25, 3, -0.5
443 -> 113, -5, 0.25, 1, -2
444 -> 113, -2, 1.25, 1, -0.5
444 -> 113, -5, 1.25, 4, -1.5
444 -> 113, -1, 1.25, 2, -0.5
444 -> 113, -1, 1.25, 1, -0.5
444 -> 113, -1, 1.25, 2, -1.5
444 -> 113, -1, 1.25, 3, -1.5
445 -> 113, -4, 0.75, 4, -1.5
445 -> 113, -4, 0.75, 3, -1.5
445 -> 113, -2, 1.25, 1, -1
446 -> 113, -3, 0.25, 2, -1
446 -> 113, -3, 0.25, 5, -1
446 -> 113, -3, 0.25, 4, -1
446 -> 113, -3, 0.25, 3, -1
447 -> 113, -2, 1.25, 5, -1
447 -> 113, -2, 1.75, 2, -0.5
448 -> 113, -1, 0.75, 3, -1
448 -> 113, -3, 0.25, 1, -1.5
448 -> 113, -3, 0.25, 2, -1.5
448 -> 113, -3, 1.75, 2, -1.5
449 -> 113, -2, 1.25, 4, -0.5
449 -> 113, -2, 1.25, 3, -0.5
449 -> 113, -1, 1.75, 4, -0.5
449 -> 113, -4, 1.75, 5, -1
450 -> 113, -1, 0.75, 5, -1
450 -> 113, -1, 0.75, 4, -1
450 -> 113, -1, 1.75, 1, -1.5
450 -> 113, -2, 1.25, 3, -1
450 -> 113, -5, 0.75, 3, -1
450 -> 113, -5, 0.75, 4, -1
451 -> 113, -1, 0.75, 2, -1.5
451 -> 113, -1, 0.75, 1, -1.5
451 -> 113, -3, 1.25, 4, -0.5
451 -> 113, -3, 1.25, 2, -1
452 -> 113, -5, 1.25, 4, -1
452 -> 113, -1, 0.25, 3, -2
452 -> 113, -2, 0.75, 2, -2
454 -> 113, -4, 1.75, 4, -1
454 -> 113, -1, 0.25, 1, -0.5
455 -> 113, -4, 1.75, 1, -1.5
455 -> 113, -1, 0.75, 5, -0.5
455 -> 113, -1, 0.75, 4, -0.5
455 -> 113, -4, 1.75, 2, -1.5
457 -> 113, -1, 0.25, 2, -0.5
457 -> 113, -2, 1.75, 3, -0.5
457 -> 113, -2, 1.75, 1, -1
457 -> 113, -1, 1.75, 2, -1.5
458 -> 113, -2, 0.25, 5, -1
458 -> 113, -2, 0.25, 4, -1
458 -> 113, -2, 0.75, 3, -0.5
459 -> 113, -1, 1.75, 1, -2
460 -> 113, -3, 0.75, 5, -1
460 -> 113, -4, 1.25, 5, -0.5
460 -> 113, -4, 0.75, 1, -2
460 -> 113, -3, 0.75, 4, -1
460 -> 113, -4, 1.25, 3, -0.5
460 -> 113, -5, 1.75, 3, -1
460 -> 113, -4, 1.25, 4, -0.5
463 -> 113, -4, 0.25, 2, -0.5
463 -> 113, -4, 0.75, 2, -1.5
464 -> 113, -4, 1.25, 1, -0.5
465 -> 113, -1, 1.25, 2, -2
465 -> 113, -5, 0.25, 1, -1
465 -> 113, -1, 1.25, 1, -2
465 -> 113, -1, 1.25, 3, -2
466 -> 113, -4, 0.25, 4, -0.5
466 -> 113, -2, 0.75, 5, -0.5
466 -> 113, -3, 1.25, 3, -1
466 -> 113, -4, 0.25, 5, -0.5
466 -> 113, -1, 1.75, 1, -0.5
467 -> 113, -3, 1.25, 5, -0.5
468 -> 113, -1, 0.25, 4, -2
468 -> 113, -1, 0.25, 5, -2
468 -> 113, -4, 0.25, 4, -1
470 -> 113, -3, 0.75, 2, -1
473 -> 113, -2, 0.75, 2, -0.5
474 -> 113, -5, 0.25, 4, -1.5
474 -> 113, -1, 0.25, 2, -2
474 -> 113, -1, 0.25, 1, -2
475 -> 113, -1, 0.25, 5, -1.5
475 -> 113, -1, 0.25, 4, -1.5
475 -> 113, -1, 0.25, 3, -1.5
476 -> 113, -3, 1.25, 4, -1
476 -> 113, -2, 1.75, 1, -2
478 -> 113, -3, 0.25, 1, -1
480 -> 113, -4, 1.75, 3, -1.5
481 -> 113, -3, 0.75, 1, -1
482 -> 113, -2, 0.75, 1, -0.5
484 -> 113, -1, 0.25, 5, -1
484 -> 113, -1, 0.25, 3, -1
484 -> 113, -1, 0.25, 4, -1
488 -> 113, -1, 0.25, 2, -1.5
489 -> 113, -2, 0.25, 1, -1
490 -> 113, -4, 0.75, 5, -1
490 -> 113, -4, 0.75, 4, -1
490 -> 113, -4, 0.75, 3, -1
494 -> 113, -4, 0.25, 1, -1
494 -> 113, -5, 1.25, 3, -1
498 -> 113, -1, 0.25, 1, -1
498 -> 113, -1, 0.25, 2, -1
499 -> 113, -4, 1.75, 2, -1
499 -> 113, -5, 1.75, 5, -0.5
500 -> 113, -1, 0.75, 2, -0.5
501 -> 113, -5, 0.75, 1, -1
502 -> 113, -3, 0.25, 5, -0.5
502 -> 113, -3, 0.25, 4, -0.5
503 -> 113, -2, 0.25, 1, -2
504 -> 113, -1, 0.25, 5, -0.5
505 -> 113, -5, 0.25, 3, -0.5
505 -> 113, -5, 0.25, 5, -1.5
506 -> 113, -2, 0.25, 3, -0.5
507 -> 113, -5, 0.75, 2, -1
507 -> 113, -5, 0.25, 1, -0.5
508 -> 113, -2, 0.25, 3, -1
509 -> 113, -5, 0.25, 3, -1.5
509 -> 113, -5, 0.25, 2, -1.5
517 -> 113, -4, 0.25, 3, -0.5
517 -> 113, -1, 0.25, 1, -1.5
519 -> 113, -3, 1.75, 3, -0.5
519 -> 113, -4, 1.75, 5, -0.5
519 -> 113, -3, 1.75, 2, -0.5
519 -> 113, -3, 1.75, 4, -0.5
520 -> 113, -5, 0.25, 1, -1.5
526 -> 113, -5, 1.75, 5, -1
526 -> 113, -5, 1.75, 4, -1
527 -> 113, -4, 1.25, 1, -1
528 -> 113, -5, 1.25, 1, -1.5
528 -> 113, -5, 1.25, 2, -1.5
532 -> 113, -2, 0.25, 5, -0.5
538 -> 113, -3, 0.75, 1, -0.5
545 -> 113, -5, 1.25, 2, -0.5
546 -> 113, -3, 1.75, 1, -0.5
549 -> 113, -1, 0.75, 1, -0.5
551 -> 113, -3, 1.25, 1, -0.5
551 -> 113, -3, 1.25, 2, -0.5
551 -> 113, -5, 0.75, 5, -1
571 -> 113, -4, 1.25, 2, -0.5
574 -> 113, -3, 0.25, 2, -0.5
574 -> 113, -3, 0.25, 3, -0.5
574 -> 113, -3, 0.25, 1, -0.5
577 -> 113, -5, 1.25, 4, -0.5
577 -> 113, -5, 1.25, 3, -0.5
577 -> 113, -5, 1.25, 5, -0.5
580 -> 113, -4, 1.25, 2, -1
580 -> 113, -4, 1.25, 3, -1
599 -> 113, -5, 1.25, 1, -0.5
636 -> 113, -5, 0.25, 2, -0.5
643 -> 113, -5, 0.75, 5, -0.5
643 -> 113, -5, 0.75, 1, -0.5
643 -> 113, -5, 0.75, 3, -0.5
643 -> 113, -5, 0.75, 2, -0.5
643 -> 113, -5, 0.75, 4, -0.5
672 -> 113, -4, 0.25, 1, -0.5
685 -> 113, -5, 1.75, 1, -0.5
714 -> 113, -4, 0.75, 4, -0.5
714 -> 113, -4, 0.75, 5, -0.5
714 -> 113, -4, 0.75, 3, -0.5
715 -> 113, -5, 1.75, 4, -0.5
715 -> 113, -5, 1.75, 2, -0.5
715 -> 113, -5, 1.75, 3, -0.5
716 -> 113, -4, 0.75, 2, -0.5
716 -> 113, -4, 0.75, 1, -0.5
