348 -> 322, -1, 1.25, 2, -1
350 -> 322, -5, 1.25, 5, -0.5
357 -> 322, -2, 1.25, 2, -0.5
360 -> 322, -3, 1.75, 1, -1.5
361 -> 322, -1, 1.75, 4, -1.5
374 -> 322, -1, 1.75, 2, -0.5
377 -> 322, -3, 1.75, 3, -1
382 -> 322, -1, 1.25, 1, -1
383 -> 322, -3, 1.75, 5, -1.5
383 -> 322, -3, 1.75, 4, -1.5
383 -> 322, -3, 1.75, 3, -1.5
383 -> 322, -1, 1.75, 5, -1.5
384 -> 322, -4, 0.25, 2, -0.5
386 -> 322, -5, 1.75, 3, -0.5
386 -> 322, -5, 1.75, 4, -0.5
386 -> 322, -3, 0.75, 4, -0.5
390 -> 322, -4, 1.25, 2, -0.5
390 -> 322, -1, 0.75, 2, -1
391 -> 322, -2, 0.75, 4, -2
392 -> 322, -3, 0.75, 2, -1.5
394 -> 322, -2, 0.75, 3, -2
395 -> 322, -5, 1.75, 1, -1
395 -> 322, -1, 1.75, 3, -1.5
396 -> 322, -3, 1.75, 1, -1
397 -> 322, -1, 1.75, 2, -1.5
398 -> 322, -1, 1.75, 5, -0.5
398 -> 322, -1, 1.25, 3, -2
398 -> 322, -1, 1.25, 5, -2
398 -> 322, -4, 1.75, 1, -1.5
398 -> 322, -1, 1.25, 4, -2
401 -> 322, -3, 1.75, 2, -1
401 -> 322, -1, 0.75, 4, -0.5
401 -> 322, -1, 0.75, 5, -0.5
402 -> 322, -5, 1.75, 1, -0.5
403 -> 322, -1, 0.75, 3, -0.5
404 -> 322, -2, 0.75, 5, -2
407 -> 322, -5, 0.25, 2, -0.5
408 -> 322, -4, 1.25, 1, -2
410 -> 322, -1, 1.75, 1, -1.5
412 -> 322, -5, 0.75, 3, -1
412 -> 322, -3, 0.75, 5, -0.5
413 -> 322, -1, 1.25, 1, -0.5
414 -> 322, -2, 0.75, 3, -0.5
414 -> 322, -3, 1.25, 4, -1.5
414 -> 322, -2, 1.75, 4, -0.5
415 -> 322, -5, 1.25, 5, -1
415 -> 322, -4, 1.25, 2, -2
416 -> 322, -5, 1.75, 1, -1.5
416 -> 322, -5, 1.75, 2, -1.5
418 -> 322, -3, 1.75, 5, -1
418 -> 322, -3, 0.75, 1, -1
419 -> 322, -2, 0.75, 5, -0.5
419 -> 322, -5, 1.75, 5, -0.5
419 -> 322, -5, 1.75, 4, -1
420 -> 322, -2, 0.75, 5, -1
420 -> 322, -1, 0.25, 1, -0.5
420 -> 322, -1, 0.25, 2, -0.5
421 -> 322, -5, 0.25, 3, -0.5
421 -> 322, -4, 0.75, 5, -0.5
421 -> 322, -1, 0.75, 1, -1.5
421 -> 322, -1, 0.75, 2, -1.5
422 -> 322, -2, 0.75, 3, -1
422 -> 322, -2, 0.75, 4, -1
423 -> 322, -2, 1.75, 1, -0.5
423 -> 322, -2, 1.75, 4, -2
423 -> 322, -2, 1.75, 1, -2
423 -> 322, -2, 1.75, 2, -2
423 -> 322, -2, 1.75, 3, -2
424 -> 322, -1, 1.75, 1, -0.5
424 -> 322, -3, 1.25, 5, -1.5
425 -> 322, -2, 1.25, 1, -0.5
425 -> 322, -2, 0.75, 2, -0.5
425 -> 322, -2, 1.75, 3, -1
426 -> 322, -2, 1.75, 2, -1
426 -> 322, -1, 1.25, 4, -0.5
428 -> 322, -2, 0.25, 1, -0.5
428 -> 322, -4, 1.25, 5, -0.5
429 -> 322, -4, 1.75, 4, -1
429 -> 322, -4, 1.75, 5, -1
430 -> 322, -1, 1.75, 2, -2
430 -> 322, -2, 1.25, 5, -0.5
430 -> 322, -2, 0.75, 4, -0.5
430 -> 322, -1, 1.75, 1, -2
431 -> 322, -5, 0.75, 1, -1
431 -> 322, -4, 1.25, 4, -0.5
432 -> 322, -2, 0.25, 5, -0.5
433 -> 322, -2, 1.75, 5, -2
433 -> 322, -3, 0.75, 1, -1.5
433 -> 322, -3, 0.75, 4, -1
433 -> 322, -3, 1.25, 1, -1
433 -> 322, -1, 1.25, 1, -1.5
433 -> 322, -4, 0.75, 5, -1
435 -> 322, -3, 1.75, 5, -2
435 -> 322, -1, 1.25, 5, -0.5
436 -> 322, -1, 0.25, 2, -2
436 -> 322, -4, 0.25, 5, -1
436 -> 322, -1, 0.25, 1, -2
438 -> 322, -3, 0.75, 1, -0.5
438 -> 322, -2, 1.75, 4, -1
438 -> 322, -2, 1.75, 5, -1
438 -> 322, -1, 0.25, 3, -2
439 -> 322, -1, 1.25, 2, -2
439 -> 322, -1, 1.25, 1, -2
440 -> 322, -4, 1.75, 4, -2
440 -> 322, -1, 1.75, 4, -2
440 -> 322, -1, 1.75, 3, -2
440 -> 322, -2, 1.75, 1, -1.5
440 -> 322, -1, 1.75, 5, -2
441 -> 322, -1, 1.25, 2, -0.5
441 -> 322, -1, 0.75, 1, -1
441 -> 322, -4, 1.75, 1, -2
441 -> 322, -5, 1.25, 5, -1.5
441 -> 322, -1, 1.25, 3, -1.5
441 -> 322, -1, 1.25, 4, -1.5
441 -> 322, -1, 1.25, 5, -1.5
441 -> 322, -4, 1.75, 2, -2
441 -> 322, -4, 1.75, 3, -2
441 -> 322, -5, 1.25, 4, -1.5
441 -> 322, -1, 1.25, 2, -1.5
441 -> 322, -2, 0.75, 1, -0.5
442 -> 322, -2, 1.75, 5, -1.5
442 -> 322, -2, 0.75, 2, -1
442 -> 322, -2, 0.75, 1, -1
443 -> 322, -1, 1.25, 3, -0.5
443 -> 322, -3, 0.75, 4, -2
443 -> 322, -3, 1.75, 4, -2
443 -> 322, -4, 1.25, 3, -0.5
443 -> 322, -3, 1.75, 3, -2
444 -> 322, -2, 1.75, 2, -0.5
444 -> 322, -2, 1.25, 5, -2
444 -> 322, -2, 1.25, 3, -2
444 -> 322, -2, 1.25, 4, -2
444 -> 322, -2, 1.25, 2, -2
445 -> 322, -1, 0.75, 2, -0.5
445 -> 322, -1, 1.25, 3, -1
446 -> 322, -2, 0.75, 1, -2
446 -> 322, -5, 0.25, 1, -0.5
446 -> 322, -2, 0.75, 2, -2
446 -> 322, -2, 0.25, 4, -0.5
447 -> 322, -5, 0.75, 4, -1
447 -> 322, -2, 1.75, 3, -0.5
447 -> 322, -4, 1.25, 1, -1
447 -> 322, -4, 1.25, 5, -1
447 -> 322, -4, 0.25, 2, -1
447 -> 322, -2, 1.25, 1, -2
447 -> 322, -1, 1.75, 1, -1
447 -> 322, -1, 0.75, 5, -1.5
447 -> 322, -4, 0.25, 1, -1
447 -> 322, -1, 1.75, 2, -1
448 -> 322, -5, 1.25, 5, -2
448 -> 322, -5, 1.25, 4, -2
448 -> 322, -5, 1.25, 3, -2
448 -> 322, -4, 0.75, 2, -1
448 -> 322, -4, 1.75, 5, -1.5
450 -> 322, -3, 0.75, 3, -1.5
450 -> 322, -3, 0.75, 4, -1.5
450 -> 322, -3, 0.75, 5, -1.5
450 -> 322, -1, 0.75, 2, -2
450 -> 322, -1, 0.75, 1, -2
451 -> 322, -3, 0.25, 2, -0.5
451 -> 322, -3, 0.25, 3, -0.5
451 -> 322, -4, 0.75, 1, -1
452 -> 322, -1, 0.25, 5, -0.5
452 -> 322, -2, 1.25, 5, -1.5
452 -> 322, -4, 1.75, 5, -2
453 -> 322, -4, 1.25, 5, -2
453 -> 322, -4, 1.25, 4, -1
455 -> 322, -4, 0.75, 4, -1
455 -> 322, -4, 0.75, 3, -1
456 -> 322, -3, 1.25, 5, -1
456 -> 322, -3, 1.25, 4, -1
456 -> 322, -4, 0.25, 4, -1
457 -> 322, -3, 0.75, 3, -0.5
457 -> 322, -2, 1.25, 4, -0.5
457 -> 322, -1, 0.75, 3, -2
457 -> 322, -4, 1.25, 3, -2
457 -> 322, -3, 0.75, 5, -1
458 -> 322, -2, 0.25, 3, -0.5
458 -> 322, -4, 0.75, 4, -1.5
458 -> 322, -2, 0.25, 2, -0.5
458 -> 322, -1, 0.75, 4, -1.5
458 -> 322, -4, 0.75, 5, -1.5
458 -> 322, -4, 0.75, 3, -1.5
459 -> 322, -5, 0.25, 5, -0.5
459 -> 322, -5, 0.25, 4, -0.5
460 -> 322, -1, 1.75, 3, -0.5
460 -> 322, -1, 1.75, 4, -0.5
461 -> 322, -1, 1.75, 4, -1
461 -> 322, -1, 1.75, 3, -1
462 -> 322, -4, 1.75, 3, -1
462 -> 322, -1, 1.25, 4, -1
462 -> 322, -4, 1.75, 1, -1
462 -> 322, -4, 0.25, 1, -2
462 -> 322, -4, 1.75, 2, -1
462 -> 322, -3, 1.25, 3, -1.5
462 -> 322, -1, 1.25, 5, -1
462 -> 322, -3, 1.25, 2, -1.5
462 -> 322, -3, 1.25, 1, -1.5
463 -> 322, -5, 0.75, 2, -1
464 -> 322, -4, 1.25, 4, -2
465 -> 322, -5, 0.75, 5, -1
465 -> 322, -3, 0.25, 4, -2
465 -> 322, -3, 1.75, 4, -1
467 -> 322, -4, 0.25, 4, -2
467 -> 322, -4, 0.25, 3, -2
467 -> 322, -4, 0.25, 2, -2
467 -> 322, -4, 0.25, 5, -2
468 -> 322, -1, 0.75, 3, -1.5
469 -> 322, -5, 1.75, 2, -0.5
469 -> 322, -4, 1.25, 3, -1
470 -> 322, -2, 1.75, 5, -0.5
470 -> 322, -5, 1.25, 2, -2
470 -> 322, -5, 1.25, 1, -2
472 -> 322, -5, 0.75, 2, -2
472 -> 322, -4, 0.25, 3, -1
472 -> 322, -3, 0.25, 3, -2
472 -> 322, -3, 0.25, 2, -2
473 -> 322, -3, 0.75, 1, -2
473 -> 322, -5, 0.75, 1, -2
474 -> 322, -1, 0.25, 4, -0.5
474 -> 322, -3, 0.25, 4, -1
474 -> 322, -1, 0.25, 3, -0.5
474 -> 322, -3, 0.25, 5, -1
475 -> 322, -3, 1.75, 2, -0.5
475 -> 322, -3, 1.75, 4, -0.5
475 -> 322, -3, 1.75, 1, -0.5
475 -> 322, -3, 1.75, 3, -0.5
477 -> 322, -4, 0.75, 2, -2
477 -> 322, -4, 0.75, 3, -2
477 -> 322, -4, 0.75, 5, -2
477 -> 322, -4, 0.75, 4, -2
477 -> 322, -4, 0.75, 1, -2
478 -> 322, -4, 0.25, 4, -1.5
478 -> 322, -1, 0.75, 4, -2
478 -> 322, -4, 0.25, 5, -1.5
478 -> 322, -1, 0.75, 5, -2
478 -> 322, -4, 0.25, 3, -1.5
478 -> 322, -5, 1.75, 2, -1
478 -> 322, -2, 1.75, 1, -1
478 -> 322, -4, 0.25, 2, -1.5
478 -> 322, -5, 1.75, 3, -1
478 -> 322, -4, 0.25, 1, -1.5
479 -> 322, -2, 1.75, 3, -1.5
479 -> 322, -3, 0.25, 2, -1
479 -> 322, -3, 0.25, 3, -1
479 -> 322, -5, 1.75, 3, -1.5
479 -> 322, -2, 1.75, 2, -1.5
479 -> 322, -3, 0.25, 1, -1
480 -> 322, -3, 0.25, 5, -2
481 -> 322, -2, 1.25, 2, -1.5
481 -> 322, -2, 1.25, 3, -1.5
482 -> 322, -1, 0.25, 4, -2
482 -> 322, -1, 0.25, 5, -2
483 -> 322, -2, 1.25, 4, -1
483 -> 322, -2, 1.25, 5, -1
483 -> 322, -3, 0.75, 2, -2
483 -> 322, -4, 0.25, 3, -0.5
483 -> 322, -1, 1.75, 5, -1
483 -> 322, -2, 1.75, 4, -1.5
483 -> 322, -2, 1.25, 2, -1
483 -> 322, -2, 1.25, 3, -1
484 -> 322, -4, 1.25, 2, -1
485 -> 322, -4, 1.25, 5, -1.5
485 -> 322, -4, 1.25, 3, -1.5
485 -> 322, -4, 1.25, 1, -1.5
485 -> 322, -4, 1.25, 2, -1.5
485 -> 322, -4, 1.25, 4, -1.5
485 -> 322, -1, 0.75, 1, -0.5
486 -> 322, -5, 1.75, 4, -1.5
486 -> 322, -5, 1.75, 5, -1.5
488 -> 322, -2, 0.75, 1, -1.5
488 -> 322, -3, 0.75, 2, -0.5
489 -> 322, -2, 1.25, 4, -1.5
489 -> 322, -2, 0.25, 5, -1.5
490 -> 322, -2, 1.25, 1, -1.5
490 -> 322, -3, 0.25, 5, -0.5
491 -> 322, -3, 0.25, 2, -1.5
491 -> 322, -3, 0.25, 3, -1.5
491 -> 322, -3, 0.25, 4, -0.5
491 -> 322, -3, 0.25, 4, -1.5
491 -> 322, -5, 1.25, 3, -1.5
491 -> 322, -5, 1.25, 2, -1.5
491 -> 322, -5, 1.25, 1, -1.5
491 -> 322, -3, 1.75, 2, -1.5
491 -> 322, -3, 0.25, 5, -1.5
491 -> 322, -3, 0.25, 1, -1.5
492 -> 322, -2, 0.25, 5, -2
492 -> 322, -3, 0.75, 3, -2
494 -> 322, -2, 0.75, 5, -1.5
494 -> 322, -2, 0.75, 3, -1.5
494 -> 322, -2, 0.75, 2, -1.5
494 -> 322, -2, 1.25, 1, -1
494 -> 322, -2, 0.75, 4, -1.5
494 -> 322, -3, 1.75, 5, -0.5
496 -> 322, -4, 1.75, 4, -0.5
496 -> 322, -2, 0.25, 1, -1.5
496 -> 322, -4, 1.75, 5, -0.5
496 -> 322, -2, 0.25, 2, -1.5
498 -> 322, -1, 0.25, 3, -1.5
498 -> 322, -1, 0.25, 4, -1.5
498 -> 322, -1, 0.25, 2, -1.5
498 -> 322, -1, 0.25, 5, -1.5
498 -> 322, -1, 0.25, 1, -1.5
504 -> 322, -1, 0.25, 4, -1
504 -> 322, -1, 0.25, 5, -1
504 -> 322, -1, 0.25, 2, -1
504 -> 322, -1, 0.25, 1, -1
504 -> 322, -1, 0.25, 3, -1
505 -> 322, -2, 1.25, 3, -0.5
507 -> 322, -2, 0.25, 2, -1
508 -> 322, -2, 0.25, 1, -1
509 -> 322, -5, 1.25, 3, -0.5
509 -> 322, -5, 1.25, 2, -0.5
509 -> 322, -5, 1.25, 1, -0.5
509 -> 322, -3, 0.25, 1, -0.5
509 -> 322, -5, 1.25, 4, -0.5
510 -> 322, -3, 0.75, 5, -2
511 -> 322, -3, 0.25, 1, -2
511 -> 322, -2, 0.25, 3, -2
511 -> 322, -2, 0.25, 2, -2
511 -> 322, -2, 0.25, 1, -2
511 -> 322, -2, 0.25, 4, -2
513 -> 322, -3, 1.75, 2, -2
517 -> 322, -3, 1.75, 1, -2
518 -> 322, -2, 0.25, 4, -1
518 -> 322, -2, 0.25, 3, -1
521 -> 322, -2, 0.25, 3, -1.5
521 -> 322, -2, 0.25, 4, -1.5
521 -> 322, -3, 0.75, 3, -1
521 -> 322, -3, 0.75, 2, -1
524 -> 322, -5, 1.75, 5, -1
525 -> 322, -2, 0.25, 5, -1
526 -> 322, -3, 1.25, 4, -0.5
526 -> 322, -3, 1.25, 5, -0.5
528 -> 322, -4, 1.75, 1, -0.5
533 -> 322, -4, 0.25, 4, -0.5
534 -> 322, -5, 0.75, 5, -2
534 -> 322, -1, 0.75, 5, -1
534 -> 322, -1, 0.75, 4, -1
534 -> 322, -4, 1.75, 2, -0.5
537 -> 322, -5, 0.75, 5, -1.5
537 -> 322, -5, 0.75, 4, -2
537 -> 322, -5, 0.75, 4, -1.5
537 -> 322, -4, 0.75, 2, -1.5
537 -> 322, -4, 1.75, 3, -0.5
537 -> 322, -5, 0.75, 3, -2
537 -> 322, -5, 0.75, 3, -1.5
539 -> 322, -5, 0.25, 3, -1.5
539 -> 322, -5, 0.25, 1, -1.5
539 -> 322, -5, 0.25, 2, -1.5
539 -> 322, -5, 0.25, 5, -1.5
539 -> 322, -5, 0.25, 4, -1.5
540 -> 322, -4, 0.75, 1, -1.5
547 -> 322, -1, 0.75, 3, -1
552 -> 322, -5, 1.25, 3, -1
552 -> 322, -5, 1.25, 4, -1
552 -> 322, -5, 1.25, 2, -1
553 -> 322, -5, 1.25, 1, -1
555 -> 322, -4, 1.75, 3, -1.5
555 -> 322, -4, 1.75, 2, -1.5
555 -> 322, -4, 1.75, 4, -1.5
556 -> 322, -5, 1.75, 5, -2
556 -> 322, -5, 1.75, 2, -2
556 -> 322, -5, 1.75, 1, -2
556 -> 322, -5, 1.75, 3, -2
556 -> 322, -5, 1.75, 4, -2
559 -> 322, -4, 0.75, 1, -0.5
559 -> 322, -4, 0.75, 4, -0.5
559 -> 322, -4, 0.75, 3, -0.5
559 -> 322, -4, 0.75, 2, -0.5
561 -> 322, -3, 1.25, 1, -0.5
561 -> 322, -3, 1.25, 2, -0.5
561 -> 322, -3, 1.25, 3, -0.5
567 -> 322, -5, 0.75, 1, -1.5
567 -> 322, -5, 0.75, 2, -1.5
574 -> 322, -3, 1.25, 4, -2
574 -> 322, -3, 1.25, 3, -2
574 -> 322, -3, 1.25, 5, -2
574 -> 322, -3, 1.25, 2, -2
574 -> 322, -3, 1.25, 1, -2
579 -> 322, -5, 0.25, 2, -1
579 -> 322, -5, 0.25, 4, -1
579 -> 322, -5, 0.25, 1, -1
579 -> 322, -5, 0.25, 3, -1
579 -> 322, -5, 0.25, 5, -1
580 -> 322, -5, 0.25, 5, -2
580 -> 322, -5, 0.25, 2, -2
580 -> 322, -5, 0.25, 4, -2
580 -> 322, -5, 0.25, 3, -2
580 -> 322, -5, 0.25, 1, -2
589 -> 322, -3, 1.25, 2, -1
589 -> 322, -3, 1.25, 3, -1
613 -> 322, -5, 0.75, 1, -0.5
613 -> 322, -5, 0.75, 2, -0.5
613 -> 322, -5, 0.75, 3, -0.5
613 -> 322, -5, 0.75, 4, -0.5
613 -> 322, -5, 0.75, 5, -0.5
629 -> 322, -4, 1.25, 1, -0.5
630 -> 322, -4, 0.25, 5, -0.5
805 -> 322, -4, 0.25, 1, -0.5
