330 -> 164, -1, 1.25, 5, -2
332 -> 164, -1, 1.75, 4, -1
345 -> 164, -4, 1.25, 4, -0.5
346 -> 164, -5, 1.75, 4, -1
352 -> 164, -5, 1.75, 4, -2
357 -> 164, -5, 1.75, 3, -1
361 -> 164, -1, 1.25, 1, -2
361 -> 164, -1, 1.25, 2, -2
365 -> 164, -4, 1.75, 3, -0.5
368 -> 164, -3, 1.75, 4, -2
371 -> 164, -5, 1.75, 1, -2
371 -> 164, -4, 1.25, 5, -0.5
374 -> 164, -1, 1.25, 3, -1.5
375 -> 164, -3, 1.75, 1, -0.5
378 -> 164, -1, 1.75, 1, -1
378 -> 164, -3, 1.75, 5, -0.5
380 -> 164, -5, 1.75, 5, -2
384 -> 164, -1, 1.25, 3, -2
384 -> 164, -1, 1.25, 4, -2
385 -> 164, -4, 1.75, 5, -0.5
386 -> 164, -2, 1.25, 2, -1
386 -> 164, -3, 1.75, 5, -2
386 -> 164, -5, 0.25, 4, -2
386 -> 164, -5, 0.25, 5, -2
388 -> 164, -1, 1.75, 2, -1
389 -> 164, -2, 1.25, 4, -0.5
389 -> 164, -2, 1.25, 5, -0.5
389 -> 164, -5, 1.25, 4, -1
391 -> 164, -3, 1.25, 3, -2
391 -> 164, -2, 1.25, 3, -0.5
392 -> 164, -2, 1.75, 2, -0.5
392 -> 164, -4, 1.75, 4, -2
393 -> 164, -4, 1.75, 2, -2
393 -> 164, -4, 1.75, 3, -2
393 -> 164, -1, 1.25, 4, -1.5
394 -> 164, -5, 1.25, 4, -1.5
396 -> 164, -2, 1.75, 5, -0.5
397 -> 164, -2, 1.75, 4, -0.5
398 -> 164, -1, 0.75, 4, -0.5
398 -> 164, -3, 0.75, 1, -1
403 -> 164, -2, 1.25, 4, -1
403 -> 164, -2, 0.25, 4, -0.5
403 -> 164, -2, 0.25, 5, -0.5
403 -> 164, -5, 0.25, 1, -1
404 -> 164, -3, 0.75, 4, -1.5
404 -> 164, -4, 1.25, 4, -2
404 -> 164, -4, 1.25, 5, -2
405 -> 164, -3, 1.25, 3, -1.5
405 -> 164, -4, 0.75, 4, -2
405 -> 164, -4, 1.25, 3, -1.5
405 -> 164, -2, 0.75, 4, -0.5
405 -> 164, -4, 1.25, 4, -1.5
405 -> 164, -4, 1.25, 5, -1.5
406 -> 164, -4, 1.25, 3, -2
406 -> 164, -1, 1.25, 4, -0.5
406 -> 164, -1, 1.25, 5, -0.5
407 -> 164, -3, 0.75, 5, -1.5
408 -> 164, -3, 0.75, 1, -0.5
408 -> 164, -3, 0.25, 2, -2
408 -> 164, -5, 1.75, 2, -2
408 -> 164, -3, 0.25, 1, -2
408 -> 164, -5, 1.75, 3, -2
408 -> 164, -2, 0.75, 2, -0.5
409 -> 164, -3, 0.25, 3, -2
409 -> 164, -1, 0.25, 5, -0.5
410 -> 164, -3, 1.25, 2, -1.5
411 -> 164, -2, 1.75, 1, -0.5
411 -> 164, -5, 0.25, 1, -2
411 -> 164, -1, 1.75, 4, -1.5
412 -> 164, -1, 0.25, 4, -0.5
412 -> 164, -2, 1.75, 2, -1
412 -> 164, -2, 1.75, 5, -1
412 -> 164, -2, 1.75, 1, -1
413 -> 164, -3, 0.25, 5, -1.5
414 -> 164, -4, 0.75, 3, -2
414 -> 164, -2, 1.75, 4, -1
414 -> 164, -4, 0.75, 2, -2
415 -> 164, -5, 1.25, 3, -1
415 -> 164, -1, 0.75, 4, -2
415 -> 164, -4, 1.25, 2, -1.5
415 -> 164, -1, 0.75, 2, -2
415 -> 164, -1, 0.75, 3, -2
415 -> 164, -3, 0.75, 2, -0.5
415 -> 164, -3, 1.75, 2, -1.5
416 -> 164, -3, 1.75, 3, -2
416 -> 164, -1, 1.25, 5, -1.5
416 -> 164, -4, 1.25, 1, -1.5
417 -> 164, -3, 1.25, 4, -1.5
417 -> 164, -1, 1.75, 4, -2
417 -> 164, -4, 0.75, 5, -2
418 -> 164, -2, 0.75, 5, -0.5
419 -> 164, -4, 0.25, 5, -1
419 -> 164, -2, 1.75, 4, -1.5
419 -> 164, -4, 0.25, 3, -1
419 -> 164, -4, 0.25, 2, -1
419 -> 164, -2, 0.75, 2, -1
419 -> 164, -4, 0.25, 4, -1
419 -> 164, -4, 0.25, 1, -1
420 -> 164, -3, 1.75, 5, -1.5
420 -> 164, -1, 1.75, 1, -0.5
420 -> 164, -1, 1.75, 3, -1
421 -> 164, -4, 1.25, 2, -2
421 -> 164, -1, 1.75, 1, -1.5
421 -> 164, -5, 0.25, 2, -2
421 -> 164, -5, 1.25, 3, -1.5
421 -> 164, -5, 0.25, 3, -2
421 -> 164, -5, 0.75, 2, -1.5
422 -> 164, -1, 1.75, 2, -0.5
422 -> 164, -1, 1.75, 1, -2
423 -> 164, -2, 0.75, 4, -1
423 -> 164, -5, 1.25, 5, -2
423 -> 164, -5, 1.75, 4, -0.5
423 -> 164, -5, 1.25, 4, -2
424 -> 164, -3, 0.75, 5, -0.5
424 -> 164, -3, 0.75, 4, -0.5
424 -> 164, -1, 1.75, 3, -1.5
424 -> 164, -3, 1.25, 4, -2
424 -> 164, -3, 0.75, 3, -0.5
426 -> 164, -3, 0.75, 2, -1
426 -> 164, -5, 1.25, 1, -1.5
427 -> 164, -2, 1.25, 1, -1.5
428 -> 164, -2, 1.25, 3, -2
428 -> 164, -1, 1.75, 5, -2
428 -> 164, -2, 1.25, 1, -0.5
429 -> 164, -5, 1.25, 1, -2
429 -> 164, -5, 1.25, 2, -2
430 -> 164, -2, 1.25, 2, -0.5
430 -> 164, -1, 0.75, 5, -2
430 -> 164, -5, 0.75, 1, -1.5
430 -> 164, -5, 0.75, 5, -2
431 -> 164, -3, 1.75, 2, -0.5
431 -> 164, -4, 0.75, 4, -1
431 -> 164, -2, 1.25, 5, -1
431 -> 164, -2, 1.75, 1, -2
431 -> 164, -4, 0.75, 3, -1
431 -> 164, -1, 0.75, 5, -0.5
432 -> 164, -5, 1.25, 5, -1
432 -> 164, -3, 0.75, 5, -1
432 -> 164, -3, 1.75, 2, -2
432 -> 164, -1, 0.75, 3, -1.5
432 -> 164, -3, 0.75, 4, -1
433 -> 164, -3, 0.75, 3, -1
433 -> 164, -2, 0.75, 1, -1.5
434 -> 164, -2, 0.25, 1, -1
434 -> 164, -4, 0.75, 2, -1
434 -> 164, -2, 0.25, 2, -1
434 -> 164, -4, 0.75, 1, -1
435 -> 164, -1, 1.75, 2, -1.5
435 -> 164, -4, 0.75, 5, -1.5
436 -> 164, -2, 0.75, 1, -0.5
437 -> 164, -1, 0.75, 1, -1.5
437 -> 164, -4, 1.75, 1, -2
437 -> 164, -3, 1.75, 3, -1.5
437 -> 164, -2, 1.25, 5, -1.5
438 -> 164, -1, 1.25, 1, -0.5
438 -> 164, -5, 0.75, 2, -2
438 -> 164, -2, 0.75, 2, -1.5
438 -> 164, -2, 1.25, 4, -1.5
438 -> 164, -5, 0.75, 3, -2
439 -> 164, -1, 1.75, 5, -1.5
439 -> 164, -5, 0.75, 3, -1
439 -> 164, -2, 0.25, 5, -1.5
440 -> 164, -4, 0.75, 1, -0.5
440 -> 164, -2, 0.75, 3, -1
440 -> 164, -1, 1.75, 5, -1
440 -> 164, -2, 0.75, 5, -1
440 -> 164, -5, 0.75, 1, -2
441 -> 164, -1, 1.75, 3, -0.5
441 -> 164, -1, 1.75, 3, -2
441 -> 164, -3, 1.75, 4, -1.5
441 -> 164, -1, 0.75, 2, -1.5
442 -> 164, -2, 1.75, 3, -0.5
443 -> 164, -3, 0.25, 1, -1.5
443 -> 164, -3, 0.75, 3, -1.5
443 -> 164, -4, 1.25, 1, -2
443 -> 164, -5, 0.25, 3, -1
443 -> 164, -3, 0.75, 2, -1.5
444 -> 164, -2, 1.25, 4, -2
444 -> 164, -3, 1.75, 2, -1
444 -> 164, -3, 1.75, 1, -1
444 -> 164, -5, 0.25, 2, -1
445 -> 164, -3, 1.25, 5, -1.5
446 -> 164, -5, 1.25, 3, -2
446 -> 164, -1, 0.75, 5, -1
446 -> 164, -1, 0.75, 4, -1
446 -> 164, -4, 1.75, 5, -2
447 -> 164, -4, 0.75, 3, -0.5
447 -> 164, -4, 0.75, 2, -0.5
447 -> 164, -4, 0.75, 5, -0.5
447 -> 164, -4, 1.75, 5, -1.5
447 -> 164, -1, 1.25, 1, -1
447 -> 164, -4, 0.75, 4, -0.5
448 -> 164, -2, 1.75, 5, -1.5
448 -> 164, -5, 1.25, 2, -1
448 -> 164, -5, 0.25, 5, -0.5
449 -> 164, -3, 0.25, 5, -2
449 -> 164, -4, 0.25, 3, -1.5
449 -> 164, -4, 0.25, 4, -1.5
449 -> 164, -3, 1.25, 5, -0.5
449 -> 164, -5, 0.75, 4, -2
449 -> 164, -4, 0.25, 5, -1.5
450 -> 164, -3, 0.25, 4, -1.5
450 -> 164, -4, 1.25, 3, -0.5
450 -> 164, -3, 0.25, 3, -1.5
451 -> 164, -4, 0.75, 2, -1.5
451 -> 164, -4, 0.75, 1, -1.5
452 -> 164, -3, 0.25, 4, -2
452 -> 164, -3, 1.25, 5, -2
453 -> 164, -4, 0.25, 1, -2
453 -> 164, -4, 0.25, 5, -2
453 -> 164, -4, 0.25, 2, -2
453 -> 164, -2, 1.75, 3, -1
453 -> 164, -4, 0.25, 3, -2
453 -> 164, -4, 0.25, 4, -2
453 -> 164, -1, 0.25, 5, -1.5
454 -> 164, -5, 1.75, 5, -1
454 -> 164, -1, 1.25, 1, -1.5
454 -> 164, -2, 1.75, 1, -1.5
454 -> 164, -3, 1.75, 1, -2
454 -> 164, -1, 1.25, 2, -1.5
454 -> 164, -1, 0.75, 1, -2
456 -> 164, -1, 1.25, 3, -1
456 -> 164, -1, 1.25, 2, -1
456 -> 164, -1, 0.25, 2, -1.5
456 -> 164, -3, 0.25, 1, -0.5
457 -> 164, -2, 1.25, 3, -1
457 -> 164, -4, 1.25, 1, -1
458 -> 164, -2, 0.75, 5, -1.5
458 -> 164, -2, 0.25, 3, -1
458 -> 164, -2, 0.25, 4, -1
458 -> 164, -2, 0.25, 5, -1
459 -> 164, -1, 0.75, 4, -1.5
460 -> 164, -5, 0.75, 5, -1.5
460 -> 164, -5, 0.75, 4, -1.5
461 -> 164, -2, 0.25, 2, -1.5
461 -> 164, -1, 1.75, 2, -2
462 -> 164, -1, 0.75, 5, -1.5
462 -> 164, -4, 1.25, 4, -1
463 -> 164, -4, 1.75, 1, -1.5
463 -> 164, -5, 0.75, 3, -1.5
464 -> 164, -4, 0.75, 4, -1.5
464 -> 164, -4, 0.75, 3, -1.5
464 -> 164, -1, 0.25, 1, -0.5
464 -> 164, -1, 0.25, 2, -0.5
464 -> 164, -2, 1.75, 2, -2
464 -> 164, -2, 1.75, 3, -2
464 -> 164, -1, 0.25, 4, -2
464 -> 164, -1, 0.25, 5, -2
465 -> 164, -2, 1.25, 5, -2
465 -> 164, -5, 0.25, 3, -1.5
465 -> 164, -2, 0.25, 3, -2
465 -> 164, -5, 0.25, 2, -1.5
465 -> 164, -5, 0.25, 4, -1.5
465 -> 164, -5, 0.25, 1, -1.5
465 -> 164, -5, 0.25, 5, -1.5
465 -> 164, -2, 0.25, 2, -2
465 -> 164, -5, 1.75, 1, -1.5
465 -> 164, -2, 0.25, 1, -2
465 -> 164, -2, 0.25, 4, -2
466 -> 164, -2, 1.25, 2, -1.5
466 -> 164, -3, 1.75, 1, -1.5
466 -> 164, -1, 0.75, 3, -0.5
466 -> 164, -2, 0.75, 3, -1.5
466 -> 164, -1, 1.75, 5, -0.5
466 -> 164, -2, 1.25, 3, -1.5
467 -> 164, -1, 0.25, 3, -0.5
468 -> 164, -1, 0.25, 4, -1.5
468 -> 164, -5, 1.75, 1, -1
468 -> 164, -1, 0.25, 3, -1.5
468 -> 164, -1, 0.75, 2, -1
468 -> 164, -5, 0.75, 4, -1
469 -> 164, -3, 1.25, 3, -1
469 -> 164, -3, 1.25, 2, -1
469 -> 164, -3, 0.75, 1, -1.5
469 -> 164, -3, 1.25, 4, -1
470 -> 164, -3, 0.25, 1, -1
470 -> 164, -4, 1.25, 3, -1
470 -> 164, -4, 1.25, 2, -1
471 -> 164, -4, 1.25, 2, -0.5
471 -> 164, -5, 0.25, 4, -1
471 -> 164, -3, 0.75, 1, -2
471 -> 164, -2, 0.75, 4, -1.5
471 -> 164, -3, 0.75, 2, -2
471 -> 164, -5, 0.25, 5, -1
472 -> 164, -3, 1.25, 1, -1.5
472 -> 164, -3, 1.25, 1, -2
473 -> 164, -5, 0.75, 5, -1
473 -> 164, -1, 1.25, 4, -1
473 -> 164, -1, 1.25, 5, -1
473 -> 164, -2, 1.75, 2, -1.5
473 -> 164, -2, 1.75, 3, -1.5
474 -> 164, -5, 1.25, 4, -0.5
474 -> 164, -5, 1.25, 3, -0.5
474 -> 164, -1, 1.75, 4, -0.5
474 -> 164, -2, 0.25, 3, -0.5
474 -> 164, -2, 0.25, 2, -0.5
474 -> 164, -2, 0.25, 1, -0.5
475 -> 164, -5, 1.25, 2, -0.5
476 -> 164, -2, 0.75, 5, -2
476 -> 164, -3, 0.25, 5, -0.5
476 -> 164, -3, 0.25, 3, -0.5
476 -> 164, -3, 0.25, 4, -0.5
476 -> 164, -5, 1.25, 2, -1.5
476 -> 164, -3, 0.25, 2, -0.5
476 -> 164, -2, 0.75, 4, -2
477 -> 164, -2, 0.75, 2, -2
477 -> 164, -5, 0.75, 1, -1
477 -> 164, -5, 0.75, 2, -1
477 -> 164, -2, 0.75, 3, -2
477 -> 164, -2, 0.75, 1, -2
477 -> 164, -4, 0.25, 3, -0.5
477 -> 164, -1, 0.25, 1, -1.5
477 -> 164, -3, 0.25, 2, -1.5
478 -> 164, -5, 1.25, 5, -0.5
478 -> 164, -2, 1.25, 2, -2
478 -> 164, -2, 1.25, 1, -2
479 -> 164, -4, 1.75, 3, -1.5
479 -> 164, -1, 0.25, 4, -1
479 -> 164, -4, 0.25, 4, -0.5
479 -> 164, -1, 0.25, 2, -1
479 -> 164, -1, 0.25, 5, -1
479 -> 164, -4, 1.75, 2, -1.5
479 -> 164, -1, 0.25, 3, -1
479 -> 164, -4, 1.75, 4, -1.5
480 -> 164, -2, 0.25, 5, -2
481 -> 164, -1, 0.25, 1, -1
482 -> 164, -1, 0.75, 1, -1
483 -> 164, -1, 0.25, 2, -2
483 -> 164, -1, 0.25, 1, -2
483 -> 164, -1, 0.25, 3, -2
484 -> 164, -4, 1.25, 5, -1
486 -> 164, -1, 1.25, 3, -0.5
486 -> 164, -5, 1.75, 5, -1.5
486 -> 164, -1, 0.75, 3, -1
487 -> 164, -3, 1.25, 1, -0.5
487 -> 164, -2, 1.75, 4, -2
487 -> 164, -2, 1.75, 5, -2
491 -> 164, -3, 1.25, 2, -2
493 -> 164, -4, 0.25, 1, -1.5
494 -> 164, -4, 0.75, 5, -1
495 -> 164, -1, 1.25, 2, -0.5
496 -> 164, -5, 1.25, 5, -1.5
497 -> 164, -5, 1.75, 5, -0.5
499 -> 164, -3, 1.25, 5, -1
500 -> 164, -4, 0.75, 1, -2
501 -> 164, -4, 1.75, 4, -1
501 -> 164, -4, 1.75, 3, -1
501 -> 164, -4, 1.75, 5, -1
501 -> 164, -2, 0.75, 1, -1
504 -> 164, -2, 0.25, 1, -1.5
506 -> 164, -4, 0.25, 5, -0.5
510 -> 164, -3, 1.75, 5, -1
511 -> 164, -3, 1.25, 3, -0.5
511 -> 164, -3, 1.25, 4, -0.5
511 -> 164, -3, 1.75, 4, -1
511 -> 164, -3, 1.75, 3, -1
512 -> 164, -5, 0.75, 1, -0.5
514 -> 164, -3, 1.25, 2, -0.5
518 -> 164, -4, 1.75, 2, -1
518 -> 164, -4, 1.75, 1, -1
520 -> 164, -3, 0.25, 3, -1
520 -> 164, -2, 0.25, 3, -1.5
520 -> 164, -3, 0.25, 5, -1
520 -> 164, -2, 0.25, 4, -1.5
520 -> 164, -2, 0.75, 3, -0.5
520 -> 164, -5, 0.25, 2, -0.5
520 -> 164, -3, 0.25, 4, -1
520 -> 164, -3, 0.25, 2, -1
521 -> 164, -5, 0.25, 1, -0.5
522 -> 164, -2, 1.25, 1, -1
524 -> 164, -3, 1.75, 3, -0.5
524 -> 164, -3, 1.75, 4, -0.5
527 -> 164, -3, 0.75, 5, -2
527 -> 164, -3, 0.75, 4, -2
527 -> 164, -3, 0.75, 3, -2
529 -> 164, -5, 0.25, 3, -0.5
531 -> 164, -1, 0.75, 2, -0.5
531 -> 164, -1, 0.75, 1, -0.5
534 -> 164, -4, 0.25, 2, -0.5
534 -> 164, -4, 0.25, 1, -0.5
538 -> 164, -3, 1.25, 1, -1
549 -> 164, -5, 1.75, 2, -1.5
549 -> 164, -5, 0.25, 4, -0.5
549 -> 164, -4, 0.25, 2, -1.5
549 -> 164, -5, 1.75, 4, -1.5
549 -> 164, -5, 1.75, 3, -1.5
558 -> 164, -4, 1.75, 4, -0.5
561 -> 164, -5, 1.75, 3, -0.5
564 -> 164, -5, 1.75, 2, -1
569 -> 164, -5, 0.75, 5, -0.5
591 -> 164, -5, 1.25, 1, -1
602 -> 164, -4, 1.75, 2, -0.5
616 -> 164, -4, 1.25, 1, -0.5
640 -> 164, -4, 1.75, 1, -0.5
705 -> 164, -5, 1.75, 2, -0.5
705 -> 164, -5, 1.75, 1, -0.5
740 -> 164, -5, 0.75, 2, -0.5
740 -> 164, -5, 0.75, 4, -0.5
740 -> 164, -5, 0.75, 3, -0.5
841 -> 164, -5, 1.25, 1, -0.5
