331 -> 154, -4, 0.75, 5, -0.5
345 -> 154, -2, 1.75, 2, -0.5
349 -> 154, -5, 1.75, 4, -1
352 -> 154, -4, 1.75, 3, -1
355 -> 154, -5, 1.75, 5, -2
362 -> 154, -1, 1.25, 1, -1.5
362 -> 154, -5, 0.75, 1, -0.5
364 -> 154, -5, 0.25, 3, -1.5
365 -> 154, -5, 1.75, 4, -2
367 -> 154, -4, 1.75, 1, -1.5
368 -> 154, -5, 1.75, 3, -2
371 -> 154, -3, 1.75, 1, -1
372 -> 154, -2, 1.25, 5, -0.5
372 -> 154, -5, 0.75, 5, -1.5
373 -> 154, -2, 0.75, 1, -0.5
373 -> 154, -1, 0.75, 3, -0.5
373 -> 154, -1, 1.25, 2, -1.5
373 -> 154, -2, 0.75, 2, -0.5
374 -> 154, -4, 0.75, 5, -2
375 -> 154, -5, 1.75, 3, -1.5
376 -> 154, -5, 0.25, 2, -1.5
377 -> 154, -5, 0.25, 1, -1.5
377 -> 154, -4, 0.25, 5, -2
380 -> 154, -4, 1.75, 3, -1.5
380 -> 154, -4, 0.25, 3, -2
380 -> 154, -4, 0.25, 4, -2
382 -> 154, -4, 0.75, 5, -1
383 -> 154, -5, 0.75, 5, -1
383 -> 154, -4, 0.75, 1, -1.5
383 -> 154, -5, 1.75, 1, -2
383 -> 154, -4, 0.25, 1, -1
384 -> 154, -5, 0.75, 4, -1
385 -> 154, -2, 1.25, 1, -0.5
386 -> 154, -5, 1.75, 1, -1
386 -> 154, -1, 1.75, 2, -2
386 -> 154, -1, 1.75, 4, -1.5
387 -> 154, -1, 1.75, 3, -1.5
388 -> 154, -4, 0.25, 2, -2
388 -> 154, -4, 0.25, 3, -1
389 -> 154, -2, 0.75, 5, -0.5
389 -> 154, -1, 1.25, 2, -0.5
390 -> 154, -5, 0.75, 3, -1.5
390 -> 154, -2, 1.75, 2, -1
390 -> 154, -5, 0.75, 4, -1.5
390 -> 154, -5, 0.75, 2, -1.5
392 -> 154, -3, 0.75, 1, -1
392 -> 154, -4, 0.25, 5, -0.5
393 -> 154, -5, 1.75, 2, -1.5
393 -> 154, -3, 1.75, 1, -1.5
393 -> 154, -5, 1.75, 1, -1.5
393 -> 154, -1, 1.25, 4, -2
394 -> 154, -5, 1.25, 2, -0.5
395 -> 154, -1, 1.25, 5, -0.5
395 -> 154, -1, 1.75, 2, -1.5
395 -> 154, -4, 1.75, 4, -1
395 -> 154, -2, 1.75, 3, -1
395 -> 154, -5, 1.75, 2, -2
398 -> 154, -2, 0.75, 1, -1
398 -> 154, -4, 1.75, 2, -1.5
399 -> 154, -4, 0.75, 2, -1
399 -> 154, -5, 0.25, 5, -1.5
399 -> 154, -5, 0.25, 4, -1.5
399 -> 154, -3, 1.25, 2, -0.5
399 -> 154, -1, 0.75, 1, -0.5
399 -> 154, -4, 0.75, 3, -1
399 -> 154, -4, 0.75, 4, -1
399 -> 154, -4, 1.25, 3, -0.5
400 -> 154, -4, 1.25, 2, -0.5
400 -> 154, -4, 1.75, 2, -1
400 -> 154, -5, 1.25, 3, -1.5
400 -> 154, -5, 1.25, 4, -2
400 -> 154, -5, 1.25, 4, -1.5
401 -> 154, -5, 0.25, 3, -0.5
401 -> 154, -3, 0.75, 2, -0.5
401 -> 154, -4, 0.75, 3, -2
402 -> 154, -1, 1.25, 5, -2
403 -> 154, -5, 1.75, 2, -1
403 -> 154, -4, 0.75, 4, -2
404 -> 154, -4, 1.75, 4, -1.5
404 -> 154, -2, 1.25, 1, -1
404 -> 154, -5, 0.25, 2, -1
404 -> 154, -5, 1.25, 5, -2
404 -> 154, -5, 0.25, 3, -1
405 -> 154, -5, 1.25, 1, -1.5
405 -> 154, -5, 1.75, 3, -1
405 -> 154, -5, 0.25, 4, -1
405 -> 154, -3, 1.75, 2, -1
405 -> 154, -2, 1.75, 1, -0.5
406 -> 154, -5, 0.75, 1, -1.5
407 -> 154, -3, 1.75, 2, -1.5
407 -> 154, -1, 1.75, 1, -2
408 -> 154, -3, 1.75, 5, -0.5
408 -> 154, -2, 0.25, 4, -1
408 -> 154, -2, 0.75, 4, -0.5
408 -> 154, -4, 1.25, 1, -2
408 -> 154, -2, 0.25, 3, -1
409 -> 154, -2, 1.75, 4, -1
409 -> 154, -2, 0.25, 1, -0.5
410 -> 154, -2, 1.75, 5, -1
411 -> 154, -3, 1.75, 5, -1
411 -> 154, -3, 1.75, 4, -1
411 -> 154, -3, 1.75, 3, -1
414 -> 154, -5, 0.75, 4, -2
414 -> 154, -4, 1.25, 3, -1
414 -> 154, -5, 0.75, 5, -2
414 -> 154, -4, 0.25, 2, -0.5
414 -> 154, -2, 1.75, 1, -1
414 -> 154, -4, 1.25, 4, -1
415 -> 154, -1, 1.25, 4, -0.5
415 -> 154, -3, 0.75, 4, -2
415 -> 154, -2, 1.25, 2, -0.5
416 -> 154, -5, 1.25, 1, -2
416 -> 154, -5, 1.25, 3, -2
416 -> 154, -4, 0.75, 1, -2
416 -> 154, -4, 0.75, 2, -2
416 -> 154, -5, 1.25, 2, -2
417 -> 154, -5, 1.25, 2, -1
417 -> 154, -5, 1.25, 3, -1
417 -> 154, -2, 1.75, 3, -0.5
417 -> 154, -2, 1.75, 4, -0.5
418 -> 154, -4, 1.75, 1, -2
418 -> 154, -2, 0.25, 2, -1
419 -> 154, -2, 1.25, 5, -2
419 -> 154, -2, 1.25, 4, -2
419 -> 154, -1, 1.75, 1, -0.5
419 -> 154, -3, 0.75, 2, -1
419 -> 154, -4, 1.25, 5, -1.5
419 -> 154, -4, 0.25, 2, -1.5
420 -> 154, -5, 1.75, 5, -1.5
420 -> 154, -5, 1.75, 4, -1.5
421 -> 154, -1, 1.25, 3, -2
421 -> 154, -2, 0.25, 4, -0.5
421 -> 154, -2, 0.25, 2, -0.5
422 -> 154, -3, 0.75, 1, -2
422 -> 154, -2, 0.25, 3, -0.5
423 -> 154, -1, 1.75, 3, -2
424 -> 154, -5, 0.25, 5, -2
424 -> 154, -3, 0.75, 5, -1
424 -> 154, -3, 0.75, 4, -1
424 -> 154, -3, 0.75, 3, -1
424 -> 154, -1, 1.25, 5, -1
425 -> 154, -2, 1.25, 1, -2
425 -> 154, -5, 0.25, 4, -2
425 -> 154, -5, 1.25, 2, -1.5
425 -> 154, -2, 1.25, 2, -2
425 -> 154, -2, 1.25, 3, -2
426 -> 154, -1, 1.25, 2, -2
426 -> 154, -1, 1.25, 1, -0.5
426 -> 154, -2, 1.25, 4, -0.5
426 -> 154, -1, 1.25, 1, -2
427 -> 154, -2, 1.25, 3, -0.5
428 -> 154, -4, 1.25, 2, -2
428 -> 154, -4, 1.25, 3, -2
428 -> 154, -4, 1.25, 4, -2
428 -> 154, -5, 0.25, 2, -2
428 -> 154, -5, 0.25, 3, -2
428 -> 154, -5, 0.25, 1, -2
429 -> 154, -4, 0.75, 2, -1.5
430 -> 154, -4, 0.75, 3, -1.5
430 -> 154, -4, 0.75, 5, -1.5
430 -> 154, -1, 1.75, 2, -0.5
430 -> 154, -5, 0.25, 1, -1
430 -> 154, -4, 0.75, 4, -1.5
430 -> 154, -2, 1.75, 3, -2
430 -> 154, -2, 0.25, 1, -1.5
430 -> 154, -2, 1.75, 4, -2
430 -> 154, -4, 1.75, 5, -1
431 -> 154, -3, 0.75, 3, -1.5
431 -> 154, -4, 1.75, 5, -2
431 -> 154, -1, 0.75, 5, -0.5
432 -> 154, -1, 1.25, 4, -1
433 -> 154, -1, 1.25, 2, -1
433 -> 154, -1, 1.25, 1, -1
433 -> 154, -3, 0.75, 2, -1.5
433 -> 154, -1, 1.25, 3, -1.5
433 -> 154, -1, 1.25, 4, -1.5
434 -> 154, -1, 1.75, 4, -2
434 -> 154, -3, 0.75, 1, -1.5
434 -> 154, -1, 1.75, 5, -2
434 -> 154, -1, 1.75, 1, -1.5
435 -> 154, -2, 0.25, 5, -1
435 -> 154, -4, 1.75, 1, -1
435 -> 154, -2, 0.75, 1, -1.5
435 -> 154, -1, 1.75, 5, -1.5
436 -> 154, -3, 1.25, 1, -0.5
436 -> 154, -4, 0.25, 4, -0.5
436 -> 154, -5, 1.75, 5, -1
437 -> 154, -2, 0.75, 3, -1.5
438 -> 154, -1, 0.25, 4, -1.5
438 -> 154, -1, 0.25, 5, -1.5
439 -> 154, -2, 0.75, 3, -0.5
440 -> 154, -4, 1.75, 5, -1.5
440 -> 154, -1, 0.25, 3, -1.5
440 -> 154, -1, 1.25, 3, -0.5
440 -> 154, -1, 0.25, 1, -1
441 -> 154, -4, 1.75, 4, -2
441 -> 154, -4, 1.75, 3, -2
441 -> 154, -4, 1.75, 2, -2
441 -> 154, -2, 1.75, 2, -2
442 -> 154, -3, 0.75, 4, -1.5
442 -> 154, -3, 0.75, 5, -1.5
442 -> 154, -1, 1.25, 5, -1.5
443 -> 154, -3, 0.75, 2, -2
443 -> 154, -3, 0.75, 3, -2
443 -> 154, -2, 1.75, 1, -2
444 -> 154, -3, 1.25, 3, -2
444 -> 154, -3, 1.25, 2, -2
444 -> 154, -2, 1.75, 5, -2
444 -> 154, -3, 1.25, 5, -2
444 -> 154, -1, 0.75, 4, -0.5
444 -> 154, -3, 0.25, 1, -1
444 -> 154, -3, 0.25, 2, -1
444 -> 154, -1, 0.75, 5, -1.5
444 -> 154, -3, 1.25, 1, -2
444 -> 154, -3, 1.25, 4, -2
445 -> 154, -3, 1.75, 5, -1.5
445 -> 154, -3, 1.75, 4, -1.5
445 -> 154, -5, 0.75, 1, -1
446 -> 154, -2, 0.25, 5, -0.5
446 -> 154, -1, 0.75, 5, -1
446 -> 154, -2, 0.25, 1, -1
448 -> 154, -1, 0.75, 4, -1.5
449 -> 154, -4, 1.25, 5, -2
449 -> 154, -2, 0.25, 4, -1.5
450 -> 154, -3, 0.25, 3, -1.5
450 -> 154, -3, 0.25, 5, -1
450 -> 154, -3, 1.25, 2, -1.5
450 -> 154, -3, 1.25, 1, -1.5
450 -> 154, -3, 0.25, 1, -1.5
450 -> 154, -3, 0.25, 2, -1.5
450 -> 154, -3, 1.25, 3, -1.5
450 -> 154, -3, 0.25, 4, -1
450 -> 154, -3, 1.25, 4, -1.5
450 -> 154, -3, 0.25, 5, -1.5
450 -> 154, -3, 0.25, 4, -1.5
451 -> 154, -2, 0.75, 2, -1.5
451 -> 154, -5, 0.75, 3, -1
451 -> 154, -1, 0.25, 4, -2
451 -> 154, -1, 0.75, 5, -2
451 -> 154, -1, 0.75, 4, -2
452 -> 154, -3, 1.25, 4, -1
452 -> 154, -3, 1.25, 5, -1
453 -> 154, -3, 1.25, 1, -1
453 -> 154, -3, 1.25, 2, -1
453 -> 154, -5, 0.75, 2, -1
454 -> 154, -1, 0.75, 4, -1
454 -> 154, -3, 1.75, 3, -2
454 -> 154, -3, 1.75, 4, -2
454 -> 154, -1, 0.75, 2, -1
454 -> 154, -1, 1.75, 4, -0.5
454 -> 154, -3, 1.75, 5, -2
454 -> 154, -1, 1.75, 3, -0.5
454 -> 154, -1, 0.75, 3, -1
455 -> 154, -5, 1.25, 5, -1.5
455 -> 154, -5, 1.25, 1, -1
455 -> 154, -1, 0.25, 5, -2
456 -> 154, -4, 0.75, 2, -0.5
456 -> 154, -2, 1.25, 5, -1.5
456 -> 154, -2, 1.25, 4, -1.5
456 -> 154, -2, 1.25, 3, -1.5
457 -> 154, -2, 1.25, 2, -1
458 -> 154, -3, 1.75, 1, -2
458 -> 154, -3, 1.75, 2, -2
458 -> 154, -2, 1.75, 5, -0.5
458 -> 154, -2, 1.25, 3, -1
459 -> 154, -1, 0.75, 1, -2
459 -> 154, -1, 0.75, 2, -2
460 -> 154, -1, 1.75, 5, -0.5
460 -> 154, -3, 0.25, 5, -2
460 -> 154, -5, 0.75, 5, -0.5
461 -> 154, -4, 1.25, 4, -0.5
461 -> 154, -1, 0.75, 3, -2
461 -> 154, -2, 1.25, 5, -1
461 -> 154, -5, 0.75, 2, -0.5
461 -> 154, -1, 0.75, 1, -1
461 -> 154, -3, 1.25, 5, -1.5
461 -> 154, -1, 0.25, 5, -1
461 -> 154, -1, 0.25, 4, -1
462 -> 154, -2, 1.25, 4, -1
462 -> 154, -2, 0.75, 3, -2
462 -> 154, -2, 0.75, 4, -2
462 -> 154, -4, 1.25, 5, -1
462 -> 154, -2, 0.75, 2, -2
463 -> 154, -1, 1.25, 3, -1
463 -> 154, -2, 0.75, 5, -2
464 -> 154, -1, 0.75, 2, -0.5
465 -> 154, -2, 0.25, 2, -1.5
468 -> 154, -4, 0.75, 4, -0.5
468 -> 154, -3, 1.25, 3, -0.5
468 -> 154, -3, 1.25, 4, -0.5
468 -> 154, -2, 1.25, 1, -1.5
468 -> 154, -2, 1.25, 2, -1.5
468 -> 154, -1, 0.25, 2, -1
469 -> 154, -1, 1.75, 3, -1
469 -> 154, -4, 0.25, 1, -0.5
469 -> 154, -1, 0.25, 2, -2
469 -> 154, -1, 0.25, 1, -2
469 -> 154, -1, 0.25, 3, -2
470 -> 154, -3, 0.25, 1, -2
473 -> 154, -3, 0.75, 5, -2
473 -> 154, -2, 0.25, 3, -1.5
473 -> 154, -1, 0.25, 3, -1
474 -> 154, -5, 0.75, 3, -2
474 -> 154, -5, 0.75, 2, -2
474 -> 154, -1, 1.75, 5, -1
474 -> 154, -5, 0.75, 1, -2
477 -> 154, -2, 0.75, 5, -1
477 -> 154, -5, 0.25, 5, -1
478 -> 154, -2, 0.75, 4, -1
478 -> 154, -1, 0.25, 1, -1.5
478 -> 154, -2, 0.75, 3, -1
478 -> 154, -2, 0.75, 2, -1
479 -> 154, -1, 0.25, 2, -1.5
479 -> 154, -1, 1.75, 2, -1
479 -> 154, -1, 1.75, 1, -1
480 -> 154, -3, 0.25, 3, -1
482 -> 154, -4, 0.75, 3, -0.5
482 -> 154, -3, 0.25, 4, -2
483 -> 154, -4, 0.75, 1, -1
483 -> 154, -4, 0.25, 1, -1.5
485 -> 154, -3, 0.25, 3, -2
485 -> 154, -2, 0.25, 5, -1.5
485 -> 154, -3, 0.25, 2, -2
486 -> 154, -3, 1.75, 3, -1.5
486 -> 154, -2, 0.25, 3, -2
486 -> 154, -2, 0.25, 2, -2
486 -> 154, -2, 0.25, 1, -2
487 -> 154, -1, 0.75, 3, -1.5
487 -> 154, -1, 0.75, 1, -1.5
487 -> 154, -1, 0.75, 2, -1.5
488 -> 154, -2, 0.75, 1, -2
488 -> 154, -3, 1.75, 4, -0.5
491 -> 154, -2, 0.25, 5, -2
491 -> 154, -2, 0.25, 4, -2
491 -> 154, -4, 0.25, 4, -1
491 -> 154, -4, 0.25, 5, -1
495 -> 154, -5, 1.25, 4, -1
495 -> 154, -5, 1.25, 5, -1
497 -> 154, -4, 0.25, 3, -1.5
497 -> 154, -4, 0.25, 4, -1.5
497 -> 154, -4, 0.25, 5, -1.5
498 -> 154, -1, 1.75, 4, -1
499 -> 154, -5, 0.25, 4, -0.5
506 -> 154, -4, 1.75, 2, -0.5
506 -> 154, -4, 1.25, 2, -1
506 -> 154, -1, 0.25, 3, -0.5
506 -> 154, -4, 1.75, 3, -0.5
506 -> 154, -4, 0.25, 1, -2
506 -> 154, -1, 0.25, 4, -0.5
506 -> 154, -1, 0.25, 5, -0.5
506 -> 154, -4, 1.75, 5, -0.5
506 -> 154, -4, 1.75, 4, -0.5
507 -> 154, -1, 0.25, 2, -0.5
508 -> 154, -4, 1.25, 1, -1
510 -> 154, -3, 0.75, 4, -0.5
510 -> 154, -3, 0.75, 3, -0.5
510 -> 154, -3, 0.75, 5, -0.5
514 -> 154, -4, 0.25, 3, -0.5
516 -> 154, -4, 1.25, 5, -0.5
517 -> 154, -2, 0.75, 4, -1.5
517 -> 154, -2, 0.75, 5, -1.5
520 -> 154, -4, 0.25, 2, -1
520 -> 154, -3, 1.75, 2, -0.5
520 -> 154, -3, 1.75, 3, -0.5
524 -> 154, -1, 0.25, 1, -0.5
525 -> 154, -5, 0.25, 5, -0.5
525 -> 154, -5, 0.75, 3, -0.5
526 -> 154, -5, 1.75, 2, -0.5
531 -> 154, -3, 1.25, 3, -1
532 -> 154, -3, 1.75, 1, -0.5
533 -> 154, -2, 1.75, 1, -1.5
533 -> 154, -2, 1.75, 4, -1.5
533 -> 154, -2, 1.75, 5, -1.5
535 -> 154, -2, 1.75, 2, -1.5
535 -> 154, -2, 1.75, 3, -1.5
537 -> 154, -5, 0.25, 2, -0.5
543 -> 154, -4, 1.25, 1, -0.5
544 -> 154, -4, 1.25, 4, -1.5
544 -> 154, -4, 1.25, 3, -1.5
544 -> 154, -4, 1.25, 2, -1.5
544 -> 154, -4, 1.25, 1, -1.5
558 -> 154, -5, 0.25, 1, -0.5
563 -> 154, -3, 0.75, 1, -0.5
567 -> 154, -3, 1.25, 5, -0.5
567 -> 154, -5, 1.25, 4, -0.5
587 -> 154, -5, 0.75, 4, -0.5
608 -> 154, -4, 1.75, 1, -0.5
612 -> 154, -5, 1.25, 5, -0.5
627 -> 154, -5, 1.75, 3, -0.5
627 -> 154, -5, 1.75, 4, -0.5
645 -> 154, -5, 1.25, 3, -0.5
667 -> 154, -3, 0.25, 5, -0.5
667 -> 154, -3, 0.25, 4, -0.5
667 -> 154, -3, 0.25, 3, -0.5
667 -> 154, -3, 0.25, 2, -0.5
670 -> 154, -4, 0.75, 1, -0.5
679 -> 154, -3, 0.25, 1, -0.5
701 -> 154, -5, 1.25, 1, -0.5
738 -> 154, -5, 1.75, 1, -0.5
753 -> 154, -5, 1.75, 5, -0.5
