192 -> 377, -1, 1.25, 3, -1
346 -> 377, -1, 1.75, 2, -0.5
357 -> 377, -4, 1.25, 1, -0.5
368 -> 377, -1, 1.25, 4, -1
380 -> 377, -3, 1.25, 3, -1
380 -> 377, -3, 1.25, 4, -1
381 -> 377, -3, 1.25, 2, -0.5
386 -> 377, -2, 1.25, 5, -1
393 -> 377, -1, 1.75, 3, -0.5
395 -> 377, -1, 1.75, 1, -0.5
395 -> 377, -1, 1.75, 3, -1.5
395 -> 377, -2, 1.25, 5, -0.5
396 -> 377, -2, 0.75, 1, -2
399 -> 377, -4, 1.75, 4, -2
404 -> 377, -2, 1.25, 4, -1
404 -> 377, -2, 1.25, 3, -1
405 -> 377, -4, 1.25, 2, -1
405 -> 377, -2, 1.25, 4, -0.5
407 -> 377, -4, 1.75, 3, -2
408 -> 377, -2, 1.25, 2, -1
409 -> 377, -3, 1.25, 5, -1
410 -> 377, -1, 1.75, 2, -1.5
410 -> 377, -3, 1.25, 2, -1
411 -> 377, -3, 1.75, 5, -2
411 -> 377, -4, 1.25, 4, -1
411 -> 377, -2, 1.75, 2, -1.5
411 -> 377, -4, 1.25, 5, -1
411 -> 377, -4, 1.75, 1, -1.5
412 -> 377, -4, 1.25, 3, -1
412 -> 377, -3, 1.75, 5, -0.5
413 -> 377, -1, 1.75, 5, -0.5
414 -> 377, -1, 1.75, 1, -1.5
414 -> 377, -2, 1.75, 3, -1.5
416 -> 377, -3, 1.25, 1, -1
416 -> 377, -1, 1.25, 2, -1
416 -> 377, -4, 1.25, 4, -0.5
416 -> 377, -3, 1.75, 2, -1.5
416 -> 377, -1, 0.75, 2, -0.5
416 -> 377, -1, 1.25, 1, -1
417 -> 377, -3, 1.75, 1, -1.5
417 -> 377, -3, 1.75, 4, -1
417 -> 377, -1, 1.25, 3, -1.5
417 -> 377, -3, 1.75, 3, -1
417 -> 377, -1, 0.75, 1, -1
417 -> 377, -2, 1.25, 1, -1
418 -> 377, -2, 0.75, 4, -0.5
418 -> 377, -3, 0.75, 1, -0.5
418 -> 377, -4, 0.75, 5, -1
418 -> 377, -4, 0.75, 4, -1
419 -> 377, -2, 1.25, 1, -0.5
419 -> 377, -5, 1.25, 3, -1
421 -> 377, -1, 0.75, 4, -1
421 -> 377, -1, 0.75, 5, -1
421 -> 377, -2, 1.25, 4, -2
421 -> 377, -2, 1.25, 5, -2
421 -> 377, -4, 1.75, 1, -1
422 -> 377, -1, 0.75, 4, -1.5
422 -> 377, -4, 1.75, 2, -1.5
422 -> 377, -1, 0.75, 3, -1.5
422 -> 377, -1, 0.75, 5, -1.5
423 -> 377, -3, 0.75, 1, -2
423 -> 377, -3, 0.75, 2, -2
423 -> 377, -2, 1.75, 4, -1.5
423 -> 377, -3, 0.75, 3, -2
423 -> 377, -3, 0.75, 4, -2
423 -> 377, -2, 1.75, 5, -1.5
424 -> 377, -1, 1.75, 3, -1
424 -> 377, -1, 1.75, 5, -1
424 -> 377, -1, 1.75, 4, -1
424 -> 377, -1, 1.25, 2, -2
424 -> 377, -1, 1.25, 4, -2
424 -> 377, -1, 1.75, 2, -1
424 -> 377, -1, 1.25, 3, -2
424 -> 377, -5, 1.75, 5, -1
424 -> 377, -1, 1.25, 5, -2
425 -> 377, -2, 1.75, 1, -2
425 -> 377, -4, 0.75, 1, -0.5
425 -> 377, -3, 1.75, 3, -0.5
425 -> 377, -1, 1.25, 2, -0.5
425 -> 377, -1, 1.25, 1, -0.5
425 -> 377, -1, 1.75, 1, -2
425 -> 377, -1, 0.75, 2, -1.5
426 -> 377, -2, 1.25, 2, -1.5
426 -> 377, -4, 1.75, 5, -2
426 -> 377, -4, 1.75, 2, -2
427 -> 377, -4, 0.25, 2, -2
427 -> 377, -1, 1.25, 1, -1.5
427 -> 377, -5, 1.25, 1, -1.5
427 -> 377, -5, 1.25, 1, -0.5
427 -> 377, -3, 1.25, 2, -2
428 -> 377, -1, 1.25, 3, -0.5
428 -> 377, -1, 1.25, 5, -0.5
428 -> 377, -4, 1.25, 2, -1.5
428 -> 377, -1, 1.25, 4, -0.5
429 -> 377, -1, 1.25, 4, -1.5
429 -> 377, -1, 1.25, 5, -1
430 -> 377, -2, 1.75, 1, -1.5
430 -> 377, -1, 1.25, 1, -2
430 -> 377, -4, 1.25, 5, -0.5
430 -> 377, -2, 0.75, 2, -2
431 -> 377, -4, 0.25, 1, -2
432 -> 377, -5, 0.25, 3, -2
432 -> 377, -1, 0.75, 3, -0.5
432 -> 377, -1, 0.75, 4, -0.5
432 -> 377, -5, 1.75, 1, -2
432 -> 377, -5, 1.75, 2, -2
432 -> 377, -5, 1.75, 3, -2
432 -> 377, -5, 0.25, 4, -2
432 -> 377, -5, 1.75, 4, -2
432 -> 377, -5, 1.75, 5, -2
432 -> 377, -5, 1.25, 4, -1
432 -> 377, -5, 1.25, 5, -1
433 -> 377, -2, 1.75, 3, -2
433 -> 377, -2, 1.75, 2, -2
433 -> 377, -5, 0.75, 4, -2
433 -> 377, -1, 1.75, 5, -1.5
434 -> 377, -3, 1.75, 2, -1
434 -> 377, -3, 1.75, 1, -1
435 -> 377, -4, 1.75, 4, -1
435 -> 377, -4, 0.75, 5, -0.5
435 -> 377, -3, 1.25, 1, -2
435 -> 377, -3, 1.25, 2, -1.5
435 -> 377, -3, 1.25, 3, -1.5
435 -> 377, -3, 1.25, 4, -1.5
435 -> 377, -1, 0.75, 5, -0.5
436 -> 377, -4, 1.75, 2, -1
436 -> 377, -1, 1.75, 4, -0.5
437 -> 377, -4, 0.75, 3, -0.5
437 -> 377, -1, 1.25, 5, -1.5
438 -> 377, -4, 1.75, 5, -1
439 -> 377, -3, 1.25, 5, -2
440 -> 377, -5, 1.25, 2, -1.5
440 -> 377, -5, 0.25, 5, -0.5
440 -> 377, -5, 0.25, 3, -0.5
440 -> 377, -1, 1.25, 2, -1.5
440 -> 377, -5, 0.25, 4, -0.5
440 -> 377, -1, 1.75, 4, -1.5
440 -> 377, -1, 0.75, 1, -1.5
440 -> 377, -4, 0.75, 2, -1
441 -> 377, -4, 1.75, 3, -1
441 -> 377, -5, 0.75, 5, -2
441 -> 377, -1, 0.75, 4, -2
441 -> 377, -1, 0.75, 5, -2
443 -> 377, -1, 0.75, 1, -0.5
443 -> 377, -3, 1.25, 1, -1.5
444 -> 377, -5, 1.75, 5, -1.5
444 -> 377, -5, 1.75, 3, -1.5
444 -> 377, -5, 1.75, 4, -1.5
445 -> 377, -4, 1.75, 4, -1.5
445 -> 377, -5, 0.25, 1, -1
445 -> 377, -5, 0.25, 2, -1
445 -> 377, -4, 1.75, 3, -1.5
445 -> 377, -5, 0.25, 3, -1
445 -> 377, -4, 1.75, 5, -1.5
445 -> 377, -2, 0.75, 3, -1.5
446 -> 377, -2, 0.75, 2, -1
447 -> 377, -2, 0.75, 5, -1
447 -> 377, -3, 1.25, 5, -1.5
448 -> 377, -4, 0.75, 5, -2
448 -> 377, -4, 0.75, 4, -0.5
448 -> 377, -4, 0.75, 4, -2
449 -> 377, -5, 0.25, 1, -1.5
449 -> 377, -1, 0.75, 2, -1
449 -> 377, -1, 0.75, 3, -1
449 -> 377, -3, 1.75, 2, -2
449 -> 377, -3, 1.75, 1, -2
449 -> 377, -5, 0.25, 2, -1.5
449 -> 377, -5, 0.25, 5, -1.5
449 -> 377, -5, 0.25, 4, -1.5
449 -> 377, -5, 0.25, 3, -1.5
450 -> 377, -4, 0.25, 3, -0.5
450 -> 377, -4, 0.25, 5, -2
450 -> 377, -4, 0.25, 3, -2
450 -> 377, -2, 1.75, 1, -1
450 -> 377, -4, 0.25, 2, -0.5
450 -> 377, -4, 0.25, 4, -2
451 -> 377, -4, 0.75, 1, -1
451 -> 377, -2, 0.25, 3, -2
451 -> 377, -2, 0.25, 4, -2
451 -> 377, -5, 1.25, 3, -1.5
452 -> 377, -2, 0.75, 1, -1.5
452 -> 377, -2, 0.75, 2, -1.5
452 -> 377, -5, 1.25, 2, -0.5
452 -> 377, -2, 0.75, 5, -0.5
453 -> 377, -5, 0.25, 2, -2
453 -> 377, -5, 1.75, 1, -1.5
453 -> 377, -3, 1.25, 3, -0.5
453 -> 377, -3, 1.25, 4, -0.5
453 -> 377, -3, 1.25, 5, -0.5
454 -> 377, -3, 0.25, 2, -0.5
455 -> 377, -2, 0.25, 5, -1.5
455 -> 377, -4, 0.75, 1, -1.5
455 -> 377, -4, 0.75, 2, -1.5
456 -> 377, -3, 1.25, 4, -2
456 -> 377, -3, 1.25, 3, -2
456 -> 377, -3, 1.75, 4, -2
456 -> 377, -3, 1.75, 3, -2
457 -> 377, -2, 0.75, 4, -2
457 -> 377, -2, 0.75, 5, -2
457 -> 377, -2, 0.75, 3, -2
458 -> 377, -1, 1.75, 3, -2
458 -> 377, -4, 0.25, 4, -1.5
459 -> 377, -4, 0.75, 5, -1.5
459 -> 377, -4, 1.25, 2, -0.5
459 -> 377, -4, 1.25, 3, -0.5
460 -> 377, -2, 1.75, 4, -2
460 -> 377, -2, 1.75, 5, -2
460 -> 377, -4, 0.25, 4, -0.5
460 -> 377, -5, 1.75, 1, -1
460 -> 377, -4, 1.25, 1, -1.5
460 -> 377, -4, 0.25, 5, -0.5
460 -> 377, -2, 1.25, 1, -1.5
460 -> 377, -5, 0.25, 1, -2
460 -> 377, -2, 1.25, 3, -1.5
461 -> 377, -3, 0.75, 2, -1
461 -> 377, -3, 0.75, 3, -1
461 -> 377, -3, 0.75, 4, -1
461 -> 377, -3, 0.75, 5, -1
462 -> 377, -5, 1.75, 4, -1
462 -> 377, -4, 0.75, 2, -0.5
462 -> 377, -3, 1.75, 5, -1
462 -> 377, -5, 1.75, 3, -1
463 -> 377, -2, 0.25, 3, -0.5
463 -> 377, -2, 0.75, 4, -1.5
463 -> 377, -2, 0.25, 5, -2
463 -> 377, -4, 0.25, 3, -1
464 -> 377, -5, 1.75, 2, -1
464 -> 377, -3, 0.75, 1, -1
465 -> 377, -1, 1.75, 5, -2
465 -> 377, -2, 0.25, 1, -1.5
465 -> 377, -2, 0.25, 3, -1.5
465 -> 377, -1, 1.75, 4, -2
465 -> 377, -2, 0.25, 2, -1.5
465 -> 377, -2, 0.25, 4, -1.5
466 -> 377, -2, 0.25, 1, -1
467 -> 377, -2, 1.25, 4, -1.5
467 -> 377, -1, 0.75, 3, -2
467 -> 377, -1, 0.75, 2, -2
467 -> 377, -1, 0.75, 1, -2
467 -> 377, -1, 0.25, 5, -2
467 -> 377, -1, 0.25, 3, -2
467 -> 377, -1, 0.25, 2, -2
467 -> 377, -1, 0.25, 4, -2
468 -> 377, -2, 0.25, 5, -1
468 -> 377, -2, 0.25, 4, -1
468 -> 377, -2, 0.25, 3, -1
469 -> 377, -4, 0.75, 2, -2
469 -> 377, -2, 1.25, 2, -0.5
469 -> 377, -4, 0.75, 3, -2
469 -> 377, -4, 0.75, 1, -2
470 -> 377, -1, 0.25, 1, -2
470 -> 377, -2, 1.75, 1, -0.5
470 -> 377, -2, 0.25, 2, -1
471 -> 377, -2, 1.75, 2, -0.5
471 -> 377, -5, 0.25, 4, -1
471 -> 377, -5, 0.25, 5, -1
472 -> 377, -1, 1.75, 2, -2
472 -> 377, -4, 1.75, 1, -2
473 -> 377, -5, 0.25, 5, -2
473 -> 377, -4, 0.75, 3, -1.5
474 -> 377, -1, 1.75, 1, -1
474 -> 377, -2, 1.25, 3, -0.5
475 -> 377, -3, 0.25, 1, -1
475 -> 377, -4, 1.25, 4, -1.5
477 -> 377, -2, 0.75, 3, -1
477 -> 377, -2, 0.75, 3, -0.5
478 -> 377, -4, 1.25, 1, -1
478 -> 377, -1, 0.25, 3, -1.5
479 -> 377, -5, 1.25, 4, -1.5
479 -> 377, -5, 1.25, 5, -1.5
480 -> 377, -3, 1.75, 4, -1.5
480 -> 377, -2, 1.25, 3, -2
480 -> 377, -3, 1.75, 3, -1.5
481 -> 377, -4, 1.25, 5, -2
481 -> 377, -3, 0.75, 5, -2
481 -> 377, -1, 0.25, 4, -1.5
481 -> 377, -1, 0.25, 5, -1.5
482 -> 377, -2, 0.25, 1, -0.5
482 -> 377, -2, 0.25, 2, -0.5
482 -> 377, -3, 1.75, 2, -0.5
483 -> 377, -3, 1.25, 1, -0.5
483 -> 377, -5, 0.75, 5, -1
483 -> 377, -5, 0.75, 4, -1
483 -> 377, -1, 0.25, 3, -1
483 -> 377, -4, 0.75, 3, -1
483 -> 377, -5, 0.75, 3, -1
484 -> 377, -5, 0.25, 2, -0.5
484 -> 377, -5, 0.25, 1, -0.5
484 -> 377, -3, 1.75, 5, -1.5
485 -> 377, -5, 0.75, 3, -2
485 -> 377, -3, 0.25, 4, -0.5
485 -> 377, -3, 0.25, 3, -0.5
485 -> 377, -5, 0.75, 2, -2
485 -> 377, -3, 0.25, 5, -0.5
485 -> 377, -5, 0.75, 1, -2
485 -> 377, -2, 1.75, 5, -0.5
485 -> 377, -2, 1.75, 4, -0.5
485 -> 377, -2, 1.75, 3, -0.5
485 -> 377, -5, 1.25, 1, -1
485 -> 377, -4, 0.25, 3, -1.5
485 -> 377, -4, 0.25, 2, -1.5
485 -> 377, -4, 0.25, 1, -1.5
486 -> 377, -4, 0.25, 5, -1.5
487 -> 377, -2, 0.75, 1, -0.5
487 -> 377, -2, 0.75, 2, -0.5
488 -> 377, -1, 0.25, 1, -1
488 -> 377, -5, 1.75, 2, -0.5
488 -> 377, -5, 1.75, 3, -0.5
490 -> 377, -2, 0.75, 5, -1.5
491 -> 377, -4, 1.25, 5, -1.5
491 -> 377, -4, 1.75, 4, -0.5
491 -> 377, -4, 1.75, 5, -0.5
492 -> 377, -2, 1.75, 5, -1
492 -> 377, -2, 1.75, 4, -1
492 -> 377, -4, 1.25, 2, -2
492 -> 377, -4, 1.25, 1, -2
492 -> 377, -4, 1.25, 3, -2
492 -> 377, -2, 1.75, 3, -1
492 -> 377, -2, 1.75, 2, -1
492 -> 377, -4, 1.25, 4, -2
494 -> 377, -3, 0.25, 5, -1.5
494 -> 377, -3, 0.25, 4, -1.5
494 -> 377, -3, 0.25, 1, -1.5
494 -> 377, -3, 0.25, 3, -1.5
494 -> 377, -3, 0.25, 2, -1.5
495 -> 377, -1, 0.25, 1, -1.5
495 -> 377, -1, 0.25, 2, -1.5
497 -> 377, -5, 1.25, 2, -1
498 -> 377, -2, 0.75, 1, -1
498 -> 377, -4, 1.25, 3, -1.5
498 -> 377, -2, 0.75, 4, -1
498 -> 377, -5, 0.75, 2, -1
498 -> 377, -5, 0.75, 1, -1
499 -> 377, -3, 0.25, 1, -0.5
500 -> 377, -1, 0.25, 5, -1
500 -> 377, -1, 0.25, 4, -1
501 -> 377, -4, 0.75, 4, -1.5
501 -> 377, -1, 0.25, 2, -1
501 -> 377, -4, 0.25, 1, -0.5
503 -> 377, -2, 1.25, 5, -1.5
503 -> 377, -4, 0.25, 5, -1
503 -> 377, -4, 0.25, 4, -1
503 -> 377, -2, 1.25, 1, -2
504 -> 377, -2, 0.25, 2, -2
504 -> 377, -2, 0.25, 1, -2
508 -> 377, -5, 1.75, 2, -1.5
512 -> 377, -4, 0.25, 2, -1
512 -> 377, -4, 0.25, 1, -1
515 -> 377, -3, 0.25, 1, -2
518 -> 377, -2, 1.25, 2, -2
519 -> 377, -3, 1.75, 1, -0.5
522 -> 377, -3, 0.25, 2, -2
522 -> 377, -3, 0.25, 3, -2
522 -> 377, -3, 0.25, 5, -2
522 -> 377, -3, 0.25, 4, -2
523 -> 377, -2, 0.25, 4, -0.5
523 -> 377, -2, 0.25, 5, -0.5
527 -> 377, -3, 0.75, 4, -1.5
527 -> 377, -1, 0.25, 5, -0.5
527 -> 377, -3, 0.75, 3, -1.5
527 -> 377, -3, 0.75, 5, -1.5
527 -> 377, -1, 0.25, 3, -0.5
527 -> 377, -1, 0.25, 2, -0.5
527 -> 377, -3, 0.75, 5, -0.5
527 -> 377, -1, 0.25, 4, -0.5
527 -> 377, -1, 0.25, 1, -0.5
527 -> 377, -3, 0.75, 2, -1.5
527 -> 377, -3, 0.75, 1, -1.5
528 -> 377, -4, 1.75, 2, -0.5
528 -> 377, -3, 0.75, 4, -0.5
528 -> 377, -3, 0.75, 2, -0.5
528 -> 377, -4, 1.75, 3, -0.5
528 -> 377, -3, 0.75, 3, -0.5
532 -> 377, -4, 1.75, 1, -0.5
536 -> 377, -5, 1.25, 4, -2
536 -> 377, -5, 1.25, 3, -2
536 -> 377, -5, 1.25, 1, -2
536 -> 377, -5, 1.25, 2, -2
541 -> 377, -5, 1.25, 5, -2
547 -> 377, -3, 1.75, 4, -0.5
572 -> 377, -5, 0.75, 1, -1.5
572 -> 377, -5, 0.75, 2, -1.5
572 -> 377, -5, 0.75, 3, -1.5
573 -> 377, -5, 1.25, 5, -0.5
573 -> 377, -5, 1.25, 3, -0.5
573 -> 377, -5, 1.25, 4, -0.5
578 -> 377, -5, 0.75, 5, -1.5
578 -> 377, -5, 0.75, 4, -1.5
580 -> 377, -3, 0.25, 5, -1
580 -> 377, -3, 0.25, 4, -1
591 -> 377, -5, 1.75, 4, -0.5
591 -> 377, -5, 1.75, 5, -0.5
596 -> 377, -3, 0.25, 3, -1
596 -> 377, -3, 0.25, 2, -1
604 -> 377, -5, 1.75, 1, -0.5
821 -> 377, -5, 0.75, 4, -0.5
821 -> 377, -5, 0.75, 5, -0.5
821 -> 377, -5, 0.75, 3, -0.5
821 -> 377, -5, 0.75, 2, -0.5
821 -> 377, -5, 0.75, 1, -0.5
