331 -> 152, -4, 0.75, 5, -0.5
345 -> 152, -2, 1.75, 2, -0.5
348 -> 152, -5, 1.25, 2, -2
349 -> 152, -5, 1.75, 4, -1
350 -> 152, -4, 0.25, 1, -2
355 -> 152, -5, 1.75, 5, -2
362 -> 152, -5, 0.75, 1, -0.5
364 -> 152, -5, 1.25, 4, -2
364 -> 152, -5, 1.25, 3, -2
365 -> 152, -5, 1.75, 4, -2
367 -> 152, -4, 1.75, 1, -1.5
368 -> 152, -5, 1.75, 3, -2
368 -> 152, -5, 1.25, 1, -2
371 -> 152, -3, 1.75, 1, -1
372 -> 152, -5, 0.75, 5, -1.5
372 -> 152, -2, 1.25, 5, -0.5
373 -> 152, -2, 0.75, 1, -0.5
373 -> 152, -2, 0.75, 2, -0.5
373 -> 152, -1, 0.75, 3, -0.5
373 -> 152, -1, 1.25, 1, -1.5
373 -> 152, -1, 1.25, 2, -1.5
374 -> 152, -4, 0.75, 5, -2
375 -> 152, -5, 1.75, 3, -1.5
377 -> 152, -4, 0.25, 5, -2
377 -> 152, -5, 0.25, 1, -1.5
380 -> 152, -4, 1.75, 3, -1.5
380 -> 152, -5, 0.75, 2, -1.5
380 -> 152, -5, 0.75, 3, -1.5
380 -> 152, -5, 0.75, 4, -1.5
380 -> 152, -4, 0.25, 3, -2
380 -> 152, -4, 0.25, 4, -2
382 -> 152, -4, 0.75, 5, -1
383 -> 152, -4, 0.25, 1, -1
383 -> 152, -5, 0.75, 5, -1
383 -> 152, -4, 0.75, 1, -1.5
383 -> 152, -5, 1.75, 1, -2
384 -> 152, -5, 0.75, 4, -1
385 -> 152, -1, 1.75, 1, -1.5
385 -> 152, -2, 1.25, 1, -0.5
386 -> 152, -1, 1.75, 4, -1.5
386 -> 152, -5, 1.75, 1, -1
386 -> 152, -1, 1.75, 2, -2
387 -> 152, -1, 1.75, 3, -1.5
388 -> 152, -4, 0.25, 3, -1
388 -> 152, -4, 0.25, 2, -2
389 -> 152, -1, 1.25, 2, -0.5
389 -> 152, -2, 0.75, 5, -0.5
390 -> 152, -2, 1.75, 2, -1
391 -> 152, -4, 0.75, 2, -2
391 -> 152, -4, 0.75, 1, -2
392 -> 152, -3, 0.75, 1, -1
393 -> 152, -1, 1.25, 4, -2
393 -> 152, -4, 1.75, 4, -1
393 -> 152, -4, 1.75, 3, -1
393 -> 152, -5, 1.75, 1, -1.5
393 -> 152, -5, 1.75, 2, -1.5
394 -> 152, -5, 1.25, 2, -0.5
395 -> 152, -1, 1.25, 5, -0.5
395 -> 152, -5, 1.75, 2, -2
395 -> 152, -1, 1.75, 2, -1.5
395 -> 152, -2, 1.75, 3, -1
396 -> 152, -2, 1.75, 1, -0.5
397 -> 152, -4, 1.25, 5, -1.5
398 -> 152, -2, 0.75, 1, -1
398 -> 152, -4, 1.75, 2, -1.5
399 -> 152, -4, 0.75, 2, -1
399 -> 152, -1, 0.75, 1, -0.5
399 -> 152, -3, 1.25, 2, -0.5
399 -> 152, -4, 0.75, 4, -1
399 -> 152, -4, 0.75, 3, -1
400 -> 152, -4, 1.25, 2, -0.5
401 -> 152, -5, 0.25, 3, -0.5
401 -> 152, -3, 0.75, 2, -0.5
402 -> 152, -1, 1.25, 5, -2
403 -> 152, -5, 1.75, 2, -1
404 -> 152, -2, 1.25, 1, -1
405 -> 152, -5, 1.75, 3, -1
405 -> 152, -3, 1.75, 2, -1
405 -> 152, -5, 0.25, 4, -1
406 -> 152, -5, 0.75, 1, -1.5
407 -> 152, -3, 1.75, 2, -1.5
407 -> 152, -1, 1.75, 1, -2
408 -> 152, -2, 0.25, 4, -1
408 -> 152, -2, 0.25, 3, -1
408 -> 152, -2, 0.75, 4, -0.5
408 -> 152, -5, 0.75, 4, -2
408 -> 152, -4, 1.25, 1, -2
409 -> 152, -4, 0.75, 5, -1.5
409 -> 152, -4, 1.75, 5, -1
409 -> 152, -2, 0.25, 1, -0.5
409 -> 152, -4, 0.75, 3, -1.5
409 -> 152, -4, 0.75, 4, -1.5
409 -> 152, -2, 0.25, 5, -1
409 -> 152, -2, 1.75, 4, -1
410 -> 152, -2, 1.75, 5, -1
411 -> 152, -3, 1.75, 5, -1
411 -> 152, -3, 1.75, 4, -1
411 -> 152, -3, 1.75, 3, -1
412 -> 152, -5, 0.75, 5, -2
414 -> 152, -2, 1.75, 1, -1
414 -> 152, -5, 0.25, 5, -1.5
414 -> 152, -4, 0.75, 3, -2
414 -> 152, -4, 1.25, 3, -1
414 -> 152, -4, 0.75, 4, -2
414 -> 152, -5, 0.25, 4, -1.5
414 -> 152, -4, 0.25, 2, -0.5
414 -> 152, -5, 1.25, 5, -2
414 -> 152, -4, 1.25, 4, -1
415 -> 152, -1, 1.25, 4, -0.5
415 -> 152, -2, 1.25, 2, -0.5
416 -> 152, -5, 0.25, 2, -0.5
417 -> 152, -2, 1.75, 4, -0.5
417 -> 152, -2, 1.75, 3, -0.5
417 -> 152, -5, 1.25, 2, -1
417 -> 152, -5, 1.25, 3, -1
418 -> 152, -5, 0.25, 3, -1.5
418 -> 152, -5, 0.25, 2, -1.5
418 -> 152, -2, 0.25, 2, -1
418 -> 152, -2, 0.25, 1, -1
419 -> 152, -2, 1.25, 5, -2
419 -> 152, -3, 0.75, 2, -1
419 -> 152, -2, 1.25, 4, -2
419 -> 152, -1, 1.75, 1, -0.5
420 -> 152, -5, 1.75, 5, -1.5
420 -> 152, -5, 1.75, 4, -1.5
421 -> 152, -2, 0.25, 4, -0.5
421 -> 152, -2, 0.25, 2, -0.5
421 -> 152, -1, 1.25, 3, -2
422 -> 152, -4, 0.75, 2, -1.5
422 -> 152, -3, 1.75, 1, -1.5
422 -> 152, -1, 1.75, 3, -2
422 -> 152, -2, 0.25, 3, -0.5
422 -> 152, -3, 0.75, 1, -2
424 -> 152, -1, 1.25, 5, -1
424 -> 152, -5, 0.25, 5, -2
424 -> 152, -3, 0.75, 5, -1
424 -> 152, -3, 0.75, 4, -1
424 -> 152, -3, 0.75, 3, -1
425 -> 152, -4, 0.25, 1, -1.5
425 -> 152, -2, 1.25, 3, -2
425 -> 152, -2, 1.25, 1, -2
425 -> 152, -5, 0.25, 4, -2
425 -> 152, -2, 1.25, 2, -2
426 -> 152, -1, 1.25, 2, -2
426 -> 152, -2, 1.25, 4, -0.5
426 -> 152, -1, 1.25, 1, -0.5
426 -> 152, -1, 1.25, 1, -2
427 -> 152, -2, 1.25, 3, -0.5
428 -> 152, -5, 0.25, 3, -2
428 -> 152, -5, 0.25, 2, -2
428 -> 152, -5, 0.25, 1, -2
429 -> 152, -1, 0.75, 4, -2
430 -> 152, -2, 1.75, 4, -2
430 -> 152, -5, 0.25, 1, -1
430 -> 152, -2, 1.75, 3, -2
430 -> 152, -1, 1.75, 2, -0.5
430 -> 152, -2, 0.25, 1, -1.5
431 -> 152, -4, 1.75, 5, -2
431 -> 152, -1, 0.75, 5, -0.5
432 -> 152, -3, 0.25, 5, -1.5
432 -> 152, -1, 1.25, 4, -1
433 -> 152, -1, 1.25, 1, -1
433 -> 152, -1, 1.25, 2, -1
433 -> 152, -5, 1.75, 5, -1
433 -> 152, -1, 1.25, 3, -1.5
433 -> 152, -1, 1.25, 4, -1.5
434 -> 152, -1, 1.75, 4, -2
435 -> 152, -3, 1.25, 1, -0.5
435 -> 152, -2, 0.75, 1, -1.5
436 -> 152, -4, 0.25, 4, -0.5
436 -> 152, -5, 0.25, 3, -1
436 -> 152, -5, 0.25, 2, -1
436 -> 152, -4, 1.25, 2, -2
437 -> 152, -2, 0.75, 3, -1.5
438 -> 152, -1, 0.25, 4, -1.5
438 -> 152, -4, 1.75, 2, -1
438 -> 152, -1, 0.25, 5, -1.5
439 -> 152, -3, 1.75, 1, -2
439 -> 152, -2, 0.75, 3, -0.5
439 -> 152, -3, 1.75, 2, -2
439 -> 152, -4, 1.25, 1, -1.5
440 -> 152, -5, 0.75, 2, -2
440 -> 152, -1, 0.25, 1, -1
440 -> 152, -5, 0.75, 3, -2
440 -> 152, -5, 0.75, 1, -2
440 -> 152, -4, 1.75, 4, -1.5
440 -> 152, -1, 0.25, 3, -1.5
440 -> 152, -4, 1.75, 5, -1.5
440 -> 152, -1, 1.25, 3, -0.5
441 -> 152, -1, 1.75, 5, -1.5
441 -> 152, -2, 1.75, 2, -2
443 -> 152, -4, 1.25, 3, -1.5
443 -> 152, -4, 1.25, 4, -1.5
443 -> 152, -4, 1.25, 2, -1.5
443 -> 152, -2, 1.75, 1, -2
443 -> 152, -3, 0.75, 2, -2
444 -> 152, -2, 1.75, 5, -2
444 -> 152, -1, 0.75, 5, -1.5
444 -> 152, -1, 0.75, 4, -0.5
445 -> 152, -3, 0.25, 3, -1.5
445 -> 152, -3, 1.75, 4, -1.5
445 -> 152, -3, 1.75, 5, -1.5
445 -> 152, -3, 0.25, 4, -1.5
445 -> 152, -3, 0.25, 1, -1.5
445 -> 152, -3, 0.25, 2, -1.5
446 -> 152, -2, 0.25, 5, -0.5
446 -> 152, -3, 0.75, 1, -1.5
447 -> 152, -3, 1.25, 4, -1
447 -> 152, -3, 1.25, 5, -1
448 -> 152, -4, 1.75, 1, -2
448 -> 152, -4, 1.75, 3, -2
448 -> 152, -2, 1.25, 4, -1.5
448 -> 152, -2, 1.25, 3, -1.5
448 -> 152, -4, 1.75, 2, -2
448 -> 152, -2, 1.25, 5, -1.5
448 -> 152, -1, 0.75, 4, -1.5
449 -> 152, -4, 1.25, 5, -2
449 -> 152, -4, 1.25, 3, -2
449 -> 152, -4, 1.25, 4, -2
450 -> 152, -3, 0.25, 5, -1
450 -> 152, -3, 1.25, 1, -1.5
450 -> 152, -3, 0.25, 4, -1
450 -> 152, -3, 0.75, 3, -2
450 -> 152, -3, 1.25, 2, -1.5
451 -> 152, -5, 0.75, 3, -1
451 -> 152, -1, 0.25, 4, -2
453 -> 152, -5, 0.75, 2, -1
453 -> 152, -1, 1.75, 5, -2
454 -> 152, -1, 0.75, 4, -1
454 -> 152, -1, 0.75, 5, -1
454 -> 152, -3, 1.75, 5, -2
454 -> 152, -3, 1.75, 3, -2
454 -> 152, -1, 0.75, 1, -1
454 -> 152, -1, 1.75, 4, -0.5
454 -> 152, -3, 1.75, 4, -2
454 -> 152, -1, 0.75, 3, -1
454 -> 152, -1, 1.75, 3, -0.5
454 -> 152, -1, 0.75, 2, -1
454 -> 152, -4, 1.75, 4, -2
455 -> 152, -5, 1.25, 1, -1
455 -> 152, -1, 0.25, 5, -2
455 -> 152, -3, 1.25, 5, -2
455 -> 152, -3, 1.25, 1, -2
455 -> 152, -3, 1.25, 3, -2
455 -> 152, -3, 1.25, 4, -2
455 -> 152, -3, 1.25, 2, -2
456 -> 152, -4, 0.75, 2, -0.5
457 -> 152, -3, 0.75, 2, -1.5
457 -> 152, -2, 1.25, 2, -1
457 -> 152, -3, 0.75, 3, -1.5
457 -> 152, -3, 0.75, 4, -1.5
457 -> 152, -3, 0.75, 5, -1.5
458 -> 152, -2, 1.25, 3, -1
458 -> 152, -2, 1.75, 5, -0.5
459 -> 152, -1, 0.75, 2, -2
459 -> 152, -1, 0.75, 1, -2
460 -> 152, -5, 0.75, 5, -0.5
460 -> 152, -5, 0.75, 1, -1
460 -> 152, -2, 0.25, 4, -1.5
460 -> 152, -3, 0.25, 5, -2
460 -> 152, -1, 1.75, 5, -0.5
461 -> 152, -4, 1.75, 1, -1
461 -> 152, -4, 1.25, 4, -0.5
461 -> 152, -3, 0.75, 5, -2
461 -> 152, -1, 0.75, 3, -2
461 -> 152, -2, 1.25, 5, -1
461 -> 152, -3, 1.25, 2, -1
461 -> 152, -3, 0.75, 4, -2
461 -> 152, -3, 1.25, 1, -1
462 -> 152, -2, 0.75, 2, -2
462 -> 152, -1, 0.25, 4, -1
462 -> 152, -1, 0.25, 5, -1
462 -> 152, -2, 0.75, 3, -2
462 -> 152, -4, 1.25, 5, -1
462 -> 152, -2, 1.25, 4, -1
462 -> 152, -2, 0.75, 4, -2
463 -> 152, -2, 0.75, 5, -2
463 -> 152, -1, 1.25, 3, -1
464 -> 152, -1, 0.75, 2, -0.5
465 -> 152, -4, 1.25, 3, -0.5
465 -> 152, -2, 0.25, 2, -1.5
466 -> 152, -2, 0.75, 1, -2
466 -> 152, -3, 1.75, 5, -0.5
467 -> 152, -1, 0.75, 5, -2
468 -> 152, -4, 0.75, 4, -0.5
468 -> 152, -2, 1.25, 1, -1.5
468 -> 152, -3, 1.25, 3, -0.5
468 -> 152, -2, 1.25, 2, -1.5
468 -> 152, -1, 0.25, 2, -1
468 -> 152, -3, 1.25, 4, -0.5
469 -> 152, -1, 0.25, 3, -2
469 -> 152, -1, 0.25, 2, -2
469 -> 152, -1, 0.25, 1, -2
469 -> 152, -4, 0.25, 1, -0.5
469 -> 152, -1, 1.25, 5, -1.5
470 -> 152, -3, 0.25, 1, -2
473 -> 152, -3, 0.25, 2, -1
473 -> 152, -3, 0.25, 1, -1
473 -> 152, -1, 0.25, 3, -1
473 -> 152, -2, 0.25, 3, -1.5
473 -> 152, -3, 1.25, 3, -1.5
473 -> 152, -3, 1.25, 4, -1.5
473 -> 152, -3, 1.25, 5, -1.5
474 -> 152, -1, 1.75, 1, -1
474 -> 152, -1, 1.75, 2, -1
477 -> 152, -2, 0.75, 5, -1
478 -> 152, -2, 0.75, 2, -1
478 -> 152, -2, 0.75, 3, -1
478 -> 152, -1, 0.25, 1, -1.5
478 -> 152, -2, 0.75, 4, -1
479 -> 152, -2, 0.75, 2, -1.5
479 -> 152, -1, 0.25, 2, -1.5
480 -> 152, -3, 0.25, 3, -1
481 -> 152, -5, 1.25, 5, -1.5
481 -> 152, -5, 1.25, 4, -1.5
481 -> 152, -5, 1.25, 3, -1.5
481 -> 152, -5, 1.25, 2, -1.5
481 -> 152, -5, 1.25, 1, -1.5
482 -> 152, -4, 0.75, 3, -0.5
482 -> 152, -3, 0.25, 4, -2
483 -> 152, -4, 0.75, 1, -1
485 -> 152, -3, 0.25, 3, -2
485 -> 152, -3, 0.25, 2, -2
486 -> 152, -2, 0.25, 3, -2
486 -> 152, -3, 1.75, 3, -1.5
486 -> 152, -2, 0.25, 2, -2
486 -> 152, -2, 0.25, 1, -2
487 -> 152, -1, 0.75, 2, -1.5
487 -> 152, -1, 0.75, 3, -1.5
487 -> 152, -1, 0.75, 1, -1.5
488 -> 152, -3, 1.75, 4, -0.5
489 -> 152, -2, 0.25, 5, -2
491 -> 152, -4, 0.25, 5, -1
491 -> 152, -4, 0.25, 4, -1
495 -> 152, -4, 0.25, 3, -1.5
495 -> 152, -4, 0.25, 5, -1.5
495 -> 152, -4, 0.25, 2, -1.5
495 -> 152, -4, 0.25, 4, -1.5
498 -> 152, -2, 0.25, 4, -2
499 -> 152, -5, 0.25, 4, -0.5
499 -> 152, -1, 1.75, 4, -1
499 -> 152, -1, 1.75, 5, -1
500 -> 152, -5, 1.25, 5, -1
500 -> 152, -5, 1.25, 4, -1
502 -> 152, -4, 1.75, 1, -0.5
506 -> 152, -1, 0.25, 4, -0.5
506 -> 152, -1, 0.25, 5, -0.5
506 -> 152, -4, 1.25, 2, -1
506 -> 152, -4, 1.75, 5, -0.5
506 -> 152, -4, 1.75, 4, -0.5
506 -> 152, -4, 1.75, 3, -0.5
506 -> 152, -1, 0.25, 3, -0.5
507 -> 152, -1, 0.25, 2, -0.5
508 -> 152, -1, 1.75, 3, -1
510 -> 152, -3, 0.75, 4, -0.5
510 -> 152, -3, 0.75, 5, -0.5
510 -> 152, -3, 1.75, 2, -0.5
510 -> 152, -3, 1.75, 3, -0.5
510 -> 152, -4, 1.25, 1, -1
510 -> 152, -4, 1.25, 1, -0.5
510 -> 152, -3, 0.75, 3, -0.5
514 -> 152, -4, 0.25, 3, -0.5
516 -> 152, -4, 1.25, 5, -0.5
516 -> 152, -2, 0.25, 5, -1.5
517 -> 152, -2, 0.75, 4, -1.5
517 -> 152, -2, 0.75, 5, -1.5
520 -> 152, -4, 0.25, 2, -1
524 -> 152, -1, 0.25, 1, -0.5
524 -> 152, -3, 1.25, 5, -0.5
525 -> 152, -5, 0.75, 3, -0.5
525 -> 152, -5, 0.25, 5, -0.5
526 -> 152, -5, 1.75, 2, -0.5
528 -> 152, -5, 0.75, 2, -0.5
528 -> 152, -3, 1.75, 1, -0.5
531 -> 152, -3, 1.25, 3, -1
536 -> 152, -2, 1.75, 4, -1.5
536 -> 152, -2, 1.75, 5, -1.5
536 -> 152, -2, 1.75, 1, -1.5
538 -> 152, -2, 1.75, 2, -1.5
538 -> 152, -2, 1.75, 3, -1.5
538 -> 152, -5, 0.25, 5, -1
558 -> 152, -5, 0.25, 1, -0.5
563 -> 152, -3, 0.75, 1, -0.5
565 -> 152, -5, 1.25, 3, -0.5
565 -> 152, -5, 1.25, 4, -0.5
578 -> 152, -4, 1.75, 2, -0.5
587 -> 152, -5, 0.75, 4, -0.5
612 -> 152, -5, 1.25, 5, -0.5
627 -> 152, -5, 1.75, 3, -0.5
627 -> 152, -5, 1.75, 4, -0.5
629 -> 152, -5, 1.75, 1, -0.5
667 -> 152, -3, 0.25, 3, -0.5
667 -> 152, -3, 0.25, 4, -0.5
667 -> 152, -3, 0.25, 5, -0.5
667 -> 152, -3, 0.25, 2, -0.5
670 -> 152, -4, 0.75, 1, -0.5
679 -> 152, -3, 0.25, 1, -0.5
701 -> 152, -5, 1.25, 1, -0.5
753 -> 152, -5, 1.75, 5, -0.5
815 -> 152, -4, 0.25, 5, -0.5
