344 -> 317, -5, 0.75, 5, -0.5
372 -> 317, -5, 1.75, 4, -1.5
376 -> 317, -5, 0.75, 2, -0.5
382 -> 317, -2, 1.25, 5, -0.5
386 -> 317, -1, 1.75, 2, -0.5
387 -> 317, -1, 1.75, 5, -1
387 -> 317, -1, 1.75, 4, -0.5
390 -> 317, -3, 0.75, 2, -0.5
391 -> 317, -1, 1.75, 5, -0.5
392 -> 317, -5, 0.75, 1, -1
395 -> 317, -3, 1.75, 3, -2
395 -> 317, -2, 1.25, 2, -1.5
395 -> 317, -5, 0.75, 3, -0.5
395 -> 317, -3, 1.75, 4, -2
395 -> 317, -3, 1.75, 5, -2
397 -> 317, -1, 1.25, 2, -1
397 -> 317, -1, 1.25, 4, -1
399 -> 317, -3, 0.75, 5, -0.5
400 -> 317, -1, 1.75, 1, -0.5
400 -> 317, -4, 0.75, 5, -1
400 -> 317, -1, 0.75, 4, -0.5
400 -> 317, -1, 0.75, 5, -0.5
401 -> 317, -4, 1.75, 3, -1
401 -> 317, -1, 0.75, 2, -0.5
402 -> 317, -1, 1.75, 4, -1
403 -> 317, -2, 1.75, 5, -2
404 -> 317, -1, 1.25, 3, -2
404 -> 317, -3, 1.75, 5, -0.5
405 -> 317, -5, 1.25, 4, -0.5
405 -> 317, -2, 1.75, 4, -2
405 -> 317, -3, 1.75, 3, -0.5
406 -> 317, -3, 1.25, 2, -1
406 -> 317, -1, 1.75, 3, -0.5
406 -> 317, -3, 1.25, 3, -1
407 -> 317, -1, 1.75, 3, -1
408 -> 317, -2, 0.75, 5, -1
408 -> 317, -2, 0.75, 4, -1
409 -> 317, -3, 0.75, 3, -0.5
409 -> 317, -4, 0.75, 4, -1.5
409 -> 317, -4, 0.75, 5, -1.5
409 -> 317, -1, 1.25, 1, -1
410 -> 317, -2, 1.25, 5, -1.5
410 -> 317, -5, 0.75, 4, -0.5
410 -> 317, -2, 1.25, 4, -1.5
412 -> 317, -4, 1.25, 1, -1.5
413 -> 317, -3, 1.75, 4, -0.5
413 -> 317, -2, 0.75, 5, -1.5
414 -> 317, -1, 1.25, 1, -0.5
415 -> 317, -5, 1.75, 1, -1
415 -> 317, -1, 1.25, 4, -2
415 -> 317, -5, 0.75, 2, -1
415 -> 317, -3, 0.75, 1, -0.5
416 -> 317, -1, 0.75, 1, -1
416 -> 317, -1, 1.25, 5, -1
417 -> 317, -2, 1.75, 5, -1.5
418 -> 317, -2, 0.75, 3, -0.5
418 -> 317, -4, 0.75, 4, -1
419 -> 317, -1, 1.25, 3, -1
421 -> 317, -2, 1.25, 3, -1.5
422 -> 317, -1, 1.25, 2, -0.5
422 -> 317, -5, 1.25, 1, -1
423 -> 317, -2, 1.75, 5, -0.5
424 -> 317, -5, 0.25, 3, -1
425 -> 317, -1, 0.75, 2, -1
425 -> 317, -1, 1.75, 1, -1
425 -> 317, -5, 1.25, 1, -2
427 -> 317, -5, 1.25, 4, -1
427 -> 317, -5, 1.25, 3, -1
429 -> 317, -2, 0.75, 5, -0.5
429 -> 317, -2, 0.75, 4, -0.5
429 -> 317, -3, 1.25, 5, -0.5
430 -> 317, -1, 1.75, 5, -2
430 -> 317, -1, 1.75, 4, -2
431 -> 317, -5, 1.75, 3, -1.5
431 -> 317, -2, 1.25, 2, -0.5
431 -> 317, -1, 1.25, 2, -2
431 -> 317, -2, 1.75, 3, -1.5
432 -> 317, -2, 1.75, 2, -1.5
432 -> 317, -2, 1.75, 4, -1.5
432 -> 317, -2, 0.75, 1, -0.5
432 -> 317, -1, 1.75, 3, -2
433 -> 317, -2, 1.25, 1, -0.5
433 -> 317, -3, 1.25, 1, -0.5
433 -> 317, -1, 1.75, 2, -1
433 -> 317, -2, 1.75, 1, -2
433 -> 317, -1, 0.75, 4, -2
433 -> 317, -1, 0.75, 3, -2
434 -> 317, -4, 0.75, 3, -2
434 -> 317, -4, 1.25, 5, -1.5
434 -> 317, -1, 0.75, 3, -0.5
434 -> 317, -2, 1.75, 1, -1.5
434 -> 317, -3, 1.75, 2, -1
435 -> 317, -3, 0.25, 1, -0.5
435 -> 317, -5, 1.25, 2, -1
435 -> 317, -3, 1.75, 1, -2
435 -> 317, -3, 1.75, 2, -2
436 -> 317, -5, 1.25, 5, -2
436 -> 317, -1, 1.25, 1, -2
436 -> 317, -5, 1.25, 2, -2
436 -> 317, -1, 0.75, 4, -1
436 -> 317, -5, 1.25, 4, -2
436 -> 317, -3, 0.75, 4, -0.5
436 -> 317, -3, 0.75, 1, -1
436 -> 317, -5, 1.25, 3, -2
436 -> 317, -4, 0.75, 1, -1
437 -> 317, -3, 1.75, 3, -1
438 -> 317, -2, 1.75, 2, -0.5
438 -> 317, -2, 1.75, 1, -0.5
439 -> 317, -5, 1.25, 5, -0.5
439 -> 317, -4, 0.75, 3, -1.5
440 -> 317, -1, 0.75, 3, -1
440 -> 317, -3, 0.75, 4, -1
440 -> 317, -3, 0.75, 3, -1
440 -> 317, -3, 0.75, 2, -1
440 -> 317, -1, 0.75, 1, -0.5
442 -> 317, -3, 1.75, 2, -1.5
442 -> 317, -1, 0.75, 5, -1
442 -> 317, -2, 1.75, 4, -0.5
442 -> 317, -2, 0.75, 2, -0.5
443 -> 317, -2, 0.25, 3, -0.5
443 -> 317, -2, 1.75, 5, -1
443 -> 317, -2, 0.25, 4, -0.5
444 -> 317, -2, 1.75, 4, -1
444 -> 317, -1, 0.25, 2, -1
444 -> 317, -2, 1.25, 4, -0.5
444 -> 317, -3, 0.75, 5, -1
444 -> 317, -3, 1.25, 4, -1
445 -> 317, -2, 1.25, 3, -0.5
445 -> 317, -4, 1.75, 4, -1
445 -> 317, -5, 0.25, 2, -1
445 -> 317, -4, 1.75, 5, -1
446 -> 317, -5, 0.25, 5, -1
446 -> 317, -4, 0.75, 2, -1.5
446 -> 317, -1, 0.75, 1, -1.5
446 -> 317, -5, 0.25, 4, -1
447 -> 317, -1, 1.75, 4, -1.5
447 -> 317, -1, 1.75, 5, -1.5
448 -> 317, -2, 1.75, 3, -1
448 -> 317, -1, 1.25, 5, -0.5
449 -> 317, -5, 0.25, 1, -1.5
449 -> 317, -1, 1.25, 4, -0.5
449 -> 317, -2, 1.25, 1, -1
450 -> 317, -4, 0.25, 1, -1
450 -> 317, -4, 0.75, 5, -2
450 -> 317, -4, 0.25, 2, -1
450 -> 317, -1, 1.75, 2, -1.5
450 -> 317, -4, 0.75, 4, -2
451 -> 317, -2, 1.75, 3, -0.5
452 -> 317, -2, 0.75, 4, -2
452 -> 317, -1, 1.25, 3, -0.5
453 -> 317, -3, 1.75, 4, -1
454 -> 317, -3, 1.25, 2, -2
454 -> 317, -3, 1.75, 1, -1.5
454 -> 317, -2, 1.25, 3, -2
454 -> 317, -3, 1.25, 1, -2
454 -> 317, -2, 1.25, 4, -2
454 -> 317, -3, 1.25, 3, -2
454 -> 317, -2, 1.25, 5, -2
454 -> 317, -5, 0.75, 2, -1.5
455 -> 317, -4, 1.75, 2, -2
455 -> 317, -4, 1.75, 2, -1
455 -> 317, -3, 0.75, 2, -2
455 -> 317, -2, 1.25, 1, -2
455 -> 317, -4, 1.75, 1, -1
455 -> 317, -2, 1.25, 5, -1
455 -> 317, -5, 0.25, 4, -1.5
455 -> 317, -2, 1.25, 2, -2
455 -> 317, -5, 0.25, 5, -1.5
455 -> 317, -5, 0.25, 3, -1.5
456 -> 317, -2, 0.75, 3, -2
456 -> 317, -3, 1.25, 1, -1.5
456 -> 317, -2, 0.75, 2, -2
456 -> 317, -2, 1.75, 2, -1
456 -> 317, -2, 1.75, 1, -1
456 -> 317, -3, 1.25, 2, -1.5
457 -> 317, -3, 0.75, 4, -2
457 -> 317, -3, 0.75, 3, -2
457 -> 317, -3, 0.75, 5, -2
457 -> 317, -1, 0.25, 5, -0.5
457 -> 317, -2, 0.75, 4, -1.5
457 -> 317, -1, 1.75, 3, -1.5
457 -> 317, -2, 0.75, 3, -1.5
459 -> 317, -5, 1.75, 4, -1
459 -> 317, -5, 1.75, 5, -1
459 -> 317, -2, 0.25, 2, -0.5
459 -> 317, -5, 1.75, 3, -1
459 -> 317, -3, 1.75, 1, -1
459 -> 317, -5, 1.75, 2, -1
460 -> 317, -3, 0.75, 1, -2
460 -> 317, -1, 0.25, 2, -0.5
460 -> 317, -1, 1.75, 1, -1.5
460 -> 317, -1, 0.25, 3, -0.5
460 -> 317, -1, 0.25, 4, -0.5
461 -> 317, -5, 0.75, 1, -2
461 -> 317, -1, 1.25, 3, -1.5
461 -> 317, -1, 1.25, 2, -1.5
461 -> 317, -1, 1.25, 5, -1.5
461 -> 317, -1, 1.25, 4, -1.5
461 -> 317, -5, 0.75, 1, -1.5
461 -> 317, -2, 0.25, 5, -1.5
461 -> 317, -2, 0.75, 1, -2
462 -> 317, -3, 1.25, 4, -2
462 -> 317, -2, 0.75, 3, -1
462 -> 317, -4, 0.75, 3, -1
462 -> 317, -3, 1.25, 5, -2
462 -> 317, -4, 1.25, 1, -1
462 -> 317, -4, 1.75, 4, -1.5
462 -> 317, -2, 1.25, 4, -1
462 -> 317, -2, 1.75, 2, -2
462 -> 317, -4, 1.75, 3, -1.5
462 -> 317, -2, 1.75, 3, -2
462 -> 317, -4, 0.75, 2, -1
462 -> 317, -4, 1.75, 2, -1.5
462 -> 317, -4, 1.75, 5, -1.5
462 -> 317, -4, 1.75, 1, -1.5
463 -> 317, -1, 0.25, 1, -2
463 -> 317, -1, 0.25, 5, -2
463 -> 317, -1, 0.25, 2, -2
463 -> 317, -1, 0.25, 3, -2
463 -> 317, -3, 0.25, 2, -0.5
463 -> 317, -2, 0.75, 5, -2
463 -> 317, -1, 0.25, 4, -2
466 -> 317, -3, 1.75, 1, -0.5
466 -> 317, -5, 1.75, 5, -1.5
468 -> 317, -2, 0.25, 5, -0.5
468 -> 317, -1, 0.25, 5, -1.5
468 -> 317, -1, 0.25, 4, -1.5
469 -> 317, -3, 1.25, 1, -1
469 -> 317, -3, 0.75, 5, -1.5
469 -> 317, -3, 0.75, 4, -1.5
469 -> 317, -1, 1.25, 5, -2
470 -> 317, -1, 1.75, 2, -2
470 -> 317, -4, 1.25, 2, -1
470 -> 317, -4, 0.25, 4, -1.5
471 -> 317, -2, 1.25, 2, -1
473 -> 317, -5, 0.75, 1, -0.5
474 -> 317, -1, 1.25, 1, -1.5
474 -> 317, -5, 1.25, 5, -1.5
476 -> 317, -3, 1.75, 5, -1
477 -> 317, -5, 0.25, 2, -1.5
477 -> 317, -4, 1.25, 5, -1
477 -> 317, -5, 0.75, 3, -1.5
477 -> 317, -4, 1.25, 3, -1
477 -> 317, -4, 1.25, 4, -1
477 -> 317, -5, 0.75, 4, -1.5
477 -> 317, -2, 0.75, 1, -1
477 -> 317, -3, 0.75, 1, -1.5
477 -> 317, -3, 0.75, 2, -1.5
477 -> 317, -2, 0.75, 2, -1
477 -> 317, -3, 0.75, 3, -1.5
477 -> 317, -5, 1.25, 2, -0.5
477 -> 317, -5, 0.75, 5, -1.5
478 -> 317, -4, 1.75, 1, -2
478 -> 317, -1, 0.25, 2, -1.5
478 -> 317, -1, 0.25, 3, -1.5
478 -> 317, -2, 0.75, 2, -1.5
478 -> 317, -2, 0.75, 1, -1.5
479 -> 317, -2, 0.25, 4, -1.5
479 -> 317, -3, 1.25, 5, -1.5
479 -> 317, -4, 0.25, 1, -2
479 -> 317, -4, 0.25, 4, -2
479 -> 317, -4, 0.25, 3, -2
479 -> 317, -4, 0.25, 2, -2
479 -> 317, -4, 0.25, 5, -2
480 -> 317, -3, 1.25, 4, -0.5
480 -> 317, -3, 1.25, 3, -0.5
480 -> 317, -5, 1.75, 2, -1.5
480 -> 317, -3, 1.25, 2, -0.5
481 -> 317, -3, 1.25, 5, -1
482 -> 317, -5, 1.75, 1, -1.5
483 -> 317, -3, 0.25, 3, -0.5
483 -> 317, -3, 0.25, 5, -0.5
483 -> 317, -3, 0.25, 4, -0.5
484 -> 317, -3, 0.25, 2, -2
484 -> 317, -3, 0.25, 3, -2
484 -> 317, -1, 0.75, 1, -2
484 -> 317, -3, 0.25, 1, -2
484 -> 317, -1, 1.75, 1, -2
484 -> 317, -3, 0.25, 4, -2
484 -> 317, -3, 0.25, 5, -2
484 -> 317, -3, 1.75, 2, -0.5
485 -> 317, -2, 1.25, 1, -1.5
486 -> 317, -3, 0.25, 4, -1.5
486 -> 317, -3, 0.25, 3, -1.5
486 -> 317, -3, 1.75, 3, -1.5
486 -> 317, -4, 0.25, 3, -1
486 -> 317, -3, 0.25, 5, -1.5
486 -> 317, -3, 1.75, 5, -1.5
486 -> 317, -3, 1.75, 4, -1.5
488 -> 317, -4, 0.75, 1, -1.5
488 -> 317, -4, 0.25, 3, -0.5
490 -> 317, -2, 0.25, 1, -1.5
490 -> 317, -3, 1.25, 3, -1.5
490 -> 317, -3, 1.25, 4, -1.5
491 -> 317, -1, 0.25, 1, -1
491 -> 317, -1, 0.25, 4, -1
491 -> 317, -1, 0.25, 5, -1
491 -> 317, -1, 0.75, 5, -1.5
492 -> 317, -2, 1.25, 3, -1
492 -> 317, -4, 1.75, 5, -2
492 -> 317, -5, 0.75, 4, -2
492 -> 317, -4, 1.75, 3, -2
492 -> 317, -5, 0.75, 3, -2
492 -> 317, -5, 0.75, 2, -2
492 -> 317, -4, 1.75, 4, -2
492 -> 317, -5, 0.75, 5, -2
493 -> 317, -4, 0.75, 4, -0.5
493 -> 317, -4, 0.25, 5, -0.5
493 -> 317, -4, 0.25, 4, -0.5
493 -> 317, -4, 0.75, 5, -0.5
494 -> 317, -5, 0.25, 1, -1
494 -> 317, -5, 1.25, 1, -1.5
494 -> 317, -5, 1.25, 4, -1.5
494 -> 317, -5, 1.25, 2, -1.5
494 -> 317, -5, 1.25, 3, -1.5
495 -> 317, -1, 0.25, 1, -0.5
495 -> 317, -1, 0.75, 2, -2
496 -> 317, -4, 0.75, 3, -0.5
496 -> 317, -4, 0.75, 2, -0.5
496 -> 317, -2, 0.25, 1, -0.5
496 -> 317, -4, 0.75, 1, -0.5
497 -> 317, -4, 0.25, 1, -1.5
498 -> 317, -4, 1.25, 2, -1.5
498 -> 317, -4, 1.25, 3, -1.5
500 -> 317, -4, 1.25, 4, -1.5
500 -> 317, -3, 0.25, 2, -1.5
500 -> 317, -1, 0.25, 3, -1
501 -> 317, -4, 0.75, 2, -2
501 -> 317, -4, 0.75, 1, -2
503 -> 317, -4, 0.25, 2, -1.5
503 -> 317, -4, 0.25, 3, -1.5
505 -> 317, -3, 0.25, 1, -1
505 -> 317, -3, 0.25, 2, -1
506 -> 317, -2, 0.25, 4, -2
506 -> 317, -2, 0.25, 3, -2
506 -> 317, -2, 0.25, 2, -2
506 -> 317, -2, 0.25, 5, -2
506 -> 317, -2, 0.25, 1, -2
507 -> 317, -1, 0.75, 5, -2
510 -> 317, -5, 0.75, 4, -1
510 -> 317, -5, 0.75, 3, -1
510 -> 317, -5, 0.75, 5, -1
511 -> 317, -4, 1.75, 4, -0.5
511 -> 317, -4, 1.75, 5, -0.5
511 -> 317, -4, 1.75, 3, -0.5
511 -> 317, -4, 1.75, 2, -0.5
511 -> 317, -4, 1.75, 1, -0.5
512 -> 317, -1, 0.75, 2, -1.5
512 -> 317, -1, 0.75, 3, -1.5
512 -> 317, -1, 0.75, 4, -1.5
513 -> 317, -4, 0.25, 2, -0.5
514 -> 317, -2, 0.25, 4, -1
514 -> 317, -2, 0.25, 3, -1
514 -> 317, -2, 0.25, 2, -1
514 -> 317, -2, 0.25, 1, -1
514 -> 317, -4, 1.25, 3, -0.5
514 -> 317, -4, 1.25, 2, -0.5
514 -> 317, -4, 1.25, 1, -0.5
514 -> 317, -2, 0.25, 5, -1
518 -> 317, -5, 1.75, 2, -2
518 -> 317, -5, 1.75, 1, -2
518 -> 317, -5, 1.75, 3, -2
518 -> 317, -5, 1.75, 4, -2
518 -> 317, -5, 1.75, 5, -2
518 -> 317, -3, 0.25, 3, -1
518 -> 317, -5, 1.25, 1, -0.5
519 -> 317, -5, 0.25, 3, -2
519 -> 317, -5, 0.25, 2, -2
519 -> 317, -5, 0.25, 5, -2
519 -> 317, -5, 0.25, 1, -2
519 -> 317, -5, 0.25, 4, -2
523 -> 317, -1, 0.25, 1, -1.5
524 -> 317, -2, 0.25, 3, -1.5
524 -> 317, -5, 1.25, 3, -0.5
524 -> 317, -2, 0.25, 2, -1.5
525 -> 317, -4, 1.25, 5, -2
525 -> 317, -4, 1.25, 2, -2
525 -> 317, -4, 1.25, 1, -2
525 -> 317, -4, 1.25, 4, -2
525 -> 317, -4, 1.25, 3, -2
526 -> 317, -4, 1.25, 4, -0.5
526 -> 317, -4, 1.25, 5, -0.5
531 -> 317, -3, 0.25, 1, -1.5
536 -> 317, -4, 0.25, 1, -0.5
540 -> 317, -4, 0.25, 5, -1.5
546 -> 317, -3, 0.25, 5, -1
546 -> 317, -3, 0.25, 4, -1
549 -> 317, -4, 0.25, 4, -1
549 -> 317, -4, 0.25, 5, -1
591 -> 317, -5, 1.75, 2, -0.5
591 -> 317, -5, 1.75, 1, -0.5
591 -> 317, -5, 1.75, 3, -0.5
591 -> 317, -5, 1.75, 4, -0.5
591 -> 317, -5, 1.75, 5, -0.5
629 -> 317, -5, 1.25, 5, -1
759 -> 317, -5, 0.25, 4, -0.5
759 -> 317, -5, 0.25, 5, -0.5
778 -> 317, -5, 0.25, 2, -0.5
778 -> 317, -5, 0.25, 1, -0.5
778 -> 317, -5, 0.25, 3, -0.5
