340 -> 173, -4, 1.25, 4, -2
346 -> 173, -4, 1.25, 5, -2
354 -> 173, -4, 1.25, 3, -2
365 -> 173, -4, 1.25, 2, -1.5
370 -> 173, -5, 1.25, 1, -2
375 -> 173, -5, 1.25, 5, -2
375 -> 173, -5, 1.25, 1, -1.5
379 -> 173, -2, 1.75, 3, -2
379 -> 173, -5, 1.25, 2, -1.5
379 -> 173, -1, 1.75, 3, -0.5
380 -> 173, -5, 1.25, 3, -2
380 -> 173, -5, 1.25, 4, -2
380 -> 173, -5, 1.25, 2, -2
381 -> 173, -4, 0.25, 3, -1
381 -> 173, -4, 0.25, 2, -1
381 -> 173, -4, 1.25, 1, -2
381 -> 173, -4, 1.25, 2, -2
381 -> 173, -5, 1.25, 5, -1.5
382 -> 173, -3, 1.25, 4, -1.5
385 -> 173, -3, 0.75, 3, -2
386 -> 173, -1, 1.75, 3, -1.5
387 -> 173, -1, 1.25, 2, -0.5
387 -> 173, -2, 1.25, 4, -1
389 -> 173, -1, 0.75, 1, -0.5
389 -> 173, -2, 1.75, 3, -1.5
390 -> 173, -2, 1.25, 5, -1
394 -> 173, -3, 0.75, 2, -2
395 -> 173, -3, 1.25, 2, -1.5
396 -> 173, -2, 1.25, 3, -1.5
396 -> 173, -3, 0.25, 5, -1.5
396 -> 173, -4, 1.75, 5, -2
397 -> 173, -4, 0.25, 5, -1.5
397 -> 173, -5, 0.75, 5, -2
397 -> 173, -5, 0.75, 4, -2
400 -> 173, -2, 1.25, 4, -0.5
400 -> 173, -4, 1.75, 1, -2
400 -> 173, -4, 1.75, 2, -2
400 -> 173, -4, 1.75, 3, -2
400 -> 173, -3, 0.25, 1, -2
401 -> 173, -1, 1.75, 1, -1
401 -> 173, -2, 1.25, 1, -2
401 -> 173, -1, 1.25, 4, -0.5
401 -> 173, -3, 0.75, 5, -2
401 -> 173, -4, 0.75, 3, -2
402 -> 173, -5, 1.25, 3, -1.5
402 -> 173, -1, 1.25, 3, -1.5
402 -> 173, -1, 1.25, 4, -1.5
404 -> 173, -3, 1.75, 3, -2
404 -> 173, -4, 1.75, 4, -2
404 -> 173, -5, 0.25, 2, -2
404 -> 173, -5, 0.25, 5, -2
404 -> 173, -5, 0.25, 3, -2
404 -> 173, -5, 0.25, 4, -2
405 -> 173, -1, 1.75, 4, -2
405 -> 173, -5, 1.25, 3, -0.5
405 -> 173, -1, 1.25, 5, -0.5
406 -> 173, -1, 1.75, 5, -2
407 -> 173, -3, 1.75, 1, -2
407 -> 173, -1, 1.75, 2, -0.5
407 -> 173, -2, 1.75, 3, -0.5
407 -> 173, -4, 0.75, 4, -1
407 -> 173, -3, 1.75, 2, -2
408 -> 173, -3, 1.75, 3, -1.5
409 -> 173, -3, 1.75, 1, -1.5
409 -> 173, -4, 0.25, 4, -1.5
409 -> 173, -2, 1.25, 1, -1.5
409 -> 173, -3, 1.75, 2, -1.5
409 -> 173, -4, 0.25, 4, -1
410 -> 173, -5, 0.25, 4, -1.5
410 -> 173, -5, 1.75, 5, -2
411 -> 173, -4, 0.25, 1, -1
412 -> 173, -1, 1.75, 2, -2
412 -> 173, -1, 1.25, 3, -0.5
412 -> 173, -2, 1.25, 2, -1.5
413 -> 173, -4, 0.25, 4, -2
413 -> 173, -4, 0.25, 5, -1
413 -> 173, -4, 0.25, 5, -2
413 -> 173, -4, 0.25, 3, -2
413 -> 173, -4, 0.25, 2, -2
413 -> 173, -1, 1.75, 3, -2
414 -> 173, -3, 0.75, 1, -2
415 -> 173, -1, 1.25, 2, -1.5
415 -> 173, -1, 1.75, 4, -0.5
415 -> 173, -5, 1.75, 4, -2
415 -> 173, -1, 1.75, 5, -0.5
415 -> 173, -5, 0.75, 1, -2
415 -> 173, -1, 1.25, 1, -1.5
416 -> 173, -2, 1.75, 4, -1.5
416 -> 173, -3, 1.75, 4, -2
416 -> 173, -3, 0.75, 5, -1
416 -> 173, -3, 1.75, 5, -1
416 -> 173, -3, 1.25, 2, -2
416 -> 173, -2, 1.75, 2, -0.5
416 -> 173, -2, 1.75, 5, -1.5
417 -> 173, -1, 1.75, 1, -0.5
419 -> 173, -4, 0.75, 2, -1.5
419 -> 173, -5, 0.25, 5, -1
419 -> 173, -4, 0.75, 1, -1.5
419 -> 173, -5, 0.25, 3, -1.5
419 -> 173, -5, 0.25, 2, -1.5
420 -> 173, -1, 0.25, 1, -1.5
420 -> 173, -2, 1.25, 2, -2
421 -> 173, -2, 0.25, 1, -1
421 -> 173, -5, 1.25, 4, -1.5
421 -> 173, -2, 1.75, 3, -1
421 -> 173, -2, 0.25, 2, -1
421 -> 173, -5, 1.75, 1, -2
421 -> 173, -2, 1.25, 4, -1.5
421 -> 173, -5, 1.75, 2, -2
421 -> 173, -3, 1.25, 5, -1.5
421 -> 173, -2, 1.25, 5, -1.5
422 -> 173, -4, 1.25, 5, -1.5
422 -> 173, -4, 1.25, 4, -1.5
422 -> 173, -4, 0.75, 5, -0.5
422 -> 173, -2, 1.75, 5, -0.5
422 -> 173, -4, 0.75, 4, -0.5
422 -> 173, -4, 1.75, 5, -1
423 -> 173, -4, 0.25, 1, -2
423 -> 173, -5, 1.75, 3, -2
423 -> 173, -1, 1.25, 4, -2
423 -> 173, -4, 0.75, 3, -0.5
423 -> 173, -5, 0.25, 1, -1
423 -> 173, -5, 1.25, 5, -0.5
423 -> 173, -4, 0.75, 1, -0.5
423 -> 173, -5, 1.25, 4, -0.5
423 -> 173, -3, 1.25, 4, -2
423 -> 173, -4, 0.75, 2, -0.5
423 -> 173, -1, 1.25, 5, -2
424 -> 173, -1, 1.75, 2, -1.5
424 -> 173, -2, 1.75, 1, -2
424 -> 173, -5, 0.75, 1, -1
424 -> 173, -1, 1.75, 1, -1.5
425 -> 173, -4, 0.75, 5, -2
425 -> 173, -2, 1.25, 3, -1
425 -> 173, -2, 0.25, 1, -1.5
425 -> 173, -3, 1.25, 3, -1.5
427 -> 173, -2, 1.75, 2, -2
428 -> 173, -4, 1.75, 2, -1
429 -> 173, -2, 0.25, 5, -2
429 -> 173, -2, 1.25, 3, -2
429 -> 173, -2, 1.25, 4, -2
430 -> 173, -3, 0.75, 2, -1
430 -> 173, -5, 0.25, 1, -2
430 -> 173, -3, 0.75, 1, -1
430 -> 173, -2, 0.75, 3, -1.5
430 -> 173, -2, 0.75, 4, -1.5
430 -> 173, -2, 0.75, 5, -1.5
431 -> 173, -4, 0.75, 2, -2
431 -> 173, -4, 0.75, 1, -2
431 -> 173, -3, 0.25, 3, -2
431 -> 173, -3, 1.75, 5, -2
431 -> 173, -4, 0.25, 1, -1.5
431 -> 173, -4, 0.25, 2, -1.5
431 -> 173, -4, 1.25, 3, -1.5
431 -> 173, -1, 0.25, 2, -1.5
432 -> 173, -2, 1.75, 1, -0.5
432 -> 173, -5, 0.25, 2, -1
433 -> 173, -1, 0.75, 1, -2
433 -> 173, -1, 1.25, 2, -1
434 -> 173, -1, 0.75, 5, -0.5
434 -> 173, -2, 1.25, 5, -2
434 -> 173, -2, 1.25, 2, -0.5
434 -> 173, -2, 1.25, 1, -0.5
435 -> 173, -2, 1.75, 4, -1
435 -> 173, -2, 0.75, 4, -2
435 -> 173, -5, 0.75, 2, -0.5
435 -> 173, -5, 0.75, 3, -0.5
435 -> 173, -2, 0.75, 5, -2
435 -> 173, -4, 1.75, 4, -1
435 -> 173, -5, 0.75, 5, -0.5
435 -> 173, -2, 1.75, 5, -1
435 -> 173, -5, 0.75, 4, -0.5
436 -> 173, -2, 0.25, 3, -1.5
436 -> 173, -2, 1.75, 1, -1.5
436 -> 173, -2, 0.25, 4, -1.5
436 -> 173, -5, 0.75, 1, -0.5
436 -> 173, -2, 0.25, 2, -1.5
436 -> 173, -2, 1.75, 2, -1.5
436 -> 173, -2, 0.25, 5, -1.5
437 -> 173, -4, 1.75, 1, -1
437 -> 173, -1, 0.75, 2, -0.5
437 -> 173, -1, 0.75, 1, -1.5
437 -> 173, -5, 0.25, 4, -0.5
437 -> 173, -5, 0.25, 3, -0.5
438 -> 173, -3, 1.25, 1, -2
438 -> 173, -2, 0.75, 2, -2
438 -> 173, -2, 0.75, 3, -2
438 -> 173, -3, 0.25, 4, -1
438 -> 173, -2, 0.75, 1, -2
438 -> 173, -2, 1.75, 5, -2
438 -> 173, -3, 0.25, 3, -1
439 -> 173, -3, 1.75, 5, -1.5
439 -> 173, -2, 1.75, 2, -1
441 -> 173, -3, 0.25, 5, -1
441 -> 173, -3, 0.25, 4, -1.5
441 -> 173, -3, 1.75, 4, -1
441 -> 173, -3, 1.75, 3, -1
442 -> 173, -2, 0.75, 5, -0.5
442 -> 173, -3, 1.25, 5, -2
444 -> 173, -3, 0.25, 2, -2
444 -> 173, -4, 1.25, 1, -1.5
444 -> 173, -4, 0.75, 4, -2
445 -> 173, -3, 1.75, 1, -1
446 -> 173, -1, 0.75, 5, -2
446 -> 173, -1, 0.25, 1, -0.5
446 -> 173, -3, 0.75, 4, -1
446 -> 173, -3, 0.75, 3, -1
446 -> 173, -1, 1.75, 5, -1.5
446 -> 173, -2, 0.25, 2, -0.5
448 -> 173, -1, 0.25, 2, -0.5
448 -> 173, -5, 0.75, 4, -1
448 -> 173, -5, 0.75, 3, -1
448 -> 173, -3, 0.75, 4, -2
448 -> 173, -5, 0.75, 2, -1
448 -> 173, -2, 0.25, 4, -2
448 -> 173, -2, 1.75, 4, -2
448 -> 173, -3, 1.25, 1, -1.5
448 -> 173, -1, 1.75, 1, -2
449 -> 173, -3, 0.25, 5, -2
449 -> 173, -5, 0.25, 4, -1
449 -> 173, -1, 1.25, 2, -2
449 -> 173, -5, 0.25, 3, -1
449 -> 173, -4, 0.25, 5, -0.5
449 -> 173, -4, 0.25, 4, -0.5
449 -> 173, -1, 1.25, 1, -2
450 -> 173, -1, 1.75, 2, -1
450 -> 173, -4, 0.25, 3, -1.5
450 -> 173, -4, 1.75, 3, -1
451 -> 173, -1, 0.25, 2, -2
451 -> 173, -3, 0.25, 2, -1
451 -> 173, -3, 0.25, 2, -1.5
451 -> 173, -3, 0.25, 1, -1
451 -> 173, -3, 0.25, 3, -1.5
451 -> 173, -1, 0.25, 4, -2
451 -> 173, -1, 0.25, 5, -2
451 -> 173, -1, 0.25, 1, -2
451 -> 173, -3, 0.25, 1, -1.5
451 -> 173, -1, 1.25, 3, -2
451 -> 173, -2, 1.75, 4, -0.5
451 -> 173, -3, 1.75, 2, -1
451 -> 173, -1, 0.25, 3, -2
452 -> 173, -1, 0.25, 2, -1
452 -> 173, -1, 0.25, 1, -1
452 -> 173, -1, 0.75, 3, -0.5
453 -> 173, -3, 1.25, 5, -0.5
453 -> 173, -2, 0.25, 2, -2
453 -> 173, -5, 0.25, 2, -0.5
453 -> 173, -2, 1.25, 2, -1
454 -> 173, -2, 0.25, 1, -2
454 -> 173, -5, 0.25, 1, -1.5
454 -> 173, -2, 1.25, 1, -1
455 -> 173, -1, 1.25, 5, -1
455 -> 173, -1, 1.25, 3, -1
455 -> 173, -5, 0.75, 2, -2
455 -> 173, -5, 0.75, 3, -2
455 -> 173, -1, 1.25, 4, -1
456 -> 173, -1, 0.75, 4, -1.5
456 -> 173, -5, 1.25, 2, -0.5
456 -> 173, -1, 0.75, 3, -1.5
456 -> 173, -1, 0.75, 2, -1.5
457 -> 173, -1, 1.75, 4, -1.5
457 -> 173, -1, 1.25, 1, -0.5
458 -> 173, -1, 0.75, 3, -1
458 -> 173, -4, 0.75, 5, -1
458 -> 173, -1, 0.75, 4, -1
458 -> 173, -2, 0.75, 2, -1
458 -> 173, -1, 0.75, 5, -1
458 -> 173, -1, 0.75, 2, -1
458 -> 173, -1, 1.25, 1, -1
459 -> 173, -3, 0.75, 1, -1.5
459 -> 173, -5, 0.75, 2, -1.5
459 -> 173, -3, 0.75, 2, -1.5
459 -> 173, -5, 0.75, 1, -1.5
460 -> 173, -3, 0.75, 5, -1.5
460 -> 173, -5, 0.25, 5, -1.5
461 -> 173, -4, 0.75, 4, -1.5
461 -> 173, -4, 0.75, 5, -1.5
461 -> 173, -2, 1.75, 1, -1
461 -> 173, -1, 0.25, 3, -0.5
461 -> 173, -4, 0.75, 3, -1.5
462 -> 173, -2, 0.25, 1, -0.5
462 -> 173, -3, 1.25, 3, -2
462 -> 173, -1, 0.75, 5, -1.5
463 -> 173, -1, 1.25, 5, -1.5
463 -> 173, -2, 0.75, 4, -1
463 -> 173, -2, 0.75, 3, -1
463 -> 173, -3, 1.75, 4, -1.5
463 -> 173, -1, 0.75, 4, -0.5
463 -> 173, -5, 0.75, 3, -1.5
463 -> 173, -5, 0.75, 4, -1.5
463 -> 173, -5, 0.75, 5, -1.5
464 -> 173, -1, 0.75, 2, -2
464 -> 173, -1, 0.75, 3, -2
464 -> 173, -1, 0.75, 4, -2
465 -> 173, -1, 0.25, 4, -1.5
465 -> 173, -1, 0.25, 5, -1.5
465 -> 173, -1, 0.25, 3, -1.5
466 -> 173, -2, 0.25, 5, -0.5
466 -> 173, -1, 0.25, 3, -1
466 -> 173, -1, 0.25, 5, -1
466 -> 173, -1, 0.25, 4, -1
466 -> 173, -3, 1.25, 2, -1
466 -> 173, -3, 0.75, 3, -1.5
466 -> 173, -4, 0.75, 1, -1
466 -> 173, -3, 0.75, 4, -1.5
466 -> 173, -4, 0.75, 3, -1
466 -> 173, -4, 0.75, 2, -1
470 -> 173, -2, 0.75, 1, -0.5
470 -> 173, -2, 0.75, 3, -0.5
470 -> 173, -2, 0.75, 2, -0.5
474 -> 173, -3, 1.25, 5, -1
474 -> 173, -3, 1.25, 4, -1
477 -> 173, -2, 0.75, 5, -1
478 -> 173, -1, 0.75, 1, -1
481 -> 173, -2, 0.75, 1, -1.5
481 -> 173, -2, 0.75, 2, -1.5
481 -> 173, -2, 0.75, 1, -1
482 -> 173, -1, 1.75, 5, -1
482 -> 173, -1, 1.75, 4, -1
482 -> 173, -1, 1.75, 3, -1
483 -> 173, -2, 0.75, 4, -0.5
483 -> 173, -3, 1.25, 3, -1
483 -> 173, -2, 0.25, 3, -0.5
483 -> 173, -3, 1.25, 4, -0.5
483 -> 173, -2, 0.25, 4, -0.5
484 -> 173, -4, 1.25, 1, -1
484 -> 173, -4, 1.25, 3, -1
484 -> 173, -4, 1.25, 5, -1
484 -> 173, -4, 1.25, 4, -1
484 -> 173, -4, 1.25, 2, -1
485 -> 173, -2, 0.25, 3, -2
486 -> 173, -2, 1.25, 3, -0.5
487 -> 173, -4, 0.25, 1, -0.5
488 -> 173, -5, 1.25, 4, -1
488 -> 173, -5, 1.25, 5, -1
490 -> 173, -5, 1.25, 2, -1
490 -> 173, -5, 1.25, 3, -1
491 -> 173, -4, 1.75, 3, -1.5
491 -> 173, -4, 1.75, 2, -1.5
491 -> 173, -4, 1.75, 5, -1.5
491 -> 173, -4, 1.75, 4, -1.5
491 -> 173, -4, 1.75, 1, -1.5
493 -> 173, -3, 1.25, 3, -0.5
493 -> 173, -3, 1.25, 1, -0.5
493 -> 173, -3, 1.25, 2, -0.5
497 -> 173, -1, 0.25, 5, -0.5
497 -> 173, -2, 1.25, 5, -0.5
497 -> 173, -1, 0.25, 4, -0.5
500 -> 173, -4, 0.25, 2, -0.5
500 -> 173, -4, 0.25, 3, -0.5
501 -> 173, -2, 0.25, 5, -1
501 -> 173, -2, 0.25, 4, -1
501 -> 173, -2, 0.25, 3, -1
502 -> 173, -3, 0.25, 1, -0.5
502 -> 173, -3, 0.25, 2, -0.5
505 -> 173, -5, 1.25, 1, -1
507 -> 173, -5, 1.75, 5, -1.5
507 -> 173, -5, 1.75, 1, -1.5
507 -> 173, -5, 1.75, 4, -1.5
507 -> 173, -5, 1.75, 3, -1.5
507 -> 173, -3, 1.75, 5, -0.5
507 -> 173, -5, 1.75, 2, -1.5
512 -> 173, -3, 0.25, 4, -0.5
512 -> 173, -3, 0.25, 5, -0.5
512 -> 173, -3, 0.25, 4, -2
512 -> 173, -3, 0.25, 3, -0.5
520 -> 173, -3, 1.25, 1, -1
552 -> 173, -3, 0.75, 5, -0.5
552 -> 173, -3, 0.75, 4, -0.5
570 -> 173, -5, 0.25, 1, -0.5
593 -> 173, -3, 0.75, 1, -0.5
593 -> 173, -3, 0.75, 2, -0.5
593 -> 173, -3, 0.75, 3, -0.5
594 -> 173, -5, 1.75, 5, -1
594 -> 173, -5, 1.75, 4, -1
596 -> 173, -5, 1.75, 3, -1
596 -> 173, -5, 1.75, 1, -1
596 -> 173, -5, 1.75, 2, -1
611 -> 173, -5, 0.25, 5, -0.5
628 -> 173, -5, 0.75, 5, -1
654 -> 173, -4, 1.75, 5, -0.5
654 -> 173, -4, 1.75, 4, -0.5
654 -> 173, -4, 1.75, 2, -0.5
654 -> 173, -4, 1.75, 1, -0.5
654 -> 173, -4, 1.75, 3, -0.5
664 -> 173, -4, 1.25, 4, -0.5
664 -> 173, -4, 1.25, 5, -0.5
675 -> 173, -3, 1.75, 4, -0.5
675 -> 173, -3, 1.75, 1, -0.5
675 -> 173, -3, 1.75, 3, -0.5
675 -> 173, -3, 1.75, 2, -0.5
678 -> 173, -5, 1.25, 1, -0.5
686 -> 173, -4, 1.25, 1, -0.5
686 -> 173, -4, 1.25, 3, -0.5
686 -> 173, -4, 1.25, 2, -0.5
722 -> 173, -5, 1.75, 3, -0.5
722 -> 173, -5, 1.75, 2, -0.5
722 -> 173, -5, 1.75, 1, -0.5
722 -> 173, -5, 1.75, 5, -0.5
722 -> 173, -5, 1.75, 4, -0.5
