345 -> 169, -4, 1.75, 5, -2
351 -> 169, -4, 1.75, 4, -2
360 -> 169, -4, 0.75, 2, -1
360 -> 169, -4, 0.75, 3, -1
364 -> 169, -4, 1.75, 5, -0.5
368 -> 169, -5, 0.25, 2, -1.5
368 -> 169, -5, 0.25, 3, -1.5
368 -> 169, -5, 0.25, 4, -1.5
368 -> 169, -5, 0.25, 1, -1.5
368 -> 169, -5, 0.25, 5, -1.5
372 -> 169, -5, 1.75, 4, -2
374 -> 169, -1, 1.75, 2, -1
374 -> 169, -1, 1.75, 3, -1
374 -> 169, -1, 1.75, 4, -1
376 -> 169, -5, 1.75, 4, -1
377 -> 169, -5, 0.75, 4, -1
377 -> 169, -5, 0.75, 5, -1
377 -> 169, -1, 1.75, 1, -1
377 -> 169, -5, 0.75, 3, -1
381 -> 169, -3, 1.75, 5, -0.5
382 -> 169, -3, 1.25, 3, -0.5
385 -> 169, -2, 1.25, 2, -0.5
388 -> 169, -4, 1.75, 4, -1.5
389 -> 169, -5, 0.25, 2, -2
389 -> 169, -4, 1.75, 1, -2
389 -> 169, -5, 0.25, 1, -2
390 -> 169, -1, 0.25, 1, -0.5
390 -> 169, -2, 1.75, 4, -2
390 -> 169, -5, 1.75, 2, -0.5
391 -> 169, -4, 0.75, 3, -0.5
392 -> 169, -4, 1.75, 5, -1
393 -> 169, -4, 1.25, 2, -1
393 -> 169, -2, 1.25, 4, -1
393 -> 169, -2, 1.25, 5, -1
394 -> 169, -2, 1.75, 5, -2
395 -> 169, -5, 0.25, 2, -1
395 -> 169, -2, 1.75, 5, -0.5
396 -> 169, -2, 1.75, 3, -2
397 -> 169, -3, 1.75, 4, -0.5
397 -> 169, -4, 1.75, 3, -1.5
398 -> 169, -5, 1.25, 3, -1.5
398 -> 169, -4, 0.25, 1, -1.5
399 -> 169, -2, 1.75, 2, -1
400 -> 169, -2, 0.75, 3, -0.5
400 -> 169, -2, 0.75, 2, -0.5
400 -> 169, -5, 0.25, 5, -2
400 -> 169, -4, 1.75, 3, -2
401 -> 169, -5, 1.75, 4, -1.5
401 -> 169, -5, 0.75, 1, -1.5
401 -> 169, -5, 1.75, 3, -1.5
401 -> 169, -2, 0.75, 5, -1.5
402 -> 169, -3, 0.75, 1, -1.5
402 -> 169, -1, 1.25, 2, -1
403 -> 169, -3, 1.25, 5, -0.5
403 -> 169, -4, 0.75, 3, -2
403 -> 169, -4, 1.75, 1, -1
403 -> 169, -4, 1.75, 2, -1
405 -> 169, -4, 1.25, 5, -1.5
406 -> 169, -4, 0.25, 4, -0.5
406 -> 169, -4, 0.25, 5, -0.5
406 -> 169, -4, 0.25, 3, -0.5
407 -> 169, -2, 0.75, 3, -1
407 -> 169, -2, 0.75, 2, -1
407 -> 169, -5, 1.75, 2, -2
407 -> 169, -3, 1.75, 3, -1
407 -> 169, -5, 1.75, 3, -2
407 -> 169, -2, 0.75, 4, -1
408 -> 169, -4, 1.75, 2, -2
408 -> 169, -5, 1.75, 5, -1.5
408 -> 169, -3, 0.75, 4, -0.5
408 -> 169, -5, 0.25, 4, -2
408 -> 169, -5, 0.25, 3, -2
409 -> 169, -5, 1.75, 1, -2
409 -> 169, -2, 0.25, 1, -0.5
409 -> 169, -4, 1.25, 4, -1
409 -> 169, -4, 1.25, 3, -1
409 -> 169, -4, 0.75, 2, -2
409 -> 169, -4, 0.75, 5, -1
410 -> 169, -3, 1.75, 5, -2
411 -> 169, -1, 0.75, 1, -0.5
412 -> 169, -1, 0.75, 1, -2
412 -> 169, -1, 0.75, 3, -2
412 -> 169, -4, 1.25, 5, -2
412 -> 169, -4, 0.75, 4, -1
412 -> 169, -1, 0.75, 2, -2
413 -> 169, -4, 0.75, 1, -1
413 -> 169, -5, 1.75, 5, -2
414 -> 169, -2, 1.25, 3, -2
414 -> 169, -2, 1.25, 2, -2
414 -> 169, -1, 1.25, 5, -1
414 -> 169, -4, 1.25, 4, -1.5
414 -> 169, -1, 1.25, 4, -1
414 -> 169, -3, 1.75, 4, -2
414 -> 169, -3, 1.75, 3, -2
414 -> 169, -4, 1.25, 4, -2
416 -> 169, -5, 0.25, 1, -1
416 -> 169, -3, 0.75, 5, -1
416 -> 169, -2, 0.75, 4, -1.5
417 -> 169, -1, 1.75, 5, -1.5
417 -> 169, -4, 0.75, 1, -2
418 -> 169, -3, 1.25, 2, -1
418 -> 169, -3, 1.25, 4, -1
418 -> 169, -3, 1.25, 3, -1
418 -> 169, -1, 1.75, 5, -2
418 -> 169, -2, 0.75, 5, -0.5
418 -> 169, -2, 1.25, 5, -0.5
419 -> 169, -1, 0.75, 5, -2
419 -> 169, -3, 0.75, 4, -1
419 -> 169, -2, 0.75, 1, -1
419 -> 169, -3, 0.75, 3, -1
420 -> 169, -2, 1.75, 5, -1
420 -> 169, -3, 1.25, 2, -0.5
420 -> 169, -5, 1.75, 5, -0.5
420 -> 169, -3, 1.25, 1, -0.5
421 -> 169, -4, 1.75, 4, -0.5
422 -> 169, -2, 1.25, 1, -0.5
423 -> 169, -2, 0.75, 3, -1.5
423 -> 169, -5, 1.25, 3, -1
423 -> 169, -1, 0.75, 3, -0.5
424 -> 169, -4, 1.25, 1, -2
424 -> 169, -5, 0.25, 2, -0.5
425 -> 169, -2, 1.75, 1, -2
425 -> 169, -4, 0.25, 3, -1.5
425 -> 169, -3, 1.75, 5, -1.5
425 -> 169, -4, 0.25, 5, -1.5
425 -> 169, -2, 1.75, 2, -2
425 -> 169, -4, 0.25, 4, -1.5
425 -> 169, -4, 0.25, 2, -1.5
426 -> 169, -1, 1.25, 2, -1.5
426 -> 169, -5, 0.25, 3, -1
426 -> 169, -5, 1.25, 2, -1.5
426 -> 169, -1, 1.25, 3, -1.5
427 -> 169, -3, 0.75, 3, -2
427 -> 169, -1, 1.25, 3, -1
427 -> 169, -2, 1.75, 4, -0.5
427 -> 169, -2, 1.25, 1, -1
427 -> 169, -2, 1.75, 4, -1
427 -> 169, -3, 0.75, 4, -2
427 -> 169, -2, 1.25, 2, -1
428 -> 169, -1, 1.75, 2, -1.5
428 -> 169, -2, 0.75, 1, -1.5
428 -> 169, -5, 1.25, 4, -2
428 -> 169, -5, 1.25, 5, -2
428 -> 169, -4, 0.25, 2, -1
429 -> 169, -2, 1.25, 1, -2
429 -> 169, -1, 0.75, 4, -1
429 -> 169, -1, 0.75, 5, -1
429 -> 169, -4, 1.25, 3, -2
430 -> 169, -2, 0.75, 2, -1.5
430 -> 169, -2, 0.25, 5, -0.5
430 -> 169, -4, 1.25, 5, -1
431 -> 169, -4, 1.25, 2, -2
431 -> 169, -1, 1.75, 3, -1.5
432 -> 169, -2, 1.25, 5, -2
432 -> 169, -2, 1.25, 4, -2
432 -> 169, -4, 1.25, 1, -1.5
433 -> 169, -1, 0.75, 5, -0.5
433 -> 169, -1, 0.75, 4, -0.5
433 -> 169, -5, 0.75, 1, -1
433 -> 169, -3, 1.25, 1, -2
433 -> 169, -3, 1.25, 2, -2
433 -> 169, -4, 1.75, 1, -0.5
434 -> 169, -3, 0.75, 3, -1.5
435 -> 169, -3, 1.75, 2, -2
435 -> 169, -5, 1.25, 4, -1.5
435 -> 169, -3, 1.75, 1, -2
435 -> 169, -4, 1.25, 2, -1.5
436 -> 169, -3, 1.75, 4, -1
436 -> 169, -3, 1.25, 4, -2
436 -> 169, -3, 1.75, 3, -1.5
436 -> 169, -5, 1.25, 1, -1.5
436 -> 169, -3, 1.25, 5, -2
436 -> 169, -3, 1.75, 2, -1.5
437 -> 169, -1, 1.25, 1, -1.5
437 -> 169, -1, 0.25, 2, -0.5
437 -> 169, -3, 1.25, 4, -0.5
437 -> 169, -2, 0.75, 1, -0.5
438 -> 169, -1, 1.25, 5, -1.5
438 -> 169, -5, 0.75, 1, -2
438 -> 169, -5, 0.75, 2, -2
438 -> 169, -5, 0.75, 3, -2
438 -> 169, -3, 1.25, 5, -1
438 -> 169, -3, 1.25, 4, -1.5
438 -> 169, -1, 1.25, 4, -2
439 -> 169, -2, 0.25, 3, -0.5
440 -> 169, -2, 0.25, 5, -2
440 -> 169, -1, 1.75, 1, -2
441 -> 169, -1, 1.25, 3, -2
441 -> 169, -4, 0.25, 5, -1
442 -> 169, -1, 1.75, 4, -0.5
442 -> 169, -3, 1.25, 5, -1.5
442 -> 169, -1, 1.75, 3, -0.5
442 -> 169, -3, 1.25, 3, -2
443 -> 169, -3, 1.25, 1, -1.5
443 -> 169, -4, 1.75, 2, -1.5
443 -> 169, -4, 0.75, 5, -2
443 -> 169, -4, 1.75, 1, -1.5
443 -> 169, -1, 1.75, 5, -1
443 -> 169, -1, 1.75, 3, -2
443 -> 169, -1, 0.25, 5, -2
443 -> 169, -1, 1.75, 4, -2
444 -> 169, -5, 1.75, 3, -1
445 -> 169, -5, 1.75, 2, -1
445 -> 169, -5, 1.75, 1, -1
445 -> 169, -3, 0.75, 2, -1.5
445 -> 169, -1, 1.75, 4, -1.5
446 -> 169, -1, 1.25, 3, -0.5
446 -> 169, -1, 1.25, 4, -0.5
446 -> 169, -1, 1.25, 5, -0.5
446 -> 169, -2, 0.75, 4, -0.5
446 -> 169, -5, 1.25, 2, -1
446 -> 169, -1, 1.25, 2, -2
446 -> 169, -1, 1.75, 1, -1.5
446 -> 169, -1, 1.25, 2, -0.5
446 -> 169, -1, 0.25, 4, -2
447 -> 169, -2, 1.25, 4, -0.5
447 -> 169, -3, 1.25, 1, -1
448 -> 169, -1, 1.25, 4, -1.5
448 -> 169, -5, 1.75, 5, -1
449 -> 169, -1, 1.25, 5, -2
449 -> 169, -2, 1.25, 4, -1.5
449 -> 169, -2, 1.75, 3, -1
450 -> 169, -5, 1.25, 2, -2
450 -> 169, -5, 1.25, 1, -2
451 -> 169, -3, 0.75, 2, -1
451 -> 169, -3, 0.75, 1, -1
452 -> 169, -1, 0.75, 4, -2
453 -> 169, -3, 0.25, 1, -1.5
453 -> 169, -3, 0.25, 2, -1.5
453 -> 169, -3, 0.25, 4, -1.5
453 -> 169, -3, 0.25, 3, -1.5
454 -> 169, -3, 0.75, 5, -2
454 -> 169, -3, 0.75, 2, -0.5
454 -> 169, -3, 0.75, 5, -0.5
456 -> 169, -5, 0.75, 5, -2
456 -> 169, -5, 0.75, 5, -1.5
456 -> 169, -5, 0.75, 4, -1.5
456 -> 169, -5, 0.75, 3, -1.5
456 -> 169, -5, 0.75, 2, -1.5
457 -> 169, -3, 1.25, 2, -1.5
457 -> 169, -3, 1.25, 3, -1.5
457 -> 169, -3, 0.25, 1, -0.5
457 -> 169, -1, 1.75, 2, -2
458 -> 169, -4, 1.75, 3, -0.5
458 -> 169, -3, 1.75, 1, -1
458 -> 169, -3, 1.75, 2, -1
459 -> 169, -5, 0.25, 1, -0.5
459 -> 169, -3, 0.75, 4, -1.5
459 -> 169, -2, 1.25, 3, -1.5
459 -> 169, -5, 1.25, 1, -1
459 -> 169, -2, 0.75, 2, -2
459 -> 169, -1, 0.25, 1, -2
459 -> 169, -1, 0.25, 1, -1
459 -> 169, -3, 0.75, 5, -1.5
459 -> 169, -2, 1.25, 3, -1
460 -> 169, -1, 1.25, 1, -2
460 -> 169, -2, 0.25, 2, -2
460 -> 169, -2, 0.25, 3, -2
460 -> 169, -2, 0.25, 4, -2
461 -> 169, -5, 1.25, 5, -1.5
461 -> 169, -1, 0.75, 1, -1
463 -> 169, -2, 1.25, 5, -1.5
463 -> 169, -2, 0.75, 5, -1
464 -> 169, -1, 1.25, 1, -1
464 -> 169, -3, 0.25, 1, -2
464 -> 169, -3, 0.25, 2, -2
464 -> 169, -3, 0.25, 3, -2
464 -> 169, -3, 0.25, 4, -2
464 -> 169, -3, 0.25, 5, -1.5
464 -> 169, -3, 0.25, 5, -2
464 -> 169, -2, 0.25, 1, -2
465 -> 169, -2, 1.25, 1, -1.5
465 -> 169, -3, 1.75, 4, -1.5
465 -> 169, -3, 0.75, 1, -2
466 -> 169, -1, 0.25, 5, -0.5
466 -> 169, -5, 0.75, 2, -1
466 -> 169, -4, 1.75, 3, -1
466 -> 169, -1, 0.25, 4, -0.5
466 -> 169, -4, 1.75, 4, -1
467 -> 169, -1, 0.25, 3, -1
467 -> 169, -1, 0.25, 5, -1
467 -> 169, -1, 0.25, 2, -1
467 -> 169, -1, 0.25, 4, -1
467 -> 169, -1, 0.75, 4, -1.5
468 -> 169, -1, 1.75, 2, -0.5
469 -> 169, -2, 1.75, 3, -0.5
469 -> 169, -4, 1.75, 2, -0.5
469 -> 169, -2, 1.75, 2, -0.5
469 -> 169, -2, 1.25, 2, -1.5
470 -> 169, -1, 0.75, 3, -1
470 -> 169, -4, 1.25, 3, -1.5
470 -> 169, -1, 0.75, 2, -1
471 -> 169, -4, 1.75, 5, -1.5
471 -> 169, -1, 1.75, 5, -0.5
471 -> 169, -5, 0.75, 4, -2
471 -> 169, -3, 1.75, 1, -1.5
472 -> 169, -5, 1.25, 4, -1
472 -> 169, -2, 1.75, 1, -0.5
472 -> 169, -5, 1.25, 5, -1
473 -> 169, -2, 1.25, 3, -0.5
473 -> 169, -1, 0.75, 1, -1.5
474 -> 169, -2, 0.75, 3, -2
474 -> 169, -2, 0.75, 4, -2
474 -> 169, -2, 0.75, 5, -2
475 -> 169, -4, 1.25, 1, -1
477 -> 169, -2, 0.25, 1, -1.5
477 -> 169, -1, 0.25, 2, -2
477 -> 169, -1, 1.25, 1, -0.5
477 -> 169, -4, 0.25, 1, -1
477 -> 169, -1, 0.25, 3, -2
478 -> 169, -3, 0.75, 2, -2
479 -> 169, -2, 0.25, 1, -1
480 -> 169, -5, 1.25, 1, -0.5
482 -> 169, -5, 0.25, 5, -0.5
483 -> 169, -5, 0.25, 4, -0.5
483 -> 169, -4, 0.75, 4, -0.5
483 -> 169, -5, 1.75, 4, -0.5
483 -> 169, -5, 1.75, 3, -0.5
484 -> 169, -3, 0.25, 1, -1
484 -> 169, -3, 0.25, 3, -1
484 -> 169, -3, 0.25, 2, -1
485 -> 169, -1, 0.75, 3, -1.5
486 -> 169, -2, 0.25, 4, -0.5
486 -> 169, -4, 0.75, 4, -2
486 -> 169, -1, 0.25, 5, -1.5
487 -> 169, -2, 1.75, 2, -1.5
487 -> 169, -2, 1.75, 1, -1.5
487 -> 169, -2, 1.75, 3, -1.5
487 -> 169, -2, 1.75, 4, -1.5
487 -> 169, -2, 1.75, 5, -1.5
487 -> 169, -1, 0.75, 2, -0.5
489 -> 169, -5, 0.25, 3, -0.5
492 -> 169, -5, 1.25, 3, -2
493 -> 169, -1, 0.25, 3, -0.5
494 -> 169, -5, 0.75, 3, -0.5
495 -> 169, -1, 0.75, 5, -1.5
495 -> 169, -2, 0.25, 2, -0.5
495 -> 169, -4, 0.75, 5, -1.5
495 -> 169, -1, 1.75, 1, -0.5
495 -> 169, -4, 0.75, 4, -1.5
496 -> 169, -2, 0.75, 1, -2
496 -> 169, -4, 0.25, 1, -2
496 -> 169, -4, 0.25, 3, -2
496 -> 169, -4, 0.25, 5, -2
496 -> 169, -4, 0.25, 4, -2
496 -> 169, -4, 0.75, 1, -1.5
496 -> 169, -4, 0.25, 2, -2
496 -> 169, -4, 0.75, 2, -1.5
496 -> 169, -4, 0.75, 3, -1.5
497 -> 169, -1, 0.75, 2, -1.5
500 -> 169, -3, 0.75, 1, -0.5
501 -> 169, -4, 0.25, 3, -1
504 -> 169, -1, 0.25, 4, -1.5
504 -> 169, -1, 0.25, 1, -1.5
504 -> 169, -1, 0.25, 2, -1.5
504 -> 169, -1, 0.25, 3, -1.5
510 -> 169, -4, 0.25, 4, -1
511 -> 169, -3, 0.25, 5, -1
511 -> 169, -3, 0.25, 4, -1
511 -> 169, -2, 0.25, 5, -1.5
511 -> 169, -2, 0.25, 4, -1.5
511 -> 169, -2, 0.25, 2, -1.5
511 -> 169, -2, 0.25, 3, -1.5
513 -> 169, -4, 0.75, 2, -0.5
517 -> 169, -5, 0.25, 4, -1
517 -> 169, -5, 0.25, 5, -1
522 -> 169, -2, 1.75, 1, -1
522 -> 169, -3, 0.25, 2, -0.5
529 -> 169, -3, 1.75, 5, -1
530 -> 169, -2, 0.25, 4, -1
530 -> 169, -2, 0.25, 5, -1
530 -> 169, -2, 0.25, 3, -1
530 -> 169, -2, 0.25, 2, -1
541 -> 169, -5, 0.75, 1, -0.5
549 -> 169, -3, 1.75, 1, -0.5
549 -> 169, -3, 1.75, 3, -0.5
549 -> 169, -3, 1.75, 2, -0.5
553 -> 169, -4, 0.75, 5, -0.5
554 -> 169, -5, 1.75, 1, -1.5
554 -> 169, -5, 1.75, 2, -1.5
579 -> 169, -5, 1.75, 1, -0.5
587 -> 169, -3, 0.75, 3, -0.5
629 -> 169, -4, 0.25, 1, -0.5
629 -> 169, -4, 0.25, 2, -0.5
631 -> 169, -4, 0.75, 1, -0.5
640 -> 169, -5, 0.75, 5, -0.5
651 -> 169, -4, 1.25, 5, -0.5
651 -> 169, -4, 1.25, 4, -0.5
651 -> 169, -4, 1.25, 3, -0.5
651 -> 169, -4, 1.25, 1, -0.5
651 -> 169, -4, 1.25, 2, -0.5
684 -> 169, -5, 1.25, 5, -0.5
684 -> 169, -5, 1.25, 4, -0.5
686 -> 169, -5, 1.25, 3, -0.5
728 -> 169, -5, 1.25, 2, -0.5
744 -> 169, -5, 0.75, 2, -0.5
766 -> 169, -5, 0.75, 4, -0.5
797 -> 169, -3, 0.25, 3, -0.5
797 -> 169, -3, 0.25, 4, -0.5
797 -> 169, -3, 0.25, 5, -0.5
