348 -> 325, -1, 1.25, 2, -1
350 -> 325, -5, 1.25, 5, -0.5
357 -> 325, -2, 1.25, 2, -0.5
360 -> 325, -3, 1.75, 1, -1.5
361 -> 325, -1, 1.75, 4, -1.5
374 -> 325, -1, 1.75, 2, -0.5
377 -> 325, -3, 1.75, 3, -1
382 -> 325, -1, 1.25, 1, -1
383 -> 325, -3, 1.75, 4, -1.5
383 -> 325, -3, 1.75, 5, -1.5
383 -> 325, -3, 1.75, 3, -1.5
383 -> 325, -1, 1.75, 5, -1.5
384 -> 325, -4, 0.25, 2, -0.5
386 -> 325, -5, 1.75, 4, -0.5
386 -> 325, -3, 0.75, 4, -0.5
386 -> 325, -5, 1.75, 3, -0.5
390 -> 325, -1, 0.75, 2, -1
390 -> 325, -4, 1.25, 2, -0.5
391 -> 325, -2, 0.75, 4, -2
392 -> 325, -3, 0.75, 2, -1.5
394 -> 325, -2, 0.75, 3, -2
395 -> 325, -1, 1.75, 3, -1.5
395 -> 325, -5, 1.75, 1, -1
396 -> 325, -3, 1.75, 1, -1
397 -> 325, -1, 1.75, 2, -1.5
398 -> 325, -1, 1.25, 5, -2
398 -> 325, -4, 1.75, 1, -1.5
398 -> 325, -1, 1.25, 4, -2
398 -> 325, -1, 1.25, 3, -2
398 -> 325, -1, 1.75, 5, -0.5
401 -> 325, -3, 1.75, 2, -1
401 -> 325, -1, 0.75, 4, -0.5
401 -> 325, -1, 0.75, 5, -0.5
402 -> 325, -5, 1.75, 1, -0.5
403 -> 325, -1, 0.75, 3, -0.5
404 -> 325, -2, 0.75, 5, -2
407 -> 325, -5, 0.25, 2, -0.5
408 -> 325, -4, 1.25, 1, -2
410 -> 325, -1, 1.75, 1, -1.5
412 -> 325, -3, 0.75, 5, -0.5
412 -> 325, -5, 0.75, 3, -1
413 -> 325, -1, 1.25, 1, -0.5
413 -> 325, -4, 1.25, 1, -1.5
413 -> 325, -4, 1.25, 5, -1.5
413 -> 325, -4, 1.25, 3, -1.5
413 -> 325, -4, 1.25, 4, -1.5
414 -> 325, -2, 0.75, 3, -0.5
414 -> 325, -2, 1.75, 4, -0.5
414 -> 325, -3, 1.25, 4, -1.5
415 -> 325, -5, 1.25, 5, -1
415 -> 325, -4, 1.25, 2, -2
416 -> 325, -5, 1.75, 2, -1.5
416 -> 325, -5, 1.75, 1, -1.5
418 -> 325, -3, 0.75, 1, -1
418 -> 325, -3, 1.75, 5, -1
419 -> 325, -5, 1.75, 4, -1
419 -> 325, -5, 1.75, 5, -0.5
419 -> 325, -2, 0.75, 5, -0.5
420 -> 325, -1, 0.25, 2, -0.5
420 -> 325, -2, 0.75, 5, -1
420 -> 325, -1, 0.25, 1, -0.5
421 -> 325, -5, 0.25, 3, -0.5
421 -> 325, -1, 0.75, 2, -1.5
421 -> 325, -4, 0.75, 5, -0.5
421 -> 325, -1, 0.75, 1, -1.5
422 -> 325, -2, 0.75, 4, -1
422 -> 325, -2, 0.75, 3, -1
423 -> 325, -2, 1.75, 4, -2
423 -> 325, -2, 1.75, 3, -2
423 -> 325, -2, 1.75, 1, -0.5
423 -> 325, -2, 1.75, 1, -2
423 -> 325, -2, 1.75, 2, -2
424 -> 325, -1, 1.75, 1, -0.5
424 -> 325, -3, 1.25, 5, -1.5
425 -> 325, -2, 1.75, 3, -1
425 -> 325, -2, 1.25, 1, -0.5
425 -> 325, -2, 0.75, 2, -0.5
426 -> 325, -2, 1.75, 2, -1
426 -> 325, -1, 1.25, 4, -0.5
428 -> 325, -4, 1.25, 5, -0.5
428 -> 325, -2, 0.25, 1, -0.5
429 -> 325, -4, 1.75, 4, -1
429 -> 325, -4, 1.75, 5, -1
430 -> 325, -2, 1.25, 5, -0.5
430 -> 325, -1, 1.75, 2, -2
430 -> 325, -2, 0.75, 4, -0.5
430 -> 325, -1, 1.75, 1, -2
431 -> 325, -4, 1.25, 4, -0.5
431 -> 325, -5, 0.75, 1, -1
432 -> 325, -2, 0.25, 5, -0.5
433 -> 325, -2, 1.75, 5, -2
433 -> 325, -3, 1.25, 1, -1
433 -> 325, -3, 0.75, 4, -1
433 -> 325, -3, 0.75, 1, -1.5
433 -> 325, -4, 0.75, 5, -1
433 -> 325, -1, 1.25, 1, -1.5
434 -> 325, -4, 1.25, 2, -1.5
435 -> 325, -3, 1.75, 5, -2
435 -> 325, -1, 1.25, 5, -0.5
436 -> 325, -4, 0.25, 5, -1
436 -> 325, -1, 0.25, 1, -2
436 -> 325, -1, 0.25, 2, -2
438 -> 325, -2, 1.75, 5, -1
438 -> 325, -2, 1.75, 4, -1
438 -> 325, -3, 0.75, 1, -0.5
438 -> 325, -1, 0.25, 3, -2
439 -> 325, -1, 1.25, 2, -2
439 -> 325, -1, 1.25, 1, -2
440 -> 325, -4, 1.75, 4, -2
440 -> 325, -2, 1.75, 1, -1.5
440 -> 325, -1, 1.75, 5, -2
440 -> 325, -1, 1.75, 3, -2
440 -> 325, -1, 1.75, 4, -2
441 -> 325, -1, 1.25, 5, -1.5
441 -> 325, -5, 1.25, 4, -1.5
441 -> 325, -5, 1.25, 5, -1.5
441 -> 325, -1, 1.25, 2, -1.5
441 -> 325, -1, 1.25, 4, -1.5
441 -> 325, -4, 1.75, 1, -2
441 -> 325, -1, 1.25, 3, -1.5
441 -> 325, -4, 1.75, 2, -2
441 -> 325, -2, 0.75, 1, -0.5
441 -> 325, -1, 1.25, 2, -0.5
441 -> 325, -1, 0.75, 1, -1
441 -> 325, -4, 1.75, 3, -2
442 -> 325, -2, 1.75, 5, -1.5
442 -> 325, -2, 0.75, 1, -1
442 -> 325, -2, 0.75, 2, -1
443 -> 325, -4, 1.25, 3, -0.5
443 -> 325, -1, 1.25, 3, -0.5
443 -> 325, -3, 1.75, 4, -2
443 -> 325, -3, 1.75, 3, -2
443 -> 325, -3, 0.75, 4, -2
444 -> 325, -2, 1.25, 2, -2
444 -> 325, -2, 1.25, 3, -2
444 -> 325, -2, 1.75, 2, -0.5
444 -> 325, -2, 1.25, 4, -2
444 -> 325, -2, 1.25, 5, -2
445 -> 325, -5, 1.25, 2, -2
445 -> 325, -1, 1.25, 3, -1
445 -> 325, -1, 0.75, 2, -0.5
445 -> 325, -5, 1.25, 1, -2
446 -> 325, -2, 0.75, 2, -2
446 -> 325, -2, 0.25, 4, -0.5
446 -> 325, -5, 0.25, 1, -0.5
446 -> 325, -2, 0.75, 1, -2
447 -> 325, -4, 1.25, 1, -1
447 -> 325, -5, 0.75, 4, -1
447 -> 325, -2, 1.25, 1, -2
447 -> 325, -4, 0.25, 2, -1
447 -> 325, -4, 0.25, 1, -1
447 -> 325, -2, 1.75, 3, -0.5
447 -> 325, -1, 0.75, 5, -1.5
447 -> 325, -1, 1.75, 1, -1
447 -> 325, -1, 1.75, 2, -1
447 -> 325, -4, 1.25, 5, -1
448 -> 325, -4, 0.75, 2, -1
448 -> 325, -4, 1.75, 5, -1.5
450 -> 325, -3, 0.75, 5, -1.5
450 -> 325, -1, 0.75, 1, -2
450 -> 325, -1, 0.75, 2, -2
450 -> 325, -3, 0.75, 4, -1.5
450 -> 325, -3, 0.75, 3, -1.5
451 -> 325, -3, 0.25, 2, -0.5
451 -> 325, -3, 0.25, 3, -0.5
451 -> 325, -4, 0.75, 1, -1
452 -> 325, -4, 1.75, 5, -2
452 -> 325, -2, 1.25, 5, -1.5
452 -> 325, -1, 0.25, 5, -0.5
453 -> 325, -4, 1.25, 5, -2
453 -> 325, -4, 1.25, 4, -1
455 -> 325, -4, 0.75, 4, -1
455 -> 325, -4, 0.75, 3, -1
456 -> 325, -3, 1.25, 5, -1
456 -> 325, -3, 1.25, 4, -1
456 -> 325, -4, 0.25, 4, -1
457 -> 325, -3, 0.75, 3, -0.5
457 -> 325, -2, 1.25, 4, -0.5
457 -> 325, -3, 0.75, 5, -1
457 -> 325, -1, 0.75, 3, -2
458 -> 325, -4, 0.75, 5, -1.5
458 -> 325, -1, 0.75, 4, -1.5
458 -> 325, -4, 0.75, 4, -1.5
458 -> 325, -4, 0.75, 3, -1.5
458 -> 325, -2, 0.25, 2, -0.5
458 -> 325, -2, 0.25, 3, -0.5
459 -> 325, -5, 0.25, 4, -0.5
459 -> 325, -5, 0.25, 5, -0.5
460 -> 325, -1, 1.75, 4, -0.5
460 -> 325, -1, 1.75, 3, -0.5
461 -> 325, -1, 1.75, 3, -1
461 -> 325, -3, 1.25, 3, -1.5
461 -> 325, -1, 1.75, 4, -1
461 -> 325, -3, 1.25, 2, -1.5
462 -> 325, -4, 1.75, 3, -1
462 -> 325, -4, 1.75, 2, -1
462 -> 325, -4, 1.75, 1, -1
462 -> 325, -1, 1.25, 5, -1
462 -> 325, -1, 1.25, 4, -1
462 -> 325, -4, 0.25, 1, -2
463 -> 325, -5, 0.75, 2, -1
464 -> 325, -4, 1.25, 4, -2
465 -> 325, -3, 0.25, 4, -2
465 -> 325, -3, 1.75, 4, -1
465 -> 325, -5, 0.75, 5, -1
467 -> 325, -4, 0.25, 2, -2
467 -> 325, -4, 0.25, 3, -2
467 -> 325, -4, 0.25, 4, -2
467 -> 325, -4, 0.25, 5, -2
468 -> 325, -1, 0.75, 3, -1.5
469 -> 325, -4, 1.25, 3, -1
469 -> 325, -5, 1.75, 2, -0.5
470 -> 325, -3, 0.75, 2, -1
470 -> 325, -3, 0.75, 3, -1
470 -> 325, -2, 1.75, 5, -0.5
471 -> 325, -3, 1.25, 1, -1.5
472 -> 325, -3, 0.25, 3, -2
472 -> 325, -5, 0.75, 2, -2
472 -> 325, -4, 0.25, 3, -1
472 -> 325, -3, 0.25, 2, -2
473 -> 325, -3, 0.75, 2, -2
473 -> 325, -5, 0.75, 1, -2
473 -> 325, -3, 0.75, 1, -2
474 -> 325, -3, 0.25, 5, -1
474 -> 325, -1, 0.25, 4, -0.5
474 -> 325, -3, 0.25, 4, -1
474 -> 325, -1, 0.25, 3, -0.5
475 -> 325, -3, 1.75, 4, -0.5
475 -> 325, -3, 1.75, 1, -0.5
475 -> 325, -3, 1.75, 2, -0.5
475 -> 325, -3, 1.75, 3, -0.5
477 -> 325, -4, 0.75, 3, -2
477 -> 325, -4, 0.75, 4, -2
477 -> 325, -4, 0.75, 5, -2
477 -> 325, -4, 0.75, 1, -2
477 -> 325, -4, 0.75, 2, -2
478 -> 325, -4, 0.25, 5, -1.5
478 -> 325, -4, 0.25, 1, -1.5
478 -> 325, -4, 0.25, 4, -1.5
478 -> 325, -4, 0.25, 3, -1.5
478 -> 325, -4, 0.25, 2, -1.5
478 -> 325, -5, 1.75, 2, -1
478 -> 325, -5, 1.75, 3, -1
478 -> 325, -1, 0.75, 5, -2
478 -> 325, -1, 0.75, 4, -2
478 -> 325, -2, 1.75, 1, -1
479 -> 325, -2, 1.75, 2, -1.5
479 -> 325, -5, 1.75, 3, -1.5
479 -> 325, -2, 1.75, 3, -1.5
480 -> 325, -3, 0.25, 5, -2
481 -> 325, -2, 1.25, 2, -1.5
481 -> 325, -2, 1.25, 3, -1.5
481 -> 325, -2, 1.25, 4, -1.5
482 -> 325, -1, 0.25, 4, -2
482 -> 325, -1, 0.25, 5, -2
483 -> 325, -2, 1.25, 5, -1
483 -> 325, -1, 1.75, 5, -1
483 -> 325, -2, 1.75, 4, -1.5
483 -> 325, -4, 0.25, 3, -0.5
483 -> 325, -2, 1.25, 4, -1
483 -> 325, -2, 1.25, 3, -1
483 -> 325, -2, 1.25, 2, -1
484 -> 325, -4, 1.25, 2, -1
485 -> 325, -1, 0.75, 1, -0.5
486 -> 325, -5, 1.75, 5, -1.5
486 -> 325, -5, 1.75, 4, -1.5
488 -> 325, -3, 0.75, 2, -0.5
489 -> 325, -2, 0.25, 5, -1.5
489 -> 325, -2, 0.75, 4, -1.5
489 -> 325, -2, 0.75, 5, -1.5
489 -> 325, -2, 0.75, 2, -1.5
489 -> 325, -2, 0.75, 1, -1.5
489 -> 325, -2, 0.75, 3, -1.5
490 -> 325, -2, 1.25, 1, -1.5
490 -> 325, -3, 0.25, 5, -0.5
491 -> 325, -3, 0.25, 3, -1.5
491 -> 325, -4, 1.25, 3, -2
491 -> 325, -3, 0.25, 5, -1.5
491 -> 325, -3, 0.25, 4, -0.5
491 -> 325, -3, 0.25, 4, -1.5
491 -> 325, -3, 0.25, 2, -1.5
491 -> 325, -5, 1.25, 3, -1.5
491 -> 325, -3, 1.75, 2, -1.5
491 -> 325, -5, 1.25, 2, -1.5
491 -> 325, -3, 0.25, 1, -1.5
491 -> 325, -5, 1.25, 1, -1.5
492 -> 325, -3, 0.75, 3, -2
492 -> 325, -2, 0.25, 5, -2
494 -> 325, -2, 1.25, 1, -1
494 -> 325, -3, 1.75, 5, -0.5
496 -> 325, -2, 0.25, 2, -1.5
496 -> 325, -4, 1.75, 4, -0.5
496 -> 325, -2, 0.25, 1, -1.5
496 -> 325, -4, 1.75, 5, -0.5
498 -> 325, -1, 0.25, 4, -1.5
498 -> 325, -1, 0.25, 5, -1.5
498 -> 325, -1, 0.25, 1, -1.5
498 -> 325, -1, 0.25, 3, -1.5
498 -> 325, -1, 0.25, 2, -1.5
502 -> 325, -5, 1.25, 5, -2
502 -> 325, -5, 1.25, 4, -2
502 -> 325, -5, 1.25, 3, -2
503 -> 325, -3, 0.25, 1, -1
503 -> 325, -3, 0.25, 2, -1
503 -> 325, -3, 0.25, 3, -1
504 -> 325, -1, 0.25, 1, -1
504 -> 325, -1, 0.25, 3, -1
504 -> 325, -1, 0.25, 4, -1
504 -> 325, -1, 0.25, 5, -1
504 -> 325, -1, 0.25, 2, -1
505 -> 325, -2, 1.25, 3, -0.5
507 -> 325, -2, 0.25, 2, -1
508 -> 325, -2, 0.25, 1, -1
509 -> 325, -5, 1.25, 3, -0.5
509 -> 325, -5, 1.25, 2, -0.5
509 -> 325, -3, 0.25, 1, -0.5
509 -> 325, -5, 1.25, 1, -0.5
509 -> 325, -5, 1.25, 4, -0.5
510 -> 325, -3, 0.75, 5, -2
511 -> 325, -3, 0.25, 1, -2
511 -> 325, -2, 0.25, 4, -2
511 -> 325, -2, 0.25, 1, -2
511 -> 325, -2, 0.25, 2, -2
511 -> 325, -2, 0.25, 3, -2
513 -> 325, -4, 1.75, 3, -1.5
513 -> 325, -3, 1.75, 2, -2
513 -> 325, -4, 1.75, 2, -1.5
513 -> 325, -4, 1.75, 4, -1.5
518 -> 325, -2, 0.25, 3, -1
518 -> 325, -2, 0.25, 4, -1
521 -> 325, -2, 0.25, 4, -1.5
521 -> 325, -2, 0.25, 3, -1.5
524 -> 325, -5, 1.75, 5, -1
525 -> 325, -2, 0.25, 5, -1
526 -> 325, -3, 1.25, 4, -0.5
526 -> 325, -3, 1.25, 5, -0.5
528 -> 325, -4, 1.75, 1, -0.5
531 -> 325, -3, 1.75, 1, -2
533 -> 325, -4, 0.25, 4, -0.5
533 -> 325, -4, 0.25, 5, -0.5
534 -> 325, -1, 0.75, 5, -1
534 -> 325, -1, 0.75, 4, -1
534 -> 325, -5, 0.75, 5, -2
534 -> 325, -4, 1.75, 2, -0.5
537 -> 325, -5, 0.75, 4, -2
537 -> 325, -4, 1.75, 3, -0.5
537 -> 325, -4, 0.75, 2, -1.5
537 -> 325, -5, 0.75, 3, -2
539 -> 325, -5, 0.25, 1, -1.5
539 -> 325, -5, 0.25, 5, -1.5
539 -> 325, -5, 0.25, 2, -1.5
539 -> 325, -5, 0.25, 3, -1.5
539 -> 325, -5, 0.25, 4, -1.5
540 -> 325, -4, 0.75, 1, -1.5
545 -> 325, -5, 1.25, 2, -1
545 -> 325, -5, 1.25, 3, -1
546 -> 325, -5, 1.25, 4, -1
547 -> 325, -3, 1.25, 2, -2
547 -> 325, -3, 1.25, 1, -2
547 -> 325, -3, 1.25, 3, -2
547 -> 325, -3, 1.25, 5, -2
547 -> 325, -1, 0.75, 3, -1
547 -> 325, -3, 1.25, 4, -2
553 -> 325, -5, 1.25, 1, -1
556 -> 325, -5, 1.75, 2, -2
556 -> 325, -5, 1.75, 3, -2
556 -> 325, -5, 1.75, 4, -2
556 -> 325, -5, 1.75, 1, -2
556 -> 325, -5, 1.75, 5, -2
559 -> 325, -4, 0.75, 3, -0.5
559 -> 325, -4, 0.75, 2, -0.5
559 -> 325, -4, 0.75, 1, -0.5
559 -> 325, -4, 0.75, 4, -0.5
561 -> 325, -3, 1.25, 3, -0.5
561 -> 325, -3, 1.25, 2, -0.5
561 -> 325, -3, 1.25, 1, -0.5
579 -> 325, -5, 0.25, 1, -1
579 -> 325, -5, 0.25, 2, -1
579 -> 325, -5, 0.25, 3, -1
579 -> 325, -5, 0.25, 4, -1
579 -> 325, -5, 0.25, 5, -1
579 -> 325, -3, 1.25, 3, -1
579 -> 325, -3, 1.25, 2, -1
580 -> 325, -5, 0.25, 3, -2
580 -> 325, -5, 0.25, 5, -2
580 -> 325, -5, 0.25, 2, -2
580 -> 325, -5, 0.25, 4, -2
580 -> 325, -5, 0.25, 1, -2
607 -> 325, -5, 0.75, 4, -1.5
607 -> 325, -5, 0.75, 2, -1.5
607 -> 325, -5, 0.75, 5, -1.5
607 -> 325, -5, 0.75, 3, -1.5
607 -> 325, -5, 0.75, 1, -1.5
613 -> 325, -5, 0.75, 2, -0.5
613 -> 325, -5, 0.75, 1, -0.5
613 -> 325, -5, 0.75, 4, -0.5
613 -> 325, -5, 0.75, 3, -0.5
613 -> 325, -5, 0.75, 5, -0.5
629 -> 325, -4, 1.25, 1, -0.5
805 -> 325, -4, 0.25, 1, -0.5
