352 -> 211, -5, 1.75, 2, -0.5
363 -> 211, -4, 1.25, 1, -1
365 -> 211, -5, 0.75, 1, -0.5
371 -> 211, -5, 1.25, 3, -0.5
372 -> 211, -4, 1.75, 5, -0.5
373 -> 211, -1, 1.75, 3, -1.5
374 -> 211, -1, 1.25, 4, -1
375 -> 211, -1, 1.75, 2, -1.5
381 -> 211, -1, 1.25, 5, -1
387 -> 211, -1, 1.75, 1, -0.5
387 -> 211, -3, 0.75, 5, -1
387 -> 211, -1, 1.75, 2, -0.5
388 -> 211, -1, 1.75, 1, -2
389 -> 211, -4, 0.75, 4, -0.5
391 -> 211, -1, 0.75, 2, -0.5
391 -> 211, -1, 1.75, 5, -1
391 -> 211, -5, 1.75, 2, -1
391 -> 211, -1, 1.25, 2, -0.5
392 -> 211, -1, 1.25, 3, -1
394 -> 211, -5, 1.75, 3, -1.5
397 -> 211, -1, 1.25, 1, -0.5
398 -> 211, -3, 1.75, 5, -1
400 -> 211, -5, 1.75, 1, -2
401 -> 211, -1, 1.75, 5, -0.5
402 -> 211, -3, 1.75, 5, -0.5
402 -> 211, -4, 1.75, 3, -0.5
403 -> 211, -1, 1.25, 2, -1.5
403 -> 211, -2, 1.75, 2, -2
404 -> 211, -1, 1.25, 5, -0.5
404 -> 211, -1, 1.25, 4, -0.5
404 -> 211, -1, 1.25, 3, -0.5
405 -> 211, -3, 1.25, 4, -2
405 -> 211, -3, 1.25, 5, -2
406 -> 211, -1, 1.25, 1, -1.5
407 -> 211, -4, 1.25, 5, -0.5
407 -> 211, -4, 1.25, 1, -1.5
408 -> 211, -3, 1.25, 2, -2
410 -> 211, -5, 1.75, 1, -1.5
411 -> 211, -1, 1.25, 1, -2
412 -> 211, -2, 0.75, 4, -1.5
412 -> 211, -5, 0.75, 4, -0.5
412 -> 211, -1, 1.25, 3, -1.5
414 -> 211, -2, 1.25, 4, -0.5
414 -> 211, -2, 1.25, 1, -0.5
414 -> 211, -1, 0.25, 2, -2
414 -> 211, -1, 1.75, 5, -1.5
414 -> 211, -5, 1.75, 5, -1.5
415 -> 211, -1, 1.75, 3, -1
415 -> 211, -1, 1.75, 4, -1
415 -> 211, -4, 1.25, 4, -0.5
416 -> 211, -5, 1.75, 4, -1.5
417 -> 211, -5, 0.25, 5, -1
417 -> 211, -5, 0.25, 4, -1
418 -> 211, -1, 1.75, 4, -0.5
419 -> 211, -4, 0.75, 1, -2
419 -> 211, -2, 1.25, 5, -1.5
419 -> 211, -3, 0.25, 3, -0.5
419 -> 211, -2, 1.25, 4, -1.5
419 -> 211, -3, 0.25, 2, -0.5
419 -> 211, -3, 0.25, 4, -0.5
419 -> 211, -1, 0.25, 5, -2
419 -> 211, -5, 1.75, 1, -1
420 -> 211, -2, 1.25, 2, -1.5
420 -> 211, -2, 1.25, 3, -1.5
421 -> 211, -2, 1.75, 5, -0.5
421 -> 211, -4, 1.75, 2, -0.5
423 -> 211, -5, 1.25, 4, -0.5
424 -> 211, -2, 0.75, 4, -2
424 -> 211, -3, 1.25, 3, -2
424 -> 211, -1, 1.75, 2, -1
424 -> 211, -2, 0.75, 3, -2
424 -> 211, -2, 0.25, 4, -1
424 -> 211, -1, 0.75, 3, -2
425 -> 211, -3, 1.75, 4, -0.5
425 -> 211, -1, 0.75, 4, -1.5
425 -> 211, -2, 1.75, 2, -1
425 -> 211, -1, 0.75, 5, -1.5
426 -> 211, -3, 1.25, 5, -1
426 -> 211, -2, 1.25, 3, -1
426 -> 211, -2, 1.25, 4, -1
426 -> 211, -4, 0.75, 1, -1.5
426 -> 211, -2, 0.75, 5, -2
427 -> 211, -2, 0.75, 1, -2
427 -> 211, -4, 0.75, 2, -2
427 -> 211, -2, 0.75, 5, -0.5
427 -> 211, -1, 1.75, 3, -0.5
427 -> 211, -1, 0.75, 5, -1
427 -> 211, -2, 0.75, 2, -2
427 -> 211, -4, 0.75, 3, -2
428 -> 211, -4, 0.75, 3, -0.5
428 -> 211, -3, 0.25, 5, -0.5
429 -> 211, -2, 1.75, 1, -2
429 -> 211, -2, 1.25, 5, -0.5
430 -> 211, -3, 1.25, 2, -1.5
430 -> 211, -3, 1.25, 1, -1.5
430 -> 211, -2, 0.75, 2, -0.5
431 -> 211, -3, 1.25, 4, -1.5
431 -> 211, -1, 0.25, 1, -2
431 -> 211, -3, 1.25, 5, -1.5
431 -> 211, -3, 1.25, 3, -1.5
432 -> 211, -2, 0.75, 1, -1.5
432 -> 211, -4, 1.75, 3, -1
432 -> 211, -1, 0.75, 3, -1
433 -> 211, -2, 1.75, 3, -2
433 -> 211, -1, 0.75, 1, -0.5
433 -> 211, -4, 1.25, 5, -2
433 -> 211, -5, 1.25, 1, -1
433 -> 211, -5, 1.25, 1, -1.5
433 -> 211, -4, 1.25, 4, -2
433 -> 211, -2, 1.75, 4, -2
433 -> 211, -5, 1.25, 2, -1.5
433 -> 211, -2, 1.75, 5, -2
433 -> 211, -4, 1.25, 3, -2
434 -> 211, -4, 1.75, 2, -2
434 -> 211, -4, 1.75, 4, -1
434 -> 211, -4, 1.75, 3, -2
434 -> 211, -2, 0.25, 2, -2
434 -> 211, -2, 0.25, 1, -2
435 -> 211, -3, 1.25, 1, -2
435 -> 211, -4, 0.75, 3, -1.5
435 -> 211, -4, 0.75, 2, -1.5
435 -> 211, -5, 1.25, 1, -0.5
436 -> 211, -2, 0.75, 3, -1.5
437 -> 211, -3, 1.75, 1, -0.5
437 -> 211, -2, 0.75, 5, -1
439 -> 211, -2, 0.75, 2, -1.5
439 -> 211, -3, 1.75, 4, -1
439 -> 211, -1, 0.75, 5, -0.5
439 -> 211, -5, 0.75, 3, -1.5
439 -> 211, -5, 0.75, 4, -1.5
439 -> 211, -3, 1.75, 3, -1
439 -> 211, -3, 1.75, 2, -1
441 -> 211, -2, 1.25, 4, -2
441 -> 211, -3, 0.25, 1, -1.5
441 -> 211, -2, 1.25, 5, -2
441 -> 211, -3, 0.25, 2, -1.5
441 -> 211, -1, 1.25, 2, -1
441 -> 211, -1, 1.25, 4, -2
441 -> 211, -1, 1.75, 5, -2
442 -> 211, -5, 1.25, 1, -2
442 -> 211, -5, 1.25, 2, -2
442 -> 211, -5, 1.25, 3, -2
442 -> 211, -4, 1.25, 2, -1.5
442 -> 211, -5, 1.25, 4, -2
443 -> 211, -5, 0.25, 3, -0.5
443 -> 211, -4, 1.75, 1, -1
443 -> 211, -5, 1.75, 5, -2
444 -> 211, -3, 0.25, 1, -0.5
444 -> 211, -5, 1.25, 2, -0.5
445 -> 211, -4, 1.25, 3, -1
445 -> 211, -4, 1.25, 4, -1
445 -> 211, -2, 0.75, 5, -1.5
445 -> 211, -3, 1.75, 2, -0.5
446 -> 211, -5, 1.75, 2, -1.5
446 -> 211, -2, 1.25, 2, -0.5
446 -> 211, -2, 1.25, 3, -0.5
446 -> 211, -4, 0.75, 5, -2
446 -> 211, -4, 0.75, 4, -2
447 -> 211, -4, 1.25, 2, -2
447 -> 211, -5, 1.75, 2, -2
447 -> 211, -5, 1.75, 3, -2
448 -> 211, -3, 1.25, 5, -0.5
448 -> 211, -2, 1.75, 1, -1
448 -> 211, -2, 1.25, 5, -1
448 -> 211, -5, 1.75, 4, -2
448 -> 211, -5, 0.25, 1, -2
449 -> 211, -4, 1.75, 5, -2
449 -> 211, -3, 0.75, 5, -2
450 -> 211, -5, 1.75, 5, -0.5
450 -> 211, -1, 0.25, 4, -1.5
450 -> 211, -1, 0.25, 5, -1.5
451 -> 211, -2, 1.25, 2, -1
451 -> 211, -4, 1.25, 5, -1.5
451 -> 211, -1, 1.75, 4, -2
451 -> 211, -4, 1.75, 4, -0.5
452 -> 211, -3, 0.75, 1, -2
452 -> 211, -3, 1.75, 1, -1
452 -> 211, -1, 1.25, 1, -1
452 -> 211, -5, 0.25, 2, -2
453 -> 211, -3, 1.75, 3, -0.5
453 -> 211, -2, 0.75, 4, -0.5
453 -> 211, -2, 1.25, 1, -1
453 -> 211, -1, 0.25, 4, -2
454 -> 211, -1, 0.25, 3, -2
454 -> 211, -4, 1.75, 1, -0.5
454 -> 211, -1, 1.75, 1, -1
455 -> 211, -2, 1.75, 4, -0.5
456 -> 211, -1, 0.25, 3, -1
457 -> 211, -4, 1.75, 5, -1
457 -> 211, -2, 0.25, 4, -2
457 -> 211, -2, 1.25, 3, -2
457 -> 211, -2, 0.25, 3, -2
458 -> 211, -2, 1.75, 1, -0.5
458 -> 211, -2, 1.75, 3, -0.5
458 -> 211, -2, 1.75, 2, -0.5
458 -> 211, -3, 1.25, 4, -1
459 -> 211, -2, 0.75, 1, -0.5
459 -> 211, -1, 1.75, 4, -1.5
459 -> 211, -1, 0.25, 5, -0.5
460 -> 211, -4, 0.25, 1, -1.5
461 -> 211, -4, 1.25, 1, -2
461 -> 211, -4, 1.75, 2, -1
462 -> 211, -1, 1.25, 4, -1.5
463 -> 211, -3, 1.75, 4, -2
463 -> 211, -3, 1.75, 2, -2
463 -> 211, -2, 1.25, 1, -2
463 -> 211, -3, 1.75, 5, -2
463 -> 211, -2, 0.25, 3, -1
463 -> 211, -2, 0.25, 2, -1
463 -> 211, -2, 1.25, 2, -2
463 -> 211, -4, 1.25, 4, -1.5
463 -> 211, -3, 1.75, 3, -2
463 -> 211, -4, 1.25, 3, -1.5
463 -> 211, -1, 0.25, 1, -0.5
464 -> 211, -1, 0.75, 3, -0.5
464 -> 211, -5, 1.25, 5, -2
464 -> 211, -4, 1.75, 4, -2
465 -> 211, -4, 0.75, 5, -0.5
465 -> 211, -3, 0.75, 4, -0.5
465 -> 211, -1, 0.25, 2, -1.5
465 -> 211, -1, 1.25, 5, -1.5
466 -> 211, -4, 0.25, 5, -1.5
466 -> 211, -4, 0.25, 2, -1.5
466 -> 211, -4, 0.25, 3, -1.5
466 -> 211, -4, 0.25, 4, -1.5
467 -> 211, -2, 1.75, 3, -1
467 -> 211, -2, 0.75, 3, -0.5
468 -> 211, -1, 1.25, 3, -2
468 -> 211, -1, 1.25, 2, -2
468 -> 211, -2, 1.75, 4, -1
469 -> 211, -3, 0.25, 4, -2
469 -> 211, -3, 0.25, 3, -1.5
469 -> 211, -3, 0.25, 3, -2
469 -> 211, -3, 0.25, 4, -1.5
469 -> 211, -2, 0.25, 1, -1
469 -> 211, -3, 0.25, 5, -2
469 -> 211, -3, 0.25, 5, -1.5
470 -> 211, -5, 0.75, 3, -0.5
470 -> 211, -3, 1.25, 3, -1
470 -> 211, -3, 0.75, 3, -0.5
470 -> 211, -1, 0.25, 3, -1.5
470 -> 211, -4, 1.75, 1, -2
472 -> 211, -1, 1.25, 5, -2
473 -> 211, -4, 1.25, 5, -1
473 -> 211, -1, 1.75, 1, -1.5
474 -> 211, -3, 1.75, 1, -2
475 -> 211, -4, 1.75, 1, -1.5
475 -> 211, -3, 0.75, 5, -1.5
476 -> 211, -5, 0.75, 2, -2
476 -> 211, -1, 0.25, 5, -1
476 -> 211, -1, 0.25, 4, -1
477 -> 211, -1, 1.75, 3, -2
477 -> 211, -4, 1.75, 2, -1.5
477 -> 211, -1, 1.75, 2, -2
478 -> 211, -1, 0.75, 2, -2
478 -> 211, -1, 0.75, 1, -2
479 -> 211, -4, 1.75, 3, -1.5
479 -> 211, -4, 1.75, 4, -1.5
479 -> 211, -4, 1.75, 5, -1.5
480 -> 211, -3, 0.75, 1, -1.5
480 -> 211, -3, 0.75, 3, -1.5
480 -> 211, -3, 0.75, 4, -1.5
480 -> 211, -3, 0.75, 2, -1.5
480 -> 211, -5, 0.25, 4, -0.5
481 -> 211, -4, 0.25, 3, -2
481 -> 211, -4, 0.25, 2, -2
481 -> 211, -4, 0.25, 5, -2
481 -> 211, -3, 1.75, 5, -1.5
481 -> 211, -4, 0.25, 4, -2
481 -> 211, -4, 0.25, 1, -2
482 -> 211, -5, 1.25, 4, -1.5
482 -> 211, -5, 1.25, 5, -1.5
482 -> 211, -5, 1.25, 3, -1.5
483 -> 211, -3, 1.75, 2, -1.5
483 -> 211, -1, 0.25, 3, -0.5
483 -> 211, -1, 0.25, 2, -0.5
483 -> 211, -5, 0.75, 2, -0.5
483 -> 211, -1, 0.25, 4, -0.5
483 -> 211, -3, 1.75, 1, -1.5
484 -> 211, -3, 1.75, 3, -1.5
484 -> 211, -3, 1.75, 4, -1.5
485 -> 211, -3, 1.25, 2, -1
485 -> 211, -1, 0.75, 3, -1.5
485 -> 211, -1, 0.75, 2, -1.5
486 -> 211, -1, 0.75, 1, -1.5
487 -> 211, -2, 1.25, 1, -1.5
487 -> 211, -3, 0.25, 1, -2
487 -> 211, -3, 0.25, 2, -2
487 -> 211, -5, 0.25, 5, -2
488 -> 211, -3, 0.75, 4, -2
488 -> 211, -3, 0.75, 2, -2
488 -> 211, -3, 0.75, 3, -2
488 -> 211, -5, 0.25, 4, -2
488 -> 211, -5, 0.25, 3, -2
489 -> 211, -2, 0.25, 5, -0.5
490 -> 211, -5, 0.25, 4, -1.5
490 -> 211, -3, 0.75, 4, -1
490 -> 211, -3, 0.75, 3, -1
490 -> 211, -5, 0.25, 3, -1.5
490 -> 211, -5, 0.25, 2, -1.5
491 -> 211, -2, 0.25, 5, -1
491 -> 211, -5, 0.25, 5, -0.5
492 -> 211, -3, 0.75, 2, -1
492 -> 211, -3, 0.75, 1, -1
493 -> 211, -1, 0.25, 2, -1
493 -> 211, -5, 1.25, 5, -1
494 -> 211, -1, 0.75, 4, -2
494 -> 211, -1, 0.75, 5, -2
494 -> 211, -2, 1.75, 2, -1.5
494 -> 211, -2, 1.75, 3, -1.5
494 -> 211, -2, 1.75, 1, -1.5
496 -> 211, -2, 0.75, 4, -1
496 -> 211, -2, 0.75, 2, -1
496 -> 211, -2, 0.75, 1, -1
496 -> 211, -2, 0.75, 3, -1
498 -> 211, -1, 0.75, 2, -1
498 -> 211, -1, 0.75, 1, -1
499 -> 211, -5, 1.75, 3, -0.5
499 -> 211, -5, 1.75, 4, -0.5
500 -> 211, -2, 0.25, 3, -1.5
500 -> 211, -5, 1.75, 1, -0.5
500 -> 211, -2, 0.25, 1, -1.5
500 -> 211, -5, 0.25, 5, -1.5
500 -> 211, -2, 0.25, 2, -1.5
501 -> 211, -1, 0.75, 4, -0.5
501 -> 211, -2, 1.75, 5, -1.5
501 -> 211, -2, 1.75, 4, -1.5
501 -> 211, -5, 1.25, 4, -1
502 -> 211, -5, 0.75, 5, -2
502 -> 211, -5, 0.75, 3, -2
502 -> 211, -5, 0.25, 1, -0.5
502 -> 211, -5, 0.75, 4, -2
504 -> 211, -5, 1.75, 5, -1
504 -> 211, -5, 1.75, 3, -1
504 -> 211, -5, 1.75, 4, -1
506 -> 211, -5, 1.25, 3, -1
506 -> 211, -4, 0.75, 2, -0.5
507 -> 211, -5, 0.25, 1, -1
511 -> 211, -5, 0.25, 1, -1.5
512 -> 211, -5, 0.75, 2, -1.5
512 -> 211, -5, 0.75, 1, -1.5
513 -> 211, -5, 0.25, 2, -1
514 -> 211, -1, 0.25, 1, -1
516 -> 211, -5, 0.75, 1, -2
517 -> 211, -4, 0.25, 3, -1
517 -> 211, -4, 0.25, 4, -1
517 -> 211, -4, 0.25, 1, -1
517 -> 211, -4, 0.25, 2, -1
517 -> 211, -4, 0.25, 5, -1
519 -> 211, -5, 0.25, 2, -0.5
520 -> 211, -1, 0.25, 1, -1.5
521 -> 211, -2, 0.25, 5, -1.5
521 -> 211, -2, 0.25, 4, -1.5
523 -> 211, -2, 0.25, 5, -2
525 -> 211, -4, 1.25, 2, -0.5
528 -> 211, -1, 0.75, 4, -1
528 -> 211, -2, 1.75, 5, -1
529 -> 211, -3, 1.25, 1, -1
530 -> 211, -2, 0.25, 4, -0.5
530 -> 211, -2, 0.25, 3, -0.5
530 -> 211, -2, 0.25, 2, -0.5
530 -> 211, -2, 0.25, 1, -0.5
531 -> 211, -5, 0.25, 3, -1
533 -> 211, -5, 0.75, 1, -1
535 -> 211, -4, 0.75, 4, -1.5
535 -> 211, -4, 0.75, 5, -1.5
536 -> 211, -3, 0.75, 2, -0.5
546 -> 211, -4, 0.75, 1, -0.5
548 -> 211, -5, 1.25, 2, -1
551 -> 211, -4, 0.75, 1, -1
553 -> 211, -5, 0.75, 5, -1.5
555 -> 211, -3, 0.25, 2, -1
555 -> 211, -3, 0.25, 1, -1
555 -> 211, -3, 0.25, 5, -1
555 -> 211, -3, 0.25, 3, -1
555 -> 211, -3, 0.25, 4, -1
564 -> 211, -4, 1.25, 1, -0.5
570 -> 211, -5, 0.75, 5, -1
570 -> 211, -5, 0.75, 2, -1
570 -> 211, -5, 0.75, 4, -1
570 -> 211, -5, 0.75, 3, -1
578 -> 211, -4, 1.25, 2, -1
581 -> 211, -3, 0.75, 1, -0.5
587 -> 211, -3, 0.75, 5, -0.5
593 -> 211, -3, 1.25, 3, -0.5
593 -> 211, -3, 1.25, 2, -0.5
593 -> 211, -3, 1.25, 1, -0.5
593 -> 211, -3, 1.25, 4, -0.5
593 -> 211, -4, 0.25, 1, -0.5
595 -> 211, -4, 0.25, 2, -0.5
599 -> 211, -5, 0.75, 5, -0.5
602 -> 211, -4, 0.75, 3, -1
602 -> 211, -4, 0.75, 4, -1
602 -> 211, -4, 0.75, 5, -1
602 -> 211, -4, 0.75, 2, -1
648 -> 211, -4, 0.25, 5, -0.5
648 -> 211, -4, 0.25, 4, -0.5
648 -> 211, -4, 0.25, 3, -0.5
686 -> 211, -5, 1.25, 5, -0.5
690 -> 211, -4, 1.25, 3, -0.5
