341 -> 439, -1, 1.25, 3, -0.5
354 -> 439, -3, 0.75, 5, -1
359 -> 439, -4, 1.75, 1, -1
362 -> 439, -3, 0.25, 1, -0.5
364 -> 439, -4, 1.75, 2, -1
365 -> 439, -1, 1.75, 1, -1
370 -> 439, -4, 1.75, 4, -0.5
372 -> 439, -1, 0.75, 1, -0.5
377 -> 439, -5, 0.75, 4, -0.5
379 -> 439, -2, 0.75, 5, -2
383 -> 439, -4, 0.75, 3, -0.5
385 -> 439, -5, 0.75, 5, -0.5
387 -> 439, -3, 1.75, 4, -0.5
388 -> 439, -4, 1.75, 5, -0.5
390 -> 439, -1, 1.75, 5, -1.5
390 -> 439, -3, 1.25, 5, -1.5
390 -> 439, -3, 1.25, 4, -1.5
391 -> 439, -2, 1.75, 5, -1
391 -> 439, -4, 1.75, 5, -1
392 -> 439, -4, 1.75, 1, -1.5
393 -> 439, -5, 1.25, 1, -1.5
393 -> 439, -5, 1.25, 2, -1.5
394 -> 439, -3, 0.75, 3, -0.5
395 -> 439, -4, 0.75, 1, -0.5
398 -> 439, -3, 0.75, 1, -1
401 -> 439, -2, 0.75, 1, -1
401 -> 439, -1, 1.75, 2, -1.5
402 -> 439, -1, 1.25, 5, -2
404 -> 439, -5, 0.75, 3, -0.5
406 -> 439, -1, 1.25, 4, -2
406 -> 439, -1, 1.75, 3, -1
406 -> 439, -1, 1.75, 4, -1
406 -> 439, -2, 0.75, 1, -1.5
407 -> 439, -2, 1.75, 4, -1
408 -> 439, -3, 1.25, 3, -1.5
409 -> 439, -3, 1.75, 2, -1
410 -> 439, -4, 1.75, 2, -0.5
410 -> 439, -4, 1.75, 3, -0.5
410 -> 439, -3, 0.75, 5, -0.5
410 -> 439, -4, 1.25, 5, -1.5
411 -> 439, -3, 1.25, 2, -1.5
413 -> 439, -4, 1.25, 4, -1.5
413 -> 439, -1, 1.25, 5, -1.5
413 -> 439, -4, 1.25, 3, -1.5
414 -> 439, -2, 0.75, 3, -2
414 -> 439, -4, 0.25, 1, -0.5
414 -> 439, -3, 1.75, 4, -1
415 -> 439, -3, 0.75, 2, -1
417 -> 439, -3, 0.25, 5, -1.5
417 -> 439, -2, 0.25, 5, -0.5
417 -> 439, -3, 0.25, 4, -0.5
418 -> 439, -5, 1.25, 3, -1.5
418 -> 439, -5, 1.25, 4, -1.5
418 -> 439, -5, 1.25, 5, -1.5
419 -> 439, -3, 1.75, 1, -1
419 -> 439, -1, 0.75, 1, -1
419 -> 439, -2, 0.75, 4, -2
419 -> 439, -3, 0.25, 4, -1.5
420 -> 439, -3, 0.25, 2, -1.5
420 -> 439, -3, 0.25, 3, -1.5
421 -> 439, -3, 1.25, 4, -1
421 -> 439, -3, 0.75, 1, -0.5
422 -> 439, -1, 0.75, 4, -0.5
422 -> 439, -2, 1.25, 4, -0.5
422 -> 439, -1, 1.25, 5, -0.5
424 -> 439, -3, 1.75, 3, -1
425 -> 439, -2, 0.75, 3, -1
425 -> 439, -3, 1.75, 5, -0.5
426 -> 439, -2, 0.25, 1, -1
426 -> 439, -2, 0.25, 2, -1
426 -> 439, -5, 0.75, 5, -1.5
427 -> 439, -1, 1.25, 2, -2
428 -> 439, -1, 1.25, 2, -1.5
429 -> 439, -4, 1.25, 2, -1.5
429 -> 439, -1, 1.25, 1, -0.5
429 -> 439, -4, 1.25, 1, -1.5
429 -> 439, -1, 1.25, 2, -0.5
429 -> 439, -1, 1.25, 1, -1.5
430 -> 439, -1, 1.75, 3, -1.5
430 -> 439, -1, 1.75, 4, -2
430 -> 439, -1, 1.75, 5, -2
430 -> 439, -4, 1.25, 5, -1
430 -> 439, -2, 1.25, 1, -2
430 -> 439, -1, 1.75, 2, -1
433 -> 439, -2, 1.25, 2, -1
433 -> 439, -1, 1.75, 1, -1.5
433 -> 439, -2, 1.25, 1, -1
433 -> 439, -5, 0.75, 3, -1.5
433 -> 439, -2, 0.25, 1, -0.5
433 -> 439, -2, 1.75, 5, -0.5
433 -> 439, -1, 1.25, 4, -1
433 -> 439, -1, 1.25, 4, -0.5
433 -> 439, -2, 0.25, 3, -1
434 -> 439, -3, 0.75, 4, -1
434 -> 439, -2, 1.75, 2, -1.5
434 -> 439, -2, 1.75, 1, -1.5
435 -> 439, -2, 1.25, 4, -1.5
435 -> 439, -3, 1.25, 1, -1
435 -> 439, -2, 0.75, 1, -0.5
435 -> 439, -2, 0.75, 2, -1
435 -> 439, -2, 1.75, 3, -1.5
436 -> 439, -2, 1.25, 5, -1.5
437 -> 439, -3, 1.25, 2, -1
437 -> 439, -3, 1.25, 3, -1
437 -> 439, -1, 1.25, 3, -1.5
438 -> 439, -4, 1.75, 2, -1.5
438 -> 439, -2, 0.75, 4, -1
439 -> 439, -2, 0.75, 5, -0.5
439 -> 439, -4, 0.25, 4, -1
439 -> 439, -1, 0.75, 5, -0.5
439 -> 439, -4, 1.75, 5, -1.5
439 -> 439, -4, 0.25, 5, -1
439 -> 439, -1, 1.25, 5, -1
440 -> 439, -4, 1.25, 5, -2
441 -> 439, -4, 1.25, 4, -1
441 -> 439, -3, 1.75, 5, -1
442 -> 439, -2, 1.75, 4, -1.5
442 -> 439, -2, 1.75, 5, -1.5
442 -> 439, -4, 0.75, 1, -1
443 -> 439, -4, 1.75, 4, -2
443 -> 439, -4, 1.75, 5, -2
444 -> 439, -5, 0.75, 4, -1.5
444 -> 439, -5, 0.25, 1, -0.5
444 -> 439, -4, 1.75, 3, -1.5
444 -> 439, -4, 1.75, 4, -1.5
444 -> 439, -1, 1.25, 3, -2
445 -> 439, -5, 1.75, 5, -1
445 -> 439, -5, 1.75, 4, -1
445 -> 439, -2, 0.25, 2, -0.5
446 -> 439, -3, 1.25, 5, -1
446 -> 439, -5, 0.75, 2, -1
446 -> 439, -5, 0.75, 3, -1
446 -> 439, -3, 1.25, 1, -1.5
447 -> 439, -2, 1.25, 5, -2
447 -> 439, -1, 0.75, 1, -2
447 -> 439, -1, 0.25, 2, -0.5
448 -> 439, -2, 1.75, 3, -1
448 -> 439, -1, 1.25, 4, -1.5
449 -> 439, -1, 1.75, 4, -1.5
450 -> 439, -1, 1.25, 1, -1
451 -> 439, -2, 1.75, 3, -0.5
451 -> 439, -1, 0.75, 2, -1.5
451 -> 439, -1, 1.75, 3, -0.5
452 -> 439, -5, 1.75, 1, -0.5
452 -> 439, -2, 1.25, 5, -1
452 -> 439, -2, 1.25, 4, -1
452 -> 439, -2, 1.25, 3, -1
452 -> 439, -1, 1.25, 1, -2
452 -> 439, -3, 0.75, 2, -1.5
453 -> 439, -2, 1.75, 2, -1
453 -> 439, -5, 1.75, 1, -2
453 -> 439, -3, 1.75, 5, -1.5
453 -> 439, -3, 0.75, 4, -0.5
454 -> 439, -3, 1.25, 2, -2
454 -> 439, -4, 1.75, 2, -2
454 -> 439, -4, 0.25, 3, -1
454 -> 439, -1, 1.75, 5, -1
454 -> 439, -4, 1.75, 1, -2
454 -> 439, -1, 0.75, 1, -1.5
456 -> 439, -4, 1.75, 1, -0.5
456 -> 439, -2, 1.25, 3, -1.5
456 -> 439, -3, 0.75, 3, -1
458 -> 439, -3, 0.75, 4, -2
458 -> 439, -5, 1.75, 4, -1.5
458 -> 439, -5, 1.75, 5, -1.5
458 -> 439, -3, 0.75, 3, -2
458 -> 439, -3, 0.75, 5, -2
458 -> 439, -3, 1.25, 5, -2
458 -> 439, -4, 0.75, 1, -2
459 -> 439, -4, 0.25, 2, -0.5
459 -> 439, -4, 0.25, 3, -0.5
459 -> 439, -3, 0.75, 2, -2
459 -> 439, -3, 0.75, 1, -2
459 -> 439, -4, 0.25, 5, -0.5
459 -> 439, -5, 0.25, 4, -2
459 -> 439, -5, 0.25, 3, -2
459 -> 439, -5, 0.25, 5, -2
459 -> 439, -4, 0.25, 4, -0.5
460 -> 439, -3, 1.75, 3, -0.5
460 -> 439, -3, 1.75, 2, -0.5
460 -> 439, -3, 1.25, 1, -0.5
460 -> 439, -3, 1.75, 1, -0.5
460 -> 439, -5, 1.75, 4, -2
460 -> 439, -3, 1.25, 2, -0.5
460 -> 439, -5, 1.75, 3, -2
460 -> 439, -5, 1.75, 2, -2
460 -> 439, -5, 1.75, 5, -2
460 -> 439, -3, 0.75, 2, -0.5
461 -> 439, -2, 1.25, 5, -0.5
461 -> 439, -5, 1.75, 3, -1.5
461 -> 439, -5, 1.75, 2, -1.5
461 -> 439, -2, 0.75, 1, -2
461 -> 439, -3, 0.25, 1, -1.5
461 -> 439, -2, 0.75, 2, -2
461 -> 439, -4, 0.25, 2, -1
462 -> 439, -3, 1.75, 3, -1.5
462 -> 439, -1, 1.75, 4, -0.5
462 -> 439, -3, 1.75, 2, -1.5
462 -> 439, -2, 0.75, 3, -1.5
463 -> 439, -4, 1.25, 2, -2
463 -> 439, -4, 1.25, 4, -2
463 -> 439, -1, 1.75, 3, -2
463 -> 439, -3, 1.25, 1, -2
463 -> 439, -5, 1.75, 1, -1.5
463 -> 439, -2, 1.75, 5, -2
463 -> 439, -2, 1.75, 4, -2
463 -> 439, -4, 1.25, 3, -2
464 -> 439, -4, 1.25, 1, -2
465 -> 439, -4, 0.75, 3, -2
465 -> 439, -4, 0.75, 2, -2
466 -> 439, -1, 0.75, 4, -1
466 -> 439, -1, 0.75, 3, -1
466 -> 439, -1, 0.75, 2, -1
466 -> 439, -1, 1.25, 2, -1
466 -> 439, -1, 0.75, 5, -1
467 -> 439, -5, 0.25, 5, -1.5
468 -> 439, -1, 0.75, 2, -2
468 -> 439, -2, 1.25, 3, -2
468 -> 439, -4, 1.25, 2, -1
468 -> 439, -2, 1.25, 2, -2
468 -> 439, -2, 0.75, 4, -1.5
468 -> 439, -4, 1.25, 3, -1
468 -> 439, -1, 0.75, 3, -2
468 -> 439, -4, 1.25, 1, -1
469 -> 439, -4, 1.75, 3, -1
469 -> 439, -2, 0.25, 5, -2
469 -> 439, -4, 1.75, 4, -1
469 -> 439, -2, 0.25, 4, -2
469 -> 439, -4, 0.75, 3, -1.5
470 -> 439, -4, 0.25, 3, -2
470 -> 439, -4, 0.25, 4, -2
470 -> 439, -4, 0.25, 1, -2
470 -> 439, -1, 0.25, 5, -1.5
470 -> 439, -3, 0.25, 3, -0.5
470 -> 439, -4, 0.25, 5, -2
470 -> 439, -4, 0.25, 2, -2
471 -> 439, -3, 0.75, 1, -1.5
472 -> 439, -5, 0.25, 5, -1
472 -> 439, -3, 1.25, 3, -0.5
472 -> 439, -5, 0.25, 2, -1
472 -> 439, -5, 0.25, 3, -1
472 -> 439, -5, 0.25, 4, -1
472 -> 439, -3, 1.25, 4, -0.5
473 -> 439, -2, 1.25, 3, -0.5
474 -> 439, -1, 1.75, 2, -2
474 -> 439, -1, 1.75, 1, -2
476 -> 439, -1, 0.25, 1, -1
476 -> 439, -2, 0.75, 5, -1
476 -> 439, -1, 1.75, 2, -0.5
477 -> 439, -3, 0.25, 5, -0.5
477 -> 439, -2, 1.75, 2, -2
477 -> 439, -2, 1.75, 1, -2
477 -> 439, -2, 1.75, 3, -2
478 -> 439, -4, 0.75, 4, -0.5
479 -> 439, -2, 0.75, 5, -1.5
479 -> 439, -2, 0.25, 4, -1.5
479 -> 439, -2, 0.25, 5, -1.5
479 -> 439, -2, 0.25, 3, -1.5
480 -> 439, -1, 1.75, 5, -0.5
480 -> 439, -5, 0.75, 4, -2
480 -> 439, -5, 0.75, 5, -2
480 -> 439, -1, 0.75, 3, -1.5
481 -> 439, -1, 0.25, 3, -1.5
481 -> 439, -1, 0.25, 5, -2
481 -> 439, -4, 1.75, 3, -2
481 -> 439, -1, 0.25, 4, -1.5
481 -> 439, -1, 0.25, 4, -2
481 -> 439, -1, 0.25, 1, -0.5
481 -> 439, -3, 0.75, 3, -1.5
482 -> 439, -3, 0.25, 4, -2
482 -> 439, -2, 1.25, 2, -0.5
483 -> 439, -1, 0.75, 3, -0.5
483 -> 439, -4, 0.25, 1, -1
483 -> 439, -1, 0.75, 2, -0.5
483 -> 439, -1, 0.25, 3, -2
483 -> 439, -2, 1.25, 1, -0.5
484 -> 439, -3, 0.25, 1, -1
484 -> 439, -2, 1.25, 4, -2
485 -> 439, -2, 1.25, 1, -1.5
485 -> 439, -4, 0.75, 1, -1.5
485 -> 439, -4, 0.75, 2, -1.5
486 -> 439, -1, 0.25, 4, -1
486 -> 439, -1, 0.25, 5, -1
486 -> 439, -1, 0.25, 3, -1
486 -> 439, -3, 1.25, 5, -0.5
487 -> 439, -1, 0.25, 5, -0.5
487 -> 439, -1, 0.25, 3, -0.5
487 -> 439, -1, 0.25, 4, -0.5
488 -> 439, -2, 0.25, 4, -1
488 -> 439, -4, 0.75, 5, -2
488 -> 439, -4, 0.75, 4, -2
488 -> 439, -4, 0.25, 3, -1.5
488 -> 439, -4, 0.25, 5, -1.5
488 -> 439, -4, 0.25, 2, -1.5
488 -> 439, -2, 0.25, 5, -1
488 -> 439, -4, 0.25, 4, -1.5
490 -> 439, -4, 0.25, 1, -1.5
490 -> 439, -3, 0.75, 4, -1.5
490 -> 439, -3, 0.75, 5, -1.5
491 -> 439, -5, 0.25, 1, -1
491 -> 439, -1, 0.75, 4, -2
491 -> 439, -5, 0.75, 2, -2
491 -> 439, -1, 0.75, 5, -2
491 -> 439, -5, 0.75, 3, -2
491 -> 439, -5, 0.75, 1, -2
491 -> 439, -1, 1.75, 1, -0.5
492 -> 439, -2, 0.75, 2, -0.5
494 -> 439, -4, 0.75, 2, -0.5
494 -> 439, -2, 0.25, 1, -2
495 -> 439, -1, 0.25, 1, -2
495 -> 439, -1, 0.75, 4, -1.5
497 -> 439, -3, 0.25, 5, -2
498 -> 439, -4, 0.75, 3, -1
498 -> 439, -5, 0.75, 2, -0.5
498 -> 439, -4, 0.75, 4, -1
498 -> 439, -4, 0.75, 2, -1
499 -> 439, -3, 1.75, 4, -1.5
499 -> 439, -1, 0.75, 5, -1.5
500 -> 439, -3, 0.25, 2, -0.5
500 -> 439, -1, 0.25, 1, -1.5
500 -> 439, -4, 0.75, 5, -1
503 -> 439, -5, 0.25, 3, -1.5
503 -> 439, -5, 0.25, 4, -1.5
505 -> 439, -4, 0.75, 5, -0.5
506 -> 439, -5, 0.25, 2, -1.5
509 -> 439, -2, 0.75, 4, -0.5
510 -> 439, -2, 0.25, 3, -0.5
510 -> 439, -1, 0.25, 2, -2
511 -> 439, -1, 1.25, 3, -1
512 -> 439, -1, 0.25, 2, -1
512 -> 439, -2, 1.75, 2, -0.5
513 -> 439, -2, 1.25, 2, -1.5
513 -> 439, -2, 0.25, 2, -1.5
513 -> 439, -2, 0.25, 1, -1.5
515 -> 439, -2, 0.25, 4, -0.5
516 -> 439, -5, 0.25, 1, -1.5
517 -> 439, -2, 1.75, 4, -0.5
518 -> 439, -2, 0.25, 2, -2
518 -> 439, -2, 0.25, 3, -2
522 -> 439, -2, 1.75, 1, -1
522 -> 439, -2, 0.75, 2, -1.5
524 -> 439, -1, 0.25, 2, -1.5
525 -> 439, -5, 0.75, 1, -1.5
525 -> 439, -5, 0.75, 2, -1.5
527 -> 439, -5, 1.25, 5, -2
527 -> 439, -5, 1.25, 2, -2
527 -> 439, -5, 1.25, 1, -2
527 -> 439, -5, 1.25, 4, -2
527 -> 439, -5, 1.25, 3, -2
531 -> 439, -3, 1.25, 4, -2
531 -> 439, -3, 1.25, 3, -2
532 -> 439, -4, 0.75, 4, -1.5
532 -> 439, -4, 0.75, 5, -1.5
534 -> 439, -2, 0.75, 3, -0.5
534 -> 439, -3, 1.75, 1, -1.5
542 -> 439, -4, 1.25, 5, -0.5
542 -> 439, -4, 1.25, 3, -0.5
542 -> 439, -5, 0.75, 1, -0.5
542 -> 439, -4, 1.25, 2, -0.5
542 -> 439, -4, 1.25, 1, -0.5
542 -> 439, -4, 1.25, 4, -0.5
543 -> 439, -3, 1.75, 5, -2
543 -> 439, -3, 1.75, 4, -2
545 -> 439, -3, 0.25, 1, -2
545 -> 439, -3, 0.25, 2, -2
545 -> 439, -3, 0.25, 3, -2
548 -> 439, -5, 1.75, 1, -1
548 -> 439, -5, 1.75, 3, -1
548 -> 439, -5, 1.75, 2, -1
551 -> 439, -3, 1.75, 1, -2
551 -> 439, -3, 1.75, 3, -2
551 -> 439, -3, 1.75, 2, -2
557 -> 439, -2, 1.75, 1, -0.5
610 -> 439, -5, 1.75, 5, -0.5
610 -> 439, -5, 1.75, 3, -0.5
610 -> 439, -5, 1.75, 2, -0.5
610 -> 439, -5, 1.75, 4, -0.5
617 -> 439, -5, 0.75, 1, -1
618 -> 439, -3, 0.25, 5, -1
618 -> 439, -3, 0.25, 2, -1
618 -> 439, -3, 0.25, 4, -1
618 -> 439, -3, 0.25, 3, -1
634 -> 439, -5, 0.75, 4, -1
634 -> 439, -5, 0.75, 5, -1
638 -> 439, -5, 1.25, 1, -0.5
638 -> 439, -5, 1.25, 2, -0.5
638 -> 439, -5, 1.25, 3, -0.5
638 -> 439, -5, 1.25, 4, -0.5
638 -> 439, -5, 1.25, 5, -0.5
666 -> 439, -5, 0.25, 2, -2
666 -> 439, -5, 0.25, 1, -2
713 -> 439, -5, 1.25, 3, -1
713 -> 439, -5, 1.25, 1, -1
713 -> 439, -5, 1.25, 4, -1
713 -> 439, -5, 1.25, 5, -1
713 -> 439, -5, 1.25, 2, -1
764 -> 439, -5, 0.25, 3, -0.5
764 -> 439, -5, 0.25, 4, -0.5
764 -> 439, -5, 0.25, 2, -0.5
782 -> 439, -5, 0.25, 5, -0.5
