329 -> 146, -1, 1.25, 5, -0.5
351 -> 146, -3, 1.75, 4, -0.5
360 -> 146, -4, 1.25, 4, -1.5
360 -> 146, -1, 1.75, 2, -0.5
361 -> 146, -4, 1.75, 4, -0.5
362 -> 146, -5, 1.75, 5, -1
363 -> 146, -1, 1.75, 3, -0.5
364 -> 146, -3, 0.75, 3, -0.5
365 -> 146, -2, 0.75, 1, -1.5
368 -> 146, -5, 1.25, 5, -1.5
368 -> 146, -5, 1.25, 4, -1.5
374 -> 146, -1, 1.75, 4, -0.5
379 -> 146, -4, 1.25, 1, -2
379 -> 146, -4, 1.25, 2, -2
379 -> 146, -4, 1.25, 3, -2
383 -> 146, -1, 1.25, 4, -0.5
385 -> 146, -1, 1.75, 2, -2
385 -> 146, -3, 0.75, 4, -2
385 -> 146, -3, 0.75, 3, -2
385 -> 146, -1, 1.75, 3, -2
385 -> 146, -1, 1.25, 1, -1.5
386 -> 146, -1, 1.25, 5, -2
386 -> 146, -1, 1.25, 1, -1
386 -> 146, -4, 1.75, 2, -1
389 -> 146, -1, 1.75, 5, -0.5
390 -> 146, -1, 1.75, 1, -0.5
391 -> 146, -4, 1.25, 3, -1.5
391 -> 146, -2, 1.75, 4, -0.5
394 -> 146, -3, 1.75, 1, -0.5
394 -> 146, -5, 1.75, 1, -2
395 -> 146, -4, 1.75, 3, -1
395 -> 146, -4, 1.75, 4, -1
395 -> 146, -4, 1.75, 5, -1
396 -> 146, -4, 1.25, 3, -0.5
396 -> 146, -1, 1.75, 4, -2
396 -> 146, -1, 1.75, 5, -2
397 -> 146, -1, 0.75, 4, -1
399 -> 146, -2, 1.75, 3, -0.5
400 -> 146, -1, 0.25, 3, -1
403 -> 146, -2, 1.75, 4, -1.5
403 -> 146, -1, 1.25, 3, -0.5
404 -> 146, -2, 1.75, 5, -0.5
405 -> 146, -2, 0.75, 2, -1.5
405 -> 146, -3, 1.75, 5, -2
405 -> 146, -2, 0.75, 3, -1.5
406 -> 146, -1, 1.25, 1, -0.5
406 -> 146, -4, 1.25, 5, -1
406 -> 146, -4, 1.25, 2, -0.5
407 -> 146, -2, 1.75, 3, -1
407 -> 146, -3, 1.75, 3, -0.5
407 -> 146, -5, 0.25, 5, -2
407 -> 146, -1, 1.25, 2, -0.5
407 -> 146, -5, 0.25, 4, -2
408 -> 146, -2, 1.25, 5, -0.5
409 -> 146, -4, 0.75, 4, -2
409 -> 146, -4, 0.75, 5, -2
409 -> 146, -3, 0.75, 2, -0.5
409 -> 146, -4, 0.75, 3, -2
409 -> 146, -4, 1.25, 2, -1.5
409 -> 146, -4, 0.75, 1, -2
409 -> 146, -4, 0.75, 2, -2
410 -> 146, -4, 1.75, 1, -2
410 -> 146, -1, 0.75, 3, -1
410 -> 146, -4, 1.75, 2, -2
411 -> 146, -1, 1.75, 2, -1.5
411 -> 146, -5, 0.25, 2, -2
411 -> 146, -4, 0.75, 2, -1.5
411 -> 146, -1, 1.75, 1, -1.5
412 -> 146, -2, 1.25, 3, -2
412 -> 146, -2, 1.25, 4, -2
412 -> 146, -4, 0.25, 1, -0.5
412 -> 146, -4, 1.25, 1, -0.5
413 -> 146, -2, 1.25, 2, -2
413 -> 146, -1, 0.75, 5, -1
413 -> 146, -1, 0.25, 5, -0.5
413 -> 146, -1, 0.25, 4, -0.5
414 -> 146, -2, 1.75, 1, -1.5
414 -> 146, -5, 1.75, 3, -0.5
414 -> 146, -2, 0.75, 1, -2
415 -> 146, -5, 1.75, 3, -2
415 -> 146, -1, 0.25, 3, -0.5
415 -> 146, -1, 0.25, 2, -0.5
415 -> 146, -5, 1.75, 2, -2
416 -> 146, -4, 0.25, 4, -2
416 -> 146, -4, 0.25, 5, -2
416 -> 146, -1, 0.75, 1, -0.5
417 -> 146, -3, 0.75, 5, -2
417 -> 146, -5, 0.25, 3, -2
418 -> 146, -3, 1.75, 3, -2
418 -> 146, -1, 1.25, 4, -2
418 -> 146, -3, 1.75, 4, -1.5
418 -> 146, -2, 1.25, 2, -1.5
418 -> 146, -3, 1.75, 5, -1.5
418 -> 146, -4, 1.25, 1, -1.5
418 -> 146, -3, 1.75, 3, -1.5
418 -> 146, -4, 0.25, 2, -2
418 -> 146, -4, 0.25, 3, -2
418 -> 146, -4, 0.75, 3, -1.5
418 -> 146, -3, 1.75, 2, -1.5
418 -> 146, -4, 0.25, 1, -2
418 -> 146, -2, 1.25, 3, -1.5
419 -> 146, -4, 1.25, 5, -2
419 -> 146, -1, 1.25, 2, -2
419 -> 146, -1, 1.25, 3, -2
419 -> 146, -2, 1.75, 1, -2
419 -> 146, -2, 1.75, 2, -2
419 -> 146, -2, 1.25, 4, -0.5
420 -> 146, -3, 1.75, 4, -2
420 -> 146, -5, 1.25, 4, -2
420 -> 146, -3, 1.25, 1, -1
421 -> 146, -2, 0.25, 4, -1
422 -> 146, -2, 0.75, 1, -0.5
422 -> 146, -3, 1.75, 2, -2
422 -> 146, -3, 1.75, 1, -2
423 -> 146, -3, 1.75, 1, -1
423 -> 146, -2, 1.75, 3, -1.5
423 -> 146, -1, 1.25, 3, -1
423 -> 146, -3, 1.75, 2, -1
423 -> 146, -1, 1.25, 5, -1
423 -> 146, -1, 1.25, 4, -1
424 -> 146, -2, 0.75, 2, -2
424 -> 146, -2, 0.75, 5, -1.5
424 -> 146, -2, 0.75, 4, -1.5
424 -> 146, -2, 0.75, 3, -2
425 -> 146, -2, 1.25, 5, -2
425 -> 146, -5, 1.75, 1, -1.5
426 -> 146, -1, 0.75, 2, -2
427 -> 146, -2, 1.75, 2, -1.5
427 -> 146, -1, 1.25, 2, -1
427 -> 146, -3, 0.75, 1, -0.5
427 -> 146, -1, 1.75, 1, -2
428 -> 146, -1, 0.25, 4, -1
428 -> 146, -3, 1.75, 4, -1
428 -> 146, -4, 0.75, 5, -1.5
428 -> 146, -1, 0.25, 5, -1
428 -> 146, -4, 0.75, 4, -1.5
429 -> 146, -4, 1.75, 1, -0.5
430 -> 146, -4, 0.75, 1, -1
430 -> 146, -4, 0.75, 3, -1
430 -> 146, -4, 0.75, 2, -1
431 -> 146, -1, 0.75, 1, -1.5
432 -> 146, -4, 1.25, 4, -1
432 -> 146, -4, 1.25, 3, -1
432 -> 146, -4, 1.25, 2, -1
432 -> 146, -5, 1.75, 5, -2
432 -> 146, -2, 1.25, 2, -1
433 -> 146, -4, 1.75, 2, -0.5
433 -> 146, -3, 1.75, 2, -0.5
433 -> 146, -2, 0.75, 4, -2
433 -> 146, -2, 0.75, 5, -2
433 -> 146, -5, 1.25, 1, -2
435 -> 146, -5, 1.75, 4, -2
435 -> 146, -2, 0.75, 5, -1
435 -> 146, -2, 0.75, 4, -1
435 -> 146, -2, 0.75, 2, -1
435 -> 146, -4, 0.75, 2, -0.5
435 -> 146, -4, 0.25, 3, -1
435 -> 146, -4, 0.25, 2, -1
437 -> 146, -4, 1.75, 3, -2
437 -> 146, -2, 0.25, 5, -0.5
437 -> 146, -2, 1.75, 5, -1
437 -> 146, -4, 1.75, 4, -2
437 -> 146, -2, 1.75, 4, -2
437 -> 146, -1, 0.25, 2, -1.5
437 -> 146, -3, 1.75, 5, -1
437 -> 146, -2, 1.75, 3, -2
437 -> 146, -4, 1.75, 5, -2
440 -> 146, -4, 0.25, 2, -1.5
441 -> 146, -1, 1.25, 2, -1.5
441 -> 146, -2, 1.75, 2, -1
441 -> 146, -2, 1.75, 4, -1
441 -> 146, -2, 1.75, 1, -0.5
441 -> 146, -2, 1.25, 4, -1.5
442 -> 146, -5, 1.75, 5, -1.5
442 -> 146, -3, 0.25, 2, -1
442 -> 146, -3, 0.75, 5, -1
442 -> 146, -5, 1.75, 4, -1.5
442 -> 146, -5, 1.75, 3, -1.5
442 -> 146, -4, 0.25, 1, -1.5
442 -> 146, -3, 0.25, 1, -1
442 -> 146, -4, 0.75, 1, -1.5
442 -> 146, -5, 1.75, 2, -1.5
443 -> 146, -2, 1.25, 1, -2
443 -> 146, -2, 0.75, 1, -1
444 -> 146, -2, 1.25, 1, -1
445 -> 146, -1, 0.25, 3, -2
445 -> 146, -1, 0.25, 4, -2
445 -> 146, -1, 0.25, 2, -2
446 -> 146, -4, 1.25, 4, -2
446 -> 146, -4, 0.25, 3, -1.5
447 -> 146, -5, 0.25, 2, -1.5
447 -> 146, -5, 1.25, 3, -1.5
447 -> 146, -5, 1.25, 2, -1.5
447 -> 146, -5, 0.25, 5, -1.5
447 -> 146, -1, 0.25, 5, -2
447 -> 146, -5, 0.25, 1, -1.5
447 -> 146, -3, 1.25, 5, -1
449 -> 146, -1, 1.25, 5, -1.5
449 -> 146, -1, 1.25, 4, -1.5
449 -> 146, -1, 1.25, 3, -1.5
449 -> 146, -1, 0.75, 5, -1.5
449 -> 146, -1, 0.75, 1, -1
450 -> 146, -1, 0.25, 1, -0.5
451 -> 146, -2, 1.25, 4, -1
451 -> 146, -2, 1.25, 5, -1
452 -> 146, -2, 0.25, 2, -1
452 -> 146, -2, 0.25, 3, -1
453 -> 146, -4, 0.25, 5, -0.5
453 -> 146, -5, 1.25, 3, -2
453 -> 146, -2, 1.75, 5, -1.5
454 -> 146, -1, 1.75, 4, -1
454 -> 146, -1, 0.75, 1, -2
454 -> 146, -1, 0.75, 4, -0.5
454 -> 146, -1, 1.75, 5, -1
455 -> 146, -2, 0.75, 3, -1
455 -> 146, -1, 1.75, 4, -1.5
456 -> 146, -1, 0.25, 3, -1.5
456 -> 146, -1, 1.25, 1, -2
456 -> 146, -1, 0.25, 5, -1.5
456 -> 146, -1, 0.25, 4, -1.5
456 -> 146, -3, 0.25, 5, -0.5
456 -> 146, -4, 0.75, 1, -0.5
457 -> 146, -3, 1.75, 3, -1
458 -> 146, -2, 1.75, 2, -0.5
458 -> 146, -3, 0.75, 4, -1
458 -> 146, -1, 0.75, 5, -0.5
458 -> 146, -3, 0.75, 3, -1
459 -> 146, -5, 1.25, 2, -2
461 -> 146, -1, 0.25, 1, -2
461 -> 146, -3, 0.25, 1, -0.5
462 -> 146, -5, 1.25, 1, -1.5
462 -> 146, -3, 0.25, 1, -2
464 -> 146, -3, 0.75, 2, -2
464 -> 146, -2, 1.75, 1, -1
466 -> 146, -1, 0.25, 1, -1.5
468 -> 146, -3, 1.25, 2, -2
468 -> 146, -3, 1.25, 3, -2
468 -> 146, -3, 1.25, 4, -2
468 -> 146, -4, 1.25, 1, -1
468 -> 146, -3, 1.25, 5, -2
469 -> 146, -5, 0.25, 3, -1.5
469 -> 146, -5, 0.25, 4, -1.5
469 -> 146, -5, 1.75, 4, -1
469 -> 146, -5, 1.75, 2, -1
469 -> 146, -5, 1.75, 3, -1
470 -> 146, -5, 0.75, 1, -1.5
470 -> 146, -1, 0.75, 3, -2
470 -> 146, -1, 1.75, 3, -1
471 -> 146, -5, 1.75, 1, -1
471 -> 146, -2, 0.25, 1, -1
471 -> 146, -2, 1.75, 5, -2
472 -> 146, -3, 1.75, 1, -1.5
472 -> 146, -1, 0.75, 3, -0.5
473 -> 146, -3, 0.75, 1, -1
474 -> 146, -1, 0.75, 2, -1
474 -> 146, -2, 1.25, 1, -1.5
474 -> 146, -4, 0.25, 5, -1
474 -> 146, -4, 0.25, 4, -1
475 -> 146, -3, 1.25, 2, -1
475 -> 146, -3, 0.75, 1, -1.5
476 -> 146, -2, 1.25, 5, -1.5
477 -> 146, -4, 1.25, 5, -1.5
478 -> 146, -1, 1.75, 3, -1.5
478 -> 146, -1, 1.75, 1, -1
478 -> 146, -1, 1.75, 2, -1
480 -> 146, -3, 0.25, 4, -1.5
480 -> 146, -3, 0.25, 3, -1.5
480 -> 146, -3, 0.25, 2, -1.5
480 -> 146, -3, 0.25, 1, -1.5
480 -> 146, -3, 0.25, 5, -1.5
480 -> 146, -1, 1.75, 5, -1.5
481 -> 146, -2, 0.75, 2, -0.5
481 -> 146, -3, 1.25, 1, -2
483 -> 146, -1, 0.75, 2, -1.5
483 -> 146, -1, 0.75, 3, -1.5
483 -> 146, -1, 0.75, 4, -1.5
485 -> 146, -3, 1.25, 3, -1
485 -> 146, -2, 0.25, 2, -1.5
485 -> 146, -3, 1.25, 4, -1
485 -> 146, -4, 1.75, 3, -0.5
485 -> 146, -2, 0.25, 3, -1.5
485 -> 146, -2, 0.25, 5, -1.5
485 -> 146, -2, 0.25, 4, -1.5
486 -> 146, -1, 0.25, 2, -1
486 -> 146, -1, 0.25, 1, -1
486 -> 146, -4, 0.25, 4, -0.5
486 -> 146, -5, 0.75, 5, -1
487 -> 146, -4, 1.75, 5, -1.5
488 -> 146, -1, 0.75, 5, -2
488 -> 146, -1, 0.75, 4, -2
488 -> 146, -4, 1.75, 1, -1
489 -> 146, -4, 1.75, 4, -1.5
489 -> 146, -4, 1.75, 3, -1.5
489 -> 146, -4, 1.75, 2, -1.5
489 -> 146, -4, 1.75, 1, -1.5
490 -> 146, -3, 0.25, 5, -1
490 -> 146, -2, 0.25, 1, -1.5
491 -> 146, -2, 0.25, 4, -2
491 -> 146, -3, 0.25, 3, -0.5
491 -> 146, -2, 0.25, 3, -2
491 -> 146, -2, 0.25, 5, -2
491 -> 146, -2, 0.25, 2, -2
491 -> 146, -2, 0.25, 1, -2
492 -> 146, -5, 1.25, 5, -0.5
492 -> 146, -5, 1.25, 4, -0.5
495 -> 146, -3, 0.75, 2, -1
496 -> 146, -3, 0.25, 4, -1
496 -> 146, -2, 0.25, 5, -1
496 -> 146, -3, 0.25, 3, -1
497 -> 146, -4, 0.25, 4, -1.5
499 -> 146, -2, 1.25, 1, -0.5
499 -> 146, -4, 0.75, 4, -1
499 -> 146, -2, 1.25, 2, -0.5
499 -> 146, -2, 1.25, 3, -0.5
500 -> 146, -5, 0.75, 2, -2
500 -> 146, -5, 0.75, 1, -2
500 -> 146, -5, 0.75, 3, -2
500 -> 146, -5, 0.75, 5, -2
500 -> 146, -5, 0.75, 4, -2
501 -> 146, -3, 1.25, 2, -0.5
502 -> 146, -3, 1.25, 1, -0.5
502 -> 146, -1, 0.75, 2, -0.5
504 -> 146, -4, 0.25, 5, -1.5
505 -> 146, -3, 0.25, 2, -2
505 -> 146, -3, 0.25, 5, -2
505 -> 146, -3, 0.25, 4, -2
505 -> 146, -3, 0.25, 3, -2
505 -> 146, -2, 1.25, 3, -1
508 -> 146, -3, 0.75, 1, -2
511 -> 146, -4, 0.25, 3, -0.5
511 -> 146, -2, 0.25, 1, -0.5
514 -> 146, -5, 0.25, 1, -2
515 -> 146, -3, 0.25, 2, -0.5
522 -> 146, -4, 1.25, 4, -0.5
522 -> 146, -4, 1.25, 5, -0.5
522 -> 146, -5, 1.25, 5, -2
525 -> 146, -2, 0.25, 2, -0.5
525 -> 146, -2, 0.25, 3, -0.5
525 -> 146, -2, 0.25, 4, -0.5
526 -> 146, -5, 0.75, 1, -1
527 -> 146, -5, 0.25, 5, -0.5
527 -> 146, -5, 0.25, 4, -0.5
527 -> 146, -3, 1.75, 5, -0.5
529 -> 146, -5, 0.25, 2, -0.5
529 -> 146, -5, 0.25, 3, -0.5
534 -> 146, -5, 1.25, 1, -0.5
543 -> 146, -5, 0.25, 1, -1
544 -> 146, -5, 0.25, 3, -1
544 -> 146, -5, 0.25, 4, -1
544 -> 146, -5, 0.25, 5, -1
544 -> 146, -5, 0.25, 2, -1
546 -> 146, -4, 0.75, 5, -1
550 -> 146, -5, 0.75, 2, -1.5
550 -> 146, -5, 0.75, 3, -1.5
550 -> 146, -5, 0.75, 5, -1.5
550 -> 146, -5, 0.75, 4, -1.5
553 -> 146, -4, 0.75, 3, -0.5
554 -> 146, -5, 0.75, 2, -1
554 -> 146, -5, 0.75, 4, -1
554 -> 146, -5, 0.75, 3, -1
556 -> 146, -4, 0.75, 5, -0.5
557 -> 146, -4, 0.25, 2, -0.5
560 -> 146, -5, 0.25, 1, -0.5
564 -> 146, -3, 0.25, 4, -0.5
569 -> 146, -3, 0.75, 5, -1.5
569 -> 146, -3, 0.75, 2, -1.5
569 -> 146, -3, 0.75, 4, -1.5
569 -> 146, -4, 0.75, 4, -0.5
569 -> 146, -3, 0.75, 3, -1.5
571 -> 146, -3, 1.25, 5, -0.5
575 -> 146, -3, 1.25, 2, -1.5
575 -> 146, -3, 1.25, 3, -1.5
575 -> 146, -3, 1.25, 4, -1.5
575 -> 146, -3, 1.25, 1, -1.5
575 -> 146, -3, 1.25, 5, -1.5
584 -> 146, -2, 0.75, 3, -0.5
584 -> 146, -2, 0.75, 4, -0.5
584 -> 146, -2, 0.75, 5, -0.5
585 -> 146, -5, 0.75, 4, -0.5
586 -> 146, -4, 0.25, 1, -1
591 -> 146, -4, 1.75, 5, -0.5
603 -> 146, -5, 1.75, 5, -0.5
603 -> 146, -5, 1.75, 4, -0.5
624 -> 146, -3, 0.75, 5, -0.5
624 -> 146, -3, 0.75, 4, -0.5
627 -> 146, -5, 1.25, 2, -0.5
627 -> 146, -5, 1.25, 3, -0.5
644 -> 146, -5, 0.75, 3, -0.5
644 -> 146, -5, 0.75, 2, -0.5
645 -> 146, -5, 0.75, 1, -0.5
650 -> 146, -5, 1.25, 1, -1
650 -> 146, -5, 1.25, 5, -1
650 -> 146, -5, 1.25, 2, -1
650 -> 146, -5, 1.25, 4, -1
650 -> 146, -5, 1.25, 3, -1
652 -> 146, -3, 1.25, 4, -0.5
652 -> 146, -3, 1.25, 3, -0.5
668 -> 146, -5, 0.75, 5, -0.5
700 -> 146, -5, 1.75, 2, -0.5
700 -> 146, -5, 1.75, 1, -0.5
