325 -> 344, -5, 0.75, 4, -1
335 -> 344, -5, 0.75, 3, -1
335 -> 344, -5, 0.75, 2, -1
347 -> 344, -5, 0.75, 5, -1
358 -> 344, -2, 1.75, 1, -1
368 -> 344, -4, 1.25, 3, -1.5
371 -> 344, -1, 0.75, 2, -0.5
382 -> 344, -5, 1.25, 5, -1.5
384 -> 344, -1, 1.75, 2, -1.5
384 -> 344, -3, 0.75, 5, -0.5
386 -> 344, -2, 1.75, 3, -1.5
394 -> 344, -1, 0.25, 3, -1
394 -> 344, -5, 0.75, 1, -1
394 -> 344, -1, 0.25, 4, -1
394 -> 344, -1, 0.25, 5, -1
395 -> 344, -2, 0.25, 5, -0.5
396 -> 344, -3, 1.25, 2, -1
397 -> 344, -5, 0.25, 5, -0.5
399 -> 344, -4, 0.75, 5, -1
399 -> 344, -5, 1.25, 1, -1.5
403 -> 344, -5, 1.25, 5, -2
403 -> 344, -5, 1.25, 1, -2
403 -> 344, -5, 1.25, 3, -2
403 -> 344, -5, 1.25, 2, -2
403 -> 344, -5, 1.25, 4, -2
404 -> 344, -3, 0.75, 4, -1.5
404 -> 344, -3, 0.75, 5, -1.5
404 -> 344, -1, 0.25, 2, -0.5
406 -> 344, -2, 1.25, 5, -1.5
407 -> 344, -2, 0.25, 4, -0.5
408 -> 344, -2, 1.75, 2, -1.5
409 -> 344, -1, 0.25, 1, -0.5
409 -> 344, -3, 0.75, 2, -1.5
409 -> 344, -3, 0.75, 3, -1.5
409 -> 344, -3, 0.75, 1, -1.5
410 -> 344, -5, 1.75, 4, -1.5
410 -> 344, -1, 1.25, 3, -1
410 -> 344, -4, 0.75, 2, -2
410 -> 344, -4, 0.75, 3, -2
411 -> 344, -2, 1.25, 3, -1.5
411 -> 344, -4, 0.25, 4, -0.5
411 -> 344, -2, 1.25, 2, -1.5
411 -> 344, -2, 1.25, 4, -1.5
412 -> 344, -1, 1.75, 2, -0.5
412 -> 344, -2, 1.25, 1, -0.5
412 -> 344, -2, 1.25, 5, -2
413 -> 344, -3, 1.75, 4, -1.5
415 -> 344, -3, 1.75, 3, -2
417 -> 344, -3, 0.75, 4, -1
419 -> 344, -2, 1.25, 1, -1.5
420 -> 344, -5, 1.75, 1, -1.5
420 -> 344, -4, 1.25, 5, -2
420 -> 344, -2, 1.25, 3, -0.5
421 -> 344, -3, 0.75, 3, -1
422 -> 344, -4, 1.25, 1, -1
423 -> 344, -5, 1.25, 3, -0.5
423 -> 344, -1, 0.75, 5, -2
423 -> 344, -3, 1.25, 2, -1.5
423 -> 344, -3, 1.25, 3, -1.5
423 -> 344, -3, 1.25, 4, -1.5
423 -> 344, -1, 0.75, 4, -2
425 -> 344, -3, 1.25, 5, -1.5
426 -> 344, -1, 0.75, 1, -0.5
427 -> 344, -2, 1.75, 5, -0.5
428 -> 344, -3, 0.75, 2, -1
428 -> 344, -2, 0.75, 1, -2
429 -> 344, -4, 1.75, 3, -1
431 -> 344, -2, 1.25, 2, -1
432 -> 344, -3, 1.25, 3, -1
432 -> 344, -1, 1.75, 2, -1
432 -> 344, -1, 1.75, 3, -0.5
432 -> 344, -3, 1.75, 2, -2
432 -> 344, -1, 1.75, 4, -1
433 -> 344, -1, 1.75, 4, -1.5
433 -> 344, -1, 1.75, 1, -1.5
434 -> 344, -4, 0.75, 1, -2
434 -> 344, -2, 1.75, 5, -1.5
434 -> 344, -3, 1.75, 5, -1.5
436 -> 344, -1, 1.75, 3, -1.5
439 -> 344, -3, 1.25, 1, -1.5
439 -> 344, -1, 1.75, 5, -1
440 -> 344, -1, 1.75, 1, -0.5
440 -> 344, -2, 1.75, 5, -1
440 -> 344, -3, 0.75, 1, -1
440 -> 344, -1, 1.25, 4, -1
440 -> 344, -3, 1.75, 4, -2
440 -> 344, -3, 1.75, 5, -2
441 -> 344, -5, 1.75, 2, -1.5
441 -> 344, -3, 1.25, 1, -1
441 -> 344, -1, 0.25, 4, -0.5
441 -> 344, -1, 0.25, 3, -0.5
441 -> 344, -5, 1.75, 3, -1.5
442 -> 344, -1, 1.75, 2, -2
442 -> 344, -1, 1.75, 3, -1
442 -> 344, -1, 1.75, 1, -2
442 -> 344, -5, 1.75, 5, -1.5
444 -> 344, -2, 1.25, 3, -1
444 -> 344, -1, 0.75, 5, -0.5
444 -> 344, -1, 0.75, 4, -0.5
444 -> 344, -4, 1.75, 2, -1
445 -> 344, -3, 1.75, 4, -0.5
446 -> 344, -5, 1.25, 1, -0.5
447 -> 344, -1, 1.75, 5, -1.5
447 -> 344, -1, 0.25, 5, -0.5
448 -> 344, -2, 1.75, 5, -2
448 -> 344, -3, 0.25, 1, -1
448 -> 344, -3, 1.75, 3, -0.5
449 -> 344, -4, 0.75, 5, -2
449 -> 344, -5, 1.75, 2, -0.5
449 -> 344, -4, 0.75, 4, -2
450 -> 344, -1, 0.75, 3, -2
450 -> 344, -5, 0.25, 2, -1.5
450 -> 344, -5, 0.25, 1, -1.5
451 -> 344, -1, 1.75, 4, -2
452 -> 344, -2, 0.75, 4, -0.5
452 -> 344, -2, 0.75, 5, -0.5
452 -> 344, -2, 1.75, 1, -1.5
453 -> 344, -5, 0.75, 5, -2
453 -> 344, -2, 0.25, 3, -0.5
453 -> 344, -1, 1.25, 5, -1.5
453 -> 344, -5, 0.75, 3, -2
453 -> 344, -5, 0.75, 1, -2
453 -> 344, -4, 0.25, 5, -0.5
453 -> 344, -5, 0.75, 2, -2
453 -> 344, -5, 0.75, 4, -2
453 -> 344, -2, 0.75, 4, -2
453 -> 344, -1, 1.25, 4, -1.5
454 -> 344, -4, 1.25, 2, -2
454 -> 344, -4, 0.75, 3, -1
454 -> 344, -4, 1.25, 3, -2
454 -> 344, -4, 0.75, 4, -1
454 -> 344, -4, 1.25, 4, -2
455 -> 344, -1, 0.75, 3, -0.5
455 -> 344, -4, 0.75, 5, -0.5
455 -> 344, -1, 1.25, 3, -1.5
455 -> 344, -3, 1.75, 1, -1.5
455 -> 344, -5, 1.25, 5, -0.5
455 -> 344, -5, 1.25, 2, -1
457 -> 344, -3, 0.25, 2, -0.5
457 -> 344, -3, 0.25, 1, -0.5
457 -> 344, -1, 0.75, 2, -2
458 -> 344, -3, 0.25, 3, -0.5
459 -> 344, -1, 0.75, 2, -1
461 -> 344, -5, 1.75, 4, -2
461 -> 344, -2, 0.75, 5, -1
461 -> 344, -1, 0.25, 1, -2
462 -> 344, -2, 0.75, 3, -1.5
463 -> 344, -1, 0.25, 2, -2
463 -> 344, -1, 1.25, 1, -1.5
463 -> 344, -1, 1.25, 2, -1.5
463 -> 344, -1, 0.25, 3, -2
463 -> 344, -1, 0.25, 4, -2
464 -> 344, -5, 1.25, 2, -1.5
464 -> 344, -2, 0.75, 2, -2
465 -> 344, -3, 0.25, 2, -1
465 -> 344, -3, 0.25, 3, -1
465 -> 344, -2, 1.75, 1, -2
465 -> 344, -2, 1.75, 3, -2
465 -> 344, -2, 1.25, 1, -2
465 -> 344, -2, 1.75, 2, -2
466 -> 344, -5, 1.75, 1, -2
466 -> 344, -3, 1.75, 3, -1.5
466 -> 344, -2, 0.25, 2, -1.5
466 -> 344, -3, 1.75, 2, -1.5
466 -> 344, -2, 0.25, 1, -1.5
466 -> 344, -5, 1.75, 2, -2
466 -> 344, -5, 1.75, 3, -2
467 -> 344, -1, 1.75, 3, -2
467 -> 344, -5, 1.75, 4, -1
467 -> 344, -2, 0.75, 3, -0.5
467 -> 344, -5, 1.75, 5, -1
467 -> 344, -5, 0.25, 3, -1.5
467 -> 344, -2, 0.75, 5, -2
467 -> 344, -2, 1.25, 2, -2
467 -> 344, -2, 1.25, 3, -2
467 -> 344, -2, 1.25, 4, -2
467 -> 344, -1, 0.25, 2, -1
468 -> 344, -2, 1.75, 4, -1.5
468 -> 344, -1, 1.25, 5, -1
469 -> 344, -5, 0.25, 5, -1.5
469 -> 344, -1, 1.25, 1, -0.5
470 -> 344, -3, 1.25, 4, -1
470 -> 344, -3, 1.25, 5, -2
470 -> 344, -3, 1.25, 4, -2
470 -> 344, -3, 1.25, 3, -2
470 -> 344, -1, 0.75, 1, -2
470 -> 344, -3, 1.25, 2, -2
470 -> 344, -3, 1.25, 1, -2
472 -> 344, -1, 1.25, 1, -1
472 -> 344, -1, 1.25, 2, -1
473 -> 344, -2, 0.75, 1, -0.5
474 -> 344, -4, 1.25, 3, -1
474 -> 344, -1, 1.25, 4, -0.5
474 -> 344, -4, 1.25, 2, -1.5
474 -> 344, -4, 1.25, 2, -1
474 -> 344, -4, 1.25, 5, -1
474 -> 344, -1, 1.25, 2, -0.5
474 -> 344, -1, 0.25, 1, -1
474 -> 344, -4, 1.25, 4, -1
474 -> 344, -1, 1.25, 3, -0.5
475 -> 344, -3, 0.25, 1, -2
475 -> 344, -3, 0.25, 5, -2
475 -> 344, -3, 0.25, 5, -0.5
475 -> 344, -3, 0.25, 4, -2
475 -> 344, -3, 0.25, 3, -2
475 -> 344, -3, 0.25, 2, -2
475 -> 344, -4, 1.75, 2, -1.5
475 -> 344, -4, 1.25, 4, -1.5
475 -> 344, -4, 1.25, 5, -1.5
475 -> 344, -4, 1.75, 1, -1.5
476 -> 344, -4, 1.75, 5, -1.5
476 -> 344, -4, 1.75, 4, -1.5
476 -> 344, -4, 1.75, 3, -1.5
476 -> 344, -2, 0.75, 2, -0.5
476 -> 344, -2, 1.25, 2, -0.5
476 -> 344, -4, 1.75, 1, -2
477 -> 344, -1, 1.75, 5, -2
478 -> 344, -5, 1.75, 5, -2
479 -> 344, -2, 0.75, 4, -1
479 -> 344, -3, 0.75, 1, -2
479 -> 344, -3, 1.75, 1, -2
480 -> 344, -2, 0.75, 3, -2
480 -> 344, -4, 1.75, 5, -1
480 -> 344, -1, 0.25, 5, -2
480 -> 344, -4, 1.75, 4, -1
480 -> 344, -2, 1.25, 1, -1
480 -> 344, -2, 1.75, 4, -0.5
481 -> 344, -2, 1.25, 4, -1
481 -> 344, -2, 1.25, 5, -1
482 -> 344, -4, 1.25, 2, -0.5
482 -> 344, -3, 1.75, 1, -1
482 -> 344, -4, 1.25, 3, -0.5
483 -> 344, -3, 1.75, 3, -1
483 -> 344, -1, 1.25, 3, -2
483 -> 344, -3, 1.75, 2, -1
484 -> 344, -2, 0.25, 3, -1.5
484 -> 344, -1, 1.25, 5, -0.5
484 -> 344, -2, 0.25, 5, -1.5
484 -> 344, -2, 0.25, 4, -1.5
484 -> 344, -2, 0.75, 2, -1.5
484 -> 344, -2, 0.75, 1, -1.5
485 -> 344, -1, 1.25, 5, -2
485 -> 344, -1, 1.25, 4, -2
486 -> 344, -2, 0.75, 4, -1.5
486 -> 344, -2, 0.75, 5, -1.5
487 -> 344, -3, 1.75, 4, -1
487 -> 344, -3, 1.75, 5, -1
488 -> 344, -2, 1.75, 2, -1
488 -> 344, -2, 1.75, 3, -0.5
488 -> 344, -2, 1.75, 3, -1
488 -> 344, -2, 1.75, 4, -1
489 -> 344, -4, 1.25, 1, -0.5
490 -> 344, -4, 1.75, 1, -1
491 -> 344, -2, 1.75, 4, -2
492 -> 344, -4, 0.75, 2, -1.5
492 -> 344, -4, 0.75, 5, -1.5
492 -> 344, -4, 0.75, 1, -1.5
492 -> 344, -4, 0.75, 3, -1.5
492 -> 344, -4, 0.75, 4, -1.5
493 -> 344, -4, 1.25, 1, -2
493 -> 344, -3, 1.25, 5, -1
494 -> 344, -3, 0.75, 5, -1
495 -> 344, -4, 0.25, 1, -0.5
495 -> 344, -4, 0.25, 3, -0.5
495 -> 344, -4, 0.25, 2, -0.5
496 -> 344, -1, 0.75, 5, -1
496 -> 344, -1, 1.25, 2, -2
496 -> 344, -1, 0.75, 4, -1
497 -> 344, -3, 0.25, 5, -1.5
497 -> 344, -1, 0.75, 3, -1
498 -> 344, -4, 0.25, 1, -1
498 -> 344, -2, 0.25, 2, -0.5
499 -> 344, -1, 0.75, 3, -1.5
499 -> 344, -1, 0.75, 5, -1.5
499 -> 344, -1, 0.75, 4, -1.5
500 -> 344, -1, 0.75, 1, -1.5
500 -> 344, -1, 0.75, 2, -1.5
501 -> 344, -1, 1.75, 1, -1
501 -> 344, -1, 1.75, 5, -0.5
501 -> 344, -1, 1.75, 4, -0.5
502 -> 344, -4, 0.25, 5, -1.5
502 -> 344, -4, 0.25, 4, -1.5
502 -> 344, -5, 1.25, 2, -0.5
502 -> 344, -4, 0.25, 3, -1.5
503 -> 344, -2, 0.25, 1, -0.5
504 -> 344, -5, 0.75, 5, -0.5
504 -> 344, -5, 1.75, 5, -0.5
508 -> 344, -1, 0.25, 1, -1.5
508 -> 344, -1, 0.25, 5, -1.5
508 -> 344, -1, 0.25, 2, -1.5
508 -> 344, -1, 0.25, 3, -1.5
508 -> 344, -1, 0.25, 4, -1.5
509 -> 344, -4, 1.25, 1, -1.5
509 -> 344, -4, 0.75, 3, -0.5
509 -> 344, -4, 0.75, 4, -0.5
509 -> 344, -4, 0.75, 2, -0.5
510 -> 344, -4, 0.25, 5, -1
510 -> 344, -3, 0.75, 4, -0.5
510 -> 344, -4, 0.75, 1, -0.5
511 -> 344, -3, 1.75, 2, -0.5
511 -> 344, -2, 0.75, 3, -1
511 -> 344, -2, 0.75, 2, -1
511 -> 344, -2, 0.75, 1, -1
511 -> 344, -2, 1.75, 2, -0.5
511 -> 344, -3, 1.75, 1, -0.5
511 -> 344, -2, 1.75, 1, -0.5
512 -> 344, -1, 0.75, 1, -1
513 -> 344, -5, 0.25, 5, -1
514 -> 344, -3, 1.25, 2, -0.5
514 -> 344, -1, 1.25, 1, -2
514 -> 344, -3, 1.25, 4, -0.5
514 -> 344, -3, 1.25, 3, -0.5
515 -> 344, -3, 0.25, 4, -1
515 -> 344, -3, 0.25, 5, -1
517 -> 344, -2, 0.25, 4, -2
517 -> 344, -2, 0.25, 1, -2
517 -> 344, -2, 0.25, 5, -2
517 -> 344, -2, 0.25, 3, -2
517 -> 344, -2, 0.25, 2, -2
519 -> 344, -3, 0.75, 2, -0.5
519 -> 344, -3, 0.75, 1, -0.5
520 -> 344, -2, 0.25, 5, -1
520 -> 344, -3, 0.75, 3, -0.5
520 -> 344, -5, 0.25, 4, -1.5
520 -> 344, -2, 0.25, 3, -1
520 -> 344, -2, 0.25, 4, -1
521 -> 344, -5, 1.25, 5, -1
521 -> 344, -5, 1.25, 3, -1
521 -> 344, -5, 1.25, 4, -1
522 -> 344, -3, 1.25, 1, -0.5
524 -> 344, -4, 1.75, 5, -2
524 -> 344, -4, 1.75, 4, -2
524 -> 344, -4, 1.75, 3, -2
524 -> 344, -4, 1.75, 2, -2
524 -> 344, -3, 0.25, 4, -0.5
525 -> 344, -4, 0.25, 1, -1.5
525 -> 344, -4, 0.25, 2, -1.5
526 -> 344, -5, 1.25, 4, -0.5
527 -> 344, -2, 0.25, 2, -1
527 -> 344, -5, 1.25, 1, -1
527 -> 344, -2, 0.25, 1, -1
528 -> 344, -3, 0.25, 4, -1.5
528 -> 344, -3, 0.25, 3, -1.5
528 -> 344, -3, 0.25, 2, -1.5
528 -> 344, -3, 0.25, 1, -1.5
532 -> 344, -3, 0.75, 5, -2
532 -> 344, -3, 0.75, 3, -2
532 -> 344, -3, 0.75, 2, -2
532 -> 344, -3, 0.75, 4, -2
533 -> 344, -2, 1.25, 4, -0.5
533 -> 344, -2, 1.25, 5, -0.5
536 -> 344, -4, 0.75, 1, -1
536 -> 344, -4, 0.75, 2, -1
538 -> 344, -4, 0.25, 3, -1
538 -> 344, -4, 0.25, 4, -1
538 -> 344, -4, 0.25, 2, -1
539 -> 344, -5, 1.25, 3, -1.5
539 -> 344, -5, 1.25, 4, -1.5
543 -> 344, -4, 1.75, 3, -0.5
543 -> 344, -4, 1.75, 4, -0.5
544 -> 344, -3, 1.25, 5, -0.5
545 -> 344, -5, 0.25, 3, -2
545 -> 344, -5, 0.25, 5, -2
545 -> 344, -5, 0.25, 4, -2
549 -> 344, -3, 1.75, 5, -0.5
553 -> 344, -5, 0.25, 1, -2
553 -> 344, -5, 0.25, 2, -2
555 -> 344, -5, 0.25, 4, -1
555 -> 344, -5, 0.25, 3, -1
555 -> 344, -5, 0.25, 2, -1
555 -> 344, -5, 0.25, 1, -1
571 -> 344, -4, 1.75, 5, -0.5
578 -> 344, -4, 1.25, 4, -0.5
578 -> 344, -4, 1.25, 5, -0.5
584 -> 344, -5, 1.75, 2, -1
584 -> 344, -5, 1.75, 3, -1
584 -> 344, -5, 1.75, 1, -1
593 -> 344, -5, 1.75, 1, -0.5
594 -> 344, -5, 0.25, 4, -0.5
597 -> 344, -5, 0.25, 1, -0.5
597 -> 344, -5, 0.25, 2, -0.5
606 -> 344, -5, 0.25, 3, -0.5
606 -> 344, -4, 0.25, 1, -2
606 -> 344, -4, 0.25, 2, -2
606 -> 344, -4, 0.25, 3, -2
606 -> 344, -4, 0.25, 4, -2
606 -> 344, -4, 0.25, 5, -2
617 -> 344, -5, 1.75, 4, -0.5
617 -> 344, -5, 1.75, 3, -0.5
631 -> 344, -5, 0.75, 3, -1.5
631 -> 344, -5, 0.75, 4, -1.5
631 -> 344, -4, 1.75, 1, -0.5
631 -> 344, -4, 1.75, 2, -0.5
631 -> 344, -5, 0.75, 5, -1.5
634 -> 344, -5, 0.75, 2, -1.5
634 -> 344, -5, 0.75, 1, -1.5
711 -> 344, -5, 0.75, 2, -0.5
711 -> 344, -5, 0.75, 1, -0.5
711 -> 344, -5, 0.75, 4, -0.5
711 -> 344, -5, 0.75, 3, -0.5
