361 -> 448, -2, 1.25, 1, -0.5
363 -> 448, -2, 1.75, 3, -1
364 -> 448, -4, 1.25, 3, -0.5
368 -> 448, -2, 1.75, 3, -0.5
374 -> 448, -1, 0.75, 2, -2
376 -> 448, -1, 1.25, 3, -1
379 -> 448, -2, 1.75, 1, -1.5
383 -> 448, -3, 1.75, 5, -0.5
384 -> 448, -4, 1.25, 4, -0.5
385 -> 448, -4, 1.25, 1, -0.5
386 -> 448, -2, 1.75, 3, -1.5
386 -> 448, -3, 0.75, 2, -1.5
387 -> 448, -1, 1.75, 3, -1
388 -> 448, -2, 1.75, 4, -1.5
392 -> 448, -1, 0.75, 3, -2
395 -> 448, -5, 1.75, 4, -1.5
395 -> 448, -2, 1.75, 5, -0.5
395 -> 448, -5, 1.75, 3, -1.5
397 -> 448, -2, 1.25, 3, -1
397 -> 448, -1, 0.25, 5, -0.5
399 -> 448, -3, 1.25, 2, -0.5
400 -> 448, -1, 1.75, 5, -1.5
401 -> 448, -2, 1.75, 1, -1
401 -> 448, -2, 1.75, 2, -1
401 -> 448, -5, 0.75, 1, -1
401 -> 448, -4, 1.75, 5, -1
403 -> 448, -2, 1.75, 4, -0.5
403 -> 448, -1, 1.25, 4, -2
403 -> 448, -1, 1.25, 5, -2
404 -> 448, -5, 0.25, 5, -0.5
404 -> 448, -2, 1.75, 5, -1.5
404 -> 448, -1, 1.25, 2, -1.5
405 -> 448, -2, 1.25, 2, -0.5
407 -> 448, -4, 0.75, 3, -0.5
407 -> 448, -1, 1.75, 1, -1
407 -> 448, -1, 0.75, 1, -1
407 -> 448, -1, 1.25, 1, -1.5
409 -> 448, -1, 0.75, 4, -2
409 -> 448, -2, 1.25, 4, -1
410 -> 448, -1, 1.25, 3, -2
411 -> 448, -1, 0.75, 5, -0.5
411 -> 448, -3, 0.25, 5, -1.5
412 -> 448, -2, 0.75, 2, -2
412 -> 448, -2, 0.75, 3, -2
412 -> 448, -2, 1.75, 5, -1
412 -> 448, -2, 1.75, 4, -1
413 -> 448, -2, 1.75, 2, -2
413 -> 448, -2, 1.75, 3, -2
413 -> 448, -1, 1.75, 1, -0.5
413 -> 448, -5, 1.75, 5, -2
413 -> 448, -1, 1.25, 3, -0.5
413 -> 448, -4, 0.75, 4, -1
413 -> 448, -5, 1.75, 4, -2
413 -> 448, -1, 0.75, 3, -1
413 -> 448, -4, 0.75, 2, -1
413 -> 448, -1, 0.75, 1, -2
413 -> 448, -4, 0.75, 3, -1
414 -> 448, -3, 1.75, 5, -1
414 -> 448, -2, 0.75, 3, -0.5
414 -> 448, -2, 1.75, 2, -1.5
414 -> 448, -1, 1.75, 3, -0.5
414 -> 448, -4, 1.25, 4, -1.5
414 -> 448, -1, 1.75, 2, -0.5
414 -> 448, -4, 1.25, 5, -1.5
414 -> 448, -4, 1.75, 4, -1
414 -> 448, -3, 1.75, 4, -1
414 -> 448, -2, 0.75, 2, -0.5
415 -> 448, -5, 0.25, 2, -0.5
415 -> 448, -5, 1.25, 3, -1.5
415 -> 448, -1, 1.75, 4, -1.5
417 -> 448, -4, 1.75, 3, -1
417 -> 448, -4, 0.75, 2, -1.5
417 -> 448, -2, 1.25, 5, -2
418 -> 448, -5, 0.25, 5, -1.5
419 -> 448, -2, 0.75, 5, -2
419 -> 448, -5, 0.75, 2, -1
419 -> 448, -2, 0.75, 4, -2
419 -> 448, -1, 0.75, 3, -1.5
419 -> 448, -1, 0.75, 4, -1.5
419 -> 448, -2, 0.25, 5, -0.5
419 -> 448, -1, 0.75, 4, -0.5
420 -> 448, -3, 0.75, 2, -0.5
421 -> 448, -3, 0.75, 3, -0.5
421 -> 448, -3, 1.75, 4, -0.5
421 -> 448, -1, 0.75, 1, -1.5
421 -> 448, -3, 0.25, 4, -1.5
421 -> 448, -3, 0.25, 3, -1.5
421 -> 448, -3, 0.75, 4, -0.5
422 -> 448, -1, 0.75, 5, -2
422 -> 448, -1, 1.25, 1, -2
423 -> 448, -3, 1.25, 3, -2
423 -> 448, -3, 1.25, 4, -2
423 -> 448, -1, 0.75, 4, -1
424 -> 448, -2, 1.25, 5, -1.5
424 -> 448, -2, 1.25, 3, -1.5
424 -> 448, -2, 0.75, 5, -1
424 -> 448, -2, 1.25, 4, -1.5
424 -> 448, -2, 1.25, 3, -0.5
424 -> 448, -5, 0.75, 2, -1.5
424 -> 448, -3, 0.75, 3, -1
424 -> 448, -1, 1.25, 2, -2
424 -> 448, -3, 0.75, 4, -1
424 -> 448, -3, 0.75, 5, -1
426 -> 448, -2, 1.75, 5, -2
426 -> 448, -1, 1.25, 1, -0.5
426 -> 448, -2, 1.75, 4, -2
427 -> 448, -4, 1.25, 5, -0.5
427 -> 448, -2, 0.75, 4, -1
427 -> 448, -1, 1.75, 1, -1.5
427 -> 448, -2, 1.75, 2, -0.5
427 -> 448, -3, 0.75, 2, -1
428 -> 448, -3, 1.75, 5, -1.5
428 -> 448, -5, 1.75, 1, -1.5
428 -> 448, -4, 1.75, 1, -1.5
429 -> 448, -2, 1.25, 5, -1
430 -> 448, -5, 0.75, 5, -1
430 -> 448, -1, 1.75, 2, -1
430 -> 448, -3, 1.75, 2, -1
430 -> 448, -3, 1.75, 1, -1
431 -> 448, -3, 0.75, 4, -2
431 -> 448, -3, 0.75, 2, -2
431 -> 448, -3, 0.75, 3, -2
431 -> 448, -3, 0.75, 1, -2
431 -> 448, -3, 0.75, 5, -1.5
431 -> 448, -3, 0.75, 3, -1.5
431 -> 448, -3, 0.75, 4, -1.5
431 -> 448, -3, 0.75, 5, -2
431 -> 448, -1, 0.25, 1, -0.5
431 -> 448, -1, 1.25, 5, -1
431 -> 448, -2, 0.75, 4, -0.5
431 -> 448, -2, 0.75, 5, -0.5
431 -> 448, -1, 0.25, 2, -0.5
432 -> 448, -4, 0.75, 3, -1.5
432 -> 448, -4, 0.75, 4, -1.5
432 -> 448, -2, 0.75, 4, -1.5
432 -> 448, -4, 0.75, 5, -1.5
432 -> 448, -2, 0.75, 3, -1.5
432 -> 448, -2, 0.75, 1, -1.5
432 -> 448, -2, 0.75, 2, -1.5
433 -> 448, -2, 1.25, 2, -1.5
433 -> 448, -3, 1.75, 3, -1
433 -> 448, -2, 0.25, 4, -2
434 -> 448, -1, 0.75, 2, -0.5
434 -> 448, -2, 0.25, 3, -2
435 -> 448, -3, 1.75, 5, -2
435 -> 448, -1, 0.75, 2, -1.5
435 -> 448, -5, 0.75, 3, -1.5
435 -> 448, -3, 1.75, 4, -2
436 -> 448, -1, 0.75, 3, -0.5
436 -> 448, -4, 1.25, 1, -1.5
436 -> 448, -5, 0.75, 1, -0.5
436 -> 448, -2, 1.75, 1, -2
436 -> 448, -4, 1.25, 3, -1.5
436 -> 448, -4, 1.25, 2, -1.5
437 -> 448, -2, 0.25, 5, -1
437 -> 448, -5, 0.25, 4, -0.5
437 -> 448, -3, 1.75, 4, -1.5
437 -> 448, -3, 1.75, 3, -1.5
437 -> 448, -2, 0.25, 3, -1
437 -> 448, -3, 1.25, 5, -2
437 -> 448, -1, 1.25, 1, -1
437 -> 448, -4, 0.75, 5, -0.5
437 -> 448, -2, 0.25, 4, -1
438 -> 448, -2, 0.25, 2, -2
438 -> 448, -1, 0.75, 1, -0.5
438 -> 448, -5, 0.25, 1, -0.5
438 -> 448, -1, 0.25, 2, -1
438 -> 448, -2, 0.75, 3, -1
438 -> 448, -2, 0.75, 2, -1
438 -> 448, -3, 1.75, 2, -2
439 -> 448, -4, 0.75, 2, -0.5
439 -> 448, -5, 1.25, 5, -1.5
439 -> 448, -5, 1.25, 4, -1.5
439 -> 448, -2, 0.75, 5, -1.5
439 -> 448, -2, 1.25, 1, -1.5
440 -> 448, -1, 1.25, 2, -0.5
440 -> 448, -3, 1.75, 3, -2
441 -> 448, -1, 1.75, 3, -1.5
441 -> 448, -3, 1.25, 4, -0.5
441 -> 448, -2, 1.75, 1, -0.5
442 -> 448, -2, 0.25, 1, -0.5
442 -> 448, -1, 1.75, 5, -0.5
442 -> 448, -2, 0.75, 1, -1
442 -> 448, -1, 1.75, 4, -0.5
443 -> 448, -5, 0.75, 4, -1
443 -> 448, -1, 0.25, 3, -1
443 -> 448, -1, 0.75, 5, -1.5
443 -> 448, -5, 0.75, 3, -1
444 -> 448, -3, 1.25, 5, -0.5
446 -> 448, -4, 1.75, 2, -1.5
446 -> 448, -3, 1.25, 3, -0.5
447 -> 448, -3, 0.25, 2, -1
447 -> 448, -1, 1.25, 5, -0.5
447 -> 448, -2, 0.75, 1, -0.5
448 -> 448, -5, 0.25, 1, -1.5
448 -> 448, -5, 0.25, 3, -1.5
448 -> 448, -3, 0.25, 1, -1
448 -> 448, -5, 0.25, 2, -1.5
449 -> 448, -5, 0.75, 5, -0.5
449 -> 448, -5, 1.75, 2, -1.5
449 -> 448, -1, 1.75, 3, -2
450 -> 448, -1, 0.25, 1, -1.5
450 -> 448, -5, 1.75, 3, -2
450 -> 448, -4, 1.75, 1, -2
450 -> 448, -5, 0.75, 1, -1.5
450 -> 448, -5, 1.75, 1, -2
450 -> 448, -5, 1.75, 2, -2
450 -> 448, -1, 0.25, 1, -2
452 -> 448, -1, 0.25, 1, -1
452 -> 448, -1, 0.25, 3, -0.5
452 -> 448, -1, 0.25, 4, -0.5
453 -> 448, -5, 0.75, 2, -0.5
453 -> 448, -2, 0.25, 3, -1.5
454 -> 448, -1, 1.75, 5, -1
454 -> 448, -4, 0.25, 2, -0.5
454 -> 448, -4, 0.75, 5, -1
455 -> 448, -4, 1.25, 2, -0.5
455 -> 448, -1, 1.25, 2, -1
455 -> 448, -2, 0.25, 5, -2
456 -> 448, -2, 0.25, 1, -2
456 -> 448, -1, 0.25, 4, -1.5
456 -> 448, -3, 1.25, 2, -2
456 -> 448, -3, 0.25, 2, -2
456 -> 448, -1, 0.25, 5, -1.5
456 -> 448, -1, 0.25, 2, -1.5
456 -> 448, -1, 0.25, 3, -1.5
457 -> 448, -2, 0.25, 1, -1.5
458 -> 448, -3, 0.25, 3, -2
458 -> 448, -3, 0.25, 4, -2
458 -> 448, -1, 1.25, 5, -1.5
458 -> 448, -3, 0.25, 5, -2
458 -> 448, -1, 0.75, 2, -1
459 -> 448, -1, 0.75, 5, -1
459 -> 448, -5, 0.25, 5, -2
459 -> 448, -1, 1.25, 4, -1
459 -> 448, -4, 1.25, 2, -1
459 -> 448, -1, 1.75, 2, -1.5
459 -> 448, -4, 0.25, 2, -2
459 -> 448, -4, 0.25, 1, -2
459 -> 448, -4, 1.25, 3, -1
459 -> 448, -2, 0.25, 4, -0.5
459 -> 448, -4, 0.25, 1, -1
460 -> 448, -4, 0.75, 1, -2
461 -> 448, -1, 1.75, 2, -2
461 -> 448, -4, 0.25, 1, -1.5
461 -> 448, -4, 0.25, 2, -1.5
461 -> 448, -4, 0.25, 5, -2
461 -> 448, -4, 0.25, 4, -2
462 -> 448, -5, 0.25, 5, -1
462 -> 448, -1, 1.25, 4, -0.5
462 -> 448, -4, 0.25, 3, -1
463 -> 448, -5, 0.75, 2, -2
463 -> 448, -3, 1.25, 5, -1
464 -> 448, -4, 1.25, 2, -2
464 -> 448, -4, 1.25, 3, -2
464 -> 448, -3, 1.75, 3, -0.5
464 -> 448, -4, 1.25, 4, -2
464 -> 448, -2, 1.25, 1, -1
464 -> 448, -4, 1.25, 5, -2
464 -> 448, -4, 0.25, 2, -1
464 -> 448, -4, 1.25, 1, -2
464 -> 448, -3, 0.25, 1, -2
464 -> 448, -4, 0.25, 3, -1.5
465 -> 448, -1, 0.25, 4, -1
465 -> 448, -4, 1.75, 4, -2
465 -> 448, -4, 1.75, 2, -2
465 -> 448, -3, 1.25, 1, -1
465 -> 448, -3, 0.75, 1, -1.5
465 -> 448, -4, 1.75, 3, -2
465 -> 448, -3, 1.25, 1, -2
465 -> 448, -1, 0.25, 5, -1
466 -> 448, -3, 0.75, 1, -1
466 -> 448, -3, 1.75, 1, -1.5
466 -> 448, -3, 1.75, 2, -1.5
467 -> 448, -4, 0.75, 1, -1.5
467 -> 448, -4, 0.25, 5, -1.5
468 -> 448, -1, 1.75, 4, -1
468 -> 448, -3, 1.75, 1, -2
468 -> 448, -3, 1.25, 3, -1.5
468 -> 448, -3, 1.25, 1, -1.5
468 -> 448, -3, 0.25, 2, -0.5
468 -> 448, -3, 1.25, 2, -1.5
469 -> 448, -2, 0.25, 2, -1
469 -> 448, -2, 0.25, 2, -1.5
470 -> 448, -1, 1.75, 4, -2
470 -> 448, -1, 1.75, 5, -2
470 -> 448, -5, 0.75, 1, -2
471 -> 448, -1, 0.25, 2, -2
471 -> 448, -1, 0.25, 3, -2
472 -> 448, -2, 1.25, 5, -0.5
472 -> 448, -2, 1.25, 4, -0.5
472 -> 448, -5, 0.75, 4, -0.5
472 -> 448, -3, 0.75, 5, -0.5
473 -> 448, -5, 0.25, 4, -1
473 -> 448, -4, 0.75, 5, -2
473 -> 448, -5, 0.25, 2, -1
473 -> 448, -5, 0.25, 3, -1
473 -> 448, -4, 0.75, 4, -2
473 -> 448, -4, 0.75, 3, -2
473 -> 448, -5, 0.25, 1, -1
474 -> 448, -4, 1.25, 4, -1
476 -> 448, -2, 1.25, 3, -2
476 -> 448, -2, 1.25, 1, -2
476 -> 448, -2, 1.25, 2, -2
477 -> 448, -3, 1.25, 5, -1.5
477 -> 448, -3, 1.25, 4, -1.5
477 -> 448, -4, 1.75, 5, -2
478 -> 448, -1, 1.75, 1, -2
479 -> 448, -4, 1.25, 1, -1
479 -> 448, -4, 0.25, 3, -2
479 -> 448, -5, 1.25, 1, -2
480 -> 448, -3, 1.75, 1, -0.5
481 -> 448, -4, 1.75, 3, -0.5
481 -> 448, -4, 0.75, 2, -2
481 -> 448, -5, 0.75, 3, -0.5
482 -> 448, -4, 0.25, 4, -0.5
482 -> 448, -4, 0.25, 5, -0.5
483 -> 448, -2, 1.25, 4, -2
484 -> 448, -5, 0.25, 1, -2
484 -> 448, -5, 0.25, 2, -2
484 -> 448, -4, 1.75, 1, -1
484 -> 448, -5, 0.25, 3, -2
484 -> 448, -4, 1.25, 5, -1
484 -> 448, -4, 1.75, 2, -1
484 -> 448, -5, 0.25, 4, -2
485 -> 448, -5, 0.25, 3, -0.5
485 -> 448, -2, 1.25, 2, -1
485 -> 448, -3, 1.25, 1, -0.5
486 -> 448, -5, 0.75, 4, -2
486 -> 448, -5, 0.75, 5, -2
486 -> 448, -4, 0.75, 4, -0.5
487 -> 448, -1, 0.25, 5, -2
487 -> 448, -1, 0.25, 4, -2
488 -> 448, -3, 1.75, 2, -0.5
491 -> 448, -2, 0.25, 3, -0.5
491 -> 448, -3, 0.75, 1, -0.5
491 -> 448, -2, 0.25, 2, -0.5
491 -> 448, -2, 0.25, 1, -1
491 -> 448, -2, 0.25, 4, -1.5
491 -> 448, -2, 0.25, 5, -1.5
491 -> 448, -2, 0.75, 1, -2
492 -> 448, -1, 1.25, 4, -1.5
492 -> 448, -1, 1.25, 3, -1.5
492 -> 448, -5, 0.75, 3, -2
493 -> 448, -4, 0.25, 4, -1.5
494 -> 448, -4, 0.25, 1, -0.5
495 -> 448, -3, 1.25, 4, -1
496 -> 448, -4, 0.75, 1, -1
496 -> 448, -4, 1.75, 5, -1.5
496 -> 448, -4, 1.75, 3, -1.5
496 -> 448, -4, 1.75, 4, -1.5
498 -> 448, -3, 0.25, 4, -0.5
498 -> 448, -4, 0.25, 3, -0.5
501 -> 448, -5, 0.25, 4, -1.5
501 -> 448, -3, 0.25, 1, -0.5
503 -> 448, -3, 0.25, 3, -0.5
504 -> 448, -5, 1.25, 2, -2
504 -> 448, -5, 1.25, 5, -2
504 -> 448, -5, 1.25, 4, -2
504 -> 448, -5, 1.25, 3, -2
506 -> 448, -3, 0.25, 5, -0.5
506 -> 448, -3, 1.25, 3, -1
511 -> 448, -4, 0.25, 5, -1
511 -> 448, -4, 0.25, 4, -1
516 -> 448, -5, 1.25, 5, -1
516 -> 448, -5, 1.25, 4, -1
516 -> 448, -5, 1.25, 3, -1
516 -> 448, -5, 1.25, 2, -1
516 -> 448, -5, 1.25, 1, -1
517 -> 448, -3, 0.25, 1, -1.5
517 -> 448, -3, 0.25, 2, -1.5
518 -> 448, -5, 1.75, 5, -1.5
520 -> 448, -3, 1.25, 2, -1
523 -> 448, -3, 0.25, 3, -1
524 -> 448, -3, 0.25, 4, -1
526 -> 448, -3, 0.25, 5, -1
529 -> 448, -5, 1.75, 3, -0.5
555 -> 448, -5, 0.75, 5, -1.5
555 -> 448, -5, 0.75, 4, -1.5
558 -> 448, -5, 1.75, 4, -0.5
558 -> 448, -5, 1.75, 5, -0.5
564 -> 448, -4, 1.75, 5, -0.5
564 -> 448, -4, 1.75, 4, -0.5
565 -> 448, -4, 0.75, 1, -0.5
566 -> 448, -4, 1.75, 1, -0.5
574 -> 448, -4, 1.75, 2, -0.5
576 -> 448, -5, 1.25, 2, -1.5
576 -> 448, -5, 1.25, 1, -1.5
585 -> 448, -5, 1.75, 2, -0.5
590 -> 448, -5, 1.75, 1, -1
590 -> 448, -5, 1.75, 3, -1
590 -> 448, -5, 1.75, 4, -1
590 -> 448, -5, 1.75, 5, -1
590 -> 448, -5, 1.75, 2, -1
591 -> 448, -5, 1.75, 1, -0.5
595 -> 448, -5, 1.25, 5, -0.5
595 -> 448, -5, 1.25, 3, -0.5
595 -> 448, -5, 1.25, 2, -0.5
595 -> 448, -5, 1.25, 1, -0.5
595 -> 448, -5, 1.25, 4, -0.5
