366 -> 357, -2, 0.75, 4, -2
373 -> 357, -5, 1.25, 2, -1.5
376 -> 357, -2, 0.75, 5, -2
383 -> 357, -3, 1.75, 4, -1.5
383 -> 357, -3, 1.75, 3, -1.5
386 -> 357, -4, 1.25, 2, -1.5
386 -> 357, -4, 1.25, 1, -1.5
388 -> 357, -1, 1.75, 1, -1.5
388 -> 357, -5, 1.25, 3, -1
388 -> 357, -3, 1.75, 2, -2
390 -> 357, -1, 1.25, 2, -1
398 -> 357, -5, 1.25, 1, -1
398 -> 357, -5, 1.25, 2, -1
400 -> 357, -1, 1.75, 4, -1.5
400 -> 357, -5, 1.25, 5, -0.5
400 -> 357, -2, 0.75, 4, -0.5
400 -> 357, -1, 1.75, 5, -1.5
400 -> 357, -3, 1.75, 1, -1
402 -> 357, -2, 0.25, 2, -0.5
403 -> 357, -1, 1.75, 2, -1.5
403 -> 357, -1, 0.25, 1, -0.5
407 -> 357, -2, 1.25, 3, -0.5
408 -> 357, -1, 1.25, 4, -1
408 -> 357, -1, 1.25, 5, -1
408 -> 357, -1, 0.75, 1, -0.5
408 -> 357, -3, 1.75, 4, -0.5
409 -> 357, -5, 1.25, 5, -1
411 -> 357, -3, 1.75, 2, -1.5
412 -> 357, -4, 1.25, 5, -1
414 -> 357, -2, 1.25, 1, -1.5
415 -> 357, -2, 1.25, 4, -0.5
415 -> 357, -2, 1.75, 5, -1.5
415 -> 357, -4, 1.25, 5, -2
416 -> 357, -5, 0.75, 5, -1
416 -> 357, -5, 0.75, 4, -1
417 -> 357, -3, 1.75, 5, -1
417 -> 357, -4, 1.25, 2, -1
418 -> 357, -3, 0.25, 1, -1
418 -> 357, -3, 1.75, 3, -1
418 -> 357, -3, 0.25, 2, -1
420 -> 357, -5, 1.25, 4, -1
420 -> 357, -2, 1.25, 5, -0.5
421 -> 357, -5, 1.25, 3, -1.5
421 -> 357, -5, 1.25, 1, -1.5
422 -> 357, -3, 0.75, 5, -0.5
422 -> 357, -2, 1.75, 2, -0.5
423 -> 357, -5, 1.75, 4, -1
423 -> 357, -5, 1.75, 5, -1
423 -> 357, -4, 0.75, 4, -1
424 -> 357, -3, 0.75, 3, -0.5
424 -> 357, -4, 1.75, 1, -1
424 -> 357, -1, 1.25, 4, -0.5
424 -> 357, -3, 0.75, 4, -0.5
426 -> 357, -5, 1.25, 5, -2
426 -> 357, -2, 1.25, 3, -1.5
426 -> 357, -1, 1.75, 1, -1
426 -> 357, -5, 1.25, 4, -2
427 -> 357, -1, 0.75, 2, -0.5
427 -> 357, -1, 0.75, 5, -0.5
427 -> 357, -1, 0.75, 3, -0.5
427 -> 357, -1, 0.75, 4, -0.5
428 -> 357, -3, 0.75, 3, -1
428 -> 357, -1, 1.75, 5, -1
429 -> 357, -2, 0.75, 3, -0.5
430 -> 357, -4, 0.75, 3, -1
431 -> 357, -2, 1.75, 1, -1
431 -> 357, -2, 1.75, 2, -1
431 -> 357, -2, 1.75, 5, -1
431 -> 357, -2, 1.75, 3, -1
431 -> 357, -2, 1.75, 4, -1
433 -> 357, -1, 1.75, 4, -2
433 -> 357, -1, 1.75, 5, -2
434 -> 357, -3, 1.25, 3, -2
434 -> 357, -3, 1.25, 4, -2
434 -> 357, -4, 1.25, 4, -1.5
434 -> 357, -1, 1.25, 3, -0.5
434 -> 357, -3, 1.25, 5, -2
434 -> 357, -3, 1.25, 2, -2
435 -> 357, -2, 1.25, 2, -1.5
435 -> 357, -1, 1.25, 3, -1
435 -> 357, -4, 1.75, 4, -1
435 -> 357, -1, 0.75, 4, -1
435 -> 357, -4, 1.75, 3, -1
437 -> 357, -3, 0.75, 1, -1.5
437 -> 357, -2, 0.25, 1, -0.5
438 -> 357, -4, 1.25, 4, -1
438 -> 357, -4, 1.25, 3, -1
438 -> 357, -3, 1.25, 1, -2
440 -> 357, -1, 0.75, 1, -1
440 -> 357, -1, 0.75, 3, -1
440 -> 357, -1, 1.25, 5, -0.5
441 -> 357, -1, 0.25, 1, -1
441 -> 357, -1, 0.75, 2, -1
441 -> 357, -1, 1.25, 1, -1
441 -> 357, -3, 1.75, 3, -0.5
441 -> 357, -5, 0.75, 1, -0.5
442 -> 357, -5, 0.25, 4, -0.5
442 -> 357, -1, 1.25, 1, -1.5
442 -> 357, -5, 0.25, 1, -0.5
442 -> 357, -5, 0.25, 3, -0.5
442 -> 357, -5, 0.25, 2, -0.5
442 -> 357, -1, 1.75, 3, -1.5
443 -> 357, -3, 1.75, 1, -1.5
443 -> 357, -2, 0.75, 3, -2
443 -> 357, -4, 0.75, 3, -2
443 -> 357, -4, 0.75, 2, -2
443 -> 357, -2, 0.75, 1, -1.5
443 -> 357, -4, 0.75, 1, -2
443 -> 357, -4, 0.75, 4, -2
444 -> 357, -2, 0.75, 1, -2
447 -> 357, -1, 0.75, 5, -2
447 -> 357, -1, 0.25, 4, -1
447 -> 357, -1, 0.25, 3, -1
447 -> 357, -5, 1.75, 3, -1
447 -> 357, -2, 1.25, 2, -0.5
448 -> 357, -5, 0.75, 3, -1
448 -> 357, -5, 0.75, 2, -1
448 -> 357, -3, 1.25, 3, -0.5
451 -> 357, -3, 1.25, 5, -1
451 -> 357, -4, 0.75, 2, -1
452 -> 357, -2, 1.75, 1, -0.5
452 -> 357, -3, 1.25, 5, -0.5
452 -> 357, -1, 0.75, 1, -1.5
452 -> 357, -4, 0.25, 4, -1.5
452 -> 357, -3, 1.25, 4, -1.5
452 -> 357, -4, 0.25, 5, -1.5
452 -> 357, -3, 1.25, 4, -0.5
452 -> 357, -3, 1.25, 5, -1.5
453 -> 357, -3, 1.75, 1, -2
453 -> 357, -5, 0.75, 2, -0.5
453 -> 357, -5, 0.75, 2, -1.5
454 -> 357, -2, 1.75, 4, -2
454 -> 357, -2, 1.75, 5, -2
454 -> 357, -4, 1.75, 2, -1
455 -> 357, -3, 1.75, 5, -1.5
456 -> 357, -3, 0.75, 1, -2
456 -> 357, -3, 0.75, 4, -2
456 -> 357, -3, 0.75, 3, -2
456 -> 357, -3, 0.75, 2, -2
456 -> 357, -2, 0.75, 2, -1
456 -> 357, -2, 0.75, 1, -1
457 -> 357, -1, 1.25, 2, -0.5
457 -> 357, -1, 0.25, 2, -1
457 -> 357, -3, 1.75, 5, -2
457 -> 357, -3, 1.25, 2, -1
457 -> 357, -4, 0.75, 1, -1
457 -> 357, -3, 1.25, 4, -1
457 -> 357, -3, 1.25, 3, -1
457 -> 357, -2, 1.75, 1, -1.5
458 -> 357, -3, 0.75, 3, -1.5
458 -> 357, -2, 1.25, 4, -2
458 -> 357, -3, 0.75, 2, -1.5
458 -> 357, -2, 0.75, 3, -1.5
458 -> 357, -2, 0.75, 2, -1.5
459 -> 357, -4, 0.75, 1, -1.5
459 -> 357, -5, 1.75, 4, -2
459 -> 357, -4, 0.75, 4, -1.5
459 -> 357, -5, 1.25, 2, -2
459 -> 357, -5, 1.25, 3, -2
459 -> 357, -5, 0.75, 1, -1
459 -> 357, -4, 0.75, 3, -1.5
459 -> 357, -4, 0.75, 5, -1.5
459 -> 357, -4, 0.75, 2, -1.5
459 -> 357, -5, 1.75, 5, -2
459 -> 357, -2, 1.75, 3, -2
461 -> 357, -1, 0.75, 2, -1.5
461 -> 357, -1, 0.75, 3, -1.5
461 -> 357, -3, 0.75, 2, -1
461 -> 357, -2, 0.75, 4, -1.5
461 -> 357, -1, 1.75, 2, -1
462 -> 357, -5, 0.75, 1, -2
462 -> 357, -3, 0.25, 4, -1.5
462 -> 357, -3, 0.25, 5, -1.5
462 -> 357, -3, 1.75, 4, -1
462 -> 357, -3, 0.25, 3, -1.5
462 -> 357, -2, 0.25, 1, -1
462 -> 357, -3, 0.25, 2, -1.5
464 -> 357, -2, 1.75, 2, -2
464 -> 357, -2, 1.75, 1, -2
465 -> 357, -2, 0.75, 5, -1.5
466 -> 357, -3, 1.75, 3, -2
466 -> 357, -1, 0.25, 1, -2
466 -> 357, -1, 0.25, 2, -2
466 -> 357, -1, 0.25, 3, -2
466 -> 357, -2, 0.75, 5, -1
466 -> 357, -1, 1.75, 4, -1
467 -> 357, -1, 0.75, 3, -2
467 -> 357, -1, 0.75, 4, -2
467 -> 357, -1, 1.75, 1, -2
467 -> 357, -1, 1.75, 2, -2
468 -> 357, -1, 1.25, 1, -0.5
468 -> 357, -5, 1.25, 1, -2
469 -> 357, -3, 0.25, 5, -1
469 -> 357, -3, 0.25, 4, -1
470 -> 357, -2, 1.75, 2, -1.5
471 -> 357, -4, 1.75, 5, -2
471 -> 357, -5, 0.75, 4, -2
471 -> 357, -5, 0.75, 3, -2
471 -> 357, -1, 1.25, 4, -2
471 -> 357, -1, 1.25, 5, -2
471 -> 357, -5, 0.75, 2, -2
471 -> 357, -4, 1.25, 4, -2
471 -> 357, -5, 0.75, 5, -2
473 -> 357, -5, 0.75, 5, -1.5
473 -> 357, -5, 0.75, 4, -1.5
473 -> 357, -2, 0.75, 3, -1
473 -> 357, -5, 0.75, 3, -1.5
473 -> 357, -1, 0.75, 4, -1.5
473 -> 357, -1, 0.75, 5, -1.5
475 -> 357, -3, 1.75, 2, -0.5
475 -> 357, -5, 0.25, 5, -0.5
475 -> 357, -3, 1.75, 1, -0.5
475 -> 357, -3, 1.75, 5, -0.5
475 -> 357, -3, 0.75, 1, -1
476 -> 357, -3, 1.25, 2, -0.5
476 -> 357, -2, 1.25, 5, -1.5
476 -> 357, -2, 1.75, 5, -0.5
476 -> 357, -2, 0.75, 2, -2
477 -> 357, -1, 1.25, 4, -1.5
477 -> 357, -1, 1.25, 5, -1.5
477 -> 357, -4, 1.25, 1, -1
477 -> 357, -1, 1.25, 3, -1.5
477 -> 357, -1, 1.25, 2, -1.5
477 -> 357, -1, 0.25, 5, -1
477 -> 357, -3, 0.25, 1, -1.5
478 -> 357, -2, 1.75, 4, -0.5
478 -> 357, -1, 1.25, 1, -2
478 -> 357, -4, 0.25, 4, -0.5
478 -> 357, -2, 1.25, 5, -2
478 -> 357, -2, 1.75, 3, -0.5
478 -> 357, -1, 0.25, 4, -2
478 -> 357, -4, 0.25, 5, -0.5
479 -> 357, -4, 0.25, 3, -1.5
479 -> 357, -4, 0.25, 1, -1.5
479 -> 357, -2, 0.25, 4, -1.5
479 -> 357, -4, 0.25, 2, -1.5
479 -> 357, -2, 0.25, 3, -1.5
479 -> 357, -2, 0.75, 1, -0.5
479 -> 357, -2, 0.75, 2, -0.5
480 -> 357, -3, 0.25, 3, -2
480 -> 357, -2, 0.25, 2, -1.5
480 -> 357, -2, 0.25, 1, -1.5
481 -> 357, -1, 0.25, 5, -2
481 -> 357, -1, 1.75, 3, -1
482 -> 357, -1, 1.25, 3, -2
482 -> 357, -4, 0.75, 5, -2
483 -> 357, -4, 1.75, 5, -0.5
483 -> 357, -4, 1.75, 4, -0.5
483 -> 357, -4, 1.75, 3, -0.5
483 -> 357, -2, 1.75, 4, -1.5
484 -> 357, -3, 1.75, 4, -2
484 -> 357, -2, 0.25, 3, -1
484 -> 357, -2, 0.25, 5, -1
484 -> 357, -2, 0.25, 2, -1
484 -> 357, -4, 1.25, 1, -0.5
484 -> 357, -3, 0.25, 5, -0.5
484 -> 357, -4, 1.25, 2, -0.5
484 -> 357, -3, 0.25, 4, -0.5
484 -> 357, -4, 0.25, 3, -0.5
484 -> 357, -2, 0.25, 4, -1
485 -> 357, -4, 0.75, 5, -0.5
485 -> 357, -4, 0.75, 4, -0.5
485 -> 357, -5, 0.75, 1, -1.5
486 -> 357, -5, 1.25, 3, -0.5
486 -> 357, -1, 1.75, 3, -2
486 -> 357, -4, 1.25, 5, -0.5
486 -> 357, -5, 1.25, 4, -0.5
486 -> 357, -4, 1.25, 4, -0.5
487 -> 357, -1, 1.75, 5, -0.5
487 -> 357, -3, 0.25, 2, -0.5
487 -> 357, -2, 1.25, 3, -1
487 -> 357, -2, 1.25, 5, -1
487 -> 357, -2, 1.25, 4, -1
487 -> 357, -3, 0.25, 1, -0.5
487 -> 357, -2, 1.25, 1, -1
487 -> 357, -2, 1.25, 2, -1
489 -> 357, -3, 0.75, 4, -1
489 -> 357, -2, 0.25, 5, -1.5
489 -> 357, -5, 0.25, 2, -1.5
489 -> 357, -2, 1.25, 1, -0.5
489 -> 357, -5, 1.25, 4, -1.5
489 -> 357, -3, 0.75, 5, -1
490 -> 357, -3, 0.25, 3, -0.5
490 -> 357, -1, 1.25, 2, -2
491 -> 357, -3, 1.25, 3, -1.5
491 -> 357, -3, 1.25, 2, -1.5
491 -> 357, -3, 1.25, 1, -1.5
491 -> 357, -4, 0.75, 3, -0.5
491 -> 357, -4, 0.75, 5, -1
492 -> 357, -1, 0.25, 4, -1.5
492 -> 357, -1, 0.25, 3, -1.5
492 -> 357, -4, 1.75, 1, -2
492 -> 357, -1, 0.25, 5, -1.5
492 -> 357, -4, 1.25, 2, -2
492 -> 357, -4, 1.25, 1, -2
492 -> 357, -4, 1.25, 3, -2
493 -> 357, -2, 1.75, 3, -1.5
494 -> 357, -5, 1.75, 4, -0.5
494 -> 357, -5, 1.75, 5, -0.5
494 -> 357, -5, 1.75, 5, -1.5
495 -> 357, -4, 0.25, 5, -1
495 -> 357, -4, 1.25, 3, -1.5
495 -> 357, -3, 0.25, 3, -1
495 -> 357, -4, 0.25, 4, -1
496 -> 357, -5, 0.25, 3, -1.5
496 -> 357, -3, 0.75, 5, -2
498 -> 357, -5, 1.75, 1, -1.5
498 -> 357, -5, 1.75, 2, -1.5
498 -> 357, -5, 1.75, 3, -1.5
499 -> 357, -4, 1.75, 2, -2
499 -> 357, -2, 1.25, 2, -2
499 -> 357, -2, 1.25, 3, -2
499 -> 357, -4, 1.75, 3, -2
499 -> 357, -1, 0.75, 5, -1
499 -> 357, -4, 1.75, 4, -2
499 -> 357, -2, 1.25, 1, -2
502 -> 357, -3, 1.75, 2, -1
502 -> 357, -1, 0.25, 2, -0.5
503 -> 357, -2, 0.75, 5, -0.5
504 -> 357, -5, 1.75, 4, -1.5
504 -> 357, -5, 1.75, 2, -1
504 -> 357, -5, 1.75, 1, -1
505 -> 357, -2, 0.25, 5, -2
505 -> 357, -2, 0.25, 2, -2
505 -> 357, -2, 0.25, 4, -2
505 -> 357, -2, 0.25, 3, -2
505 -> 357, -2, 0.25, 1, -2
506 -> 357, -5, 0.25, 1, -1.5
506 -> 357, -5, 1.75, 2, -2
506 -> 357, -5, 1.75, 1, -2
506 -> 357, -5, 1.75, 3, -2
507 -> 357, -4, 0.25, 3, -1
507 -> 357, -4, 0.25, 2, -1
507 -> 357, -5, 0.25, 5, -1.5
507 -> 357, -5, 0.25, 4, -1.5
507 -> 357, -4, 0.25, 1, -1
507 -> 357, -4, 1.75, 2, -0.5
507 -> 357, -2, 0.75, 4, -1
508 -> 357, -3, 1.25, 1, -0.5
513 -> 357, -3, 0.75, 2, -0.5
513 -> 357, -3, 0.75, 1, -0.5
513 -> 357, -1, 0.25, 5, -0.5
513 -> 357, -1, 0.25, 4, -0.5
513 -> 357, -1, 0.25, 3, -0.5
516 -> 357, -1, 0.25, 1, -1.5
516 -> 357, -1, 0.25, 2, -1.5
517 -> 357, -2, 1.25, 4, -1.5
519 -> 357, -4, 1.25, 3, -0.5
521 -> 357, -1, 1.75, 3, -0.5
521 -> 357, -1, 0.75, 2, -2
521 -> 357, -1, 1.75, 4, -0.5
521 -> 357, -1, 1.75, 2, -0.5
521 -> 357, -1, 1.75, 1, -0.5
521 -> 357, -1, 0.75, 1, -2
524 -> 357, -3, 0.25, 4, -2
524 -> 357, -3, 0.25, 5, -2
528 -> 357, -5, 1.75, 1, -0.5
530 -> 357, -4, 0.25, 1, -0.5
530 -> 357, -4, 0.25, 2, -0.5
535 -> 357, -5, 0.25, 1, -2
535 -> 357, -5, 0.25, 2, -2
535 -> 357, -5, 0.25, 5, -2
535 -> 357, -5, 0.25, 3, -2
535 -> 357, -5, 0.25, 4, -2
536 -> 357, -4, 1.75, 2, -1.5
536 -> 357, -4, 1.75, 3, -1.5
536 -> 357, -4, 1.75, 4, -1.5
536 -> 357, -4, 1.75, 5, -1.5
536 -> 357, -4, 1.75, 1, -1.5
536 -> 357, -5, 0.75, 3, -0.5
544 -> 357, -5, 1.25, 5, -1.5
550 -> 357, -4, 0.75, 1, -0.5
553 -> 357, -2, 0.25, 4, -0.5
553 -> 357, -2, 0.25, 5, -0.5
553 -> 357, -5, 0.25, 1, -1
553 -> 357, -5, 0.25, 2, -1
553 -> 357, -5, 0.25, 3, -1
553 -> 357, -5, 0.25, 5, -1
553 -> 357, -2, 0.25, 3, -0.5
553 -> 357, -5, 0.25, 4, -1
559 -> 357, -5, 1.25, 1, -0.5
561 -> 357, -4, 0.25, 1, -2
561 -> 357, -4, 0.25, 5, -2
561 -> 357, -4, 0.25, 4, -2
561 -> 357, -4, 0.25, 2, -2
561 -> 357, -4, 0.25, 3, -2
562 -> 357, -5, 1.25, 2, -0.5
562 -> 357, -3, 0.75, 5, -1.5
562 -> 357, -3, 0.75, 4, -1.5
567 -> 357, -4, 1.25, 5, -1.5
567 -> 357, -3, 0.25, 1, -2
567 -> 357, -3, 0.25, 2, -2
571 -> 357, -4, 1.75, 5, -1
579 -> 357, -4, 0.75, 2, -0.5
599 -> 357, -5, 0.75, 5, -0.5
625 -> 357, -4, 1.75, 1, -0.5
633 -> 357, -3, 1.25, 1, -1
718 -> 357, -5, 1.75, 2, -0.5
718 -> 357, -5, 1.75, 3, -0.5
804 -> 357, -5, 0.75, 4, -0.5
