318 -> 118, -5, 1.75, 5, -2
333 -> 118, -3, 1.75, 4, -0.5
333 -> 118, -3, 1.75, 5, -0.5
335 -> 118, -4, 0.25, 5, -1
337 -> 118, -5, 1.75, 5, -1
338 -> 118, -3, 1.25, 4, -2
338 -> 118, -3, 1.25, 3, -2
340 -> 118, -4, 0.75, 1, -2
347 -> 118, -5, 1.75, 4, -1.5
347 -> 118, -4, 1.75, 5, -1.5
349 -> 118, -5, 1.25, 4, -2
349 -> 118, -5, 1.25, 1, -2
350 -> 118, -3, 1.25, 2, -2
353 -> 118, -5, 1.75, 4, -2
354 -> 118, -5, 1.75, 2, -1
355 -> 118, -4, 1.75, 1, -2
355 -> 118, -5, 1.75, 3, -1.5
355 -> 118, -4, 1.75, 2, -2
356 -> 118, -5, 1.75, 3, -2
356 -> 118, -5, 1.25, 5, -2
356 -> 118, -5, 1.75, 2, -2
360 -> 118, -4, 0.25, 5, -1.5
361 -> 118, -5, 1.25, 3, -1.5
362 -> 118, -3, 1.25, 5, -2
362 -> 118, -3, 1.25, 2, -1
363 -> 118, -4, 0.75, 3, -2
363 -> 118, -4, 0.75, 2, -2
363 -> 118, -5, 1.75, 2, -1.5
366 -> 118, -3, 1.25, 5, -1
367 -> 118, -3, 1.25, 3, -1
368 -> 118, -3, 1.25, 5, -1.5
368 -> 118, -4, 0.25, 1, -2
368 -> 118, -4, 0.25, 5, -2
368 -> 118, -4, 0.25, 3, -2
368 -> 118, -4, 0.25, 4, -2
368 -> 118, -5, 1.75, 3, -1
368 -> 118, -4, 0.25, 2, -2
369 -> 118, -2, 1.75, 4, -1
369 -> 118, -4, 1.25, 4, -1.5
369 -> 118, -1, 1.75, 2, -1
371 -> 118, -2, 1.25, 2, -2
371 -> 118, -3, 1.75, 1, -1.5
372 -> 118, -2, 1.75, 5, -1
373 -> 118, -5, 1.25, 1, -1.5
373 -> 118, -5, 1.25, 2, -1.5
374 -> 118, -5, 1.75, 4, -1
374 -> 118, -3, 1.75, 2, -0.5
374 -> 118, -4, 1.25, 1, -1.5
375 -> 118, -5, 1.75, 1, -1
376 -> 118, -3, 0.75, 4, -2
376 -> 118, -3, 0.75, 1, -2
376 -> 118, -2, 1.75, 5, -2
376 -> 118, -2, 1.75, 4, -2
376 -> 118, -3, 0.75, 5, -2
377 -> 118, -1, 1.25, 3, -2
378 -> 118, -5, 0.25, 1, -1
378 -> 118, -3, 1.75, 1, -1
378 -> 118, -3, 0.75, 2, -2
378 -> 118, -3, 0.75, 3, -2
379 -> 118, -3, 1.75, 5, -1
379 -> 118, -3, 1.75, 5, -1.5
379 -> 118, -1, 1.25, 5, -2
379 -> 118, -4, 0.75, 5, -2
379 -> 118, -3, 1.75, 4, -1.5
380 -> 118, -3, 1.75, 5, -2
380 -> 118, -3, 1.25, 1, -1.5
381 -> 118, -4, 1.75, 4, -1.5
382 -> 118, -5, 1.75, 5, -1.5
383 -> 118, -3, 1.75, 4, -2
384 -> 118, -3, 1.25, 1, -2
385 -> 118, -3, 1.25, 1, -1
386 -> 118, -1, 1.75, 2, -2
386 -> 118, -3, 0.75, 5, -1
386 -> 118, -1, 1.75, 1, -2
386 -> 118, -5, 0.25, 2, -1
386 -> 118, -5, 0.25, 3, -1
386 -> 118, -5, 0.25, 4, -1
387 -> 118, -4, 1.25, 3, -1.5
388 -> 118, -4, 1.75, 4, -2
388 -> 118, -4, 1.75, 5, -2
388 -> 118, -4, 1.25, 2, -2
388 -> 118, -1, 0.75, 2, -0.5
389 -> 118, -4, 1.25, 4, -1
389 -> 118, -5, 1.75, 1, -2
389 -> 118, -5, 0.25, 5, -1
389 -> 118, -3, 1.25, 4, -1.5
390 -> 118, -2, 1.75, 2, -1.5
390 -> 118, -4, 0.75, 4, -1.5
390 -> 118, -4, 0.75, 5, -1.5
390 -> 118, -4, 0.75, 3, -1.5
391 -> 118, -3, 0.75, 2, -1
391 -> 118, -3, 0.75, 3, -1
391 -> 118, -4, 1.75, 3, -2
391 -> 118, -3, 1.25, 3, -1.5
392 -> 118, -2, 1.25, 1, -2
393 -> 118, -4, 1.25, 3, -2
393 -> 118, -4, 0.75, 2, -1.5
393 -> 118, -4, 1.25, 3, -1
394 -> 118, -1, 0.75, 4, -2
394 -> 118, -1, 0.75, 5, -2
394 -> 118, -5, 1.75, 1, -1.5
395 -> 118, -2, 1.75, 4, -1.5
395 -> 118, -2, 1.75, 5, -1.5
395 -> 118, -5, 1.25, 3, -0.5
396 -> 118, -2, 1.25, 2, -1.5
396 -> 118, -2, 1.25, 3, -1.5
397 -> 118, -2, 1.25, 2, -1
397 -> 118, -3, 1.75, 3, -1.5
397 -> 118, -5, 0.75, 3, -2
397 -> 118, -5, 0.75, 2, -2
397 -> 118, -5, 0.75, 1, -2
398 -> 118, -2, 1.75, 1, -1.5
398 -> 118, -1, 0.75, 1, -0.5
399 -> 118, -5, 0.75, 4, -1.5
399 -> 118, -5, 0.75, 5, -1.5
399 -> 118, -2, 1.25, 5, -2
399 -> 118, -5, 0.75, 4, -2
400 -> 118, -4, 1.25, 5, -0.5
400 -> 118, -5, 1.25, 4, -1.5
401 -> 118, -2, 1.75, 3, -0.5
401 -> 118, -4, 1.25, 2, -1.5
401 -> 118, -3, 0.25, 1, -1.5
401 -> 118, -3, 0.25, 2, -1.5
401 -> 118, -2, 1.25, 3, -2
401 -> 118, -2, 1.25, 4, -2
401 -> 118, -4, 1.75, 3, -1.5
402 -> 118, -1, 1.75, 5, -1.5
402 -> 118, -2, 1.25, 1, -1
402 -> 118, -4, 1.25, 2, -1
403 -> 118, -4, 1.25, 5, -1
404 -> 118, -1, 0.75, 5, -0.5
404 -> 118, -3, 1.25, 2, -1.5
404 -> 118, -3, 0.75, 4, -1.5
404 -> 118, -3, 0.75, 5, -1.5
405 -> 118, -1, 0.25, 4, -2
405 -> 118, -4, 1.25, 4, -2
405 -> 118, -1, 0.25, 3, -2
405 -> 118, -5, 0.75, 2, -1.5
405 -> 118, -5, 0.75, 3, -1.5
405 -> 118, -4, 1.25, 5, -2
405 -> 118, -5, 0.75, 1, -1.5
406 -> 118, -4, 1.75, 5, -1
406 -> 118, -4, 0.25, 1, -1.5
406 -> 118, -1, 1.25, 5, -1
406 -> 118, -3, 0.75, 3, -1.5
407 -> 118, -3, 0.75, 1, -1
407 -> 118, -1, 1.75, 5, -1
408 -> 118, -1, 0.75, 2, -2
408 -> 118, -5, 0.75, 5, -2
409 -> 118, -2, 1.25, 1, -1.5
410 -> 118, -1, 1.75, 4, -0.5
410 -> 118, -4, 1.25, 4, -0.5
410 -> 118, -4, 0.75, 4, -2
410 -> 118, -1, 1.75, 3, -0.5
410 -> 118, -1, 1.75, 5, -0.5
411 -> 118, -3, 0.25, 1, -2
411 -> 118, -3, 1.75, 2, -2
411 -> 118, -1, 1.75, 4, -2
411 -> 118, -3, 0.75, 1, -1.5
411 -> 118, -3, 1.75, 1, -2
411 -> 118, -3, 1.75, 3, -2
411 -> 118, -1, 1.75, 3, -2
412 -> 118, -2, 0.75, 3, -0.5
412 -> 118, -4, 0.25, 3, -1.5
412 -> 118, -5, 1.25, 5, -0.5
412 -> 118, -4, 0.25, 4, -1.5
412 -> 118, -4, 1.25, 1, -0.5
412 -> 118, -5, 1.25, 4, -0.5
413 -> 118, -3, 0.25, 3, -2
413 -> 118, -1, 1.25, 2, -2
414 -> 118, -3, 1.75, 2, -1.5
414 -> 118, -3, 1.25, 4, -1
414 -> 118, -3, 0.25, 4, -1.5
414 -> 118, -4, 1.75, 2, -1
414 -> 118, -3, 0.25, 5, -1.5
414 -> 118, -5, 1.25, 1, -1
414 -> 118, -5, 1.25, 3, -2
414 -> 118, -5, 1.25, 2, -2
415 -> 118, -1, 1.25, 1, -0.5
415 -> 118, -1, 1.25, 1, -1.5
415 -> 118, -2, 1.25, 4, -1.5
416 -> 118, -1, 1.25, 4, -2
416 -> 118, -1, 0.75, 3, -2
416 -> 118, -3, 0.75, 4, -1
416 -> 118, -3, 0.25, 5, -1
417 -> 118, -4, 0.25, 2, -1.5
417 -> 118, -1, 1.75, 4, -1.5
417 -> 118, -1, 0.25, 3, -0.5
417 -> 118, -2, 0.75, 1, -0.5
420 -> 118, -1, 1.25, 4, -0.5
420 -> 118, -1, 0.75, 1, -1.5
421 -> 118, -4, 0.75, 1, -1.5
421 -> 118, -2, 0.25, 5, -1
421 -> 118, -3, 0.25, 4, -2
421 -> 118, -3, 0.25, 5, -2
421 -> 118, -1, 1.25, 1, -2
421 -> 118, -2, 0.25, 4, -1
422 -> 118, -4, 0.25, 2, -0.5
422 -> 118, -5, 1.25, 4, -1
422 -> 118, -4, 0.25, 1, -0.5
422 -> 118, -5, 1.25, 5, -1
422 -> 118, -2, 1.75, 2, -0.5
422 -> 118, -4, 0.75, 1, -1
422 -> 118, -1, 1.25, 2, -1.5
422 -> 118, -4, 0.25, 3, -0.5
422 -> 118, -1, 1.75, 5, -2
423 -> 118, -5, 1.75, 4, -0.5
423 -> 118, -4, 1.75, 1, -1.5
423 -> 118, -5, 1.75, 5, -0.5
423 -> 118, -4, 1.75, 2, -1.5
423 -> 118, -5, 0.25, 2, -0.5
423 -> 118, -2, 0.25, 1, -2
423 -> 118, -5, 1.75, 3, -0.5
424 -> 118, -2, 1.75, 4, -0.5
425 -> 118, -2, 1.75, 2, -2
425 -> 118, -3, 1.25, 5, -0.5
425 -> 118, -2, 1.75, 1, -2
426 -> 118, -3, 1.75, 2, -1
426 -> 118, -3, 1.75, 3, -1
426 -> 118, -1, 1.75, 3, -1.5
426 -> 118, -2, 1.25, 5, -1.5
427 -> 118, -1, 0.25, 5, -2
427 -> 118, -5, 0.25, 2, -2
427 -> 118, -5, 0.25, 3, -2
427 -> 118, -5, 0.25, 4, -2
427 -> 118, -5, 0.25, 5, -2
427 -> 118, -2, 0.25, 5, -2
427 -> 118, -2, 1.75, 1, -1
428 -> 118, -2, 0.75, 2, -0.5
428 -> 118, -1, 1.25, 5, -0.5
429 -> 118, -1, 1.25, 4, -1.5
429 -> 118, -1, 1.25, 5, -1.5
429 -> 118, -2, 0.75, 2, -2
429 -> 118, -1, 1.25, 3, -1.5
429 -> 118, -2, 0.75, 3, -2
430 -> 118, -2, 0.25, 1, -1
430 -> 118, -2, 0.75, 2, -1.5
430 -> 118, -2, 0.75, 3, -1.5
430 -> 118, -1, 1.25, 3, -0.5
430 -> 118, -1, 1.25, 2, -0.5
431 -> 118, -3, 0.25, 3, -1
431 -> 118, -1, 1.75, 1, -1
431 -> 118, -4, 1.25, 1, -1
431 -> 118, -2, 1.25, 1, -0.5
431 -> 118, -3, 0.25, 3, -1.5
431 -> 118, -3, 0.25, 4, -1
432 -> 118, -4, 0.75, 4, -1
432 -> 118, -1, 1.75, 4, -1
432 -> 118, -5, 1.25, 5, -1.5
432 -> 118, -1, 0.25, 4, -0.5
432 -> 118, -5, 1.25, 3, -1
432 -> 118, -4, 0.75, 5, -1
432 -> 118, -1, 0.25, 5, -0.5
432 -> 118, -1, 1.75, 3, -1
433 -> 118, -2, 0.75, 3, -1
433 -> 118, -2, 0.75, 4, -1
433 -> 118, -2, 1.25, 2, -0.5
433 -> 118, -2, 1.75, 3, -1.5
433 -> 118, -2, 0.75, 5, -1
434 -> 118, -2, 1.75, 2, -1
434 -> 118, -2, 1.75, 1, -0.5
434 -> 118, -2, 1.25, 3, -0.5
434 -> 118, -2, 0.25, 3, -2
434 -> 118, -4, 0.25, 1, -1
434 -> 118, -4, 0.25, 2, -1
436 -> 118, -2, 0.25, 2, -1
436 -> 118, -3, 1.75, 4, -1
436 -> 118, -4, 1.75, 3, -1
436 -> 118, -4, 1.75, 4, -1
437 -> 118, -1, 0.75, 1, -1
437 -> 118, -2, 0.25, 4, -2
437 -> 118, -2, 0.75, 1, -2
437 -> 118, -4, 1.25, 1, -2
438 -> 118, -5, 0.25, 3, -1.5
438 -> 118, -5, 0.25, 2, -1.5
438 -> 118, -5, 0.25, 1, -1.5
438 -> 118, -1, 0.75, 2, -1
438 -> 118, -1, 0.25, 2, -0.5
438 -> 118, -3, 0.75, 2, -1.5
439 -> 118, -1, 0.75, 3, -0.5
440 -> 118, -1, 0.75, 3, -1
440 -> 118, -1, 0.75, 4, -1
440 -> 118, -4, 1.75, 1, -1
441 -> 118, -2, 1.25, 5, -1
442 -> 118, -1, 1.25, 2, -1
442 -> 118, -2, 0.75, 5, -2
442 -> 118, -2, 1.75, 3, -2
442 -> 118, -2, 0.25, 4, -0.5
443 -> 118, -1, 0.75, 4, -0.5
444 -> 118, -3, 1.25, 3, -0.5
445 -> 118, -2, 0.25, 3, -0.5
446 -> 118, -3, 1.25, 4, -0.5
446 -> 118, -1, 0.75, 2, -1.5
446 -> 118, -1, 0.75, 5, -1
447 -> 118, -1, 0.25, 1, -1.5
447 -> 118, -3, 1.75, 3, -0.5
448 -> 118, -1, 1.75, 2, -1.5
449 -> 118, -3, 0.25, 2, -2
449 -> 118, -4, 0.25, 4, -0.5
449 -> 118, -4, 0.25, 5, -0.5
450 -> 118, -2, 0.75, 1, -1.5
450 -> 118, -1, 1.25, 3, -1
450 -> 118, -4, 1.25, 5, -1.5
450 -> 118, -1, 1.25, 4, -1
452 -> 118, -2, 1.75, 5, -0.5
453 -> 118, -2, 0.75, 4, -1.5
453 -> 118, -1, 1.75, 2, -0.5
453 -> 118, -1, 1.75, 1, -0.5
454 -> 118, -1, 0.25, 1, -0.5
454 -> 118, -1, 0.75, 1, -2
455 -> 118, -5, 0.25, 4, -1.5
455 -> 118, -4, 1.75, 5, -0.5
455 -> 118, -5, 0.25, 5, -1.5
456 -> 118, -2, 0.25, 1, -1.5
457 -> 118, -3, 0.75, 1, -0.5
457 -> 118, -1, 0.75, 4, -1.5
457 -> 118, -1, 0.75, 5, -1.5
457 -> 118, -2, 0.25, 5, -0.5
458 -> 118, -2, 1.25, 3, -1
458 -> 118, -1, 0.25, 2, -1.5
458 -> 118, -2, 1.25, 4, -1
459 -> 118, -2, 0.25, 2, -1.5
459 -> 118, -3, 1.75, 1, -0.5
460 -> 118, -1, 1.75, 1, -1.5
462 -> 118, -2, 0.75, 4, -2
462 -> 118, -1, 1.25, 1, -1
463 -> 118, -2, 0.25, 3, -1
464 -> 118, -1, 0.25, 2, -2
464 -> 118, -1, 0.25, 1, -2
465 -> 118, -1, 0.25, 1, -1
465 -> 118, -2, 0.25, 2, -2
466 -> 118, -5, 0.75, 4, -1
466 -> 118, -5, 0.75, 5, -1
466 -> 118, -5, 0.75, 3, -1
466 -> 118, -2, 1.75, 3, -1
469 -> 118, -1, 0.25, 3, -1.5
470 -> 118, -3, 0.75, 3, -0.5
470 -> 118, -3, 0.75, 4, -0.5
470 -> 118, -3, 0.75, 2, -0.5
471 -> 118, -1, 0.25, 5, -1
471 -> 118, -1, 0.25, 4, -1
471 -> 118, -1, 0.25, 3, -1
471 -> 118, -1, 0.25, 2, -1
471 -> 118, -2, 0.75, 5, -1.5
472 -> 118, -4, 0.75, 3, -1
472 -> 118, -4, 0.75, 2, -1
472 -> 118, -2, 0.75, 2, -1
473 -> 118, -4, 1.75, 1, -0.5
474 -> 118, -5, 0.25, 1, -2
475 -> 118, -1, 0.25, 4, -1.5
475 -> 118, -1, 0.25, 5, -1.5
476 -> 118, -2, 0.25, 4, -1.5
476 -> 118, -2, 0.25, 3, -1.5
476 -> 118, -3, 0.25, 1, -1
476 -> 118, -2, 0.25, 5, -1.5
477 -> 118, -5, 1.25, 2, -1
479 -> 118, -2, 1.25, 4, -0.5
479 -> 118, -2, 1.25, 5, -0.5
482 -> 118, -2, 0.75, 5, -0.5
482 -> 118, -1, 0.75, 3, -1.5
485 -> 118, -3, 0.25, 3, -0.5
485 -> 118, -3, 0.25, 4, -0.5
486 -> 118, -3, 0.25, 2, -1
487 -> 118, -3, 0.25, 5, -0.5
490 -> 118, -4, 0.25, 3, -1
490 -> 118, -4, 0.25, 4, -1
491 -> 118, -2, 0.75, 4, -0.5
491 -> 118, -2, 0.25, 2, -0.5
492 -> 118, -4, 1.75, 2, -0.5
498 -> 118, -3, 0.25, 1, -0.5
498 -> 118, -3, 0.25, 2, -0.5
508 -> 118, -4, 1.75, 3, -0.5
508 -> 118, -4, 1.75, 4, -0.5
515 -> 118, -2, 0.75, 1, -1
520 -> 118, -3, 1.25, 2, -0.5
526 -> 118, -5, 0.25, 1, -0.5
528 -> 118, -5, 0.75, 2, -1
528 -> 118, -5, 0.75, 1, -1
532 -> 118, -3, 1.25, 1, -0.5
537 -> 118, -2, 0.25, 1, -0.5
574 -> 118, -3, 0.75, 5, -0.5
582 -> 118, -4, 1.25, 3, -0.5
582 -> 118, -4, 1.25, 2, -0.5
648 -> 118, -5, 0.75, 4, -0.5
648 -> 118, -5, 0.75, 5, -0.5
648 -> 118, -5, 0.75, 3, -0.5
663 -> 118, -4, 0.75, 1, -0.5
663 -> 118, -4, 0.75, 5, -0.5
663 -> 118, -4, 0.75, 2, -0.5
663 -> 118, -4, 0.75, 4, -0.5
663 -> 118, -4, 0.75, 3, -0.5
676 -> 118, -5, 0.25, 3, -0.5
676 -> 118, -5, 0.25, 4, -0.5
676 -> 118, -5, 0.25, 5, -0.5
687 -> 118, -5, 0.75, 2, -0.5
709 -> 118, -5, 1.25, 2, -0.5
709 -> 118, -5, 1.25, 1, -0.5
722 -> 118, -5, 0.75, 1, -0.5
786 -> 118, -5, 1.75, 1, -0.5
816 -> 118, -5, 1.75, 2, -0.5
