339 -> 133, -5, 1.75, 1, -2
351 -> 133, -5, 1.75, 5, -1.5
352 -> 133, -3, 0.75, 3, -2
358 -> 133, -3, 0.75, 5, -2
359 -> 133, -3, 0.75, 2, -2
361 -> 133, -5, 1.75, 4, -2
362 -> 133, -3, 1.25, 4, -1
362 -> 133, -3, 1.25, 2, -1.5
364 -> 133, -1, 0.75, 4, -0.5
364 -> 133, -3, 1.75, 5, -2
367 -> 133, -3, 1.25, 1, -1.5
369 -> 133, -5, 1.25, 2, -1.5
369 -> 133, -5, 1.25, 2, -2
369 -> 133, -5, 1.75, 2, -2
371 -> 133, -1, 0.25, 5, -0.5
371 -> 133, -1, 0.25, 4, -0.5
374 -> 133, -4, 0.25, 5, -1
374 -> 133, -3, 0.75, 4, -2
374 -> 133, -3, 1.25, 3, -1
374 -> 133, -4, 0.25, 4, -1
374 -> 133, -4, 0.75, 3, -1
374 -> 133, -4, 0.25, 3, -1
375 -> 133, -4, 0.75, 3, -0.5
375 -> 133, -4, 0.75, 5, -0.5
375 -> 133, -4, 0.75, 4, -0.5
376 -> 133, -5, 1.25, 1, -2
377 -> 133, -3, 1.75, 4, -1.5
377 -> 133, -3, 1.75, 5, -1
379 -> 133, -5, 1.75, 4, -1.5
380 -> 133, -1, 1.75, 2, -0.5
380 -> 133, -5, 0.75, 4, -2
380 -> 133, -5, 0.25, 5, -1
380 -> 133, -3, 0.75, 1, -1
380 -> 133, -5, 0.75, 5, -2
381 -> 133, -1, 1.75, 1, -0.5
382 -> 133, -3, 1.75, 4, -1
384 -> 133, -5, 1.25, 3, -1.5
385 -> 133, -2, 0.75, 5, -0.5
387 -> 133, -3, 1.75, 2, -2
387 -> 133, -4, 1.75, 1, -1.5
387 -> 133, -4, 1.75, 2, -1.5
387 -> 133, -3, 1.75, 3, -2
388 -> 133, -2, 1.75, 5, -1
389 -> 133, -2, 0.75, 3, -2
390 -> 133, -3, 1.75, 1, -1
390 -> 133, -3, 1.25, 5, -1.5
390 -> 133, -4, 1.25, 2, -2
390 -> 133, -3, 1.75, 2, -1.5
391 -> 133, -5, 0.75, 5, -1.5
391 -> 133, -3, 1.75, 1, -2
391 -> 133, -5, 0.75, 4, -1.5
391 -> 133, -3, 1.75, 4, -2
392 -> 133, -3, 1.75, 5, -1.5
393 -> 133, -1, 1.75, 5, -0.5
393 -> 133, -3, 1.25, 4, -2
393 -> 133, -4, 1.25, 3, -1.5
393 -> 133, -3, 1.25, 3, -2
393 -> 133, -3, 1.25, 5, -2
394 -> 133, -5, 0.25, 1, -2
395 -> 133, -4, 1.25, 1, -1.5
395 -> 133, -1, 1.25, 4, -0.5
395 -> 133, -3, 1.75, 2, -1
396 -> 133, -3, 1.25, 2, -2
396 -> 133, -4, 1.75, 1, -2
396 -> 133, -4, 1.75, 2, -2
396 -> 133, -4, 1.75, 3, -2
396 -> 133, -4, 1.75, 4, -2
396 -> 133, -3, 1.25, 1, -2
396 -> 133, -1, 1.25, 3, -0.5
397 -> 133, -1, 0.75, 1, -1
397 -> 133, -1, 1.75, 2, -1
397 -> 133, -1, 1.25, 2, -0.5
398 -> 133, -5, 0.25, 2, -2
398 -> 133, -1, 1.75, 1, -1
398 -> 133, -3, 1.75, 3, -1.5
399 -> 133, -3, 0.75, 5, -0.5
399 -> 133, -2, 0.25, 2, -0.5
400 -> 133, -2, 1.75, 4, -2
400 -> 133, -2, 1.75, 5, -2
400 -> 133, -1, 1.25, 1, -1
400 -> 133, -4, 1.75, 4, -1
401 -> 133, -5, 1.75, 1, -1.5
401 -> 133, -5, 1.75, 2, -1.5
401 -> 133, -3, 1.75, 3, -1
401 -> 133, -2, 1.25, 4, -2
401 -> 133, -2, 1.25, 5, -2
401 -> 133, -3, 1.25, 3, -0.5
401 -> 133, -1, 1.75, 3, -2
401 -> 133, -1, 1.75, 4, -2
402 -> 133, -5, 0.75, 2, -2
402 -> 133, -5, 0.75, 3, -2
402 -> 133, -5, 0.75, 1, -2
402 -> 133, -1, 0.75, 2, -1.5
402 -> 133, -4, 1.75, 5, -2
403 -> 133, -2, 1.75, 1, -0.5
403 -> 133, -1, 1.75, 4, -0.5
405 -> 133, -2, 0.75, 1, -0.5
405 -> 133, -2, 0.75, 2, -2
405 -> 133, -5, 1.25, 5, -2
405 -> 133, -1, 1.25, 4, -2
406 -> 133, -4, 1.25, 1, -2
406 -> 133, -3, 0.25, 1, -2
406 -> 133, -2, 1.75, 1, -1.5
406 -> 133, -3, 0.25, 3, -2
406 -> 133, -3, 0.25, 4, -2
406 -> 133, -3, 0.25, 5, -2
406 -> 133, -3, 0.25, 2, -2
407 -> 133, -2, 1.25, 1, -2
407 -> 133, -5, 1.25, 4, -1
407 -> 133, -2, 1.25, 1, -1
407 -> 133, -2, 1.25, 4, -0.5
407 -> 133, -4, 0.75, 5, -2
407 -> 133, -5, 1.25, 3, -1
407 -> 133, -2, 1.25, 3, -0.5
408 -> 133, -2, 0.75, 5, -2
408 -> 133, -1, 0.75, 3, -0.5
408 -> 133, -4, 1.25, 2, -1.5
408 -> 133, -2, 0.75, 4, -2
409 -> 133, -1, 0.25, 3, -0.5
409 -> 133, -3, 0.25, 5, -1
409 -> 133, -4, 0.25, 4, -2
409 -> 133, -4, 0.25, 5, -2
409 -> 133, -5, 0.25, 3, -2
409 -> 133, -3, 0.25, 4, -1
409 -> 133, -5, 0.25, 4, -2
409 -> 133, -3, 0.25, 3, -1
410 -> 133, -3, 0.75, 4, -0.5
410 -> 133, -4, 0.25, 5, -1.5
410 -> 133, -4, 0.25, 4, -1.5
410 -> 133, -5, 1.75, 3, -1.5
411 -> 133, -3, 1.25, 5, -0.5
411 -> 133, -5, 1.75, 3, -2
412 -> 133, -4, 0.75, 3, -2
412 -> 133, -1, 0.75, 3, -2
412 -> 133, -4, 0.75, 2, -2
412 -> 133, -3, 1.25, 4, -0.5
413 -> 133, -2, 1.75, 2, -2
413 -> 133, -3, 1.25, 2, -1
413 -> 133, -2, 1.75, 3, -2
413 -> 133, -4, 0.75, 1, -1.5
414 -> 133, -5, 1.25, 4, -2
415 -> 133, -3, 1.75, 5, -0.5
417 -> 133, -1, 1.25, 2, -1
417 -> 133, -2, 1.25, 3, -2
417 -> 133, -1, 1.25, 3, -1
417 -> 133, -2, 1.75, 3, -1.5
417 -> 133, -2, 0.75, 3, -0.5
417 -> 133, -2, 1.75, 4, -1.5
418 -> 133, -5, 1.75, 4, -1
418 -> 133, -5, 1.75, 5, -1
418 -> 133, -1, 1.25, 5, -1.5
419 -> 133, -5, 0.75, 2, -1.5
419 -> 133, -5, 0.75, 1, -1.5
419 -> 133, -4, 0.75, 5, -1.5
420 -> 133, -3, 0.25, 1, -1.5
420 -> 133, -5, 0.75, 5, -0.5
420 -> 133, -4, 1.25, 1, -1
420 -> 133, -4, 1.25, 4, -1
420 -> 133, -4, 1.25, 3, -1
420 -> 133, -4, 1.25, 2, -1
421 -> 133, -1, 1.75, 4, -1.5
422 -> 133, -4, 0.75, 3, -1.5
422 -> 133, -3, 0.75, 4, -1.5
422 -> 133, -4, 0.75, 4, -1.5
422 -> 133, -3, 0.75, 3, -1.5
422 -> 133, -3, 0.75, 2, -1.5
422 -> 133, -3, 0.75, 1, -2
422 -> 133, -3, 0.75, 1, -1.5
423 -> 133, -5, 0.25, 5, -2
423 -> 133, -2, 0.75, 2, -0.5
423 -> 133, -4, 0.75, 2, -1.5
423 -> 133, -5, 1.25, 3, -2
424 -> 133, -1, 1.75, 2, -2
424 -> 133, -1, 1.75, 1, -2
424 -> 133, -5, 0.75, 2, -1
425 -> 133, -5, 0.75, 1, -1
426 -> 133, -3, 0.25, 4, -0.5
426 -> 133, -4, 1.75, 5, -1
426 -> 133, -3, 1.25, 1, -1
426 -> 133, -2, 0.25, 1, -0.5
426 -> 133, -3, 0.75, 3, -0.5
426 -> 133, -1, 1.25, 5, -1
426 -> 133, -3, 1.25, 4, -1.5
426 -> 133, -1, 0.75, 2, -1
427 -> 133, -2, 1.25, 3, -1
427 -> 133, -2, 1.25, 2, -2
427 -> 133, -3, 0.25, 2, -1
428 -> 133, -1, 1.25, 2, -1.5
428 -> 133, -3, 0.25, 1, -1
428 -> 133, -3, 1.75, 1, -1.5
429 -> 133, -4, 1.25, 5, -1.5
429 -> 133, -4, 1.25, 4, -1.5
429 -> 133, -3, 1.25, 3, -1.5
429 -> 133, -1, 1.25, 3, -2
429 -> 133, -1, 1.25, 5, -2
430 -> 133, -2, 0.75, 1, -1.5
430 -> 133, -3, 1.75, 1, -0.5
430 -> 133, -2, 1.25, 4, -1.5
431 -> 133, -3, 0.25, 3, -1.5
431 -> 133, -3, 0.25, 2, -1.5
431 -> 133, -1, 0.75, 5, -2
431 -> 133, -1, 1.75, 3, -1.5
431 -> 133, -1, 1.25, 3, -1.5
431 -> 133, -1, 0.75, 4, -2
432 -> 133, -4, 0.75, 4, -2
433 -> 133, -1, 0.75, 5, -1
434 -> 133, -1, 1.25, 4, -1
434 -> 133, -2, 1.25, 5, -1.5
434 -> 133, -2, 0.25, 5, -0.5
435 -> 133, -3, 0.75, 3, -1
436 -> 133, -3, 0.75, 2, -1
436 -> 133, -2, 1.25, 2, -1.5
436 -> 133, -1, 1.25, 1, -0.5
436 -> 133, -1, 1.25, 4, -1.5
436 -> 133, -2, 1.75, 2, -1.5
436 -> 133, -2, 1.25, 3, -1.5
437 -> 133, -2, 0.75, 2, -1.5
437 -> 133, -1, 0.75, 3, -1.5
437 -> 133, -1, 0.75, 4, -1.5
437 -> 133, -2, 0.75, 3, -1.5
437 -> 133, -2, 0.75, 4, -1.5
437 -> 133, -2, 0.75, 5, -1.5
437 -> 133, -2, 0.75, 1, -2
437 -> 133, -1, 0.25, 2, -1.5
437 -> 133, -1, 0.25, 3, -1.5
438 -> 133, -4, 0.75, 4, -1
438 -> 133, -4, 0.75, 5, -1
438 -> 133, -1, 0.25, 1, -0.5
439 -> 133, -1, 0.75, 5, -1.5
439 -> 133, -1, 0.25, 1, -1.5
439 -> 133, -2, 1.25, 1, -1.5
439 -> 133, -1, 1.25, 1, -2
439 -> 133, -1, 1.25, 1, -1.5
439 -> 133, -5, 1.25, 1, -1.5
439 -> 133, -3, 0.25, 5, -1.5
439 -> 133, -3, 0.25, 4, -1.5
440 -> 133, -4, 1.25, 3, -2
440 -> 133, -4, 1.25, 4, -2
440 -> 133, -4, 1.25, 5, -2
440 -> 133, -4, 0.75, 2, -1
440 -> 133, -1, 1.25, 2, -2
441 -> 133, -4, 0.75, 1, -1
441 -> 133, -2, 1.25, 4, -1
441 -> 133, -1, 1.25, 5, -0.5
441 -> 133, -5, 1.75, 5, -2
441 -> 133, -2, 0.75, 1, -1
442 -> 133, -4, 1.75, 2, -1
442 -> 133, -4, 1.75, 3, -1
442 -> 133, -4, 1.75, 1, -1
442 -> 133, -3, 0.75, 2, -0.5
442 -> 133, -1, 1.75, 1, -1.5
442 -> 133, -3, 0.25, 2, -0.5
442 -> 133, -1, 1.75, 5, -1.5
443 -> 133, -4, 0.25, 2, -2
443 -> 133, -4, 0.25, 1, -2
443 -> 133, -4, 0.25, 3, -2
443 -> 133, -1, 1.75, 2, -1.5
444 -> 133, -1, 1.75, 3, -0.5
445 -> 133, -3, 0.75, 5, -1.5
445 -> 133, -5, 1.75, 3, -1
445 -> 133, -1, 0.75, 1, -1.5
446 -> 133, -1, 1.75, 5, -2
446 -> 133, -3, 1.75, 4, -0.5
447 -> 133, -5, 0.25, 5, -1.5
447 -> 133, -5, 0.25, 4, -1.5
447 -> 133, -5, 0.25, 3, -1.5
447 -> 133, -5, 0.25, 2, -1.5
447 -> 133, -5, 0.25, 1, -1.5
450 -> 133, -2, 1.25, 5, -1
450 -> 133, -5, 1.25, 1, -1
450 -> 133, -5, 1.25, 2, -1
451 -> 133, -2, 1.75, 5, -1.5
451 -> 133, -3, 0.75, 5, -1
451 -> 133, -1, 0.25, 2, -0.5
451 -> 133, -3, 0.75, 4, -1
452 -> 133, -5, 0.75, 3, -1.5
453 -> 133, -2, 1.25, 2, -1
456 -> 133, -5, 0.25, 2, -1
458 -> 133, -5, 0.25, 3, -1
458 -> 133, -5, 0.25, 4, -1
458 -> 133, -3, 1.25, 5, -1
459 -> 133, -2, 0.25, 1, -2
459 -> 133, -2, 0.25, 3, -2
459 -> 133, -2, 0.25, 5, -2
459 -> 133, -2, 0.25, 4, -2
459 -> 133, -2, 0.25, 2, -2
460 -> 133, -2, 1.25, 5, -0.5
460 -> 133, -4, 0.75, 1, -2
461 -> 133, -1, 0.25, 2, -2
461 -> 133, -1, 0.25, 3, -2
461 -> 133, -1, 0.25, 1, -2
462 -> 133, -1, 0.75, 1, -2
462 -> 133, -1, 0.75, 2, -2
463 -> 133, -1, 0.75, 2, -0.5
463 -> 133, -2, 1.75, 1, -1
463 -> 133, -1, 0.75, 5, -0.5
463 -> 133, -2, 1.75, 3, -1
463 -> 133, -1, 0.75, 1, -0.5
463 -> 133, -2, 1.75, 2, -1
465 -> 133, -2, 1.75, 1, -2
466 -> 133, -4, 1.75, 1, -0.5
467 -> 133, -4, 1.25, 5, -1
468 -> 133, -5, 0.75, 3, -1
468 -> 133, -5, 0.75, 4, -1
468 -> 133, -5, 0.75, 5, -1
468 -> 133, -1, 0.25, 4, -2
468 -> 133, -1, 0.25, 5, -2
468 -> 133, -2, 0.25, 4, -0.5
471 -> 133, -4, 0.25, 2, -1.5
471 -> 133, -4, 0.25, 3, -1.5
471 -> 133, -1, 1.75, 3, -1
471 -> 133, -1, 1.75, 4, -1
471 -> 133, -1, 1.75, 5, -1
473 -> 133, -2, 1.75, 4, -1
473 -> 133, -3, 1.25, 1, -0.5
474 -> 133, -2, 0.25, 3, -0.5
475 -> 133, -5, 1.25, 5, -1
475 -> 133, -1, 0.75, 3, -1
475 -> 133, -1, 0.75, 4, -1
479 -> 133, -2, 0.25, 5, -1
479 -> 133, -2, 0.25, 4, -1
479 -> 133, -2, 0.25, 1, -1
479 -> 133, -2, 0.25, 3, -1
479 -> 133, -2, 0.25, 2, -1
480 -> 133, -4, 1.75, 3, -1.5
480 -> 133, -4, 1.75, 4, -1.5
480 -> 133, -4, 1.75, 5, -1.5
481 -> 133, -3, 1.25, 2, -0.5
483 -> 133, -2, 0.25, 1, -1.5
484 -> 133, -5, 1.25, 5, -1.5
484 -> 133, -5, 1.25, 4, -1.5
485 -> 133, -2, 0.25, 5, -1.5
485 -> 133, -3, 0.25, 5, -0.5
485 -> 133, -2, 0.25, 2, -1.5
485 -> 133, -2, 0.25, 4, -1.5
485 -> 133, -2, 0.25, 3, -1.5
489 -> 133, -1, 0.25, 4, -1.5
489 -> 133, -3, 0.25, 1, -0.5
489 -> 133, -1, 0.25, 5, -1.5
491 -> 133, -5, 0.75, 4, -0.5
491 -> 133, -2, 0.75, 4, -0.5
491 -> 133, -5, 0.75, 3, -0.5
492 -> 133, -4, 0.25, 1, -1.5
496 -> 133, -1, 0.25, 4, -1
496 -> 133, -1, 0.25, 1, -1
496 -> 133, -1, 0.25, 5, -1
496 -> 133, -1, 0.25, 2, -1
496 -> 133, -1, 0.25, 3, -1
497 -> 133, -4, 0.25, 2, -1
500 -> 133, -4, 0.25, 1, -1
504 -> 133, -3, 1.75, 2, -0.5
504 -> 133, -3, 0.25, 3, -0.5
509 -> 133, -2, 1.25, 1, -0.5
509 -> 133, -2, 1.25, 2, -0.5
516 -> 133, -5, 0.75, 2, -0.5
525 -> 133, -4, 1.75, 4, -0.5
525 -> 133, -4, 1.75, 5, -0.5
525 -> 133, -4, 1.75, 3, -0.5
525 -> 133, -4, 1.75, 2, -0.5
533 -> 133, -5, 0.25, 1, -1
539 -> 133, -4, 0.25, 4, -0.5
547 -> 133, -2, 0.75, 2, -1
547 -> 133, -2, 0.75, 4, -1
547 -> 133, -2, 0.75, 5, -1
547 -> 133, -2, 0.75, 3, -1
549 -> 133, -5, 0.25, 3, -0.5
549 -> 133, -5, 0.25, 4, -0.5
549 -> 133, -5, 0.25, 5, -0.5
550 -> 133, -5, 0.25, 2, -0.5
550 -> 133, -5, 0.25, 1, -0.5
554 -> 133, -4, 0.25, 5, -0.5
566 -> 133, -4, 0.75, 1, -0.5
577 -> 133, -4, 1.25, 2, -0.5
577 -> 133, -4, 1.25, 3, -0.5
577 -> 133, -4, 1.25, 4, -0.5
577 -> 133, -4, 1.25, 1, -0.5
577 -> 133, -4, 1.25, 5, -0.5
588 -> 133, -4, 0.75, 2, -0.5
593 -> 133, -3, 1.75, 3, -0.5
593 -> 133, -5, 1.75, 5, -0.5
593 -> 133, -5, 1.75, 4, -0.5
593 -> 133, -5, 1.75, 3, -0.5
593 -> 133, -5, 1.75, 2, -0.5
600 -> 133, -5, 1.75, 1, -1
600 -> 133, -5, 1.75, 2, -1
601 -> 133, -2, 1.75, 2, -0.5
601 -> 133, -2, 1.75, 3, -0.5
601 -> 133, -2, 1.75, 4, -0.5
601 -> 133, -2, 1.75, 5, -0.5
609 -> 133, -5, 1.75, 1, -0.5
629 -> 133, -5, 0.75, 1, -0.5
655 -> 133, -3, 0.75, 1, -0.5
729 -> 133, -4, 0.25, 3, -0.5
729 -> 133, -4, 0.25, 2, -0.5
729 -> 133, -4, 0.25, 1, -0.5
764 -> 133, -5, 1.25, 1, -0.5
764 -> 133, -5, 1.25, 5, -0.5
764 -> 133, -5, 1.25, 2, -0.5
764 -> 133, -5, 1.25, 4, -0.5
764 -> 133, -5, 1.25, 3, -0.5
