365 -> 474, -1, 1.75, 5, -0.5
366 -> 474, -1, 1.75, 3, -1.5
369 -> 474, -2, 1.75, 3, -0.5
370 -> 474, -1, 1.75, 2, -0.5
384 -> 474, -3, 1.25, 4, -0.5
388 -> 474, -5, 1.75, 4, -1
388 -> 474, -2, 0.75, 5, -0.5
389 -> 474, -3, 1.25, 5, -0.5
390 -> 474, -4, 1.75, 1, -1.5
390 -> 474, -4, 1.75, 2, -1.5
390 -> 474, -4, 1.75, 3, -1.5
392 -> 474, -1, 1.75, 4, -1
392 -> 474, -2, 1.25, 3, -0.5
393 -> 474, -3, 1.25, 1, -1
396 -> 474, -4, 1.75, 5, -2
398 -> 474, -4, 1.25, 4, -1
398 -> 474, -4, 1.25, 3, -1
398 -> 474, -4, 1.25, 2, -1
400 -> 474, -4, 0.75, 3, -0.5
401 -> 474, -2, 0.25, 5, -0.5
402 -> 474, -3, 1.25, 2, -1
402 -> 474, -4, 0.75, 5, -0.5
404 -> 474, -2, 0.75, 2, -1.5
404 -> 474, -2, 0.75, 4, -1.5
404 -> 474, -1, 1.75, 4, -0.5
404 -> 474, -5, 1.75, 3, -1
404 -> 474, -2, 0.75, 3, -1.5
405 -> 474, -1, 1.25, 4, -0.5
406 -> 474, -2, 1.75, 5, -0.5
406 -> 474, -1, 1.75, 1, -0.5
406 -> 474, -1, 1.25, 5, -0.5
407 -> 474, -2, 0.75, 1, -1.5
407 -> 474, -4, 1.75, 5, -1.5
409 -> 474, -2, 1.25, 1, -0.5
410 -> 474, -1, 1.75, 3, -0.5
411 -> 474, -1, 0.75, 5, -0.5
411 -> 474, -2, 0.25, 4, -0.5
412 -> 474, -3, 1.25, 1, -0.5
412 -> 474, -5, 1.75, 5, -1.5
413 -> 474, -5, 1.75, 3, -1.5
413 -> 474, -5, 1.75, 4, -1.5
413 -> 474, -5, 1.75, 1, -1.5
413 -> 474, -5, 1.75, 2, -1.5
414 -> 474, -4, 0.75, 1, -1
414 -> 474, -1, 1.75, 3, -1
420 -> 474, -4, 0.25, 4, -1
420 -> 474, -1, 1.25, 3, -0.5
420 -> 474, -4, 0.25, 5, -1
421 -> 474, -3, 1.75, 5, -1
422 -> 474, -1, 0.25, 1, -1
422 -> 474, -2, 1.25, 4, -1
423 -> 474, -4, 1.25, 3, -1.5
423 -> 474, -4, 1.25, 4, -1.5
425 -> 474, -4, 0.75, 1, -1.5
425 -> 474, -2, 1.75, 1, -0.5
425 -> 474, -2, 1.75, 1, -2
425 -> 474, -3, 0.75, 2, -0.5
426 -> 474, -1, 0.75, 2, -1
427 -> 474, -1, 1.75, 4, -1.5
428 -> 474, -4, 1.25, 5, -1.5
428 -> 474, -1, 1.25, 5, -1.5
429 -> 474, -2, 0.75, 4, -0.5
429 -> 474, -3, 1.75, 3, -1
429 -> 474, -3, 1.75, 4, -1
429 -> 474, -3, 1.75, 2, -1.5
429 -> 474, -3, 1.75, 3, -1.5
429 -> 474, -2, 0.75, 3, -0.5
429 -> 474, -2, 0.75, 1, -0.5
429 -> 474, -2, 0.75, 2, -0.5
431 -> 474, -5, 1.25, 2, -1
431 -> 474, -1, 1.75, 2, -1.5
431 -> 474, -1, 1.25, 1, -0.5
431 -> 474, -5, 1.25, 3, -1
432 -> 474, -1, 0.75, 1, -1.5
432 -> 474, -1, 1.25, 4, -1.5
432 -> 474, -4, 0.75, 3, -1
432 -> 474, -4, 0.75, 2, -1
432 -> 474, -4, 1.25, 2, -2
433 -> 474, -5, 1.25, 2, -1.5
433 -> 474, -2, 1.25, 2, -1
433 -> 474, -2, 1.25, 3, -1
433 -> 474, -2, 1.25, 5, -2
434 -> 474, -3, 1.75, 1, -1
434 -> 474, -1, 1.75, 1, -1.5
434 -> 474, -1, 0.25, 4, -1.5
435 -> 474, -5, 1.25, 1, -2
435 -> 474, -5, 1.25, 3, -2
435 -> 474, -5, 1.25, 2, -2
435 -> 474, -5, 1.25, 1, -1
436 -> 474, -4, 0.25, 2, -0.5
436 -> 474, -4, 0.25, 3, -0.5
436 -> 474, -5, 0.75, 2, -1
436 -> 474, -5, 0.75, 1, -1
437 -> 474, -1, 1.25, 3, -2
437 -> 474, -1, 1.25, 1, -2
437 -> 474, -1, 1.25, 4, -2
437 -> 474, -1, 1.25, 2, -2
438 -> 474, -5, 0.25, 4, -0.5
438 -> 474, -5, 0.25, 5, -0.5
438 -> 474, -5, 0.25, 3, -0.5
438 -> 474, -5, 1.25, 1, -1.5
438 -> 474, -1, 0.75, 5, -1
438 -> 474, -5, 0.25, 2, -0.5
439 -> 474, -2, 0.75, 4, -2
440 -> 474, -3, 1.75, 4, -1.5
440 -> 474, -3, 1.75, 5, -1.5
440 -> 474, -1, 1.25, 2, -0.5
440 -> 474, -2, 1.75, 1, -1.5
442 -> 474, -1, 0.75, 2, -0.5
442 -> 474, -1, 1.75, 2, -1
442 -> 474, -1, 1.75, 1, -1
443 -> 474, -5, 1.25, 4, -1
443 -> 474, -4, 0.25, 1, -0.5
444 -> 474, -3, 0.75, 1, -1
444 -> 474, -1, 1.25, 3, -1
444 -> 474, -3, 1.25, 3, -0.5
445 -> 474, -2, 1.75, 5, -1
445 -> 474, -1, 0.25, 3, -2
445 -> 474, -3, 1.25, 2, -2
445 -> 474, -2, 1.75, 3, -1
445 -> 474, -3, 1.25, 5, -1.5
445 -> 474, -3, 1.75, 2, -1
445 -> 474, -3, 1.25, 3, -2
445 -> 474, -2, 1.75, 4, -1
446 -> 474, -4, 1.75, 1, -2
446 -> 474, -4, 1.75, 3, -2
446 -> 474, -4, 1.75, 2, -2
446 -> 474, -3, 1.25, 4, -1.5
446 -> 474, -3, 1.25, 3, -1.5
446 -> 474, -3, 1.75, 1, -2
446 -> 474, -1, 0.75, 1, -2
447 -> 474, -3, 0.75, 1, -0.5
447 -> 474, -2, 0.25, 1, -0.5
448 -> 474, -2, 1.75, 4, -0.5
448 -> 474, -5, 0.75, 1, -1.5
448 -> 474, -5, 0.75, 2, -1.5
448 -> 474, -5, 0.75, 3, -1.5
448 -> 474, -5, 1.75, 2, -2
449 -> 474, -1, 1.25, 1, -1.5
450 -> 474, -1, 0.25, 5, -1.5
450 -> 474, -5, 1.25, 3, -1.5
450 -> 474, -1, 1.25, 5, -1
450 -> 474, -5, 1.75, 1, -1
450 -> 474, -2, 0.25, 3, -0.5
450 -> 474, -1, 0.75, 1, -0.5
450 -> 474, -2, 0.25, 2, -0.5
450 -> 474, -5, 1.25, 4, -1.5
451 -> 474, -2, 1.75, 1, -1
451 -> 474, -2, 1.75, 2, -1
451 -> 474, -1, 0.75, 3, -0.5
451 -> 474, -1, 0.75, 4, -0.5
452 -> 474, -3, 1.25, 1, -2
452 -> 474, -5, 1.75, 5, -2
452 -> 474, -2, 1.75, 2, -1.5
452 -> 474, -1, 0.25, 1, -2
453 -> 474, -2, 1.75, 5, -1.5
454 -> 474, -1, 1.75, 3, -2
454 -> 474, -1, 1.75, 2, -2
454 -> 474, -1, 1.75, 5, -2
454 -> 474, -5, 1.75, 1, -2
454 -> 474, -4, 0.25, 2, -1.5
454 -> 474, -1, 1.75, 4, -2
454 -> 474, -4, 0.25, 3, -1.5
455 -> 474, -4, 0.25, 4, -1.5
455 -> 474, -4, 0.25, 5, -1.5
456 -> 474, -4, 1.25, 5, -2
456 -> 474, -3, 1.25, 2, -1.5
456 -> 474, -3, 0.75, 4, -0.5
456 -> 474, -2, 0.25, 3, -1.5
456 -> 474, -3, 1.25, 3, -1
456 -> 474, -3, 1.25, 4, -1
456 -> 474, -3, 0.75, 5, -0.5
456 -> 474, -3, 0.75, 3, -0.5
456 -> 474, -4, 1.25, 1, -2
456 -> 474, -1, 0.75, 2, -1.5
456 -> 474, -1, 0.25, 5, -2
456 -> 474, -1, 0.25, 4, -2
456 -> 474, -2, 1.25, 5, -1
456 -> 474, -3, 1.25, 5, -1
457 -> 474, -5, 0.75, 5, -1
457 -> 474, -5, 0.75, 4, -1
457 -> 474, -5, 0.75, 3, -1
458 -> 474, -1, 1.75, 5, -1
458 -> 474, -5, 1.25, 5, -1.5
458 -> 474, -4, 0.25, 5, -0.5
458 -> 474, -2, 1.75, 3, -1.5
458 -> 474, -4, 0.25, 4, -0.5
458 -> 474, -3, 0.25, 5, -1.5
458 -> 474, -3, 0.25, 4, -1.5
458 -> 474, -3, 0.25, 3, -1.5
458 -> 474, -3, 0.25, 2, -1.5
459 -> 474, -3, 0.25, 4, -1
459 -> 474, -3, 0.25, 5, -1
459 -> 474, -3, 1.25, 5, -2
459 -> 474, -1, 0.25, 3, -1.5
460 -> 474, -1, 0.75, 1, -1
463 -> 474, -4, 1.75, 2, -0.5
463 -> 474, -3, 0.25, 2, -0.5
463 -> 474, -4, 1.75, 2, -1
463 -> 474, -3, 0.25, 1, -0.5
463 -> 474, -5, 1.25, 5, -2
463 -> 474, -4, 1.75, 3, -1
463 -> 474, -4, 1.75, 1, -1
464 -> 474, -3, 1.75, 5, -2
464 -> 474, -2, 0.75, 5, -2
464 -> 474, -3, 1.75, 4, -2
465 -> 474, -3, 0.25, 2, -1
465 -> 474, -4, 1.75, 4, -1
465 -> 474, -4, 1.75, 3, -0.5
465 -> 474, -3, 1.25, 1, -1.5
466 -> 474, -4, 1.25, 4, -2
466 -> 474, -3, 0.25, 1, -1
466 -> 474, -4, 1.25, 3, -2
466 -> 474, -4, 1.75, 5, -1
466 -> 474, -4, 0.25, 1, -1.5
467 -> 474, -4, 0.75, 1, -0.5
467 -> 474, -1, 1.25, 2, -1.5
467 -> 474, -1, 1.25, 3, -1.5
467 -> 474, -1, 1.75, 1, -2
467 -> 474, -4, 0.75, 2, -0.5
468 -> 474, -4, 1.25, 2, -1.5
468 -> 474, -3, 1.25, 4, -2
468 -> 474, -4, 1.25, 1, -1.5
468 -> 474, -5, 1.75, 2, -1
469 -> 474, -4, 1.75, 4, -1.5
469 -> 474, -1, 1.75, 5, -1.5
469 -> 474, -2, 1.25, 2, -2
469 -> 474, -4, 1.25, 1, -1
469 -> 474, -2, 1.25, 3, -2
469 -> 474, -2, 1.25, 1, -2
469 -> 474, -5, 1.25, 5, -1
469 -> 474, -2, 1.25, 4, -2
470 -> 474, -2, 0.75, 2, -2
470 -> 474, -2, 0.75, 3, -2
471 -> 474, -2, 0.25, 4, -1.5
473 -> 474, -3, 1.75, 1, -1.5
474 -> 474, -1, 1.25, 1, -1
474 -> 474, -1, 1.25, 2, -1
475 -> 474, -1, 0.25, 2, -2
476 -> 474, -2, 0.75, 1, -1
476 -> 474, -3, 0.25, 3, -1
476 -> 474, -4, 0.75, 3, -1.5
476 -> 474, -4, 0.75, 5, -1.5
476 -> 474, -2, 0.75, 5, -1
476 -> 474, -2, 0.75, 3, -1
476 -> 474, -4, 0.75, 4, -1.5
476 -> 474, -2, 0.75, 2, -1
476 -> 474, -2, 0.75, 4, -1
477 -> 474, -1, 0.25, 2, -1
477 -> 474, -4, 1.75, 5, -0.5
477 -> 474, -2, 1.25, 1, -1
477 -> 474, -4, 1.75, 4, -0.5
478 -> 474, -4, 0.75, 2, -1.5
478 -> 474, -1, 0.25, 1, -0.5
478 -> 474, -1, 0.25, 4, -0.5
478 -> 474, -3, 0.75, 4, -1.5
478 -> 474, -1, 0.25, 2, -0.5
478 -> 474, -3, 0.75, 2, -1.5
478 -> 474, -1, 0.25, 3, -0.5
478 -> 474, -3, 0.75, 5, -1.5
478 -> 474, -3, 0.75, 3, -1.5
478 -> 474, -3, 0.75, 1, -1.5
479 -> 474, -2, 0.25, 2, -2
479 -> 474, -1, 0.75, 4, -2
479 -> 474, -2, 0.25, 3, -2
479 -> 474, -2, 0.25, 1, -2
479 -> 474, -3, 0.25, 1, -1.5
479 -> 474, -1, 0.75, 5, -2
479 -> 474, -2, 0.25, 4, -2
480 -> 474, -3, 0.75, 5, -1
480 -> 474, -3, 0.75, 4, -1
480 -> 474, -3, 0.75, 2, -1
480 -> 474, -3, 0.25, 5, -0.5
480 -> 474, -3, 0.25, 4, -0.5
480 -> 474, -1, 0.25, 2, -1.5
480 -> 474, -5, 0.25, 1, -0.5
480 -> 474, -3, 0.75, 3, -1
481 -> 474, -3, 0.75, 4, -2
481 -> 474, -3, 0.75, 5, -2
482 -> 474, -2, 1.25, 4, -0.5
482 -> 474, -2, 1.25, 5, -0.5
482 -> 474, -3, 1.75, 1, -0.5
482 -> 474, -3, 1.75, 5, -0.5
482 -> 474, -3, 1.75, 2, -0.5
482 -> 474, -3, 1.75, 4, -0.5
482 -> 474, -3, 1.75, 3, -0.5
483 -> 474, -5, 0.25, 2, -1
483 -> 474, -5, 0.25, 3, -1
483 -> 474, -5, 0.25, 1, -1
484 -> 474, -4, 0.75, 1, -2
484 -> 474, -2, 0.75, 1, -2
484 -> 474, -2, 1.25, 2, -0.5
484 -> 474, -5, 0.25, 1, -1.5
484 -> 474, -4, 0.75, 2, -2
485 -> 474, -3, 1.75, 2, -2
485 -> 474, -4, 1.75, 1, -0.5
485 -> 474, -2, 1.75, 2, -0.5
485 -> 474, -3, 1.75, 3, -2
486 -> 474, -5, 1.25, 4, -2
486 -> 474, -1, 0.75, 5, -1.5
487 -> 474, -1, 0.25, 3, -1
487 -> 474, -5, 1.75, 4, -2
487 -> 474, -5, 1.75, 3, -2
487 -> 474, -3, 0.75, 2, -2
487 -> 474, -3, 0.75, 3, -2
488 -> 474, -5, 1.25, 2, -0.5
488 -> 474, -5, 1.25, 1, -0.5
489 -> 474, -1, 1.25, 5, -2
490 -> 474, -5, 0.25, 5, -1
491 -> 474, -2, 0.25, 5, -2
492 -> 474, -5, 0.25, 4, -1.5
492 -> 474, -5, 0.25, 5, -1.5
492 -> 474, -5, 0.25, 3, -1.5
492 -> 474, -5, 0.25, 2, -1.5
492 -> 474, -4, 0.75, 4, -1
492 -> 474, -4, 0.75, 5, -1
493 -> 474, -1, 0.75, 3, -1.5
493 -> 474, -1, 1.25, 4, -1
493 -> 474, -3, 1.25, 2, -0.5
494 -> 474, -4, 1.75, 4, -2
494 -> 474, -1, 0.75, 4, -1.5
494 -> 474, -2, 1.75, 4, -1.5
495 -> 474, -1, 0.75, 3, -1
495 -> 474, -2, 0.25, 2, -1.5
495 -> 474, -2, 0.25, 1, -1.5
495 -> 474, -1, 0.75, 4, -1
496 -> 474, -5, 0.75, 5, -1.5
496 -> 474, -5, 0.75, 4, -1.5
498 -> 474, -2, 1.75, 5, -2
498 -> 474, -2, 1.75, 4, -2
498 -> 474, -2, 1.75, 3, -2
498 -> 474, -2, 1.75, 2, -2
499 -> 474, -5, 0.25, 2, -2
499 -> 474, -1, 0.25, 1, -1.5
499 -> 474, -5, 0.25, 3, -2
499 -> 474, -5, 0.25, 4, -2
499 -> 474, -4, 1.25, 5, -1
499 -> 474, -5, 0.25, 1, -2
499 -> 474, -5, 0.25, 5, -2
500 -> 474, -2, 1.25, 5, -1.5
500 -> 474, -2, 1.25, 4, -1.5
500 -> 474, -2, 1.25, 3, -1.5
500 -> 474, -2, 1.25, 2, -1.5
500 -> 474, -2, 1.25, 1, -1.5
502 -> 474, -4, 0.75, 3, -2
502 -> 474, -4, 0.75, 4, -2
502 -> 474, -4, 0.75, 5, -2
502 -> 474, -2, 0.75, 5, -1.5
503 -> 474, -3, 0.25, 3, -0.5
503 -> 474, -4, 0.25, 5, -2
503 -> 474, -1, 0.75, 2, -2
503 -> 474, -1, 0.75, 3, -2
503 -> 474, -5, 1.75, 5, -0.5
503 -> 474, -4, 0.25, 4, -2
504 -> 474, -5, 0.75, 5, -2
504 -> 474, -5, 1.75, 4, -0.5
504 -> 474, -5, 1.75, 3, -0.5
504 -> 474, -5, 1.75, 2, -0.5
504 -> 474, -5, 0.75, 4, -2
504 -> 474, -5, 0.75, 3, -2
504 -> 474, -5, 1.75, 1, -0.5
507 -> 474, -3, 0.75, 1, -2
508 -> 474, -5, 1.25, 4, -0.5
508 -> 474, -5, 1.25, 3, -0.5
508 -> 474, -1, 0.25, 5, -1
508 -> 474, -5, 0.75, 1, -0.5
508 -> 474, -1, 0.25, 4, -1
510 -> 474, -4, 0.25, 1, -2
511 -> 474, -4, 1.25, 2, -0.5
511 -> 474, -4, 1.25, 3, -0.5
511 -> 474, -4, 1.25, 4, -0.5
511 -> 474, -4, 1.25, 5, -0.5
513 -> 474, -4, 1.25, 1, -0.5
516 -> 474, -4, 0.25, 1, -1
516 -> 474, -4, 0.25, 2, -1
516 -> 474, -4, 0.25, 3, -1
521 -> 474, -5, 1.25, 5, -0.5
521 -> 474, -1, 0.25, 5, -0.5
524 -> 474, -5, 0.75, 1, -2
524 -> 474, -5, 0.75, 2, -2
525 -> 474, -2, 0.25, 4, -1
525 -> 474, -2, 0.25, 5, -1
525 -> 474, -2, 0.25, 3, -1
525 -> 474, -2, 0.25, 2, -1
525 -> 474, -2, 0.25, 1, -1
528 -> 474, -4, 0.25, 3, -2
529 -> 474, -4, 0.25, 2, -2
532 -> 474, -5, 1.75, 5, -1
535 -> 474, -5, 0.75, 5, -0.5
535 -> 474, -5, 0.75, 4, -0.5
536 -> 474, -2, 0.25, 5, -1.5
539 -> 474, -4, 0.75, 4, -0.5
540 -> 474, -3, 0.25, 3, -2
540 -> 474, -3, 0.25, 2, -2
540 -> 474, -3, 0.25, 1, -2
543 -> 474, -3, 0.25, 5, -2
543 -> 474, -3, 0.25, 4, -2
546 -> 474, -5, 0.25, 4, -1
555 -> 474, -5, 0.75, 3, -0.5
555 -> 474, -5, 0.75, 2, -0.5
