97 -> 332, -1, 1.75, 2, -1
97 -> 332, -1, 1.75, 1, -1
343 -> 332, -4, 1.25, 3, -0.5
351 -> 332, -5, 1.25, 2, -1
357 -> 332, -4, 1.25, 4, -0.5
366 -> 332, -2, 1.75, 1, -1
370 -> 332, -4, 1.25, 5, -0.5
374 -> 332, -3, 1.75, 2, -1
374 -> 332, -3, 1.75, 3, -1
379 -> 332, -1, 1.25, 1, -0.5
386 -> 332, -2, 1.75, 4, -1
386 -> 332, -3, 1.75, 3, -1.5
386 -> 332, -2, 1.75, 5, -1
389 -> 332, -3, 1.25, 5, -0.5
390 -> 332, -2, 0.25, 1, -0.5
390 -> 332, -5, 1.25, 3, -1
390 -> 332, -5, 1.75, 4, -1
390 -> 332, -5, 1.25, 4, -1
393 -> 332, -1, 0.75, 4, -1
394 -> 332, -2, 0.75, 2, -0.5
395 -> 332, -2, 1.75, 3, -0.5
396 -> 332, -1, 1.75, 5, -1
396 -> 332, -5, 0.75, 1, -0.5
396 -> 332, -2, 1.25, 5, -0.5
396 -> 332, -2, 1.25, 4, -0.5
396 -> 332, -5, 1.25, 1, -1
397 -> 332, -2, 1.75, 1, -1.5
397 -> 332, -2, 1.75, 2, -1.5
398 -> 332, -3, 1.25, 3, -2
398 -> 332, -3, 1.25, 5, -2
398 -> 332, -3, 1.25, 4, -2
399 -> 332, -5, 0.75, 5, -1
399 -> 332, -1, 1.75, 2, -1.5
400 -> 332, -5, 1.25, 4, -2
401 -> 332, -5, 1.75, 3, -1
402 -> 332, -1, 1.75, 4, -1
403 -> 332, -3, 0.75, 2, -0.5
403 -> 332, -4, 0.75, 4, -0.5
403 -> 332, -4, 0.25, 5, -0.5
404 -> 332, -2, 1.75, 2, -2
404 -> 332, -1, 0.75, 2, -1
405 -> 332, -1, 0.75, 1, -1
406 -> 332, -3, 0.25, 3, -0.5
406 -> 332, -1, 0.75, 3, -1
408 -> 332, -3, 1.25, 2, -2
408 -> 332, -2, 0.25, 2, -2
408 -> 332, -2, 0.25, 1, -2
409 -> 332, -2, 1.25, 5, -1.5
409 -> 332, -2, 1.75, 5, -2
409 -> 332, -1, 1.25, 1, -1
410 -> 332, -1, 1.75, 1, -1.5
410 -> 332, -4, 0.75, 5, -1.5
411 -> 332, -1, 1.75, 3, -1
413 -> 332, -3, 1.75, 4, -1.5
413 -> 332, -2, 0.25, 3, -1.5
413 -> 332, -3, 1.75, 5, -1.5
413 -> 332, -2, 1.75, 2, -1
414 -> 332, -5, 0.75, 5, -1.5
414 -> 332, -5, 1.25, 2, -2
414 -> 332, -2, 1.75, 2, -0.5
415 -> 332, -3, 0.75, 1, -2
416 -> 332, -3, 0.75, 1, -1
416 -> 332, -3, 0.75, 2, -1
417 -> 332, -4, 0.75, 4, -1.5
417 -> 332, -2, 0.75, 2, -2
418 -> 332, -2, 1.25, 3, -1
419 -> 332, -2, 0.75, 5, -0.5
420 -> 332, -4, 0.75, 5, -0.5
420 -> 332, -2, 1.75, 3, -2
420 -> 332, -2, 1.75, 4, -2
420 -> 332, -2, 1.75, 3, -1
420 -> 332, -2, 1.75, 5, -0.5
421 -> 332, -4, 0.25, 1, -0.5
421 -> 332, -4, 1.25, 1, -1.5
421 -> 332, -2, 0.75, 1, -1
422 -> 332, -2, 1.75, 1, -0.5
422 -> 332, -2, 0.75, 3, -2
422 -> 332, -2, 0.75, 4, -2
422 -> 332, -2, 0.25, 4, -1
423 -> 332, -3, 0.25, 2, -0.5
423 -> 332, -2, 1.25, 2, -2
423 -> 332, -2, 0.25, 5, -0.5
423 -> 332, -2, 1.25, 1, -2
423 -> 332, -5, 0.25, 1, -0.5
424 -> 332, -3, 0.75, 5, -0.5
424 -> 332, -4, 0.75, 5, -1
424 -> 332, -5, 1.75, 5, -2
425 -> 332, -2, 1.25, 4, -2
425 -> 332, -2, 1.25, 5, -2
425 -> 332, -2, 1.25, 3, -2
425 -> 332, -5, 1.25, 1, -2
426 -> 332, -3, 1.75, 1, -1
427 -> 332, -2, 1.75, 5, -1.5
427 -> 332, -4, 1.75, 5, -1
427 -> 332, -5, 1.75, 5, -1
428 -> 332, -2, 1.75, 1, -2
428 -> 332, -4, 0.25, 4, -0.5
428 -> 332, -3, 1.25, 4, -0.5
429 -> 332, -1, 1.75, 5, -0.5
429 -> 332, -2, 0.75, 2, -1.5
430 -> 332, -1, 0.75, 1, -2
430 -> 332, -1, 1.25, 3, -2
430 -> 332, -1, 1.25, 2, -2
430 -> 332, -1, 1.25, 1, -2
431 -> 332, -4, 1.75, 2, -1.5
431 -> 332, -1, 1.25, 5, -2
431 -> 332, -5, 0.75, 3, -0.5
431 -> 332, -5, 0.75, 4, -0.5
431 -> 332, -5, 0.75, 5, -0.5
432 -> 332, -2, 0.75, 3, -1
432 -> 332, -2, 0.75, 4, -1
432 -> 332, -2, 0.75, 5, -1
433 -> 332, -4, 1.75, 5, -1.5
433 -> 332, -3, 1.25, 1, -1
433 -> 332, -5, 1.75, 4, -2
433 -> 332, -4, 1.75, 4, -1.5
433 -> 332, -3, 0.75, 3, -0.5
434 -> 332, -4, 1.25, 5, -1
434 -> 332, -3, 0.75, 4, -0.5
435 -> 332, -1, 1.25, 3, -1
435 -> 332, -5, 0.25, 2, -0.5
435 -> 332, -1, 1.75, 4, -1.5
435 -> 332, -1, 1.75, 3, -1.5
435 -> 332, -4, 1.75, 1, -1.5
436 -> 332, -1, 1.25, 1, -1.5
436 -> 332, -1, 1.25, 2, -1.5
436 -> 332, -5, 1.75, 1, -2
436 -> 332, -4, 0.25, 2, -0.5
437 -> 332, -3, 1.25, 2, -1
437 -> 332, -4, 0.75, 4, -1
438 -> 332, -3, 0.75, 3, -1
438 -> 332, -3, 0.75, 1, -0.5
438 -> 332, -3, 0.25, 1, -0.5
438 -> 332, -4, 1.75, 1, -1
439 -> 332, -2, 0.75, 4, -0.5
439 -> 332, -3, 1.75, 4, -1
439 -> 332, -2, 0.75, 1, -1.5
440 -> 332, -3, 1.25, 4, -1.5
440 -> 332, -4, 1.25, 3, -1.5
440 -> 332, -4, 1.25, 4, -1.5
440 -> 332, -4, 1.25, 4, -1
440 -> 332, -1, 1.25, 2, -0.5
440 -> 332, -3, 1.25, 5, -1.5
440 -> 332, -4, 1.25, 3, -1
441 -> 332, -4, 0.75, 3, -1
441 -> 332, -5, 1.25, 3, -2
441 -> 332, -3, 1.75, 5, -1
441 -> 332, -4, 1.25, 2, -1
441 -> 332, -4, 1.25, 1, -1
442 -> 332, -1, 0.25, 3, -1.5
442 -> 332, -4, 0.25, 3, -0.5
442 -> 332, -1, 0.25, 4, -1.5
442 -> 332, -2, 0.25, 3, -1
442 -> 332, -4, 1.75, 3, -1.5
443 -> 332, -4, 0.75, 2, -1.5
443 -> 332, -4, 0.75, 3, -1.5
443 -> 332, -4, 0.75, 1, -1.5
444 -> 332, -2, 0.75, 5, -1.5
445 -> 332, -5, 1.25, 4, -1.5
445 -> 332, -5, 1.25, 5, -1.5
445 -> 332, -3, 0.75, 1, -1.5
446 -> 332, -3, 1.25, 1, -2
446 -> 332, -2, 0.75, 1, -2
446 -> 332, -1, 1.75, 5, -1.5
446 -> 332, -2, 1.75, 4, -0.5
447 -> 332, -5, 1.25, 5, -1
447 -> 332, -2, 0.25, 3, -0.5
447 -> 332, -2, 0.25, 2, -0.5
447 -> 332, -4, 1.25, 2, -2
447 -> 332, -4, 1.25, 4, -2
447 -> 332, -4, 1.25, 5, -2
447 -> 332, -4, 1.75, 4, -1
447 -> 332, -4, 1.25, 3, -2
447 -> 332, -4, 1.75, 3, -1
447 -> 332, -4, 1.25, 1, -2
447 -> 332, -4, 1.75, 2, -1
448 -> 332, -4, 0.75, 2, -1
448 -> 332, -5, 1.75, 3, -2
448 -> 332, -5, 1.75, 2, -2
448 -> 332, -1, 1.75, 1, -2
448 -> 332, -1, 1.75, 2, -2
448 -> 332, -1, 1.75, 3, -2
448 -> 332, -1, 1.75, 4, -2
448 -> 332, -2, 0.25, 5, -1
448 -> 332, -1, 1.75, 5, -2
449 -> 332, -5, 1.25, 1, -1.5
450 -> 332, -5, 0.75, 1, -1.5
450 -> 332, -3, 0.75, 3, -1.5
450 -> 332, -1, 0.25, 1, -0.5
450 -> 332, -3, 0.75, 2, -1.5
450 -> 332, -2, 1.25, 4, -1
451 -> 332, -2, 1.25, 2, -1.5
451 -> 332, -1, 0.25, 1, -2
451 -> 332, -2, 1.25, 1, -1.5
451 -> 332, -2, 0.25, 1, -1
451 -> 332, -2, 0.75, 4, -1.5
451 -> 332, -2, 0.75, 3, -1.5
451 -> 332, -1, 0.25, 2, -2
451 -> 332, -1, 0.25, 3, -2
452 -> 332, -5, 1.25, 5, -2
452 -> 332, -2, 0.75, 2, -1
452 -> 332, -1, 1.25, 5, -1
453 -> 332, -1, 1.75, 3, -0.5
453 -> 332, -1, 1.25, 3, -1.5
453 -> 332, -2, 1.75, 3, -1.5
453 -> 332, -2, 1.75, 4, -1.5
454 -> 332, -3, 1.25, 1, -1.5
454 -> 332, -3, 1.25, 2, -1.5
454 -> 332, -3, 1.25, 3, -1.5
456 -> 332, -4, 1.25, 2, -1.5
456 -> 332, -4, 0.75, 2, -0.5
456 -> 332, -5, 0.75, 2, -0.5
456 -> 332, -5, 0.25, 5, -0.5
457 -> 332, -5, 1.25, 5, -0.5
457 -> 332, -2, 0.25, 4, -0.5
458 -> 332, -2, 0.25, 5, -1.5
458 -> 332, -4, 0.75, 3, -0.5
458 -> 332, -1, 1.75, 4, -0.5
458 -> 332, -1, 1.25, 2, -1
458 -> 332, -1, 0.25, 2, -1.5
459 -> 332, -5, 0.75, 3, -1
459 -> 332, -4, 1.25, 2, -0.5
459 -> 332, -5, 0.75, 4, -1
460 -> 332, -4, 0.75, 1, -1
461 -> 332, -2, 1.25, 2, -0.5
461 -> 332, -5, 1.75, 4, -1.5
461 -> 332, -3, 0.25, 5, -0.5
461 -> 332, -5, 0.25, 1, -1.5
461 -> 332, -5, 1.75, 5, -1.5
461 -> 332, -2, 1.25, 1, -0.5
461 -> 332, -5, 1.75, 3, -1.5
461 -> 332, -2, 1.25, 3, -0.5
461 -> 332, -1, 0.25, 4, -2
461 -> 332, -3, 0.25, 4, -0.5
462 -> 332, -4, 0.25, 5, -1.5
462 -> 332, -4, 1.75, 2, -0.5
462 -> 332, -4, 0.25, 4, -1.5
462 -> 332, -4, 1.75, 4, -0.5
462 -> 332, -1, 1.25, 4, -1.5
462 -> 332, -4, 0.25, 3, -1.5
462 -> 332, -4, 1.75, 1, -0.5
462 -> 332, -4, 1.75, 5, -0.5
462 -> 332, -4, 0.75, 1, -2
462 -> 332, -4, 1.75, 3, -0.5
462 -> 332, -1, 1.25, 5, -1.5
462 -> 332, -3, 1.75, 2, -2
462 -> 332, -5, 1.25, 4, -0.5
462 -> 332, -3, 1.75, 1, -2
463 -> 332, -3, 1.75, 1, -1.5
463 -> 332, -1, 0.75, 5, -1
463 -> 332, -1, 0.25, 1, -1.5
463 -> 332, -3, 1.75, 2, -1.5
463 -> 332, -3, 1.75, 5, -2
463 -> 332, -1, 1.25, 4, -1
463 -> 332, -3, 1.75, 4, -2
463 -> 332, -3, 1.75, 3, -2
464 -> 332, -2, 0.75, 3, -0.5
465 -> 332, -1, 0.75, 2, -1.5
465 -> 332, -1, 0.75, 4, -1.5
465 -> 332, -3, 1.25, 4, -1
465 -> 332, -3, 1.25, 5, -1
465 -> 332, -3, 1.25, 3, -1
465 -> 332, -1, 1.25, 5, -0.5
465 -> 332, -1, 0.25, 2, -0.5
465 -> 332, -1, 1.25, 4, -0.5
465 -> 332, -1, 0.75, 1, -1.5
465 -> 332, -5, 0.25, 2, -1.5
465 -> 332, -1, 0.75, 3, -1.5
465 -> 332, -5, 0.25, 3, -1.5
465 -> 332, -1, 0.75, 5, -1.5
466 -> 332, -1, 0.75, 4, -2
466 -> 332, -2, 0.25, 2, -1.5
466 -> 332, -1, 0.25, 3, -0.5
466 -> 332, -1, 0.25, 4, -0.5
466 -> 332, -1, 0.75, 5, -2
466 -> 332, -1, 0.25, 5, -0.5
467 -> 332, -3, 0.25, 3, -2
467 -> 332, -1, 0.75, 2, -2
467 -> 332, -4, 1.75, 1, -2
467 -> 332, -4, 1.75, 2, -2
467 -> 332, -2, 0.75, 1, -0.5
467 -> 332, -3, 0.25, 2, -2
467 -> 332, -2, 1.25, 5, -1
467 -> 332, -4, 0.75, 1, -0.5
467 -> 332, -4, 1.75, 3, -2
468 -> 332, -2, 1.25, 2, -1
471 -> 332, -2, 0.25, 5, -2
471 -> 332, -2, 0.25, 4, -2
471 -> 332, -1, 0.25, 5, -2
471 -> 332, -3, 0.75, 5, -1.5
471 -> 332, -3, 0.75, 4, -1.5
471 -> 332, -1, 1.75, 2, -0.5
471 -> 332, -1, 0.75, 4, -0.5
472 -> 332, -1, 0.75, 3, -2
472 -> 332, -1, 1.25, 3, -0.5
472 -> 332, -1, 1.75, 1, -0.5
472 -> 332, -4, 0.25, 1, -1
472 -> 332, -4, 0.25, 2, -1
473 -> 332, -2, 0.25, 2, -1
473 -> 332, -1, 0.75, 3, -0.5
473 -> 332, -3, 0.25, 1, -2
473 -> 332, -1, 0.75, 2, -0.5
474 -> 332, -2, 0.25, 1, -1.5
474 -> 332, -2, 1.25, 3, -1.5
474 -> 332, -1, 0.25, 5, -1.5
475 -> 332, -1, 0.25, 5, -1
475 -> 332, -2, 0.25, 3, -2
476 -> 332, -4, 0.25, 3, -1
479 -> 332, -5, 1.75, 3, -0.5
481 -> 332, -4, 1.25, 5, -1.5
481 -> 332, -3, 1.25, 1, -0.5
482 -> 332, -3, 0.75, 4, -2
482 -> 332, -3, 0.75, 2, -2
482 -> 332, -3, 0.75, 3, -2
482 -> 332, -3, 0.75, 5, -2
482 -> 332, -2, 0.25, 4, -1.5
483 -> 332, -5, 0.25, 4, -1
483 -> 332, -5, 0.25, 1, -1
483 -> 332, -5, 0.25, 3, -1
483 -> 332, -5, 0.25, 2, -1
484 -> 332, -1, 1.25, 4, -2
485 -> 332, -3, 0.25, 1, -1
486 -> 332, -3, 1.25, 2, -0.5
486 -> 332, -4, 0.25, 4, -1
486 -> 332, -4, 0.25, 5, -1
486 -> 332, -3, 1.25, 3, -0.5
487 -> 332, -4, 0.75, 2, -2
488 -> 332, -5, 0.75, 4, -1.5
489 -> 332, -3, 0.25, 4, -2
489 -> 332, -3, 0.25, 5, -2
489 -> 332, -5, 1.25, 3, -0.5
489 -> 332, -5, 1.25, 2, -0.5
489 -> 332, -5, 0.75, 2, -1.5
489 -> 332, -3, 0.25, 1, -1.5
490 -> 332, -3, 0.25, 4, -1.5
490 -> 332, -3, 0.25, 5, -1.5
490 -> 332, -3, 0.25, 2, -1.5
490 -> 332, -3, 0.25, 3, -1.5
492 -> 332, -3, 0.25, 5, -1
495 -> 332, -5, 1.75, 4, -0.5
495 -> 332, -5, 1.75, 5, -0.5
496 -> 332, -4, 0.25, 5, -2
497 -> 332, -4, 0.25, 4, -2
497 -> 332, -4, 1.75, 5, -2
497 -> 332, -2, 0.75, 5, -2
497 -> 332, -4, 0.25, 3, -2
497 -> 332, -2, 1.25, 4, -1.5
498 -> 332, -5, 0.25, 3, -2
498 -> 332, -5, 0.25, 2, -2
498 -> 332, -5, 0.25, 1, -2
498 -> 332, -4, 0.25, 1, -2
498 -> 332, -1, 0.75, 5, -0.5
498 -> 332, -4, 0.25, 2, -2
498 -> 332, -4, 1.75, 4, -2
499 -> 332, -3, 1.75, 1, -0.5
499 -> 332, -3, 1.75, 3, -0.5
499 -> 332, -3, 1.75, 5, -0.5
499 -> 332, -3, 1.75, 4, -0.5
499 -> 332, -3, 1.75, 2, -0.5
501 -> 332, -2, 1.25, 1, -1
502 -> 332, -5, 1.25, 3, -1.5
502 -> 332, -1, 0.75, 1, -0.5
502 -> 332, -5, 1.25, 2, -1.5
504 -> 332, -5, 1.75, 2, -1
504 -> 332, -5, 1.75, 1, -1
510 -> 332, -5, 0.25, 5, -1
511 -> 332, -4, 0.75, 5, -2
511 -> 332, -4, 0.75, 3, -2
511 -> 332, -4, 0.75, 4, -2
515 -> 332, -1, 0.25, 3, -1
515 -> 332, -1, 0.25, 1, -1
515 -> 332, -1, 0.25, 2, -1
515 -> 332, -1, 0.25, 4, -1
516 -> 332, -5, 0.75, 2, -2
516 -> 332, -5, 0.75, 3, -2
516 -> 332, -5, 0.75, 1, -2
517 -> 332, -4, 0.25, 2, -1.5
517 -> 332, -4, 0.25, 1, -1.5
517 -> 332, -3, 0.75, 4, -1
517 -> 332, -3, 0.75, 5, -1
520 -> 332, -3, 0.25, 4, -1
520 -> 332, -3, 0.25, 3, -1
529 -> 332, -5, 1.75, 2, -0.5
531 -> 332, -5, 1.75, 2, -1.5
531 -> 332, -5, 1.75, 1, -1.5
536 -> 332, -3, 0.25, 2, -1
546 -> 332, -5, 0.75, 1, -1
546 -> 332, -5, 0.75, 2, -1
548 -> 332, -5, 0.25, 4, -2
548 -> 332, -5, 0.25, 5, -2
549 -> 332, -5, 0.25, 4, -0.5
549 -> 332, -5, 0.25, 3, -0.5
560 -> 332, -5, 0.75, 5, -2
560 -> 332, -5, 0.75, 4, -2
563 -> 332, -4, 1.25, 1, -0.5
566 -> 332, -5, 1.25, 1, -0.5
590 -> 332, -5, 0.75, 3, -1.5
596 -> 332, -5, 1.75, 1, -0.5
601 -> 332, -5, 0.25, 5, -1.5
603 -> 332, -5, 0.25, 4, -1.5
