17 -> 361, -1, 1.25, 1, -2
17 -> 361, -1, 1.25, 2, -2
17 -> 361, -1, 1.25, 3, -2
17 -> 361, -1, 1.25, 4, -2
17 -> 361, -1, 1.25, 5, -2
349 -> 361, -5, 0.75, 4, -0.5
349 -> 361, -5, 0.75, 3, -0.5
354 -> 361, -3, 1.75, 1, -1
361 -> 361, -1, 1.75, 5, -1.5
361 -> 361, -1, 0.75, 1, -0.5
366 -> 361, -3, 1.25, 4, -0.5
366 -> 361, -5, 1.75, 1, -0.5
367 -> 361, -1, 1.25, 2, -1
368 -> 361, -4, 1.25, 4, -0.5
369 -> 361, -4, 1.25, 2, -0.5
372 -> 361, -1, 1.75, 2, -0.5
372 -> 361, -4, 1.25, 1, -0.5
372 -> 361, -1, 1.75, 1, -0.5
373 -> 361, -5, 0.75, 5, -0.5
375 -> 361, -2, 1.75, 5, -1.5
375 -> 361, -5, 1.75, 2, -2
377 -> 361, -2, 1.75, 1, -1.5
382 -> 361, -4, 1.75, 5, -2
382 -> 361, -4, 1.75, 4, -2
382 -> 361, -4, 1.75, 3, -2
383 -> 361, -2, 1.75, 2, -1
385 -> 361, -3, 1.25, 3, -0.5
386 -> 361, -4, 1.75, 3, -0.5
387 -> 361, -5, 0.75, 2, -0.5
387 -> 361, -2, 1.25, 2, -0.5
387 -> 361, -3, 1.75, 5, -1.5
388 -> 361, -3, 1.75, 3, -0.5
388 -> 361, -1, 1.75, 3, -0.5
389 -> 361, -3, 1.25, 2, -1
391 -> 361, -2, 1.75, 3, -1
391 -> 361, -1, 0.25, 5, -0.5
392 -> 361, -2, 1.25, 2, -1
392 -> 361, -5, 0.75, 1, -0.5
393 -> 361, -3, 1.75, 2, -1
394 -> 361, -3, 1.75, 3, -1
394 -> 361, -4, 0.75, 1, -1
394 -> 361, -1, 1.75, 3, -2
395 -> 361, -4, 0.75, 1, -0.5
397 -> 361, -5, 0.75, 3, -1
398 -> 361, -1, 1.75, 5, -1
398 -> 361, -4, 1.25, 1, -1.5
398 -> 361, -1, 1.75, 4, -1
399 -> 361, -1, 0.75, 2, -2
399 -> 361, -1, 0.75, 3, -2
399 -> 361, -2, 1.75, 3, -0.5
399 -> 361, -2, 0.25, 5, -1
399 -> 361, -1, 1.25, 1, -1
399 -> 361, -2, 1.75, 1, -1
400 -> 361, -1, 1.25, 5, -1
401 -> 361, -4, 1.25, 3, -0.5
403 -> 361, -1, 0.75, 2, -0.5
405 -> 361, -1, 0.75, 2, -1.5
405 -> 361, -1, 0.75, 1, -1.5
406 -> 361, -4, 1.25, 5, -1.5
406 -> 361, -4, 0.75, 2, -0.5
406 -> 361, -5, 0.75, 1, -1.5
406 -> 361, -1, 0.75, 4, -1
407 -> 361, -3, 1.25, 5, -0.5
407 -> 361, -4, 0.75, 5, -1.5
407 -> 361, -1, 1.75, 3, -1.5
408 -> 361, -1, 1.25, 2, -0.5
408 -> 361, -1, 0.25, 3, -0.5
408 -> 361, -1, 1.25, 1, -0.5
409 -> 361, -4, 0.25, 3, -1
410 -> 361, -4, 0.25, 4, -1
410 -> 361, -1, 0.75, 4, -1.5
410 -> 361, -4, 0.75, 1, -1.5
410 -> 361, -5, 1.75, 2, -0.5
410 -> 361, -2, 1.25, 3, -1
410 -> 361, -3, 1.25, 1, -0.5
410 -> 361, -3, 1.25, 2, -0.5
411 -> 361, -1, 0.75, 5, -1.5
413 -> 361, -1, 1.75, 3, -1
414 -> 361, -2, 1.25, 4, -2
414 -> 361, -1, 1.75, 2, -2
414 -> 361, -1, 0.75, 3, -1.5
414 -> 361, -2, 1.25, 5, -2
415 -> 361, -2, 1.75, 3, -2
415 -> 361, -3, 1.25, 1, -1
415 -> 361, -2, 0.75, 1, -1
416 -> 361, -4, 1.75, 1, -2
416 -> 361, -1, 0.75, 3, -0.5
416 -> 361, -4, 1.75, 2, -2
417 -> 361, -1, 0.75, 3, -1
417 -> 361, -5, 0.75, 5, -2
417 -> 361, -2, 1.75, 5, -1
418 -> 361, -1, 0.75, 1, -2
418 -> 361, -1, 0.75, 5, -1
419 -> 361, -2, 0.75, 4, -1
419 -> 361, -2, 1.75, 1, -2
419 -> 361, -2, 0.75, 3, -1
419 -> 361, -5, 0.75, 4, -1
419 -> 361, -5, 0.75, 4, -2
420 -> 361, -2, 1.75, 4, -0.5
420 -> 361, -1, 0.25, 1, -1.5
420 -> 361, -3, 1.25, 3, -1
420 -> 361, -2, 1.75, 5, -0.5
420 -> 361, -3, 1.25, 2, -2
421 -> 361, -2, 1.75, 3, -1.5
421 -> 361, -4, 1.25, 3, -1.5
421 -> 361, -2, 1.75, 4, -1.5
421 -> 361, -4, 1.25, 4, -1.5
422 -> 361, -3, 0.75, 4, -0.5
422 -> 361, -3, 0.25, 5, -0.5
422 -> 361, -3, 0.25, 4, -0.5
422 -> 361, -3, 0.75, 5, -0.5
423 -> 361, -1, 1.75, 1, -1
423 -> 361, -5, 1.75, 3, -2
423 -> 361, -4, 0.75, 2, -1.5
425 -> 361, -3, 1.25, 4, -1.5
425 -> 361, -3, 1.75, 4, -1.5
425 -> 361, -2, 1.75, 4, -1
425 -> 361, -2, 1.25, 3, -2
425 -> 361, -5, 1.75, 5, -0.5
425 -> 361, -5, 1.75, 4, -0.5
426 -> 361, -4, 1.25, 2, -1.5
426 -> 361, -4, 1.75, 1, -1.5
426 -> 361, -2, 0.75, 2, -1
426 -> 361, -4, 1.75, 2, -1.5
426 -> 361, -1, 0.75, 4, -2
426 -> 361, -4, 1.75, 3, -1.5
427 -> 361, -1, 0.25, 3, -1.5
427 -> 361, -4, 1.75, 4, -1.5
427 -> 361, -2, 1.25, 1, -1.5
427 -> 361, -4, 0.25, 4, -2
427 -> 361, -4, 1.75, 5, -1.5
427 -> 361, -2, 0.25, 2, -0.5
427 -> 361, -4, 0.25, 5, -2
428 -> 361, -2, 0.75, 4, -0.5
428 -> 361, -2, 0.75, 2, -0.5
429 -> 361, -1, 1.25, 3, -1.5
429 -> 361, -3, 1.75, 2, -1.5
429 -> 361, -5, 1.75, 3, -0.5
429 -> 361, -5, 1.75, 1, -2
429 -> 361, -3, 1.75, 1, -1.5
429 -> 361, -1, 1.25, 4, -1.5
430 -> 361, -2, 1.75, 2, -2
430 -> 361, -5, 1.25, 5, -1.5
430 -> 361, -2, 1.25, 1, -1
430 -> 361, -4, 0.75, 4, -2
431 -> 361, -2, 0.75, 5, -1
432 -> 361, -3, 1.75, 3, -2
432 -> 361, -4, 0.75, 2, -2
432 -> 361, -4, 0.75, 3, -2
432 -> 361, -4, 0.75, 1, -2
433 -> 361, -4, 1.75, 1, -1
433 -> 361, -3, 1.25, 1, -2
433 -> 361, -2, 0.25, 4, -1
433 -> 361, -4, 1.75, 2, -1
433 -> 361, -4, 0.25, 2, -0.5
433 -> 361, -2, 0.75, 3, -1.5
433 -> 361, -4, 0.25, 3, -0.5
433 -> 361, -3, 1.25, 1, -1.5
434 -> 361, -2, 0.25, 3, -0.5
434 -> 361, -2, 0.75, 1, -1.5
434 -> 361, -2, 0.75, 2, -1.5
434 -> 361, -1, 1.75, 2, -1
435 -> 361, -3, 0.25, 3, -0.5
435 -> 361, -3, 0.25, 2, -0.5
435 -> 361, -2, 1.75, 1, -0.5
435 -> 361, -1, 0.75, 1, -1
435 -> 361, -2, 1.25, 5, -1
435 -> 361, -1, 0.75, 2, -1
436 -> 361, -2, 1.75, 4, -2
436 -> 361, -5, 0.75, 2, -1.5
437 -> 361, -5, 1.25, 1, -1.5
438 -> 361, -1, 1.75, 4, -0.5
438 -> 361, -1, 0.25, 2, -1.5
438 -> 361, -5, 1.75, 4, -1.5
440 -> 361, -3, 1.25, 4, -2
440 -> 361, -3, 0.25, 1, -0.5
440 -> 361, -2, 1.75, 2, -0.5
440 -> 361, -3, 1.25, 3, -2
442 -> 361, -2, 1.75, 5, -2
442 -> 361, -5, 0.75, 1, -1
443 -> 361, -2, 0.75, 5, -1.5
443 -> 361, -1, 0.25, 4, -0.5
443 -> 361, -2, 0.75, 4, -1.5
443 -> 361, -4, 0.75, 5, -1
443 -> 361, -3, 0.75, 3, -0.5
444 -> 361, -5, 1.75, 4, -2
445 -> 361, -2, 1.25, 4, -1.5
445 -> 361, -2, 1.25, 5, -1.5
446 -> 361, -2, 0.75, 3, -0.5
446 -> 361, -1, 0.75, 5, -2
446 -> 361, -1, 1.75, 5, -0.5
447 -> 361, -2, 0.25, 3, -1
447 -> 361, -2, 0.25, 2, -1
447 -> 361, -2, 0.25, 1, -1
448 -> 361, -5, 1.25, 2, -1.5
448 -> 361, -5, 1.25, 3, -1.5
448 -> 361, -5, 1.25, 4, -1.5
449 -> 361, -3, 1.25, 5, -1.5
449 -> 361, -4, 0.75, 3, -1
449 -> 361, -4, 0.75, 5, -0.5
450 -> 361, -4, 0.25, 4, -0.5
450 -> 361, -4, 0.25, 5, -0.5
450 -> 361, -4, 1.25, 5, -0.5
450 -> 361, -1, 1.75, 1, -1.5
450 -> 361, -1, 1.75, 2, -1.5
451 -> 361, -3, 0.75, 5, -1.5
451 -> 361, -1, 0.75, 5, -0.5
452 -> 361, -1, 1.25, 3, -0.5
452 -> 361, -4, 0.25, 2, -2
452 -> 361, -4, 0.25, 3, -2
453 -> 361, -2, 1.25, 2, -2
454 -> 361, -1, 0.75, 4, -0.5
454 -> 361, -4, 0.25, 1, -1
455 -> 361, -1, 1.25, 2, -1.5
455 -> 361, -1, 1.25, 1, -1.5
455 -> 361, -1, 1.25, 5, -1.5
456 -> 361, -4, 0.75, 3, -1.5
456 -> 361, -4, 0.75, 4, -1.5
457 -> 361, -3, 0.75, 1, -1.5
457 -> 361, -1, 1.75, 1, -2
457 -> 361, -3, 0.75, 2, -1.5
458 -> 361, -2, 0.75, 2, -2
458 -> 361, -2, 0.25, 1, -2
458 -> 361, -2, 0.25, 4, -2
458 -> 361, -2, 0.75, 3, -2
458 -> 361, -2, 0.25, 3, -2
458 -> 361, -2, 0.25, 2, -2
458 -> 361, -2, 0.75, 1, -2
458 -> 361, -5, 1.75, 5, -2
460 -> 361, -2, 0.25, 5, -0.5
460 -> 361, -5, 0.75, 2, -1
460 -> 361, -2, 0.25, 4, -0.5
462 -> 361, -3, 0.25, 5, -2
462 -> 361, -3, 0.25, 4, -2
462 -> 361, -3, 0.25, 3, -2
462 -> 361, -3, 0.25, 2, -2
462 -> 361, -3, 0.25, 2, -1
463 -> 361, -3, 1.75, 4, -0.5
464 -> 361, -3, 1.75, 2, -2
464 -> 361, -3, 1.75, 1, -2
464 -> 361, -2, 0.25, 5, -1.5
464 -> 361, -1, 1.75, 4, -1.5
465 -> 361, -1, 1.25, 3, -1
465 -> 361, -3, 1.75, 4, -2
465 -> 361, -1, 1.25, 4, -1
467 -> 361, -4, 0.75, 4, -1
467 -> 361, -4, 0.25, 5, -1.5
467 -> 361, -3, 1.75, 5, -2
467 -> 361, -1, 1.25, 5, -0.5
467 -> 361, -4, 0.25, 1, -2
468 -> 361, -2, 1.25, 1, -0.5
468 -> 361, -3, 0.75, 2, -0.5
469 -> 361, -2, 1.25, 2, -1.5
469 -> 361, -1, 0.25, 2, -0.5
469 -> 361, -2, 0.25, 5, -2
470 -> 361, -5, 0.75, 5, -1
470 -> 361, -1, 1.75, 4, -2
470 -> 361, -1, 1.75, 5, -2
471 -> 361, -1, 0.25, 4, -1.5
471 -> 361, -1, 0.25, 5, -1.5
471 -> 361, -3, 1.75, 1, -0.5
471 -> 361, -3, 1.75, 2, -0.5
472 -> 361, -4, 0.75, 2, -1
472 -> 361, -1, 0.25, 1, -0.5
473 -> 361, -4, 0.25, 4, -1.5
473 -> 361, -4, 0.25, 3, -1.5
473 -> 361, -4, 0.25, 2, -1.5
473 -> 361, -2, 0.75, 4, -2
473 -> 361, -2, 0.75, 5, -2
473 -> 361, -3, 1.25, 5, -2
473 -> 361, -4, 0.25, 5, -1
474 -> 361, -4, 1.75, 1, -0.5
474 -> 361, -4, 1.75, 2, -0.5
474 -> 361, -4, 0.75, 5, -2
476 -> 361, -2, 0.25, 1, -1.5
476 -> 361, -4, 1.25, 4, -2
476 -> 361, -4, 1.25, 5, -2
476 -> 361, -5, 0.75, 5, -1.5
477 -> 361, -4, 1.25, 3, -2
478 -> 361, -4, 1.25, 1, -2
478 -> 361, -4, 1.25, 2, -2
478 -> 361, -2, 0.25, 4, -1.5
478 -> 361, -2, 0.25, 3, -1.5
478 -> 361, -2, 0.25, 2, -1.5
479 -> 361, -4, 1.75, 5, -0.5
479 -> 361, -5, 0.75, 4, -1.5
479 -> 361, -4, 1.75, 4, -0.5
479 -> 361, -5, 0.75, 3, -1.5
479 -> 361, -3, 0.75, 5, -2
479 -> 361, -3, 0.75, 4, -2
480 -> 361, -5, 1.75, 1, -1.5
480 -> 361, -5, 1.75, 2, -1.5
480 -> 361, -2, 1.75, 2, -1.5
480 -> 361, -5, 1.75, 3, -1.5
481 -> 361, -3, 0.75, 3, -2
481 -> 361, -3, 0.75, 1, -0.5
482 -> 361, -3, 0.75, 1, -2
482 -> 361, -3, 0.75, 2, -2
483 -> 361, -4, 0.25, 2, -1
483 -> 361, -5, 0.25, 5, -1.5
483 -> 361, -3, 0.75, 4, -1.5
483 -> 361, -3, 0.75, 3, -1.5
484 -> 361, -3, 1.75, 3, -1.5
484 -> 361, -2, 1.25, 1, -2
484 -> 361, -1, 1.25, 4, -0.5
485 -> 361, -2, 1.25, 4, -0.5
485 -> 361, -3, 0.25, 3, -1
485 -> 361, -2, 1.25, 3, -0.5
485 -> 361, -2, 1.25, 5, -0.5
486 -> 361, -2, 0.75, 1, -0.5
486 -> 361, -3, 1.75, 5, -1
486 -> 361, -4, 0.25, 1, -1.5
487 -> 361, -1, 0.25, 5, -2
487 -> 361, -1, 0.25, 4, -2
487 -> 361, -1, 0.25, 2, -2
487 -> 361, -1, 0.25, 3, -2
489 -> 361, -1, 0.25, 1, -1
489 -> 361, -1, 0.25, 2, -1
490 -> 361, -3, 0.25, 1, -1
491 -> 361, -2, 1.25, 4, -1
493 -> 361, -3, 1.25, 5, -1
493 -> 361, -3, 1.25, 4, -1
493 -> 361, -5, 1.75, 5, -1.5
494 -> 361, -3, 0.25, 1, -2
494 -> 361, -4, 1.75, 4, -1
494 -> 361, -4, 1.75, 3, -1
494 -> 361, -4, 1.75, 5, -1
496 -> 361, -3, 1.75, 5, -0.5
497 -> 361, -2, 0.75, 5, -0.5
497 -> 361, -1, 0.25, 1, -2
498 -> 361, -5, 0.25, 1, -1.5
498 -> 361, -2, 1.25, 3, -1.5
498 -> 361, -4, 0.25, 1, -0.5
499 -> 361, -3, 1.25, 3, -1.5
499 -> 361, -3, 1.25, 2, -1.5
502 -> 361, -4, 0.75, 3, -0.5
502 -> 361, -4, 0.75, 4, -0.5
507 -> 361, -3, 1.75, 4, -1
508 -> 361, -1, 0.25, 5, -1
508 -> 361, -1, 0.25, 4, -1
508 -> 361, -5, 0.25, 5, -2
510 -> 361, -5, 0.25, 3, -2
510 -> 361, -5, 0.25, 4, -2
510 -> 361, -5, 0.25, 1, -2
510 -> 361, -5, 0.25, 2, -2
513 -> 361, -5, 0.25, 4, -1.5
513 -> 361, -5, 0.25, 3, -1.5
513 -> 361, -5, 0.25, 2, -1.5
518 -> 361, -5, 0.25, 1, -1
521 -> 361, -1, 0.25, 3, -1
525 -> 361, -3, 0.25, 3, -1.5
525 -> 361, -3, 0.25, 5, -1.5
525 -> 361, -3, 0.25, 4, -1.5
525 -> 361, -3, 0.25, 1, -1.5
525 -> 361, -3, 0.25, 2, -1.5
527 -> 361, -5, 0.25, 2, -1
527 -> 361, -5, 0.25, 5, -1
527 -> 361, -5, 0.25, 3, -1
527 -> 361, -5, 0.25, 4, -1
533 -> 361, -3, 0.25, 4, -1
533 -> 361, -3, 0.25, 5, -1
539 -> 361, -2, 0.25, 1, -0.5
550 -> 361, -5, 0.75, 3, -2
550 -> 361, -5, 0.75, 1, -2
550 -> 361, -5, 0.75, 2, -2
569 -> 361, -3, 0.75, 2, -1
569 -> 361, -3, 0.75, 5, -1
571 -> 361, -3, 0.75, 4, -1
571 -> 361, -3, 0.75, 3, -1
581 -> 361, -5, 1.25, 4, -2
581 -> 361, -5, 1.25, 2, -2
581 -> 361, -5, 1.25, 1, -2
581 -> 361, -5, 1.25, 3, -2
581 -> 361, -5, 1.25, 5, -2
585 -> 361, -3, 0.75, 1, -1
594 -> 361, -5, 0.25, 5, -0.5
594 -> 361, -5, 0.25, 3, -0.5
594 -> 361, -5, 0.25, 2, -0.5
594 -> 361, -5, 0.25, 1, -0.5
594 -> 361, -5, 0.25, 4, -0.5
611 -> 361, -4, 1.25, 3, -1
611 -> 361, -4, 1.25, 2, -1
611 -> 361, -4, 1.25, 5, -1
611 -> 361, -4, 1.25, 4, -1
611 -> 361, -4, 1.25, 1, -1
614 -> 361, -5, 1.75, 5, -1
614 -> 361, -5, 1.75, 4, -1
615 -> 361, -5, 1.75, 2, -1
615 -> 361, -5, 1.75, 3, -1
615 -> 361, -5, 1.75, 1, -1
651 -> 361, -5, 1.25, 3, -1
651 -> 361, -5, 1.25, 2, -1
651 -> 361, -5, 1.25, 5, -1
651 -> 361, -5, 1.25, 4, -1
651 -> 361, -5, 1.25, 1, -1
786 -> 361, -5, 1.25, 1, -0.5
786 -> 361, -5, 1.25, 2, -0.5
786 -> 361, -5, 1.25, 4, -0.5
786 -> 361, -5, 1.25, 3, -0.5
786 -> 361, -5, 1.25, 5, -0.5
