361 -> 398, -3, 1.75, 3, -2
363 -> 398, -2, 1.75, 5, -0.5
367 -> 398, -1, 1.25, 2, -1.5
367 -> 398, -1, 1.25, 3, -1.5
370 -> 398, -4, 1.75, 5, -1.5
371 -> 398, -3, 1.75, 3, -1
371 -> 398, -3, 1.75, 4, -1
372 -> 398, -3, 1.75, 4, -2
374 -> 398, -5, 1.25, 1, -1
375 -> 398, -4, 1.25, 3, -1
377 -> 398, -3, 1.75, 4, -0.5
378 -> 398, -2, 0.75, 1, -1
378 -> 398, -3, 1.75, 2, -2
381 -> 398, -2, 1.75, 4, -0.5
382 -> 398, -3, 0.75, 4, -2
385 -> 398, -2, 0.75, 4, -1
385 -> 398, -2, 0.75, 3, -1
386 -> 398, -2, 1.75, 5, -1
387 -> 398, -4, 1.25, 4, -1
388 -> 398, -2, 1.25, 4, -1
390 -> 398, -4, 1.75, 1, -1
391 -> 398, -3, 1.75, 1, -1
392 -> 398, -1, 1.75, 5, -0.5
392 -> 398, -1, 1.75, 4, -0.5
394 -> 398, -2, 0.75, 4, -1.5
395 -> 398, -2, 0.25, 1, -0.5
395 -> 398, -4, 1.25, 2, -0.5
396 -> 398, -4, 1.75, 3, -1.5
398 -> 398, -2, 1.25, 5, -1
398 -> 398, -3, 1.75, 3, -0.5
398 -> 398, -2, 1.75, 1, -1
398 -> 398, -2, 0.25, 2, -0.5
398 -> 398, -3, 0.75, 1, -0.5
398 -> 398, -3, 1.75, 2, -1
398 -> 398, -4, 1.75, 5, -2
402 -> 398, -3, 0.75, 2, -0.5
402 -> 398, -3, 1.25, 5, -1.5
403 -> 398, -4, 0.25, 5, -0.5
403 -> 398, -1, 1.75, 4, -1.5
403 -> 398, -3, 1.25, 3, -0.5
403 -> 398, -1, 1.75, 3, -1.5
404 -> 398, -3, 1.25, 2, -1
404 -> 398, -3, 0.75, 3, -1.5
404 -> 398, -1, 0.25, 1, -0.5
404 -> 398, -5, 1.25, 5, -1.5
405 -> 398, -2, 1.25, 2, -1.5
405 -> 398, -4, 1.75, 4, -1.5
406 -> 398, -1, 1.75, 4, -2
406 -> 398, -5, 1.25, 2, -1
406 -> 398, -2, 1.75, 2, -2
407 -> 398, -3, 1.75, 2, -1.5
407 -> 398, -5, 1.75, 2, -1
408 -> 398, -2, 1.25, 2, -2
408 -> 398, -1, 1.75, 4, -1
408 -> 398, -3, 0.75, 4, -0.5
408 -> 398, -4, 1.75, 5, -0.5
408 -> 398, -4, 1.25, 1, -1
408 -> 398, -4, 1.75, 5, -1
408 -> 398, -3, 0.75, 5, -0.5
409 -> 398, -3, 0.25, 2, -0.5
409 -> 398, -1, 1.75, 3, -1
410 -> 398, -3, 0.75, 2, -2
411 -> 398, -2, 0.75, 5, -1
411 -> 398, -3, 1.25, 5, -1
412 -> 398, -2, 1.25, 4, -2
412 -> 398, -2, 1.25, 3, -2
413 -> 398, -2, 1.25, 3, -0.5
413 -> 398, -3, 1.25, 3, -1.5
413 -> 398, -1, 0.25, 1, -1.5
413 -> 398, -4, 0.75, 5, -2
413 -> 398, -3, 1.75, 2, -0.5
413 -> 398, -2, 0.75, 1, -0.5
413 -> 398, -4, 1.25, 2, -1.5
413 -> 398, -1, 0.25, 2, -1.5
413 -> 398, -3, 1.25, 1, -1
413 -> 398, -3, 1.25, 2, -1.5
414 -> 398, -3, 1.75, 5, -1
414 -> 398, -4, 1.25, 3, -1.5
414 -> 398, -4, 1.25, 4, -1.5
415 -> 398, -3, 0.75, 1, -1
415 -> 398, -5, 1.75, 1, -1.5
416 -> 398, -2, 1.25, 3, -1
416 -> 398, -1, 0.75, 3, -2
416 -> 398, -1, 1.25, 5, -2
416 -> 398, -3, 0.75, 1, -2
417 -> 398, -5, 1.75, 1, -2
417 -> 398, -1, 0.25, 5, -0.5
417 -> 398, -3, 0.75, 3, -2
417 -> 398, -4, 0.75, 5, -0.5
417 -> 398, -1, 0.25, 4, -0.5
418 -> 398, -4, 1.75, 4, -1
418 -> 398, -1, 0.75, 3, -1
418 -> 398, -4, 1.75, 4, -0.5
418 -> 398, -4, 1.75, 3, -1
419 -> 398, -4, 1.25, 5, -1.5
419 -> 398, -2, 1.25, 1, -2
420 -> 398, -5, 1.75, 5, -0.5
420 -> 398, -3, 0.25, 1, -2
421 -> 398, -3, 0.75, 4, -1.5
421 -> 398, -3, 0.75, 5, -1.5
422 -> 398, -2, 1.25, 4, -1.5
422 -> 398, -4, 1.25, 1, -1.5
422 -> 398, -1, 1.75, 5, -1
422 -> 398, -2, 1.25, 5, -1.5
423 -> 398, -4, 0.25, 1, -1.5
423 -> 398, -3, 0.75, 5, -2
423 -> 398, -1, 0.75, 1, -2
423 -> 398, -1, 0.75, 2, -2
423 -> 398, -1, 1.75, 2, -1
424 -> 398, -5, 1.75, 5, -1.5
424 -> 398, -5, 1.75, 5, -1
424 -> 398, -5, 1.75, 3, -1.5
424 -> 398, -5, 1.75, 4, -1.5
424 -> 398, -5, 1.25, 5, -0.5
425 -> 398, -1, 0.75, 2, -1
425 -> 398, -1, 1.75, 5, -2
425 -> 398, -2, 1.75, 2, -1
425 -> 398, -2, 1.75, 4, -1.5
425 -> 398, -3, 0.25, 1, -0.5
426 -> 398, -1, 1.25, 2, -2
426 -> 398, -2, 1.25, 2, -0.5
426 -> 398, -5, 1.25, 4, -0.5
426 -> 398, -5, 0.25, 2, -0.5
427 -> 398, -2, 1.75, 1, -0.5
427 -> 398, -5, 1.75, 1, -1
428 -> 398, -1, 0.75, 4, -1.5
428 -> 398, -3, 1.75, 1, -1.5
429 -> 398, -2, 1.75, 5, -1.5
429 -> 398, -1, 0.25, 2, -0.5
429 -> 398, -1, 1.25, 5, -0.5
430 -> 398, -4, 0.75, 3, -0.5
430 -> 398, -4, 0.75, 4, -0.5
430 -> 398, -4, 0.75, 2, -0.5
430 -> 398, -4, 1.75, 1, -0.5
431 -> 398, -1, 1.25, 4, -2
431 -> 398, -2, 1.25, 1, -0.5
431 -> 398, -3, 1.75, 5, -1.5
432 -> 398, -2, 1.75, 3, -2
432 -> 398, -2, 0.25, 3, -0.5
432 -> 398, -2, 1.75, 4, -2
432 -> 398, -1, 0.25, 3, -1
432 -> 398, -2, 0.25, 4, -0.5
432 -> 398, -2, 0.25, 5, -0.5
433 -> 398, -5, 1.75, 3, -1
434 -> 398, -1, 1.75, 1, -2
434 -> 398, -4, 0.75, 1, -1
434 -> 398, -5, 1.75, 4, -1
434 -> 398, -2, 0.75, 2, -1
434 -> 398, -4, 0.75, 2, -1
435 -> 398, -4, 1.25, 5, -1
436 -> 398, -1, 1.75, 1, -1
436 -> 398, -3, 1.25, 4, -1.5
436 -> 398, -3, 1.25, 5, -0.5
436 -> 398, -3, 0.75, 2, -1
437 -> 398, -4, 1.25, 1, -2
437 -> 398, -1, 1.25, 1, -0.5
437 -> 398, -3, 0.75, 1, -1.5
437 -> 398, -4, 1.25, 2, -2
438 -> 398, -2, 0.75, 4, -2
438 -> 398, -2, 0.75, 5, -2
439 -> 398, -2, 0.25, 5, -1
439 -> 398, -3, 0.75, 3, -0.5
439 -> 398, -5, 0.75, 4, -1.5
439 -> 398, -5, 0.75, 5, -1.5
439 -> 398, -2, 0.25, 4, -1
440 -> 398, -5, 1.25, 1, -1.5
440 -> 398, -2, 1.25, 3, -1.5
440 -> 398, -1, 1.25, 3, -1
440 -> 398, -1, 1.25, 3, -2
440 -> 398, -5, 0.25, 3, -1.5
440 -> 398, -2, 1.75, 4, -1
440 -> 398, -1, 0.75, 4, -2
441 -> 398, -1, 1.25, 1, -1.5
441 -> 398, -1, 0.75, 1, -1.5
441 -> 398, -4, 1.75, 1, -2
442 -> 398, -3, 1.25, 4, -0.5
442 -> 398, -5, 0.75, 2, -0.5
442 -> 398, -1, 0.75, 4, -1
443 -> 398, -2, 1.25, 1, -1.5
444 -> 398, -5, 0.25, 2, -2
444 -> 398, -2, 1.75, 5, -2
444 -> 398, -4, 0.75, 4, -1
444 -> 398, -5, 0.25, 1, -2
444 -> 398, -4, 1.75, 3, -0.5
445 -> 398, -1, 0.75, 2, -0.5
445 -> 398, -4, 1.25, 4, -0.5
445 -> 398, -1, 1.25, 2, -1
445 -> 398, -1, 0.75, 5, -1.5
446 -> 398, -3, 1.25, 2, -0.5
446 -> 398, -4, 0.25, 5, -1.5
446 -> 398, -5, 1.25, 2, -0.5
446 -> 398, -2, 0.75, 2, -2
446 -> 398, -2, 0.75, 2, -0.5
446 -> 398, -2, 0.75, 1, -2
446 -> 398, -1, 0.25, 2, -1
447 -> 398, -5, 1.25, 3, -0.5
448 -> 398, -4, 1.75, 2, -1.5
448 -> 398, -5, 1.25, 3, -1
448 -> 398, -5, 1.25, 4, -1
449 -> 398, -4, 0.25, 1, -0.5
449 -> 398, -2, 1.75, 2, -0.5
449 -> 398, -2, 0.75, 3, -2
449 -> 398, -1, 1.25, 5, -1.5
449 -> 398, -1, 1.25, 4, -1.5
450 -> 398, -4, 0.75, 2, -2
450 -> 398, -4, 0.75, 3, -2
450 -> 398, -4, 0.75, 1, -2
450 -> 398, -1, 0.75, 5, -0.5
450 -> 398, -3, 0.75, 3, -1
450 -> 398, -1, 1.75, 3, -0.5
450 -> 398, -4, 0.75, 4, -2
451 -> 398, -5, 0.75, 3, -1.5
451 -> 398, -4, 0.25, 4, -1
451 -> 398, -4, 0.25, 5, -1
451 -> 398, -2, 0.75, 5, -1.5
452 -> 398, -1, 1.25, 2, -0.5
452 -> 398, -5, 1.25, 2, -2
452 -> 398, -5, 1.25, 3, -2
452 -> 398, -2, 0.75, 3, -1.5
452 -> 398, -2, 1.25, 2, -1
453 -> 398, -1, 0.75, 1, -1
453 -> 398, -4, 0.75, 1, -1.5
453 -> 398, -3, 0.25, 5, -0.5
453 -> 398, -4, 0.75, 2, -1.5
453 -> 398, -4, 0.75, 3, -1.5
453 -> 398, -1, 1.25, 1, -2
453 -> 398, -1, 1.25, 4, -1
453 -> 398, -4, 1.25, 1, -0.5
453 -> 398, -3, 1.25, 1, -1.5
453 -> 398, -5, 1.25, 5, -2
453 -> 398, -1, 0.75, 3, -1.5
453 -> 398, -5, 1.25, 4, -2
453 -> 398, -4, 0.75, 4, -1.5
453 -> 398, -2, 1.25, 1, -1
454 -> 398, -3, 0.25, 2, -1.5
454 -> 398, -5, 1.25, 1, -2
454 -> 398, -4, 1.75, 2, -1
454 -> 398, -3, 0.25, 1, -1.5
454 -> 398, -5, 0.75, 2, -1.5
454 -> 398, -5, 0.25, 2, -1.5
454 -> 398, -3, 0.25, 3, -1.5
454 -> 398, -2, 0.25, 3, -1
454 -> 398, -2, 0.25, 5, -2
454 -> 398, -5, 0.25, 1, -1.5
454 -> 398, -1, 0.75, 1, -0.5
455 -> 398, -2, 0.75, 2, -1.5
455 -> 398, -1, 1.75, 2, -1.5
455 -> 398, -5, 0.25, 4, -1
455 -> 398, -3, 1.25, 1, -0.5
456 -> 398, -4, 0.25, 3, -2
456 -> 398, -4, 0.25, 4, -0.5
456 -> 398, -4, 0.25, 3, -0.5
456 -> 398, -4, 0.25, 2, -2
456 -> 398, -4, 0.25, 2, -0.5
457 -> 398, -3, 0.75, 5, -1
457 -> 398, -1, 1.75, 2, -2
457 -> 398, -1, 1.75, 3, -2
457 -> 398, -1, 0.75, 2, -1.5
457 -> 398, -3, 1.75, 5, -2
458 -> 398, -4, 1.75, 2, -0.5
458 -> 398, -1, 0.75, 5, -2
459 -> 398, -4, 1.25, 3, -2
459 -> 398, -1, 1.75, 1, -1.5
459 -> 398, -4, 1.25, 4, -2
459 -> 398, -4, 1.25, 5, -2
459 -> 398, -5, 0.75, 3, -2
459 -> 398, -4, 0.25, 5, -2
459 -> 398, -2, 1.75, 3, -1
459 -> 398, -4, 0.25, 4, -2
459 -> 398, -5, 0.75, 4, -2
460 -> 398, -2, 0.25, 1, -1
460 -> 398, -2, 0.25, 2, -1
461 -> 398, -3, 0.75, 2, -1.5
461 -> 398, -3, 1.75, 5, -0.5
461 -> 398, -3, 1.75, 4, -1.5
461 -> 398, -4, 1.75, 1, -1.5
461 -> 398, -3, 1.75, 3, -1.5
462 -> 398, -1, 0.75, 4, -0.5
463 -> 398, -2, 1.25, 4, -0.5
463 -> 398, -2, 1.25, 5, -0.5
464 -> 398, -5, 0.75, 5, -1
465 -> 398, -2, 1.75, 1, -1.5
466 -> 398, -1, 1.75, 5, -1.5
466 -> 398, -1, 0.25, 4, -1
466 -> 398, -5, 0.75, 2, -2
466 -> 398, -5, 0.75, 1, -2
466 -> 398, -5, 1.25, 3, -1.5
466 -> 398, -1, 1.25, 3, -0.5
466 -> 398, -5, 1.25, 4, -1.5
466 -> 398, -1, 0.25, 1, -2
466 -> 398, -1, 1.25, 4, -0.5
467 -> 398, -1, 0.25, 5, -1
467 -> 398, -5, 1.75, 4, -0.5
468 -> 398, -5, 0.25, 5, -0.5
468 -> 398, -2, 1.75, 3, -0.5
468 -> 398, -2, 1.75, 3, -1.5
469 -> 398, -1, 0.75, 3, -0.5
469 -> 398, -2, 0.75, 4, -0.5
469 -> 398, -3, 1.25, 4, -1
469 -> 398, -2, 0.75, 5, -0.5
470 -> 398, -1, 1.75, 1, -0.5
470 -> 398, -3, 0.75, 4, -1
470 -> 398, -2, 0.75, 3, -0.5
470 -> 398, -1, 1.25, 1, -1
471 -> 398, -2, 0.25, 5, -1.5
471 -> 398, -2, 0.25, 4, -1.5
471 -> 398, -2, 0.25, 3, -1.5
471 -> 398, -2, 0.25, 2, -1.5
471 -> 398, -5, 0.25, 4, -0.5
471 -> 398, -2, 0.25, 1, -1.5
471 -> 398, -5, 0.25, 3, -0.5
472 -> 398, -1, 0.75, 5, -1
472 -> 398, -3, 0.25, 4, -2
472 -> 398, -4, 0.75, 5, -1.5
473 -> 398, -5, 1.25, 1, -0.5
474 -> 398, -4, 0.75, 5, -1
474 -> 398, -1, 0.25, 3, -0.5
476 -> 398, -5, 0.25, 1, -1
476 -> 398, -5, 0.25, 5, -2
476 -> 398, -5, 0.25, 3, -1
476 -> 398, -5, 0.25, 2, -1
476 -> 398, -2, 1.25, 5, -2
476 -> 398, -5, 0.25, 4, -2
477 -> 398, -2, 1.75, 2, -1.5
478 -> 398, -4, 1.75, 4, -2
478 -> 398, -4, 1.75, 3, -2
478 -> 398, -4, 1.75, 2, -2
479 -> 398, -3, 0.25, 4, -1
479 -> 398, -3, 0.25, 2, -1
479 -> 398, -4, 1.25, 3, -0.5
479 -> 398, -3, 0.25, 3, -1
479 -> 398, -3, 1.75, 1, -0.5
479 -> 398, -5, 0.75, 3, -1
480 -> 398, -2, 1.75, 1, -2
480 -> 398, -4, 0.25, 3, -1
480 -> 398, -1, 0.25, 3, -2
480 -> 398, -1, 0.25, 5, -2
480 -> 398, -1, 0.25, 4, -2
481 -> 398, -3, 0.25, 5, -1.5
481 -> 398, -3, 0.25, 5, -2
481 -> 398, -2, 0.75, 1, -1.5
481 -> 398, -3, 0.25, 4, -1.5
481 -> 398, -1, 1.75, 2, -0.5
481 -> 398, -1, 0.25, 2, -2
481 -> 398, -1, 1.25, 5, -1
482 -> 398, -3, 0.25, 2, -2
482 -> 398, -3, 1.75, 1, -2
482 -> 398, -4, 0.75, 1, -0.5
482 -> 398, -5, 0.25, 3, -2
483 -> 398, -4, 0.25, 2, -1.5
483 -> 398, -4, 0.25, 4, -1.5
483 -> 398, -5, 1.25, 2, -1.5
483 -> 398, -4, 0.25, 3, -1.5
484 -> 398, -2, 0.25, 1, -2
486 -> 398, -4, 1.25, 5, -0.5
487 -> 398, -4, 0.75, 3, -1
487 -> 398, -1, 0.25, 1, -1
489 -> 398, -3, 1.25, 2, -2
489 -> 398, -3, 1.25, 1, -2
489 -> 398, -3, 1.25, 3, -2
489 -> 398, -3, 1.25, 4, -2
490 -> 398, -5, 0.25, 5, -1
491 -> 398, -5, 0.25, 4, -1.5
491 -> 398, -5, 0.25, 5, -1.5
492 -> 398, -4, 0.25, 2, -1
492 -> 398, -4, 0.25, 1, -1
492 -> 398, -2, 0.25, 4, -2
492 -> 398, -2, 0.25, 3, -2
492 -> 398, -2, 0.25, 2, -2
493 -> 398, -3, 1.25, 3, -1
493 -> 398, -4, 0.25, 1, -2
495 -> 398, -3, 0.25, 5, -1
495 -> 398, -3, 1.25, 5, -2
495 -> 398, -4, 1.25, 2, -1
503 -> 398, -5, 0.25, 1, -0.5
503 -> 398, -5, 1.75, 2, -2
505 -> 398, -3, 0.25, 3, -2
505 -> 398, -5, 1.75, 4, -2
505 -> 398, -5, 1.75, 3, -2
505 -> 398, -5, 1.75, 5, -2
508 -> 398, -5, 0.75, 5, -2
509 -> 398, -5, 1.75, 2, -1.5
509 -> 398, -1, 0.25, 4, -1.5
509 -> 398, -1, 0.25, 3, -1.5
509 -> 398, -1, 0.25, 5, -1.5
526 -> 398, -3, 0.25, 4, -0.5
526 -> 398, -3, 0.25, 3, -0.5
538 -> 398, -5, 0.75, 4, -1
540 -> 398, -5, 1.25, 5, -1
552 -> 398, -5, 0.75, 2, -1
552 -> 398, -5, 0.75, 1, -1
555 -> 398, -5, 0.75, 1, -1.5
587 -> 398, -3, 0.25, 1, -1
588 -> 398, -5, 1.75, 1, -0.5
588 -> 398, -5, 1.75, 3, -0.5
588 -> 398, -5, 1.75, 2, -0.5
671 -> 398, -5, 0.75, 4, -0.5
671 -> 398, -5, 0.75, 5, -0.5
671 -> 398, -5, 0.75, 3, -0.5
744 -> 398, -5, 0.75, 1, -0.5
