347 -> 185, -5, 1.25, 2, -2
351 -> 185, -3, 1.75, 4, -2
357 -> 185, -5, 0.75, 3, -1
358 -> 185, -3, 1.75, 1, -1
367 -> 185, -3, 1.25, 1, -0.5
367 -> 185, -4, 1.75, 2, -2
368 -> 185, -5, 1.75, 5, -2
369 -> 185, -5, 1.25, 4, -1.5
369 -> 185, -4, 0.75, 5, -2
370 -> 185, -2, 1.75, 1, -0.5
371 -> 185, -2, 1.75, 5, -1
372 -> 185, -5, 1.25, 4, -2
374 -> 185, -3, 1.75, 5, -0.5
375 -> 185, -2, 0.75, 1, -0.5
378 -> 185, -2, 1.75, 4, -0.5
378 -> 185, -1, 1.75, 4, -2
379 -> 185, -2, 1.75, 5, -0.5
379 -> 185, -4, 1.25, 5, -2
379 -> 185, -1, 0.25, 3, -0.5
381 -> 185, -1, 1.75, 5, -0.5
383 -> 185, -2, 1.25, 3, -0.5
385 -> 185, -5, 1.75, 4, -2
385 -> 185, -5, 1.25, 5, -2
386 -> 185, -5, 1.25, 3, -1.5
386 -> 185, -5, 1.25, 1, -1.5
386 -> 185, -2, 1.75, 2, -0.5
386 -> 185, -4, 1.25, 4, -2
386 -> 185, -4, 1.25, 3, -2
386 -> 185, -5, 1.25, 2, -1.5
387 -> 185, -3, 0.75, 1, -1
388 -> 185, -4, 1.25, 1, -1.5
388 -> 185, -1, 1.25, 2, -0.5
392 -> 185, -4, 0.25, 1, -1.5
393 -> 185, -4, 1.75, 2, -1
393 -> 185, -1, 1.75, 1, -2
395 -> 185, -1, 1.25, 3, -1
395 -> 185, -1, 1.25, 4, -1
395 -> 185, -3, 1.25, 4, -1
395 -> 185, -3, 1.75, 3, -2
395 -> 185, -4, 1.75, 3, -1.5
395 -> 185, -3, 1.75, 2, -2
396 -> 185, -5, 0.25, 1, -1
396 -> 185, -5, 1.25, 3, -2
397 -> 185, -4, 0.75, 4, -2
398 -> 185, -5, 1.75, 1, -2
399 -> 185, -2, 0.25, 3, -0.5
399 -> 185, -4, 1.75, 1, -2
399 -> 185, -1, 1.25, 4, -0.5
400 -> 185, -5, 1.75, 2, -2
400 -> 185, -1, 0.25, 2, -0.5
401 -> 185, -1, 1.75, 3, -2
402 -> 185, -3, 1.75, 2, -0.5
403 -> 185, -3, 1.25, 2, -1
403 -> 185, -3, 1.25, 2, -0.5
403 -> 185, -4, 1.25, 1, -2
403 -> 185, -3, 1.25, 5, -1
404 -> 185, -3, 1.75, 5, -2
404 -> 185, -2, 1.25, 4, -0.5
405 -> 185, -5, 0.25, 5, -1
405 -> 185, -3, 0.75, 5, -1.5
405 -> 185, -1, 1.25, 3, -0.5
405 -> 185, -1, 0.75, 4, -1.5
406 -> 185, -4, 1.75, 1, -1.5
406 -> 185, -4, 0.75, 2, -2
406 -> 185, -4, 0.75, 1, -2
406 -> 185, -2, 1.25, 5, -1.5
406 -> 185, -2, 1.25, 4, -1.5
406 -> 185, -1, 1.75, 2, -2
407 -> 185, -3, 0.25, 4, -0.5
407 -> 185, -1, 1.75, 1, -1.5
407 -> 185, -3, 0.25, 3, -0.5
407 -> 185, -3, 0.75, 3, -1.5
407 -> 185, -5, 1.25, 1, -2
408 -> 185, -3, 1.75, 1, -2
408 -> 185, -3, 1.75, 2, -1
408 -> 185, -1, 0.25, 1, -0.5
408 -> 185, -1, 1.25, 2, -1
409 -> 185, -3, 0.25, 5, -1.5
409 -> 185, -5, 0.25, 5, -1.5
410 -> 185, -1, 1.75, 2, -1.5
410 -> 185, -2, 1.25, 1, -2
412 -> 185, -5, 0.25, 5, -2
412 -> 185, -5, 0.25, 4, -2
412 -> 185, -5, 0.25, 3, -2
413 -> 185, -4, 0.75, 3, -2
414 -> 185, -3, 0.25, 2, -0.5
416 -> 185, -4, 0.75, 3, -0.5
416 -> 185, -3, 0.75, 2, -1
416 -> 185, -4, 0.75, 4, -0.5
417 -> 185, -2, 1.25, 2, -1.5
417 -> 185, -2, 1.25, 1, -1.5
417 -> 185, -5, 1.75, 3, -0.5
418 -> 185, -4, 1.25, 2, -2
418 -> 185, -5, 0.75, 2, -0.5
419 -> 185, -1, 0.75, 3, -1.5
419 -> 185, -3, 1.25, 3, -2
419 -> 185, -2, 1.25, 3, -1.5
419 -> 185, -3, 1.25, 2, -2
419 -> 185, -1, 0.75, 2, -1.5
420 -> 185, -5, 0.75, 4, -1.5
420 -> 185, -5, 0.75, 2, -1.5
420 -> 185, -5, 0.75, 1, -1.5
420 -> 185, -3, 0.75, 4, -1.5
420 -> 185, -5, 0.75, 5, -1.5
420 -> 185, -5, 0.75, 3, -1.5
421 -> 185, -2, 0.75, 4, -1.5
421 -> 185, -3, 1.75, 4, -0.5
421 -> 185, -2, 0.75, 3, -1.5
421 -> 185, -1, 1.75, 5, -1.5
421 -> 185, -3, 1.75, 3, -0.5
421 -> 185, -1, 1.25, 5, -0.5
422 -> 185, -3, 1.75, 3, -1.5
422 -> 185, -3, 1.75, 2, -1.5
422 -> 185, -1, 1.25, 5, -1
422 -> 185, -3, 1.75, 1, -1.5
423 -> 185, -2, 0.75, 3, -0.5
423 -> 185, -5, 1.75, 3, -1.5
424 -> 185, -3, 0.75, 1, -2
424 -> 185, -3, 0.75, 2, -2
424 -> 185, -2, 1.75, 4, -1.5
424 -> 185, -3, 0.75, 3, -2
424 -> 185, -3, 0.75, 4, -2
424 -> 185, -5, 1.75, 5, -1.5
424 -> 185, -3, 0.75, 5, -2
424 -> 185, -5, 0.75, 5, -0.5
424 -> 185, -5, 0.75, 3, -0.5
425 -> 185, -2, 1.25, 4, -2
425 -> 185, -2, 1.25, 2, -2
425 -> 185, -2, 1.75, 4, -1
425 -> 185, -2, 1.25, 3, -2
425 -> 185, -1, 1.75, 4, -0.5
425 -> 185, -2, 1.25, 5, -2
425 -> 185, -1, 1.25, 3, -2
426 -> 185, -5, 1.75, 4, -1.5
426 -> 185, -1, 1.25, 1, -1
426 -> 185, -5, 0.25, 3, -1
426 -> 185, -2, 0.25, 4, -0.5
427 -> 185, -2, 0.25, 5, -0.5
427 -> 185, -1, 1.75, 5, -2
427 -> 185, -2, 1.75, 5, -1.5
427 -> 185, -1, 0.25, 2, -1.5
428 -> 185, -3, 1.25, 4, -2
428 -> 185, -2, 0.75, 5, -1.5
428 -> 185, -3, 1.25, 5, -2
429 -> 185, -5, 0.75, 5, -2
430 -> 185, -4, 1.75, 4, -1.5
430 -> 185, -4, 1.75, 5, -1.5
430 -> 185, -2, 1.25, 1, -1
431 -> 185, -1, 1.25, 4, -2
433 -> 185, -3, 1.75, 4, -1.5
433 -> 185, -2, 1.25, 4, -1
433 -> 185, -3, 1.75, 5, -1.5
434 -> 185, -2, 1.25, 1, -0.5
434 -> 185, -2, 1.25, 2, -0.5
435 -> 185, -1, 1.75, 4, -1.5
435 -> 185, -1, 1.75, 3, -1.5
435 -> 185, -5, 0.75, 4, -1
435 -> 185, -5, 0.75, 5, -1
435 -> 185, -2, 0.75, 2, -0.5
435 -> 185, -1, 1.25, 5, -1.5
436 -> 185, -3, 1.25, 5, -1.5
436 -> 185, -1, 0.75, 5, -1.5
436 -> 185, -2, 0.75, 4, -0.5
436 -> 185, -2, 0.75, 5, -0.5
436 -> 185, -2, 1.25, 3, -1
437 -> 185, -5, 0.25, 4, -1
437 -> 185, -2, 1.25, 2, -1
437 -> 185, -1, 1.25, 3, -1.5
437 -> 185, -1, 1.75, 3, -0.5
437 -> 185, -5, 1.25, 3, -1
437 -> 185, -1, 1.25, 4, -1.5
438 -> 185, -3, 1.25, 4, -1.5
438 -> 185, -2, 1.75, 3, -1.5
438 -> 185, -5, 1.75, 3, -2
439 -> 185, -3, 1.75, 4, -1
439 -> 185, -1, 0.75, 1, -1.5
439 -> 185, -4, 1.25, 5, -1.5
440 -> 185, -2, 1.25, 5, -1
440 -> 185, -1, 1.75, 5, -1
440 -> 185, -3, 0.25, 1, -1
441 -> 185, -1, 1.25, 1, -1.5
441 -> 185, -1, 1.25, 2, -1.5
442 -> 185, -3, 1.25, 1, -1
443 -> 185, -1, 0.25, 5, -0.5
443 -> 185, -4, 1.25, 1, -1
444 -> 185, -4, 0.75, 5, -1.5
444 -> 185, -4, 0.75, 4, -1.5
444 -> 185, -5, 0.25, 1, -1.5
445 -> 185, -1, 1.25, 1, -0.5
445 -> 185, -3, 0.25, 2, -1
445 -> 185, -3, 1.75, 1, -0.5
445 -> 185, -5, 1.25, 5, -1.5
445 -> 185, -4, 0.75, 1, -1.5
445 -> 185, -2, 0.75, 2, -1.5
446 -> 185, -1, 0.75, 3, -1
447 -> 185, -3, 1.75, 3, -1
447 -> 185, -4, 0.75, 3, -1.5
447 -> 185, -3, 0.25, 5, -2
447 -> 185, -3, 0.25, 1, -1.5
447 -> 185, -4, 0.75, 2, -1.5
448 -> 185, -5, 0.75, 3, -2
448 -> 185, -3, 0.25, 2, -1.5
448 -> 185, -3, 0.25, 3, -1.5
449 -> 185, -2, 0.75, 1, -1
449 -> 185, -2, 1.75, 3, -0.5
449 -> 185, -5, 0.75, 1, -2
449 -> 185, -5, 0.75, 2, -2
450 -> 185, -1, 0.75, 2, -1
450 -> 185, -1, 0.75, 4, -0.5
451 -> 185, -1, 0.25, 4, -0.5
453 -> 185, -2, 0.75, 2, -1
453 -> 185, -2, 0.75, 4, -1
453 -> 185, -1, 1.75, 1, -1
453 -> 185, -2, 0.75, 5, -1
453 -> 185, -3, 0.75, 2, -1.5
453 -> 185, -2, 0.75, 3, -1
454 -> 185, -5, 0.75, 4, -2
454 -> 185, -1, 1.25, 5, -2
455 -> 185, -2, 0.25, 5, -1
455 -> 185, -5, 1.75, 1, -1.5
455 -> 185, -5, 1.75, 2, -1.5
455 -> 185, -4, 1.75, 1, -1
456 -> 185, -3, 0.25, 5, -1
456 -> 185, -1, 0.75, 1, -1
456 -> 185, -3, 1.25, 3, -1
457 -> 185, -3, 1.75, 5, -1
457 -> 185, -2, 0.75, 1, -2
458 -> 185, -1, 1.75, 3, -1
458 -> 185, -2, 0.75, 1, -1.5
458 -> 185, -3, 1.25, 1, -2
459 -> 185, -1, 1.75, 4, -1
459 -> 185, -3, 0.25, 3, -1
459 -> 185, -3, 0.25, 4, -1
459 -> 185, -3, 0.75, 1, -0.5
459 -> 185, -4, 1.75, 3, -2
459 -> 185, -2, 1.75, 5, -2
459 -> 185, -2, 1.75, 4, -2
459 -> 185, -4, 1.75, 4, -2
459 -> 185, -4, 1.75, 5, -2
459 -> 185, -3, 1.25, 3, -1.5
460 -> 185, -2, 1.75, 2, -1
460 -> 185, -2, 1.75, 3, -1
460 -> 185, -2, 1.75, 1, -1
460 -> 185, -3, 0.75, 1, -1.5
462 -> 185, -2, 1.75, 3, -2
462 -> 185, -4, 0.25, 1, -1
462 -> 185, -4, 1.25, 2, -1.5
462 -> 185, -2, 1.75, 1, -2
462 -> 185, -4, 0.25, 5, -1
462 -> 185, -2, 1.75, 2, -2
463 -> 185, -1, 0.75, 3, -0.5
463 -> 185, -2, 0.25, 3, -1
463 -> 185, -5, 0.25, 2, -2
463 -> 185, -2, 1.75, 1, -1.5
463 -> 185, -2, 1.75, 2, -1.5
463 -> 185, -5, 0.25, 1, -2
464 -> 185, -1, 0.75, 5, -0.5
464 -> 185, -5, 0.25, 2, -1
464 -> 185, -4, 0.25, 3, -1
464 -> 185, -4, 0.25, 2, -1
464 -> 185, -4, 0.25, 4, -1
465 -> 185, -4, 1.25, 4, -1.5
465 -> 185, -4, 1.75, 2, -1.5
465 -> 185, -4, 1.25, 3, -1.5
465 -> 185, -3, 1.25, 1, -1.5
465 -> 185, -2, 0.25, 5, -1.5
466 -> 185, -1, 1.75, 2, -1
466 -> 185, -2, 0.25, 2, -2
466 -> 185, -2, 0.25, 1, -2
467 -> 185, -5, 1.25, 1, -1
467 -> 185, -5, 0.25, 3, -1.5
467 -> 185, -5, 0.25, 2, -1.5
468 -> 185, -1, 0.75, 2, -0.5
469 -> 185, -3, 1.25, 2, -1.5
469 -> 185, -5, 1.25, 4, -1
470 -> 185, -4, 1.75, 5, -1
470 -> 185, -1, 0.75, 1, -0.5
470 -> 185, -1, 0.25, 4, -1
470 -> 185, -4, 1.75, 4, -1
470 -> 185, -4, 0.75, 2, -0.5
471 -> 185, -5, 0.25, 4, -1.5
472 -> 185, -1, 0.25, 3, -1
473 -> 185, -5, 1.75, 2, -1
474 -> 185, -1, 1.75, 2, -0.5
474 -> 185, -1, 1.75, 1, -0.5
476 -> 185, -1, 0.25, 4, -1.5
476 -> 185, -3, 0.75, 4, -1
476 -> 185, -2, 0.25, 1, -0.5
476 -> 185, -3, 0.75, 3, -1
476 -> 185, -1, 0.25, 5, -1.5
477 -> 185, -1, 0.25, 5, -2
477 -> 185, -1, 0.25, 4, -2
477 -> 185, -2, 0.25, 3, -1.5
477 -> 185, -2, 0.25, 1, -1.5
477 -> 185, -1, 0.75, 4, -2
477 -> 185, -2, 0.25, 2, -1.5
477 -> 185, -1, 0.25, 3, -2
477 -> 185, -2, 0.25, 4, -1.5
477 -> 185, -1, 0.75, 5, -2
477 -> 185, -1, 0.75, 3, -2
478 -> 185, -3, 0.25, 4, -1.5
479 -> 185, -2, 0.25, 3, -2
479 -> 185, -1, 0.25, 3, -1.5
479 -> 185, -2, 0.25, 4, -2
480 -> 185, -4, 0.25, 5, -1.5
480 -> 185, -1, 0.25, 2, -2
480 -> 185, -1, 0.25, 1, -2
480 -> 185, -2, 0.25, 2, -0.5
481 -> 185, -2, 0.75, 3, -2
481 -> 185, -2, 0.75, 4, -2
481 -> 185, -2, 0.75, 5, -2
483 -> 185, -2, 0.75, 2, -2
485 -> 185, -2, 0.25, 5, -2
486 -> 185, -4, 1.75, 4, -0.5
486 -> 185, -4, 1.75, 3, -0.5
486 -> 185, -4, 0.75, 3, -1
486 -> 185, -4, 0.75, 4, -1
487 -> 185, -1, 0.75, 2, -2
487 -> 185, -1, 0.75, 4, -1
487 -> 185, -1, 0.25, 2, -1
487 -> 185, -1, 0.75, 5, -1
487 -> 185, -1, 0.25, 1, -1
487 -> 185, -1, 0.75, 1, -2
488 -> 185, -5, 0.75, 2, -1
488 -> 185, -5, 0.75, 1, -1
489 -> 185, -4, 1.25, 5, -1
489 -> 185, -1, 0.25, 1, -1.5
489 -> 185, -4, 1.25, 4, -1
490 -> 185, -3, 0.25, 3, -2
490 -> 185, -3, 0.25, 4, -2
490 -> 185, -5, 0.75, 4, -0.5
490 -> 185, -2, 0.25, 4, -1
490 -> 185, -3, 0.25, 2, -2
490 -> 185, -4, 1.75, 5, -0.5
491 -> 185, -5, 1.25, 5, -1
491 -> 185, -1, 1.25, 2, -2
492 -> 185, -3, 0.75, 4, -0.5
492 -> 185, -4, 1.25, 2, -1
492 -> 185, -3, 0.75, 3, -0.5
492 -> 185, -3, 0.75, 5, -0.5
492 -> 185, -4, 1.25, 3, -1
493 -> 185, -2, 1.25, 5, -0.5
494 -> 185, -1, 0.25, 5, -1
495 -> 185, -1, 1.25, 1, -2
496 -> 185, -4, 0.25, 4, -1.5
496 -> 185, -4, 0.25, 2, -1.5
496 -> 185, -4, 0.25, 3, -1.5
497 -> 185, -4, 0.25, 1, -2
497 -> 185, -4, 0.25, 2, -2
497 -> 185, -4, 0.25, 3, -2
498 -> 185, -3, 0.25, 1, -2
499 -> 185, -4, 0.25, 5, -2
499 -> 185, -4, 0.25, 4, -2
502 -> 185, -3, 0.25, 1, -0.5
505 -> 185, -5, 1.25, 2, -1
507 -> 185, -5, 1.25, 3, -0.5
511 -> 185, -5, 1.25, 1, -0.5
518 -> 185, -4, 0.75, 5, -1
519 -> 185, -2, 0.25, 1, -1
519 -> 185, -2, 0.25, 2, -1
522 -> 185, -4, 1.25, 5, -0.5
522 -> 185, -4, 1.25, 4, -0.5
522 -> 185, -4, 1.25, 3, -0.5
523 -> 185, -5, 1.75, 4, -1
523 -> 185, -4, 1.75, 3, -1
523 -> 185, -5, 1.75, 3, -1
523 -> 185, -5, 1.75, 5, -1
524 -> 185, -5, 1.75, 4, -0.5
524 -> 185, -3, 0.75, 5, -1
529 -> 185, -4, 0.75, 5, -0.5
529 -> 185, -4, 0.75, 1, -0.5
539 -> 185, -3, 0.75, 2, -0.5
544 -> 185, -3, 1.25, 5, -0.5
544 -> 185, -3, 1.25, 4, -0.5
544 -> 185, -3, 1.25, 3, -0.5
547 -> 185, -5, 1.75, 5, -0.5
560 -> 185, -4, 0.75, 1, -1
560 -> 185, -4, 0.75, 2, -1
566 -> 185, -3, 0.25, 5, -0.5
567 -> 185, -5, 1.75, 1, -1
585 -> 185, -5, 0.75, 1, -0.5
587 -> 185, -4, 1.25, 2, -0.5
591 -> 185, -5, 0.25, 2, -0.5
591 -> 185, -5, 0.25, 3, -0.5
591 -> 185, -5, 0.25, 1, -0.5
594 -> 185, -5, 1.25, 2, -0.5
601 -> 185, -4, 0.25, 5, -0.5
605 -> 185, -4, 0.25, 4, -0.5
608 -> 185, -5, 1.75, 1, -0.5
608 -> 185, -5, 1.75, 2, -0.5
665 -> 185, -4, 1.75, 1, -0.5
665 -> 185, -4, 1.75, 2, -0.5
691 -> 185, -4, 0.25, 3, -0.5
691 -> 185, -4, 0.25, 1, -0.5
691 -> 185, -4, 0.25, 2, -0.5
740 -> 185, -5, 0.25, 4, -0.5
740 -> 185, -5, 0.25, 5, -0.5
743 -> 185, -4, 1.25, 1, -0.5
757 -> 185, -5, 1.25, 5, -0.5
767 -> 185, -5, 1.25, 4, -0.5
