349 -> 261, -3, 1.75, 1, -1.5
364 -> 261, -3, 1.25, 3, -1
373 -> 261, -2, 1.25, 1, -1
375 -> 261, -3, 1.75, 4, -1.5
377 -> 261, -1, 0.75, 1, -0.5
377 -> 261, -1, 0.75, 3, -1.5
377 -> 261, -5, 1.75, 1, -2
377 -> 261, -3, 1.25, 2, -1
377 -> 261, -2, 1.75, 5, -0.5
380 -> 261, -5, 1.25, 2, -1
380 -> 261, -2, 1.75, 5, -2
382 -> 261, -1, 1.75, 4, -1.5
383 -> 261, -4, 1.75, 5, -1.5
386 -> 261, -4, 1.75, 4, -1
388 -> 261, -5, 1.75, 5, -1.5
388 -> 261, -3, 1.75, 3, -0.5
389 -> 261, -2, 1.75, 5, -1.5
389 -> 261, -2, 1.75, 4, -1.5
390 -> 261, -3, 1.75, 5, -1.5
391 -> 261, -2, 1.25, 2, -2
391 -> 261, -2, 1.25, 2, -1
392 -> 261, -3, 1.25, 1, -2
393 -> 261, -5, 0.25, 1, -2
393 -> 261, -5, 0.25, 2, -2
393 -> 261, -5, 0.25, 3, -2
393 -> 261, -5, 0.25, 4, -2
393 -> 261, -3, 1.25, 5, -1
393 -> 261, -3, 1.25, 4, -1
395 -> 261, -2, 1.25, 3, -2
395 -> 261, -5, 1.75, 2, -2
395 -> 261, -4, 1.75, 5, -1
395 -> 261, -5, 1.75, 3, -2
397 -> 261, -1, 0.75, 2, -1
397 -> 261, -1, 1.75, 4, -0.5
398 -> 261, -4, 1.75, 2, -1.5
399 -> 261, -1, 0.75, 5, -1.5
399 -> 261, -5, 1.75, 5, -2
399 -> 261, -5, 1.75, 4, -2
399 -> 261, -1, 0.75, 4, -1.5
400 -> 261, -5, 0.25, 5, -2
401 -> 261, -3, 1.25, 1, -1
401 -> 261, -1, 1.75, 3, -0.5
402 -> 261, -4, 1.75, 3, -1
402 -> 261, -3, 0.75, 2, -0.5
404 -> 261, -3, 1.75, 5, -2
405 -> 261, -1, 1.25, 3, -0.5
407 -> 261, -4, 1.75, 1, -1.5
407 -> 261, -3, 1.75, 2, -1.5
407 -> 261, -3, 1.25, 4, -2
407 -> 261, -3, 1.25, 3, -2
408 -> 261, -2, 1.25, 3, -0.5
408 -> 261, -1, 1.75, 4, -1
409 -> 261, -2, 1.25, 3, -1
409 -> 261, -5, 1.25, 3, -1
409 -> 261, -4, 1.25, 5, -1
412 -> 261, -5, 0.75, 1, -0.5
412 -> 261, -3, 1.75, 4, -2
413 -> 261, -1, 0.75, 2, -0.5
413 -> 261, -5, 1.75, 1, -1.5
413 -> 261, -2, 1.75, 3, -0.5
413 -> 261, -1, 0.75, 2, -1.5
413 -> 261, -2, 1.25, 2, -0.5
413 -> 261, -3, 1.75, 2, -0.5
414 -> 261, -2, 1.75, 1, -1.5
414 -> 261, -2, 1.25, 1, -2
415 -> 261, -1, 1.75, 3, -1.5
417 -> 261, -4, 1.25, 4, -1
417 -> 261, -4, 1.25, 3, -1
419 -> 261, -5, 1.75, 4, -1
419 -> 261, -1, 0.75, 4, -0.5
420 -> 261, -1, 1.25, 3, -1
420 -> 261, -2, 1.25, 4, -2
420 -> 261, -1, 1.75, 2, -1
420 -> 261, -5, 1.75, 2, -1.5
420 -> 261, -5, 1.75, 4, -1.5
420 -> 261, -5, 1.75, 3, -1.5
421 -> 261, -2, 1.75, 1, -0.5
421 -> 261, -3, 0.75, 4, -1
421 -> 261, -4, 1.25, 1, -1
422 -> 261, -1, 1.75, 5, -1.5
422 -> 261, -3, 1.25, 2, -2
423 -> 261, -1, 1.75, 1, -1
423 -> 261, -2, 0.25, 5, -0.5
423 -> 261, -1, 1.25, 1, -1.5
424 -> 261, -4, 1.25, 1, -2
424 -> 261, -5, 0.25, 2, -0.5
425 -> 261, -3, 1.75, 1, -1
425 -> 261, -1, 1.25, 2, -1
426 -> 261, -1, 1.75, 1, -0.5
426 -> 261, -2, 0.75, 1, -1
426 -> 261, -1, 1.25, 4, -0.5
426 -> 261, -1, 1.75, 2, -0.5
426 -> 261, -3, 1.75, 5, -0.5
426 -> 261, -1, 1.25, 5, -0.5
426 -> 261, -2, 1.75, 4, -0.5
426 -> 261, -3, 1.75, 4, -0.5
427 -> 261, -1, 1.75, 3, -1
427 -> 261, -2, 1.75, 2, -2
427 -> 261, -2, 1.75, 3, -2
427 -> 261, -2, 1.75, 4, -2
428 -> 261, -3, 1.75, 1, -0.5
429 -> 261, -2, 1.25, 3, -1.5
429 -> 261, -2, 1.25, 4, -1.5
429 -> 261, -3, 0.75, 1, -0.5
429 -> 261, -3, 1.75, 2, -1
429 -> 261, -1, 0.75, 1, -1.5
431 -> 261, -4, 0.75, 1, -1
431 -> 261, -1, 0.25, 4, -2
431 -> 261, -1, 0.25, 3, -2
431 -> 261, -4, 1.75, 1, -1
431 -> 261, -5, 1.25, 4, -2
431 -> 261, -1, 1.75, 5, -2
433 -> 261, -2, 0.25, 5, -2
433 -> 261, -1, 0.75, 3, -0.5
433 -> 261, -1, 1.75, 4, -2
433 -> 261, -1, 1.75, 3, -2
433 -> 261, -1, 0.25, 3, -0.5
433 -> 261, -1, 1.75, 2, -1.5
434 -> 261, -3, 1.75, 3, -1.5
434 -> 261, -1, 0.25, 4, -0.5
435 -> 261, -1, 0.25, 4, -1
435 -> 261, -2, 1.25, 5, -1
435 -> 261, -3, 1.25, 1, -1.5
435 -> 261, -1, 0.25, 2, -1.5
435 -> 261, -1, 0.75, 2, -2
435 -> 261, -1, 0.25, 1, -1.5
435 -> 261, -1, 0.75, 3, -2
436 -> 261, -5, 0.75, 2, -2
436 -> 261, -5, 1.25, 5, -2
437 -> 261, -1, 0.25, 3, -1
437 -> 261, -2, 0.75, 2, -1
438 -> 261, -2, 1.75, 3, -1.5
438 -> 261, -4, 1.75, 3, -1.5
438 -> 261, -4, 1.75, 4, -1.5
439 -> 261, -1, 1.75, 5, -1
439 -> 261, -1, 1.75, 5, -0.5
440 -> 261, -5, 1.25, 2, -1.5
440 -> 261, -3, 1.25, 2, -1.5
440 -> 261, -3, 0.75, 3, -1
441 -> 261, -5, 0.75, 5, -2
441 -> 261, -5, 0.75, 4, -2
441 -> 261, -5, 0.75, 3, -2
441 -> 261, -4, 1.75, 5, -2
441 -> 261, -1, 1.25, 1, -1
442 -> 261, -5, 1.25, 1, -2
443 -> 261, -2, 1.25, 5, -1.5
443 -> 261, -2, 0.75, 2, -0.5
443 -> 261, -2, 0.25, 5, -1
443 -> 261, -1, 0.25, 2, -0.5
444 -> 261, -2, 0.75, 3, -1
444 -> 261, -2, 0.75, 5, -1
444 -> 261, -2, 0.75, 4, -1
444 -> 261, -4, 1.25, 4, -1.5
444 -> 261, -4, 1.25, 2, -1
444 -> 261, -4, 1.25, 5, -1.5
445 -> 261, -3, 0.75, 3, -0.5
445 -> 261, -1, 0.25, 2, -1
446 -> 261, -2, 1.25, 1, -1.5
446 -> 261, -5, 1.25, 3, -1.5
446 -> 261, -2, 1.25, 2, -1.5
446 -> 261, -4, 0.25, 4, -1
446 -> 261, -4, 0.25, 5, -1
447 -> 261, -3, 0.75, 5, -1
447 -> 261, -2, 1.25, 4, -1
447 -> 261, -2, 1.25, 5, -2
447 -> 261, -5, 0.25, 1, -0.5
448 -> 261, -3, 0.75, 2, -1
448 -> 261, -1, 0.75, 5, -1
448 -> 261, -2, 1.75, 2, -1.5
449 -> 261, -2, 1.75, 2, -0.5
450 -> 261, -2, 0.25, 1, -0.5
450 -> 261, -3, 1.75, 2, -2
451 -> 261, -3, 0.75, 3, -2
451 -> 261, -3, 0.75, 2, -2
452 -> 261, -1, 0.25, 3, -1.5
452 -> 261, -1, 1.25, 2, -0.5
452 -> 261, -1, 0.25, 4, -1.5
452 -> 261, -5, 0.25, 4, -0.5
452 -> 261, -3, 1.75, 3, -2
452 -> 261, -1, 0.25, 5, -1.5
453 -> 261, -5, 1.75, 1, -1
454 -> 261, -4, 0.75, 5, -1
454 -> 261, -4, 0.75, 4, -1
454 -> 261, -4, 0.75, 3, -1
454 -> 261, -4, 0.75, 2, -1
456 -> 261, -4, 1.75, 4, -2
457 -> 261, -1, 0.25, 1, -2
457 -> 261, -5, 1.25, 4, -1.5
457 -> 261, -1, 0.75, 1, -2
457 -> 261, -2, 1.75, 2, -1
458 -> 261, -2, 0.25, 4, -2
458 -> 261, -2, 0.25, 3, -2
458 -> 261, -5, 1.25, 5, -1
458 -> 261, -2, 0.25, 2, -2
458 -> 261, -5, 1.25, 4, -1
458 -> 261, -4, 1.25, 3, -1.5
459 -> 261, -1, 1.25, 2, -1.5
459 -> 261, -1, 1.25, 4, -1
459 -> 261, -4, 0.25, 2, -2
459 -> 261, -5, 1.25, 1, -1.5
459 -> 261, -1, 1.25, 5, -1
459 -> 261, -4, 0.25, 1, -2
460 -> 261, -4, 1.25, 1, -1.5
460 -> 261, -4, 1.25, 2, -1.5
460 -> 261, -1, 0.75, 5, -0.5
460 -> 261, -1, 0.75, 1, -1
461 -> 261, -4, 0.25, 5, -2
461 -> 261, -4, 1.75, 3, -2
462 -> 261, -2, 1.25, 4, -0.5
462 -> 261, -3, 1.75, 5, -1
462 -> 261, -2, 1.25, 5, -0.5
463 -> 261, -3, 0.25, 1, -0.5
464 -> 261, -3, 0.75, 5, -2
464 -> 261, -3, 0.25, 5, -0.5
464 -> 261, -3, 0.75, 4, -2
465 -> 261, -3, 0.75, 5, -0.5
465 -> 261, -3, 0.75, 4, -0.5
466 -> 261, -5, 0.75, 3, -0.5
467 -> 261, -4, 1.25, 5, -2
467 -> 261, -2, 0.75, 1, -0.5
468 -> 261, -1, 0.25, 5, -1
468 -> 261, -4, 1.25, 2, -2
468 -> 261, -4, 1.25, 3, -2
468 -> 261, -4, 1.25, 4, -2
468 -> 261, -5, 1.25, 3, -2
468 -> 261, -5, 1.25, 2, -2
469 -> 261, -5, 0.75, 3, -1.5
469 -> 261, -5, 0.75, 4, -1.5
469 -> 261, -5, 0.75, 5, -1.5
469 -> 261, -1, 0.25, 1, -0.5
469 -> 261, -3, 1.25, 5, -2
469 -> 261, -1, 1.25, 4, -2
469 -> 261, -1, 1.25, 2, -2
469 -> 261, -1, 1.25, 5, -2
469 -> 261, -1, 1.25, 1, -2
469 -> 261, -1, 1.25, 3, -2
471 -> 261, -2, 0.75, 4, -2
471 -> 261, -2, 0.75, 3, -2
471 -> 261, -4, 0.25, 3, -1
471 -> 261, -2, 0.75, 5, -2
471 -> 261, -3, 1.75, 1, -2
471 -> 261, -4, 0.25, 2, -1
472 -> 261, -2, 1.75, 1, -1
473 -> 261, -5, 1.25, 5, -1.5
473 -> 261, -1, 0.25, 5, -2
473 -> 261, -2, 1.75, 4, -1
473 -> 261, -2, 1.75, 5, -1
474 -> 261, -3, 0.75, 1, -2
475 -> 261, -2, 0.75, 2, -2
475 -> 261, -2, 0.75, 1, -2
475 -> 261, -2, 0.25, 4, -1
475 -> 261, -2, 0.25, 3, -1
475 -> 261, -4, 0.25, 1, -1.5
476 -> 261, -5, 0.25, 3, -0.5
476 -> 261, -2, 0.75, 5, -1.5
476 -> 261, -2, 0.75, 4, -1.5
476 -> 261, -3, 1.75, 3, -1
476 -> 261, -3, 1.75, 4, -1
477 -> 261, -2, 0.75, 5, -0.5
477 -> 261, -2, 0.75, 4, -0.5
477 -> 261, -1, 0.75, 3, -1
477 -> 261, -1, 0.75, 4, -1
478 -> 261, -4, 0.25, 3, -1.5
478 -> 261, -4, 0.25, 5, -1.5
478 -> 261, -4, 0.25, 4, -1.5
478 -> 261, -4, 1.25, 1, -0.5
478 -> 261, -4, 0.25, 2, -1.5
478 -> 261, -1, 0.75, 4, -2
478 -> 261, -1, 0.75, 5, -2
479 -> 261, -1, 0.25, 2, -2
481 -> 261, -1, 1.25, 1, -0.5
481 -> 261, -3, 0.25, 5, -1.5
483 -> 261, -5, 0.75, 2, -1.5
483 -> 261, -4, 0.75, 2, -1.5
483 -> 261, -3, 0.25, 4, -1.5
483 -> 261, -4, 0.75, 4, -1.5
483 -> 261, -3, 0.25, 3, -1.5
483 -> 261, -4, 1.25, 2, -0.5
483 -> 261, -4, 0.75, 5, -1.5
483 -> 261, -4, 0.75, 3, -1.5
483 -> 261, -4, 0.75, 1, -1.5
484 -> 261, -5, 0.75, 1, -1.5
484 -> 261, -2, 0.25, 1, -2
484 -> 261, -3, 0.25, 1, -2
484 -> 261, -4, 1.75, 2, -2
484 -> 261, -2, 0.75, 3, -1.5
484 -> 261, -4, 1.75, 1, -2
485 -> 261, -3, 0.25, 4, -2
485 -> 261, -3, 1.25, 3, -1.5
485 -> 261, -3, 0.25, 5, -2
485 -> 261, -3, 1.25, 4, -1.5
485 -> 261, -3, 1.25, 5, -1.5
485 -> 261, -3, 0.25, 3, -2
486 -> 261, -2, 0.75, 3, -0.5
487 -> 261, -2, 1.75, 1, -2
487 -> 261, -3, 0.25, 2, -1.5
487 -> 261, -3, 0.25, 1, -1.5
487 -> 261, -2, 0.25, 2, -1
487 -> 261, -5, 1.75, 5, -1
488 -> 261, -2, 0.25, 1, -1
488 -> 261, -4, 0.25, 1, -1
489 -> 261, -5, 0.25, 2, -1.5
489 -> 261, -5, 0.25, 3, -1.5
489 -> 261, -2, 0.75, 2, -1.5
489 -> 261, -1, 1.75, 1, -2
489 -> 261, -5, 0.25, 4, -1.5
489 -> 261, -2, 0.25, 3, -1.5
489 -> 261, -2, 0.75, 1, -1.5
489 -> 261, -2, 0.25, 4, -1.5
489 -> 261, -1, 1.75, 2, -2
489 -> 261, -2, 0.25, 1, -1.5
489 -> 261, -2, 0.25, 2, -1.5
489 -> 261, -5, 0.25, 1, -1.5
490 -> 261, -2, 1.75, 3, -1
491 -> 261, -5, 1.25, 1, -1
491 -> 261, -5, 0.75, 1, -2
491 -> 261, -3, 0.25, 2, -2
492 -> 261, -4, 1.75, 2, -1
493 -> 261, -1, 0.25, 1, -1
493 -> 261, -2, 1.25, 1, -0.5
493 -> 261, -3, 0.75, 1, -1
493 -> 261, -4, 1.25, 5, -0.5
496 -> 261, -1, 1.25, 4, -1.5
496 -> 261, -3, 0.75, 5, -1.5
496 -> 261, -3, 0.75, 4, -1.5
496 -> 261, -3, 0.75, 1, -1.5
496 -> 261, -1, 1.25, 5, -1.5
496 -> 261, -3, 0.75, 3, -1.5
496 -> 261, -3, 0.75, 2, -1.5
496 -> 261, -2, 0.25, 2, -0.5
496 -> 261, -1, 1.25, 3, -1.5
498 -> 261, -5, 0.25, 5, -1.5
500 -> 261, -1, 1.75, 1, -1.5
503 -> 261, -2, 0.25, 4, -0.5
503 -> 261, -4, 0.25, 3, -2
503 -> 261, -4, 0.25, 4, -2
504 -> 261, -5, 0.25, 5, -0.5
505 -> 261, -2, 0.25, 3, -0.5
505 -> 261, -3, 1.25, 5, -0.5
505 -> 261, -3, 1.25, 4, -0.5
506 -> 261, -3, 1.25, 1, -0.5
506 -> 261, -3, 1.25, 2, -0.5
506 -> 261, -3, 1.25, 3, -0.5
510 -> 261, -1, 0.25, 5, -0.5
511 -> 261, -5, 0.25, 4, -1
511 -> 261, -4, 0.75, 5, -2
511 -> 261, -4, 0.75, 4, -2
511 -> 261, -4, 0.75, 3, -2
511 -> 261, -4, 1.25, 4, -0.5
511 -> 261, -5, 0.25, 3, -1
511 -> 261, -5, 0.25, 1, -1
511 -> 261, -5, 0.25, 2, -1
511 -> 261, -5, 0.25, 5, -1
511 -> 261, -4, 0.75, 2, -2
512 -> 261, -4, 0.75, 1, -2
520 -> 261, -4, 0.25, 1, -0.5
520 -> 261, -3, 0.25, 3, -0.5
520 -> 261, -3, 0.25, 2, -0.5
520 -> 261, -4, 0.25, 4, -0.5
520 -> 261, -4, 0.25, 2, -0.5
520 -> 261, -4, 0.25, 3, -0.5
521 -> 261, -5, 1.75, 3, -1
521 -> 261, -5, 1.75, 2, -1
522 -> 261, -2, 0.25, 5, -1.5
522 -> 261, -3, 0.25, 4, -0.5
529 -> 261, -4, 1.25, 3, -0.5
533 -> 261, -4, 0.25, 5, -0.5
533 -> 261, -3, 0.25, 1, -1
533 -> 261, -3, 0.25, 2, -1
535 -> 261, -3, 0.25, 3, -1
535 -> 261, -3, 0.25, 5, -1
535 -> 261, -3, 0.25, 4, -1
550 -> 261, -5, 0.75, 4, -1
550 -> 261, -5, 0.75, 2, -1
550 -> 261, -5, 0.75, 3, -1
550 -> 261, -5, 0.75, 1, -1
550 -> 261, -5, 0.75, 5, -1
551 -> 261, -5, 0.75, 2, -0.5
595 -> 261, -4, 0.75, 3, -0.5
595 -> 261, -4, 0.75, 1, -0.5
595 -> 261, -4, 0.75, 2, -0.5
595 -> 261, -4, 0.75, 4, -0.5
595 -> 261, -4, 0.75, 5, -0.5
597 -> 261, -4, 1.75, 5, -0.5
597 -> 261, -4, 1.75, 4, -0.5
597 -> 261, -4, 1.75, 3, -0.5
597 -> 261, -4, 1.75, 2, -0.5
597 -> 261, -4, 1.75, 1, -0.5
608 -> 261, -5, 0.75, 4, -0.5
621 -> 261, -5, 1.75, 1, -0.5
621 -> 261, -5, 1.75, 3, -0.5
621 -> 261, -5, 1.75, 4, -0.5
621 -> 261, -5, 1.75, 5, -0.5
621 -> 261, -5, 1.75, 2, -0.5
650 -> 261, -5, 0.75, 5, -0.5
988 -> 261, -5, 1.25, 2, -0.5
988 -> 261, -5, 1.25, 5, -0.5
988 -> 261, -5, 1.25, 4, -0.5
988 -> 261, -5, 1.25, 3, -0.5
988 -> 261, -5, 1.25, 1, -0.5
