342 -> 278, -3, 1.25, 3, -1
344 -> 278, -2, 1.75, 1, -0.5
351 -> 278, -1, 1.25, 3, -0.5
359 -> 278, -1, 1.25, 4, -0.5
361 -> 278, -3, 1.75, 3, -0.5
366 -> 278, -4, 1.75, 2, -1
367 -> 278, -2, 1.75, 4, -1
369 -> 278, -2, 1.75, 5, -1
370 -> 278, -4, 0.25, 4, -0.5
371 -> 278, -3, 1.75, 3, -1
374 -> 278, -3, 1.75, 2, -1
374 -> 278, -3, 1.75, 1, -1
375 -> 278, -3, 1.25, 2, -1
377 -> 278, -2, 1.75, 1, -1
378 -> 278, -2, 1.75, 2, -1
378 -> 278, -2, 1.75, 3, -1
380 -> 278, -1, 1.75, 3, -1
382 -> 278, -1, 1.75, 2, -0.5
382 -> 278, -3, 1.75, 4, -0.5
382 -> 278, -3, 0.75, 4, -2
386 -> 278, -1, 1.75, 1, -0.5
386 -> 278, -4, 1.75, 1, -1
387 -> 278, -1, 1.75, 5, -1
393 -> 278, -1, 1.75, 3, -2
394 -> 278, -1, 1.25, 4, -2
394 -> 278, -1, 1.25, 3, -2
399 -> 278, -1, 1.25, 5, -2
401 -> 278, -1, 1.75, 4, -1.5
402 -> 278, -1, 1.75, 5, -1.5
402 -> 278, -5, 1.75, 5, -2
402 -> 278, -4, 0.75, 3, -0.5
403 -> 278, -3, 1.25, 1, -1
403 -> 278, -2, 1.75, 2, -1.5
403 -> 278, -3, 1.25, 4, -1
403 -> 278, -3, 1.25, 5, -1
405 -> 278, -2, 0.75, 5, -0.5
406 -> 278, -1, 1.25, 5, -1.5
407 -> 278, -4, 1.25, 3, -1.5
407 -> 278, -4, 1.25, 2, -1.5
408 -> 278, -5, 1.75, 2, -1.5
408 -> 278, -2, 1.75, 1, -1.5
408 -> 278, -3, 1.75, 5, -0.5
408 -> 278, -5, 1.75, 1, -1.5
410 -> 278, -4, 1.25, 4, -1.5
410 -> 278, -1, 1.75, 4, -2
411 -> 278, -4, 0.25, 5, -1.5
411 -> 278, -1, 1.25, 3, -1.5
414 -> 278, -1, 1.25, 2, -1.5
414 -> 278, -2, 1.25, 1, -0.5
414 -> 278, -5, 0.75, 1, -1
415 -> 278, -1, 1.75, 4, -1
415 -> 278, -4, 1.25, 5, -1.5
416 -> 278, -1, 1.75, 5, -2
417 -> 278, -5, 1.75, 3, -2
417 -> 278, -3, 1.75, 1, -1.5
418 -> 278, -3, 1.25, 4, -1.5
420 -> 278, -1, 1.75, 1, -1
420 -> 278, -3, 1.75, 2, -0.5
421 -> 278, -3, 1.75, 5, -1.5
421 -> 278, -3, 1.75, 4, -1.5
422 -> 278, -4, 1.75, 1, -2
422 -> 278, -1, 1.75, 4, -0.5
422 -> 278, -4, 1.75, 4, -1
423 -> 278, -2, 1.25, 5, -2
424 -> 278, -5, 1.75, 3, -1
424 -> 278, -1, 1.75, 2, -1
424 -> 278, -1, 1.25, 4, -1.5
425 -> 278, -1, 1.25, 5, -0.5
425 -> 278, -5, 1.75, 5, -1.5
426 -> 278, -3, 1.25, 5, -1.5
426 -> 278, -5, 1.75, 1, -2
426 -> 278, -1, 1.75, 3, -0.5
427 -> 278, -3, 1.25, 2, -1.5
427 -> 278, -1, 0.75, 1, -0.5
427 -> 278, -5, 0.25, 5, -1.5
427 -> 278, -5, 0.25, 4, -1.5
427 -> 278, -1, 1.75, 1, -2
427 -> 278, -5, 0.25, 3, -1.5
427 -> 278, -5, 0.25, 2, -1.5
427 -> 278, -5, 0.25, 1, -1.5
427 -> 278, -1, 0.75, 3, -1
427 -> 278, -3, 1.25, 3, -1.5
428 -> 278, -2, 1.25, 4, -2
429 -> 278, -2, 1.25, 2, -2
429 -> 278, -2, 1.25, 3, -2
429 -> 278, -1, 1.75, 1, -1.5
430 -> 278, -3, 0.75, 2, -2
430 -> 278, -1, 1.25, 2, -1
430 -> 278, -3, 0.75, 3, -2
430 -> 278, -3, 0.75, 5, -1.5
430 -> 278, -3, 0.75, 1, -2
431 -> 278, -3, 0.25, 3, -2
431 -> 278, -3, 0.25, 2, -2
431 -> 278, -3, 0.25, 4, -2
431 -> 278, -3, 0.25, 5, -2
432 -> 278, -2, 0.75, 3, -1
432 -> 278, -4, 0.25, 4, -1.5
432 -> 278, -2, 0.75, 5, -1
432 -> 278, -4, 0.25, 3, -1.5
432 -> 278, -2, 0.75, 4, -1
432 -> 278, -2, 0.75, 4, -0.5
432 -> 278, -4, 0.75, 1, -1.5
432 -> 278, -2, 0.75, 3, -0.5
432 -> 278, -3, 0.75, 5, -2
432 -> 278, -1, 1.75, 3, -1.5
432 -> 278, -2, 0.75, 1, -1
432 -> 278, -1, 1.75, 2, -1.5
433 -> 278, -4, 0.75, 3, -2
433 -> 278, -2, 1.75, 3, -1.5
433 -> 278, -2, 1.25, 3, -1.5
433 -> 278, -1, 0.25, 1, -1.5
433 -> 278, -1, 0.25, 3, -1.5
433 -> 278, -1, 0.25, 2, -1.5
434 -> 278, -1, 0.25, 5, -1
434 -> 278, -1, 0.75, 5, -0.5
434 -> 278, -1, 0.75, 2, -1
434 -> 278, -4, 1.75, 5, -2
434 -> 278, -4, 1.75, 4, -2
435 -> 278, -1, 0.75, 5, -2
435 -> 278, -4, 1.75, 5, -1
435 -> 278, -2, 0.75, 2, -1
436 -> 278, -5, 1.75, 2, -2
436 -> 278, -1, 0.75, 1, -1
437 -> 278, -1, 0.75, 3, -0.5
437 -> 278, -1, 1.25, 1, -0.5
438 -> 278, -1, 0.75, 4, -0.5
438 -> 278, -5, 0.25, 4, -2
438 -> 278, -3, 1.75, 3, -1.5
438 -> 278, -5, 0.25, 5, -2
438 -> 278, -3, 1.75, 2, -1.5
439 -> 278, -4, 0.75, 2, -2
440 -> 278, -1, 1.25, 2, -0.5
441 -> 278, -1, 1.75, 2, -2
441 -> 278, -2, 1.75, 3, -0.5
441 -> 278, -2, 1.75, 2, -0.5
441 -> 278, -5, 1.75, 4, -2
441 -> 278, -2, 1.75, 5, -1.5
441 -> 278, -2, 1.75, 4, -1.5
442 -> 278, -3, 0.75, 4, -1.5
442 -> 278, -3, 0.75, 3, -1.5
442 -> 278, -3, 0.75, 5, -1
442 -> 278, -3, 0.75, 4, -1
442 -> 278, -1, 0.25, 1, -0.5
442 -> 278, -1, 0.75, 4, -1
442 -> 278, -2, 1.25, 1, -2
442 -> 278, -1, 0.75, 5, -1
443 -> 278, -5, 0.75, 2, -1
443 -> 278, -4, 0.75, 4, -1
443 -> 278, -4, 0.75, 5, -1
444 -> 278, -1, 0.75, 1, -2
444 -> 278, -1, 1.25, 2, -2
444 -> 278, -1, 1.25, 1, -2
444 -> 278, -5, 0.25, 4, -1
445 -> 278, -1, 1.75, 5, -0.5
445 -> 278, -4, 0.75, 5, -1.5
446 -> 278, -1, 0.75, 2, -0.5
447 -> 278, -2, 0.75, 3, -1.5
447 -> 278, -5, 0.25, 2, -2
447 -> 278, -3, 0.75, 1, -1.5
447 -> 278, -2, 0.75, 2, -1.5
447 -> 278, -2, 0.75, 1, -1.5
447 -> 278, -5, 0.25, 1, -2
447 -> 278, -2, 0.75, 4, -1.5
447 -> 278, -4, 1.25, 1, -1.5
447 -> 278, -3, 0.75, 2, -1.5
448 -> 278, -4, 1.75, 4, -1.5
448 -> 278, -4, 1.75, 2, -1.5
448 -> 278, -4, 1.75, 5, -1.5
448 -> 278, -4, 1.75, 1, -1.5
448 -> 278, -1, 1.25, 1, -1
448 -> 278, -4, 1.75, 3, -1.5
449 -> 278, -4, 1.25, 2, -2
449 -> 278, -3, 0.75, 5, -0.5
449 -> 278, -2, 1.25, 1, -1
449 -> 278, -4, 1.25, 1, -2
449 -> 278, -2, 1.25, 4, -1
449 -> 278, -2, 1.25, 2, -1
449 -> 278, -2, 1.25, 3, -1
450 -> 278, -2, 1.25, 2, -0.5
450 -> 278, -3, 0.75, 1, -1
450 -> 278, -2, 1.25, 3, -0.5
450 -> 278, -3, 0.75, 2, -1
452 -> 278, -2, 1.25, 4, -1.5
453 -> 278, -4, 0.25, 3, -0.5
453 -> 278, -1, 1.25, 1, -1.5
453 -> 278, -1, 0.25, 2, -0.5
453 -> 278, -2, 1.75, 2, -2
453 -> 278, -2, 1.75, 3, -2
454 -> 278, -4, 1.75, 3, -1
455 -> 278, -2, 1.25, 5, -1
455 -> 278, -3, 1.75, 4, -1
455 -> 278, -3, 1.75, 5, -1
457 -> 278, -5, 0.75, 3, -1
457 -> 278, -3, 1.25, 1, -1.5
457 -> 278, -3, 0.25, 3, -0.5
457 -> 278, -4, 1.75, 3, -2
457 -> 278, -2, 1.75, 4, -0.5
457 -> 278, -4, 1.75, 2, -2
457 -> 278, -3, 0.25, 5, -0.5
457 -> 278, -3, 0.25, 4, -0.5
462 -> 278, -5, 1.75, 3, -1.5
462 -> 278, -5, 1.75, 4, -1.5
464 -> 278, -5, 1.25, 4, -0.5
464 -> 278, -5, 1.25, 5, -0.5
465 -> 278, -2, 1.25, 2, -1.5
465 -> 278, -2, 1.25, 1, -1.5
465 -> 278, -3, 1.25, 5, -2
465 -> 278, -3, 1.25, 4, -2
466 -> 278, -4, 0.75, 3, -1.5
466 -> 278, -2, 1.75, 5, -0.5
466 -> 278, -4, 0.75, 4, -1.5
466 -> 278, -3, 0.25, 2, -0.5
466 -> 278, -4, 0.75, 2, -1.5
467 -> 278, -4, 0.75, 1, -0.5
467 -> 278, -2, 1.75, 5, -2
467 -> 278, -4, 0.75, 2, -0.5
467 -> 278, -4, 0.25, 5, -2
467 -> 278, -2, 0.75, 5, -1.5
467 -> 278, -2, 1.75, 4, -2
468 -> 278, -3, 1.25, 3, -2
468 -> 278, -2, 1.25, 5, -1.5
468 -> 278, -1, 1.25, 3, -1
468 -> 278, -1, 1.25, 4, -1
468 -> 278, -1, 1.25, 5, -1
469 -> 278, -4, 0.75, 1, -1
469 -> 278, -4, 0.75, 2, -1
469 -> 278, -3, 0.75, 3, -1
469 -> 278, -5, 0.25, 3, -2
470 -> 278, -1, 0.75, 4, -2
471 -> 278, -3, 0.25, 1, -2
471 -> 278, -3, 0.75, 4, -0.5
472 -> 278, -5, 1.25, 4, -2
472 -> 278, -5, 1.25, 4, -1.5
472 -> 278, -5, 1.25, 5, -1.5
472 -> 278, -5, 1.25, 5, -2
472 -> 278, -2, 0.25, 1, -0.5
472 -> 278, -2, 0.25, 2, -0.5
473 -> 278, -1, 0.25, 4, -2
473 -> 278, -4, 0.25, 4, -2
473 -> 278, -1, 0.25, 3, -2
473 -> 278, -1, 0.25, 2, -2
473 -> 278, -1, 0.25, 5, -2
473 -> 278, -1, 0.25, 1, -2
473 -> 278, -4, 0.25, 2, -2
473 -> 278, -4, 0.25, 3, -2
473 -> 278, -4, 0.25, 1, -2
473 -> 278, -2, 1.75, 1, -2
475 -> 278, -3, 1.25, 2, -2
475 -> 278, -3, 1.25, 1, -2
476 -> 278, -4, 1.25, 3, -2
476 -> 278, -4, 1.25, 4, -2
476 -> 278, -4, 1.25, 5, -2
477 -> 278, -2, 0.25, 3, -1
477 -> 278, -2, 0.25, 5, -1
477 -> 278, -2, 0.25, 4, -1
478 -> 278, -1, 0.25, 4, -1
478 -> 278, -1, 0.25, 1, -1
478 -> 278, -5, 0.25, 3, -1
478 -> 278, -1, 0.25, 2, -1
478 -> 278, -1, 0.25, 3, -1
479 -> 278, -5, 0.75, 4, -2
479 -> 278, -5, 0.75, 5, -2
480 -> 278, -3, 1.75, 4, -2
480 -> 278, -3, 1.75, 3, -2
480 -> 278, -3, 1.75, 2, -2
480 -> 278, -3, 1.75, 1, -2
480 -> 278, -3, 1.75, 5, -2
481 -> 278, -4, 0.75, 5, -2
482 -> 278, -5, 1.25, 2, -1.5
482 -> 278, -5, 1.25, 1, -1.5
482 -> 278, -5, 0.25, 2, -1
482 -> 278, -5, 0.25, 1, -1
482 -> 278, -5, 1.25, 3, -1.5
483 -> 278, -5, 0.25, 5, -1
483 -> 278, -3, 0.25, 1, -1.5
483 -> 278, -3, 0.25, 3, -1.5
483 -> 278, -5, 0.75, 3, -1.5
483 -> 278, -5, 0.75, 2, -1.5
483 -> 278, -5, 1.75, 5, -1
483 -> 278, -3, 0.25, 4, -1.5
483 -> 278, -3, 0.25, 2, -1.5
483 -> 278, -5, 0.75, 5, -1.5
483 -> 278, -5, 0.75, 4, -1.5
485 -> 278, -3, 0.75, 2, -0.5
487 -> 278, -3, 1.75, 1, -0.5
487 -> 278, -5, 1.75, 1, -0.5
487 -> 278, -5, 1.75, 3, -0.5
487 -> 278, -5, 1.75, 4, -0.5
487 -> 278, -5, 1.75, 5, -0.5
487 -> 278, -5, 1.75, 2, -0.5
488 -> 278, -5, 1.25, 2, -2
488 -> 278, -5, 1.25, 3, -2
489 -> 278, -3, 0.25, 4, -1
489 -> 278, -3, 0.25, 3, -1
489 -> 278, -3, 0.25, 1, -1
489 -> 278, -3, 0.25, 2, -1
489 -> 278, -3, 0.25, 5, -1
491 -> 278, -5, 0.75, 1, -1.5
492 -> 278, -3, 0.25, 1, -0.5
493 -> 278, -2, 1.25, 5, -0.5
495 -> 278, -1, 0.25, 4, -0.5
495 -> 278, -1, 0.25, 3, -0.5
495 -> 278, -2, 0.75, 1, -0.5
495 -> 278, -2, 0.75, 2, -0.5
495 -> 278, -1, 0.25, 5, -0.5
496 -> 278, -3, 0.25, 5, -1.5
496 -> 278, -2, 1.25, 4, -0.5
498 -> 278, -4, 1.75, 2, -0.5
498 -> 278, -4, 1.75, 1, -0.5
498 -> 278, -4, 1.75, 3, -0.5
498 -> 278, -4, 1.75, 4, -0.5
498 -> 278, -2, 0.25, 5, -0.5
498 -> 278, -4, 1.75, 5, -0.5
499 -> 278, -1, 0.75, 3, -1.5
499 -> 278, -1, 0.75, 1, -1.5
499 -> 278, -1, 0.75, 2, -1.5
499 -> 278, -1, 0.75, 4, -1.5
499 -> 278, -1, 0.75, 5, -1.5
499 -> 278, -2, 0.25, 4, -0.5
500 -> 278, -2, 0.25, 3, -2
500 -> 278, -2, 0.25, 2, -2
500 -> 278, -2, 0.25, 1, -2
500 -> 278, -2, 0.25, 4, -2
502 -> 278, -3, 0.75, 1, -0.5
505 -> 278, -2, 0.25, 3, -1.5
505 -> 278, -2, 0.25, 2, -1.5
505 -> 278, -2, 0.25, 4, -1.5
505 -> 278, -2, 0.25, 5, -1.5
505 -> 278, -2, 0.25, 5, -2
505 -> 278, -2, 0.25, 1, -1.5
506 -> 278, -3, 0.75, 3, -0.5
506 -> 278, -4, 0.25, 5, -0.5
507 -> 278, -1, 0.75, 2, -2
507 -> 278, -1, 0.75, 3, -2
507 -> 278, -4, 0.75, 3, -1
507 -> 278, -2, 0.25, 1, -1
507 -> 278, -2, 0.25, 2, -1
509 -> 278, -5, 1.25, 1, -2
509 -> 278, -4, 0.75, 4, -2
510 -> 278, -4, 0.25, 2, -1.5
515 -> 278, -5, 1.75, 4, -1
517 -> 278, -5, 0.75, 2, -2
517 -> 278, -5, 0.75, 1, -2
517 -> 278, -5, 0.75, 3, -2
519 -> 278, -4, 1.25, 5, -1
519 -> 278, -4, 0.25, 1, -1.5
523 -> 278, -1, 0.25, 5, -1.5
524 -> 278, -1, 0.25, 4, -1.5
527 -> 278, -2, 0.75, 5, -2
527 -> 278, -2, 0.75, 2, -2
527 -> 278, -2, 0.75, 3, -2
527 -> 278, -2, 0.75, 4, -2
527 -> 278, -2, 0.75, 1, -2
535 -> 278, -5, 0.75, 2, -0.5
535 -> 278, -5, 0.25, 5, -0.5
535 -> 278, -5, 0.75, 1, -0.5
535 -> 278, -5, 0.75, 3, -0.5
536 -> 278, -5, 1.25, 5, -1
538 -> 278, -5, 1.25, 4, -1
538 -> 278, -5, 1.25, 3, -1
538 -> 278, -5, 1.25, 2, -1
539 -> 278, -2, 0.25, 3, -0.5
544 -> 278, -5, 1.25, 3, -0.5
544 -> 278, -5, 0.75, 5, -0.5
545 -> 278, -5, 0.75, 4, -1
545 -> 278, -4, 0.75, 1, -2
545 -> 278, -5, 0.75, 5, -1
546 -> 278, -5, 1.25, 2, -0.5
546 -> 278, -5, 1.25, 1, -0.5
548 -> 278, -4, 0.25, 4, -1
548 -> 278, -4, 0.25, 3, -1
548 -> 278, -4, 0.25, 5, -1
550 -> 278, -4, 0.25, 1, -1
550 -> 278, -4, 0.25, 2, -1
553 -> 278, -5, 1.25, 1, -1
553 -> 278, -4, 0.25, 2, -0.5
553 -> 278, -4, 0.25, 1, -0.5
554 -> 278, -5, 0.25, 4, -0.5
567 -> 278, -5, 0.75, 4, -0.5
571 -> 278, -4, 1.25, 4, -1
571 -> 278, -4, 1.25, 1, -1
571 -> 278, -4, 1.25, 2, -1
571 -> 278, -4, 1.25, 3, -1
579 -> 278, -3, 1.25, 2, -0.5
579 -> 278, -3, 1.25, 1, -0.5
579 -> 278, -3, 1.25, 3, -0.5
579 -> 278, -3, 1.25, 5, -0.5
579 -> 278, -3, 1.25, 4, -0.5
605 -> 278, -5, 0.25, 2, -0.5
605 -> 278, -5, 0.25, 3, -0.5
609 -> 278, -5, 0.25, 1, -0.5
615 -> 278, -5, 1.75, 2, -1
615 -> 278, -5, 1.75, 1, -1
654 -> 278, -4, 1.25, 3, -0.5
654 -> 278, -4, 1.25, 5, -0.5
654 -> 278, -4, 1.25, 4, -0.5
654 -> 278, -4, 1.25, 1, -0.5
654 -> 278, -4, 1.25, 2, -0.5
665 -> 278, -4, 0.75, 5, -0.5
665 -> 278, -4, 0.75, 4, -0.5
