332 -> 429, -5, 1.75, 5, -0.5
334 -> 429, -4, 1.75, 5, -0.5
341 -> 429, -3, 1.25, 2, -0.5
345 -> 429, -3, 1.25, 4, -0.5
345 -> 429, -3, 0.75, 5, -0.5
348 -> 429, -5, 1.75, 4, -1
348 -> 429, -5, 1.75, 5, -1
351 -> 429, -3, 1.25, 5, -0.5
361 -> 429, -2, 1.75, 4, -0.5
371 -> 429, -1, 1.75, 1, -0.5
373 -> 429, -5, 1.75, 2, -1
374 -> 429, -4, 1.25, 5, -0.5
376 -> 429, -5, 1.25, 3, -1
377 -> 429, -5, 1.75, 4, -2
377 -> 429, -3, 1.25, 3, -0.5
378 -> 429, -2, 0.75, 2, -0.5
378 -> 429, -5, 1.25, 5, -1
378 -> 429, -1, 1.25, 1, -1
379 -> 429, -5, 1.75, 1, -1
380 -> 429, -5, 1.25, 3, -2
381 -> 429, -3, 1.25, 2, -1.5
387 -> 429, -1, 1.75, 3, -0.5
388 -> 429, -2, 0.75, 3, -1
388 -> 429, -2, 1.75, 2, -0.5
388 -> 429, -2, 1.75, 1, -0.5
389 -> 429, -1, 1.25, 5, -0.5
389 -> 429, -2, 0.75, 4, -0.5
391 -> 429, -4, 1.75, 3, -0.5
392 -> 429, -2, 1.75, 3, -0.5
392 -> 429, -1, 1.75, 1, -2
393 -> 429, -5, 1.25, 1, -1.5
394 -> 429, -5, 1.25, 2, -1
395 -> 429, -1, 1.75, 2, -1
395 -> 429, -2, 0.75, 1, -0.5
400 -> 429, -5, 1.25, 2, -0.5
400 -> 429, -3, 1.25, 1, -1
400 -> 429, -1, 1.75, 4, -0.5
400 -> 429, -5, 1.25, 4, -1
402 -> 429, -2, 0.75, 3, -0.5
403 -> 429, -1, 1.75, 4, -1
403 -> 429, -5, 1.25, 1, -0.5
403 -> 429, -2, 1.75, 4, -1.5
404 -> 429, -2, 1.25, 4, -0.5
404 -> 429, -2, 1.25, 5, -0.5
406 -> 429, -4, 1.75, 3, -1
406 -> 429, -4, 1.75, 3, -2
406 -> 429, -4, 1.25, 2, -2
407 -> 429, -5, 1.75, 3, -0.5
407 -> 429, -1, 1.75, 5, -0.5
407 -> 429, -4, 1.75, 1, -1.5
407 -> 429, -5, 1.75, 2, -0.5
409 -> 429, -5, 1.25, 5, -0.5
411 -> 429, -4, 1.75, 2, -0.5
411 -> 429, -2, 1.75, 5, -1.5
411 -> 429, -2, 1.75, 3, -1.5
413 -> 429, -3, 1.25, 4, -1.5
415 -> 429, -5, 1.75, 1, -1.5
415 -> 429, -5, 1.75, 2, -1.5
415 -> 429, -3, 1.25, 5, -1.5
415 -> 429, -5, 1.75, 4, -1.5
415 -> 429, -4, 0.75, 5, -2
415 -> 429, -5, 1.75, 5, -1.5
415 -> 429, -5, 1.75, 3, -1.5
416 -> 429, -2, 1.75, 2, -1.5
416 -> 429, -1, 1.25, 2, -1
417 -> 429, -1, 1.25, 3, -1
417 -> 429, -1, 1.75, 3, -1
417 -> 429, -1, 1.25, 4, -1
418 -> 429, -4, 1.75, 3, -1.5
418 -> 429, -3, 1.75, 1, -1
418 -> 429, -2, 0.25, 2, -0.5
418 -> 429, -4, 0.25, 5, -0.5
418 -> 429, -4, 1.75, 2, -1.5
419 -> 429, -2, 1.25, 5, -2
419 -> 429, -3, 1.25, 2, -1
421 -> 429, -3, 1.75, 1, -0.5
421 -> 429, -4, 0.25, 4, -0.5
421 -> 429, -1, 0.25, 5, -0.5
422 -> 429, -2, 0.25, 3, -0.5
422 -> 429, -2, 0.25, 4, -0.5
422 -> 429, -4, 1.25, 4, -0.5
423 -> 429, -5, 1.25, 4, -1.5
423 -> 429, -1, 1.75, 1, -1
423 -> 429, -2, 0.25, 5, -0.5
424 -> 429, -1, 0.75, 3, -0.5
424 -> 429, -1, 0.75, 2, -0.5
424 -> 429, -2, 1.75, 5, -1
424 -> 429, -3, 0.75, 4, -1
425 -> 429, -1, 1.75, 2, -0.5
426 -> 429, -2, 1.25, 1, -1
426 -> 429, -2, 1.75, 5, -2
426 -> 429, -5, 1.25, 2, -1.5
426 -> 429, -5, 1.25, 3, -1.5
428 -> 429, -4, 0.75, 4, -1.5
428 -> 429, -4, 0.75, 3, -1.5
428 -> 429, -4, 0.75, 5, -1.5
428 -> 429, -4, 0.75, 2, -1.5
429 -> 429, -5, 1.25, 5, -1.5
429 -> 429, -4, 1.75, 1, -0.5
429 -> 429, -1, 1.25, 5, -1
430 -> 429, -4, 1.75, 1, -1
431 -> 429, -1, 0.75, 4, -0.5
431 -> 429, -5, 1.25, 3, -0.5
431 -> 429, -5, 1.25, 4, -0.5
432 -> 429, -1, 1.75, 5, -1
432 -> 429, -3, 1.75, 3, -1
432 -> 429, -3, 1.75, 4, -1
432 -> 429, -3, 1.75, 2, -1
433 -> 429, -3, 0.25, 1, -1
433 -> 429, -2, 0.75, 2, -1
433 -> 429, -2, 0.25, 3, -2
433 -> 429, -2, 0.25, 4, -2
433 -> 429, -2, 0.25, 2, -2
433 -> 429, -2, 0.25, 5, -2
434 -> 429, -4, 1.75, 4, -1
434 -> 429, -1, 1.25, 1, -0.5
434 -> 429, -2, 1.25, 1, -0.5
435 -> 429, -5, 1.75, 5, -2
436 -> 429, -3, 1.75, 2, -0.5
436 -> 429, -3, 1.25, 1, -0.5
437 -> 429, -3, 0.75, 3, -1
438 -> 429, -1, 0.75, 5, -0.5
438 -> 429, -5, 0.25, 5, -0.5
438 -> 429, -3, 0.75, 1, -0.5
439 -> 429, -1, 0.25, 3, -1
439 -> 429, -1, 0.25, 4, -1
439 -> 429, -4, 0.75, 1, -1.5
439 -> 429, -3, 1.75, 3, -1.5
440 -> 429, -1, 1.25, 2, -1.5
440 -> 429, -5, 1.75, 2, -2
440 -> 429, -2, 1.75, 1, -2
440 -> 429, -5, 1.75, 3, -2
440 -> 429, -5, 1.75, 1, -2
441 -> 429, -2, 1.25, 5, -1
441 -> 429, -2, 1.25, 4, -1
441 -> 429, -2, 1.25, 3, -1
441 -> 429, -2, 1.25, 2, -1
442 -> 429, -1, 0.75, 1, -1
442 -> 429, -1, 1.25, 4, -0.5
443 -> 429, -3, 0.25, 4, -0.5
443 -> 429, -3, 1.75, 5, -2
443 -> 429, -2, 1.75, 1, -1.5
443 -> 429, -4, 1.25, 1, -2
443 -> 429, -1, 0.75, 1, -0.5
443 -> 429, -3, 0.25, 3, -0.5
443 -> 429, -2, 1.25, 3, -0.5
443 -> 429, -3, 0.25, 2, -0.5
443 -> 429, -1, 1.75, 5, -2
443 -> 429, -2, 1.25, 2, -0.5
444 -> 429, -3, 0.75, 2, -1
445 -> 429, -1, 0.75, 5, -1
445 -> 429, -1, 0.75, 3, -1
445 -> 429, -1, 0.75, 2, -1
445 -> 429, -1, 0.75, 4, -1
446 -> 429, -1, 1.75, 4, -2
446 -> 429, -4, 1.25, 4, -2
446 -> 429, -1, 1.75, 3, -2
446 -> 429, -1, 1.75, 2, -2
446 -> 429, -1, 0.25, 1, -1.5
446 -> 429, -4, 1.25, 3, -2
448 -> 429, -2, 0.75, 1, -1
448 -> 429, -5, 0.25, 4, -1
448 -> 429, -3, 1.75, 2, -1.5
448 -> 429, -3, 1.75, 1, -1.5
448 -> 429, -5, 0.25, 5, -1
449 -> 429, -2, 1.75, 3, -2
449 -> 429, -2, 1.25, 2, -1.5
449 -> 429, -2, 1.75, 2, -2
449 -> 429, -2, 1.75, 4, -2
450 -> 429, -1, 1.75, 1, -1.5
451 -> 429, -2, 1.75, 5, -0.5
451 -> 429, -3, 1.25, 3, -1.5
451 -> 429, -2, 0.75, 5, -0.5
451 -> 429, -3, 0.25, 1, -0.5
452 -> 429, -5, 0.75, 1, -2
452 -> 429, -1, 0.25, 5, -1
452 -> 429, -2, 1.25, 5, -1.5
453 -> 429, -1, 1.25, 4, -2
453 -> 429, -1, 1.25, 3, -2
453 -> 429, -1, 1.25, 5, -2
454 -> 429, -5, 1.75, 1, -0.5
454 -> 429, -5, 0.75, 5, -1
455 -> 429, -3, 0.25, 2, -1.5
455 -> 429, -3, 0.25, 4, -1.5
455 -> 429, -4, 1.75, 4, -1.5
455 -> 429, -3, 0.25, 3, -1.5
455 -> 429, -4, 1.75, 5, -1.5
455 -> 429, -3, 0.25, 5, -1.5
456 -> 429, -5, 0.25, 3, -1
456 -> 429, -5, 0.75, 3, -1
456 -> 429, -5, 0.75, 2, -1
456 -> 429, -5, 0.75, 1, -1
456 -> 429, -5, 0.75, 4, -1
458 -> 429, -1, 1.25, 1, -1.5
458 -> 429, -4, 1.25, 5, -1
458 -> 429, -2, 1.25, 2, -2
458 -> 429, -4, 0.25, 1, -0.5
458 -> 429, -4, 1.25, 4, -1
458 -> 429, -4, 1.25, 2, -1
458 -> 429, -5, 0.25, 2, -1
458 -> 429, -4, 1.25, 3, -1
460 -> 429, -4, 0.75, 5, -1
460 -> 429, -1, 1.25, 3, -1.5
460 -> 429, -4, 0.75, 4, -1
460 -> 429, -1, 1.25, 4, -1.5
460 -> 429, -2, 0.75, 5, -1
460 -> 429, -1, 1.25, 5, -1.5
460 -> 429, -2, 0.75, 4, -1
460 -> 429, -4, 0.75, 3, -1
460 -> 429, -4, 0.25, 5, -2
461 -> 429, -3, 0.75, 1, -1.5
462 -> 429, -1, 1.25, 3, -0.5
462 -> 429, -5, 1.25, 1, -1
462 -> 429, -1, 1.25, 2, -0.5
462 -> 429, -4, 0.25, 3, -0.5
462 -> 429, -2, 1.75, 1, -1
463 -> 429, -4, 1.25, 1, -0.5
463 -> 429, -2, 1.25, 3, -2
463 -> 429, -2, 1.25, 4, -2
463 -> 429, -3, 0.75, 2, -2
463 -> 429, -4, 1.75, 2, -1
464 -> 429, -5, 1.25, 2, -2
464 -> 429, -5, 1.25, 1, -2
465 -> 429, -1, 0.75, 2, -1.5
465 -> 429, -1, 0.75, 3, -1.5
465 -> 429, -4, 1.25, 5, -2
465 -> 429, -1, 0.75, 4, -1.5
465 -> 429, -3, 1.25, 1, -2
465 -> 429, -1, 0.75, 5, -1.5
465 -> 429, -4, 1.75, 1, -2
467 -> 429, -4, 1.25, 1, -1.5
467 -> 429, -3, 1.25, 4, -2
467 -> 429, -4, 1.25, 2, -1.5
467 -> 429, -4, 1.25, 3, -1.5
467 -> 429, -4, 1.25, 5, -1.5
467 -> 429, -3, 1.25, 5, -2
467 -> 429, -3, 1.25, 2, -2
467 -> 429, -3, 1.25, 3, -2
467 -> 429, -4, 1.25, 4, -1.5
468 -> 429, -1, 0.25, 5, -2
468 -> 429, -2, 0.25, 1, -0.5
468 -> 429, -1, 0.25, 4, -2
468 -> 429, -1, 0.25, 3, -2
468 -> 429, -1, 0.25, 2, -2
468 -> 429, -4, 1.75, 2, -2
468 -> 429, -1, 0.25, 1, -2
468 -> 429, -3, 1.25, 1, -1.5
469 -> 429, -1, 1.25, 2, -2
469 -> 429, -1, 1.25, 1, -2
469 -> 429, -3, 0.25, 2, -1
469 -> 429, -2, 0.75, 1, -1.5
470 -> 429, -4, 0.75, 3, -0.5
470 -> 429, -4, 0.75, 1, -0.5
470 -> 429, -4, 0.75, 4, -0.5
470 -> 429, -3, 0.75, 1, -1
470 -> 429, -4, 0.75, 5, -0.5
470 -> 429, -4, 0.75, 2, -0.5
473 -> 429, -3, 0.75, 5, -1
473 -> 429, -4, 1.25, 1, -1
473 -> 429, -3, 0.75, 4, -0.5
473 -> 429, -3, 0.75, 3, -0.5
476 -> 429, -4, 1.75, 4, -2
476 -> 429, -5, 0.25, 4, -0.5
476 -> 429, -5, 0.25, 3, -0.5
476 -> 429, -1, 0.25, 1, -0.5
476 -> 429, -3, 0.75, 5, -1.5
476 -> 429, -3, 0.75, 3, -1.5
476 -> 429, -3, 0.75, 2, -1.5
476 -> 429, -3, 0.25, 1, -1.5
476 -> 429, -3, 0.75, 4, -1.5
476 -> 429, -2, 1.25, 3, -1.5
477 -> 429, -4, 0.25, 1, -1.5
478 -> 429, -4, 0.75, 2, -1
478 -> 429, -1, 0.75, 1, -1.5
479 -> 429, -1, 0.25, 4, -0.5
479 -> 429, -1, 0.25, 2, -0.5
479 -> 429, -1, 0.25, 3, -0.5
480 -> 429, -5, 0.75, 5, -2
480 -> 429, -5, 0.75, 4, -2
480 -> 429, -5, 0.75, 3, -2
480 -> 429, -5, 0.75, 2, -2
481 -> 429, -3, 1.75, 3, -0.5
481 -> 429, -3, 1.75, 4, -0.5
481 -> 429, -3, 1.75, 5, -1
481 -> 429, -3, 0.75, 2, -0.5
483 -> 429, -3, 1.75, 1, -2
483 -> 429, -3, 1.75, 2, -2
483 -> 429, -3, 1.75, 3, -2
483 -> 429, -3, 1.75, 4, -2
483 -> 429, -5, 0.25, 4, -1.5
483 -> 429, -2, 0.25, 2, -1
483 -> 429, -5, 0.25, 5, -1.5
484 -> 429, -3, 1.75, 4, -1.5
484 -> 429, -1, 1.75, 2, -1.5
486 -> 429, -2, 0.75, 2, -1.5
486 -> 429, -2, 1.75, 4, -1
486 -> 429, -2, 1.75, 3, -1
486 -> 429, -2, 0.75, 5, -1.5
486 -> 429, -2, 0.75, 4, -1.5
486 -> 429, -3, 0.75, 1, -2
486 -> 429, -2, 0.75, 3, -1.5
486 -> 429, -2, 1.75, 2, -1
487 -> 429, -4, 0.25, 3, -1.5
487 -> 429, -4, 0.25, 4, -1.5
487 -> 429, -1, 1.75, 4, -1.5
487 -> 429, -1, 1.75, 3, -1.5
487 -> 429, -5, 1.75, 3, -1
487 -> 429, -5, 0.25, 2, -0.5
487 -> 429, -4, 0.25, 5, -1.5
487 -> 429, -4, 0.25, 2, -1.5
488 -> 429, -2, 1.25, 1, -2
488 -> 429, -3, 0.25, 5, -0.5
488 -> 429, -5, 0.25, 1, -0.5
488 -> 429, -3, 0.25, 3, -1
489 -> 429, -2, 0.75, 1, -2
489 -> 429, -2, 0.75, 4, -2
489 -> 429, -2, 0.75, 3, -2
489 -> 429, -4, 0.75, 1, -1
489 -> 429, -2, 0.75, 2, -2
489 -> 429, -2, 0.75, 5, -2
491 -> 429, -1, 0.25, 4, -1.5
491 -> 429, -3, 0.25, 1, -2
491 -> 429, -1, 0.25, 5, -1.5
491 -> 429, -3, 0.25, 2, -2
491 -> 429, -3, 0.25, 4, -1
492 -> 429, -2, 0.25, 1, -1.5
492 -> 429, -2, 0.25, 2, -1.5
492 -> 429, -2, 1.25, 1, -1.5
492 -> 429, -2, 0.25, 3, -1.5
492 -> 429, -2, 0.25, 4, -1.5
492 -> 429, -2, 0.25, 5, -1.5
493 -> 429, -2, 0.25, 1, -1
493 -> 429, -4, 1.75, 4, -0.5
494 -> 429, -5, 1.25, 5, -2
494 -> 429, -5, 1.25, 4, -2
494 -> 429, -3, 1.25, 3, -1
494 -> 429, -3, 1.25, 4, -1
494 -> 429, -3, 1.25, 5, -1
495 -> 429, -1, 0.25, 2, -1.5
495 -> 429, -1, 0.25, 3, -1.5
496 -> 429, -4, 0.25, 2, -0.5
497 -> 429, -2, 1.25, 4, -1.5
498 -> 429, -3, 0.25, 5, -1
502 -> 429, -5, 0.25, 2, -1.5
502 -> 429, -5, 0.25, 1, -1.5
502 -> 429, -5, 0.25, 3, -1.5
504 -> 429, -2, 0.25, 1, -2
505 -> 429, -1, 0.25, 1, -1
505 -> 429, -1, 0.25, 2, -1
507 -> 429, -1, 0.75, 5, -2
507 -> 429, -1, 0.75, 2, -2
507 -> 429, -4, 1.75, 5, -2
507 -> 429, -1, 0.75, 1, -2
507 -> 429, -1, 1.75, 5, -1.5
507 -> 429, -1, 0.75, 4, -2
507 -> 429, -1, 0.75, 3, -2
508 -> 429, -4, 0.75, 2, -2
508 -> 429, -4, 0.75, 4, -2
508 -> 429, -4, 0.75, 3, -2
508 -> 429, -3, 1.75, 5, -1.5
508 -> 429, -4, 0.75, 1, -2
512 -> 429, -5, 1.75, 4, -0.5
516 -> 429, -3, 0.25, 3, -2
516 -> 429, -3, 0.25, 5, -2
516 -> 429, -3, 0.25, 4, -2
518 -> 429, -3, 0.75, 5, -2
518 -> 429, -3, 0.75, 3, -2
518 -> 429, -3, 0.75, 4, -2
519 -> 429, -4, 0.25, 1, -1
519 -> 429, -4, 0.25, 2, -1
520 -> 429, -2, 0.25, 4, -1
520 -> 429, -2, 0.25, 3, -1
520 -> 429, -2, 0.25, 5, -1
530 -> 429, -5, 0.25, 1, -2
530 -> 429, -5, 0.25, 2, -2
530 -> 429, -5, 0.25, 3, -2
530 -> 429, -5, 0.25, 4, -2
530 -> 429, -5, 0.25, 5, -2
535 -> 429, -4, 0.25, 4, -1
535 -> 429, -4, 0.25, 3, -1
535 -> 429, -4, 0.25, 5, -1
540 -> 429, -5, 0.75, 3, -1.5
540 -> 429, -5, 0.75, 4, -1.5
540 -> 429, -5, 0.75, 5, -1.5
540 -> 429, -5, 0.75, 2, -1.5
540 -> 429, -5, 0.75, 1, -1.5
549 -> 429, -5, 0.75, 5, -0.5
549 -> 429, -5, 0.75, 4, -0.5
549 -> 429, -5, 0.75, 1, -0.5
549 -> 429, -5, 0.75, 3, -0.5
549 -> 429, -5, 0.75, 2, -0.5
552 -> 429, -4, 0.25, 2, -2
552 -> 429, -4, 0.25, 3, -2
552 -> 429, -4, 0.25, 1, -2
552 -> 429, -4, 0.25, 4, -2
566 -> 429, -5, 0.25, 1, -1
573 -> 429, -3, 1.75, 5, -0.5
580 -> 429, -4, 1.75, 5, -1
617 -> 429, -4, 1.25, 2, -0.5
617 -> 429, -4, 1.25, 3, -0.5
