292 -> 374, -3, 1.25, 3, -0.5
318 -> 374, -4, 1.25, 3, -0.5
328 -> 374, -3, 0.75, 4, -0.5
362 -> 374, -1, 1.25, 4, -1
372 -> 374, -4, 0.75, 4, -0.5
373 -> 374, -1, 1.25, 3, -1
375 -> 374, -1, 1.75, 2, -0.5
377 -> 374, -3, 1.75, 3, -2
377 -> 374, -3, 1.75, 2, -2
381 -> 374, -5, 1.25, 3, -0.5
383 -> 374, -2, 1.25, 5, -2
383 -> 374, -2, 1.25, 4, -2
387 -> 374, -4, 1.25, 2, -0.5
388 -> 374, -5, 1.25, 5, -0.5
389 -> 374, -1, 1.75, 1, -0.5
390 -> 374, -2, 1.25, 3, -1
391 -> 374, -2, 1.75, 2, -0.5
392 -> 374, -2, 1.25, 1, -1
395 -> 374, -5, 1.75, 2, -0.5
395 -> 374, -1, 0.75, 2, -1.5
395 -> 374, -1, 0.75, 3, -1.5
395 -> 374, -2, 1.25, 4, -1.5
397 -> 374, -2, 1.25, 2, -1.5
397 -> 374, -3, 1.75, 4, -1
397 -> 374, -4, 1.75, 1, -1
397 -> 374, -4, 1.75, 2, -1
399 -> 374, -4, 1.25, 4, -0.5
399 -> 374, -3, 1.25, 4, -0.5
400 -> 374, -2, 0.25, 3, -0.5
400 -> 374, -1, 0.25, 1, -0.5
400 -> 374, -3, 0.75, 3, -1.5
400 -> 374, -3, 0.75, 4, -1.5
400 -> 374, -3, 0.75, 5, -1.5
400 -> 374, -3, 1.75, 5, -1
401 -> 374, -5, 1.75, 1, -2
403 -> 374, -3, 1.25, 1, -1.5
403 -> 374, -3, 1.25, 2, -1.5
403 -> 374, -5, 1.75, 5, -0.5
404 -> 374, -4, 1.75, 2, -2
404 -> 374, -3, 0.75, 2, -2
404 -> 374, -4, 1.75, 3, -2
404 -> 374, -3, 0.75, 3, -2
404 -> 374, -1, 1.25, 2, -1.5
404 -> 374, -4, 1.75, 4, -2
405 -> 374, -2, 0.75, 4, -0.5
405 -> 374, -5, 1.25, 1, -1.5
406 -> 374, -3, 1.25, 4, -1.5
406 -> 374, -1, 1.75, 1, -1.5
406 -> 374, -2, 1.75, 1, -0.5
407 -> 374, -4, 0.75, 3, -0.5
407 -> 374, -1, 1.25, 5, -0.5
407 -> 374, -3, 1.75, 5, -2
408 -> 374, -5, 1.25, 4, -0.5
408 -> 374, -5, 0.25, 2, -0.5
408 -> 374, -2, 1.75, 1, -1.5
409 -> 374, -1, 0.75, 1, -1
410 -> 374, -4, 0.75, 1, -0.5
410 -> 374, -4, 0.75, 2, -0.5
410 -> 374, -5, 1.75, 3, -1.5
410 -> 374, -3, 0.75, 3, -0.5
411 -> 374, -5, 1.25, 1, -1
411 -> 374, -4, 0.75, 3, -1
411 -> 374, -4, 0.75, 4, -1
412 -> 374, -3, 1.25, 3, -2
412 -> 374, -3, 1.25, 5, -1
413 -> 374, -5, 0.75, 4, -1.5
413 -> 374, -1, 1.75, 5, -1
413 -> 374, -1, 1.75, 4, -1
413 -> 374, -5, 0.25, 1, -0.5
413 -> 374, -2, 1.25, 4, -1
413 -> 374, -2, 1.25, 5, -1
415 -> 374, -2, 0.75, 2, -1.5
415 -> 374, -4, 1.25, 3, -1
415 -> 374, -2, 1.25, 2, -1
415 -> 374, -3, 1.25, 2, -1
418 -> 374, -3, 1.25, 4, -2
418 -> 374, -1, 0.25, 3, -1.5
418 -> 374, -1, 0.75, 5, -2
418 -> 374, -1, 0.75, 4, -2
419 -> 374, -1, 0.25, 2, -0.5
419 -> 374, -1, 0.25, 2, -1.5
419 -> 374, -1, 1.75, 3, -0.5
419 -> 374, -4, 1.75, 4, -1.5
419 -> 374, -2, 1.25, 3, -1.5
419 -> 374, -1, 1.75, 4, -0.5
419 -> 374, -3, 1.75, 1, -1.5
421 -> 374, -1, 1.25, 1, -0.5
422 -> 374, -2, 1.25, 5, -1.5
423 -> 374, -2, 0.75, 5, -1.5
423 -> 374, -1, 1.25, 2, -2
424 -> 374, -1, 0.75, 1, -1.5
424 -> 374, -1, 1.75, 5, -0.5
425 -> 374, -3, 1.75, 1, -1
425 -> 374, -5, 1.75, 5, -1.5
425 -> 374, -3, 1.75, 5, -1.5
425 -> 374, -3, 1.25, 5, -1.5
425 -> 374, -3, 1.75, 4, -1.5
425 -> 374, -5, 1.75, 4, -1.5
426 -> 374, -3, 1.25, 3, -1
427 -> 374, -1, 0.75, 5, -0.5
427 -> 374, -1, 0.75, 4, -0.5
427 -> 374, -4, 0.75, 4, -2
427 -> 374, -4, 1.75, 5, -2
427 -> 374, -3, 0.75, 1, -2
427 -> 374, -5, 1.25, 2, -0.5
428 -> 374, -1, 1.75, 3, -1.5
428 -> 374, -3, 1.25, 3, -1.5
428 -> 374, -1, 1.75, 2, -1.5
428 -> 374, -3, 1.25, 5, -2
428 -> 374, -1, 1.25, 1, -1
428 -> 374, -1, 1.75, 4, -1.5
429 -> 374, -5, 1.75, 1, -0.5
432 -> 374, -2, 0.25, 2, -1
432 -> 374, -2, 0.25, 3, -1
432 -> 374, -2, 0.25, 4, -1
433 -> 374, -3, 1.25, 5, -0.5
433 -> 374, -3, 1.75, 2, -1
433 -> 374, -5, 1.75, 1, -1.5
433 -> 374, -2, 1.75, 3, -2
433 -> 374, -2, 1.75, 2, -2
434 -> 374, -5, 1.25, 5, -2
434 -> 374, -2, 1.75, 5, -2
434 -> 374, -3, 1.75, 4, -2
434 -> 374, -2, 1.75, 4, -2
435 -> 374, -4, 0.75, 5, -1
436 -> 374, -5, 1.75, 4, -2
436 -> 374, -4, 1.25, 5, -0.5
436 -> 374, -5, 0.25, 5, -0.5
437 -> 374, -4, 1.25, 4, -1
437 -> 374, -3, 1.25, 2, -2
437 -> 374, -3, 0.25, 4, -2
438 -> 374, -1, 1.25, 5, -1
438 -> 374, -1, 1.25, 5, -2
438 -> 374, -4, 1.25, 5, -1
438 -> 374, -1, 1.25, 3, -2
438 -> 374, -1, 1.25, 4, -2
438 -> 374, -4, 0.75, 3, -2
439 -> 374, -5, 1.75, 3, -1
440 -> 374, -5, 0.25, 3, -0.5
440 -> 374, -4, 0.25, 4, -0.5
440 -> 374, -4, 1.25, 2, -1
440 -> 374, -4, 0.25, 3, -0.5
441 -> 374, -3, 1.75, 2, -1.5
441 -> 374, -3, 1.75, 1, -2
441 -> 374, -3, 0.25, 2, -1
441 -> 374, -2, 1.25, 1, -2
443 -> 374, -4, 1.75, 1, -2
443 -> 374, -2, 1.75, 1, -1
443 -> 374, -1, 0.75, 5, -1.5
443 -> 374, -5, 0.75, 3, -1.5
443 -> 374, -2, 1.75, 2, -1
443 -> 374, -5, 0.75, 2, -1.5
443 -> 374, -5, 0.75, 1, -1.5
443 -> 374, -4, 1.75, 4, -1
443 -> 374, -1, 0.75, 4, -1.5
443 -> 374, -4, 1.75, 3, -1
444 -> 374, -1, 0.25, 1, -1.5
444 -> 374, -5, 1.25, 2, -2
444 -> 374, -3, 1.75, 3, -1.5
445 -> 374, -1, 1.75, 5, -1.5
445 -> 374, -2, 0.75, 4, -1.5
445 -> 374, -5, 1.75, 3, -0.5
445 -> 374, -4, 1.75, 1, -1.5
445 -> 374, -3, 1.25, 1, -1
446 -> 374, -1, 1.25, 1, -1.5
446 -> 374, -5, 0.75, 1, -0.5
446 -> 374, -3, 0.75, 1, -1.5
446 -> 374, -5, 0.25, 4, -0.5
447 -> 374, -2, 0.75, 5, -0.5
447 -> 374, -4, 1.25, 1, -1.5
448 -> 374, -3, 1.25, 4, -1
449 -> 374, -3, 0.75, 2, -1.5
449 -> 374, -5, 0.75, 5, -1.5
449 -> 374, -4, 0.25, 3, -1
449 -> 374, -1, 1.75, 3, -2
450 -> 374, -2, 1.75, 2, -1.5
450 -> 374, -1, 1.25, 5, -1.5
450 -> 374, -5, 1.75, 3, -2
450 -> 374, -2, 1.75, 3, -1.5
450 -> 374, -4, 1.75, 5, -1
451 -> 374, -5, 0.75, 5, -0.5
451 -> 374, -3, 0.75, 5, -0.5
451 -> 374, -2, 0.75, 4, -1
451 -> 374, -5, 0.25, 1, -1
451 -> 374, -3, 1.25, 2, -0.5
451 -> 374, -2, 0.25, 1, -0.5
451 -> 374, -2, 0.75, 3, -1
451 -> 374, -2, 0.75, 2, -1
452 -> 374, -3, 0.75, 3, -1
452 -> 374, -1, 1.25, 1, -2
453 -> 374, -1, 0.25, 3, -0.5
453 -> 374, -1, 1.25, 4, -0.5
453 -> 374, -5, 0.75, 3, -0.5
453 -> 374, -1, 0.25, 4, -0.5
453 -> 374, -4, 0.25, 1, -0.5
453 -> 374, -5, 0.75, 4, -0.5
453 -> 374, -3, 0.25, 5, -2
453 -> 374, -3, 0.75, 2, -0.5
454 -> 374, -2, 1.75, 4, -1.5
454 -> 374, -2, 1.75, 5, -1.5
454 -> 374, -4, 0.25, 2, -1
454 -> 374, -4, 0.25, 3, -1.5
454 -> 374, -2, 0.25, 1, -1
455 -> 374, -3, 0.75, 1, -0.5
455 -> 374, -2, 1.25, 1, -1.5
456 -> 374, -1, 1.75, 3, -1
456 -> 374, -1, 0.75, 2, -2
456 -> 374, -5, 1.25, 1, -2
457 -> 374, -3, 1.25, 1, -2
458 -> 374, -1, 1.25, 2, -1
458 -> 374, -5, 1.25, 2, -1
458 -> 374, -2, 1.25, 1, -0.5
458 -> 374, -5, 1.75, 1, -1
458 -> 374, -5, 1.75, 2, -1
459 -> 374, -4, 1.75, 2, -1.5
459 -> 374, -1, 0.25, 5, -0.5
459 -> 374, -4, 0.75, 5, -0.5
459 -> 374, -4, 1.75, 3, -1.5
459 -> 374, -1, 0.75, 2, -1
460 -> 374, -1, 0.25, 3, -2
460 -> 374, -1, 0.25, 5, -2
460 -> 374, -1, 0.75, 1, -0.5
460 -> 374, -4, 1.75, 3, -0.5
460 -> 374, -1, 0.25, 2, -2
460 -> 374, -1, 0.25, 4, -2
461 -> 374, -4, 0.25, 5, -2
461 -> 374, -3, 0.25, 3, -1
461 -> 374, -1, 0.75, 1, -2
462 -> 374, -1, 1.25, 2, -0.5
462 -> 374, -2, 0.25, 3, -1.5
463 -> 374, -5, 0.25, 5, -1.5
463 -> 374, -5, 1.25, 3, -2
463 -> 374, -5, 0.25, 4, -1.5
463 -> 374, -5, 0.25, 3, -1.5
463 -> 374, -5, 0.25, 1, -1.5
463 -> 374, -4, 1.75, 2, -0.5
463 -> 374, -2, 1.75, 4, -1
463 -> 374, -2, 1.75, 3, -1
463 -> 374, -1, 1.75, 1, -2
463 -> 374, -5, 0.25, 2, -1.5
464 -> 374, -3, 0.75, 5, -2
464 -> 374, -2, 1.25, 5, -0.5
464 -> 374, -3, 0.25, 1, -1
464 -> 374, -2, 0.25, 4, -1.5
464 -> 374, -2, 0.25, 5, -0.5
464 -> 374, -1, 0.25, 5, -1.5
464 -> 374, -3, 1.75, 3, -1
464 -> 374, -1, 0.25, 4, -1.5
465 -> 374, -3, 0.75, 4, -1
466 -> 374, -3, 0.75, 1, -1
466 -> 374, -3, 0.25, 3, -0.5
467 -> 374, -5, 1.75, 2, -2
467 -> 374, -4, 1.25, 3, -2
467 -> 374, -4, 1.25, 2, -2
467 -> 374, -4, 1.25, 1, -2
467 -> 374, -2, 0.75, 1, -1.5
467 -> 374, -1, 0.25, 1, -2
468 -> 374, -1, 0.75, 3, -1
468 -> 374, -1, 0.75, 3, -2
469 -> 374, -1, 0.75, 4, -1
470 -> 374, -1, 1.75, 2, -2
470 -> 374, -4, 0.75, 5, -2
471 -> 374, -5, 0.75, 1, -1
471 -> 374, -5, 0.75, 3, -1
471 -> 374, -5, 0.75, 5, -2
471 -> 374, -5, 0.75, 2, -1
471 -> 374, -5, 0.75, 5, -1
471 -> 374, -5, 0.75, 4, -1
472 -> 374, -2, 1.25, 3, -2
472 -> 374, -4, 1.25, 4, -2
472 -> 374, -4, 1.25, 5, -2
472 -> 374, -3, 0.25, 4, -1
472 -> 374, -3, 1.75, 5, -0.5
472 -> 374, -2, 1.25, 2, -2
472 -> 374, -1, 1.25, 3, -0.5
472 -> 374, -3, 0.25, 5, -1
472 -> 374, -3, 1.75, 4, -0.5
473 -> 374, -1, 1.25, 3, -1.5
473 -> 374, -4, 0.25, 2, -1.5
473 -> 374, -1, 1.25, 4, -1.5
473 -> 374, -4, 0.25, 1, -1.5
474 -> 374, -2, 0.75, 3, -1.5
474 -> 374, -5, 0.75, 2, -0.5
474 -> 374, -5, 1.25, 4, -2
475 -> 374, -2, 0.25, 1, -1.5
475 -> 374, -2, 0.25, 2, -1.5
475 -> 374, -5, 1.75, 4, -1
476 -> 374, -2, 0.25, 5, -1.5
477 -> 374, -3, 1.75, 3, -0.5
478 -> 374, -4, 1.75, 4, -0.5
478 -> 374, -2, 1.75, 5, -1
478 -> 374, -1, 0.75, 3, -0.5
479 -> 374, -5, 1.25, 5, -1
479 -> 374, -5, 1.25, 3, -1
479 -> 374, -5, 1.25, 4, -1
480 -> 374, -5, 1.75, 4, -0.5
480 -> 374, -1, 1.75, 4, -2
480 -> 374, -2, 1.75, 5, -0.5
480 -> 374, -2, 1.75, 4, -0.5
480 -> 374, -2, 1.75, 3, -0.5
480 -> 374, -1, 1.75, 5, -2
481 -> 374, -1, 1.75, 1, -1
481 -> 374, -2, 0.75, 5, -1
481 -> 374, -3, 0.75, 4, -2
481 -> 374, -1, 1.75, 2, -1
482 -> 374, -2, 0.75, 5, -2
482 -> 374, -2, 0.75, 1, -2
482 -> 374, -2, 0.75, 4, -2
482 -> 374, -2, 0.75, 2, -2
482 -> 374, -2, 0.75, 3, -2
482 -> 374, -4, 0.75, 1, -1
482 -> 374, -4, 0.75, 2, -1
482 -> 374, -4, 0.25, 5, -0.5
483 -> 374, -4, 1.25, 1, -1
484 -> 374, -3, 0.75, 5, -1
484 -> 374, -2, 0.25, 2, -0.5
484 -> 374, -4, 1.25, 1, -0.5
485 -> 374, -3, 0.25, 4, -0.5
486 -> 374, -5, 1.25, 4, -1.5
486 -> 374, -3, 0.25, 5, -0.5
486 -> 374, -5, 1.25, 3, -1.5
486 -> 374, -5, 1.25, 2, -1.5
488 -> 374, -3, 0.75, 2, -1
488 -> 374, -4, 1.75, 5, -0.5
489 -> 374, -5, 0.25, 2, -1
489 -> 374, -5, 0.25, 4, -1
489 -> 374, -5, 0.25, 3, -1
489 -> 374, -5, 0.25, 5, -1
490 -> 374, -3, 0.25, 2, -0.5
491 -> 374, -4, 1.75, 1, -0.5
492 -> 374, -5, 0.75, 4, -2
492 -> 374, -5, 0.75, 3, -2
492 -> 374, -5, 0.75, 1, -2
492 -> 374, -5, 0.75, 2, -2
493 -> 374, -1, 0.75, 5, -1
493 -> 374, -1, 0.75, 2, -0.5
494 -> 374, -5, 1.75, 5, -2
494 -> 374, -4, 1.25, 2, -1.5
494 -> 374, -4, 1.25, 3, -1.5
495 -> 374, -4, 0.75, 1, -1.5
495 -> 374, -1, 0.25, 1, -1
495 -> 374, -2, 0.75, 1, -1
495 -> 374, -1, 0.25, 2, -1
495 -> 374, -1, 0.25, 5, -1
495 -> 374, -1, 0.25, 4, -1
495 -> 374, -1, 0.25, 3, -1
495 -> 374, -4, 0.75, 2, -1.5
496 -> 374, -2, 0.25, 5, -1
496 -> 374, -2, 0.25, 4, -0.5
497 -> 374, -2, 0.25, 5, -2
497 -> 374, -2, 0.25, 1, -2
497 -> 374, -2, 0.25, 3, -2
497 -> 374, -2, 0.25, 2, -2
497 -> 374, -3, 0.25, 1, -0.5
497 -> 374, -2, 0.75, 1, -0.5
497 -> 374, -4, 1.75, 5, -1.5
497 -> 374, -2, 0.75, 3, -0.5
497 -> 374, -2, 0.25, 4, -2
497 -> 374, -2, 0.75, 2, -0.5
501 -> 374, -4, 0.75, 3, -1.5
505 -> 374, -4, 0.25, 5, -1.5
505 -> 374, -4, 0.25, 4, -1.5
506 -> 374, -3, 0.25, 4, -1.5
506 -> 374, -3, 0.25, 5, -1.5
508 -> 374, -4, 0.25, 4, -2
508 -> 374, -4, 0.25, 1, -2
508 -> 374, -4, 0.25, 3, -2
508 -> 374, -4, 0.25, 2, -2
508 -> 374, -2, 1.25, 2, -0.5
508 -> 374, -2, 1.75, 1, -2
508 -> 374, -2, 1.25, 3, -0.5
508 -> 374, -2, 1.25, 4, -0.5
510 -> 374, -3, 0.25, 3, -2
511 -> 374, -4, 0.75, 2, -2
511 -> 374, -4, 0.75, 1, -2
513 -> 374, -3, 0.25, 1, -2
513 -> 374, -3, 0.25, 2, -2
514 -> 374, -4, 0.25, 1, -1
521 -> 374, -3, 1.25, 1, -0.5
522 -> 374, -4, 0.75, 5, -1.5
522 -> 374, -4, 0.75, 4, -1.5
522 -> 374, -3, 0.25, 3, -1.5
522 -> 374, -3, 0.25, 2, -1.5
524 -> 374, -5, 1.75, 2, -1.5
540 -> 374, -5, 1.25, 5, -1.5
541 -> 374, -4, 0.25, 2, -0.5
541 -> 374, -4, 1.25, 4, -1.5
541 -> 374, -4, 1.25, 5, -1.5
544 -> 374, -3, 0.25, 1, -1.5
550 -> 374, -3, 1.75, 1, -0.5
550 -> 374, -3, 1.75, 2, -0.5
551 -> 374, -4, 0.25, 5, -1
551 -> 374, -4, 0.25, 4, -1
565 -> 374, -5, 1.75, 5, -1
581 -> 374, -5, 0.25, 5, -2
581 -> 374, -5, 0.25, 4, -2
581 -> 374, -5, 0.25, 2, -2
581 -> 374, -5, 0.25, 1, -2
581 -> 374, -5, 0.25, 3, -2
693 -> 374, -5, 1.25, 1, -0.5
