343 -> 418, -4, 1.25, 5, -0.5
353 -> 418, -2, 1.75, 4, -0.5
357 -> 418, -1, 1.75, 4, -0.5
357 -> 418, -1, 1.75, 5, -0.5
359 -> 418, -4, 1.25, 3, -0.5
368 -> 418, -3, 0.75, 2, -0.5
369 -> 418, -4, 1.25, 1, -1
372 -> 418, -4, 0.25, 4, -1
372 -> 418, -4, 0.25, 3, -1
373 -> 418, -4, 0.75, 5, -0.5
377 -> 418, -4, 1.25, 4, -0.5
378 -> 418, -3, 1.75, 4, -1.5
382 -> 418, -3, 1.75, 3, -1.5
385 -> 418, -5, 1.75, 3, -0.5
385 -> 418, -5, 1.75, 4, -0.5
386 -> 418, -1, 1.75, 2, -0.5
388 -> 418, -2, 1.25, 4, -0.5
391 -> 418, -2, 1.75, 3, -1
391 -> 418, -4, 0.75, 2, -0.5
394 -> 418, -3, 1.25, 5, -0.5
394 -> 418, -1, 1.75, 3, -0.5
394 -> 418, -5, 1.75, 2, -0.5
395 -> 418, -1, 0.75, 1, -0.5
397 -> 418, -2, 1.25, 5, -2
399 -> 418, -3, 1.75, 2, -1.5
399 -> 418, -4, 0.75, 4, -0.5
399 -> 418, -2, 1.75, 3, -0.5
403 -> 418, -2, 1.25, 5, -0.5
404 -> 418, -1, 1.75, 4, -1
404 -> 418, -3, 0.75, 3, -0.5
405 -> 418, -1, 1.75, 3, -1
407 -> 418, -3, 1.75, 4, -2
407 -> 418, -3, 1.75, 5, -2
408 -> 418, -5, 1.25, 2, -0.5
408 -> 418, -1, 0.75, 2, -0.5
410 -> 418, -2, 1.75, 2, -0.5
410 -> 418, -2, 1.75, 1, -0.5
411 -> 418, -5, 0.75, 3, -1
412 -> 418, -1, 1.25, 5, -2
412 -> 418, -4, 0.75, 3, -0.5
412 -> 418, -1, 1.25, 4, -2
412 -> 418, -1, 1.25, 3, -2
412 -> 418, -1, 1.25, 1, -2
412 -> 418, -1, 1.25, 2, -2
416 -> 418, -1, 1.75, 2, -1
416 -> 418, -4, 1.75, 3, -1.5
416 -> 418, -3, 1.25, 3, -1
418 -> 418, -2, 0.25, 3, -0.5
418 -> 418, -3, 1.75, 3, -1
418 -> 418, -1, 1.75, 2, -1.5
418 -> 418, -1, 1.75, 1, -1.5
419 -> 418, -3, 1.75, 1, -1
419 -> 418, -1, 0.75, 3, -0.5
419 -> 418, -1, 0.25, 5, -2
419 -> 418, -2, 1.25, 2, -0.5
419 -> 418, -3, 1.75, 2, -1
420 -> 418, -2, 1.25, 2, -2
421 -> 418, -2, 1.25, 1, -1
421 -> 418, -3, 1.75, 1, -1.5
422 -> 418, -5, 1.75, 1, -1.5
423 -> 418, -3, 1.75, 4, -0.5
423 -> 418, -4, 1.75, 4, -1.5
423 -> 418, -1, 1.75, 1, -0.5
423 -> 418, -2, 1.25, 1, -0.5
423 -> 418, -4, 1.75, 1, -1.5
424 -> 418, -3, 0.25, 1, -0.5
424 -> 418, -3, 0.25, 2, -0.5
426 -> 418, -2, 1.25, 3, -0.5
427 -> 418, -4, 1.75, 1, -1
427 -> 418, -4, 1.75, 2, -1
428 -> 418, -1, 0.25, 2, -2
428 -> 418, -5, 0.75, 3, -0.5
428 -> 418, -1, 0.25, 3, -2
428 -> 418, -1, 0.25, 4, -2
428 -> 418, -3, 0.75, 1, -0.5
428 -> 418, -2, 0.75, 4, -1
428 -> 418, -3, 0.25, 5, -1.5
428 -> 418, -1, 0.25, 1, -2
428 -> 418, -3, 0.25, 4, -1.5
428 -> 418, -2, 0.75, 3, -1
428 -> 418, -3, 1.75, 5, -0.5
429 -> 418, -1, 0.75, 3, -1
430 -> 418, -5, 1.25, 1, -2
430 -> 418, -5, 1.25, 2, -2
430 -> 418, -2, 0.75, 2, -0.5
430 -> 418, -2, 0.75, 1, -0.5
432 -> 418, -1, 0.75, 5, -1
433 -> 418, -2, 1.25, 2, -1
434 -> 418, -4, 0.25, 4, -0.5
434 -> 418, -2, 1.25, 4, -2
434 -> 418, -4, 0.25, 5, -0.5
434 -> 418, -2, 1.25, 3, -2
434 -> 418, -4, 0.75, 1, -2
435 -> 418, -2, 1.25, 3, -1.5
435 -> 418, -3, 0.25, 5, -0.5
435 -> 418, -3, 0.25, 4, -0.5
435 -> 418, -3, 0.25, 3, -0.5
435 -> 418, -4, 1.25, 3, -1
435 -> 418, -3, 1.75, 5, -1
437 -> 418, -3, 1.75, 2, -2
437 -> 418, -5, 1.75, 5, -1.5
439 -> 418, -5, 1.75, 5, -0.5
439 -> 418, -4, 1.75, 2, -1.5
439 -> 418, -3, 1.75, 1, -2
439 -> 418, -4, 0.25, 4, -2
440 -> 418, -4, 0.25, 5, -2
440 -> 418, -1, 0.75, 3, -1.5
440 -> 418, -1, 0.25, 4, -1
440 -> 418, -1, 0.25, 5, -1
441 -> 418, -1, 0.75, 4, -1.5
441 -> 418, -2, 1.25, 5, -1
442 -> 418, -2, 1.75, 3, -1.5
442 -> 418, -1, 1.25, 1, -0.5
442 -> 418, -3, 1.25, 1, -1
442 -> 418, -1, 1.25, 2, -0.5
442 -> 418, -2, 1.25, 4, -1
442 -> 418, -2, 1.75, 2, -1.5
442 -> 418, -3, 1.25, 2, -1
443 -> 418, -1, 1.25, 4, -1
443 -> 418, -1, 1.25, 5, -1
443 -> 418, -1, 1.25, 3, -1
444 -> 418, -5, 0.75, 2, -1
444 -> 418, -5, 0.25, 1, -1.5
444 -> 418, -2, 1.75, 1, -1
444 -> 418, -2, 1.75, 2, -1
445 -> 418, -2, 1.75, 5, -1.5
445 -> 418, -2, 1.75, 4, -1.5
446 -> 418, -5, 1.25, 3, -0.5
446 -> 418, -2, 1.25, 1, -2
446 -> 418, -3, 0.25, 3, -2
446 -> 418, -1, 1.75, 5, -1
447 -> 418, -1, 0.75, 4, -0.5
447 -> 418, -1, 0.75, 5, -0.5
447 -> 418, -5, 0.75, 1, -1
448 -> 418, -1, 1.25, 1, -1
448 -> 418, -1, 1.25, 3, -0.5
448 -> 418, -4, 0.75, 3, -1
449 -> 418, -1, 1.75, 1, -2
449 -> 418, -5, 1.25, 5, -0.5
449 -> 418, -1, 1.75, 2, -2
450 -> 418, -4, 1.25, 1, -2
450 -> 418, -3, 0.75, 2, -1.5
450 -> 418, -4, 1.25, 2, -2
450 -> 418, -3, 0.75, 3, -1.5
450 -> 418, -1, 0.25, 1, -0.5
450 -> 418, -1, 1.25, 2, -1
450 -> 418, -1, 0.25, 2, -1
450 -> 418, -1, 0.25, 3, -1
452 -> 418, -2, 0.25, 2, -1
452 -> 418, -4, 0.75, 1, -0.5
452 -> 418, -2, 1.75, 5, -0.5
452 -> 418, -3, 1.25, 3, -0.5
453 -> 418, -4, 0.75, 5, -2
453 -> 418, -4, 1.25, 4, -1
453 -> 418, -4, 1.75, 5, -1
453 -> 418, -1, 0.75, 5, -1.5
453 -> 418, -4, 1.25, 5, -1
453 -> 418, -5, 0.75, 2, -0.5
454 -> 418, -4, 1.25, 4, -1.5
454 -> 418, -4, 1.25, 3, -1.5
454 -> 418, -4, 1.25, 2, -1.5
454 -> 418, -3, 1.25, 4, -0.5
454 -> 418, -4, 1.25, 1, -1.5
454 -> 418, -5, 0.75, 1, -0.5
455 -> 418, -4, 1.25, 1, -0.5
455 -> 418, -1, 1.25, 4, -0.5
455 -> 418, -1, 1.25, 5, -0.5
455 -> 418, -4, 0.25, 4, -1.5
456 -> 418, -2, 1.75, 1, -1.5
456 -> 418, -4, 0.25, 5, -1.5
457 -> 418, -1, 1.75, 4, -2
457 -> 418, -1, 1.75, 1, -1
457 -> 418, -1, 1.25, 5, -1.5
457 -> 418, -1, 0.75, 4, -1
457 -> 418, -1, 1.75, 3, -2
458 -> 418, -3, 1.25, 4, -2
458 -> 418, -3, 1.25, 5, -2
458 -> 418, -1, 0.25, 5, -1.5
459 -> 418, -3, 0.25, 3, -1
459 -> 418, -2, 0.25, 3, -1
459 -> 418, -3, 0.25, 4, -1
460 -> 418, -2, 0.75, 4, -1.5
460 -> 418, -5, 1.25, 4, -1
460 -> 418, -3, 1.75, 1, -0.5
460 -> 418, -5, 1.25, 3, -1
461 -> 418, -3, 1.25, 1, -1.5
461 -> 418, -3, 1.25, 2, -2
461 -> 418, -3, 1.25, 1, -2
461 -> 418, -2, 0.75, 5, -1
461 -> 418, -4, 0.25, 3, -1.5
461 -> 418, -3, 1.25, 3, -2
461 -> 418, -3, 1.25, 2, -1.5
461 -> 418, -4, 1.25, 5, -1.5
462 -> 418, -4, 1.75, 4, -1
462 -> 418, -2, 0.25, 2, -2
462 -> 418, -4, 0.25, 1, -1.5
462 -> 418, -2, 1.75, 5, -1
462 -> 418, -1, 0.75, 2, -1
462 -> 418, -4, 0.25, 2, -1.5
462 -> 418, -2, 0.25, 3, -2
462 -> 418, -2, 0.25, 4, -2
462 -> 418, -3, 1.75, 4, -1
463 -> 418, -2, 0.25, 1, -0.5
463 -> 418, -2, 0.25, 1, -1.5
464 -> 418, -1, 0.75, 1, -1
465 -> 418, -3, 1.25, 3, -1.5
465 -> 418, -2, 1.25, 3, -1
466 -> 418, -1, 1.25, 3, -1.5
466 -> 418, -1, 1.25, 4, -1.5
467 -> 418, -5, 1.75, 4, -1.5
467 -> 418, -2, 1.25, 5, -1.5
467 -> 418, -2, 0.75, 1, -2
467 -> 418, -4, 1.25, 2, -1
467 -> 418, -4, 1.75, 5, -1.5
467 -> 418, -3, 1.75, 5, -1.5
468 -> 418, -4, 0.25, 3, -0.5
468 -> 418, -4, 0.75, 2, -2
468 -> 418, -5, 1.75, 2, -1.5
468 -> 418, -4, 0.75, 3, -2
468 -> 418, -4, 0.75, 4, -2
468 -> 418, -4, 0.25, 2, -0.5
468 -> 418, -5, 1.75, 3, -1.5
469 -> 418, -5, 0.75, 5, -1
469 -> 418, -3, 0.25, 2, -1
469 -> 418, -1, 0.25, 4, -0.5
469 -> 418, -3, 0.75, 4, -1.5
469 -> 418, -1, 0.25, 2, -0.5
469 -> 418, -3, 0.25, 1, -1
469 -> 418, -1, 0.25, 3, -0.5
469 -> 418, -3, 0.75, 5, -1.5
469 -> 418, -5, 0.75, 4, -1
470 -> 418, -2, 1.75, 4, -2
470 -> 418, -2, 1.75, 5, -2
471 -> 418, -4, 0.25, 2, -1
471 -> 418, -4, 0.25, 1, -1
471 -> 418, -1, 1.75, 5, -2
471 -> 418, -4, 1.25, 5, -2
473 -> 418, -1, 0.25, 1, -1.5
473 -> 418, -2, 0.75, 5, -0.5
474 -> 418, -3, 1.75, 3, -2
474 -> 418, -3, 1.25, 1, -0.5
474 -> 418, -5, 1.25, 5, -2
474 -> 418, -5, 1.25, 4, -2
474 -> 418, -3, 1.25, 2, -0.5
475 -> 418, -3, 0.25, 4, -2
475 -> 418, -2, 0.75, 5, -1.5
475 -> 418, -3, 0.25, 5, -2
475 -> 418, -1, 0.75, 1, -1.5
476 -> 418, -2, 1.25, 2, -1.5
476 -> 418, -3, 0.25, 5, -1
476 -> 418, -4, 0.25, 1, -2
478 -> 418, -4, 0.25, 1, -0.5
478 -> 418, -2, 0.75, 2, -1.5
478 -> 418, -3, 1.25, 4, -1
478 -> 418, -2, 0.75, 3, -1.5
479 -> 418, -5, 1.25, 4, -0.5
480 -> 418, -2, 0.75, 1, -1
480 -> 418, -3, 1.75, 3, -0.5
480 -> 418, -3, 1.75, 2, -0.5
480 -> 418, -1, 0.25, 5, -0.5
481 -> 418, -3, 0.75, 1, -1.5
484 -> 418, -2, 0.25, 4, -1.5
484 -> 418, -2, 0.25, 2, -0.5
484 -> 418, -2, 0.25, 2, -1.5
484 -> 418, -2, 0.25, 5, -1.5
484 -> 418, -2, 0.25, 3, -1.5
485 -> 418, -3, 1.25, 5, -1.5
485 -> 418, -4, 0.25, 3, -2
485 -> 418, -3, 1.25, 4, -1.5
486 -> 418, -4, 0.25, 2, -2
486 -> 418, -2, 1.25, 4, -1.5
487 -> 418, -2, 0.75, 2, -1
488 -> 418, -2, 0.25, 4, -0.5
488 -> 418, -5, 1.25, 5, -1
488 -> 418, -4, 1.75, 3, -1
488 -> 418, -2, 0.25, 5, -0.5
489 -> 418, -2, 1.25, 1, -1.5
490 -> 418, -2, 1.75, 2, -2
490 -> 418, -1, 1.75, 5, -1.5
490 -> 418, -5, 0.75, 4, -0.5
490 -> 418, -1, 1.75, 4, -1.5
490 -> 418, -5, 0.75, 5, -0.5
490 -> 418, -2, 1.75, 1, -2
490 -> 418, -2, 1.75, 3, -2
490 -> 418, -5, 0.25, 5, -1
491 -> 418, -2, 0.25, 4, -1
491 -> 418, -5, 1.25, 3, -2
491 -> 418, -2, 0.25, 5, -2
491 -> 418, -2, 0.25, 5, -1
491 -> 418, -2, 0.75, 1, -1.5
492 -> 418, -1, 0.75, 2, -1.5
492 -> 418, -5, 0.25, 2, -1
492 -> 418, -5, 0.25, 3, -1
492 -> 418, -5, 0.25, 4, -1
493 -> 418, -1, 1.25, 2, -1.5
493 -> 418, -5, 0.25, 1, -1
493 -> 418, -1, 1.25, 1, -1.5
494 -> 418, -4, 0.75, 5, -1
494 -> 418, -3, 0.25, 1, -2
494 -> 418, -4, 0.75, 4, -1
494 -> 418, -3, 0.25, 2, -2
494 -> 418, -1, 0.25, 4, -1.5
496 -> 418, -4, 0.75, 4, -1.5
496 -> 418, -4, 0.75, 1, -1.5
496 -> 418, -4, 0.75, 2, -1.5
496 -> 418, -4, 0.75, 3, -1.5
496 -> 418, -4, 0.75, 5, -1.5
499 -> 418, -5, 1.75, 1, -0.5
499 -> 418, -1, 0.75, 1, -2
500 -> 418, -3, 0.75, 4, -1
500 -> 418, -3, 0.75, 2, -1
500 -> 418, -3, 0.75, 5, -1
500 -> 418, -5, 0.75, 2, -1.5
500 -> 418, -1, 0.25, 3, -1.5
500 -> 418, -1, 0.25, 2, -1.5
500 -> 418, -3, 0.75, 1, -1
500 -> 418, -3, 0.75, 3, -1
501 -> 418, -3, 0.25, 2, -1.5
503 -> 418, -1, 1.75, 3, -1.5
503 -> 418, -5, 0.75, 3, -1.5
503 -> 418, -2, 1.75, 4, -1
503 -> 418, -5, 0.75, 4, -1.5
503 -> 418, -5, 0.75, 5, -1.5
504 -> 418, -1, 0.75, 5, -2
506 -> 418, -3, 0.25, 1, -1.5
507 -> 418, -2, 0.75, 4, -0.5
508 -> 418, -2, 0.75, 3, -0.5
508 -> 418, -5, 0.25, 5, -2
511 -> 418, -2, 0.25, 1, -1
512 -> 418, -5, 0.75, 1, -1.5
513 -> 418, -5, 0.25, 2, -1.5
513 -> 418, -1, 0.25, 1, -1
514 -> 418, -4, 0.75, 2, -1
514 -> 418, -4, 0.75, 1, -1
518 -> 418, -5, 0.75, 2, -2
518 -> 418, -5, 0.75, 1, -2
518 -> 418, -5, 0.75, 3, -2
520 -> 418, -3, 0.25, 3, -1.5
521 -> 418, -5, 0.25, 3, -1.5
522 -> 418, -5, 1.75, 3, -1
522 -> 418, -1, 0.75, 3, -2
522 -> 418, -1, 0.75, 2, -2
522 -> 418, -1, 0.75, 4, -2
522 -> 418, -5, 1.75, 1, -1
522 -> 418, -5, 1.75, 5, -1
522 -> 418, -5, 1.25, 1, -0.5
522 -> 418, -5, 1.75, 2, -1
522 -> 418, -5, 1.75, 4, -1
528 -> 418, -3, 1.25, 5, -1
528 -> 418, -4, 1.75, 1, -2
528 -> 418, -4, 1.75, 2, -2
528 -> 418, -4, 1.75, 4, -2
528 -> 418, -4, 1.75, 3, -2
528 -> 418, -4, 1.75, 5, -2
531 -> 418, -2, 0.75, 5, -2
531 -> 418, -2, 0.75, 2, -2
531 -> 418, -5, 0.25, 2, -0.5
531 -> 418, -2, 0.75, 3, -2
531 -> 418, -2, 0.75, 4, -2
533 -> 418, -5, 0.25, 1, -0.5
538 -> 418, -4, 0.25, 5, -1
539 -> 418, -2, 0.25, 1, -2
542 -> 418, -5, 1.25, 2, -1.5
542 -> 418, -5, 1.25, 3, -1.5
542 -> 418, -5, 1.25, 4, -1.5
542 -> 418, -5, 1.25, 5, -1.5
542 -> 418, -4, 1.25, 3, -2
542 -> 418, -4, 1.25, 4, -2
543 -> 418, -3, 0.75, 5, -0.5
543 -> 418, -5, 0.25, 4, -1.5
543 -> 418, -5, 0.25, 5, -1.5
549 -> 418, -5, 1.75, 1, -2
549 -> 418, -5, 1.75, 2, -2
549 -> 418, -5, 1.75, 3, -2
549 -> 418, -5, 1.75, 4, -2
549 -> 418, -5, 1.75, 5, -2
550 -> 418, -5, 0.25, 4, -2
550 -> 418, -5, 0.25, 3, -2
550 -> 418, -5, 0.25, 2, -2
550 -> 418, -5, 0.25, 1, -2
553 -> 418, -5, 0.25, 5, -0.5
553 -> 418, -5, 0.25, 4, -0.5
553 -> 418, -5, 0.25, 3, -0.5
555 -> 418, -3, 0.75, 5, -2
555 -> 418, -3, 0.75, 1, -2
555 -> 418, -3, 0.75, 2, -2
555 -> 418, -3, 0.75, 3, -2
555 -> 418, -3, 0.75, 4, -2
557 -> 418, -5, 1.25, 1, -1.5
560 -> 418, -3, 0.75, 4, -0.5
561 -> 418, -5, 0.75, 4, -2
561 -> 418, -5, 0.75, 5, -2
573 -> 418, -4, 1.75, 5, -0.5
577 -> 418, -4, 1.25, 2, -0.5
580 -> 418, -4, 1.75, 3, -0.5
580 -> 418, -4, 1.75, 2, -0.5
580 -> 418, -4, 1.75, 1, -0.5
580 -> 418, -4, 1.75, 4, -0.5
610 -> 418, -5, 1.25, 2, -1
610 -> 418, -5, 1.25, 1, -1
