325 -> 343, -5, 0.75, 4, -1
335 -> 343, -5, 0.75, 2, -1
335 -> 343, -5, 0.75, 3, -1
347 -> 343, -5, 0.75, 5, -1
358 -> 343, -2, 1.75, 1, -1
368 -> 343, -4, 1.25, 3, -1.5
371 -> 343, -1, 0.75, 2, -0.5
382 -> 343, -5, 1.25, 5, -1.5
384 -> 343, -3, 0.75, 5, -0.5
384 -> 343, -1, 1.75, 2, -1.5
386 -> 343, -2, 1.75, 3, -1.5
394 -> 343, -1, 0.25, 3, -1
394 -> 343, -1, 0.25, 4, -1
394 -> 343, -5, 0.75, 1, -1
394 -> 343, -1, 0.25, 5, -1
395 -> 343, -2, 0.25, 5, -0.5
396 -> 343, -3, 1.25, 2, -1
397 -> 343, -5, 0.25, 5, -0.5
399 -> 343, -4, 0.75, 5, -1
399 -> 343, -5, 1.25, 1, -1.5
403 -> 343, -5, 1.25, 1, -2
403 -> 343, -5, 1.25, 5, -2
403 -> 343, -5, 1.25, 3, -2
403 -> 343, -5, 1.25, 2, -2
403 -> 343, -5, 1.25, 4, -2
404 -> 343, -3, 0.75, 4, -1.5
404 -> 343, -3, 0.75, 5, -1.5
404 -> 343, -1, 0.25, 2, -0.5
406 -> 343, -2, 1.25, 5, -1.5
407 -> 343, -2, 0.25, 4, -0.5
408 -> 343, -2, 1.75, 2, -1.5
409 -> 343, -1, 0.25, 1, -0.5
409 -> 343, -3, 0.75, 1, -1.5
409 -> 343, -3, 0.75, 3, -1.5
409 -> 343, -3, 0.75, 2, -1.5
410 -> 343, -1, 1.25, 3, -1
410 -> 343, -4, 0.75, 3, -2
410 -> 343, -4, 0.75, 2, -2
411 -> 343, -2, 1.25, 4, -1.5
411 -> 343, -4, 0.25, 4, -0.5
411 -> 343, -2, 1.25, 3, -1.5
411 -> 343, -2, 1.25, 2, -1.5
412 -> 343, -2, 1.25, 1, -0.5
412 -> 343, -1, 1.75, 2, -0.5
412 -> 343, -2, 1.25, 5, -2
413 -> 343, -3, 1.75, 4, -1.5
415 -> 343, -3, 1.75, 3, -2
417 -> 343, -3, 0.75, 4, -1
419 -> 343, -2, 1.25, 1, -1.5
420 -> 343, -2, 1.25, 3, -0.5
420 -> 343, -5, 1.75, 1, -1.5
420 -> 343, -4, 1.25, 5, -2
421 -> 343, -3, 0.75, 3, -1
422 -> 343, -4, 1.25, 1, -1
423 -> 343, -3, 1.25, 2, -1.5
423 -> 343, -3, 1.25, 3, -1.5
423 -> 343, -3, 1.25, 4, -1.5
423 -> 343, -1, 0.75, 5, -2
423 -> 343, -1, 0.75, 4, -2
423 -> 343, -5, 1.25, 3, -0.5
425 -> 343, -3, 1.25, 5, -1.5
426 -> 343, -1, 0.75, 1, -0.5
427 -> 343, -2, 1.75, 5, -0.5
428 -> 343, -3, 0.75, 2, -1
428 -> 343, -2, 0.75, 1, -2
429 -> 343, -4, 1.75, 3, -1
431 -> 343, -2, 1.25, 2, -1
432 -> 343, -1, 1.75, 3, -0.5
432 -> 343, -1, 1.75, 4, -1
432 -> 343, -1, 1.75, 2, -1
432 -> 343, -3, 1.75, 2, -2
432 -> 343, -3, 1.25, 3, -1
433 -> 343, -5, 1.75, 4, -1.5
433 -> 343, -1, 1.75, 1, -1.5
433 -> 343, -1, 1.75, 4, -1.5
434 -> 343, -3, 1.75, 5, -1.5
434 -> 343, -4, 0.75, 1, -2
434 -> 343, -2, 1.75, 5, -1.5
436 -> 343, -1, 1.75, 3, -1.5
439 -> 343, -3, 1.25, 1, -1.5
439 -> 343, -1, 1.75, 5, -1
440 -> 343, -3, 1.75, 4, -2
440 -> 343, -3, 0.75, 1, -1
440 -> 343, -2, 1.75, 5, -1
440 -> 343, -1, 1.25, 4, -1
440 -> 343, -1, 1.75, 1, -0.5
440 -> 343, -3, 1.75, 5, -2
441 -> 343, -3, 1.25, 1, -1
441 -> 343, -5, 1.75, 2, -1.5
441 -> 343, -1, 0.25, 4, -0.5
441 -> 343, -1, 0.25, 3, -0.5
441 -> 343, -5, 1.75, 3, -1.5
442 -> 343, -1, 1.75, 1, -2
442 -> 343, -1, 1.75, 2, -2
442 -> 343, -5, 1.75, 5, -1.5
442 -> 343, -1, 1.75, 3, -1
444 -> 343, -1, 0.75, 5, -0.5
444 -> 343, -2, 1.25, 3, -1
444 -> 343, -4, 1.75, 2, -1
444 -> 343, -1, 0.75, 4, -0.5
445 -> 343, -3, 1.75, 4, -0.5
446 -> 343, -5, 1.25, 1, -0.5
447 -> 343, -1, 1.75, 5, -1.5
447 -> 343, -1, 0.25, 5, -0.5
448 -> 343, -3, 0.25, 1, -1
448 -> 343, -3, 1.75, 3, -0.5
448 -> 343, -2, 1.75, 5, -2
449 -> 343, -4, 0.75, 5, -2
449 -> 343, -5, 1.75, 2, -0.5
449 -> 343, -4, 0.75, 4, -2
450 -> 343, -1, 0.75, 3, -2
451 -> 343, -1, 1.75, 4, -2
452 -> 343, -2, 1.75, 1, -1.5
452 -> 343, -2, 0.75, 4, -0.5
452 -> 343, -2, 0.75, 5, -0.5
453 -> 343, -1, 1.25, 4, -1.5
453 -> 343, -5, 0.75, 1, -2
453 -> 343, -5, 0.75, 4, -2
453 -> 343, -2, 0.25, 3, -0.5
453 -> 343, -2, 0.75, 4, -2
453 -> 343, -4, 0.25, 5, -0.5
453 -> 343, -5, 0.75, 2, -2
453 -> 343, -5, 0.75, 3, -2
453 -> 343, -1, 1.25, 5, -1.5
453 -> 343, -5, 0.75, 5, -2
454 -> 343, -4, 0.75, 4, -1
454 -> 343, -4, 1.25, 4, -2
454 -> 343, -4, 1.25, 2, -2
454 -> 343, -4, 0.75, 3, -1
454 -> 343, -4, 1.25, 3, -2
455 -> 343, -5, 1.25, 2, -1
455 -> 343, -1, 0.75, 3, -0.5
455 -> 343, -1, 1.25, 3, -1.5
455 -> 343, -4, 0.75, 5, -0.5
455 -> 343, -5, 1.25, 5, -0.5
455 -> 343, -3, 1.75, 1, -1.5
457 -> 343, -1, 0.75, 2, -2
457 -> 343, -3, 0.25, 2, -0.5
457 -> 343, -3, 0.25, 1, -0.5
458 -> 343, -3, 0.25, 3, -0.5
458 -> 343, -5, 0.25, 2, -1.5
458 -> 343, -5, 0.25, 1, -1.5
459 -> 343, -1, 0.75, 2, -1
461 -> 343, -5, 1.75, 4, -2
461 -> 343, -1, 0.25, 1, -2
461 -> 343, -2, 0.75, 5, -1
462 -> 343, -2, 0.75, 3, -1.5
463 -> 343, -1, 0.25, 4, -2
463 -> 343, -1, 0.25, 3, -2
463 -> 343, -1, 1.25, 1, -1.5
463 -> 343, -1, 0.25, 2, -2
463 -> 343, -1, 1.25, 2, -1.5
464 -> 343, -2, 0.75, 2, -2
464 -> 343, -5, 1.25, 2, -1.5
465 -> 343, -2, 1.75, 3, -2
465 -> 343, -3, 0.25, 2, -1
465 -> 343, -2, 1.25, 1, -2
465 -> 343, -3, 0.25, 3, -1
465 -> 343, -2, 1.75, 1, -2
465 -> 343, -2, 1.75, 2, -2
466 -> 343, -3, 1.75, 3, -1.5
466 -> 343, -5, 1.75, 2, -2
466 -> 343, -2, 0.25, 2, -1.5
466 -> 343, -2, 0.25, 1, -1.5
466 -> 343, -5, 1.75, 3, -2
466 -> 343, -5, 1.75, 1, -2
466 -> 343, -3, 1.75, 2, -1.5
467 -> 343, -5, 1.75, 4, -1
467 -> 343, -1, 0.25, 2, -1
467 -> 343, -5, 1.75, 5, -1
467 -> 343, -2, 1.25, 4, -2
467 -> 343, -1, 1.75, 3, -2
467 -> 343, -5, 0.25, 3, -1.5
467 -> 343, -2, 0.75, 3, -0.5
467 -> 343, -2, 1.25, 3, -2
467 -> 343, -2, 1.25, 2, -2
467 -> 343, -2, 0.75, 5, -2
468 -> 343, -1, 1.25, 5, -1
468 -> 343, -2, 1.75, 4, -1.5
469 -> 343, -5, 0.25, 5, -1.5
469 -> 343, -1, 1.25, 1, -0.5
470 -> 343, -3, 1.25, 4, -2
470 -> 343, -3, 1.25, 3, -2
470 -> 343, -3, 1.25, 2, -2
470 -> 343, -3, 1.25, 5, -2
470 -> 343, -3, 1.25, 1, -2
470 -> 343, -3, 1.25, 4, -1
470 -> 343, -1, 0.75, 1, -2
472 -> 343, -1, 1.25, 1, -1
472 -> 343, -1, 1.25, 2, -1
473 -> 343, -2, 0.75, 1, -0.5
474 -> 343, -4, 1.25, 5, -1
474 -> 343, -1, 0.25, 1, -1
474 -> 343, -4, 1.25, 4, -1
474 -> 343, -1, 1.25, 4, -0.5
474 -> 343, -1, 1.25, 3, -0.5
474 -> 343, -4, 1.25, 2, -1
474 -> 343, -4, 1.25, 3, -1
474 -> 343, -4, 1.25, 2, -1.5
474 -> 343, -1, 1.25, 2, -0.5
475 -> 343, -3, 0.25, 1, -2
475 -> 343, -3, 0.25, 4, -2
475 -> 343, -3, 0.25, 5, -0.5
475 -> 343, -3, 0.25, 5, -2
475 -> 343, -3, 0.25, 2, -2
475 -> 343, -4, 1.25, 5, -1.5
475 -> 343, -4, 1.25, 4, -1.5
475 -> 343, -3, 0.25, 3, -2
476 -> 343, -4, 1.75, 5, -1.5
476 -> 343, -4, 1.75, 4, -1.5
476 -> 343, -4, 1.75, 3, -1.5
476 -> 343, -2, 0.75, 2, -0.5
476 -> 343, -4, 1.75, 1, -2
476 -> 343, -2, 1.25, 2, -0.5
477 -> 343, -1, 1.75, 5, -2
478 -> 343, -5, 1.75, 5, -2
479 -> 343, -3, 0.75, 1, -2
479 -> 343, -2, 0.75, 4, -1
479 -> 343, -3, 1.75, 1, -2
480 -> 343, -1, 0.25, 5, -2
480 -> 343, -4, 1.75, 5, -1
480 -> 343, -4, 1.75, 4, -1
480 -> 343, -2, 0.75, 3, -2
480 -> 343, -2, 1.75, 4, -0.5
480 -> 343, -2, 1.25, 1, -1
481 -> 343, -2, 1.25, 4, -1
481 -> 343, -2, 1.25, 5, -1
482 -> 343, -4, 1.25, 2, -0.5
482 -> 343, -3, 1.75, 1, -1
482 -> 343, -4, 1.25, 3, -0.5
483 -> 343, -3, 1.75, 3, -1
483 -> 343, -1, 1.25, 3, -2
483 -> 343, -3, 1.75, 2, -1
484 -> 343, -2, 0.75, 2, -1.5
484 -> 343, -2, 0.75, 1, -1.5
484 -> 343, -1, 1.25, 5, -0.5
484 -> 343, -2, 0.25, 5, -1.5
484 -> 343, -2, 0.25, 3, -1.5
484 -> 343, -2, 0.25, 4, -1.5
485 -> 343, -1, 1.25, 5, -2
485 -> 343, -1, 1.25, 4, -2
486 -> 343, -2, 0.75, 5, -1.5
486 -> 343, -2, 0.75, 4, -1.5
487 -> 343, -3, 1.75, 4, -1
487 -> 343, -3, 1.75, 5, -1
488 -> 343, -2, 1.75, 4, -1
488 -> 343, -2, 1.75, 3, -1
488 -> 343, -2, 1.75, 3, -0.5
488 -> 343, -2, 1.75, 2, -1
489 -> 343, -4, 1.25, 1, -0.5
490 -> 343, -4, 1.75, 1, -1
491 -> 343, -2, 1.75, 4, -2
492 -> 343, -4, 0.75, 5, -1.5
492 -> 343, -4, 0.75, 4, -1.5
492 -> 343, -4, 0.75, 1, -1.5
492 -> 343, -4, 0.75, 3, -1.5
492 -> 343, -4, 0.75, 2, -1.5
493 -> 343, -4, 1.25, 1, -2
493 -> 343, -3, 1.25, 5, -1
494 -> 343, -3, 0.75, 5, -1
495 -> 343, -4, 0.25, 3, -0.5
495 -> 343, -4, 0.25, 2, -0.5
495 -> 343, -4, 0.25, 1, -0.5
496 -> 343, -1, 1.25, 2, -2
496 -> 343, -1, 0.75, 5, -1
496 -> 343, -1, 0.75, 4, -1
497 -> 343, -3, 0.25, 5, -1.5
497 -> 343, -1, 0.75, 3, -1
498 -> 343, -4, 0.25, 1, -1
498 -> 343, -2, 0.25, 2, -0.5
499 -> 343, -1, 0.75, 5, -1.5
499 -> 343, -1, 0.75, 3, -1.5
499 -> 343, -1, 0.75, 4, -1.5
500 -> 343, -1, 0.75, 1, -1.5
500 -> 343, -1, 0.75, 2, -1.5
501 -> 343, -1, 1.75, 1, -1
501 -> 343, -1, 1.75, 5, -0.5
501 -> 343, -1, 1.75, 4, -0.5
502 -> 343, -4, 0.25, 3, -1.5
502 -> 343, -4, 0.25, 5, -1.5
502 -> 343, -5, 1.25, 2, -0.5
502 -> 343, -4, 0.25, 4, -1.5
503 -> 343, -2, 0.25, 1, -0.5
503 -> 343, -4, 1.75, 4, -2
503 -> 343, -4, 1.75, 5, -2
503 -> 343, -4, 1.75, 3, -2
503 -> 343, -4, 1.75, 2, -2
504 -> 343, -5, 0.75, 5, -0.5
504 -> 343, -5, 1.75, 5, -0.5
506 -> 343, -4, 1.75, 1, -1.5
506 -> 343, -4, 1.75, 2, -1.5
508 -> 343, -1, 0.25, 4, -1.5
508 -> 343, -1, 0.25, 5, -1.5
508 -> 343, -1, 0.25, 3, -1.5
508 -> 343, -1, 0.25, 2, -1.5
508 -> 343, -1, 0.25, 1, -1.5
509 -> 343, -4, 0.75, 2, -0.5
509 -> 343, -4, 0.75, 3, -0.5
509 -> 343, -4, 0.75, 4, -0.5
509 -> 343, -4, 1.25, 1, -1.5
510 -> 343, -4, 0.75, 1, -0.5
510 -> 343, -4, 0.25, 5, -1
510 -> 343, -3, 0.75, 4, -0.5
511 -> 343, -3, 1.75, 2, -0.5
511 -> 343, -3, 1.75, 1, -0.5
511 -> 343, -2, 1.75, 2, -0.5
511 -> 343, -2, 0.75, 1, -1
511 -> 343, -2, 0.75, 2, -1
511 -> 343, -2, 1.75, 1, -0.5
511 -> 343, -2, 0.75, 3, -1
512 -> 343, -1, 0.75, 1, -1
513 -> 343, -5, 0.25, 5, -1
514 -> 343, -3, 1.25, 4, -0.5
514 -> 343, -3, 1.25, 2, -0.5
514 -> 343, -1, 1.25, 1, -2
514 -> 343, -3, 1.25, 3, -0.5
515 -> 343, -3, 0.25, 5, -1
515 -> 343, -3, 0.25, 4, -1
517 -> 343, -2, 0.25, 1, -2
517 -> 343, -2, 0.25, 4, -2
517 -> 343, -2, 0.25, 5, -2
517 -> 343, -2, 0.25, 3, -2
517 -> 343, -2, 0.25, 2, -2
519 -> 343, -3, 0.75, 2, -0.5
519 -> 343, -3, 0.75, 1, -0.5
520 -> 343, -5, 0.25, 4, -1.5
520 -> 343, -2, 0.25, 4, -1
520 -> 343, -2, 0.25, 5, -1
520 -> 343, -2, 0.25, 3, -1
520 -> 343, -3, 0.75, 3, -0.5
521 -> 343, -5, 1.25, 5, -1
521 -> 343, -5, 1.25, 4, -1
521 -> 343, -5, 1.25, 3, -1
522 -> 343, -3, 1.25, 1, -0.5
524 -> 343, -3, 0.25, 4, -0.5
525 -> 343, -4, 0.25, 1, -1.5
525 -> 343, -4, 0.25, 2, -1.5
526 -> 343, -5, 1.25, 4, -0.5
527 -> 343, -2, 0.25, 1, -1
527 -> 343, -5, 1.25, 1, -1
527 -> 343, -2, 0.25, 2, -1
528 -> 343, -3, 0.25, 1, -1.5
528 -> 343, -3, 0.25, 3, -1.5
528 -> 343, -3, 0.25, 4, -1.5
528 -> 343, -3, 0.25, 2, -1.5
532 -> 343, -3, 0.75, 5, -2
532 -> 343, -3, 0.75, 4, -2
532 -> 343, -3, 0.75, 3, -2
532 -> 343, -3, 0.75, 2, -2
533 -> 343, -2, 1.25, 4, -0.5
533 -> 343, -2, 1.25, 5, -0.5
536 -> 343, -4, 0.75, 1, -1
536 -> 343, -4, 0.75, 2, -1
538 -> 343, -4, 0.25, 2, -1
538 -> 343, -4, 0.25, 3, -1
538 -> 343, -4, 0.25, 4, -1
539 -> 343, -5, 1.25, 4, -1.5
539 -> 343, -5, 1.25, 3, -1.5
543 -> 343, -4, 1.75, 3, -0.5
543 -> 343, -4, 1.75, 4, -0.5
544 -> 343, -3, 1.25, 5, -0.5
545 -> 343, -5, 0.25, 4, -2
545 -> 343, -5, 0.25, 5, -2
545 -> 343, -5, 0.25, 3, -2
549 -> 343, -3, 1.75, 5, -0.5
553 -> 343, -5, 0.25, 2, -2
553 -> 343, -5, 0.25, 1, -2
555 -> 343, -5, 0.25, 3, -1
555 -> 343, -5, 0.25, 4, -1
555 -> 343, -5, 0.25, 2, -1
555 -> 343, -5, 0.25, 1, -1
571 -> 343, -4, 1.75, 5, -0.5
578 -> 343, -4, 1.25, 5, -0.5
578 -> 343, -4, 1.25, 4, -0.5
584 -> 343, -5, 1.75, 3, -1
584 -> 343, -5, 1.75, 2, -1
584 -> 343, -5, 1.75, 1, -1
593 -> 343, -5, 1.75, 1, -0.5
594 -> 343, -5, 0.25, 4, -0.5
597 -> 343, -5, 0.25, 2, -0.5
597 -> 343, -5, 0.25, 1, -0.5
606 -> 343, -4, 0.25, 2, -2
606 -> 343, -4, 0.25, 5, -2
606 -> 343, -4, 0.25, 4, -2
606 -> 343, -4, 0.25, 1, -2
606 -> 343, -4, 0.25, 3, -2
606 -> 343, -5, 0.25, 3, -0.5
617 -> 343, -5, 1.75, 4, -0.5
617 -> 343, -5, 1.75, 3, -0.5
631 -> 343, -4, 1.75, 1, -0.5
631 -> 343, -4, 1.75, 2, -0.5
631 -> 343, -5, 0.75, 5, -1.5
631 -> 343, -5, 0.75, 4, -1.5
631 -> 343, -5, 0.75, 3, -1.5
634 -> 343, -5, 0.75, 1, -1.5
634 -> 343, -5, 0.75, 2, -1.5
711 -> 343, -5, 0.75, 4, -0.5
711 -> 343, -5, 0.75, 1, -0.5
711 -> 343, -5, 0.75, 3, -0.5
711 -> 343, -5, 0.75, 2, -0.5
