329 -> 150, -1, 1.25, 5, -0.5
360 -> 150, -4, 1.25, 4, -1.5
360 -> 150, -1, 1.75, 2, -0.5
361 -> 150, -4, 1.75, 4, -0.5
362 -> 150, -5, 1.75, 5, -1
363 -> 150, -2, 1.75, 4, -1
363 -> 150, -1, 1.75, 3, -0.5
364 -> 150, -3, 0.75, 3, -0.5
365 -> 150, -4, 1.75, 4, -1
365 -> 150, -4, 1.75, 5, -1
374 -> 150, -3, 0.75, 4, -2
374 -> 150, -3, 0.75, 3, -2
374 -> 150, -1, 1.75, 4, -0.5
379 -> 150, -4, 1.25, 3, -2
379 -> 150, -4, 1.25, 1, -2
379 -> 150, -4, 1.25, 2, -2
382 -> 150, -4, 1.75, 2, -1
383 -> 150, -5, 1.25, 5, -1.5
383 -> 150, -1, 1.25, 4, -0.5
383 -> 150, -4, 1.75, 3, -1
385 -> 150, -1, 1.25, 1, -1.5
385 -> 150, -1, 1.75, 3, -2
385 -> 150, -2, 1.25, 5, -1.5
385 -> 150, -1, 1.75, 2, -2
386 -> 150, -1, 1.25, 5, -2
386 -> 150, -1, 1.25, 1, -1
389 -> 150, -1, 1.75, 5, -0.5
390 -> 150, -1, 1.75, 1, -0.5
391 -> 150, -2, 1.75, 4, -0.5
391 -> 150, -2, 1.75, 5, -0.5
391 -> 150, -4, 1.25, 3, -1.5
393 -> 150, -5, 1.25, 3, -2
396 -> 150, -1, 1.75, 4, -2
396 -> 150, -1, 1.75, 5, -2
396 -> 150, -4, 1.25, 3, -0.5
397 -> 150, -5, 1.75, 5, -2
397 -> 150, -1, 0.75, 4, -1
397 -> 150, -5, 1.25, 4, -1.5
400 -> 150, -1, 0.25, 3, -1
402 -> 150, -4, 0.25, 2, -1
404 -> 150, -4, 1.75, 5, -2
406 -> 150, -4, 1.25, 5, -1
406 -> 150, -4, 1.25, 4, -2
406 -> 150, -4, 1.25, 2, -0.5
406 -> 150, -1, 1.25, 1, -0.5
407 -> 150, -4, 1.75, 4, -2
407 -> 150, -1, 1.25, 2, -0.5
407 -> 150, -5, 1.75, 2, -1.5
408 -> 150, -2, 1.25, 5, -0.5
409 -> 150, -3, 0.75, 2, -0.5
409 -> 150, -5, 1.75, 3, -1.5
409 -> 150, -5, 1.75, 5, -1.5
409 -> 150, -4, 1.25, 2, -1.5
410 -> 150, -1, 0.75, 3, -1
411 -> 150, -4, 0.75, 2, -2
411 -> 150, -4, 0.75, 1, -2
411 -> 150, -4, 0.75, 4, -2
411 -> 150, -3, 1.75, 2, -1
411 -> 150, -4, 0.75, 5, -2
411 -> 150, -3, 1.75, 1, -1
411 -> 150, -4, 0.75, 3, -2
412 -> 150, -2, 1.25, 4, -0.5
412 -> 150, -1, 1.25, 4, -2
412 -> 150, -2, 1.75, 3, -0.5
412 -> 150, -4, 1.25, 1, -0.5
412 -> 150, -1, 1.25, 3, -0.5
412 -> 150, -4, 1.75, 3, -2
412 -> 150, -4, 0.25, 1, -0.5
413 -> 150, -4, 1.75, 1, -2
413 -> 150, -1, 0.25, 5, -0.5
413 -> 150, -4, 1.75, 2, -2
413 -> 150, -1, 0.75, 5, -1
413 -> 150, -1, 0.25, 4, -0.5
414 -> 150, -3, 0.75, 1, -1.5
414 -> 150, -5, 1.75, 3, -0.5
414 -> 150, -2, 0.75, 1, -2
415 -> 150, -1, 0.25, 3, -0.5
415 -> 150, -5, 1.75, 2, -2
415 -> 150, -1, 0.25, 2, -0.5
415 -> 150, -2, 1.25, 2, -2
415 -> 150, -5, 1.75, 3, -2
415 -> 150, -2, 1.25, 3, -2
416 -> 150, -1, 0.75, 1, -0.5
417 -> 150, -3, 1.75, 5, -2
417 -> 150, -3, 0.75, 5, -2
418 -> 150, -3, 1.75, 3, -2
418 -> 150, -1, 0.75, 1, -1.5
418 -> 150, -4, 1.75, 2, -0.5
418 -> 150, -2, 1.25, 3, -1.5
418 -> 150, -3, 1.75, 4, -1.5
418 -> 150, -3, 1.75, 5, -1.5
418 -> 150, -2, 1.25, 2, -1.5
419 -> 150, -1, 1.25, 1, -2
420 -> 150, -3, 1.75, 4, -2
420 -> 150, -5, 1.25, 4, -2
420 -> 150, -3, 1.25, 1, -1
421 -> 150, -2, 0.25, 4, -1
421 -> 150, -2, 1.75, 5, -1
422 -> 150, -3, 1.75, 1, -2
422 -> 150, -2, 0.75, 1, -0.5
422 -> 150, -5, 1.75, 4, -1.5
422 -> 150, -3, 1.75, 2, -2
423 -> 150, -1, 1.25, 5, -1
423 -> 150, -1, 1.25, 3, -1
423 -> 150, -1, 0.25, 2, -2
423 -> 150, -1, 1.25, 4, -1
423 -> 150, -2, 1.25, 4, -2
423 -> 150, -4, 1.25, 5, -2
424 -> 150, -2, 1.75, 3, -1.5
424 -> 150, -2, 0.75, 4, -1.5
424 -> 150, -2, 0.75, 3, -2
424 -> 150, -3, 1.25, 5, -1.5
424 -> 150, -3, 1.25, 4, -1.5
424 -> 150, -2, 0.75, 2, -2
424 -> 150, -2, 0.75, 5, -1.5
426 -> 150, -1, 0.75, 2, -2
427 -> 150, -2, 1.75, 2, -1.5
427 -> 150, -1, 1.25, 2, -1
427 -> 150, -1, 1.75, 1, -2
427 -> 150, -5, 0.25, 4, -2
427 -> 150, -5, 0.25, 5, -2
427 -> 150, -3, 0.75, 1, -0.5
428 -> 150, -1, 0.25, 5, -1
428 -> 150, -5, 0.25, 1, -2
428 -> 150, -5, 0.25, 2, -2
428 -> 150, -5, 0.25, 3, -2
428 -> 150, -1, 0.25, 4, -1
428 -> 150, -4, 0.75, 3, -1
429 -> 150, -4, 1.25, 1, -1.5
429 -> 150, -4, 1.75, 1, -0.5
429 -> 150, -2, 1.25, 1, -2
430 -> 150, -2, 1.25, 4, -1
430 -> 150, -2, 1.25, 5, -1
431 -> 150, -4, 0.75, 1, -1
431 -> 150, -4, 0.75, 1, -1.5
431 -> 150, -4, 0.75, 2, -1
432 -> 150, -4, 0.25, 2, -1.5
432 -> 150, -4, 0.25, 3, -1.5
432 -> 150, -2, 1.25, 2, -1
432 -> 150, -4, 1.25, 3, -1
432 -> 150, -4, 1.25, 4, -1
432 -> 150, -2, 1.25, 3, -1
433 -> 150, -5, 1.25, 1, -2
433 -> 150, -2, 0.75, 5, -2
433 -> 150, -2, 0.75, 4, -2
433 -> 150, -5, 1.25, 2, -2
434 -> 150, -5, 1.25, 5, -2
434 -> 150, -4, 1.25, 2, -1
435 -> 150, -5, 1.75, 4, -2
435 -> 150, -3, 0.75, 5, -1
435 -> 150, -2, 0.75, 2, -1
435 -> 150, -2, 0.75, 4, -1
435 -> 150, -2, 0.75, 5, -1
435 -> 150, -1, 1.75, 2, -1.5
435 -> 150, -4, 0.75, 2, -0.5
436 -> 150, -5, 0.75, 1, -1
437 -> 150, -2, 1.75, 1, -2
437 -> 150, -2, 0.25, 5, -0.5
437 -> 150, -2, 1.75, 5, -1.5
437 -> 150, -3, 1.75, 5, -1
439 -> 150, -4, 0.25, 2, -2
439 -> 150, -2, 1.75, 5, -2
439 -> 150, -2, 1.25, 5, -2
441 -> 150, -1, 1.25, 2, -1.5
441 -> 150, -2, 1.25, 4, -1.5
441 -> 150, -3, 0.25, 3, -1.5
441 -> 150, -3, 0.25, 2, -1.5
442 -> 150, -4, 0.25, 1, -1.5
442 -> 150, -3, 0.25, 1, -1
442 -> 150, -3, 0.25, 2, -1
442 -> 150, -2, 1.75, 2, -1
442 -> 150, -2, 1.75, 3, -1
443 -> 150, -3, 0.25, 1, -1.5
443 -> 150, -2, 0.75, 1, -1
443 -> 150, -2, 1.75, 4, -1.5
444 -> 150, -2, 1.25, 1, -1
445 -> 150, -3, 1.75, 2, -1.5
445 -> 150, -3, 0.25, 4, -1.5
445 -> 150, -3, 0.25, 5, -1.5
445 -> 150, -3, 1.75, 4, -1
446 -> 150, -3, 1.25, 4, -2
446 -> 150, -5, 0.25, 5, -1.5
446 -> 150, -3, 1.25, 5, -2
446 -> 150, -3, 1.25, 2, -2
446 -> 150, -3, 1.25, 3, -2
447 -> 150, -3, 1.25, 5, -1
447 -> 150, -2, 1.75, 2, -2
447 -> 150, -5, 0.25, 1, -1.5
447 -> 150, -5, 0.25, 2, -1.5
447 -> 150, -2, 1.75, 4, -2
447 -> 150, -2, 1.75, 3, -2
448 -> 150, -1, 1.75, 1, -1.5
448 -> 150, -3, 0.75, 2, -2
448 -> 150, -1, 1.75, 4, -1.5
448 -> 150, -5, 1.25, 2, -1.5
448 -> 150, -5, 1.25, 3, -1.5
448 -> 150, -1, 0.25, 5, -2
449 -> 150, -1, 1.25, 3, -1.5
449 -> 150, -1, 1.25, 4, -1.5
449 -> 150, -1, 0.75, 5, -1.5
449 -> 150, -4, 0.75, 3, -1.5
449 -> 150, -1, 0.75, 1, -1
449 -> 150, -4, 0.75, 2, -1.5
449 -> 150, -1, 1.25, 5, -1.5
450 -> 150, -1, 0.25, 1, -0.5
452 -> 150, -2, 0.25, 2, -1
452 -> 150, -1, 0.25, 3, -2
452 -> 150, -1, 0.25, 4, -2
452 -> 150, -2, 0.25, 3, -1
453 -> 150, -4, 0.25, 3, -1
453 -> 150, -1, 1.25, 2, -2
453 -> 150, -4, 0.25, 5, -1
453 -> 150, -4, 0.25, 4, -1
453 -> 150, -1, 1.25, 3, -2
454 -> 150, -1, 0.75, 1, -2
455 -> 150, -2, 0.75, 3, -1
456 -> 150, -1, 0.25, 4, -1.5
456 -> 150, -4, 0.75, 1, -0.5
456 -> 150, -1, 0.25, 3, -1.5
456 -> 150, -3, 0.75, 4, -1
456 -> 150, -1, 0.25, 5, -1.5
457 -> 150, -2, 1.75, 1, -1.5
457 -> 150, -3, 1.75, 3, -1
458 -> 150, -3, 1.75, 1, -1.5
460 -> 150, -1, 0.25, 2, -1.5
461 -> 150, -5, 1.75, 2, -0.5
462 -> 150, -3, 0.25, 5, -2
463 -> 150, -4, 0.75, 5, -1
464 -> 150, -2, 1.75, 1, -1
464 -> 150, -5, 1.75, 1, -1.5
465 -> 150, -5, 1.75, 1, -0.5
465 -> 150, -5, 1.25, 1, -1.5
466 -> 150, -1, 0.25, 1, -1.5
468 -> 150, -4, 1.25, 1, -1
469 -> 150, -5, 1.75, 4, -1
469 -> 150, -5, 1.75, 3, -1
470 -> 150, -4, 0.25, 4, -1.5
470 -> 150, -2, 1.75, 1, -0.5
470 -> 150, -2, 1.75, 2, -0.5
470 -> 150, -5, 0.75, 1, -1.5
470 -> 150, -1, 0.75, 3, -2
471 -> 150, -3, 0.25, 4, -0.5
471 -> 150, -3, 0.25, 3, -0.5
471 -> 150, -2, 0.25, 1, -1
471 -> 150, -3, 0.25, 5, -0.5
472 -> 150, -3, 0.75, 3, -1
473 -> 150, -3, 0.75, 1, -1
474 -> 150, -1, 0.75, 2, -1
474 -> 150, -4, 1.75, 3, -0.5
475 -> 150, -4, 0.25, 4, -2
475 -> 150, -4, 0.25, 5, -2
475 -> 150, -4, 0.25, 3, -2
477 -> 150, -4, 1.25, 5, -1.5
477 -> 150, -4, 0.25, 5, -0.5
478 -> 150, -1, 1.75, 3, -1.5
478 -> 150, -1, 1.75, 2, -1
478 -> 150, -1, 1.75, 3, -1
478 -> 150, -3, 1.75, 3, -1.5
478 -> 150, -5, 1.75, 1, -2
478 -> 150, -1, 1.75, 1, -1
479 -> 150, -4, 0.25, 5, -1.5
479 -> 150, -1, 1.75, 4, -1
479 -> 150, -3, 0.25, 1, -2
479 -> 150, -4, 0.25, 1, -2
479 -> 150, -3, 0.25, 4, -2
479 -> 150, -3, 0.25, 3, -2
479 -> 150, -3, 0.25, 2, -2
480 -> 150, -1, 1.75, 5, -1.5
480 -> 150, -2, 1.25, 1, -1.5
481 -> 150, -2, 0.75, 2, -0.5
481 -> 150, -3, 1.25, 1, -2
481 -> 150, -4, 1.75, 5, -1.5
482 -> 150, -4, 0.25, 1, -1
482 -> 150, -3, 1.25, 3, -1.5
482 -> 150, -3, 1.25, 1, -1.5
482 -> 150, -3, 1.25, 2, -1.5
483 -> 150, -1, 0.75, 3, -1.5
483 -> 150, -5, 1.75, 1, -1
483 -> 150, -1, 0.75, 2, -1.5
483 -> 150, -1, 0.75, 4, -1.5
483 -> 150, -5, 1.75, 2, -1
484 -> 150, -1, 0.75, 2, -0.5
484 -> 150, -2, 0.25, 1, -1.5
484 -> 150, -1, 0.25, 1, -2
484 -> 150, -2, 0.25, 5, -1.5
484 -> 150, -2, 0.25, 2, -1.5
484 -> 150, -2, 0.25, 4, -1.5
484 -> 150, -2, 0.25, 3, -1.5
485 -> 150, -3, 1.25, 3, -1
485 -> 150, -3, 1.25, 4, -1
486 -> 150, -1, 0.25, 1, -1
486 -> 150, -4, 0.25, 4, -0.5
486 -> 150, -1, 0.25, 2, -1
488 -> 150, -1, 0.75, 4, -2
488 -> 150, -4, 1.75, 1, -1
488 -> 150, -1, 0.75, 5, -2
489 -> 150, -5, 0.75, 5, -1
490 -> 150, -4, 1.75, 2, -1.5
490 -> 150, -4, 1.75, 4, -1.5
490 -> 150, -4, 1.75, 3, -1.5
490 -> 150, -4, 1.75, 1, -1.5
490 -> 150, -3, 0.25, 5, -1
490 -> 150, -4, 0.75, 4, -1
492 -> 150, -3, 0.75, 2, -1
495 -> 150, -1, 1.75, 5, -1
496 -> 150, -3, 0.25, 4, -1
496 -> 150, -2, 0.25, 5, -1
496 -> 150, -3, 0.25, 3, -1
499 -> 150, -2, 1.25, 1, -0.5
499 -> 150, -2, 1.25, 3, -0.5
499 -> 150, -2, 1.25, 2, -0.5
500 -> 150, -2, 0.75, 2, -1.5
500 -> 150, -2, 0.75, 3, -1.5
500 -> 150, -1, 0.75, 3, -0.5
500 -> 150, -1, 0.75, 4, -0.5
500 -> 150, -2, 0.75, 1, -1.5
500 -> 150, -1, 0.75, 5, -0.5
502 -> 150, -5, 0.75, 2, -2
502 -> 150, -5, 0.75, 5, -2
502 -> 150, -5, 0.75, 1, -2
502 -> 150, -5, 0.75, 4, -2
502 -> 150, -5, 0.75, 3, -2
505 -> 150, -3, 0.25, 1, -0.5
505 -> 150, -3, 0.25, 2, -0.5
508 -> 150, -2, 0.25, 2, -2
508 -> 150, -2, 0.25, 5, -2
508 -> 150, -3, 0.75, 1, -2
508 -> 150, -2, 0.25, 1, -2
508 -> 150, -2, 0.25, 3, -2
508 -> 150, -2, 0.25, 4, -2
511 -> 150, -2, 0.25, 1, -0.5
512 -> 150, -5, 0.25, 4, -1.5
512 -> 150, -5, 0.25, 3, -1.5
513 -> 150, -3, 1.75, 1, -0.5
513 -> 150, -3, 1.75, 4, -0.5
513 -> 150, -3, 1.75, 3, -0.5
513 -> 150, -3, 1.75, 2, -0.5
513 -> 150, -3, 1.75, 5, -0.5
522 -> 150, -4, 0.75, 4, -1.5
522 -> 150, -4, 0.75, 5, -1.5
523 -> 150, -3, 1.25, 2, -1
524 -> 150, -4, 1.25, 5, -0.5
524 -> 150, -4, 1.25, 4, -0.5
525 -> 150, -2, 0.25, 4, -0.5
525 -> 150, -2, 0.25, 3, -0.5
525 -> 150, -2, 0.25, 2, -0.5
527 -> 150, -5, 0.25, 5, -0.5
527 -> 150, -5, 0.25, 4, -0.5
529 -> 150, -5, 0.25, 2, -0.5
529 -> 150, -5, 0.25, 3, -0.5
543 -> 150, -5, 0.25, 1, -1
544 -> 150, -5, 0.25, 5, -1
544 -> 150, -5, 0.25, 4, -1
544 -> 150, -5, 0.25, 2, -1
544 -> 150, -5, 0.25, 3, -1
547 -> 150, -5, 1.25, 1, -0.5
547 -> 150, -5, 0.75, 5, -1.5
547 -> 150, -5, 0.75, 3, -1.5
547 -> 150, -5, 0.75, 4, -1.5
547 -> 150, -5, 0.75, 2, -1.5
554 -> 150, -5, 0.75, 4, -1
554 -> 150, -5, 0.75, 2, -1
554 -> 150, -5, 0.75, 3, -1
555 -> 150, -3, 1.25, 2, -0.5
555 -> 150, -3, 1.25, 1, -0.5
557 -> 150, -4, 0.25, 2, -0.5
560 -> 150, -5, 0.25, 1, -0.5
568 -> 150, -4, 0.75, 3, -0.5
569 -> 150, -3, 0.75, 5, -1.5
569 -> 150, -3, 0.75, 4, -1.5
569 -> 150, -3, 0.75, 3, -1.5
569 -> 150, -3, 0.75, 2, -1.5
573 -> 150, -4, 0.75, 4, -0.5
584 -> 150, -2, 0.75, 5, -0.5
584 -> 150, -2, 0.75, 3, -0.5
584 -> 150, -2, 0.75, 4, -0.5
585 -> 150, -4, 0.75, 5, -0.5
585 -> 150, -5, 0.75, 4, -0.5
589 -> 150, -3, 0.75, 5, -0.5
589 -> 150, -3, 0.75, 4, -0.5
591 -> 150, -4, 1.75, 5, -0.5
599 -> 150, -5, 1.75, 4, -0.5
599 -> 150, -5, 1.75, 5, -0.5
601 -> 150, -4, 0.25, 3, -0.5
609 -> 150, -3, 1.25, 4, -0.5
609 -> 150, -3, 1.25, 3, -0.5
627 -> 150, -5, 1.25, 5, -0.5
627 -> 150, -5, 1.25, 4, -0.5
627 -> 150, -5, 1.25, 2, -0.5
627 -> 150, -5, 1.25, 3, -0.5
633 -> 150, -3, 1.25, 5, -0.5
644 -> 150, -5, 0.75, 3, -0.5
656 -> 150, -5, 1.25, 1, -1
656 -> 150, -5, 1.25, 2, -1
656 -> 150, -5, 1.25, 5, -1
656 -> 150, -5, 1.25, 3, -1
656 -> 150, -5, 1.25, 4, -1
674 -> 150, -5, 0.75, 5, -0.5
694 -> 150, -5, 0.75, 1, -0.5
694 -> 150, -5, 0.75, 2, -0.5
