349 -> 264, -3, 1.75, 1, -1.5
364 -> 264, -3, 1.25, 3, -1
373 -> 264, -2, 1.25, 1, -1
375 -> 264, -3, 1.75, 4, -1.5
377 -> 264, -2, 1.75, 5, -0.5
377 -> 264, -1, 0.75, 1, -0.5
377 -> 264, -5, 1.75, 1, -2
377 -> 264, -1, 0.75, 3, -1.5
377 -> 264, -3, 1.25, 2, -1
379 -> 264, -3, 1.75, 1, -1
379 -> 264, -3, 1.75, 2, -1
380 -> 264, -5, 1.25, 2, -1
380 -> 264, -2, 1.75, 5, -2
382 -> 264, -1, 1.75, 4, -1.5
383 -> 264, -4, 1.75, 5, -1.5
386 -> 264, -4, 1.75, 4, -1
388 -> 264, -3, 1.75, 3, -0.5
389 -> 264, -2, 1.75, 5, -1.5
389 -> 264, -2, 1.75, 4, -1.5
390 -> 264, -3, 1.75, 5, -1.5
391 -> 264, -2, 1.25, 2, -2
391 -> 264, -2, 1.25, 2, -1
392 -> 264, -3, 1.25, 1, -2
393 -> 264, -5, 0.25, 1, -2
393 -> 264, -3, 1.25, 4, -1
393 -> 264, -5, 0.25, 2, -2
393 -> 264, -5, 0.25, 3, -2
393 -> 264, -5, 0.25, 4, -2
393 -> 264, -3, 1.25, 5, -1
395 -> 264, -5, 1.75, 2, -2
395 -> 264, -2, 1.25, 3, -2
395 -> 264, -5, 1.75, 3, -2
395 -> 264, -4, 1.75, 5, -1
397 -> 264, -1, 1.75, 4, -0.5
397 -> 264, -1, 0.75, 2, -1
398 -> 264, -4, 1.75, 2, -1.5
399 -> 264, -5, 1.75, 4, -2
399 -> 264, -1, 0.75, 5, -1.5
399 -> 264, -5, 1.75, 5, -2
399 -> 264, -1, 0.75, 4, -1.5
400 -> 264, -5, 0.25, 5, -2
401 -> 264, -1, 1.75, 3, -0.5
401 -> 264, -5, 1.25, 2, -2
401 -> 264, -3, 1.25, 1, -1
402 -> 264, -4, 1.75, 3, -1
402 -> 264, -3, 0.75, 2, -0.5
404 -> 264, -3, 1.75, 5, -2
405 -> 264, -1, 1.25, 3, -0.5
407 -> 264, -3, 1.75, 2, -1.5
407 -> 264, -3, 1.25, 4, -2
407 -> 264, -3, 1.25, 3, -2
407 -> 264, -4, 1.75, 1, -1.5
408 -> 264, -2, 1.25, 1, -2
408 -> 264, -2, 1.25, 3, -0.5
408 -> 264, -1, 1.75, 4, -1
409 -> 264, -2, 1.25, 3, -1
409 -> 264, -4, 1.25, 5, -1
409 -> 264, -5, 1.25, 3, -1
412 -> 264, -5, 0.75, 1, -0.5
412 -> 264, -3, 1.75, 4, -2
413 -> 264, -2, 1.25, 2, -0.5
413 -> 264, -1, 0.75, 2, -0.5
413 -> 264, -1, 0.75, 2, -1.5
413 -> 264, -2, 1.75, 3, -0.5
413 -> 264, -5, 1.75, 1, -1.5
413 -> 264, -3, 1.75, 2, -0.5
414 -> 264, -2, 1.75, 1, -1.5
415 -> 264, -4, 1.25, 1, -1.5
415 -> 264, -1, 1.75, 3, -1.5
415 -> 264, -4, 1.25, 2, -1.5
417 -> 264, -4, 1.25, 4, -1
417 -> 264, -4, 1.25, 3, -1
419 -> 264, -1, 0.75, 4, -0.5
419 -> 264, -5, 1.75, 4, -1
420 -> 264, -5, 1.75, 4, -1.5
420 -> 264, -1, 1.25, 3, -1
420 -> 264, -5, 1.75, 3, -1.5
420 -> 264, -2, 1.25, 4, -2
420 -> 264, -3, 1.75, 3, -1
420 -> 264, -1, 1.75, 2, -1
420 -> 264, -3, 1.75, 4, -1
421 -> 264, -5, 1.75, 2, -1.5
421 -> 264, -2, 1.75, 1, -0.5
421 -> 264, -3, 0.75, 4, -1
421 -> 264, -4, 1.25, 1, -1
422 -> 264, -3, 1.25, 2, -2
422 -> 264, -1, 1.75, 5, -1.5
423 -> 264, -2, 0.25, 5, -0.5
423 -> 264, -1, 1.25, 1, -1.5
423 -> 264, -1, 1.75, 1, -1
424 -> 264, -5, 0.25, 2, -0.5
424 -> 264, -4, 1.25, 1, -2
425 -> 264, -1, 1.25, 2, -1
426 -> 264, -1, 1.75, 2, -0.5
426 -> 264, -3, 1.75, 5, -0.5
426 -> 264, -2, 0.75, 1, -1
426 -> 264, -3, 1.75, 4, -0.5
426 -> 264, -1, 1.75, 1, -0.5
426 -> 264, -2, 1.75, 4, -0.5
426 -> 264, -1, 1.25, 5, -0.5
426 -> 264, -1, 1.25, 4, -0.5
427 -> 264, -2, 1.75, 3, -2
427 -> 264, -2, 1.75, 2, -2
427 -> 264, -1, 1.75, 3, -1
427 -> 264, -2, 1.75, 4, -2
428 -> 264, -5, 1.25, 1, -2
428 -> 264, -3, 1.75, 1, -0.5
429 -> 264, -2, 1.25, 4, -1.5
429 -> 264, -2, 1.25, 3, -1.5
429 -> 264, -1, 0.75, 1, -1.5
429 -> 264, -3, 0.75, 1, -0.5
431 -> 264, -4, 0.75, 1, -1
431 -> 264, -4, 1.75, 1, -1
431 -> 264, -1, 0.25, 3, -2
431 -> 264, -1, 0.25, 4, -2
431 -> 264, -1, 1.75, 5, -2
433 -> 264, -1, 0.25, 3, -0.5
433 -> 264, -5, 1.25, 3, -2
433 -> 264, -1, 1.75, 4, -2
433 -> 264, -2, 0.25, 5, -2
433 -> 264, -1, 1.75, 2, -1.5
433 -> 264, -1, 1.75, 3, -2
433 -> 264, -1, 0.75, 3, -0.5
434 -> 264, -3, 1.75, 3, -1.5
434 -> 264, -1, 0.25, 4, -0.5
435 -> 264, -1, 0.25, 1, -1.5
435 -> 264, -2, 1.25, 5, -1
435 -> 264, -1, 0.25, 4, -1
435 -> 264, -3, 1.25, 1, -1.5
435 -> 264, -1, 0.75, 2, -2
435 -> 264, -1, 0.25, 2, -1.5
435 -> 264, -1, 0.75, 3, -2
436 -> 264, -5, 0.25, 2, -1.5
436 -> 264, -5, 0.75, 2, -2
436 -> 264, -5, 0.25, 1, -1.5
436 -> 264, -3, 1.75, 5, -1
437 -> 264, -1, 0.25, 3, -1
437 -> 264, -2, 0.75, 2, -1
438 -> 264, -4, 1.75, 4, -1.5
438 -> 264, -4, 1.75, 3, -1.5
438 -> 264, -2, 1.75, 3, -1.5
439 -> 264, -1, 1.75, 5, -1
439 -> 264, -1, 1.75, 5, -0.5
440 -> 264, -3, 1.25, 2, -1.5
440 -> 264, -3, 0.75, 3, -1
440 -> 264, -5, 1.25, 2, -1.5
441 -> 264, -1, 1.25, 1, -1
441 -> 264, -5, 0.75, 4, -2
441 -> 264, -5, 0.75, 3, -2
441 -> 264, -5, 0.75, 5, -2
441 -> 264, -4, 1.75, 5, -2
443 -> 264, -2, 0.75, 2, -0.5
443 -> 264, -1, 0.25, 2, -0.5
443 -> 264, -2, 0.25, 5, -1
443 -> 264, -2, 1.25, 5, -1.5
444 -> 264, -4, 1.25, 3, -1.5
444 -> 264, -2, 0.75, 4, -1
444 -> 264, -2, 0.75, 5, -1
444 -> 264, -2, 0.75, 3, -1
444 -> 264, -4, 1.25, 2, -1
444 -> 264, -4, 1.25, 5, -1.5
444 -> 264, -4, 1.25, 4, -1.5
445 -> 264, -1, 0.25, 2, -1
445 -> 264, -3, 0.75, 3, -0.5
446 -> 264, -4, 0.25, 5, -1
446 -> 264, -5, 1.25, 3, -1.5
446 -> 264, -4, 0.25, 4, -1
446 -> 264, -2, 1.25, 1, -1.5
446 -> 264, -2, 1.25, 2, -1.5
447 -> 264, -3, 0.75, 5, -1
447 -> 264, -2, 1.25, 5, -2
447 -> 264, -2, 1.25, 4, -1
447 -> 264, -5, 0.25, 1, -0.5
448 -> 264, -2, 1.75, 2, -1.5
448 -> 264, -3, 0.75, 2, -1
448 -> 264, -1, 0.75, 5, -1
449 -> 264, -2, 1.75, 2, -0.5
450 -> 264, -2, 0.25, 1, -0.5
450 -> 264, -3, 1.75, 2, -2
451 -> 264, -3, 0.75, 3, -2
451 -> 264, -3, 0.75, 2, -2
452 -> 264, -1, 0.25, 3, -1.5
452 -> 264, -3, 1.75, 3, -2
452 -> 264, -1, 0.25, 5, -1.5
452 -> 264, -1, 1.25, 2, -0.5
452 -> 264, -1, 0.25, 4, -1.5
452 -> 264, -5, 0.25, 4, -0.5
453 -> 264, -5, 1.75, 1, -1
454 -> 264, -4, 0.75, 5, -1
454 -> 264, -4, 0.75, 4, -1
454 -> 264, -4, 0.75, 2, -1
454 -> 264, -4, 0.75, 3, -1
455 -> 264, -5, 1.25, 4, -2
455 -> 264, -5, 1.25, 5, -2
456 -> 264, -4, 1.75, 4, -2
457 -> 264, -2, 1.75, 2, -1
457 -> 264, -1, 0.75, 1, -2
457 -> 264, -5, 1.25, 4, -1.5
457 -> 264, -1, 0.25, 1, -2
458 -> 264, -5, 1.25, 5, -1
458 -> 264, -5, 1.25, 4, -1
458 -> 264, -2, 0.25, 3, -2
458 -> 264, -2, 0.25, 2, -2
458 -> 264, -2, 0.25, 4, -2
459 -> 264, -1, 1.25, 4, -1
459 -> 264, -1, 1.25, 2, -1.5
459 -> 264, -1, 1.25, 5, -1
459 -> 264, -4, 0.25, 1, -2
459 -> 264, -4, 0.25, 2, -2
459 -> 264, -5, 1.25, 1, -1.5
460 -> 264, -1, 0.75, 1, -1
460 -> 264, -2, 1.75, 1, -2
460 -> 264, -1, 0.75, 5, -0.5
461 -> 264, -4, 1.75, 3, -2
462 -> 264, -2, 1.25, 5, -0.5
462 -> 264, -2, 1.25, 4, -0.5
463 -> 264, -3, 0.25, 1, -0.5
464 -> 264, -3, 0.75, 5, -2
464 -> 264, -3, 0.25, 5, -0.5
464 -> 264, -3, 0.75, 4, -2
465 -> 264, -3, 0.75, 4, -0.5
465 -> 264, -3, 0.75, 5, -0.5
466 -> 264, -5, 0.75, 3, -0.5
467 -> 264, -4, 1.25, 5, -2
467 -> 264, -2, 0.75, 1, -0.5
468 -> 264, -4, 1.25, 3, -2
468 -> 264, -4, 1.25, 2, -2
468 -> 264, -4, 1.25, 4, -2
468 -> 264, -1, 0.25, 5, -1
469 -> 264, -1, 1.25, 4, -2
469 -> 264, -1, 1.25, 5, -2
469 -> 264, -5, 0.75, 4, -1.5
469 -> 264, -1, 1.25, 3, -2
469 -> 264, -5, 0.75, 3, -1.5
469 -> 264, -5, 0.75, 5, -1.5
469 -> 264, -1, 1.25, 2, -2
469 -> 264, -1, 0.25, 1, -0.5
469 -> 264, -1, 1.25, 1, -2
469 -> 264, -3, 1.25, 5, -2
471 -> 264, -3, 1.75, 1, -2
471 -> 264, -2, 0.75, 5, -2
471 -> 264, -4, 0.25, 2, -1
471 -> 264, -2, 0.75, 4, -2
471 -> 264, -2, 0.75, 3, -2
471 -> 264, -4, 0.25, 3, -1
472 -> 264, -2, 1.75, 1, -1
473 -> 264, -2, 1.75, 5, -1
473 -> 264, -2, 1.75, 4, -1
473 -> 264, -1, 0.25, 5, -2
473 -> 264, -5, 1.25, 5, -1.5
474 -> 264, -3, 0.75, 1, -2
475 -> 264, -2, 0.25, 3, -1
475 -> 264, -2, 0.75, 2, -2
475 -> 264, -2, 0.75, 1, -2
475 -> 264, -4, 0.25, 1, -1.5
475 -> 264, -2, 0.25, 4, -1
475 -> 264, -5, 1.75, 5, -1.5
476 -> 264, -2, 0.75, 4, -1.5
476 -> 264, -5, 0.25, 3, -0.5
476 -> 264, -2, 0.75, 5, -1.5
477 -> 264, -2, 0.75, 4, -0.5
477 -> 264, -1, 1.75, 2, -2
477 -> 264, -1, 0.75, 3, -1
477 -> 264, -1, 0.75, 4, -1
477 -> 264, -1, 1.75, 1, -2
477 -> 264, -2, 0.75, 5, -0.5
478 -> 264, -4, 1.25, 1, -0.5
478 -> 264, -4, 0.25, 2, -1.5
478 -> 264, -4, 0.25, 3, -1.5
478 -> 264, -4, 0.25, 4, -1.5
478 -> 264, -4, 0.25, 5, -1.5
478 -> 264, -1, 0.75, 5, -2
478 -> 264, -1, 0.75, 4, -2
479 -> 264, -1, 0.25, 2, -2
481 -> 264, -3, 0.25, 5, -1.5
481 -> 264, -1, 1.25, 1, -0.5
483 -> 264, -4, 0.75, 3, -1.5
483 -> 264, -4, 0.75, 2, -1.5
483 -> 264, -4, 0.75, 1, -1.5
483 -> 264, -3, 0.25, 3, -1.5
483 -> 264, -4, 0.75, 4, -1.5
483 -> 264, -3, 0.25, 4, -1.5
483 -> 264, -4, 0.75, 5, -1.5
483 -> 264, -5, 0.75, 2, -1.5
483 -> 264, -4, 1.25, 2, -0.5
484 -> 264, -5, 0.75, 1, -1.5
484 -> 264, -4, 1.75, 1, -2
484 -> 264, -2, 0.25, 1, -2
484 -> 264, -4, 1.75, 2, -2
484 -> 264, -3, 0.25, 1, -2
484 -> 264, -2, 0.75, 3, -1.5
485 -> 264, -3, 1.25, 5, -1.5
485 -> 264, -3, 0.25, 3, -2
485 -> 264, -3, 1.25, 4, -1.5
485 -> 264, -3, 0.25, 5, -2
485 -> 264, -3, 0.25, 4, -2
485 -> 264, -3, 1.25, 3, -1.5
486 -> 264, -2, 0.75, 3, -0.5
487 -> 264, -2, 0.25, 2, -1
487 -> 264, -3, 0.25, 2, -1.5
487 -> 264, -5, 1.75, 5, -1
487 -> 264, -3, 0.25, 1, -1.5
488 -> 264, -4, 0.25, 1, -1
488 -> 264, -2, 0.25, 1, -1
489 -> 264, -2, 0.75, 2, -1.5
489 -> 264, -2, 0.75, 1, -1.5
489 -> 264, -2, 0.25, 3, -1.5
489 -> 264, -2, 0.25, 4, -1.5
489 -> 264, -2, 0.25, 1, -1.5
489 -> 264, -2, 0.25, 2, -1.5
490 -> 264, -4, 1.75, 2, -1
490 -> 264, -2, 1.75, 3, -1
491 -> 264, -5, 0.75, 1, -2
491 -> 264, -5, 1.25, 1, -1
491 -> 264, -3, 0.25, 2, -2
492 -> 264, -5, 0.25, 3, -1.5
493 -> 264, -1, 0.25, 1, -1
493 -> 264, -2, 1.25, 1, -0.5
493 -> 264, -4, 1.25, 5, -0.5
493 -> 264, -5, 0.25, 5, -1.5
493 -> 264, -3, 0.75, 1, -1
493 -> 264, -5, 0.25, 4, -1.5
496 -> 264, -2, 0.25, 2, -0.5
496 -> 264, -1, 1.25, 3, -1.5
496 -> 264, -3, 0.75, 4, -1.5
496 -> 264, -3, 0.75, 3, -1.5
496 -> 264, -1, 1.25, 5, -1.5
496 -> 264, -3, 0.75, 2, -1.5
496 -> 264, -1, 1.25, 4, -1.5
496 -> 264, -3, 0.75, 5, -1.5
496 -> 264, -3, 0.75, 1, -1.5
500 -> 264, -1, 1.75, 1, -1.5
501 -> 264, -2, 0.25, 5, -1.5
503 -> 264, -2, 0.25, 4, -0.5
503 -> 264, -4, 0.25, 3, -2
503 -> 264, -4, 0.25, 4, -2
503 -> 264, -4, 0.25, 5, -2
504 -> 264, -5, 0.25, 5, -0.5
505 -> 264, -3, 1.25, 4, -0.5
505 -> 264, -2, 0.25, 3, -0.5
505 -> 264, -3, 1.25, 5, -0.5
506 -> 264, -3, 1.25, 2, -0.5
506 -> 264, -3, 1.25, 3, -0.5
506 -> 264, -3, 1.25, 1, -0.5
510 -> 264, -1, 0.25, 5, -0.5
511 -> 264, -4, 0.75, 4, -2
511 -> 264, -5, 0.25, 2, -1
511 -> 264, -5, 0.25, 5, -1
511 -> 264, -5, 0.25, 1, -1
511 -> 264, -4, 0.75, 5, -2
511 -> 264, -4, 0.75, 3, -2
511 -> 264, -4, 0.75, 2, -2
511 -> 264, -5, 0.25, 3, -1
511 -> 264, -5, 0.25, 4, -1
512 -> 264, -4, 0.75, 1, -2
520 -> 264, -4, 0.25, 2, -0.5
520 -> 264, -4, 0.25, 3, -0.5
520 -> 264, -4, 0.25, 4, -0.5
520 -> 264, -4, 0.25, 1, -0.5
520 -> 264, -3, 0.25, 2, -0.5
520 -> 264, -3, 0.25, 3, -0.5
521 -> 264, -5, 1.75, 3, -1
521 -> 264, -5, 1.75, 2, -1
522 -> 264, -3, 0.25, 4, -0.5
529 -> 264, -4, 1.25, 3, -0.5
533 -> 264, -4, 0.25, 5, -0.5
533 -> 264, -3, 0.25, 1, -1
533 -> 264, -3, 0.25, 2, -1
535 -> 264, -3, 0.25, 5, -1
535 -> 264, -3, 0.25, 3, -1
535 -> 264, -3, 0.25, 4, -1
550 -> 264, -5, 0.75, 4, -1
550 -> 264, -5, 0.75, 3, -1
550 -> 264, -5, 0.75, 1, -1
550 -> 264, -5, 0.75, 5, -1
550 -> 264, -5, 0.75, 2, -1
551 -> 264, -5, 0.75, 2, -0.5
561 -> 264, -4, 1.25, 4, -0.5
595 -> 264, -4, 0.75, 5, -0.5
595 -> 264, -4, 0.75, 4, -0.5
595 -> 264, -4, 0.75, 1, -0.5
595 -> 264, -4, 0.75, 2, -0.5
595 -> 264, -4, 0.75, 3, -0.5
597 -> 264, -4, 1.75, 3, -0.5
597 -> 264, -4, 1.75, 1, -0.5
597 -> 264, -4, 1.75, 2, -0.5
597 -> 264, -4, 1.75, 4, -0.5
597 -> 264, -4, 1.75, 5, -0.5
608 -> 264, -5, 0.75, 4, -0.5
621 -> 264, -5, 1.75, 5, -0.5
621 -> 264, -5, 1.75, 4, -0.5
621 -> 264, -5, 1.75, 3, -0.5
621 -> 264, -5, 1.75, 2, -0.5
621 -> 264, -5, 1.75, 1, -0.5
650 -> 264, -5, 0.75, 5, -0.5
988 -> 264, -5, 1.25, 1, -0.5
988 -> 264, -5, 1.25, 2, -0.5
988 -> 264, -5, 1.25, 3, -0.5
988 -> 264, -5, 1.25, 5, -0.5
988 -> 264, -5, 1.25, 4, -0.5
