349 -> 467, -2, 1.75, 5, -0.5
352 -> 467, -5, 1.75, 5, -2
360 -> 467, -1, 0.75, 1, -0.5
363 -> 467, -3, 1.25, 1, -1.5
369 -> 467, -3, 1.25, 3, -0.5
370 -> 467, -1, 1.25, 1, -0.5
370 -> 467, -2, 1.75, 4, -0.5
373 -> 467, -1, 1.75, 3, -1
374 -> 467, -4, 1.75, 2, -2
374 -> 467, -4, 1.75, 3, -2
375 -> 467, -4, 1.25, 1, -1
376 -> 467, -3, 0.75, 4, -1.5
380 -> 467, -4, 1.75, 1, -1
380 -> 467, -3, 0.75, 4, -1
380 -> 467, -1, 1.75, 4, -0.5
382 -> 467, -1, 1.75, 4, -1.5
382 -> 467, -1, 1.75, 3, -1.5
383 -> 467, -3, 1.75, 5, -1
383 -> 467, -5, 0.75, 4, -0.5
386 -> 467, -1, 0.75, 5, -1
387 -> 467, -2, 0.75, 3, -0.5
387 -> 467, -2, 0.75, 4, -0.5
391 -> 467, -2, 1.75, 2, -1
391 -> 467, -4, 1.25, 1, -1.5
393 -> 467, -2, 0.75, 4, -2
393 -> 467, -5, 1.75, 4, -1
393 -> 467, -2, 0.75, 5, -2
395 -> 467, -1, 1.75, 1, -1
395 -> 467, -3, 1.25, 2, -1.5
396 -> 467, -2, 0.75, 1, -2
396 -> 467, -1, 1.25, 5, -0.5
398 -> 467, -4, 1.75, 5, -1
398 -> 467, -2, 1.75, 3, -2
398 -> 467, -2, 1.75, 2, -2
399 -> 467, -3, 1.25, 5, -0.5
401 -> 467, -5, 1.25, 1, -0.5
402 -> 467, -5, 0.75, 1, -1.5
402 -> 467, -3, 1.25, 4, -0.5
402 -> 467, -1, 1.25, 5, -2
403 -> 467, -2, 1.75, 1, -1
403 -> 467, -3, 1.75, 5, -0.5
404 -> 467, -4, 0.75, 2, -1.5
404 -> 467, -4, 0.75, 1, -1.5
406 -> 467, -1, 1.75, 2, -2
407 -> 467, -1, 0.25, 5, -1
408 -> 467, -1, 1.25, 2, -0.5
408 -> 467, -3, 1.75, 4, -0.5
408 -> 467, -1, 1.25, 5, -1.5
409 -> 467, -5, 1.25, 3, -1.5
409 -> 467, -2, 1.75, 2, -0.5
409 -> 467, -5, 1.25, 4, -1.5
410 -> 467, -3, 1.25, 5, -1.5
410 -> 467, -3, 0.75, 3, -1
410 -> 467, -3, 0.75, 1, -1
410 -> 467, -3, 0.75, 2, -1
410 -> 467, -5, 0.75, 5, -0.5
411 -> 467, -2, 0.75, 5, -0.5
411 -> 467, -3, 1.75, 1, -2
411 -> 467, -1, 1.75, 4, -1
411 -> 467, -1, 1.75, 1, -2
411 -> 467, -2, 0.75, 2, -2
411 -> 467, -2, 0.75, 3, -2
412 -> 467, -3, 1.25, 3, -1
412 -> 467, -2, 1.75, 3, -0.5
412 -> 467, -1, 1.25, 1, -1
413 -> 467, -2, 1.75, 1, -2
414 -> 467, -1, 1.75, 3, -2
414 -> 467, -1, 1.75, 3, -0.5
414 -> 467, -5, 0.25, 3, -0.5
414 -> 467, -5, 1.75, 2, -2
414 -> 467, -4, 0.75, 5, -1
415 -> 467, -2, 1.75, 5, -2
415 -> 467, -2, 1.75, 4, -2
415 -> 467, -5, 1.75, 2, -1.5
416 -> 467, -3, 0.25, 3, -0.5
416 -> 467, -3, 0.75, 5, -1.5
416 -> 467, -1, 0.25, 2, -0.5
418 -> 467, -2, 1.25, 5, -1.5
418 -> 467, -2, 1.25, 4, -1.5
418 -> 467, -2, 1.75, 1, -0.5
419 -> 467, -2, 0.25, 1, -2
419 -> 467, -5, 1.25, 5, -1.5
420 -> 467, -1, 1.25, 5, -1
420 -> 467, -1, 1.25, 4, -1
421 -> 467, -5, 1.75, 4, -2
422 -> 467, -2, 0.25, 2, -2
422 -> 467, -1, 0.75, 2, -2
422 -> 467, -3, 0.75, 2, -0.5
422 -> 467, -1, 0.75, 3, -2
422 -> 467, -1, 0.75, 4, -2
422 -> 467, -2, 0.25, 5, -2
423 -> 467, -1, 1.25, 4, -2
423 -> 467, -5, 1.25, 1, -1
424 -> 467, -2, 0.75, 2, -0.5
424 -> 467, -1, 1.75, 2, -0.5
424 -> 467, -3, 0.75, 5, -1
425 -> 467, -2, 0.75, 1, -1
425 -> 467, -4, 1.75, 4, -0.5
425 -> 467, -3, 1.25, 2, -2
425 -> 467, -3, 1.25, 1, -2
425 -> 467, -5, 1.75, 3, -1
425 -> 467, -3, 1.25, 3, -2
425 -> 467, -3, 1.25, 4, -2
425 -> 467, -4, 0.75, 2, -1
426 -> 467, -4, 1.75, 2, -1.5
426 -> 467, -1, 1.25, 1, -2
427 -> 467, -5, 1.75, 5, -1
427 -> 467, -3, 0.75, 5, -0.5
428 -> 467, -2, 1.25, 4, -1
428 -> 467, -2, 1.25, 3, -1
428 -> 467, -2, 1.25, 5, -1
428 -> 467, -3, 1.75, 5, -1.5
428 -> 467, -3, 1.75, 4, -1.5
429 -> 467, -3, 0.75, 1, -1.5
429 -> 467, -3, 0.75, 2, -1.5
430 -> 467, -3, 1.75, 3, -1.5
430 -> 467, -1, 0.75, 3, -1.5
431 -> 467, -2, 0.75, 3, -1.5
431 -> 467, -2, 0.75, 2, -1.5
431 -> 467, -2, 0.75, 5, -1.5
431 -> 467, -3, 1.75, 5, -2
431 -> 467, -3, 0.25, 2, -0.5
431 -> 467, -2, 0.75, 4, -1.5
432 -> 467, -1, 0.75, 4, -1
432 -> 467, -5, 1.25, 1, -2
432 -> 467, -5, 1.25, 2, -2
433 -> 467, -1, 0.75, 1, -1.5
433 -> 467, -1, 1.25, 4, -0.5
434 -> 467, -1, 0.75, 5, -0.5
434 -> 467, -5, 1.25, 2, -1.5
435 -> 467, -1, 0.25, 2, -2
435 -> 467, -1, 0.25, 1, -2
437 -> 467, -1, 1.75, 1, -0.5
437 -> 467, -4, 1.75, 1, -2
438 -> 467, -1, 0.75, 3, -1
438 -> 467, -1, 0.75, 2, -1
438 -> 467, -1, 1.75, 5, -0.5
439 -> 467, -3, 0.75, 3, -1.5
439 -> 467, -1, 0.25, 1, -0.5
440 -> 467, -4, 0.75, 3, -1
440 -> 467, -2, 0.75, 3, -1
440 -> 467, -2, 0.75, 2, -1
440 -> 467, -4, 0.75, 4, -1
440 -> 467, -2, 0.75, 4, -1
441 -> 467, -2, 0.25, 4, -2
441 -> 467, -2, 0.25, 3, -2
441 -> 467, -1, 1.75, 5, -1
441 -> 467, -2, 0.75, 5, -1
441 -> 467, -4, 1.25, 3, -1.5
441 -> 467, -4, 1.25, 4, -1.5
441 -> 467, -4, 1.25, 5, -1.5
441 -> 467, -4, 1.25, 2, -1.5
442 -> 467, -1, 1.75, 1, -1.5
443 -> 467, -2, 1.25, 2, -1
444 -> 467, -4, 1.75, 1, -1.5
444 -> 467, -4, 1.75, 3, -1.5
444 -> 467, -4, 1.75, 4, -1.5
444 -> 467, -4, 1.75, 5, -1.5
444 -> 467, -1, 1.25, 2, -1
444 -> 467, -2, 1.25, 5, -2
444 -> 467, -2, 1.25, 2, -2
444 -> 467, -2, 1.25, 3, -2
444 -> 467, -2, 1.25, 1, -1
444 -> 467, -2, 1.25, 4, -2
445 -> 467, -5, 0.25, 2, -0.5
445 -> 467, -4, 0.75, 4, -1.5
445 -> 467, -3, 0.75, 4, -0.5
445 -> 467, -1, 0.75, 1, -1
445 -> 467, -4, 1.75, 5, -2
445 -> 467, -3, 0.75, 3, -0.5
445 -> 467, -4, 0.75, 3, -1.5
445 -> 467, -4, 1.75, 4, -2
445 -> 467, -3, 1.25, 3, -1.5
445 -> 467, -3, 1.25, 4, -1.5
445 -> 467, -3, 1.25, 5, -2
446 -> 467, -5, 1.75, 1, -2
446 -> 467, -1, 1.25, 3, -2
447 -> 467, -1, 1.25, 3, -1
448 -> 467, -3, 1.75, 3, -0.5
448 -> 467, -2, 0.25, 3, -1
448 -> 467, -2, 0.25, 4, -1
448 -> 467, -2, 0.25, 5, -1
448 -> 467, -2, 1.25, 3, -1.5
449 -> 467, -5, 0.25, 5, -1
449 -> 467, -5, 0.25, 3, -1
449 -> 467, -3, 1.75, 4, -2
449 -> 467, -5, 0.25, 4, -1
449 -> 467, -1, 1.75, 2, -1
449 -> 467, -3, 1.75, 2, -2
449 -> 467, -3, 1.75, 3, -2
449 -> 467, -5, 0.25, 2, -1
449 -> 467, -2, 1.75, 5, -1
450 -> 467, -1, 0.25, 1, -1
450 -> 467, -2, 1.75, 2, -1.5
450 -> 467, -3, 1.25, 4, -1
450 -> 467, -5, 1.25, 3, -1
450 -> 467, -3, 1.25, 2, -1
451 -> 467, -2, 1.75, 4, -1.5
451 -> 467, -2, 1.75, 5, -1.5
451 -> 467, -4, 0.75, 1, -1
452 -> 467, -2, 0.75, 1, -1.5
452 -> 467, -2, 1.75, 3, -1.5
453 -> 467, -5, 1.25, 4, -1
453 -> 467, -1, 1.75, 2, -1.5
454 -> 467, -4, 1.25, 4, -2
454 -> 467, -2, 1.25, 2, -1.5
454 -> 467, -1, 1.25, 2, -1.5
454 -> 467, -2, 1.75, 1, -1.5
455 -> 467, -4, 1.25, 5, -2
455 -> 467, -1, 0.25, 4, -1
455 -> 467, -1, 0.25, 3, -1
455 -> 467, -1, 0.25, 2, -1
456 -> 467, -3, 1.25, 5, -1
456 -> 467, -2, 1.25, 1, -2
456 -> 467, -1, 1.25, 2, -2
457 -> 467, -4, 0.25, 3, -0.5
457 -> 467, -4, 0.25, 3, -1.5
457 -> 467, -4, 0.25, 4, -0.5
457 -> 467, -4, 0.25, 5, -0.5
457 -> 467, -4, 1.75, 2, -1
457 -> 467, -4, 0.25, 2, -1.5
457 -> 467, -3, 1.75, 1, -1.5
460 -> 467, -5, 0.25, 4, -0.5
460 -> 467, -1, 0.75, 5, -2
460 -> 467, -3, 0.75, 1, -0.5
461 -> 467, -5, 0.75, 5, -2
461 -> 467, -5, 0.75, 4, -2
461 -> 467, -5, 0.75, 3, -2
461 -> 467, -4, 0.25, 1, -0.5
462 -> 467, -4, 0.75, 1, -2
462 -> 467, -4, 1.25, 3, -1
462 -> 467, -4, 0.75, 4, -2
462 -> 467, -4, 0.75, 3, -2
462 -> 467, -4, 0.75, 2, -2
462 -> 467, -4, 0.75, 5, -2
463 -> 467, -1, 1.75, 5, -1.5
463 -> 467, -2, 0.25, 3, -1.5
463 -> 467, -2, 0.25, 2, -1.5
464 -> 467, -5, 1.75, 5, -1.5
464 -> 467, -5, 1.75, 4, -1.5
465 -> 467, -1, 0.25, 5, -1.5
465 -> 467, -1, 0.25, 4, -1.5
465 -> 467, -5, 0.25, 1, -0.5
465 -> 467, -3, 0.25, 4, -0.5
465 -> 467, -3, 0.25, 3, -1
465 -> 467, -1, 0.25, 4, -0.5
465 -> 467, -1, 0.25, 3, -0.5
465 -> 467, -1, 0.25, 5, -0.5
466 -> 467, -2, 0.25, 5, -1.5
466 -> 467, -5, 0.25, 1, -1
466 -> 467, -2, 0.25, 4, -1.5
467 -> 467, -5, 1.25, 2, -1
468 -> 467, -1, 0.75, 2, -1.5
468 -> 467, -2, 0.25, 1, -1.5
469 -> 467, -1, 0.75, 1, -2
474 -> 467, -3, 1.75, 2, -1.5
474 -> 467, -2, 1.25, 1, -1.5
475 -> 467, -5, 1.75, 1, -1.5
475 -> 467, -1, 0.75, 4, -0.5
476 -> 467, -1, 1.25, 3, -0.5
477 -> 467, -2, 0.25, 1, -0.5
477 -> 467, -5, 1.25, 5, -1
477 -> 467, -5, 0.75, 1, -2
477 -> 467, -5, 0.75, 2, -2
478 -> 467, -4, 0.75, 5, -1.5
478 -> 467, -1, 1.25, 4, -1.5
479 -> 467, -1, 1.25, 3, -1.5
479 -> 467, -2, 1.25, 1, -0.5
479 -> 467, -2, 1.25, 2, -0.5
480 -> 467, -3, 1.75, 3, -1
480 -> 467, -3, 1.75, 4, -1
483 -> 467, -3, 0.25, 1, -1
483 -> 467, -2, 0.25, 1, -1
483 -> 467, -2, 0.25, 2, -1
483 -> 467, -5, 0.25, 5, -2
484 -> 467, -2, 0.25, 2, -0.5
484 -> 467, -2, 0.25, 5, -0.5
484 -> 467, -2, 0.25, 4, -0.5
484 -> 467, -2, 0.25, 3, -0.5
485 -> 467, -1, 0.75, 5, -1.5
485 -> 467, -1, 0.75, 4, -1.5
486 -> 467, -5, 0.25, 1, -1.5
486 -> 467, -5, 0.25, 4, -1.5
486 -> 467, -1, 1.75, 4, -2
486 -> 467, -5, 0.25, 2, -1.5
486 -> 467, -5, 0.25, 3, -1.5
486 -> 467, -1, 1.75, 5, -2
487 -> 467, -5, 0.75, 2, -1.5
487 -> 467, -5, 0.75, 3, -1.5
487 -> 467, -4, 1.25, 1, -2
488 -> 467, -5, 0.25, 4, -2
490 -> 467, -5, 1.75, 2, -1
491 -> 467, -4, 0.25, 4, -1.5
491 -> 467, -4, 0.25, 5, -1.5
492 -> 467, -4, 1.25, 3, -2
492 -> 467, -4, 0.25, 2, -2
492 -> 467, -4, 0.25, 1, -2
492 -> 467, -4, 0.25, 4, -2
492 -> 467, -4, 0.25, 5, -2
492 -> 467, -4, 0.25, 3, -2
492 -> 467, -4, 1.25, 2, -1
492 -> 467, -3, 1.25, 1, -1
493 -> 467, -4, 1.25, 5, -1
495 -> 467, -5, 1.75, 3, -2
495 -> 467, -3, 0.75, 5, -2
495 -> 467, -1, 1.25, 1, -1.5
495 -> 467, -3, 0.75, 4, -2
495 -> 467, -3, 0.75, 3, -2
495 -> 467, -3, 0.25, 2, -1
495 -> 467, -3, 0.75, 2, -2
495 -> 467, -3, 0.75, 1, -2
495 -> 467, -3, 0.25, 5, -1
496 -> 467, -3, 0.25, 4, -2
496 -> 467, -3, 0.25, 3, -2
496 -> 467, -3, 0.25, 5, -2
496 -> 467, -3, 0.25, 2, -2
496 -> 467, -4, 1.25, 4, -1
496 -> 467, -3, 0.25, 1, -2
497 -> 467, -1, 0.25, 5, -2
497 -> 467, -1, 0.75, 3, -0.5
497 -> 467, -2, 1.25, 3, -0.5
497 -> 467, -1, 0.25, 4, -2
497 -> 467, -2, 1.25, 4, -0.5
498 -> 467, -4, 1.75, 5, -0.5
498 -> 467, -2, 0.75, 1, -0.5
498 -> 467, -1, 0.75, 2, -0.5
499 -> 467, -4, 0.25, 2, -1
499 -> 467, -4, 0.25, 3, -1
499 -> 467, -4, 0.25, 4, -1
499 -> 467, -4, 0.25, 5, -1
499 -> 467, -5, 0.25, 3, -2
499 -> 467, -4, 0.25, 1, -1
499 -> 467, -5, 0.25, 2, -2
499 -> 467, -5, 0.25, 1, -2
499 -> 467, -4, 0.25, 2, -0.5
499 -> 467, -5, 1.75, 1, -0.5
500 -> 467, -1, 0.25, 3, -1.5
500 -> 467, -1, 0.25, 1, -1.5
500 -> 467, -1, 0.25, 2, -1.5
500 -> 467, -3, 0.25, 1, -0.5
500 -> 467, -5, 0.25, 5, -1.5
501 -> 467, -4, 0.75, 5, -0.5
501 -> 467, -4, 0.75, 4, -0.5
501 -> 467, -4, 0.75, 3, -0.5
510 -> 467, -4, 1.75, 3, -1
510 -> 467, -5, 1.75, 3, -1.5
510 -> 467, -4, 1.75, 4, -1
513 -> 467, -5, 1.75, 2, -0.5
515 -> 467, -4, 1.75, 3, -0.5
515 -> 467, -4, 1.25, 1, -0.5
515 -> 467, -4, 1.75, 2, -0.5
515 -> 467, -4, 1.25, 2, -0.5
516 -> 467, -1, 0.25, 3, -2
517 -> 467, -2, 1.75, 4, -1
517 -> 467, -5, 0.75, 1, -1
517 -> 467, -4, 1.75, 1, -0.5
517 -> 467, -2, 1.75, 3, -1
518 -> 467, -3, 0.25, 5, -0.5
519 -> 467, -5, 1.25, 1, -1.5
523 -> 467, -3, 1.75, 2, -0.5
524 -> 467, -3, 1.75, 2, -1
524 -> 467, -3, 1.75, 1, -1
526 -> 467, -5, 0.25, 5, -0.5
527 -> 467, -3, 0.25, 4, -1
529 -> 467, -3, 0.25, 3, -1.5
529 -> 467, -3, 0.25, 1, -1.5
529 -> 467, -3, 0.25, 2, -1.5
529 -> 467, -3, 0.25, 4, -1.5
529 -> 467, -3, 0.25, 5, -1.5
530 -> 467, -3, 1.25, 1, -0.5
530 -> 467, -3, 1.25, 2, -0.5
532 -> 467, -5, 1.25, 3, -2
532 -> 467, -5, 1.25, 5, -2
532 -> 467, -5, 1.25, 4, -2
534 -> 467, -5, 1.75, 5, -0.5
534 -> 467, -5, 1.75, 4, -0.5
535 -> 467, -4, 0.25, 1, -1.5
536 -> 467, -2, 1.25, 5, -0.5
542 -> 467, -5, 1.75, 3, -0.5
545 -> 467, -3, 1.75, 1, -0.5
555 -> 467, -5, 1.25, 4, -0.5
555 -> 467, -5, 1.25, 3, -0.5
555 -> 467, -5, 1.25, 5, -0.5
567 -> 467, -4, 1.25, 2, -2
571 -> 467, -5, 0.75, 5, -1.5
571 -> 467, -5, 0.75, 4, -1.5
574 -> 467, -5, 0.75, 5, -1
574 -> 467, -5, 0.75, 4, -1
584 -> 467, -5, 1.25, 2, -0.5
586 -> 467, -5, 0.75, 1, -0.5
591 -> 467, -5, 0.75, 3, -0.5
591 -> 467, -5, 0.75, 2, -0.5
617 -> 467, -5, 1.75, 1, -1
641 -> 467, -5, 0.75, 3, -1
641 -> 467, -5, 0.75, 2, -1
642 -> 467, -4, 1.25, 3, -0.5
642 -> 467, -4, 1.25, 5, -0.5
642 -> 467, -4, 1.25, 4, -0.5
661 -> 467, -4, 0.75, 2, -0.5
782 -> 467, -4, 0.75, 1, -0.5
