287 -> 252, -5, 0.25, 2, -2
337 -> 252, -5, 0.25, 1, -2
343 -> 252, -2, 1.25, 3, -0.5
346 -> 252, -1, 1.75, 1, -0.5
355 -> 252, -1, 1.25, 3, -1.5
370 -> 252, -3, 1.75, 4, -0.5
372 -> 252, -1, 1.75, 3, -0.5
373 -> 252, -1, 1.25, 5, -1.5
373 -> 252, -4, 1.25, 2, -1
374 -> 252, -2, 1.25, 5, -0.5
374 -> 252, -1, 1.25, 4, -1.5
374 -> 252, -2, 1.25, 4, -0.5
378 -> 252, -1, 1.25, 1, -0.5
378 -> 252, -2, 1.75, 1, -0.5
378 -> 252, -5, 0.75, 2, -0.5
378 -> 252, -3, 1.75, 5, -0.5
383 -> 252, -2, 1.25, 4, -1
384 -> 252, -4, 0.75, 5, -0.5
385 -> 252, -1, 1.75, 2, -0.5
386 -> 252, -1, 1.25, 5, -0.5
388 -> 252, -1, 1.25, 4, -0.5
392 -> 252, -2, 0.25, 5, -2
392 -> 252, -1, 1.75, 2, -1
392 -> 252, -5, 0.75, 2, -2
392 -> 252, -5, 0.75, 3, -2
392 -> 252, -5, 0.75, 4, -2
392 -> 252, -5, 0.75, 5, -2
392 -> 252, -2, 0.25, 4, -2
393 -> 252, -2, 1.25, 3, -1
396 -> 252, -5, 0.75, 1, -2
397 -> 252, -1, 1.75, 1, -1
397 -> 252, -1, 1.75, 5, -1
397 -> 252, -1, 0.25, 2, -1
398 -> 252, -1, 1.75, 4, -2
398 -> 252, -1, 1.75, 3, -2
400 -> 252, -4, 0.75, 2, -0.5
400 -> 252, -2, 1.75, 5, -1
401 -> 252, -4, 1.75, 4, -0.5
405 -> 252, -1, 0.75, 2, -0.5
406 -> 252, -2, 1.75, 3, -0.5
406 -> 252, -2, 1.75, 2, -0.5
407 -> 252, -2, 1.25, 1, -1
407 -> 252, -1, 1.75, 1, -1.5
408 -> 252, -1, 1.75, 4, -1
408 -> 252, -2, 1.75, 4, -1
408 -> 252, -1, 1.75, 3, -1
409 -> 252, -2, 1.25, 3, -1.5
411 -> 252, -2, 1.25, 2, -0.5
412 -> 252, -2, 1.25, 4, -1.5
412 -> 252, -1, 1.25, 3, -1
412 -> 252, -2, 1.25, 5, -1.5
412 -> 252, -1, 1.25, 2, -1
412 -> 252, -1, 0.75, 1, -0.5
413 -> 252, -2, 0.75, 2, -0.5
413 -> 252, -1, 1.25, 1, -1.5
413 -> 252, -4, 1.75, 1, -2
413 -> 252, -4, 1.75, 3, -1
413 -> 252, -1, 1.25, 2, -1.5
413 -> 252, -2, 0.75, 3, -0.5
415 -> 252, -1, 1.25, 5, -1
415 -> 252, -1, 1.25, 2, -0.5
417 -> 252, -1, 1.25, 4, -1
417 -> 252, -4, 1.75, 5, -0.5
419 -> 252, -3, 1.75, 4, -2
420 -> 252, -3, 1.25, 5, -2
420 -> 252, -5, 1.25, 3, -2
420 -> 252, -5, 1.25, 2, -2
420 -> 252, -5, 1.75, 3, -2
420 -> 252, -5, 1.75, 4, -2
420 -> 252, -5, 1.25, 1, -2
420 -> 252, -4, 0.75, 4, -0.5
420 -> 252, -5, 1.75, 5, -2
420 -> 252, -4, 1.75, 2, -0.5
422 -> 252, -2, 1.25, 5, -2
422 -> 252, -5, 1.75, 3, -1
422 -> 252, -5, 1.75, 2, -2
422 -> 252, -4, 1.75, 4, -2
423 -> 252, -5, 0.25, 2, -0.5
424 -> 252, -4, 1.25, 4, -2
424 -> 252, -4, 1.25, 3, -2
424 -> 252, -1, 1.25, 1, -1
425 -> 252, -2, 1.75, 4, -0.5
425 -> 252, -2, 1.75, 5, -0.5
426 -> 252, -3, 1.25, 4, -1
427 -> 252, -5, 0.25, 5, -2
427 -> 252, -5, 0.25, 4, -2
427 -> 252, -1, 1.75, 4, -0.5
427 -> 252, -1, 0.75, 3, -0.5
427 -> 252, -5, 0.25, 3, -2
427 -> 252, -3, 1.75, 3, -2
429 -> 252, -3, 1.75, 5, -1
430 -> 252, -4, 1.25, 5, -2
431 -> 252, -2, 1.75, 5, -1.5
431 -> 252, -5, 0.25, 4, -0.5
432 -> 252, -5, 0.75, 1, -0.5
432 -> 252, -2, 1.75, 2, -1.5
432 -> 252, -3, 1.75, 2, -2
433 -> 252, -1, 0.75, 3, -1
433 -> 252, -5, 1.75, 1, -2
433 -> 252, -1, 0.75, 2, -1
433 -> 252, -1, 0.75, 1, -1
433 -> 252, -3, 0.25, 2, -0.5
433 -> 252, -3, 0.25, 1, -0.5
434 -> 252, -1, 0.25, 5, -1
434 -> 252, -1, 1.25, 2, -2
434 -> 252, -3, 1.75, 5, -2
434 -> 252, -4, 0.75, 3, -0.5
434 -> 252, -1, 1.75, 2, -1.5
434 -> 252, -1, 0.25, 4, -1
435 -> 252, -5, 0.75, 1, -1
436 -> 252, -4, 1.75, 2, -2
436 -> 252, -4, 1.75, 3, -2
436 -> 252, -1, 0.75, 2, -1.5
438 -> 252, -1, 0.75, 2, -2
438 -> 252, -1, 0.75, 1, -2
438 -> 252, -1, 0.75, 3, -2
438 -> 252, -3, 1.25, 3, -1
439 -> 252, -4, 0.75, 3, -1
439 -> 252, -2, 0.75, 5, -0.5
439 -> 252, -4, 0.75, 2, -1
440 -> 252, -2, 1.75, 3, -1
440 -> 252, -2, 1.25, 5, -1
440 -> 252, -4, 1.75, 1, -1
440 -> 252, -2, 1.75, 2, -1
440 -> 252, -4, 1.75, 2, -1
440 -> 252, -1, 0.25, 1, -0.5
440 -> 252, -2, 0.25, 2, -2
440 -> 252, -2, 0.25, 3, -2
441 -> 252, -3, 1.25, 1, -2
441 -> 252, -4, 1.25, 1, -2
441 -> 252, -4, 1.25, 2, -2
442 -> 252, -2, 0.75, 1, -1
442 -> 252, -2, 1.75, 4, -1.5
442 -> 252, -2, 1.75, 3, -1.5
443 -> 252, -5, 0.75, 3, -0.5
444 -> 252, -2, 1.75, 1, -1.5
444 -> 252, -1, 1.75, 5, -0.5
445 -> 252, -2, 0.75, 5, -2
445 -> 252, -2, 1.25, 1, -0.5
446 -> 252, -1, 0.75, 5, -1.5
446 -> 252, -1, 1.75, 2, -2
446 -> 252, -2, 1.75, 5, -2
447 -> 252, -4, 1.75, 5, -2
447 -> 252, -1, 0.25, 3, -1
448 -> 252, -4, 0.75, 4, -1.5
448 -> 252, -4, 1.75, 5, -1
448 -> 252, -4, 1.75, 4, -1
448 -> 252, -2, 1.25, 1, -1.5
448 -> 252, -4, 0.75, 5, -1.5
448 -> 252, -2, 1.25, 2, -1.5
450 -> 252, -4, 0.75, 1, -2
450 -> 252, -4, 1.75, 5, -1.5
450 -> 252, -3, 1.75, 1, -2
450 -> 252, -1, 1.25, 3, -0.5
450 -> 252, -4, 0.75, 4, -1
450 -> 252, -4, 0.75, 4, -2
450 -> 252, -4, 0.75, 3, -2
450 -> 252, -4, 0.75, 5, -2
450 -> 252, -5, 1.75, 4, -1
450 -> 252, -4, 0.75, 2, -2
451 -> 252, -1, 0.75, 4, -2
451 -> 252, -3, 0.75, 1, -2
451 -> 252, -3, 1.75, 3, -1.5
451 -> 252, -5, 0.75, 4, -1.5
451 -> 252, -3, 1.75, 4, -1.5
451 -> 252, -1, 0.75, 5, -2
451 -> 252, -5, 0.75, 5, -1.5
452 -> 252, -3, 0.25, 4, -1.5
452 -> 252, -3, 0.25, 2, -1.5
452 -> 252, -3, 0.25, 3, -1.5
453 -> 252, -1, 1.75, 4, -1.5
453 -> 252, -1, 1.75, 3, -1.5
453 -> 252, -1, 1.75, 5, -1.5
454 -> 252, -1, 0.25, 1, -2
455 -> 252, -5, 0.75, 3, -1.5
455 -> 252, -5, 0.75, 1, -1.5
455 -> 252, -5, 0.75, 2, -1.5
457 -> 252, -1, 0.25, 1, -1
457 -> 252, -1, 0.75, 1, -1.5
457 -> 252, -1, 0.25, 5, -2
457 -> 252, -1, 0.25, 4, -2
458 -> 252, -5, 0.25, 1, -1
458 -> 252, -5, 1.75, 2, -1
459 -> 252, -3, 1.75, 1, -1.5
459 -> 252, -3, 1.75, 2, -1.5
460 -> 252, -3, 0.75, 1, -0.5
461 -> 252, -4, 1.75, 1, -0.5
461 -> 252, -4, 1.75, 4, -1.5
461 -> 252, -3, 1.25, 1, -0.5
461 -> 252, -5, 1.25, 5, -2
461 -> 252, -2, 0.75, 4, -1
461 -> 252, -5, 1.25, 4, -2
462 -> 252, -1, 0.25, 4, -0.5
462 -> 252, -5, 0.25, 4, -1
462 -> 252, -5, 0.25, 3, -1
463 -> 252, -1, 0.75, 5, -0.5
463 -> 252, -1, 0.75, 4, -0.5
463 -> 252, -1, 0.75, 4, -1
463 -> 252, -4, 1.25, 1, -1.5
463 -> 252, -1, 0.75, 5, -1
463 -> 252, -5, 0.25, 2, -1
464 -> 252, -2, 0.25, 1, -0.5
464 -> 252, -2, 0.25, 1, -2
464 -> 252, -2, 1.75, 3, -2
464 -> 252, -2, 1.75, 4, -2
465 -> 252, -3, 1.25, 2, -1
465 -> 252, -2, 0.75, 5, -1.5
465 -> 252, -2, 0.75, 3, -1.5
465 -> 252, -4, 0.25, 4, -1
465 -> 252, -2, 0.75, 4, -1.5
467 -> 252, -3, 0.25, 5, -2
467 -> 252, -3, 0.25, 4, -2
467 -> 252, -1, 1.75, 1, -2
467 -> 252, -3, 0.25, 2, -2
467 -> 252, -3, 0.25, 1, -2
467 -> 252, -3, 0.25, 3, -2
468 -> 252, -4, 1.75, 1, -1.5
468 -> 252, -2, 1.25, 2, -1
468 -> 252, -5, 0.75, 5, -1
468 -> 252, -2, 1.25, 4, -2
468 -> 252, -5, 0.75, 4, -1
468 -> 252, -5, 0.75, 3, -1
469 -> 252, -3, 0.25, 5, -0.5
470 -> 252, -4, 1.25, 3, -1.5
470 -> 252, -5, 1.75, 5, -1
470 -> 252, -2, 1.75, 1, -2
470 -> 252, -2, 1.75, 2, -2
470 -> 252, -2, 0.75, 2, -1.5
470 -> 252, -4, 1.25, 2, -1.5
470 -> 252, -4, 1.25, 5, -1.5
470 -> 252, -4, 1.25, 4, -1.5
470 -> 252, -3, 1.25, 3, -2
470 -> 252, -3, 1.25, 4, -2
471 -> 252, -1, 1.25, 1, -2
471 -> 252, -2, 1.75, 1, -1
472 -> 252, -2, 0.75, 5, -1
472 -> 252, -2, 0.25, 5, -1
472 -> 252, -2, 0.75, 1, -2
472 -> 252, -2, 0.25, 4, -1
472 -> 252, -3, 0.25, 5, -1.5
472 -> 252, -2, 0.75, 2, -2
473 -> 252, -1, 1.25, 4, -2
473 -> 252, -1, 1.25, 5, -2
473 -> 252, -2, 0.75, 2, -1
473 -> 252, -1, 1.25, 3, -2
474 -> 252, -2, 1.25, 1, -2
475 -> 252, -1, 0.25, 2, -0.5
475 -> 252, -2, 0.75, 4, -0.5
475 -> 252, -5, 0.75, 2, -1
477 -> 252, -2, 1.25, 3, -2
477 -> 252, -5, 0.25, 5, -1
477 -> 252, -1, 0.25, 5, -0.5
478 -> 252, -2, 1.25, 2, -2
479 -> 252, -4, 0.75, 2, -1.5
479 -> 252, -4, 1.75, 3, -1.5
479 -> 252, -4, 0.75, 3, -1.5
479 -> 252, -4, 1.75, 2, -1.5
479 -> 252, -4, 0.75, 1, -1.5
479 -> 252, -3, 1.25, 5, -1
480 -> 252, -2, 0.75, 1, -0.5
480 -> 252, -4, 0.25, 1, -2
480 -> 252, -2, 0.25, 1, -1
480 -> 252, -4, 0.25, 2, -2
481 -> 252, -3, 1.75, 5, -1.5
481 -> 252, -1, 0.25, 2, -2
481 -> 252, -1, 0.25, 3, -2
482 -> 252, -2, 0.25, 5, -1.5
482 -> 252, -2, 0.25, 5, -0.5
482 -> 252, -2, 0.25, 4, -0.5
482 -> 252, -3, 1.25, 2, -2
483 -> 252, -2, 0.25, 3, -1.5
483 -> 252, -2, 0.25, 2, -0.5
483 -> 252, -2, 0.25, 4, -1.5
484 -> 252, -4, 0.25, 2, -1.5
484 -> 252, -4, 0.25, 3, -1.5
484 -> 252, -4, 0.25, 1, -1.5
484 -> 252, -2, 0.75, 1, -1.5
485 -> 252, -4, 0.25, 4, -1.5
485 -> 252, -4, 0.25, 5, -1.5
486 -> 252, -1, 0.75, 4, -1.5
486 -> 252, -1, 0.75, 3, -1.5
488 -> 252, -3, 0.75, 3, -2
488 -> 252, -3, 0.75, 2, -2
488 -> 252, -3, 0.75, 4, -2
488 -> 252, -3, 0.75, 5, -2
488 -> 252, -1, 1.75, 5, -2
490 -> 252, -1, 0.25, 5, -1.5
490 -> 252, -3, 0.75, 1, -1
490 -> 252, -1, 0.25, 4, -1.5
491 -> 252, -3, 1.25, 3, -1.5
491 -> 252, -3, 1.25, 4, -1.5
491 -> 252, -3, 1.25, 2, -1.5
491 -> 252, -3, 1.25, 5, -1.5
491 -> 252, -3, 1.25, 1, -1.5
491 -> 252, -4, 0.75, 5, -1
492 -> 252, -3, 1.25, 1, -1
492 -> 252, -3, 0.75, 5, -1.5
492 -> 252, -3, 0.75, 4, -1.5
492 -> 252, -3, 0.75, 3, -1.5
492 -> 252, -3, 0.75, 2, -1.5
493 -> 252, -5, 0.25, 3, -0.5
493 -> 252, -2, 0.75, 4, -2
494 -> 252, -1, 0.25, 3, -1.5
494 -> 252, -1, 0.25, 2, -1.5
494 -> 252, -1, 0.25, 1, -1.5
495 -> 252, -3, 0.25, 4, -0.5
495 -> 252, -3, 0.25, 3, -0.5
495 -> 252, -3, 1.25, 5, -0.5
495 -> 252, -3, 1.25, 4, -0.5
495 -> 252, -3, 0.75, 1, -1.5
495 -> 252, -3, 1.25, 3, -0.5
496 -> 252, -4, 0.25, 3, -0.5
496 -> 252, -4, 0.25, 4, -0.5
496 -> 252, -4, 0.25, 5, -0.5
496 -> 252, -2, 0.75, 3, -2
496 -> 252, -4, 0.25, 1, -0.5
496 -> 252, -4, 0.25, 2, -0.5
498 -> 252, -3, 1.25, 2, -0.5
499 -> 252, -2, 0.25, 2, -1
499 -> 252, -2, 0.25, 3, -1
499 -> 252, -2, 0.75, 3, -1
500 -> 252, -3, 1.75, 1, -0.5
500 -> 252, -4, 0.75, 1, -1
500 -> 252, -3, 1.75, 3, -0.5
500 -> 252, -3, 1.75, 2, -0.5
501 -> 252, -4, 0.25, 5, -2
501 -> 252, -4, 0.25, 4, -2
502 -> 252, -2, 0.25, 3, -0.5
505 -> 252, -3, 1.75, 3, -1
505 -> 252, -3, 1.75, 2, -1
506 -> 252, -3, 1.75, 4, -1
507 -> 252, -5, 0.25, 5, -0.5
509 -> 252, -4, 0.25, 3, -2
515 -> 252, -3, 0.75, 4, -1
515 -> 252, -3, 0.75, 2, -1
515 -> 252, -3, 0.75, 5, -1
515 -> 252, -3, 0.75, 3, -1
518 -> 252, -5, 1.75, 1, -1
521 -> 252, -3, 0.25, 1, -1
521 -> 252, -3, 0.25, 2, -1
522 -> 252, -4, 1.25, 5, -1
522 -> 252, -4, 1.25, 3, -1
522 -> 252, -4, 1.25, 4, -1
531 -> 252, -4, 0.25, 5, -1
535 -> 252, -3, 0.25, 1, -1.5
536 -> 252, -5, 1.75, 3, -1.5
536 -> 252, -5, 1.75, 5, -1.5
536 -> 252, -5, 1.75, 1, -1.5
536 -> 252, -5, 1.75, 4, -1.5
536 -> 252, -5, 1.75, 2, -1.5
537 -> 252, -3, 0.25, 5, -1
537 -> 252, -3, 0.25, 4, -1
537 -> 252, -3, 0.25, 3, -1
546 -> 252, -5, 1.25, 1, -1.5
546 -> 252, -5, 1.25, 2, -1.5
546 -> 252, -5, 1.25, 4, -1.5
546 -> 252, -5, 1.25, 5, -1.5
546 -> 252, -5, 1.25, 3, -1.5
546 -> 252, -2, 0.25, 2, -1.5
546 -> 252, -2, 0.25, 1, -1.5
547 -> 252, -4, 1.75, 3, -0.5
553 -> 252, -5, 0.25, 5, -1.5
553 -> 252, -5, 0.25, 4, -1.5
553 -> 252, -5, 0.25, 3, -1.5
553 -> 252, -5, 0.25, 2, -1.5
553 -> 252, -5, 0.25, 1, -1.5
556 -> 252, -3, 0.75, 4, -0.5
556 -> 252, -3, 0.75, 5, -0.5
556 -> 252, -4, 0.75, 1, -0.5
557 -> 252, -3, 0.75, 3, -0.5
557 -> 252, -3, 0.75, 2, -0.5
559 -> 252, -1, 0.25, 3, -0.5
603 -> 252, -4, 1.25, 1, -1
607 -> 252, -3, 1.75, 1, -1
609 -> 252, -5, 0.25, 1, -0.5
618 -> 252, -4, 0.25, 2, -1
618 -> 252, -4, 0.25, 3, -1
618 -> 252, -4, 0.25, 1, -1
631 -> 252, -5, 1.25, 4, -1
631 -> 252, -5, 1.25, 2, -1
631 -> 252, -5, 1.25, 5, -1
631 -> 252, -5, 1.25, 1, -1
631 -> 252, -5, 1.25, 3, -1
651 -> 252, -5, 0.75, 5, -0.5
651 -> 252, -5, 0.75, 4, -0.5
672 -> 252, -4, 1.25, 2, -0.5
672 -> 252, -4, 1.25, 4, -0.5
672 -> 252, -4, 1.25, 3, -0.5
672 -> 252, -4, 1.25, 1, -0.5
672 -> 252, -4, 1.25, 5, -0.5
687 -> 252, -5, 1.75, 3, -0.5
687 -> 252, -5, 1.75, 5, -0.5
687 -> 252, -5, 1.75, 4, -0.5
752 -> 252, -5, 1.75, 2, -0.5
752 -> 252, -5, 1.75, 1, -0.5
863 -> 252, -5, 1.25, 1, -0.5
863 -> 252, -5, 1.25, 5, -0.5
863 -> 252, -5, 1.25, 2, -0.5
863 -> 252, -5, 1.25, 4, -0.5
863 -> 252, -5, 1.25, 3, -0.5
