328 -> 132, -5, 1.75, 4, -1.5
339 -> 132, -5, 1.75, 1, -2
341 -> 132, -2, 0.75, 3, -0.5
351 -> 132, -5, 1.75, 2, -2
351 -> 132, -5, 1.75, 5, -1.5
361 -> 132, -5, 0.75, 1, -1.5
362 -> 132, -3, 1.25, 4, -1
362 -> 132, -3, 1.25, 2, -1.5
364 -> 132, -1, 0.75, 4, -0.5
364 -> 132, -3, 1.75, 5, -2
366 -> 132, -5, 1.75, 4, -2
367 -> 132, -3, 1.25, 1, -1.5
369 -> 132, -5, 1.25, 2, -2
371 -> 132, -1, 0.25, 4, -0.5
371 -> 132, -1, 0.25, 5, -0.5
374 -> 132, -4, 0.25, 5, -1
374 -> 132, -3, 1.25, 3, -1
374 -> 132, -4, 0.25, 3, -1
374 -> 132, -4, 0.25, 4, -1
374 -> 132, -4, 0.75, 3, -1
375 -> 132, -4, 0.75, 4, -0.5
375 -> 132, -4, 0.75, 3, -0.5
377 -> 132, -3, 1.75, 5, -1
378 -> 132, -5, 1.75, 3, -1.5
380 -> 132, -5, 1.75, 1, -1.5
380 -> 132, -1, 1.75, 2, -0.5
380 -> 132, -3, 0.75, 1, -1
380 -> 132, -5, 0.75, 4, -2
380 -> 132, -5, 0.75, 5, -2
381 -> 132, -5, 0.75, 5, -1
381 -> 132, -1, 1.75, 1, -0.5
382 -> 132, -3, 1.75, 4, -1
382 -> 132, -5, 1.25, 1, -2
384 -> 132, -5, 1.25, 3, -1.5
385 -> 132, -2, 0.75, 5, -0.5
387 -> 132, -4, 1.75, 2, -1.5
387 -> 132, -5, 0.25, 3, -2
387 -> 132, -5, 0.25, 4, -2
387 -> 132, -4, 1.75, 1, -1.5
388 -> 132, -2, 1.75, 5, -1
389 -> 132, -2, 0.75, 3, -2
390 -> 132, -4, 1.25, 2, -2
390 -> 132, -3, 1.75, 1, -1
390 -> 132, -3, 1.75, 2, -1.5
392 -> 132, -3, 1.25, 5, -1.5
392 -> 132, -3, 1.75, 5, -1.5
393 -> 132, -4, 1.25, 3, -1.5
393 -> 132, -3, 1.25, 3, -2
393 -> 132, -3, 1.25, 4, -2
393 -> 132, -5, 0.75, 3, -1
393 -> 132, -1, 1.75, 5, -0.5
393 -> 132, -3, 1.25, 5, -2
393 -> 132, -5, 0.75, 4, -1
394 -> 132, -1, 1.75, 2, -1
395 -> 132, -5, 0.75, 2, -1.5
395 -> 132, -3, 0.75, 2, -2
395 -> 132, -3, 0.75, 3, -2
395 -> 132, -3, 1.75, 2, -1
395 -> 132, -4, 1.25, 1, -1.5
395 -> 132, -5, 0.75, 4, -1.5
395 -> 132, -5, 0.75, 3, -1.5
395 -> 132, -5, 0.75, 5, -1.5
395 -> 132, -1, 1.25, 4, -0.5
396 -> 132, -4, 1.75, 3, -2
396 -> 132, -4, 1.75, 2, -2
396 -> 132, -1, 1.25, 3, -0.5
396 -> 132, -4, 1.75, 1, -2
396 -> 132, -3, 1.25, 1, -2
396 -> 132, -3, 1.25, 2, -2
396 -> 132, -4, 1.75, 4, -2
397 -> 132, -1, 0.75, 1, -1
397 -> 132, -1, 1.25, 2, -0.5
398 -> 132, -3, 0.25, 5, -2
398 -> 132, -1, 1.75, 1, -1
399 -> 132, -3, 0.75, 5, -0.5
399 -> 132, -2, 0.25, 2, -0.5
399 -> 132, -2, 1.75, 5, -2
399 -> 132, -2, 1.75, 4, -2
399 -> 132, -1, 1.75, 1, -2
399 -> 132, -1, 1.75, 2, -2
399 -> 132, -3, 0.75, 1, -2
400 -> 132, -5, 1.25, 5, -2
400 -> 132, -4, 1.75, 4, -1
400 -> 132, -1, 1.25, 1, -1
401 -> 132, -2, 1.25, 5, -2
401 -> 132, -3, 1.25, 3, -0.5
401 -> 132, -3, 1.75, 3, -1
401 -> 132, -2, 1.25, 4, -2
402 -> 132, -1, 0.75, 2, -1.5
402 -> 132, -4, 1.75, 5, -2
402 -> 132, -5, 0.75, 3, -2
402 -> 132, -5, 0.75, 2, -2
402 -> 132, -5, 0.75, 1, -2
402 -> 132, -5, 1.75, 3, -1
403 -> 132, -2, 0.75, 4, -2
403 -> 132, -2, 0.75, 5, -2
403 -> 132, -1, 1.75, 4, -0.5
403 -> 132, -2, 1.75, 1, -0.5
405 -> 132, -2, 0.75, 2, -2
405 -> 132, -2, 0.75, 1, -0.5
406 -> 132, -2, 1.75, 1, -1.5
406 -> 132, -4, 1.25, 1, -2
407 -> 132, -4, 0.75, 5, -2
407 -> 132, -2, 1.25, 1, -1
407 -> 132, -5, 1.25, 3, -1
407 -> 132, -2, 1.25, 4, -0.5
407 -> 132, -2, 1.25, 3, -0.5
407 -> 132, -1, 1.75, 3, -2
407 -> 132, -5, 1.25, 4, -1
408 -> 132, -3, 0.25, 2, -2
408 -> 132, -4, 1.75, 5, -1
408 -> 132, -1, 0.75, 3, -0.5
408 -> 132, -3, 0.25, 3, -2
408 -> 132, -4, 1.25, 2, -1.5
409 -> 132, -4, 0.25, 4, -2
409 -> 132, -3, 0.25, 3, -1
409 -> 132, -3, 0.25, 4, -1
409 -> 132, -4, 0.25, 5, -2
409 -> 132, -3, 0.25, 5, -1
409 -> 132, -1, 0.25, 3, -0.5
410 -> 132, -3, 0.75, 4, -0.5
410 -> 132, -4, 0.25, 5, -1.5
410 -> 132, -4, 0.25, 4, -1.5
411 -> 132, -3, 1.25, 5, -0.5
411 -> 132, -5, 1.75, 3, -2
411 -> 132, -5, 0.25, 1, -2
411 -> 132, -5, 0.25, 2, -2
412 -> 132, -4, 0.75, 2, -2
412 -> 132, -3, 1.25, 4, -0.5
412 -> 132, -1, 1.25, 1, -2
413 -> 132, -3, 1.25, 2, -1
413 -> 132, -4, 0.75, 1, -1.5
414 -> 132, -5, 1.25, 4, -2
414 -> 132, -4, 0.75, 1, -2
414 -> 132, -2, 1.75, 1, -2
414 -> 132, -2, 1.75, 3, -2
415 -> 132, -4, 0.75, 5, -0.5
416 -> 132, -3, 0.25, 4, -2
417 -> 132, -2, 1.75, 4, -1.5
417 -> 132, -1, 1.25, 3, -1
417 -> 132, -5, 0.75, 2, -1
417 -> 132, -2, 1.75, 3, -1.5
417 -> 132, -3, 1.75, 5, -0.5
417 -> 132, -5, 0.75, 1, -1
417 -> 132, -1, 1.25, 2, -1
418 -> 132, -5, 1.75, 4, -1
418 -> 132, -5, 1.75, 5, -1
418 -> 132, -3, 0.75, 4, -2
418 -> 132, -3, 0.75, 5, -2
418 -> 132, -1, 1.25, 5, -1.5
419 -> 132, -4, 0.75, 5, -1.5
420 -> 132, -4, 1.25, 1, -1
420 -> 132, -3, 1.75, 3, -1.5
420 -> 132, -4, 1.25, 4, -1
420 -> 132, -3, 1.75, 4, -1.5
420 -> 132, -4, 1.25, 3, -1
420 -> 132, -5, 0.75, 5, -0.5
420 -> 132, -4, 1.25, 2, -1
420 -> 132, -3, 0.25, 1, -1.5
421 -> 132, -1, 1.75, 4, -1.5
422 -> 132, -4, 0.75, 4, -1.5
422 -> 132, -3, 0.75, 1, -1.5
422 -> 132, -4, 0.75, 3, -2
422 -> 132, -4, 0.75, 3, -1.5
422 -> 132, -3, 0.75, 2, -1.5
422 -> 132, -3, 0.75, 3, -1.5
423 -> 132, -5, 0.25, 5, -2
423 -> 132, -5, 1.25, 3, -2
423 -> 132, -2, 0.75, 2, -0.5
423 -> 132, -4, 0.75, 2, -1.5
424 -> 132, -5, 1.25, 2, -1.5
424 -> 132, -5, 0.25, 5, -1
424 -> 132, -5, 1.25, 1, -1.5
424 -> 132, -4, 0.75, 4, -2
424 -> 132, -3, 1.75, 1, -1.5
426 -> 132, -3, 0.75, 3, -0.5
426 -> 132, -3, 1.75, 2, -2
426 -> 132, -1, 0.75, 2, -1
426 -> 132, -3, 1.75, 3, -2
426 -> 132, -3, 0.25, 4, -0.5
426 -> 132, -3, 1.25, 1, -1
426 -> 132, -3, 1.75, 1, -2
426 -> 132, -2, 0.25, 1, -0.5
426 -> 132, -3, 1.25, 4, -1.5
426 -> 132, -1, 1.25, 5, -1
426 -> 132, -3, 1.75, 4, -2
427 -> 132, -3, 0.25, 2, -1
427 -> 132, -2, 1.25, 3, -1
428 -> 132, -2, 1.75, 2, -2
428 -> 132, -5, 1.75, 2, -1.5
428 -> 132, -3, 0.25, 1, -1
428 -> 132, -1, 1.75, 3, -1.5
428 -> 132, -1, 1.75, 2, -1.5
428 -> 132, -1, 1.25, 2, -1.5
429 -> 132, -3, 1.25, 3, -1.5
429 -> 132, -1, 1.25, 4, -2
429 -> 132, -1, 1.25, 5, -2
429 -> 132, -3, 0.25, 1, -2
430 -> 132, -3, 1.75, 1, -0.5
430 -> 132, -2, 1.25, 4, -1.5
431 -> 132, -1, 1.25, 3, -1.5
431 -> 132, -3, 0.25, 3, -1.5
431 -> 132, -1, 1.75, 5, -2
431 -> 132, -3, 0.25, 2, -1.5
431 -> 132, -2, 0.75, 1, -2
431 -> 132, -1, 0.75, 5, -2
431 -> 132, -1, 0.75, 4, -2
433 -> 132, -1, 0.75, 5, -1
434 -> 132, -4, 0.75, 2, -1
434 -> 132, -2, 0.25, 5, -0.5
434 -> 132, -5, 0.25, 2, -1
434 -> 132, -2, 1.25, 5, -1.5
434 -> 132, -1, 1.25, 4, -1
435 -> 132, -3, 0.75, 3, -1
435 -> 132, -4, 1.25, 4, -1.5
436 -> 132, -2, 1.25, 3, -1.5
436 -> 132, -2, 1.25, 2, -1.5
436 -> 132, -1, 1.25, 4, -1.5
436 -> 132, -1, 1.25, 1, -0.5
436 -> 132, -2, 1.75, 2, -1.5
438 -> 132, -4, 0.75, 4, -1
438 -> 132, -4, 0.75, 5, -1
438 -> 132, -1, 0.25, 1, -0.5
438 -> 132, -2, 1.25, 1, -2
438 -> 132, -2, 1.25, 2, -2
439 -> 132, -1, 0.75, 2, -2
439 -> 132, -1, 0.75, 5, -1.5
439 -> 132, -3, 0.25, 4, -1.5
439 -> 132, -1, 0.75, 1, -2
439 -> 132, -3, 0.25, 5, -1.5
439 -> 132, -1, 1.25, 1, -1.5
439 -> 132, -1, 0.75, 4, -1.5
439 -> 132, -2, 1.25, 1, -1.5
440 -> 132, -4, 1.25, 5, -2
440 -> 132, -4, 1.25, 4, -2
440 -> 132, -4, 1.25, 3, -2
440 -> 132, -1, 1.25, 2, -2
441 -> 132, -4, 0.75, 1, -1
441 -> 132, -2, 0.75, 1, -1
441 -> 132, -2, 1.25, 4, -1
441 -> 132, -5, 1.75, 5, -2
441 -> 132, -1, 1.25, 5, -0.5
442 -> 132, -1, 1.75, 5, -1.5
442 -> 132, -3, 0.25, 2, -0.5
442 -> 132, -3, 0.75, 2, -0.5
442 -> 132, -1, 1.75, 1, -1.5
443 -> 132, -1, 1.75, 4, -2
444 -> 132, -1, 1.75, 3, -0.5
445 -> 132, -3, 0.75, 4, -1.5
445 -> 132, -3, 0.75, 5, -1.5
445 -> 132, -1, 0.75, 1, -1.5
446 -> 132, -1, 0.75, 3, -1.5
446 -> 132, -3, 1.75, 4, -0.5
448 -> 132, -4, 1.25, 5, -1.5
449 -> 132, -1, 1.25, 3, -2
450 -> 132, -3, 0.75, 2, -1
450 -> 132, -5, 1.25, 2, -1
450 -> 132, -2, 1.25, 5, -1
450 -> 132, -5, 1.25, 1, -1
451 -> 132, -1, 0.25, 2, -0.5
451 -> 132, -2, 1.75, 5, -1.5
451 -> 132, -3, 0.75, 4, -1
451 -> 132, -1, 0.75, 3, -2
453 -> 132, -2, 1.25, 2, -1
454 -> 132, -5, 1.25, 5, -1.5
454 -> 132, -5, 1.25, 4, -1.5
455 -> 132, -2, 0.75, 1, -1.5
457 -> 132, -2, 0.75, 2, -1.5
457 -> 132, -2, 0.75, 3, -1.5
457 -> 132, -3, 0.75, 5, -1
458 -> 132, -5, 0.25, 3, -1
458 -> 132, -5, 0.25, 4, -1
459 -> 132, -2, 0.25, 5, -2
459 -> 132, -2, 0.25, 4, -2
459 -> 132, -2, 0.25, 1, -2
459 -> 132, -2, 0.25, 2, -2
459 -> 132, -2, 0.25, 3, -2
461 -> 132, -1, 0.25, 1, -2
461 -> 132, -1, 0.25, 2, -2
461 -> 132, -1, 0.25, 3, -2
463 -> 132, -1, 0.75, 1, -0.5
463 -> 132, -1, 0.75, 5, -0.5
463 -> 132, -2, 1.75, 2, -1
463 -> 132, -1, 0.75, 2, -0.5
463 -> 132, -2, 0.75, 5, -1.5
463 -> 132, -2, 1.75, 1, -1
464 -> 132, -2, 0.75, 4, -1.5
465 -> 132, -2, 1.25, 3, -2
466 -> 132, -4, 1.75, 1, -0.5
467 -> 132, -4, 1.25, 5, -1
468 -> 132, -1, 0.25, 5, -2
468 -> 132, -2, 0.25, 4, -0.5
468 -> 132, -1, 0.25, 4, -2
470 -> 132, -2, 1.75, 4, -1
470 -> 132, -2, 1.75, 3, -1
471 -> 132, -4, 0.25, 3, -1.5
471 -> 132, -4, 0.25, 1, -1.5
471 -> 132, -4, 0.25, 2, -1.5
473 -> 132, -3, 1.25, 1, -0.5
474 -> 132, -2, 0.25, 3, -0.5
475 -> 132, -5, 1.25, 5, -1
475 -> 132, -1, 0.75, 4, -1
475 -> 132, -1, 0.75, 3, -1
480 -> 132, -4, 1.75, 4, -1.5
480 -> 132, -4, 1.75, 3, -1.5
480 -> 132, -4, 1.75, 5, -1.5
480 -> 132, -1, 1.75, 5, -1
480 -> 132, -2, 1.25, 5, -0.5
481 -> 132, -3, 1.25, 2, -0.5
483 -> 132, -2, 0.25, 1, -1.5
484 -> 132, -1, 0.25, 3, -1.5
485 -> 132, -2, 0.25, 4, -1.5
485 -> 132, -3, 0.25, 5, -0.5
485 -> 132, -2, 0.25, 3, -1.5
485 -> 132, -2, 0.25, 5, -1
485 -> 132, -2, 0.25, 3, -1
485 -> 132, -2, 0.25, 5, -1.5
485 -> 132, -2, 0.25, 4, -1
485 -> 132, -2, 0.25, 2, -1.5
487 -> 132, -5, 0.25, 4, -1.5
487 -> 132, -1, 0.25, 2, -1.5
487 -> 132, -1, 0.25, 1, -1.5
487 -> 132, -5, 0.25, 5, -1.5
489 -> 132, -1, 0.25, 5, -1.5
489 -> 132, -3, 0.25, 1, -0.5
489 -> 132, -1, 0.25, 4, -1.5
491 -> 132, -5, 0.75, 3, -0.5
492 -> 132, -4, 0.25, 2, -2
492 -> 132, -4, 0.25, 3, -2
493 -> 132, -4, 0.25, 1, -2
494 -> 132, -3, 1.25, 5, -1
496 -> 132, -1, 0.25, 5, -1
496 -> 132, -1, 0.25, 3, -1
496 -> 132, -1, 0.25, 4, -1
496 -> 132, -1, 0.25, 2, -1
496 -> 132, -1, 0.25, 1, -1
496 -> 132, -5, 0.25, 2, -1.5
496 -> 132, -5, 0.25, 3, -1.5
497 -> 132, -4, 0.25, 2, -1
500 -> 132, -4, 0.25, 1, -1
501 -> 132, -5, 0.25, 1, -1.5
504 -> 132, -3, 0.25, 3, -0.5
504 -> 132, -3, 1.75, 2, -0.5
507 -> 132, -2, 0.75, 4, -0.5
509 -> 132, -2, 1.25, 2, -0.5
509 -> 132, -2, 1.25, 1, -0.5
516 -> 132, -1, 1.75, 4, -1
516 -> 132, -1, 1.75, 3, -1
516 -> 132, -5, 0.75, 2, -0.5
519 -> 132, -2, 1.75, 4, -0.5
519 -> 132, -2, 1.75, 5, -0.5
521 -> 132, -2, 0.25, 2, -1
521 -> 132, -2, 0.25, 1, -1
525 -> 132, -4, 1.75, 3, -0.5
525 -> 132, -4, 1.75, 5, -0.5
525 -> 132, -4, 1.75, 2, -0.5
525 -> 132, -4, 1.75, 4, -0.5
533 -> 132, -5, 0.25, 1, -1
539 -> 132, -4, 0.25, 4, -0.5
547 -> 132, -2, 0.75, 4, -1
547 -> 132, -2, 0.75, 3, -1
547 -> 132, -2, 0.75, 2, -1
547 -> 132, -2, 0.75, 5, -1
549 -> 132, -5, 0.25, 3, -0.5
549 -> 132, -5, 0.25, 4, -0.5
549 -> 132, -5, 0.25, 5, -0.5
550 -> 132, -5, 0.25, 2, -0.5
550 -> 132, -5, 0.25, 1, -0.5
554 -> 132, -2, 1.75, 2, -0.5
554 -> 132, -2, 1.75, 3, -0.5
561 -> 132, -5, 0.75, 4, -0.5
566 -> 132, -4, 0.75, 1, -0.5
568 -> 132, -4, 1.75, 1, -1
568 -> 132, -4, 1.75, 2, -1
568 -> 132, -4, 1.75, 3, -1
577 -> 132, -4, 1.25, 1, -0.5
577 -> 132, -4, 1.25, 2, -0.5
577 -> 132, -4, 1.25, 5, -0.5
577 -> 132, -4, 1.25, 4, -0.5
577 -> 132, -4, 1.25, 3, -0.5
582 -> 132, -4, 0.25, 5, -0.5
588 -> 132, -4, 0.75, 2, -0.5
593 -> 132, -5, 1.75, 3, -0.5
593 -> 132, -5, 1.75, 5, -0.5
593 -> 132, -5, 1.75, 4, -0.5
593 -> 132, -3, 1.75, 3, -0.5
593 -> 132, -5, 1.75, 2, -0.5
600 -> 132, -5, 1.75, 1, -1
600 -> 132, -5, 1.75, 2, -1
615 -> 132, -5, 1.75, 1, -0.5
629 -> 132, -5, 0.75, 1, -0.5
652 -> 132, -3, 0.75, 1, -0.5
729 -> 132, -4, 0.25, 2, -0.5
729 -> 132, -4, 0.25, 1, -0.5
729 -> 132, -4, 0.25, 3, -0.5
764 -> 132, -5, 1.25, 4, -0.5
764 -> 132, -5, 1.25, 1, -0.5
764 -> 132, -5, 1.25, 3, -0.5
764 -> 132, -5, 1.25, 2, -0.5
764 -> 132, -5, 1.25, 5, -0.5
