360 -> 225, -4, 1.75, 2, -0.5
360 -> 225, -4, 1.75, 3, -0.5
360 -> 225, -4, 1.75, 4, -0.5
362 -> 225, -2, 1.25, 3, -1
364 -> 225, -1, 1.75, 3, -0.5
365 -> 225, -2, 1.25, 4, -1
365 -> 225, -2, 1.25, 5, -1
375 -> 225, -3, 0.75, 4, -0.5
375 -> 225, -3, 0.75, 3, -0.5
375 -> 225, -3, 1.75, 4, -1.5
376 -> 225, -3, 1.75, 5, -1.5
376 -> 225, -2, 1.25, 1, -0.5
377 -> 225, -4, 1.25, 5, -2
381 -> 225, -2, 0.75, 4, -1
385 -> 225, -2, 0.75, 1, -0.5
386 -> 225, -2, 1.25, 2, -0.5
387 -> 225, -3, 1.75, 1, -1.5
387 -> 225, -3, 1.75, 3, -1.5
387 -> 225, -3, 1.75, 2, -1.5
389 -> 225, -2, 0.75, 5, -0.5
389 -> 225, -1, 1.75, 3, -2
391 -> 225, -1, 1.75, 2, -2
391 -> 225, -1, 1.75, 4, -0.5
392 -> 225, -5, 1.75, 2, -1
392 -> 225, -3, 1.25, 3, -0.5
394 -> 225, -2, 0.75, 5, -1
395 -> 225, -2, 0.75, 2, -1
395 -> 225, -2, 0.75, 3, -1
395 -> 225, -5, 0.25, 2, -1
396 -> 225, -1, 1.25, 1, -1.5
397 -> 225, -5, 0.75, 1, -2
397 -> 225, -5, 0.75, 3, -2
397 -> 225, -5, 0.75, 2, -2
397 -> 225, -3, 1.25, 3, -1
399 -> 225, -3, 1.25, 4, -1
399 -> 225, -3, 1.25, 5, -1
400 -> 225, -4, 1.25, 5, -1
400 -> 225, -3, 0.75, 1, -1
401 -> 225, -3, 1.25, 4, -0.5
402 -> 225, -1, 1.25, 5, -1.5
404 -> 225, -2, 1.75, 1, -0.5
404 -> 225, -2, 1.25, 3, -0.5
406 -> 225, -2, 0.75, 2, -0.5
406 -> 225, -1, 1.25, 4, -1.5
407 -> 225, -4, 0.25, 3, -1.5
407 -> 225, -3, 1.75, 1, -2
408 -> 225, -4, 0.25, 4, -1.5
408 -> 225, -2, 0.75, 1, -1
408 -> 225, -4, 0.25, 5, -1.5
409 -> 225, -1, 1.25, 4, -0.5
409 -> 225, -2, 1.25, 2, -1.5
409 -> 225, -3, 1.25, 5, -0.5
410 -> 225, -4, 0.75, 3, -1
410 -> 225, -4, 0.75, 4, -1
411 -> 225, -4, 1.25, 4, -1
411 -> 225, -2, 1.25, 4, -2
411 -> 225, -2, 1.25, 5, -2
411 -> 225, -2, 1.25, 3, -2
411 -> 225, -1, 1.25, 3, -1
413 -> 225, -5, 0.75, 3, -0.5
413 -> 225, -2, 1.25, 2, -2
415 -> 225, -3, 0.75, 2, -0.5
415 -> 225, -1, 1.25, 1, -0.5
416 -> 225, -1, 1.75, 1, -1.5
416 -> 225, -5, 1.75, 3, -0.5
416 -> 225, -5, 0.75, 5, -0.5
416 -> 225, -5, 1.75, 1, -0.5
416 -> 225, -5, 1.75, 2, -0.5
416 -> 225, -4, 1.75, 1, -1.5
416 -> 225, -4, 1.75, 2, -1.5
417 -> 225, -1, 0.25, 4, -2
417 -> 225, -1, 0.25, 5, -2
418 -> 225, -1, 1.25, 5, -2
418 -> 225, -2, 1.25, 4, -0.5
418 -> 225, -1, 0.75, 4, -1.5
418 -> 225, -2, 1.25, 5, -0.5
418 -> 225, -1, 0.75, 3, -1.5
419 -> 225, -3, 1.75, 3, -1
419 -> 225, -3, 1.75, 4, -1
421 -> 225, -2, 0.25, 1, -0.5
421 -> 225, -1, 1.75, 5, -0.5
421 -> 225, -1, 1.25, 2, -0.5
422 -> 225, -2, 0.75, 3, -1.5
422 -> 225, -4, 1.25, 4, -2
422 -> 225, -2, 1.75, 5, -0.5
422 -> 225, -4, 0.25, 3, -1
422 -> 225, -4, 0.25, 4, -1
422 -> 225, -4, 1.25, 2, -1
422 -> 225, -4, 1.25, 1, -1
423 -> 225, -2, 0.25, 2, -0.5
423 -> 225, -5, 1.75, 1, -1
423 -> 225, -1, 1.75, 4, -1.5
423 -> 225, -1, 1.75, 5, -1.5
423 -> 225, -1, 1.25, 5, -0.5
424 -> 225, -4, 0.75, 1, -0.5
424 -> 225, -3, 1.25, 2, -1
424 -> 225, -2, 0.75, 3, -0.5
425 -> 225, -4, 0.75, 2, -1.5
425 -> 225, -2, 0.75, 1, -1.5
425 -> 225, -1, 0.75, 2, -0.5
425 -> 225, -1, 1.25, 2, -1.5
425 -> 225, -1, 1.25, 4, -2
426 -> 225, -2, 1.25, 1, -1.5
427 -> 225, -5, 0.75, 2, -0.5
427 -> 225, -1, 1.25, 4, -1
427 -> 225, -2, 1.25, 1, -1
428 -> 225, -3, 1.25, 5, -1.5
428 -> 225, -1, 1.25, 1, -2
429 -> 225, -1, 1.75, 2, -0.5
429 -> 225, -5, 1.25, 2, -0.5
429 -> 225, -4, 1.75, 5, -1
430 -> 225, -5, 1.75, 1, -1.5
430 -> 225, -5, 0.25, 4, -1
430 -> 225, -1, 1.25, 3, -1.5
430 -> 225, -5, 0.25, 5, -1
430 -> 225, -5, 0.25, 3, -1
431 -> 225, -2, 0.75, 4, -2
431 -> 225, -1, 0.25, 1, -2
432 -> 225, -4, 1.25, 1, -0.5
432 -> 225, -2, 1.75, 4, -0.5
432 -> 225, -5, 1.75, 2, -1.5
432 -> 225, -5, 1.25, 5, -0.5
432 -> 225, -1, 1.25, 2, -2
433 -> 225, -4, 0.75, 4, -1.5
433 -> 225, -1, 0.75, 3, -1
433 -> 225, -1, 0.75, 1, -1
433 -> 225, -4, 1.25, 2, -1.5
433 -> 225, -1, 1.25, 1, -1
433 -> 225, -4, 0.75, 3, -1.5
434 -> 225, -1, 1.75, 3, -1.5
434 -> 225, -1, 1.75, 2, -1.5
434 -> 225, -1, 1.75, 1, -0.5
435 -> 225, -5, 1.25, 4, -0.5
435 -> 225, -4, 0.25, 1, -0.5
436 -> 225, -3, 0.25, 3, -1
436 -> 225, -3, 0.25, 5, -1
436 -> 225, -5, 1.25, 1, -1.5
436 -> 225, -3, 0.25, 4, -1
436 -> 225, -3, 0.25, 2, -1
437 -> 225, -4, 1.75, 4, -2
437 -> 225, -1, 0.75, 5, -1.5
437 -> 225, -4, 1.75, 1, -2
437 -> 225, -4, 1.75, 3, -2
437 -> 225, -4, 1.25, 5, -0.5
437 -> 225, -4, 1.75, 2, -2
438 -> 225, -1, 0.75, 3, -2
438 -> 225, -2, 0.75, 3, -2
438 -> 225, -1, 1.75, 5, -2
438 -> 225, -1, 1.75, 4, -2
438 -> 225, -2, 1.75, 1, -1.5
438 -> 225, -2, 1.75, 2, -1.5
438 -> 225, -1, 0.75, 4, -2
438 -> 225, -2, 1.25, 5, -1.5
438 -> 225, -1, 0.75, 5, -2
438 -> 225, -1, 1.25, 3, -2
439 -> 225, -5, 1.75, 3, -1.5
439 -> 225, -2, 1.75, 2, -0.5
439 -> 225, -2, 1.75, 3, -1
439 -> 225, -2, 1.75, 4, -1
439 -> 225, -2, 1.75, 1, -1
439 -> 225, -3, 1.75, 4, -2
440 -> 225, -5, 0.25, 5, -2
440 -> 225, -2, 1.75, 2, -2
440 -> 225, -2, 1.75, 3, -2
440 -> 225, -5, 0.25, 4, -2
440 -> 225, -1, 0.75, 2, -2
440 -> 225, -2, 1.75, 1, -2
441 -> 225, -4, 0.25, 5, -1
441 -> 225, -2, 0.75, 2, -2
441 -> 225, -2, 0.25, 2, -1
441 -> 225, -2, 0.25, 1, -1
442 -> 225, -4, 1.75, 3, -1.5
443 -> 225, -1, 1.75, 1, -2
444 -> 225, -4, 1.25, 2, -0.5
444 -> 225, -4, 1.25, 3, -0.5
444 -> 225, -2, 0.75, 5, -1.5
444 -> 225, -1, 1.75, 4, -1
444 -> 225, -1, 1.75, 5, -1
445 -> 225, -2, 0.75, 4, -0.5
445 -> 225, -3, 1.25, 1, -2
445 -> 225, -1, 1.25, 5, -1
445 -> 225, -3, 1.75, 1, -1
446 -> 225, -4, 0.75, 4, -2
446 -> 225, -4, 0.75, 5, -2
446 -> 225, -2, 0.75, 4, -1.5
446 -> 225, -4, 0.75, 3, -2
446 -> 225, -4, 1.25, 3, -1
446 -> 225, -4, 0.25, 2, -0.5
447 -> 225, -4, 1.25, 3, -1.5
447 -> 225, -3, 1.25, 4, -1.5
447 -> 225, -2, 1.75, 2, -1
447 -> 225, -1, 0.75, 1, -0.5
447 -> 225, -2, 1.75, 5, -1
448 -> 225, -5, 1.75, 5, -1.5
448 -> 225, -5, 1.25, 4, -2
448 -> 225, -1, 0.75, 5, -1
448 -> 225, -1, 0.75, 4, -1
448 -> 225, -5, 1.75, 4, -1.5
448 -> 225, -5, 1.25, 2, -2
448 -> 225, -5, 1.25, 5, -2
448 -> 225, -5, 1.25, 3, -2
448 -> 225, -2, 1.75, 3, -0.5
448 -> 225, -5, 1.25, 1, -2
449 -> 225, -5, 0.25, 1, -2
449 -> 225, -5, 0.75, 5, -2
449 -> 225, -4, 1.25, 4, -0.5
449 -> 225, -5, 0.75, 4, -2
449 -> 225, -5, 0.25, 3, -2
449 -> 225, -5, 1.25, 2, -1.5
449 -> 225, -5, 0.25, 2, -2
450 -> 225, -3, 0.75, 4, -1
450 -> 225, -5, 0.25, 5, -1.5
450 -> 225, -5, 0.25, 2, -1.5
450 -> 225, -2, 0.75, 5, -2
450 -> 225, -4, 0.25, 4, -0.5
450 -> 225, -4, 0.25, 3, -0.5
450 -> 225, -4, 0.75, 2, -2
450 -> 225, -5, 0.25, 4, -1.5
450 -> 225, -5, 0.25, 3, -1.5
450 -> 225, -4, 0.75, 1, -2
450 -> 225, -5, 0.25, 1, -1.5
451 -> 225, -5, 1.75, 5, -0.5
451 -> 225, -5, 1.75, 4, -0.5
452 -> 225, -4, 1.75, 5, -0.5
452 -> 225, -4, 0.25, 2, -1
452 -> 225, -2, 0.75, 1, -2
453 -> 225, -4, 1.75, 4, -1.5
453 -> 225, -1, 0.75, 1, -1.5
453 -> 225, -4, 1.75, 5, -1.5
454 -> 225, -3, 0.25, 4, -2
454 -> 225, -3, 0.25, 5, -2
455 -> 225, -3, 0.75, 5, -1
455 -> 225, -3, 1.75, 2, -1
455 -> 225, -5, 0.75, 1, -1.5
455 -> 225, -1, 1.25, 2, -1
455 -> 225, -5, 0.75, 2, -1.5
455 -> 225, -5, 0.75, 1, -0.5
456 -> 225, -2, 1.75, 4, -1.5
456 -> 225, -5, 0.25, 1, -1
456 -> 225, -3, 1.75, 5, -2
456 -> 225, -2, 1.75, 3, -1.5
457 -> 225, -3, 0.25, 3, -2
457 -> 225, -3, 0.25, 1, -2
457 -> 225, -3, 0.25, 2, -2
458 -> 225, -1, 0.25, 1, -1
458 -> 225, -2, 0.25, 4, -1
458 -> 225, -3, 1.75, 5, -1
459 -> 225, -3, 1.25, 2, -0.5
459 -> 225, -3, 1.25, 2, -1.5
459 -> 225, -3, 1.25, 1, -0.5
459 -> 225, -1, 0.75, 3, -0.5
459 -> 225, -2, 1.75, 5, -1.5
459 -> 225, -1, 1.25, 3, -0.5
459 -> 225, -3, 1.25, 3, -1.5
460 -> 225, -2, 1.75, 5, -2
460 -> 225, -2, 1.75, 4, -2
461 -> 225, -5, 0.25, 2, -0.5
461 -> 225, -2, 1.25, 1, -2
463 -> 225, -3, 0.25, 1, -0.5
463 -> 225, -4, 0.75, 5, -1
463 -> 225, -3, 1.25, 1, -1.5
464 -> 225, -1, 0.25, 2, -2
464 -> 225, -1, 0.75, 4, -0.5
464 -> 225, -1, 0.25, 3, -2
464 -> 225, -1, 0.75, 5, -0.5
465 -> 225, -5, 0.75, 3, -1
465 -> 225, -5, 0.75, 5, -1
465 -> 225, -5, 0.75, 4, -1
466 -> 225, -3, 1.75, 1, -0.5
466 -> 225, -3, 1.75, 2, -0.5
466 -> 225, -2, 1.25, 2, -1
466 -> 225, -2, 0.75, 2, -1.5
466 -> 225, -4, 0.75, 1, -1
467 -> 225, -4, 1.25, 1, -2
467 -> 225, -4, 1.25, 3, -2
467 -> 225, -5, 1.75, 2, -2
467 -> 225, -3, 1.25, 5, -2
467 -> 225, -3, 0.25, 2, -0.5
467 -> 225, -3, 1.75, 2, -2
467 -> 225, -3, 1.75, 3, -2
467 -> 225, -5, 1.75, 1, -2
467 -> 225, -4, 1.75, 1, -1
467 -> 225, -3, 1.25, 4, -2
467 -> 225, -4, 1.25, 2, -2
468 -> 225, -5, 0.75, 3, -1.5
468 -> 225, -4, 0.75, 2, -1
468 -> 225, -5, 0.75, 4, -1.5
468 -> 225, -5, 0.75, 5, -1.5
469 -> 225, -1, 0.25, 1, -0.5
469 -> 225, -1, 0.25, 4, -0.5
469 -> 225, -5, 0.25, 5, -0.5
469 -> 225, -1, 0.25, 3, -0.5
469 -> 225, -1, 0.25, 2, -0.5
470 -> 225, -1, 0.25, 5, -1.5
470 -> 225, -1, 0.75, 2, -1
470 -> 225, -1, 0.25, 3, -1.5
470 -> 225, -1, 0.25, 2, -1.5
470 -> 225, -5, 1.25, 3, -1.5
470 -> 225, -1, 0.25, 4, -1.5
471 -> 225, -2, 1.25, 4, -1.5
471 -> 225, -2, 1.25, 3, -1.5
471 -> 225, -4, 0.25, 1, -1.5
471 -> 225, -4, 0.25, 2, -1.5
472 -> 225, -1, 0.75, 2, -1.5
472 -> 225, -3, 0.25, 1, -1
472 -> 225, -4, 0.25, 1, -1
474 -> 225, -1, 1.75, 3, -1
474 -> 225, -4, 0.25, 5, -0.5
475 -> 225, -1, 0.75, 1, -2
477 -> 225, -5, 1.75, 3, -1
477 -> 225, -4, 0.75, 1, -1.5
478 -> 225, -3, 0.75, 3, -2
478 -> 225, -3, 0.75, 4, -2
479 -> 225, -3, 0.75, 1, -0.5
480 -> 225, -2, 0.25, 3, -2
480 -> 225, -2, 0.25, 2, -2
480 -> 225, -4, 1.75, 5, -2
481 -> 225, -2, 0.25, 5, -1
481 -> 225, -4, 0.25, 1, -2
481 -> 225, -4, 0.25, 2, -2
481 -> 225, -4, 0.25, 5, -2
481 -> 225, -4, 0.25, 3, -2
481 -> 225, -4, 0.25, 4, -2
484 -> 225, -5, 1.75, 4, -2
484 -> 225, -5, 1.75, 3, -2
484 -> 225, -5, 1.75, 5, -2
484 -> 225, -1, 0.25, 5, -0.5
485 -> 225, -4, 1.75, 4, -1
485 -> 225, -4, 1.75, 3, -1
485 -> 225, -4, 1.75, 2, -1
486 -> 225, -2, 0.25, 4, -2
486 -> 225, -2, 0.25, 5, -2
486 -> 225, -4, 0.75, 5, -1.5
487 -> 225, -5, 1.25, 1, -1
487 -> 225, -4, 0.75, 5, -0.5
487 -> 225, -3, 0.75, 5, -2
489 -> 225, -5, 1.25, 5, -1.5
489 -> 225, -5, 1.25, 4, -1.5
489 -> 225, -4, 1.25, 1, -1.5
489 -> 225, -3, 0.25, 4, -1.5
489 -> 225, -5, 0.25, 1, -0.5
489 -> 225, -3, 0.25, 5, -1.5
490 -> 225, -1, 0.25, 1, -1.5
490 -> 225, -3, 0.75, 1, -1.5
490 -> 225, -3, 0.75, 5, -1.5
490 -> 225, -3, 0.75, 2, -1.5
490 -> 225, -3, 0.75, 4, -1.5
490 -> 225, -3, 0.75, 3, -1.5
491 -> 225, -3, 0.25, 3, -0.5
491 -> 225, -2, 0.25, 3, -1
491 -> 225, -4, 1.75, 1, -0.5
491 -> 225, -3, 0.25, 4, -0.5
491 -> 225, -3, 0.25, 5, -0.5
491 -> 225, -5, 0.75, 1, -1
494 -> 225, -3, 1.75, 4, -0.5
494 -> 225, -3, 1.75, 5, -0.5
494 -> 225, -3, 0.25, 1, -1.5
494 -> 225, -3, 0.25, 2, -1.5
494 -> 225, -1, 1.75, 2, -1
494 -> 225, -3, 0.25, 3, -1.5
494 -> 225, -1, 1.75, 1, -1
494 -> 225, -3, 1.75, 3, -0.5
495 -> 225, -2, 0.25, 4, -1.5
495 -> 225, -2, 0.25, 2, -1.5
495 -> 225, -2, 0.25, 1, -1.5
495 -> 225, -3, 0.75, 3, -1
495 -> 225, -2, 0.25, 3, -1.5
495 -> 225, -3, 0.75, 2, -1
495 -> 225, -3, 1.25, 1, -1
497 -> 225, -5, 1.25, 3, -0.5
501 -> 225, -1, 0.25, 2, -1
501 -> 225, -1, 0.25, 3, -1
501 -> 225, -2, 0.25, 5, -1.5
501 -> 225, -1, 0.25, 4, -1
501 -> 225, -1, 0.25, 5, -1
502 -> 225, -3, 1.25, 3, -2
502 -> 225, -3, 1.25, 2, -2
504 -> 225, -4, 0.75, 2, -0.5
504 -> 225, -4, 0.75, 3, -0.5
506 -> 225, -2, 0.25, 1, -2
507 -> 225, -5, 1.25, 1, -0.5
507 -> 225, -5, 0.75, 2, -1
510 -> 225, -2, 0.25, 3, -0.5
510 -> 225, -2, 0.25, 5, -0.5
510 -> 225, -2, 0.25, 4, -0.5
514 -> 225, -4, 1.25, 5, -1.5
514 -> 225, -4, 1.25, 4, -1.5
518 -> 225, -4, 0.75, 4, -0.5
522 -> 225, -3, 0.75, 1, -2
522 -> 225, -3, 0.75, 2, -2
533 -> 225, -5, 0.25, 4, -0.5
533 -> 225, -5, 0.25, 3, -0.5
540 -> 225, -5, 0.75, 4, -0.5
567 -> 225, -5, 1.75, 4, -1
567 -> 225, -5, 1.75, 5, -1
576 -> 225, -5, 1.25, 5, -1
576 -> 225, -5, 1.25, 4, -1
576 -> 225, -5, 1.25, 3, -1
591 -> 225, -3, 0.75, 5, -0.5
614 -> 225, -5, 1.25, 2, -1
