335 -> 208, -1, 1.25, 5, -0.5
336 -> 208, -2, 1.75, 4, -1.5
337 -> 208, -2, 1.75, 5, -1.5
337 -> 208, -3, 1.75, 4, -0.5
351 -> 208, -5, 1.25, 1, -2
354 -> 208, -1, 0.75, 5, -0.5
357 -> 208, -3, 1.75, 3, -0.5
358 -> 208, -5, 1.25, 5, -1.5
360 -> 208, -4, 0.25, 4, -1
361 -> 208, -2, 1.25, 3, -1
365 -> 208, -5, 0.75, 4, -1
365 -> 208, -5, 0.75, 5, -1
365 -> 208, -5, 1.25, 3, -1.5
370 -> 208, -3, 0.75, 2, -1
371 -> 208, -1, 1.25, 1, -0.5
374 -> 208, -1, 1.75, 2, -1.5
375 -> 208, -4, 0.75, 1, -1
378 -> 208, -5, 0.25, 3, -1
378 -> 208, -5, 0.25, 5, -1
378 -> 208, -5, 0.25, 2, -1
378 -> 208, -5, 0.25, 4, -1
379 -> 208, -5, 0.75, 2, -0.5
380 -> 208, -4, 0.25, 5, -1
383 -> 208, -3, 0.75, 1, -1
384 -> 208, -5, 1.75, 4, -2
384 -> 208, -3, 1.75, 3, -1.5
384 -> 208, -3, 1.75, 2, -1.5
387 -> 208, -4, 1.25, 5, -0.5
388 -> 208, -1, 1.75, 4, -0.5
388 -> 208, -5, 1.75, 3, -2
388 -> 208, -2, 1.25, 2, -1
388 -> 208, -5, 1.75, 2, -2
388 -> 208, -2, 1.25, 4, -1
388 -> 208, -1, 1.75, 5, -0.5
388 -> 208, -3, 0.25, 1, -0.5
390 -> 208, -5, 0.25, 1, -1.5
390 -> 208, -5, 1.25, 2, -1.5
391 -> 208, -4, 0.75, 4, -0.5
391 -> 208, -4, 0.75, 3, -0.5
391 -> 208, -1, 1.75, 1, -0.5
392 -> 208, -5, 0.75, 3, -1
393 -> 208, -4, 1.25, 2, -0.5
394 -> 208, -2, 0.75, 5, -1
394 -> 208, -2, 1.75, 5, -0.5
395 -> 208, -2, 0.75, 5, -0.5
396 -> 208, -3, 1.75, 2, -0.5
396 -> 208, -5, 1.25, 3, -2
397 -> 208, -5, 0.75, 5, -1.5
398 -> 208, -4, 0.75, 2, -1.5
398 -> 208, -4, 0.75, 3, -1.5
398 -> 208, -3, 0.75, 1, -2
399 -> 208, -5, 0.25, 1, -2
399 -> 208, -5, 0.25, 3, -2
399 -> 208, -5, 0.25, 4, -2
399 -> 208, -5, 0.25, 2, -2
400 -> 208, -1, 0.25, 2, -0.5
400 -> 208, -4, 0.25, 2, -1
400 -> 208, -4, 0.25, 3, -1
400 -> 208, -4, 0.25, 1, -1
402 -> 208, -4, 1.25, 3, -1
402 -> 208, -4, 1.25, 2, -1
402 -> 208, -4, 1.25, 2, -1.5
402 -> 208, -3, 0.25, 3, -0.5
402 -> 208, -3, 0.25, 4, -0.5
402 -> 208, -5, 1.25, 1, -1.5
402 -> 208, -3, 0.75, 1, -0.5
402 -> 208, -4, 1.75, 3, -1
402 -> 208, -5, 0.25, 5, -2
402 -> 208, -2, 1.25, 4, -0.5
402 -> 208, -4, 1.75, 4, -1
402 -> 208, -3, 0.25, 5, -0.5
403 -> 208, -4, 0.25, 3, -2
403 -> 208, -3, 0.75, 5, -0.5
403 -> 208, -2, 1.75, 2, -1
403 -> 208, -4, 0.25, 2, -2
404 -> 208, -1, 1.75, 5, -2
406 -> 208, -1, 1.75, 4, -2
406 -> 208, -4, 0.75, 2, -1
407 -> 208, -3, 1.75, 5, -1
407 -> 208, -2, 1.25, 1, -1
408 -> 208, -2, 0.25, 1, -0.5
408 -> 208, -5, 0.75, 1, -1
408 -> 208, -5, 0.75, 2, -1
408 -> 208, -1, 1.75, 2, -1
409 -> 208, -5, 0.25, 4, -1.5
409 -> 208, -5, 0.25, 5, -1.5
409 -> 208, -1, 1.25, 3, -2
409 -> 208, -1, 1.75, 1, -1.5
410 -> 208, -2, 0.75, 5, -2
410 -> 208, -1, 1.25, 2, -1
411 -> 208, -3, 0.75, 4, -2
411 -> 208, -3, 0.75, 5, -2
411 -> 208, -1, 1.25, 3, -0.5
411 -> 208, -1, 1.25, 4, -1.5
411 -> 208, -1, 1.25, 4, -0.5
412 -> 208, -5, 1.25, 4, -1.5
412 -> 208, -5, 1.25, 2, -2
412 -> 208, -3, 1.25, 5, -2
413 -> 208, -3, 1.25, 1, -1
413 -> 208, -2, 0.75, 4, -1.5
414 -> 208, -3, 0.25, 1, -2
414 -> 208, -1, 1.75, 5, -1.5
414 -> 208, -1, 1.75, 4, -1.5
414 -> 208, -3, 0.75, 3, -2
414 -> 208, -3, 0.75, 2, -2
415 -> 208, -4, 1.25, 3, -2
415 -> 208, -4, 1.25, 5, -2
415 -> 208, -4, 1.25, 4, -2
416 -> 208, -2, 1.25, 3, -2
416 -> 208, -2, 1.25, 2, -2
417 -> 208, -4, 1.25, 1, -1.5
417 -> 208, -1, 1.25, 1, -1
417 -> 208, -4, 0.25, 1, -2
417 -> 208, -5, 0.75, 3, -1.5
417 -> 208, -3, 1.75, 1, -1.5
418 -> 208, -1, 1.25, 1, -2
418 -> 208, -1, 1.75, 3, -0.5
418 -> 208, -1, 0.75, 4, -0.5
418 -> 208, -1, 1.25, 2, -2
419 -> 208, -3, 1.25, 2, -2
419 -> 208, -3, 1.25, 4, -2
419 -> 208, -3, 1.25, 3, -2
420 -> 208, -4, 1.75, 5, -1
420 -> 208, -2, 1.75, 1, -1.5
421 -> 208, -2, 0.75, 5, -1.5
421 -> 208, -3, 0.75, 1, -1.5
421 -> 208, -3, 0.75, 2, -1.5
421 -> 208, -1, 1.75, 1, -2
422 -> 208, -3, 1.75, 2, -1
422 -> 208, -2, 1.25, 5, -0.5
423 -> 208, -3, 1.25, 5, -1
423 -> 208, -5, 1.75, 1, -1.5
424 -> 208, -3, 0.75, 4, -1.5
424 -> 208, -3, 0.75, 5, -1.5
424 -> 208, -2, 0.75, 3, -2
424 -> 208, -2, 0.75, 4, -2
424 -> 208, -3, 1.25, 3, -1
424 -> 208, -3, 1.25, 4, -1
425 -> 208, -4, 1.25, 4, -1
425 -> 208, -5, 0.75, 1, -0.5
425 -> 208, -3, 1.25, 1, -1.5
426 -> 208, -1, 0.75, 1, -0.5
426 -> 208, -4, 1.75, 5, -1.5
426 -> 208, -4, 1.75, 4, -1.5
426 -> 208, -2, 0.75, 3, -1
427 -> 208, -2, 0.75, 2, -2
427 -> 208, -3, 0.25, 2, -0.5
427 -> 208, -1, 0.75, 1, -1
427 -> 208, -2, 0.75, 1, -2
428 -> 208, -4, 0.25, 2, -0.5
428 -> 208, -2, 1.25, 4, -2
428 -> 208, -2, 1.25, 5, -2
428 -> 208, -3, 1.25, 1, -2
428 -> 208, -1, 1.75, 1, -1
428 -> 208, -4, 1.25, 5, -1.5
429 -> 208, -1, 1.25, 4, -1
429 -> 208, -2, 1.75, 3, -0.5
429 -> 208, -1, 1.25, 5, -1
429 -> 208, -1, 1.25, 3, -1
430 -> 208, -3, 1.75, 4, -1
430 -> 208, -2, 1.25, 5, -1
430 -> 208, -4, 1.25, 2, -2
430 -> 208, -4, 0.25, 5, -2
430 -> 208, -4, 0.75, 5, -1
430 -> 208, -4, 0.75, 4, -1
431 -> 208, -4, 0.25, 1, -0.5
431 -> 208, -5, 1.75, 5, -2
431 -> 208, -1, 0.25, 4, -0.5
431 -> 208, -1, 0.25, 5, -0.5
431 -> 208, -1, 1.25, 3, -1.5
432 -> 208, -5, 1.75, 4, -1.5
432 -> 208, -5, 1.75, 2, -1.5
432 -> 208, -5, 1.75, 3, -1.5
433 -> 208, -2, 0.75, 2, -0.5
433 -> 208, -5, 0.25, 3, -1.5
433 -> 208, -2, 0.75, 1, -0.5
434 -> 208, -2, 0.75, 3, -0.5
434 -> 208, -4, 1.75, 1, -1
435 -> 208, -2, 1.75, 5, -2
435 -> 208, -2, 1.75, 4, -2
435 -> 208, -3, 1.75, 1, -1
437 -> 208, -4, 0.25, 1, -1.5
438 -> 208, -4, 1.75, 2, -1.5
438 -> 208, -1, 1.25, 2, -1.5
438 -> 208, -4, 1.75, 3, -1.5
438 -> 208, -2, 1.75, 3, -2
438 -> 208, -2, 1.75, 1, -1
438 -> 208, -1, 1.25, 1, -1.5
438 -> 208, -2, 1.75, 2, -2
439 -> 208, -3, 1.25, 1, -0.5
440 -> 208, -3, 0.75, 5, -1
440 -> 208, -4, 1.25, 3, -1.5
440 -> 208, -1, 1.25, 5, -1.5
440 -> 208, -4, 1.25, 4, -1.5
440 -> 208, -3, 0.75, 4, -1
441 -> 208, -4, 0.25, 4, -2
442 -> 208, -4, 1.25, 3, -0.5
442 -> 208, -5, 0.75, 2, -1.5
442 -> 208, -1, 1.75, 3, -1.5
443 -> 208, -2, 1.25, 2, -1.5
443 -> 208, -2, 1.25, 1, -1.5
443 -> 208, -2, 0.75, 4, -1
443 -> 208, -2, 1.25, 4, -1.5
443 -> 208, -2, 1.25, 3, -1.5
443 -> 208, -1, 0.25, 1, -1
443 -> 208, -1, 0.75, 1, -2
443 -> 208, -1, 0.25, 2, -1
443 -> 208, -2, 1.25, 5, -1.5
444 -> 208, -1, 0.75, 3, -1
444 -> 208, -5, 0.75, 1, -1.5
444 -> 208, -1, 0.75, 4, -1
444 -> 208, -1, 0.75, 5, -1
445 -> 208, -5, 1.75, 4, -1
445 -> 208, -5, 1.75, 5, -1
445 -> 208, -5, 1.75, 3, -1
445 -> 208, -2, 0.75, 2, -1
445 -> 208, -5, 1.75, 2, -1
445 -> 208, -4, 1.25, 5, -1
445 -> 208, -2, 0.25, 1, -2
445 -> 208, -2, 0.75, 1, -1
445 -> 208, -4, 1.75, 1, -2
445 -> 208, -1, 0.25, 5, -2
445 -> 208, -1, 0.25, 4, -2
446 -> 208, -2, 0.25, 5, -0.5
446 -> 208, -1, 0.25, 1, -1.5
446 -> 208, -1, 0.25, 1, -2
446 -> 208, -5, 0.75, 3, -2
446 -> 208, -1, 0.25, 2, -2
446 -> 208, -1, 0.25, 3, -2
446 -> 208, -5, 0.75, 4, -2
447 -> 208, -2, 0.25, 2, -2
447 -> 208, -2, 0.25, 5, -2
447 -> 208, -3, 1.75, 1, -2
447 -> 208, -2, 0.25, 3, -2
447 -> 208, -2, 0.25, 4, -2
447 -> 208, -3, 1.25, 2, -1
447 -> 208, -5, 1.25, 1, -1
448 -> 208, -2, 0.75, 4, -0.5
448 -> 208, -4, 0.75, 1, -1.5
448 -> 208, -5, 1.75, 1, -1
448 -> 208, -2, 0.25, 4, -0.5
449 -> 208, -1, 1.75, 2, -0.5
449 -> 208, -3, 1.75, 3, -1
449 -> 208, -5, 0.75, 1, -2
450 -> 208, -1, 1.75, 2, -2
450 -> 208, -1, 1.75, 3, -2
451 -> 208, -3, 1.75, 5, -0.5
451 -> 208, -2, 0.25, 2, -0.5
451 -> 208, -5, 0.25, 2, -1.5
452 -> 208, -2, 1.75, 3, -1.5
452 -> 208, -2, 1.75, 2, -1.5
453 -> 208, -3, 0.25, 2, -2
453 -> 208, -1, 0.25, 1, -0.5
453 -> 208, -3, 0.25, 3, -2
453 -> 208, -3, 0.25, 4, -2
453 -> 208, -3, 0.25, 5, -2
454 -> 208, -5, 1.25, 1, -0.5
454 -> 208, -2, 0.25, 3, -1
454 -> 208, -1, 0.75, 2, -0.5
455 -> 208, -2, 1.75, 4, -0.5
455 -> 208, -1, 0.75, 2, -1
455 -> 208, -3, 1.25, 5, -0.5
455 -> 208, -3, 1.25, 4, -0.5
458 -> 208, -4, 0.25, 5, -1.5
458 -> 208, -3, 0.75, 3, -1.5
458 -> 208, -4, 0.25, 4, -1.5
459 -> 208, -4, 1.25, 1, -1
459 -> 208, -1, 0.75, 3, -0.5
459 -> 208, -1, 0.75, 5, -2
460 -> 208, -3, 1.75, 3, -2
460 -> 208, -3, 1.25, 4, -1.5
460 -> 208, -1, 0.75, 4, -2
460 -> 208, -4, 0.75, 3, -1
460 -> 208, -3, 1.25, 5, -1.5
460 -> 208, -1, 1.75, 3, -1
460 -> 208, -3, 1.75, 1, -0.5
461 -> 208, -4, 1.25, 1, -0.5
461 -> 208, -3, 1.75, 4, -2
461 -> 208, -4, 0.25, 2, -1.5
461 -> 208, -4, 0.25, 3, -1.5
461 -> 208, -3, 1.75, 5, -2
462 -> 208, -3, 1.75, 2, -2
462 -> 208, -2, 1.75, 1, -2
464 -> 208, -4, 0.75, 4, -2
464 -> 208, -4, 0.75, 5, -2
464 -> 208, -4, 0.75, 2, -2
464 -> 208, -2, 0.25, 3, -0.5
464 -> 208, -4, 0.75, 1, -2
464 -> 208, -5, 1.75, 1, -2
464 -> 208, -4, 0.75, 3, -2
465 -> 208, -4, 1.25, 1, -2
466 -> 208, -4, 1.75, 1, -1.5
466 -> 208, -1, 0.25, 3, -0.5
466 -> 208, -2, 1.25, 1, -2
466 -> 208, -1, 0.75, 4, -1.5
467 -> 208, -2, 1.75, 5, -1
467 -> 208, -2, 1.75, 4, -1
467 -> 208, -4, 1.75, 1, -0.5
467 -> 208, -2, 1.75, 3, -1
468 -> 208, -5, 0.75, 4, -1.5
468 -> 208, -1, 1.75, 5, -1
468 -> 208, -2, 1.25, 3, -0.5
468 -> 208, -1, 1.75, 4, -1
468 -> 208, -2, 1.25, 2, -0.5
469 -> 208, -4, 0.75, 5, -1.5
469 -> 208, -1, 0.75, 5, -1.5
469 -> 208, -4, 0.75, 4, -1.5
470 -> 208, -3, 1.25, 3, -0.5
471 -> 208, -1, 0.25, 5, -1.5
471 -> 208, -1, 0.25, 3, -1.5
471 -> 208, -1, 0.25, 4, -1.5
471 -> 208, -1, 0.25, 2, -1.5
472 -> 208, -1, 0.75, 3, -2
472 -> 208, -1, 0.75, 2, -2
472 -> 208, -3, 0.75, 3, -1
472 -> 208, -2, 0.25, 4, -1
472 -> 208, -2, 0.25, 5, -1
475 -> 208, -3, 0.25, 3, -1.5
475 -> 208, -3, 0.25, 2, -1.5
475 -> 208, -3, 0.25, 1, -1.5
475 -> 208, -3, 0.25, 4, -1.5
475 -> 208, -3, 0.25, 5, -1.5
478 -> 208, -2, 0.25, 5, -1.5
478 -> 208, -2, 0.25, 1, -1.5
478 -> 208, -2, 0.25, 4, -1.5
478 -> 208, -2, 0.25, 2, -1.5
478 -> 208, -2, 0.25, 3, -1.5
478 -> 208, -3, 0.75, 4, -0.5
479 -> 208, -5, 1.75, 5, -1.5
480 -> 208, -5, 0.25, 1, -1
482 -> 208, -5, 0.75, 4, -0.5
482 -> 208, -5, 0.75, 3, -0.5
484 -> 208, -1, 1.25, 5, -2
484 -> 208, -1, 1.25, 4, -2
487 -> 208, -3, 1.25, 2, -1.5
487 -> 208, -4, 0.75, 5, -0.5
487 -> 208, -3, 1.25, 3, -1.5
488 -> 208, -2, 0.25, 1, -1
489 -> 208, -2, 0.25, 2, -1
491 -> 208, -2, 1.25, 1, -0.5
494 -> 208, -5, 0.75, 5, -2
495 -> 208, -1, 0.75, 3, -1.5
495 -> 208, -4, 1.75, 4, -2
495 -> 208, -1, 0.75, 1, -1.5
495 -> 208, -1, 0.75, 2, -1.5
495 -> 208, -4, 1.75, 5, -2
495 -> 208, -4, 1.75, 2, -2
495 -> 208, -4, 1.75, 3, -2
501 -> 208, -5, 1.25, 4, -2
501 -> 208, -5, 1.25, 5, -2
504 -> 208, -1, 0.25, 3, -1
504 -> 208, -5, 0.75, 2, -2
506 -> 208, -3, 1.75, 4, -1.5
506 -> 208, -3, 1.75, 5, -1.5
508 -> 208, -1, 1.25, 2, -0.5
510 -> 208, -4, 0.75, 2, -0.5
510 -> 208, -4, 0.75, 1, -0.5
511 -> 208, -1, 0.25, 4, -1
511 -> 208, -1, 0.25, 5, -1
512 -> 208, -3, 0.75, 2, -0.5
512 -> 208, -3, 0.75, 3, -0.5
512 -> 208, -2, 1.75, 2, -0.5
519 -> 208, -2, 1.75, 1, -0.5
521 -> 208, -5, 1.25, 2, -1
521 -> 208, -5, 1.25, 5, -1
521 -> 208, -5, 1.25, 3, -1
521 -> 208, -5, 1.25, 4, -1
522 -> 208, -4, 1.75, 5, -0.5
523 -> 208, -3, 1.25, 2, -0.5
524 -> 208, -4, 0.25, 5, -0.5
526 -> 208, -4, 1.75, 4, -0.5
526 -> 208, -4, 1.75, 3, -0.5
526 -> 208, -2, 0.75, 1, -1.5
526 -> 208, -2, 0.75, 3, -1.5
526 -> 208, -2, 0.75, 2, -1.5
538 -> 208, -4, 1.75, 2, -1
538 -> 208, -4, 0.25, 4, -0.5
545 -> 208, -5, 1.25, 5, -0.5
545 -> 208, -5, 1.25, 3, -0.5
545 -> 208, -5, 1.25, 4, -0.5
545 -> 208, -5, 1.25, 2, -0.5
546 -> 208, -4, 0.25, 3, -0.5
557 -> 208, -3, 0.25, 5, -1
557 -> 208, -3, 0.25, 1, -1
557 -> 208, -3, 0.25, 3, -1
557 -> 208, -3, 0.25, 2, -1
557 -> 208, -3, 0.25, 4, -1
561 -> 208, -5, 1.75, 4, -0.5
561 -> 208, -5, 1.75, 5, -0.5
561 -> 208, -5, 1.75, 3, -0.5
563 -> 208, -5, 1.75, 1, -0.5
566 -> 208, -5, 1.75, 2, -0.5
615 -> 208, -5, 0.25, 5, -0.5
629 -> 208, -5, 0.25, 3, -0.5
629 -> 208, -5, 0.25, 4, -0.5
631 -> 208, -5, 0.25, 2, -0.5
634 -> 208, -5, 0.25, 1, -0.5
640 -> 208, -4, 1.25, 4, -0.5
687 -> 208, -5, 0.75, 5, -0.5
791 -> 208, -4, 1.75, 2, -0.5
