332 -> 165, -1, 1.75, 4, -1
345 -> 165, -4, 1.25, 4, -0.5
346 -> 165, -5, 1.75, 4, -1
348 -> 165, -4, 0.75, 4, -0.5
352 -> 165, -1, 1.25, 3, -2
352 -> 165, -1, 1.25, 4, -2
352 -> 165, -5, 1.75, 4, -2
355 -> 165, -1, 1.25, 5, -2
358 -> 165, -4, 0.75, 3, -0.5
362 -> 165, -4, 0.75, 5, -0.5
365 -> 165, -4, 0.75, 2, -0.5
365 -> 165, -1, 1.25, 1, -2
365 -> 165, -4, 1.75, 3, -0.5
368 -> 165, -3, 1.75, 4, -2
371 -> 165, -4, 1.25, 5, -0.5
374 -> 165, -1, 1.25, 3, -1.5
375 -> 165, -3, 1.75, 1, -0.5
378 -> 165, -1, 1.75, 1, -1
378 -> 165, -5, 1.75, 5, -2
378 -> 165, -3, 1.75, 5, -0.5
380 -> 165, -5, 1.75, 1, -2
385 -> 165, -4, 1.75, 5, -0.5
386 -> 165, -5, 0.25, 4, -2
386 -> 165, -3, 1.75, 5, -2
386 -> 165, -5, 0.25, 5, -2
386 -> 165, -2, 1.25, 2, -1
388 -> 165, -1, 1.75, 2, -1
389 -> 165, -2, 1.25, 5, -0.5
389 -> 165, -2, 1.25, 4, -0.5
389 -> 165, -5, 1.25, 4, -1
391 -> 165, -2, 1.25, 3, -0.5
391 -> 165, -1, 1.25, 2, -2
391 -> 165, -3, 1.25, 3, -2
392 -> 165, -4, 1.75, 4, -2
392 -> 165, -4, 1.75, 5, -2
392 -> 165, -2, 1.75, 2, -0.5
393 -> 165, -4, 1.75, 2, -2
393 -> 165, -1, 1.25, 4, -1.5
393 -> 165, -4, 1.75, 3, -2
394 -> 165, -5, 1.25, 4, -1.5
396 -> 165, -2, 1.75, 5, -0.5
397 -> 165, -4, 1.25, 1, -1
397 -> 165, -2, 1.75, 4, -0.5
398 -> 165, -3, 0.75, 1, -1
398 -> 165, -1, 0.75, 4, -0.5
402 -> 165, -4, 1.25, 1, -1.5
403 -> 165, -2, 1.25, 4, -1
403 -> 165, -2, 0.25, 4, -0.5
403 -> 165, -5, 0.25, 1, -1
403 -> 165, -2, 0.25, 5, -0.5
404 -> 165, -4, 1.25, 5, -2
404 -> 165, -3, 0.75, 4, -1.5
404 -> 165, -4, 1.25, 4, -2
405 -> 165, -2, 0.75, 4, -0.5
405 -> 165, -4, 0.75, 4, -2
405 -> 165, -4, 1.25, 5, -1.5
405 -> 165, -4, 1.25, 4, -1.5
405 -> 165, -4, 1.25, 3, -1.5
406 -> 165, -1, 1.25, 4, -0.5
406 -> 165, -1, 1.25, 5, -0.5
407 -> 165, -3, 0.75, 5, -1.5
408 -> 165, -2, 0.75, 2, -0.5
408 -> 165, -5, 1.75, 2, -2
408 -> 165, -5, 1.75, 3, -2
408 -> 165, -3, 0.75, 1, -0.5
409 -> 165, -1, 0.25, 5, -0.5
410 -> 165, -3, 1.25, 2, -1.5
411 -> 165, -2, 1.75, 1, -0.5
411 -> 165, -5, 0.25, 1, -2
411 -> 165, -1, 1.75, 4, -1.5
412 -> 165, -2, 1.75, 2, -1
412 -> 165, -2, 1.75, 1, -1
412 -> 165, -2, 1.75, 5, -1
412 -> 165, -1, 0.25, 4, -0.5
413 -> 165, -3, 0.25, 5, -1.5
414 -> 165, -4, 0.75, 2, -2
414 -> 165, -2, 1.75, 4, -1
414 -> 165, -4, 0.75, 3, -2
415 -> 165, -5, 1.25, 3, -1
415 -> 165, -3, 0.75, 2, -0.5
415 -> 165, -1, 0.75, 4, -2
415 -> 165, -1, 0.75, 3, -2
415 -> 165, -1, 0.75, 2, -2
415 -> 165, -3, 1.75, 2, -1.5
416 -> 165, -3, 1.75, 3, -2
416 -> 165, -1, 1.25, 5, -1.5
417 -> 165, -4, 0.75, 5, -2
417 -> 165, -1, 1.75, 4, -2
418 -> 165, -2, 0.75, 5, -0.5
418 -> 165, -5, 1.75, 3, -1
418 -> 165, -4, 0.25, 1, -1.5
419 -> 165, -2, 0.75, 2, -1
419 -> 165, -4, 0.25, 1, -1
419 -> 165, -4, 0.25, 3, -1
419 -> 165, -4, 0.25, 4, -1
419 -> 165, -4, 0.25, 5, -1
419 -> 165, -2, 1.75, 4, -1.5
419 -> 165, -4, 0.25, 2, -1
420 -> 165, -1, 0.75, 5, -2
420 -> 165, -1, 1.75, 3, -1
420 -> 165, -3, 1.75, 5, -1.5
420 -> 165, -1, 1.75, 1, -0.5
421 -> 165, -5, 1.25, 3, -1.5
421 -> 165, -5, 0.25, 3, -2
421 -> 165, -5, 1.25, 1, -1.5
421 -> 165, -5, 0.25, 2, -2
421 -> 165, -1, 1.75, 1, -1.5
421 -> 165, -5, 0.75, 2, -1.5
422 -> 165, -1, 1.75, 2, -0.5
422 -> 165, -1, 1.75, 1, -2
423 -> 165, -5, 1.25, 5, -2
423 -> 165, -2, 0.75, 4, -1
423 -> 165, -5, 1.75, 4, -0.5
423 -> 165, -5, 1.25, 4, -2
424 -> 165, -3, 0.75, 5, -0.5
424 -> 165, -3, 0.75, 3, -0.5
424 -> 165, -1, 1.75, 3, -1.5
424 -> 165, -3, 0.75, 4, -0.5
424 -> 165, -3, 1.25, 4, -2
425 -> 165, -5, 1.25, 2, -1.5
426 -> 165, -3, 0.75, 2, -1
427 -> 165, -2, 1.25, 1, -1.5
428 -> 165, -5, 0.75, 1, -1.5
428 -> 165, -2, 1.25, 1, -0.5
428 -> 165, -2, 1.25, 3, -2
428 -> 165, -1, 1.75, 5, -2
429 -> 165, -5, 1.25, 2, -2
429 -> 165, -5, 1.25, 1, -2
430 -> 165, -5, 0.75, 5, -2
430 -> 165, -2, 1.25, 2, -0.5
430 -> 165, -5, 1.75, 1, -1.5
431 -> 165, -4, 1.25, 3, -2
431 -> 165, -1, 0.75, 5, -0.5
431 -> 165, -3, 1.75, 2, -0.5
431 -> 165, -2, 1.75, 1, -2
431 -> 165, -3, 1.75, 2, -2
431 -> 165, -2, 1.25, 5, -1
432 -> 165, -5, 1.25, 5, -1
432 -> 165, -3, 0.75, 4, -1
432 -> 165, -3, 0.75, 5, -1
432 -> 165, -1, 0.75, 3, -1.5
432 -> 165, -3, 1.25, 1, -1
433 -> 165, -2, 0.75, 1, -1.5
433 -> 165, -3, 0.75, 3, -1
433 -> 165, -4, 0.75, 1, -0.5
434 -> 165, -2, 0.25, 2, -1
434 -> 165, -2, 0.25, 1, -1
435 -> 165, -4, 0.75, 5, -1.5
435 -> 165, -1, 1.75, 2, -1.5
436 -> 165, -2, 0.75, 1, -0.5
437 -> 165, -4, 1.25, 2, -1.5
437 -> 165, -1, 0.75, 1, -1.5
437 -> 165, -2, 1.25, 5, -1.5
437 -> 165, -4, 1.75, 1, -2
437 -> 165, -3, 1.75, 3, -1.5
438 -> 165, -2, 0.75, 2, -1.5
438 -> 165, -3, 1.25, 4, -1.5
438 -> 165, -5, 0.75, 2, -2
438 -> 165, -2, 1.25, 4, -1.5
438 -> 165, -1, 1.25, 1, -0.5
438 -> 165, -5, 0.75, 3, -2
439 -> 165, -3, 1.25, 5, -1.5
439 -> 165, -2, 0.25, 5, -1.5
439 -> 165, -1, 1.75, 5, -1.5
440 -> 165, -1, 1.75, 5, -1
440 -> 165, -2, 0.75, 3, -1
440 -> 165, -5, 0.75, 1, -2
440 -> 165, -2, 0.75, 5, -1
441 -> 165, -1, 1.75, 3, -2
441 -> 165, -3, 1.75, 4, -1.5
441 -> 165, -1, 0.75, 2, -1.5
441 -> 165, -1, 1.75, 3, -0.5
442 -> 165, -2, 1.75, 3, -0.5
443 -> 165, -3, 0.25, 1, -1.5
443 -> 165, -4, 1.25, 1, -2
443 -> 165, -3, 0.75, 2, -1.5
443 -> 165, -4, 1.25, 2, -2
443 -> 165, -5, 0.25, 3, -1
443 -> 165, -3, 0.75, 3, -1.5
444 -> 165, -3, 1.75, 2, -1
444 -> 165, -5, 0.25, 2, -1
444 -> 165, -2, 1.25, 4, -2
444 -> 165, -3, 1.75, 1, -1
446 -> 165, -1, 0.75, 5, -1
446 -> 165, -5, 1.25, 3, -2
446 -> 165, -2, 1.75, 4, -2
446 -> 165, -1, 0.75, 4, -1
446 -> 165, -2, 1.75, 5, -2
447 -> 165, -4, 1.75, 5, -1.5
447 -> 165, -2, 1.25, 5, -2
447 -> 165, -3, 0.25, 1, -2
447 -> 165, -3, 0.25, 3, -2
447 -> 165, -1, 1.25, 1, -1
447 -> 165, -3, 0.25, 2, -2
448 -> 165, -5, 0.25, 5, -0.5
448 -> 165, -2, 1.75, 5, -1.5
448 -> 165, -5, 1.25, 2, -1
449 -> 165, -4, 0.25, 4, -1.5
449 -> 165, -5, 0.75, 4, -2
449 -> 165, -3, 0.25, 5, -2
449 -> 165, -4, 0.25, 5, -1.5
450 -> 165, -3, 0.25, 3, -1.5
450 -> 165, -3, 0.25, 4, -1.5
450 -> 165, -4, 1.25, 3, -0.5
451 -> 165, -4, 0.75, 2, -1.5
451 -> 165, -4, 0.75, 1, -1.5
452 -> 165, -3, 1.25, 5, -2
452 -> 165, -3, 0.25, 4, -2
453 -> 165, -1, 0.25, 5, -1.5
453 -> 165, -4, 0.25, 3, -2
453 -> 165, -5, 1.75, 2, -1
453 -> 165, -4, 0.25, 2, -2
453 -> 165, -5, 1.75, 1, -1
453 -> 165, -4, 0.25, 4, -2
453 -> 165, -2, 1.75, 3, -1
453 -> 165, -4, 0.25, 1, -2
453 -> 165, -4, 0.25, 5, -2
454 -> 165, -5, 1.75, 5, -1
454 -> 165, -1, 0.75, 1, -2
454 -> 165, -1, 1.25, 1, -1.5
454 -> 165, -1, 1.25, 2, -1.5
456 -> 165, -1, 1.25, 2, -1
456 -> 165, -1, 0.25, 2, -1.5
456 -> 165, -3, 0.25, 1, -0.5
456 -> 165, -1, 1.25, 3, -1
457 -> 165, -2, 1.25, 3, -1
458 -> 165, -2, 0.75, 5, -1.5
458 -> 165, -3, 1.75, 5, -1
458 -> 165, -2, 0.25, 4, -1
458 -> 165, -3, 1.75, 4, -1
458 -> 165, -3, 1.75, 3, -1
458 -> 165, -2, 0.25, 3, -1
458 -> 165, -2, 0.25, 5, -1
458 -> 165, -3, 1.75, 1, -2
459 -> 165, -1, 0.75, 4, -1.5
460 -> 165, -5, 0.75, 4, -1.5
460 -> 165, -5, 0.75, 5, -1.5
461 -> 165, -2, 0.25, 2, -1.5
461 -> 165, -1, 1.75, 2, -2
462 -> 165, -1, 0.75, 5, -1.5
462 -> 165, -4, 1.25, 4, -1
463 -> 165, -5, 0.75, 3, -1.5
463 -> 165, -4, 1.75, 1, -1.5
464 -> 165, -4, 0.75, 3, -1.5
464 -> 165, -4, 0.75, 4, -1.5
464 -> 165, -1, 0.25, 1, -0.5
464 -> 165, -1, 0.25, 5, -2
464 -> 165, -1, 0.25, 2, -0.5
464 -> 165, -1, 0.25, 4, -2
465 -> 165, -5, 0.25, 1, -1.5
465 -> 165, -5, 0.25, 2, -1.5
465 -> 165, -5, 0.25, 3, -1.5
465 -> 165, -5, 0.25, 4, -1.5
465 -> 165, -2, 0.25, 4, -2
465 -> 165, -2, 0.25, 3, -2
465 -> 165, -2, 0.25, 2, -2
465 -> 165, -2, 0.25, 1, -2
465 -> 165, -5, 0.25, 5, -1.5
466 -> 165, -2, 1.25, 3, -1.5
466 -> 165, -2, 1.25, 2, -1.5
466 -> 165, -1, 0.25, 3, -1
466 -> 165, -1, 0.25, 4, -1
466 -> 165, -1, 0.75, 3, -0.5
466 -> 165, -1, 0.25, 5, -1
467 -> 165, -1, 0.25, 3, -0.5
468 -> 165, -5, 0.75, 5, -1
468 -> 165, -1, 0.75, 2, -1
468 -> 165, -1, 0.25, 3, -1.5
468 -> 165, -2, 1.75, 1, -1.5
468 -> 165, -3, 1.25, 2, -0.5
468 -> 165, -1, 0.25, 4, -1.5
469 -> 165, -1, 0.25, 2, -1
469 -> 165, -3, 1.25, 3, -1
469 -> 165, -3, 1.25, 4, -1
469 -> 165, -3, 0.75, 1, -1.5
469 -> 165, -3, 1.25, 2, -1
470 -> 165, -3, 0.25, 1, -1
470 -> 165, -4, 1.25, 3, -1
470 -> 165, -4, 1.25, 2, -1
471 -> 165, -4, 1.25, 2, -0.5
471 -> 165, -2, 0.75, 4, -1.5
471 -> 165, -2, 0.75, 3, -1.5
471 -> 165, -3, 0.75, 1, -2
471 -> 165, -5, 0.25, 4, -1
471 -> 165, -3, 0.75, 2, -2
471 -> 165, -5, 0.25, 5, -1
471 -> 165, -3, 1.75, 1, -1.5
472 -> 165, -3, 1.25, 1, -2
472 -> 165, -3, 1.25, 1, -1.5
473 -> 165, -2, 1.75, 2, -1.5
473 -> 165, -1, 1.25, 4, -1
473 -> 165, -2, 1.75, 2, -2
473 -> 165, -1, 1.25, 5, -1
473 -> 165, -2, 1.75, 3, -1.5
473 -> 165, -2, 1.75, 3, -2
474 -> 165, -2, 0.25, 2, -0.5
474 -> 165, -1, 1.75, 4, -0.5
474 -> 165, -5, 1.25, 3, -0.5
474 -> 165, -2, 0.25, 1, -0.5
474 -> 165, -2, 0.25, 3, -0.5
474 -> 165, -5, 1.25, 4, -0.5
475 -> 165, -5, 1.25, 2, -0.5
476 -> 165, -3, 0.25, 2, -0.5
476 -> 165, -2, 0.75, 5, -2
476 -> 165, -3, 0.25, 5, -0.5
476 -> 165, -3, 0.25, 4, -0.5
476 -> 165, -1, 1.75, 5, -0.5
476 -> 165, -2, 0.75, 4, -2
476 -> 165, -3, 0.25, 3, -0.5
477 -> 165, -2, 0.75, 1, -2
477 -> 165, -3, 0.25, 2, -1.5
477 -> 165, -5, 0.75, 3, -1
477 -> 165, -2, 0.75, 3, -2
477 -> 165, -4, 0.25, 3, -0.5
477 -> 165, -5, 0.75, 2, -1
477 -> 165, -2, 0.75, 2, -2
477 -> 165, -5, 0.75, 1, -1
477 -> 165, -1, 0.25, 1, -1.5
478 -> 165, -5, 1.25, 5, -0.5
478 -> 165, -2, 1.25, 1, -2
478 -> 165, -2, 1.25, 2, -2
479 -> 165, -4, 1.75, 2, -1.5
479 -> 165, -4, 0.25, 4, -0.5
479 -> 165, -4, 1.75, 3, -1.5
479 -> 165, -4, 1.75, 4, -1.5
481 -> 165, -3, 1.25, 4, -0.5
481 -> 165, -1, 0.25, 1, -1
481 -> 165, -3, 1.25, 5, -0.5
482 -> 165, -3, 1.25, 3, -0.5
483 -> 165, -1, 0.25, 3, -2
483 -> 165, -1, 0.25, 1, -2
483 -> 165, -1, 0.25, 2, -2
484 -> 165, -4, 1.25, 5, -1
486 -> 165, -5, 1.75, 5, -1.5
486 -> 165, -1, 1.25, 3, -0.5
486 -> 165, -1, 0.75, 3, -1
487 -> 165, -3, 1.25, 1, -0.5
487 -> 165, -1, 0.75, 1, -1
488 -> 165, -2, 0.25, 5, -2
491 -> 165, -3, 1.25, 2, -2
494 -> 165, -4, 0.75, 5, -1
495 -> 165, -1, 1.25, 2, -0.5
496 -> 165, -5, 1.25, 5, -1.5
496 -> 165, -2, 0.25, 4, -1.5
496 -> 165, -2, 0.25, 3, -1.5
497 -> 165, -5, 1.75, 5, -0.5
497 -> 165, -3, 1.25, 3, -1.5
499 -> 165, -3, 1.25, 5, -1
500 -> 165, -4, 0.75, 1, -2
501 -> 165, -4, 1.75, 3, -1
501 -> 165, -2, 0.75, 1, -1
501 -> 165, -4, 1.75, 4, -1
501 -> 165, -4, 1.75, 5, -1
503 -> 165, -4, 0.75, 1, -1
503 -> 165, -4, 0.75, 3, -1
503 -> 165, -4, 0.75, 4, -1
503 -> 165, -4, 0.75, 2, -1
504 -> 165, -2, 0.25, 1, -1.5
506 -> 165, -4, 0.25, 5, -0.5
512 -> 165, -5, 0.75, 1, -0.5
516 -> 165, -5, 0.75, 4, -1
520 -> 165, -3, 0.25, 2, -1
520 -> 165, -3, 0.25, 3, -1
520 -> 165, -2, 0.75, 3, -0.5
520 -> 165, -5, 0.25, 2, -0.5
520 -> 165, -3, 0.25, 4, -1
520 -> 165, -3, 0.25, 5, -1
521 -> 165, -5, 0.25, 1, -0.5
522 -> 165, -2, 1.25, 1, -1
523 -> 165, -4, 1.75, 2, -1
523 -> 165, -4, 1.75, 1, -1
524 -> 165, -3, 1.75, 4, -0.5
524 -> 165, -3, 1.75, 3, -0.5
527 -> 165, -3, 0.75, 5, -2
527 -> 165, -3, 0.75, 4, -2
527 -> 165, -3, 0.75, 3, -2
529 -> 165, -5, 0.25, 3, -0.5
531 -> 165, -1, 0.75, 2, -0.5
531 -> 165, -1, 0.75, 1, -0.5
534 -> 165, -4, 0.25, 1, -0.5
534 -> 165, -4, 0.25, 2, -0.5
549 -> 165, -4, 0.25, 3, -1.5
549 -> 165, -5, 1.75, 4, -1.5
549 -> 165, -5, 1.75, 3, -1.5
549 -> 165, -5, 1.75, 2, -1.5
549 -> 165, -5, 0.25, 4, -0.5
549 -> 165, -4, 0.25, 2, -1.5
558 -> 165, -4, 1.75, 4, -0.5
561 -> 165, -5, 1.75, 3, -0.5
564 -> 165, -5, 1.25, 1, -1
569 -> 165, -5, 0.75, 5, -0.5
602 -> 165, -4, 1.75, 2, -0.5
602 -> 165, -4, 1.75, 1, -0.5
616 -> 165, -4, 1.25, 1, -0.5
705 -> 165, -5, 1.75, 1, -0.5
705 -> 165, -5, 1.75, 2, -0.5
740 -> 165, -5, 0.75, 2, -0.5
740 -> 165, -5, 0.75, 3, -0.5
740 -> 165, -5, 0.75, 4, -0.5
815 -> 165, -5, 1.25, 1, -0.5
