345 -> 168, -4, 1.75, 5, -2
351 -> 168, -4, 1.75, 4, -2
360 -> 168, -4, 0.75, 3, -1
360 -> 168, -4, 0.75, 2, -1
364 -> 168, -4, 1.75, 5, -0.5
368 -> 168, -5, 0.25, 2, -1.5
368 -> 168, -5, 0.25, 3, -1.5
368 -> 168, -5, 0.25, 4, -1.5
368 -> 168, -5, 0.25, 5, -1.5
368 -> 168, -5, 0.25, 1, -1.5
372 -> 168, -5, 1.75, 4, -2
374 -> 168, -1, 1.75, 3, -1
374 -> 168, -1, 1.75, 4, -1
374 -> 168, -1, 1.75, 2, -1
376 -> 168, -5, 1.75, 4, -1
377 -> 168, -5, 0.75, 3, -1
377 -> 168, -1, 1.75, 1, -1
377 -> 168, -5, 0.75, 4, -1
377 -> 168, -5, 0.75, 5, -1
381 -> 168, -3, 1.75, 5, -0.5
382 -> 168, -3, 1.25, 3, -0.5
385 -> 168, -2, 1.25, 2, -0.5
388 -> 168, -4, 1.75, 4, -1.5
389 -> 168, -5, 0.25, 2, -2
389 -> 168, -5, 0.25, 1, -2
389 -> 168, -4, 1.75, 1, -2
390 -> 168, -1, 0.25, 1, -0.5
390 -> 168, -2, 1.75, 4, -2
390 -> 168, -5, 1.75, 2, -0.5
391 -> 168, -4, 0.75, 3, -0.5
392 -> 168, -4, 1.75, 5, -1
393 -> 168, -4, 1.25, 2, -1
394 -> 168, -2, 1.75, 5, -2
395 -> 168, -2, 1.75, 5, -0.5
395 -> 168, -5, 0.25, 2, -1
396 -> 168, -2, 1.75, 3, -2
397 -> 168, -3, 1.75, 4, -0.5
397 -> 168, -4, 1.75, 3, -1.5
398 -> 168, -5, 1.25, 3, -1.5
398 -> 168, -4, 0.25, 1, -1.5
399 -> 168, -2, 1.75, 2, -1
400 -> 168, -2, 0.75, 3, -0.5
400 -> 168, -2, 0.75, 2, -0.5
400 -> 168, -4, 1.75, 3, -2
400 -> 168, -5, 0.25, 5, -2
401 -> 168, -5, 1.75, 4, -1.5
401 -> 168, -5, 0.75, 1, -1.5
401 -> 168, -5, 1.75, 3, -1.5
401 -> 168, -2, 0.75, 5, -1.5
402 -> 168, -1, 1.25, 2, -1
402 -> 168, -3, 0.75, 1, -1.5
403 -> 168, -3, 1.25, 5, -0.5
403 -> 168, -4, 0.75, 3, -2
403 -> 168, -4, 1.75, 1, -1
403 -> 168, -4, 1.75, 2, -1
404 -> 168, -3, 1.25, 1, -1
405 -> 168, -5, 1.75, 3, -2
405 -> 168, -5, 1.75, 2, -2
405 -> 168, -4, 1.25, 5, -1.5
406 -> 168, -4, 0.25, 5, -0.5
406 -> 168, -4, 0.25, 4, -0.5
406 -> 168, -4, 0.25, 3, -0.5
407 -> 168, -2, 0.75, 4, -1
407 -> 168, -2, 0.75, 3, -1
407 -> 168, -2, 0.75, 2, -1
407 -> 168, -3, 1.75, 3, -1
408 -> 168, -5, 0.25, 3, -2
408 -> 168, -5, 0.25, 4, -2
408 -> 168, -5, 1.75, 5, -1.5
408 -> 168, -3, 0.75, 4, -0.5
408 -> 168, -4, 1.75, 2, -2
409 -> 168, -5, 1.25, 5, -2
409 -> 168, -4, 1.25, 4, -1
409 -> 168, -4, 1.25, 3, -1
409 -> 168, -5, 1.25, 4, -2
409 -> 168, -5, 1.75, 1, -2
409 -> 168, -4, 0.75, 2, -2
409 -> 168, -2, 0.25, 1, -0.5
410 -> 168, -3, 1.75, 4, -2
410 -> 168, -3, 0.75, 3, -1.5
410 -> 168, -3, 1.75, 5, -2
411 -> 168, -1, 0.75, 1, -0.5
412 -> 168, -1, 0.75, 3, -2
412 -> 168, -4, 0.75, 4, -1
412 -> 168, -1, 0.75, 2, -2
412 -> 168, -1, 0.75, 1, -2
412 -> 168, -4, 1.25, 5, -2
413 -> 168, -4, 0.75, 1, -1
413 -> 168, -5, 1.75, 5, -2
414 -> 168, -4, 1.25, 4, -2
414 -> 168, -2, 1.25, 2, -2
414 -> 168, -1, 1.25, 4, -1
414 -> 168, -2, 1.25, 3, -2
414 -> 168, -2, 1.25, 1, -2
414 -> 168, -3, 1.75, 3, -2
414 -> 168, -1, 1.25, 5, -1
416 -> 168, -2, 0.75, 4, -1.5
416 -> 168, -5, 0.25, 1, -1
417 -> 168, -4, 0.75, 1, -2
417 -> 168, -1, 1.75, 5, -1.5
418 -> 168, -2, 1.25, 5, -0.5
418 -> 168, -2, 0.75, 5, -0.5
418 -> 168, -1, 1.75, 5, -2
419 -> 168, -1, 0.75, 4, -2
419 -> 168, -2, 0.75, 1, -1
419 -> 168, -1, 0.75, 5, -2
420 -> 168, -3, 1.25, 3, -1
420 -> 168, -5, 1.75, 5, -0.5
420 -> 168, -3, 1.25, 2, -1
420 -> 168, -2, 1.75, 5, -1
421 -> 168, -4, 1.75, 4, -0.5
422 -> 168, -2, 1.25, 1, -0.5
422 -> 168, -4, 0.25, 5, -2
422 -> 168, -5, 0.75, 4, -2
422 -> 168, -3, 0.75, 5, -2
423 -> 168, -2, 0.75, 3, -1.5
423 -> 168, -1, 0.75, 3, -0.5
424 -> 168, -5, 1.25, 3, -2
424 -> 168, -5, 1.25, 1, -2
424 -> 168, -5, 1.25, 2, -2
424 -> 168, -3, 1.75, 5, -1.5
424 -> 168, -4, 1.25, 1, -2
424 -> 168, -5, 0.25, 2, -0.5
425 -> 168, -4, 0.25, 3, -1.5
425 -> 168, -4, 0.25, 4, -1.5
425 -> 168, -2, 1.75, 2, -2
425 -> 168, -2, 1.75, 1, -2
425 -> 168, -4, 0.25, 2, -1.5
425 -> 168, -4, 0.25, 5, -1.5
426 -> 168, -3, 0.75, 2, -1
426 -> 168, -3, 0.75, 3, -1
426 -> 168, -1, 1.25, 3, -1.5
426 -> 168, -3, 0.75, 5, -1
426 -> 168, -3, 0.75, 4, -1
426 -> 168, -1, 1.25, 2, -1.5
426 -> 168, -5, 0.25, 3, -1
426 -> 168, -5, 1.25, 2, -1.5
427 -> 168, -2, 1.75, 4, -1
427 -> 168, -3, 0.75, 4, -2
427 -> 168, -3, 0.75, 3, -2
427 -> 168, -2, 1.75, 4, -0.5
427 -> 168, -1, 1.25, 3, -1
428 -> 168, -2, 0.75, 1, -1.5
428 -> 168, -4, 0.25, 2, -1
428 -> 168, -5, 0.75, 5, -2
428 -> 168, -1, 1.75, 2, -1.5
429 -> 168, -1, 0.75, 4, -1
429 -> 168, -4, 1.25, 3, -2
429 -> 168, -4, 1.25, 2, -2
429 -> 168, -1, 0.75, 5, -1
430 -> 168, -2, 0.75, 2, -1.5
430 -> 168, -3, 1.25, 1, -0.5
430 -> 168, -4, 1.25, 5, -1
430 -> 168, -3, 1.25, 2, -0.5
430 -> 168, -2, 0.25, 5, -0.5
431 -> 168, -1, 1.75, 3, -1.5
432 -> 168, -2, 1.25, 4, -2
432 -> 168, -2, 1.25, 5, -2
432 -> 168, -4, 1.25, 1, -1.5
433 -> 168, -3, 1.25, 4, -1
433 -> 168, -3, 1.25, 2, -2
433 -> 168, -3, 0.75, 1, -1
433 -> 168, -1, 0.75, 5, -0.5
433 -> 168, -4, 1.75, 1, -0.5
433 -> 168, -5, 0.75, 1, -1
433 -> 168, -1, 0.75, 4, -0.5
433 -> 168, -3, 1.25, 1, -2
435 -> 168, -3, 1.75, 2, -2
435 -> 168, -3, 1.75, 1, -2
435 -> 168, -5, 1.25, 4, -1.5
436 -> 168, -3, 1.25, 4, -2
436 -> 168, -3, 1.75, 4, -1
436 -> 168, -3, 1.25, 5, -2
436 -> 168, -4, 1.25, 4, -1.5
437 -> 168, -1, 1.25, 1, -1.5
437 -> 168, -1, 0.25, 2, -0.5
437 -> 168, -3, 1.25, 4, -0.5
437 -> 168, -2, 0.75, 1, -0.5
438 -> 168, -3, 1.25, 5, -1
438 -> 168, -1, 1.25, 4, -2
438 -> 168, -5, 0.75, 1, -2
438 -> 168, -5, 0.75, 2, -2
438 -> 168, -1, 1.25, 5, -1.5
438 -> 168, -5, 0.75, 3, -2
438 -> 168, -3, 1.25, 4, -1.5
439 -> 168, -2, 0.25, 3, -0.5
439 -> 168, -3, 0.25, 5, -2
439 -> 168, -5, 1.25, 1, -1.5
439 -> 168, -3, 0.25, 4, -2
439 -> 168, -3, 0.25, 3, -2
440 -> 168, -1, 1.75, 1, -2
440 -> 168, -2, 0.25, 5, -2
441 -> 168, -4, 0.25, 5, -1
441 -> 168, -1, 1.25, 3, -2
441 -> 168, -5, 1.25, 3, -1
442 -> 168, -1, 1.75, 4, -0.5
442 -> 168, -1, 1.75, 3, -0.5
442 -> 168, -3, 1.75, 1, -1.5
442 -> 168, -3, 1.25, 5, -1.5
442 -> 168, -3, 1.25, 3, -2
443 -> 168, -1, 1.75, 3, -2
443 -> 168, -1, 0.25, 5, -2
443 -> 168, -4, 1.75, 2, -1.5
443 -> 168, -4, 1.75, 1, -1.5
443 -> 168, -3, 1.25, 1, -1.5
443 -> 168, -4, 0.75, 5, -2
443 -> 168, -1, 1.75, 5, -1
443 -> 168, -1, 1.75, 4, -2
445 -> 168, -5, 1.75, 1, -1
445 -> 168, -5, 1.75, 2, -1
445 -> 168, -4, 1.25, 1, -1
445 -> 168, -3, 0.75, 2, -1.5
445 -> 168, -1, 1.75, 4, -1.5
446 -> 168, -1, 1.25, 4, -0.5
446 -> 168, -5, 1.25, 2, -1
446 -> 168, -1, 1.25, 3, -0.5
446 -> 168, -1, 1.25, 2, -2
446 -> 168, -1, 1.25, 5, -0.5
446 -> 168, -1, 1.25, 2, -0.5
446 -> 168, -2, 0.75, 4, -0.5
446 -> 168, -1, 1.75, 1, -1.5
446 -> 168, -1, 0.25, 4, -2
447 -> 168, -2, 1.25, 4, -0.5
448 -> 168, -1, 1.25, 4, -1.5
449 -> 168, -1, 1.25, 5, -2
449 -> 168, -2, 1.75, 3, -1
449 -> 168, -2, 1.25, 4, -1.5
453 -> 168, -3, 0.25, 1, -1.5
453 -> 168, -3, 0.25, 3, -1.5
453 -> 168, -3, 0.25, 4, -1.5
453 -> 168, -3, 0.25, 2, -1.5
454 -> 168, -3, 0.75, 2, -0.5
454 -> 168, -3, 1.75, 4, -1.5
454 -> 168, -3, 0.25, 1, -2
454 -> 168, -3, 0.75, 5, -0.5
454 -> 168, -3, 1.75, 3, -1.5
454 -> 168, -3, 0.25, 2, -2
454 -> 168, -3, 1.75, 2, -1.5
454 -> 168, -3, 1.75, 2, -1
456 -> 168, -5, 0.75, 4, -1.5
456 -> 168, -5, 0.75, 2, -1.5
456 -> 168, -5, 0.75, 5, -1.5
456 -> 168, -5, 0.75, 3, -1.5
457 -> 168, -3, 1.25, 3, -1.5
457 -> 168, -1, 1.75, 2, -2
457 -> 168, -3, 0.25, 1, -0.5
457 -> 168, -3, 1.25, 2, -1.5
458 -> 168, -4, 1.75, 3, -0.5
458 -> 168, -2, 1.75, 1, -1
459 -> 168, -3, 0.75, 4, -1.5
459 -> 168, -1, 0.25, 1, -1
459 -> 168, -5, 0.25, 1, -0.5
459 -> 168, -2, 1.25, 3, -1.5
459 -> 168, -5, 1.25, 1, -1
459 -> 168, -3, 0.75, 5, -1.5
459 -> 168, -1, 0.25, 1, -2
460 -> 168, -2, 0.25, 4, -2
460 -> 168, -2, 0.25, 3, -2
460 -> 168, -2, 0.25, 2, -2
461 -> 168, -5, 1.25, 5, -1.5
461 -> 168, -1, 0.75, 1, -1
463 -> 168, -2, 0.75, 5, -1
463 -> 168, -5, 1.75, 3, -1
463 -> 168, -2, 1.25, 5, -1.5
464 -> 168, -2, 0.25, 1, -2
464 -> 168, -1, 1.25, 1, -1
464 -> 168, -3, 0.25, 5, -1.5
465 -> 168, -3, 0.75, 1, -2
465 -> 168, -2, 1.25, 1, -1.5
466 -> 168, -5, 0.75, 2, -1
466 -> 168, -2, 1.25, 4, -1
466 -> 168, -2, 1.25, 5, -1
466 -> 168, -1, 0.25, 4, -0.5
466 -> 168, -1, 0.25, 5, -0.5
466 -> 168, -4, 1.75, 3, -1
466 -> 168, -4, 1.75, 4, -1
467 -> 168, -1, 0.25, 2, -1
467 -> 168, -1, 0.25, 4, -1
467 -> 168, -1, 0.75, 4, -1.5
467 -> 168, -1, 0.25, 5, -1
467 -> 168, -1, 0.25, 3, -1
468 -> 168, -1, 1.75, 2, -0.5
469 -> 168, -4, 1.75, 2, -0.5
469 -> 168, -2, 1.75, 3, -0.5
469 -> 168, -1, 1.25, 1, -2
469 -> 168, -2, 1.75, 2, -0.5
470 -> 168, -3, 1.75, 1, -1
470 -> 168, -4, 1.25, 3, -1.5
470 -> 168, -1, 0.75, 2, -1
470 -> 168, -4, 1.25, 2, -1.5
470 -> 168, -1, 0.75, 3, -1
471 -> 168, -1, 1.75, 5, -0.5
471 -> 168, -4, 1.75, 5, -1.5
472 -> 168, -5, 1.25, 5, -1
472 -> 168, -2, 1.75, 1, -0.5
472 -> 168, -5, 1.25, 4, -1
472 -> 168, -3, 0.75, 2, -2
472 -> 168, -2, 1.25, 3, -0.5
473 -> 168, -2, 1.25, 2, -1.5
473 -> 168, -1, 0.75, 1, -1.5
474 -> 168, -2, 0.75, 5, -2
474 -> 168, -2, 0.75, 2, -2
474 -> 168, -2, 0.75, 3, -2
474 -> 168, -2, 0.75, 4, -2
477 -> 168, -1, 1.25, 1, -0.5
477 -> 168, -1, 0.25, 2, -2
477 -> 168, -4, 0.25, 1, -1
477 -> 168, -1, 0.25, 3, -2
477 -> 168, -2, 0.25, 1, -1.5
479 -> 168, -2, 0.75, 1, -2
479 -> 168, -2, 0.25, 1, -1
480 -> 168, -5, 1.25, 1, -0.5
482 -> 168, -5, 0.25, 5, -0.5
483 -> 168, -5, 1.75, 3, -0.5
483 -> 168, -4, 0.75, 4, -0.5
483 -> 168, -5, 0.25, 4, -0.5
483 -> 168, -5, 1.75, 4, -0.5
484 -> 168, -3, 0.25, 2, -1
484 -> 168, -3, 0.25, 3, -1
484 -> 168, -3, 0.25, 1, -1
484 -> 168, -2, 1.75, 1, -1.5
484 -> 168, -2, 1.75, 3, -1.5
484 -> 168, -2, 1.75, 2, -1.5
484 -> 168, -2, 1.75, 4, -1.5
484 -> 168, -2, 1.75, 5, -1.5
485 -> 168, -4, 0.75, 5, -1
485 -> 168, -1, 0.75, 3, -1.5
486 -> 168, -1, 0.25, 5, -1.5
486 -> 168, -2, 0.25, 4, -0.5
486 -> 168, -5, 1.75, 5, -1
486 -> 168, -4, 0.75, 4, -2
487 -> 168, -1, 0.75, 2, -0.5
489 -> 168, -5, 0.25, 3, -0.5
493 -> 168, -4, 0.75, 5, -0.5
493 -> 168, -1, 0.75, 2, -1.5
493 -> 168, -1, 0.25, 3, -0.5
495 -> 168, -4, 0.75, 4, -1.5
495 -> 168, -1, 0.75, 5, -1.5
495 -> 168, -4, 0.75, 5, -1.5
495 -> 168, -2, 0.25, 2, -0.5
495 -> 168, -1, 1.75, 1, -0.5
496 -> 168, -4, 0.75, 1, -1.5
496 -> 168, -4, 0.75, 3, -1.5
496 -> 168, -4, 0.25, 4, -2
496 -> 168, -4, 0.75, 2, -1.5
496 -> 168, -4, 0.25, 3, -2
496 -> 168, -4, 0.25, 1, -2
496 -> 168, -4, 0.25, 2, -2
500 -> 168, -3, 0.75, 1, -0.5
501 -> 168, -4, 0.25, 3, -1
504 -> 168, -1, 0.25, 3, -1.5
504 -> 168, -1, 0.25, 1, -1.5
504 -> 168, -1, 0.25, 4, -1.5
504 -> 168, -1, 0.25, 2, -1.5
507 -> 168, -2, 1.25, 3, -1
507 -> 168, -2, 1.25, 2, -1
507 -> 168, -2, 1.25, 1, -1
510 -> 168, -4, 0.25, 4, -1
511 -> 168, -2, 0.25, 2, -1.5
511 -> 168, -3, 0.25, 4, -1
511 -> 168, -2, 0.25, 5, -1.5
511 -> 168, -3, 0.25, 5, -1
511 -> 168, -2, 0.25, 3, -1.5
511 -> 168, -2, 0.25, 4, -1.5
513 -> 168, -4, 0.75, 2, -0.5
517 -> 168, -5, 0.25, 5, -1
517 -> 168, -5, 0.25, 4, -1
522 -> 168, -3, 0.25, 2, -0.5
529 -> 168, -3, 1.75, 5, -1
530 -> 168, -2, 0.25, 3, -1
530 -> 168, -2, 0.25, 4, -1
530 -> 168, -2, 0.25, 5, -1
530 -> 168, -2, 0.25, 2, -1
541 -> 168, -5, 0.75, 1, -0.5
549 -> 168, -3, 1.75, 1, -0.5
549 -> 168, -3, 1.75, 2, -0.5
549 -> 168, -3, 1.75, 3, -0.5
554 -> 168, -5, 1.75, 1, -1.5
554 -> 168, -5, 1.75, 2, -1.5
565 -> 168, -5, 0.75, 3, -0.5
579 -> 168, -5, 1.75, 1, -0.5
587 -> 168, -3, 0.75, 3, -0.5
631 -> 168, -4, 0.75, 1, -0.5
635 -> 168, -4, 0.25, 2, -0.5
635 -> 168, -4, 0.25, 1, -0.5
640 -> 168, -5, 0.75, 5, -0.5
651 -> 168, -4, 1.25, 1, -0.5
651 -> 168, -4, 1.25, 2, -0.5
651 -> 168, -4, 1.25, 3, -0.5
651 -> 168, -4, 1.25, 4, -0.5
651 -> 168, -4, 1.25, 5, -0.5
684 -> 168, -5, 1.25, 5, -0.5
684 -> 168, -5, 1.25, 4, -0.5
686 -> 168, -5, 1.25, 3, -0.5
728 -> 168, -5, 1.25, 2, -0.5
744 -> 168, -5, 0.75, 2, -0.5
797 -> 168, -3, 0.25, 5, -0.5
797 -> 168, -3, 0.25, 4, -0.5
797 -> 168, -3, 0.25, 3, -0.5
812 -> 168, -5, 0.75, 4, -0.5
