321 -> 486, -5, 1.75, 1, -1
365 -> 486, -2, 1.75, 5, -0.5
378 -> 486, -5, 1.75, 5, -0.5
381 -> 486, -5, 1.25, 3, -0.5
383 -> 486, -3, 1.25, 1, -1.5
385 -> 486, -5, 1.75, 3, -2
385 -> 486, -1, 1.75, 3, -1
385 -> 486, -1, 1.75, 2, -1
386 -> 486, -1, 1.75, 4, -1
389 -> 486, -3, 0.75, 5, -0.5
393 -> 486, -1, 0.75, 5, -1
396 -> 486, -2, 1.25, 4, -1.5
396 -> 486, -2, 1.25, 5, -1.5
396 -> 486, -4, 0.25, 2, -0.5
397 -> 486, -1, 1.75, 2, -0.5
397 -> 486, -5, 0.25, 3, -0.5
397 -> 486, -2, 1.75, 3, -1.5
400 -> 486, -2, 1.25, 3, -1.5
401 -> 486, -1, 1.25, 3, -0.5
401 -> 486, -4, 0.25, 3, -0.5
403 -> 486, -3, 1.75, 1, -0.5
404 -> 486, -3, 1.75, 5, -0.5
404 -> 486, -3, 1.75, 2, -0.5
404 -> 486, -1, 0.25, 3, -2
404 -> 486, -3, 1.75, 4, -0.5
404 -> 486, -1, 1.75, 5, -1
404 -> 486, -3, 1.75, 3, -0.5
406 -> 486, -5, 1.75, 1, -1.5
406 -> 486, -3, 0.75, 3, -0.5
407 -> 486, -5, 1.25, 1, -0.5
407 -> 486, -5, 1.25, 5, -0.5
408 -> 486, -1, 1.75, 1, -0.5
408 -> 486, -4, 1.75, 4, -0.5
409 -> 486, -1, 0.75, 4, -1
410 -> 486, -1, 1.75, 5, -0.5
410 -> 486, -5, 1.75, 1, -2
411 -> 486, -1, 0.75, 1, -0.5
413 -> 486, -3, 1.75, 5, -2
413 -> 486, -3, 1.75, 4, -1
414 -> 486, -2, 1.25, 1, -1
414 -> 486, -3, 1.75, 2, -1.5
414 -> 486, -1, 0.75, 3, -0.5
414 -> 486, -2, 1.75, 1, -0.5
415 -> 486, -1, 1.75, 1, -1
416 -> 486, -2, 1.25, 1, -0.5
416 -> 486, -3, 1.75, 1, -1.5
416 -> 486, -4, 1.25, 5, -1.5
416 -> 486, -4, 1.75, 3, -0.5
417 -> 486, -4, 1.75, 1, -0.5
417 -> 486, -4, 0.75, 2, -1
417 -> 486, -4, 0.75, 1, -1
417 -> 486, -3, 1.25, 1, -0.5
417 -> 486, -5, 1.75, 1, -0.5
417 -> 486, -5, 1.75, 5, -1
418 -> 486, -1, 0.75, 1, -1
418 -> 486, -4, 0.75, 5, -0.5
418 -> 486, -3, 1.25, 4, -0.5
420 -> 486, -3, 0.75, 4, -0.5
420 -> 486, -2, 1.25, 1, -1.5
420 -> 486, -2, 1.25, 2, -1.5
420 -> 486, -3, 1.75, 2, -2
420 -> 486, -3, 1.75, 3, -2
422 -> 486, -3, 1.75, 1, -1
422 -> 486, -4, 1.25, 3, -1
422 -> 486, -4, 1.75, 2, -1
424 -> 486, -5, 1.75, 5, -1.5
424 -> 486, -5, 1.75, 4, -1.5
424 -> 486, -1, 0.75, 4, -0.5
424 -> 486, -4, 1.75, 5, -1.5
425 -> 486, -3, 0.75, 1, -0.5
425 -> 486, -5, 1.75, 2, -1
426 -> 486, -3, 0.75, 3, -2
426 -> 486, -1, 1.25, 1, -1
427 -> 486, -1, 0.75, 5, -0.5
427 -> 486, -3, 1.25, 2, -1.5
427 -> 486, -3, 1.75, 4, -2
428 -> 486, -3, 1.75, 1, -2
428 -> 486, -3, 0.75, 2, -0.5
428 -> 486, -2, 0.75, 3, -1.5
428 -> 486, -2, 0.75, 4, -1.5
428 -> 486, -5, 1.75, 5, -2
428 -> 486, -1, 0.25, 1, -1
428 -> 486, -1, 0.25, 2, -1
428 -> 486, -5, 1.75, 4, -2
428 -> 486, -5, 1.75, 3, -1.5
429 -> 486, -3, 0.75, 1, -2
429 -> 486, -4, 1.75, 5, -1
429 -> 486, -1, 1.25, 5, -0.5
429 -> 486, -4, 0.25, 1, -0.5
430 -> 486, -5, 0.75, 4, -0.5
431 -> 486, -1, 0.75, 3, -1
433 -> 486, -4, 0.75, 2, -0.5
433 -> 486, -4, 1.75, 1, -1
433 -> 486, -3, 0.75, 5, -1
433 -> 486, -2, 0.75, 5, -1.5
433 -> 486, -5, 0.25, 4, -1
434 -> 486, -2, 1.75, 2, -1
434 -> 486, -2, 1.75, 3, -1
434 -> 486, -2, 1.75, 4, -1
435 -> 486, -4, 0.25, 3, -1.5
435 -> 486, -4, 0.25, 1, -1.5
435 -> 486, -2, 1.75, 3, -0.5
435 -> 486, -2, 1.75, 4, -0.5
435 -> 486, -4, 0.25, 2, -1.5
435 -> 486, -5, 0.75, 3, -0.5
436 -> 486, -1, 0.75, 5, -2
436 -> 486, -3, 1.25, 5, -1.5
437 -> 486, -3, 1.25, 3, -0.5
437 -> 486, -1, 0.75, 1, -2
438 -> 486, -3, 1.75, 3, -1.5
438 -> 486, -1, 1.75, 5, -1.5
438 -> 486, -1, 0.25, 4, -2
438 -> 486, -1, 0.25, 5, -2
438 -> 486, -3, 1.75, 5, -1.5
438 -> 486, -1, 0.75, 2, -1
438 -> 486, -2, 1.75, 1, -1.5
438 -> 486, -4, 0.75, 2, -2
438 -> 486, -3, 1.75, 4, -1.5
438 -> 486, -4, 0.75, 1, -2
439 -> 486, -4, 0.25, 4, -1
439 -> 486, -4, 1.75, 2, -2
439 -> 486, -4, 0.25, 3, -1
439 -> 486, -3, 1.25, 4, -1.5
439 -> 486, -2, 1.25, 5, -2
439 -> 486, -4, 0.25, 5, -1
440 -> 486, -2, 0.75, 4, -2
440 -> 486, -5, 1.25, 1, -1
440 -> 486, -2, 0.75, 5, -2
440 -> 486, -4, 1.25, 5, -0.5
440 -> 486, -2, 1.75, 5, -1
440 -> 486, -5, 1.25, 3, -1
440 -> 486, -2, 0.75, 3, -2
440 -> 486, -5, 1.25, 2, -1
441 -> 486, -2, 0.75, 2, -1
441 -> 486, -3, 1.25, 5, -1
441 -> 486, -3, 1.25, 4, -1
441 -> 486, -2, 0.75, 3, -1
441 -> 486, -1, 0.25, 2, -2
441 -> 486, -1, 1.25, 5, -2
441 -> 486, -2, 1.75, 2, -0.5
442 -> 486, -1, 1.25, 2, -1.5
442 -> 486, -1, 1.75, 5, -2
442 -> 486, -4, 0.75, 4, -2
442 -> 486, -1, 1.75, 4, -2
442 -> 486, -5, 0.75, 3, -1
442 -> 486, -1, 1.75, 3, -2
442 -> 486, -4, 0.75, 5, -2
442 -> 486, -1, 1.75, 2, -2
442 -> 486, -5, 0.75, 2, -1
442 -> 486, -4, 0.75, 3, -2
442 -> 486, -2, 0.75, 2, -0.5
443 -> 486, -2, 0.75, 5, -1
443 -> 486, -2, 0.25, 5, -1.5
443 -> 486, -2, 1.25, 5, -1
443 -> 486, -2, 1.25, 4, -1
443 -> 486, -2, 1.25, 3, -1
443 -> 486, -2, 1.25, 2, -1
444 -> 486, -5, 0.75, 2, -0.5
445 -> 486, -5, 0.75, 4, -1
445 -> 486, -5, 1.75, 2, -1.5
445 -> 486, -1, 0.75, 2, -2
445 -> 486, -1, 0.75, 3, -2
445 -> 486, -2, 1.25, 2, -2
445 -> 486, -5, 0.75, 5, -1
445 -> 486, -2, 1.25, 3, -2
445 -> 486, -4, 1.25, 1, -0.5
446 -> 486, -5, 1.25, 1, -1.5
446 -> 486, -2, 0.75, 2, -2
447 -> 486, -3, 1.75, 5, -1
447 -> 486, -4, 0.75, 5, -1.5
448 -> 486, -3, 1.25, 4, -2
448 -> 486, -1, 0.25, 4, -1.5
448 -> 486, -3, 1.25, 5, -2
448 -> 486, -1, 0.75, 4, -2
448 -> 486, -4, 0.75, 1, -0.5
448 -> 486, -1, 0.25, 5, -1.5
450 -> 486, -4, 1.75, 2, -0.5
450 -> 486, -3, 1.25, 1, -2
450 -> 486, -3, 1.25, 2, -2
451 -> 486, -1, 1.75, 1, -2
451 -> 486, -5, 0.25, 4, -1.5
451 -> 486, -1, 0.25, 1, -1.5
451 -> 486, -5, 0.25, 2, -1.5
451 -> 486, -5, 0.25, 5, -1.5
451 -> 486, -3, 0.75, 1, -1
451 -> 486, -5, 0.25, 3, -1.5
452 -> 486, -5, 1.75, 2, -2
452 -> 486, -4, 1.25, 5, -1
452 -> 486, -2, 1.25, 2, -0.5
452 -> 486, -4, 1.25, 4, -1
453 -> 486, -5, 0.75, 1, -1
453 -> 486, -5, 1.75, 3, -1
453 -> 486, -2, 1.75, 1, -1
454 -> 486, -4, 1.25, 2, -1
454 -> 486, -4, 1.25, 1, -1
454 -> 486, -1, 1.25, 1, -1.5
455 -> 486, -4, 1.25, 2, -0.5
455 -> 486, -3, 0.75, 5, -2
455 -> 486, -3, 0.75, 4, -2
456 -> 486, -1, 1.25, 4, -1.5
456 -> 486, -1, 1.25, 3, -1.5
456 -> 486, -4, 1.25, 2, -1.5
456 -> 486, -4, 1.25, 4, -1.5
456 -> 486, -1, 1.25, 5, -1.5
456 -> 486, -3, 1.25, 2, -0.5
456 -> 486, -4, 1.25, 3, -1.5
457 -> 486, -2, 0.25, 3, -1
457 -> 486, -2, 0.25, 4, -1
457 -> 486, -2, 0.25, 1, -1
457 -> 486, -2, 0.25, 2, -1
457 -> 486, -2, 0.25, 5, -1
458 -> 486, -2, 0.25, 1, -1.5
458 -> 486, -2, 0.25, 2, -1.5
458 -> 486, -2, 0.75, 4, -0.5
459 -> 486, -2, 0.25, 5, -2
459 -> 486, -2, 1.75, 4, -1.5
459 -> 486, -2, 1.75, 5, -1.5
459 -> 486, -2, 1.75, 5, -2
459 -> 486, -2, 0.25, 3, -2
459 -> 486, -2, 0.25, 2, -2
459 -> 486, -1, 1.25, 4, -2
459 -> 486, -2, 0.25, 4, -2
459 -> 486, -2, 0.25, 1, -2
460 -> 486, -4, 0.75, 4, -0.5
460 -> 486, -5, 0.25, 5, -0.5
461 -> 486, -4, 1.25, 2, -2
462 -> 486, -5, 0.25, 5, -1
462 -> 486, -5, 1.25, 4, -0.5
462 -> 486, -1, 1.75, 4, -1.5
463 -> 486, -2, 0.25, 4, -1.5
463 -> 486, -5, 1.25, 2, -1.5
463 -> 486, -4, 1.75, 1, -1.5
463 -> 486, -2, 0.25, 3, -1.5
463 -> 486, -5, 1.25, 3, -1.5
463 -> 486, -1, 1.75, 2, -1.5
463 -> 486, -1, 1.75, 3, -1.5
463 -> 486, -5, 1.25, 4, -1.5
463 -> 486, -5, 1.25, 5, -1.5
463 -> 486, -4, 1.75, 2, -1.5
463 -> 486, -4, 1.75, 3, -1.5
463 -> 486, -4, 1.75, 4, -1.5
464 -> 486, -1, 1.25, 2, -0.5
465 -> 486, -5, 0.75, 2, -2
465 -> 486, -3, 0.75, 1, -1.5
465 -> 486, -5, 0.75, 1, -2
465 -> 486, -1, 0.75, 2, -0.5
465 -> 486, -3, 0.75, 2, -1.5
466 -> 486, -2, 1.75, 2, -1.5
466 -> 486, -2, 0.75, 5, -0.5
466 -> 486, -1, 0.25, 3, -1
466 -> 486, -1, 0.25, 4, -1
466 -> 486, -1, 0.25, 5, -1
466 -> 486, -4, 0.25, 1, -1
467 -> 486, -1, 0.25, 1, -2
467 -> 486, -1, 0.25, 5, -0.5
467 -> 486, -2, 0.75, 1, -0.5
467 -> 486, -2, 1.75, 1, -2
467 -> 486, -2, 1.75, 2, -2
468 -> 486, -2, 1.25, 4, -0.5
468 -> 486, -4, 1.25, 3, -2
468 -> 486, -2, 1.25, 5, -0.5
468 -> 486, -3, 1.25, 3, -1.5
468 -> 486, -1, 0.75, 3, -1.5
468 -> 486, -4, 1.25, 4, -2
469 -> 486, -1, 1.75, 4, -0.5
469 -> 486, -4, 0.25, 4, -2
469 -> 486, -1, 1.75, 3, -0.5
469 -> 486, -1, 1.25, 1, -0.5
469 -> 486, -5, 1.25, 5, -2
469 -> 486, -2, 0.25, 5, -0.5
469 -> 486, -4, 0.25, 5, -2
469 -> 486, -2, 0.75, 1, -1.5
470 -> 486, -2, 1.75, 3, -2
470 -> 486, -4, 0.25, 5, -0.5
470 -> 486, -4, 0.25, 4, -0.5
470 -> 486, -2, 1.75, 4, -2
470 -> 486, -3, 1.75, 2, -1
470 -> 486, -2, 0.75, 2, -1.5
471 -> 486, -2, 1.25, 1, -2
471 -> 486, -5, 0.75, 3, -2
472 -> 486, -1, 0.25, 4, -0.5
472 -> 486, -1, 0.25, 3, -0.5
472 -> 486, -1, 0.25, 2, -0.5
472 -> 486, -3, 0.75, 5, -1.5
472 -> 486, -1, 0.25, 1, -0.5
472 -> 486, -3, 0.75, 3, -1.5
472 -> 486, -2, 0.75, 4, -1
472 -> 486, -3, 0.75, 4, -1.5
473 -> 486, -1, 0.75, 2, -1.5
474 -> 486, -1, 0.75, 1, -1.5
476 -> 486, -2, 1.25, 4, -2
477 -> 486, -1, 0.75, 5, -1.5
477 -> 486, -1, 0.75, 4, -1.5
478 -> 486, -4, 0.75, 3, -1
480 -> 486, -1, 1.25, 4, -1
480 -> 486, -5, 0.25, 4, -2
480 -> 486, -1, 1.25, 3, -1
480 -> 486, -5, 0.25, 3, -2
480 -> 486, -5, 1.75, 3, -0.5
480 -> 486, -5, 0.25, 1, -2
480 -> 486, -1, 1.25, 2, -1
480 -> 486, -1, 1.25, 5, -1
480 -> 486, -5, 0.25, 5, -2
480 -> 486, -5, 0.25, 2, -2
480 -> 486, -5, 1.75, 4, -0.5
481 -> 486, -4, 0.25, 4, -1.5
481 -> 486, -4, 0.25, 5, -1.5
481 -> 486, -4, 0.75, 5, -1
481 -> 486, -4, 1.25, 1, -2
481 -> 486, -4, 0.75, 4, -1
482 -> 486, -3, 0.75, 2, -2
483 -> 486, -1, 1.25, 4, -0.5
484 -> 486, -4, 1.25, 3, -0.5
485 -> 486, -3, 0.25, 5, -1
485 -> 486, -3, 0.25, 4, -1
485 -> 486, -5, 0.75, 3, -1.5
485 -> 486, -5, 0.75, 2, -1.5
485 -> 486, -3, 0.25, 3, -1
485 -> 486, -3, 0.25, 2, -1
486 -> 486, -5, 0.75, 1, -1.5
486 -> 486, -5, 0.75, 5, -1.5
486 -> 486, -5, 0.75, 5, -0.5
486 -> 486, -5, 0.75, 4, -1.5
487 -> 486, -4, 0.25, 2, -1
487 -> 486, -4, 0.75, 3, -0.5
487 -> 486, -2, 0.75, 1, -2
488 -> 486, -2, 1.25, 3, -0.5
488 -> 486, -3, 0.25, 1, -0.5
488 -> 486, -3, 0.25, 2, -0.5
488 -> 486, -3, 0.25, 3, -0.5
488 -> 486, -4, 1.25, 5, -2
489 -> 486, -3, 0.25, 4, -1.5
489 -> 486, -3, 0.25, 2, -1.5
489 -> 486, -3, 0.25, 5, -1.5
489 -> 486, -3, 0.25, 3, -1.5
490 -> 486, -3, 0.25, 5, -0.5
490 -> 486, -5, 0.75, 5, -2
490 -> 486, -3, 0.25, 4, -0.5
490 -> 486, -5, 0.75, 4, -2
491 -> 486, -3, 0.25, 1, -1
491 -> 486, -4, 1.75, 3, -1
491 -> 486, -4, 1.75, 4, -1
491 -> 486, -4, 1.25, 4, -0.5
491 -> 486, -3, 0.75, 2, -1
491 -> 486, -2, 0.75, 1, -1
492 -> 486, -5, 0.25, 2, -1
492 -> 486, -2, 0.25, 1, -0.5
494 -> 486, -4, 1.75, 3, -2
494 -> 486, -4, 1.75, 4, -2
494 -> 486, -4, 1.75, 5, -2
495 -> 486, -1, 0.25, 3, -1.5
495 -> 486, -4, 0.25, 3, -2
495 -> 486, -1, 0.25, 2, -1.5
495 -> 486, -4, 0.25, 2, -2
495 -> 486, -4, 0.25, 1, -2
496 -> 486, -3, 1.25, 1, -1
497 -> 486, -5, 0.25, 1, -0.5
497 -> 486, -3, 1.25, 5, -0.5
498 -> 486, -3, 0.75, 4, -1
499 -> 486, -1, 1.25, 2, -2
499 -> 486, -1, 1.25, 1, -2
500 -> 486, -5, 0.25, 1, -1
501 -> 486, -3, 1.25, 3, -2
501 -> 486, -5, 1.25, 2, -0.5
501 -> 486, -2, 0.25, 4, -0.5
503 -> 486, -4, 1.75, 1, -2
507 -> 486, -5, 1.75, 2, -0.5
508 -> 486, -3, 0.75, 3, -1
508 -> 486, -3, 1.75, 3, -1
508 -> 486, -1, 1.75, 1, -1.5
509 -> 486, -2, 0.25, 3, -0.5
510 -> 486, -5, 0.25, 2, -0.5
511 -> 486, -5, 1.25, 4, -1
511 -> 486, -1, 1.25, 3, -2
511 -> 486, -5, 1.25, 5, -1
512 -> 486, -3, 0.25, 2, -2
512 -> 486, -3, 0.25, 4, -2
512 -> 486, -3, 0.25, 1, -2
512 -> 486, -2, 0.25, 2, -0.5
512 -> 486, -4, 1.75, 5, -0.5
512 -> 486, -3, 0.25, 3, -2
512 -> 486, -3, 0.25, 5, -2
517 -> 486, -3, 1.25, 3, -1
517 -> 486, -2, 0.75, 3, -0.5
517 -> 486, -5, 1.25, 4, -2
517 -> 486, -5, 1.25, 1, -2
517 -> 486, -3, 1.25, 2, -1
517 -> 486, -5, 1.25, 2, -2
517 -> 486, -5, 1.25, 3, -2
519 -> 486, -3, 0.25, 1, -1.5
526 -> 486, -5, 0.75, 1, -0.5
529 -> 486, -4, 1.25, 1, -1.5
532 -> 486, -5, 0.25, 3, -1
537 -> 486, -5, 0.25, 1, -1.5
540 -> 486, -4, 0.75, 1, -1.5
540 -> 486, -4, 0.75, 2, -1.5
540 -> 486, -4, 0.75, 3, -1.5
540 -> 486, -4, 0.75, 4, -1.5
547 -> 486, -5, 0.25, 4, -0.5
568 -> 486, -5, 1.75, 4, -1
