310 -> 336, -3, 1.75, 1, -1
331 -> 336, -4, 1.75, 5, -1
367 -> 336, -4, 1.25, 5, -2
369 -> 336, -1, 0.75, 3, -1.5
372 -> 336, -4, 1.25, 4, -2
372 -> 336, -1, 1.75, 3, -2
375 -> 336, -3, 1.75, 2, -1
376 -> 336, -4, 0.75, 5, -0.5
376 -> 336, -1, 1.25, 3, -0.5
376 -> 336, -2, 1.75, 2, -0.5
379 -> 336, -2, 1.25, 5, -1
379 -> 336, -2, 1.25, 4, -1
381 -> 336, -1, 0.25, 2, -0.5
381 -> 336, -3, 0.75, 5, -1.5
381 -> 336, -1, 0.25, 3, -0.5
381 -> 336, -3, 1.25, 3, -1
381 -> 336, -3, 1.25, 4, -1
382 -> 336, -1, 1.75, 5, -0.5
385 -> 336, -4, 1.75, 2, -1
385 -> 336, -1, 0.75, 2, -2
386 -> 336, -3, 1.25, 2, -1
387 -> 336, -1, 0.75, 3, -2
388 -> 336, -1, 1.25, 4, -1.5
388 -> 336, -1, 1.25, 3, -1.5
388 -> 336, -1, 1.25, 2, -1.5
389 -> 336, -2, 1.75, 1, -1
393 -> 336, -1, 0.25, 1, -0.5
393 -> 336, -3, 0.75, 3, -1.5
393 -> 336, -3, 0.75, 4, -1.5
394 -> 336, -5, 0.25, 2, -0.5
394 -> 336, -3, 1.75, 5, -1.5
395 -> 336, -5, 1.25, 1, -1
398 -> 336, -3, 1.25, 3, -2
398 -> 336, -1, 1.75, 3, -0.5
398 -> 336, -5, 0.75, 5, -1
399 -> 336, -4, 1.75, 4, -1.5
401 -> 336, -4, 1.75, 5, -1.5
402 -> 336, -4, 0.75, 1, -1.5
403 -> 336, -5, 0.75, 4, -1
403 -> 336, -2, 1.75, 3, -0.5
405 -> 336, -3, 1.25, 2, -2
405 -> 336, -4, 1.25, 1, -2
406 -> 336, -1, 0.75, 2, -1
406 -> 336, -4, 0.75, 2, -1
407 -> 336, -4, 1.75, 1, -1.5
407 -> 336, -1, 1.75, 2, -2
407 -> 336, -4, 1.75, 2, -1.5
408 -> 336, -1, 1.25, 2, -0.5
409 -> 336, -1, 1.25, 5, -2
409 -> 336, -2, 1.75, 5, -0.5
410 -> 336, -4, 0.75, 4, -1
410 -> 336, -4, 0.75, 3, -1
410 -> 336, -1, 0.75, 5, -0.5
410 -> 336, -1, 0.75, 4, -0.5
410 -> 336, -5, 1.25, 3, -1
410 -> 336, -4, 0.75, 5, -1
411 -> 336, -3, 1.75, 4, -1.5
411 -> 336, -3, 1.75, 3, -1.5
411 -> 336, -2, 1.25, 3, -1
411 -> 336, -1, 0.75, 2, -1.5
412 -> 336, -1, 1.25, 5, -1.5
412 -> 336, -4, 1.75, 3, -1
413 -> 336, -5, 0.75, 1, -1.5
413 -> 336, -2, 1.75, 2, -1
415 -> 336, -2, 1.25, 4, -0.5
417 -> 336, -2, 1.75, 4, -0.5
417 -> 336, -1, 1.75, 2, -0.5
418 -> 336, -2, 1.25, 2, -0.5
418 -> 336, -2, 1.25, 5, -1.5
418 -> 336, -3, 1.25, 5, -1
418 -> 336, -4, 1.75, 3, -1.5
419 -> 336, -2, 1.75, 5, -2
419 -> 336, -1, 0.75, 1, -1
420 -> 336, -3, 1.75, 3, -2
420 -> 336, -3, 1.75, 5, -2
420 -> 336, -3, 1.75, 4, -2
421 -> 336, -2, 1.75, 2, -1.5
421 -> 336, -4, 1.25, 3, -2
421 -> 336, -5, 0.25, 4, -0.5
421 -> 336, -5, 0.75, 3, -1
421 -> 336, -1, 1.25, 3, -2
421 -> 336, -4, 1.25, 2, -2
421 -> 336, -1, 1.25, 2, -2
421 -> 336, -1, 1.75, 4, -2
423 -> 336, -1, 1.75, 1, -1
423 -> 336, -5, 1.25, 5, -1
423 -> 336, -4, 0.75, 2, -1.5
423 -> 336, -4, 0.75, 3, -1.5
423 -> 336, -5, 1.25, 4, -1
424 -> 336, -1, 0.75, 3, -1
425 -> 336, -1, 1.75, 1, -1.5
425 -> 336, -3, 1.75, 1, -2
425 -> 336, -1, 1.75, 4, -0.5
426 -> 336, -1, 0.75, 3, -0.5
426 -> 336, -1, 1.25, 1, -0.5
427 -> 336, -3, 0.75, 1, -2
427 -> 336, -3, 0.75, 3, -2
427 -> 336, -2, 1.75, 5, -1
427 -> 336, -3, 0.75, 2, -2
427 -> 336, -4, 1.25, 4, -1
427 -> 336, -4, 1.75, 1, -1
427 -> 336, -4, 1.25, 3, -1
427 -> 336, -4, 1.25, 5, -1
428 -> 336, -5, 0.75, 2, -2
428 -> 336, -5, 1.25, 3, -2
428 -> 336, -5, 1.25, 4, -2
428 -> 336, -1, 0.75, 5, -2
428 -> 336, -3, 0.75, 2, -1.5
428 -> 336, -5, 1.25, 5, -2
428 -> 336, -2, 0.75, 1, -1
430 -> 336, -3, 0.25, 2, -0.5
430 -> 336, -3, 0.25, 1, -0.5
430 -> 336, -5, 0.75, 2, -1
431 -> 336, -3, 1.75, 5, -1
431 -> 336, -4, 1.75, 3, -2
432 -> 336, -2, 0.25, 3, -0.5
432 -> 336, -4, 1.25, 2, -1.5
433 -> 336, -5, 1.25, 2, -1
434 -> 336, -2, 1.75, 1, -1.5
434 -> 336, -4, 0.25, 3, -1.5
434 -> 336, -1, 0.75, 4, -2
434 -> 336, -5, 0.75, 3, -2
435 -> 336, -3, 0.25, 1, -1.5
435 -> 336, -1, 0.75, 4, -1
435 -> 336, -3, 1.25, 1, -2
435 -> 336, -1, 0.75, 5, -1
436 -> 336, -5, 0.75, 4, -2
437 -> 336, -3, 1.75, 2, -1.5
437 -> 336, -5, 1.75, 4, -2
437 -> 336, -3, 1.75, 1, -1.5
437 -> 336, -5, 1.75, 5, -2
437 -> 336, -2, 1.25, 2, -1
437 -> 336, -2, 1.25, 1, -1
437 -> 336, -1, 0.75, 1, -2
438 -> 336, -5, 1.75, 3, -2
438 -> 336, -5, 1.75, 2, -2
438 -> 336, -5, 1.75, 1, -2
439 -> 336, -2, 1.25, 4, -1.5
439 -> 336, -4, 1.75, 4, -1
440 -> 336, -1, 0.25, 3, -2
440 -> 336, -1, 1.25, 4, -2
440 -> 336, -2, 1.25, 5, -2
441 -> 336, -2, 1.25, 3, -2
441 -> 336, -3, 0.75, 1, -1.5
442 -> 336, -4, 1.25, 1, -1
442 -> 336, -1, 1.75, 2, -1
442 -> 336, -3, 0.75, 2, -0.5
442 -> 336, -5, 0.75, 5, -2
443 -> 336, -3, 0.25, 3, -0.5
443 -> 336, -4, 1.75, 1, -2
443 -> 336, -4, 1.75, 2, -2
443 -> 336, -3, 0.25, 4, -0.5
443 -> 336, -3, 0.25, 5, -0.5
443 -> 336, -2, 1.75, 3, -1.5
444 -> 336, -1, 0.25, 4, -0.5
444 -> 336, -1, 0.25, 5, -0.5
444 -> 336, -1, 1.25, 4, -0.5
444 -> 336, -1, 1.25, 5, -0.5
444 -> 336, -1, 1.25, 1, -1.5
446 -> 336, -1, 0.25, 5, -2
446 -> 336, -5, 0.25, 3, -0.5
446 -> 336, -3, 1.25, 2, -1.5
446 -> 336, -3, 1.25, 3, -1.5
447 -> 336, -5, 0.25, 5, -1
447 -> 336, -1, 1.25, 1, -2
447 -> 336, -5, 0.25, 4, -1
447 -> 336, -1, 0.25, 4, -2
448 -> 336, -5, 1.75, 1, -1.5
449 -> 336, -1, 1.75, 5, -1.5
449 -> 336, -4, 1.75, 4, -2
449 -> 336, -4, 1.75, 5, -2
450 -> 336, -1, 0.75, 2, -0.5
450 -> 336, -3, 0.75, 4, -2
450 -> 336, -1, 0.25, 1, -2
450 -> 336, -1, 0.25, 2, -2
450 -> 336, -3, 0.75, 5, -2
450 -> 336, -2, 0.75, 4, -2
450 -> 336, -2, 0.75, 5, -2
452 -> 336, -1, 1.75, 2, -1.5
452 -> 336, -1, 1.75, 4, -1.5
452 -> 336, -1, 0.75, 1, -0.5
452 -> 336, -1, 1.75, 3, -1.5
453 -> 336, -2, 1.75, 4, -1
453 -> 336, -1, 1.25, 4, -1
453 -> 336, -1, 1.25, 5, -1
453 -> 336, -2, 1.75, 3, -1
454 -> 336, -1, 0.75, 1, -1.5
454 -> 336, -2, 0.25, 2, -2
454 -> 336, -2, 0.25, 1, -2
454 -> 336, -2, 0.25, 3, -2
456 -> 336, -5, 0.75, 1, -2
456 -> 336, -4, 0.25, 2, -1
457 -> 336, -2, 0.25, 4, -2
457 -> 336, -2, 0.75, 3, -2
457 -> 336, -2, 0.75, 2, -2
457 -> 336, -2, 0.25, 5, -2
457 -> 336, -2, 0.75, 1, -2
458 -> 336, -4, 0.75, 5, -1.5
458 -> 336, -3, 0.25, 2, -1.5
458 -> 336, -2, 0.75, 5, -0.5
458 -> 336, -2, 1.75, 4, -1.5
458 -> 336, -2, 1.25, 3, -0.5
458 -> 336, -4, 0.75, 4, -1.5
458 -> 336, -3, 0.25, 4, -1.5
458 -> 336, -3, 0.25, 3, -1.5
458 -> 336, -3, 1.25, 1, -1
458 -> 336, -3, 0.25, 5, -1.5
459 -> 336, -1, 1.75, 1, -2
460 -> 336, -4, 0.75, 5, -2
460 -> 336, -1, 1.25, 2, -1
461 -> 336, -1, 1.75, 1, -0.5
462 -> 336, -1, 1.75, 5, -2
462 -> 336, -1, 1.75, 5, -1
462 -> 336, -1, 1.75, 4, -1
462 -> 336, -1, 1.75, 3, -1
462 -> 336, -2, 1.75, 1, -0.5
462 -> 336, -3, 1.25, 5, -2
462 -> 336, -3, 1.25, 4, -2
462 -> 336, -2, 1.25, 1, -0.5
463 -> 336, -2, 1.25, 4, -2
463 -> 336, -5, 0.75, 1, -1
464 -> 336, -1, 0.75, 4, -1.5
464 -> 336, -3, 1.25, 1, -1.5
464 -> 336, -4, 0.75, 4, -2
465 -> 336, -4, 0.75, 3, -2
465 -> 336, -3, 1.75, 4, -1
465 -> 336, -3, 1.75, 3, -1
465 -> 336, -4, 0.75, 2, -2
465 -> 336, -1, 0.75, 5, -1.5
466 -> 336, -5, 1.75, 4, -1.5
466 -> 336, -5, 1.75, 3, -1.5
466 -> 336, -5, 1.75, 5, -1.5
467 -> 336, -5, 0.75, 5, -1.5
467 -> 336, -4, 0.75, 1, -2
468 -> 336, -5, 0.25, 5, -0.5
469 -> 336, -5, 0.25, 5, -1.5
469 -> 336, -5, 0.25, 4, -1.5
469 -> 336, -2, 1.75, 5, -1.5
469 -> 336, -5, 0.25, 3, -1.5
470 -> 336, -3, 1.75, 2, -2
471 -> 336, -5, 0.25, 1, -1.5
472 -> 336, -1, 0.25, 5, -1.5
473 -> 336, -5, 0.25, 1, -2
474 -> 336, -4, 0.25, 5, -1.5
474 -> 336, -4, 0.25, 4, -1.5
474 -> 336, -2, 0.75, 5, -1.5
474 -> 336, -1, 1.25, 3, -1
474 -> 336, -4, 0.25, 4, -2
475 -> 336, -2, 0.75, 3, -1.5
475 -> 336, -4, 0.25, 3, -2
475 -> 336, -4, 0.25, 2, -2
475 -> 336, -2, 1.75, 1, -2
475 -> 336, -2, 0.75, 4, -1.5
475 -> 336, -2, 1.75, 3, -2
475 -> 336, -2, 1.75, 4, -2
475 -> 336, -2, 1.75, 2, -2
477 -> 336, -5, 1.75, 2, -1.5
477 -> 336, -3, 1.25, 4, -1.5
477 -> 336, -4, 0.25, 1, -1
477 -> 336, -3, 1.25, 5, -1.5
478 -> 336, -5, 0.25, 4, -2
478 -> 336, -5, 0.25, 2, -2
478 -> 336, -5, 0.25, 3, -2
478 -> 336, -5, 0.25, 3, -1
479 -> 336, -3, 1.75, 1, -0.5
480 -> 336, -5, 1.25, 2, -2
480 -> 336, -3, 0.75, 3, -0.5
480 -> 336, -4, 0.25, 5, -1
480 -> 336, -1, 1.25, 1, -1
480 -> 336, -5, 1.25, 1, -2
480 -> 336, -3, 0.75, 4, -0.5
480 -> 336, -4, 0.25, 4, -1
481 -> 336, -3, 0.25, 4, -1
481 -> 336, -3, 0.25, 5, -1
481 -> 336, -5, 0.25, 5, -2
484 -> 336, -2, 1.25, 1, -1.5
485 -> 336, -2, 0.75, 2, -0.5
485 -> 336, -5, 0.75, 2, -1.5
485 -> 336, -5, 0.75, 3, -1.5
485 -> 336, -5, 0.75, 4, -1.5
486 -> 336, -4, 1.25, 2, -0.5
486 -> 336, -2, 0.75, 5, -1
486 -> 336, -2, 1.25, 2, -2
486 -> 336, -2, 1.25, 1, -2
487 -> 336, -2, 0.75, 4, -1
488 -> 336, -2, 0.25, 5, -1
489 -> 336, -2, 0.75, 2, -1.5
491 -> 336, -1, 0.25, 1, -1
491 -> 336, -1, 0.25, 4, -1
491 -> 336, -1, 0.25, 3, -1
491 -> 336, -1, 0.25, 2, -1
491 -> 336, -2, 0.25, 1, -1.5
491 -> 336, -2, 0.75, 1, -1.5
491 -> 336, -1, 0.25, 5, -1
492 -> 336, -2, 0.75, 2, -1
492 -> 336, -2, 0.75, 3, -1
493 -> 336, -2, 1.25, 5, -0.5
494 -> 336, -2, 0.25, 2, -1
494 -> 336, -2, 0.25, 3, -1
494 -> 336, -2, 0.25, 4, -1
495 -> 336, -2, 0.25, 2, -1.5
495 -> 336, -2, 0.25, 4, -1.5
495 -> 336, -2, 0.25, 3, -1.5
495 -> 336, -2, 0.25, 5, -1.5
496 -> 336, -2, 0.75, 1, -0.5
497 -> 336, -2, 0.25, 1, -1
497 -> 336, -3, 1.25, 3, -0.5
497 -> 336, -3, 1.25, 2, -0.5
497 -> 336, -3, 1.25, 1, -0.5
497 -> 336, -3, 1.25, 4, -0.5
498 -> 336, -2, 1.25, 2, -1.5
498 -> 336, -2, 1.25, 3, -1.5
501 -> 336, -3, 1.25, 5, -0.5
502 -> 336, -5, 0.25, 2, -1.5
502 -> 336, -2, 0.25, 5, -0.5
502 -> 336, -2, 0.25, 4, -0.5
506 -> 336, -4, 0.25, 3, -1
506 -> 336, -4, 0.25, 1, -2
506 -> 336, -5, 1.25, 2, -0.5
508 -> 336, -2, 0.75, 3, -0.5
508 -> 336, -2, 0.75, 4, -0.5
510 -> 336, -4, 0.25, 2, -1.5
510 -> 336, -4, 0.25, 1, -1.5
512 -> 336, -3, 0.25, 3, -1
512 -> 336, -3, 0.25, 2, -1
515 -> 336, -1, 0.25, 4, -1.5
515 -> 336, -1, 0.25, 3, -1.5
515 -> 336, -1, 0.25, 2, -1.5
515 -> 336, -1, 0.25, 1, -1.5
515 -> 336, -4, 0.25, 1, -0.5
516 -> 336, -5, 1.25, 3, -0.5
516 -> 336, -3, 0.25, 1, -1
516 -> 336, -4, 1.25, 2, -1
517 -> 336, -2, 0.25, 1, -0.5
517 -> 336, -2, 0.25, 2, -0.5
518 -> 336, -4, 0.75, 1, -1
520 -> 336, -5, 1.25, 1, -0.5
523 -> 336, -4, 0.25, 5, -2
529 -> 336, -4, 1.25, 1, -0.5
535 -> 336, -4, 0.25, 4, -0.5
535 -> 336, -4, 0.25, 3, -0.5
535 -> 336, -4, 0.25, 2, -0.5
535 -> 336, -5, 0.25, 2, -1
538 -> 336, -5, 0.25, 1, -1
542 -> 336, -4, 1.25, 4, -0.5
542 -> 336, -5, 1.25, 4, -0.5
542 -> 336, -5, 1.25, 5, -0.5
542 -> 336, -4, 1.25, 5, -0.5
543 -> 336, -5, 1.75, 5, -1
543 -> 336, -3, 1.75, 2, -0.5
543 -> 336, -5, 1.75, 4, -1
543 -> 336, -5, 1.75, 2, -1
543 -> 336, -5, 1.75, 3, -1
543 -> 336, -5, 1.75, 1, -1
544 -> 336, -4, 1.75, 2, -0.5
544 -> 336, -4, 1.75, 3, -0.5
547 -> 336, -3, 1.75, 5, -0.5
547 -> 336, -3, 1.75, 4, -0.5
547 -> 336, -3, 1.75, 3, -0.5
549 -> 336, -4, 1.25, 5, -1.5
549 -> 336, -4, 1.25, 3, -1.5
549 -> 336, -4, 1.25, 4, -1.5
551 -> 336, -4, 1.25, 1, -1.5
552 -> 336, -4, 0.25, 5, -0.5
560 -> 336, -3, 0.75, 5, -1
560 -> 336, -3, 0.75, 3, -1
560 -> 336, -3, 0.75, 4, -1
562 -> 336, -3, 0.75, 1, -1
562 -> 336, -3, 0.75, 2, -1
577 -> 336, -4, 1.25, 3, -0.5
578 -> 336, -4, 1.75, 1, -0.5
578 -> 336, -3, 0.25, 2, -2
578 -> 336, -3, 0.25, 3, -2
578 -> 336, -3, 0.25, 5, -2
578 -> 336, -3, 0.25, 1, -2
578 -> 336, -3, 0.25, 4, -2
581 -> 336, -5, 1.25, 4, -1.5
581 -> 336, -5, 1.25, 5, -1.5
582 -> 336, -5, 1.25, 2, -1.5
582 -> 336, -5, 1.25, 3, -1.5
582 -> 336, -5, 1.25, 1, -1.5
587 -> 336, -5, 1.75, 1, -0.5
607 -> 336, -4, 0.75, 3, -0.5
607 -> 336, -4, 0.75, 2, -0.5
607 -> 336, -4, 0.75, 4, -0.5
627 -> 336, -4, 0.75, 1, -0.5
646 -> 336, -3, 0.75, 5, -0.5
648 -> 336, -5, 1.75, 3, -0.5
648 -> 336, -5, 1.75, 4, -0.5
648 -> 336, -5, 1.75, 5, -0.5
655 -> 336, -3, 0.75, 1, -0.5
727 -> 336, -4, 1.75, 5, -0.5
727 -> 336, -4, 1.75, 4, -0.5
755 -> 336, -5, 1.75, 2, -0.5
797 -> 336, -5, 0.75, 1, -0.5
797 -> 336, -5, 0.75, 4, -0.5
797 -> 336, -5, 0.75, 3, -0.5
797 -> 336, -5, 0.75, 5, -0.5
797 -> 336, -5, 0.75, 2, -0.5
803 -> 336, -5, 0.25, 1, -0.5
