362 -> 271, -5, 1.75, 4, -1
362 -> 271, -5, 1.75, 3, -1
366 -> 271, -5, 1.75, 5, -1
369 -> 271, -1, 1.75, 3, -0.5
377 -> 271, -2, 1.75, 4, -0.5
377 -> 271, -1, 1.25, 3, -0.5
377 -> 271, -1, 1.25, 2, -0.5
385 -> 271, -4, 1.75, 3, -0.5
386 -> 271, -1, 1.25, 5, -0.5
386 -> 271, -1, 1.25, 4, -0.5
388 -> 271, -2, 1.75, 3, -0.5
388 -> 271, -3, 1.25, 2, -0.5
391 -> 271, -4, 1.25, 1, -2
393 -> 271, -4, 0.25, 2, -1
396 -> 271, -4, 1.25, 5, -1.5
398 -> 271, -3, 1.75, 5, -1
398 -> 271, -3, 1.75, 4, -1
399 -> 271, -2, 1.75, 1, -0.5
400 -> 271, -5, 1.75, 1, -1
402 -> 271, -2, 0.75, 2, -1
403 -> 271, -1, 0.25, 4, -2
403 -> 271, -1, 0.25, 5, -2
403 -> 271, -1, 0.25, 3, -2
404 -> 271, -1, 1.25, 4, -2
404 -> 271, -1, 1.25, 5, -2
404 -> 271, -1, 1.25, 3, -2
404 -> 271, -3, 1.25, 2, -2
405 -> 271, -2, 0.75, 5, -0.5
405 -> 271, -2, 1.25, 2, -0.5
406 -> 271, -1, 1.75, 3, -1
407 -> 271, -1, 1.75, 5, -0.5
407 -> 271, -1, 1.75, 4, -0.5
408 -> 271, -2, 1.75, 2, -0.5
408 -> 271, -3, 0.75, 4, -0.5
408 -> 271, -3, 0.75, 3, -0.5
408 -> 271, -3, 0.75, 1, -0.5
408 -> 271, -3, 0.75, 2, -0.5
409 -> 271, -5, 0.25, 1, -0.5
410 -> 271, -1, 1.25, 1, -2
410 -> 271, -1, 0.75, 4, -0.5
411 -> 271, -5, 1.75, 4, -2
411 -> 271, -5, 1.75, 1, -2
411 -> 271, -1, 1.75, 3, -1.5
411 -> 271, -5, 1.75, 2, -2
411 -> 271, -5, 1.75, 3, -2
411 -> 271, -1, 1.25, 1, -0.5
412 -> 271, -3, 1.25, 1, -0.5
412 -> 271, -5, 0.75, 2, -1.5
412 -> 271, -1, 1.75, 2, -0.5
413 -> 271, -5, 1.25, 4, -2
413 -> 271, -5, 1.25, 5, -2
414 -> 271, -2, 0.75, 3, -0.5
414 -> 271, -2, 0.75, 4, -0.5
415 -> 271, -1, 1.25, 5, -1
417 -> 271, -1, 0.75, 1, -0.5
417 -> 271, -5, 0.75, 1, -1.5
418 -> 271, -1, 1.75, 5, -1
418 -> 271, -1, 1.75, 1, -0.5
418 -> 271, -4, 1.25, 2, -1
419 -> 271, -1, 1.25, 2, -2
420 -> 271, -1, 1.75, 2, -1.5
420 -> 271, -1, 1.75, 2, -1
420 -> 271, -2, 1.25, 5, -1
422 -> 271, -5, 0.75, 5, -2
422 -> 271, -3, 1.75, 3, -1
422 -> 271, -5, 0.75, 4, -2
423 -> 271, -2, 1.75, 2, -2
424 -> 271, -1, 0.25, 5, -0.5
424 -> 271, -3, 1.25, 5, -1.5
427 -> 271, -2, 0.75, 2, -0.5
428 -> 271, -2, 1.25, 3, -0.5
428 -> 271, -2, 0.75, 1, -1
429 -> 271, -2, 0.25, 1, -0.5
429 -> 271, -1, 1.75, 4, -1.5
429 -> 271, -2, 0.25, 2, -0.5
429 -> 271, -5, 1.75, 2, -1
430 -> 271, -1, 1.25, 1, -1
430 -> 271, -1, 0.25, 4, -0.5
430 -> 271, -2, 1.25, 1, -1
431 -> 271, -3, 0.75, 3, -1
431 -> 271, -1, 1.75, 1, -1
432 -> 271, -1, 1.75, 5, -2
433 -> 271, -2, 0.75, 3, -2
433 -> 271, -1, 1.75, 5, -1.5
433 -> 271, -2, 0.75, 4, -2
433 -> 271, -2, 0.75, 5, -2
434 -> 271, -5, 0.25, 2, -0.5
435 -> 271, -2, 0.75, 3, -1
435 -> 271, -2, 0.75, 5, -1
435 -> 271, -1, 1.75, 1, -1.5
435 -> 271, -2, 0.75, 4, -1
436 -> 271, -4, 0.25, 1, -0.5
436 -> 271, -3, 1.25, 2, -1.5
436 -> 271, -3, 0.75, 5, -2
437 -> 271, -2, 1.25, 5, -1.5
437 -> 271, -2, 1.25, 1, -0.5
437 -> 271, -1, 0.75, 5, -0.5
437 -> 271, -2, 1.75, 5, -0.5
438 -> 271, -3, 0.25, 5, -1.5
438 -> 271, -1, 0.75, 1, -2
438 -> 271, -1, 0.75, 4, -2
438 -> 271, -1, 0.75, 2, -2
438 -> 271, -5, 0.75, 2, -2
438 -> 271, -1, 0.75, 3, -2
439 -> 271, -3, 1.25, 5, -1
439 -> 271, -3, 1.25, 4, -1
439 -> 271, -3, 1.25, 3, -1
440 -> 271, -2, 1.75, 2, -1
440 -> 271, -2, 1.25, 2, -1
441 -> 271, -4, 0.75, 2, -2
441 -> 271, -1, 0.75, 3, -0.5
441 -> 271, -1, 0.25, 2, -2
441 -> 271, -4, 1.25, 2, -2
442 -> 271, -3, 0.75, 2, -1
442 -> 271, -1, 0.75, 4, -1
444 -> 271, -2, 1.25, 3, -1
444 -> 271, -3, 1.75, 2, -1
445 -> 271, -3, 0.75, 1, -1.5
445 -> 271, -3, 1.25, 1, -1.5
445 -> 271, -1, 1.75, 4, -1
447 -> 271, -3, 0.75, 4, -1
447 -> 271, -3, 0.75, 5, -1
447 -> 271, -3, 1.25, 2, -1
447 -> 271, -4, 0.75, 1, -2
448 -> 271, -5, 1.25, 2, -2
449 -> 271, -4, 1.25, 1, -1
449 -> 271, -5, 0.25, 2, -2
449 -> 271, -2, 0.25, 3, -2
449 -> 271, -2, 0.25, 2, -2
449 -> 271, -2, 0.25, 4, -2
449 -> 271, -5, 0.25, 3, -2
449 -> 271, -5, 0.25, 1, -2
449 -> 271, -2, 0.25, 1, -2
449 -> 271, -2, 0.25, 5, -2
450 -> 271, -4, 1.75, 1, -2
450 -> 271, -1, 1.25, 3, -1.5
450 -> 271, -1, 1.25, 2, -1.5
451 -> 271, -2, 0.25, 2, -1
451 -> 271, -4, 1.75, 4, -1.5
451 -> 271, -1, 1.25, 4, -1.5
451 -> 271, -1, 1.25, 5, -1.5
451 -> 271, -4, 1.75, 5, -1.5
451 -> 271, -3, 1.75, 1, -1
451 -> 271, -3, 1.25, 3, -2
451 -> 271, -3, 1.25, 4, -2
451 -> 271, -2, 0.25, 1, -1
451 -> 271, -3, 1.25, 5, -2
451 -> 271, -1, 0.75, 1, -1.5
452 -> 271, -5, 1.75, 1, -0.5
452 -> 271, -3, 1.75, 2, -1.5
453 -> 271, -5, 0.75, 3, -2
453 -> 271, -2, 1.75, 1, -2
453 -> 271, -1, 1.75, 4, -2
453 -> 271, -1, 0.25, 1, -1.5
455 -> 271, -3, 1.25, 3, -1.5
455 -> 271, -4, 0.75, 4, -2
455 -> 271, -4, 0.75, 5, -2
455 -> 271, -3, 1.25, 4, -1.5
455 -> 271, -4, 1.75, 3, -1.5
455 -> 271, -2, 1.25, 2, -2
455 -> 271, -4, 0.75, 3, -2
455 -> 271, -2, 1.25, 1, -2
455 -> 271, -4, 1.75, 2, -1.5
455 -> 271, -4, 1.75, 1, -1.5
455 -> 271, -2, 1.25, 3, -2
455 -> 271, -2, 1.25, 4, -1
456 -> 271, -3, 1.75, 5, -1.5
456 -> 271, -1, 0.75, 5, -2
456 -> 271, -3, 1.75, 3, -1.5
456 -> 271, -3, 1.75, 4, -1.5
457 -> 271, -2, 1.75, 1, -1
457 -> 271, -5, 1.75, 5, -1.5
457 -> 271, -2, 0.25, 3, -1.5
457 -> 271, -5, 1.75, 4, -1.5
458 -> 271, -1, 0.75, 5, -1.5
458 -> 271, -2, 0.25, 4, -1
458 -> 271, -1, 0.75, 2, -1.5
458 -> 271, -2, 0.25, 3, -1
458 -> 271, -1, 0.75, 4, -1.5
458 -> 271, -1, 0.75, 3, -1.5
459 -> 271, -4, 1.25, 3, -1.5
459 -> 271, -4, 1.25, 4, -1.5
459 -> 271, -4, 1.25, 2, -1.5
459 -> 271, -4, 1.25, 1, -1.5
460 -> 271, -1, 1.25, 3, -1
461 -> 271, -4, 1.75, 5, -1
461 -> 271, -2, 1.25, 4, -0.5
461 -> 271, -4, 1.75, 4, -1
461 -> 271, -4, 1.75, 2, -1
461 -> 271, -2, 1.25, 4, -2
461 -> 271, -2, 1.25, 5, -0.5
461 -> 271, -2, 1.25, 5, -2
461 -> 271, -4, 1.75, 3, -1
462 -> 271, -4, 1.75, 1, -1
462 -> 271, -4, 0.75, 5, -1.5
463 -> 271, -1, 0.75, 5, -1
463 -> 271, -2, 1.25, 1, -1.5
463 -> 271, -1, 0.25, 5, -1.5
464 -> 271, -4, 1.75, 5, -2
464 -> 271, -1, 0.75, 2, -0.5
465 -> 271, -3, 0.75, 5, -0.5
465 -> 271, -3, 1.75, 5, -0.5
465 -> 271, -2, 1.75, 3, -1
465 -> 271, -1, 1.25, 1, -1.5
465 -> 271, -3, 0.75, 2, -1.5
465 -> 271, -2, 1.75, 5, -1
465 -> 271, -3, 0.75, 4, -1.5
465 -> 271, -3, 0.75, 3, -1.5
465 -> 271, -3, 0.75, 5, -1.5
465 -> 271, -2, 1.75, 4, -1
466 -> 271, -2, 1.75, 5, -2
466 -> 271, -3, 0.25, 2, -1
466 -> 271, -3, 0.25, 4, -1
466 -> 271, -2, 0.75, 1, -2
466 -> 271, -2, 1.75, 1, -1.5
466 -> 271, -2, 1.75, 4, -2
466 -> 271, -3, 0.25, 3, -1
466 -> 271, -3, 0.25, 1, -1
467 -> 271, -1, 0.25, 3, -1.5
467 -> 271, -4, 0.25, 5, -0.5
467 -> 271, -1, 0.25, 4, -1.5
467 -> 271, -4, 0.25, 4, -0.5
467 -> 271, -4, 0.25, 3, -0.5
468 -> 271, -1, 0.25, 1, -0.5
468 -> 271, -1, 0.25, 3, -0.5
468 -> 271, -1, 0.25, 2, -0.5
468 -> 271, -2, 1.75, 2, -1.5
469 -> 271, -2, 0.25, 3, -0.5
469 -> 271, -2, 0.25, 5, -0.5
469 -> 271, -2, 0.25, 4, -0.5
469 -> 271, -3, 0.75, 1, -1
470 -> 271, -2, 1.25, 4, -1.5
471 -> 271, -4, 1.75, 5, -0.5
471 -> 271, -2, 0.25, 1, -1.5
471 -> 271, -2, 0.75, 2, -2
471 -> 271, -2, 0.25, 2, -1.5
471 -> 271, -4, 1.75, 4, -0.5
472 -> 271, -1, 1.75, 1, -2
472 -> 271, -1, 1.75, 2, -2
472 -> 271, -1, 1.75, 3, -2
472 -> 271, -5, 1.25, 3, -2
472 -> 271, -3, 1.75, 4, -0.5
472 -> 271, -3, 1.75, 3, -0.5
473 -> 271, -2, 1.25, 2, -1.5
473 -> 271, -2, 1.75, 3, -1.5
473 -> 271, -2, 1.75, 4, -1.5
473 -> 271, -2, 1.75, 5, -1.5
473 -> 271, -2, 1.25, 3, -1.5
475 -> 271, -5, 0.25, 3, -0.5
476 -> 271, -5, 0.75, 1, -2
477 -> 271, -3, 0.25, 3, -2
478 -> 271, -4, 0.75, 2, -1.5
478 -> 271, -4, 0.75, 1, -1.5
479 -> 271, -5, 0.25, 4, -2
479 -> 271, -5, 0.25, 5, -2
480 -> 271, -4, 0.25, 4, -1
480 -> 271, -4, 0.25, 5, -1
480 -> 271, -5, 1.75, 3, -1.5
480 -> 271, -5, 0.25, 4, -0.5
480 -> 271, -5, 1.75, 2, -1.5
480 -> 271, -5, 1.75, 1, -1.5
481 -> 271, -2, 0.75, 3, -1.5
481 -> 271, -2, 0.75, 4, -1.5
481 -> 271, -2, 0.75, 5, -1.5
481 -> 271, -2, 0.75, 2, -1.5
481 -> 271, -2, 0.25, 5, -1
482 -> 271, -3, 1.25, 1, -2
483 -> 271, -1, 0.25, 5, -1
483 -> 271, -3, 0.25, 4, -2
483 -> 271, -3, 0.25, 5, -2
483 -> 271, -1, 0.25, 3, -1
483 -> 271, -1, 0.25, 4, -1
484 -> 271, -1, 0.25, 1, -1
484 -> 271, -1, 0.25, 2, -1
485 -> 271, -4, 0.25, 2, -2
485 -> 271, -4, 0.25, 3, -2
485 -> 271, -4, 0.25, 5, -2
485 -> 271, -4, 0.25, 4, -2
485 -> 271, -4, 0.25, 1, -2
486 -> 271, -3, 1.75, 1, -0.5
486 -> 271, -1, 0.75, 1, -1
487 -> 271, -2, 1.75, 3, -2
488 -> 271, -3, 1.75, 1, -2
489 -> 271, -3, 0.25, 5, -1
490 -> 271, -1, 1.25, 2, -1
490 -> 271, -4, 1.75, 4, -2
490 -> 271, -4, 1.75, 3, -2
490 -> 271, -4, 1.75, 2, -2
492 -> 271, -4, 0.25, 1, -1
492 -> 271, -3, 1.75, 1, -1.5
493 -> 271, -3, 1.75, 4, -2
493 -> 271, -3, 1.75, 5, -2
493 -> 271, -1, 0.75, 2, -1
493 -> 271, -3, 1.75, 3, -2
493 -> 271, -1, 0.75, 3, -1
494 -> 271, -3, 1.75, 2, -2
495 -> 271, -3, 1.25, 3, -0.5
495 -> 271, -5, 0.75, 3, -1.5
495 -> 271, -3, 1.25, 4, -0.5
495 -> 271, -3, 1.25, 5, -0.5
496 -> 271, -3, 1.25, 1, -1
497 -> 271, -4, 1.25, 4, -2
497 -> 271, -4, 1.25, 5, -2
497 -> 271, -5, 0.75, 4, -1.5
497 -> 271, -5, 0.75, 5, -1.5
498 -> 271, -4, 1.25, 4, -0.5
498 -> 271, -4, 1.25, 3, -0.5
498 -> 271, -4, 1.25, 2, -0.5
498 -> 271, -4, 1.25, 1, -0.5
498 -> 271, -4, 1.25, 5, -0.5
499 -> 271, -3, 0.75, 1, -2
499 -> 271, -3, 0.75, 3, -2
499 -> 271, -3, 0.75, 2, -2
499 -> 271, -3, 0.25, 2, -2
499 -> 271, -3, 0.75, 4, -2
500 -> 271, -4, 0.75, 3, -1.5
500 -> 271, -3, 0.25, 1, -2
500 -> 271, -4, 0.75, 4, -1.5
502 -> 271, -3, 0.25, 1, -1.5
502 -> 271, -3, 0.25, 2, -1.5
502 -> 271, -3, 0.25, 3, -1.5
502 -> 271, -3, 0.25, 4, -1.5
505 -> 271, -1, 0.25, 1, -2
508 -> 271, -1, 1.25, 4, -1
508 -> 271, -3, 1.75, 2, -0.5
510 -> 271, -4, 0.25, 2, -0.5
512 -> 271, -4, 1.25, 3, -2
514 -> 271, -2, 0.25, 4, -1.5
518 -> 271, -5, 0.25, 2, -1
518 -> 271, -5, 0.25, 1, -1
518 -> 271, -5, 0.25, 3, -1
518 -> 271, -5, 0.25, 4, -1
518 -> 271, -5, 0.25, 5, -1
518 -> 271, -5, 1.25, 1, -2
519 -> 271, -1, 0.25, 2, -1.5
524 -> 271, -4, 0.75, 2, -0.5
524 -> 271, -4, 0.75, 3, -0.5
524 -> 271, -4, 0.75, 4, -0.5
524 -> 271, -4, 0.75, 5, -0.5
525 -> 271, -2, 0.25, 5, -1.5
526 -> 271, -4, 0.75, 1, -0.5
527 -> 271, -5, 1.75, 5, -2
528 -> 271, -3, 0.25, 5, -0.5
531 -> 271, -4, 0.25, 1, -1.5
531 -> 271, -4, 0.25, 2, -1.5
531 -> 271, -4, 0.25, 3, -1.5
531 -> 271, -4, 0.25, 4, -1.5
531 -> 271, -4, 0.25, 5, -1.5
532 -> 271, -3, 0.25, 4, -0.5
535 -> 271, -4, 1.75, 1, -0.5
535 -> 271, -5, 0.25, 2, -1.5
535 -> 271, -5, 0.25, 3, -1.5
535 -> 271, -5, 0.25, 5, -1.5
535 -> 271, -5, 0.25, 1, -1.5
535 -> 271, -5, 0.25, 4, -1.5
536 -> 271, -4, 0.75, 3, -1
536 -> 271, -4, 0.75, 2, -1
536 -> 271, -4, 0.75, 1, -1
536 -> 271, -4, 0.75, 4, -1
536 -> 271, -3, 0.25, 3, -0.5
536 -> 271, -4, 0.75, 5, -1
547 -> 271, -2, 0.75, 1, -0.5
549 -> 271, -5, 0.75, 5, -1
549 -> 271, -5, 0.75, 1, -1
549 -> 271, -5, 0.75, 4, -1
549 -> 271, -5, 0.75, 3, -1
549 -> 271, -2, 0.75, 1, -1.5
549 -> 271, -5, 0.75, 2, -1
558 -> 271, -3, 0.25, 2, -0.5
560 -> 271, -4, 0.25, 3, -1
564 -> 271, -5, 1.25, 5, -1.5
564 -> 271, -5, 1.25, 4, -1.5
568 -> 271, -5, 1.25, 3, -1.5
568 -> 271, -5, 1.25, 1, -1.5
568 -> 271, -5, 1.25, 2, -1.5
572 -> 271, -4, 1.75, 2, -0.5
580 -> 271, -5, 1.25, 5, -1
581 -> 271, -4, 1.25, 5, -1
581 -> 271, -4, 1.25, 4, -1
581 -> 271, -4, 1.25, 3, -1
581 -> 271, -5, 1.25, 1, -1
581 -> 271, -5, 1.25, 4, -1
581 -> 271, -5, 1.25, 2, -1
581 -> 271, -5, 1.25, 3, -1
588 -> 271, -5, 1.75, 5, -0.5
588 -> 271, -5, 1.75, 4, -0.5
588 -> 271, -5, 1.75, 3, -0.5
593 -> 271, -5, 0.25, 5, -0.5
605 -> 271, -3, 0.25, 1, -0.5
609 -> 271, -5, 1.25, 5, -0.5
620 -> 271, -5, 1.25, 4, -0.5
620 -> 271, -5, 1.25, 3, -0.5
622 -> 271, -5, 1.25, 2, -0.5
625 -> 271, -5, 1.75, 2, -0.5
718 -> 271, -5, 0.75, 3, -0.5
718 -> 271, -5, 0.75, 1, -0.5
718 -> 271, -5, 0.75, 2, -0.5
718 -> 271, -5, 0.75, 4, -0.5
735 -> 271, -5, 0.75, 5, -0.5
737 -> 271, -5, 1.25, 1, -0.5
