366 -> 289, -3, 1.75, 5, -0.5
367 -> 289, -1, 1.25, 4, -1
372 -> 289, -2, 1.75, 5, -1.5
375 -> 289, -1, 1.75, 4, -1.5
378 -> 289, -1, 1.75, 2, -2
379 -> 289, -1, 0.75, 3, -0.5
380 -> 289, -5, 0.75, 1, -0.5
381 -> 289, -3, 1.75, 4, -0.5
382 -> 289, -4, 0.75, 3, -1
382 -> 289, -4, 1.25, 5, -1.5
386 -> 289, -4, 1.25, 4, -1.5
388 -> 289, -2, 1.75, 1, -1
392 -> 289, -3, 1.75, 4, -1
392 -> 289, -3, 0.75, 4, -0.5
393 -> 289, -1, 1.25, 1, -2
395 -> 289, -4, 0.75, 1, -0.5
395 -> 289, -3, 0.75, 3, -0.5
396 -> 289, -2, 1.75, 3, -0.5
397 -> 289, -5, 0.75, 5, -0.5
398 -> 289, -1, 1.25, 3, -1
398 -> 289, -2, 0.75, 1, -1
398 -> 289, -1, 1.75, 2, -1.5
399 -> 289, -2, 1.25, 3, -0.5
400 -> 289, -1, 1.25, 2, -2
400 -> 289, -1, 1.75, 1, -1.5
400 -> 289, -4, 1.75, 3, -1.5
401 -> 289, -1, 1.25, 5, -0.5
403 -> 289, -1, 1.25, 5, -1.5
404 -> 289, -1, 1.25, 2, -1
404 -> 289, -1, 1.25, 2, -0.5
404 -> 289, -2, 0.75, 3, -2
404 -> 289, -4, 0.75, 2, -0.5
404 -> 289, -5, 0.25, 1, -1
404 -> 289, -5, 0.25, 2, -1
404 -> 289, -1, 1.75, 1, -2
406 -> 289, -1, 1.75, 4, -1
406 -> 289, -1, 0.25, 1, -1
406 -> 289, -1, 1.75, 5, -1
407 -> 289, -4, 0.75, 3, -0.5
407 -> 289, -4, 1.75, 2, -1.5
407 -> 289, -4, 1.75, 3, -0.5
407 -> 289, -4, 1.25, 4, -1
407 -> 289, -2, 1.75, 4, -0.5
408 -> 289, -4, 1.75, 4, -0.5
408 -> 289, -4, 1.25, 5, -1
408 -> 289, -1, 1.25, 1, -0.5
409 -> 289, -1, 1.25, 4, -1.5
409 -> 289, -1, 1.25, 3, -1.5
409 -> 289, -2, 1.25, 3, -1.5
410 -> 289, -1, 1.75, 5, -0.5
410 -> 289, -1, 1.75, 4, -0.5
410 -> 289, -5, 0.25, 3, -1
410 -> 289, -4, 0.25, 1, -0.5
410 -> 289, -3, 1.25, 5, -1
411 -> 289, -1, 1.25, 5, -2
412 -> 289, -2, 1.25, 2, -0.5
413 -> 289, -2, 1.75, 2, -0.5
413 -> 289, -4, 1.25, 3, -1
413 -> 289, -2, 1.75, 1, -0.5
414 -> 289, -2, 1.75, 2, -1
414 -> 289, -2, 1.25, 3, -1
414 -> 289, -4, 0.75, 4, -1
417 -> 289, -4, 0.75, 1, -1.5
418 -> 289, -2, 1.25, 2, -1.5
418 -> 289, -2, 0.75, 4, -2
419 -> 289, -3, 1.75, 5, -2
419 -> 289, -3, 1.75, 3, -2
419 -> 289, -3, 1.75, 4, -2
420 -> 289, -1, 0.75, 4, -0.5
420 -> 289, -1, 1.75, 3, -1.5
420 -> 289, -3, 1.25, 5, -0.5
420 -> 289, -1, 0.75, 5, -0.5
420 -> 289, -1, 1.25, 2, -1.5
420 -> 289, -1, 1.25, 1, -1.5
421 -> 289, -4, 1.75, 2, -0.5
421 -> 289, -5, 0.75, 2, -0.5
423 -> 289, -1, 1.75, 3, -2
423 -> 289, -5, 0.75, 3, -1
423 -> 289, -5, 1.75, 3, -2
423 -> 289, -5, 1.75, 2, -2
424 -> 289, -1, 1.75, 4, -2
424 -> 289, -1, 1.25, 3, -2
424 -> 289, -1, 1.75, 5, -2
425 -> 289, -5, 1.75, 4, -1
425 -> 289, -5, 1.75, 5, -1
426 -> 289, -2, 1.25, 4, -0.5
427 -> 289, -1, 1.75, 3, -0.5
428 -> 289, -2, 1.75, 2, -2
428 -> 289, -2, 1.75, 3, -2
428 -> 289, -4, 1.25, 1, -2
429 -> 289, -2, 1.75, 5, -2
429 -> 289, -2, 1.75, 4, -2
429 -> 289, -1, 0.75, 4, -1
429 -> 289, -3, 0.25, 2, -1
429 -> 289, -3, 0.25, 3, -1
429 -> 289, -3, 1.75, 1, -2
429 -> 289, -3, 0.25, 4, -1
429 -> 289, -2, 0.75, 5, -2
429 -> 289, -3, 1.75, 2, -2
429 -> 289, -3, 0.25, 5, -1
430 -> 289, -5, 1.75, 4, -2
430 -> 289, -2, 1.75, 1, -1.5
432 -> 289, -4, 0.75, 1, -2
432 -> 289, -2, 1.75, 5, -0.5
433 -> 289, -2, 1.75, 3, -1.5
433 -> 289, -2, 1.25, 4, -1.5
433 -> 289, -4, 1.25, 2, -1
434 -> 289, -4, 0.25, 2, -0.5
434 -> 289, -1, 0.75, 5, -1
434 -> 289, -1, 1.75, 3, -1
434 -> 289, -4, 0.75, 2, -2
434 -> 289, -3, 0.75, 2, -1
434 -> 289, -3, 1.75, 3, -1.5
434 -> 289, -1, 1.75, 2, -1
434 -> 289, -3, 0.75, 4, -1
434 -> 289, -3, 0.75, 3, -1
434 -> 289, -1, 0.75, 1, -0.5
435 -> 289, -5, 1.75, 1, -2
435 -> 289, -1, 1.25, 4, -2
436 -> 289, -1, 0.75, 5, -1.5
436 -> 289, -3, 0.75, 1, -2
436 -> 289, -1, 1.75, 1, -0.5
436 -> 289, -5, 0.75, 5, -1.5
436 -> 289, -3, 0.75, 2, -2
436 -> 289, -2, 1.25, 1, -0.5
436 -> 289, -1, 0.75, 4, -1.5
437 -> 289, -2, 1.25, 5, -1.5
437 -> 289, -5, 1.25, 2, -1
437 -> 289, -1, 1.75, 2, -0.5
437 -> 289, -3, 1.75, 3, -1
437 -> 289, -2, 0.75, 2, -0.5
438 -> 289, -4, 0.75, 3, -1.5
438 -> 289, -4, 1.25, 2, -0.5
438 -> 289, -4, 0.75, 2, -1.5
439 -> 289, -1, 0.25, 3, -2
439 -> 289, -1, 1.75, 5, -1.5
439 -> 289, -1, 0.25, 2, -2
439 -> 289, -3, 1.25, 1, -1
440 -> 289, -2, 1.75, 1, -2
440 -> 289, -5, 0.25, 5, -1.5
440 -> 289, -5, 0.75, 1, -1.5
440 -> 289, -3, 1.25, 3, -0.5
441 -> 289, -1, 0.25, 4, -1
441 -> 289, -1, 0.25, 3, -1
441 -> 289, -3, 1.75, 5, -1.5
441 -> 289, -4, 1.25, 1, -1
441 -> 289, -1, 0.25, 2, -1
441 -> 289, -3, 1.75, 4, -1.5
441 -> 289, -4, 1.25, 1, -0.5
442 -> 289, -1, 1.25, 5, -1
442 -> 289, -3, 1.75, 1, -0.5
442 -> 289, -5, 0.75, 2, -1
442 -> 289, -3, 0.25, 5, -2
442 -> 289, -1, 1.75, 1, -1
442 -> 289, -3, 0.75, 2, -0.5
442 -> 289, -5, 0.75, 1, -1
442 -> 289, -2, 0.75, 4, -0.5
443 -> 289, -1, 1.25, 3, -0.5
443 -> 289, -5, 1.25, 3, -1
443 -> 289, -5, 0.75, 4, -0.5
443 -> 289, -2, 1.25, 5, -0.5
443 -> 289, -5, 1.25, 5, -1
443 -> 289, -2, 0.75, 5, -1.5
443 -> 289, -5, 0.75, 3, -0.5
443 -> 289, -5, 1.25, 4, -1
443 -> 289, -1, 0.75, 3, -1
443 -> 289, -1, 0.75, 2, -1
443 -> 289, -2, 1.75, 3, -1
443 -> 289, -2, 1.75, 5, -1
444 -> 289, -4, 0.25, 4, -2
444 -> 289, -2, 1.75, 4, -1
444 -> 289, -2, 0.75, 4, -1
445 -> 289, -4, 0.75, 4, -1.5
445 -> 289, -4, 0.25, 1, -1
445 -> 289, -4, 0.75, 5, -1.5
446 -> 289, -1, 0.75, 1, -1.5
446 -> 289, -2, 1.25, 2, -2
446 -> 289, -1, 0.75, 5, -2
447 -> 289, -1, 0.25, 5, -1.5
447 -> 289, -3, 1.25, 2, -1
448 -> 289, -5, 0.25, 3, -1.5
448 -> 289, -2, 0.75, 2, -1.5
448 -> 289, -5, 0.25, 2, -1.5
449 -> 289, -4, 0.25, 3, -0.5
450 -> 289, -4, 0.75, 5, -1
450 -> 289, -1, 0.75, 2, -1.5
450 -> 289, -1, 0.75, 3, -2
450 -> 289, -2, 0.75, 5, -0.5
450 -> 289, -1, 0.75, 3, -1.5
450 -> 289, -1, 0.75, 2, -2
450 -> 289, -1, 0.75, 1, -2
450 -> 289, -4, 0.25, 5, -2
450 -> 289, -1, 0.75, 4, -2
450 -> 289, -2, 0.25, 5, -2
451 -> 289, -4, 1.75, 1, -1
451 -> 289, -2, 1.25, 4, -1
451 -> 289, -2, 1.25, 5, -1
451 -> 289, -1, 0.25, 2, -0.5
451 -> 289, -2, 1.25, 1, -1.5
451 -> 289, -3, 0.25, 3, -1.5
451 -> 289, -3, 0.25, 5, -1.5
451 -> 289, -4, 1.75, 2, -1
451 -> 289, -1, 0.25, 3, -1.5
451 -> 289, -3, 0.25, 4, -1.5
452 -> 289, -4, 0.75, 1, -1
452 -> 289, -2, 0.25, 2, -1.5
452 -> 289, -2, 0.25, 4, -1.5
452 -> 289, -2, 0.25, 3, -1.5
452 -> 289, -2, 0.25, 1, -1.5
452 -> 289, -1, 0.75, 2, -0.5
452 -> 289, -2, 0.75, 3, -1
453 -> 289, -1, 0.25, 5, -1
454 -> 289, -2, 0.25, 4, -0.5
454 -> 289, -2, 0.25, 5, -0.5
454 -> 289, -5, 0.75, 2, -2
455 -> 289, -1, 0.25, 2, -1.5
455 -> 289, -4, 0.25, 1, -2
455 -> 289, -4, 0.25, 2, -2
455 -> 289, -1, 0.25, 1, -1.5
455 -> 289, -2, 0.25, 2, -0.5
455 -> 289, -4, 0.25, 3, -2
456 -> 289, -2, 1.25, 4, -2
456 -> 289, -5, 0.75, 4, -1.5
456 -> 289, -2, 1.25, 5, -2
457 -> 289, -5, 0.75, 3, -2
457 -> 289, -5, 0.25, 4, -1.5
457 -> 289, -2, 1.25, 3, -2
458 -> 289, -3, 1.25, 3, -1.5
458 -> 289, -3, 1.25, 5, -1.5
458 -> 289, -3, 1.25, 4, -1.5
458 -> 289, -3, 1.25, 2, -1.5
458 -> 289, -2, 0.75, 1, -0.5
459 -> 289, -4, 1.75, 2, -2
459 -> 289, -4, 1.75, 3, -2
459 -> 289, -4, 1.75, 4, -2
459 -> 289, -4, 1.75, 5, -2
459 -> 289, -4, 1.75, 1, -2
459 -> 289, -1, 0.75, 1, -1
460 -> 289, -5, 0.25, 4, -1
460 -> 289, -4, 1.25, 4, -0.5
460 -> 289, -5, 1.75, 5, -1.5
460 -> 289, -3, 0.75, 5, -1.5
460 -> 289, -4, 1.25, 3, -0.5
461 -> 289, -2, 0.75, 1, -2
461 -> 289, -2, 0.75, 2, -2
461 -> 289, -2, 0.25, 1, -0.5
461 -> 289, -2, 0.25, 2, -2
461 -> 289, -2, 0.25, 3, -0.5
462 -> 289, -2, 0.25, 5, -1.5
462 -> 289, -5, 1.75, 4, -1.5
463 -> 289, -3, 1.75, 2, -1
463 -> 289, -1, 1.25, 4, -0.5
463 -> 289, -3, 1.75, 1, -1
464 -> 289, -2, 0.25, 4, -1
464 -> 289, -1, 0.25, 4, -1.5
464 -> 289, -2, 0.25, 1, -1
464 -> 289, -2, 0.75, 5, -1
464 -> 289, -2, 0.75, 2, -1
464 -> 289, -4, 1.75, 5, -1.5
464 -> 289, -3, 1.25, 4, -0.5
464 -> 289, -3, 0.75, 1, -0.5
464 -> 289, -4, 1.75, 4, -1.5
466 -> 289, -3, 0.75, 5, -0.5
466 -> 289, -2, 1.75, 2, -1.5
466 -> 289, -2, 0.25, 1, -2
467 -> 289, -1, 0.25, 5, -2
467 -> 289, -3, 0.25, 4, -0.5
468 -> 289, -3, 1.75, 1, -1.5
468 -> 289, -3, 0.25, 3, -0.5
468 -> 289, -3, 1.75, 2, -1.5
469 -> 289, -2, 0.75, 3, -1.5
469 -> 289, -2, 0.75, 4, -1.5
469 -> 289, -3, 0.75, 1, -1.5
470 -> 289, -5, 1.75, 3, -1
471 -> 289, -2, 0.75, 3, -0.5
472 -> 289, -4, 0.75, 5, -2
472 -> 289, -4, 0.75, 4, -2
473 -> 289, -1, 0.25, 1, -0.5
474 -> 289, -4, 0.75, 3, -2
474 -> 289, -1, 0.25, 3, -0.5
474 -> 289, -1, 0.25, 4, -0.5
474 -> 289, -1, 0.25, 4, -2
474 -> 289, -1, 0.25, 5, -0.5
475 -> 289, -2, 1.25, 1, -2
475 -> 289, -4, 1.25, 5, -2
475 -> 289, -4, 1.25, 2, -2
475 -> 289, -4, 1.25, 4, -2
475 -> 289, -4, 1.25, 3, -2
475 -> 289, -3, 0.25, 1, -1
476 -> 289, -4, 1.75, 1, -1.5
477 -> 289, -5, 0.75, 4, -2
477 -> 289, -1, 0.25, 1, -2
477 -> 289, -5, 0.75, 5, -2
477 -> 289, -3, 0.25, 2, -2
477 -> 289, -3, 0.25, 4, -2
477 -> 289, -3, 0.75, 5, -1
477 -> 289, -3, 0.75, 4, -1.5
477 -> 289, -3, 0.75, 3, -1.5
477 -> 289, -3, 0.25, 3, -2
477 -> 289, -3, 0.25, 1, -2
478 -> 289, -4, 1.25, 2, -1.5
478 -> 289, -4, 1.25, 1, -1.5
478 -> 289, -4, 1.25, 3, -1.5
479 -> 289, -5, 0.25, 1, -1.5
479 -> 289, -3, 0.75, 5, -2
479 -> 289, -4, 1.25, 5, -0.5
479 -> 289, -4, 0.75, 4, -0.5
479 -> 289, -3, 0.75, 4, -2
481 -> 289, -3, 0.25, 1, -1.5
481 -> 289, -3, 0.25, 2, -1.5
482 -> 289, -1, 1.25, 1, -1
483 -> 289, -3, 1.75, 2, -0.5
484 -> 289, -2, 1.25, 2, -1
487 -> 289, -2, 0.25, 5, -1
487 -> 289, -2, 1.25, 1, -1
488 -> 289, -2, 0.25, 2, -1
488 -> 289, -2, 0.25, 3, -1
488 -> 289, -2, 0.75, 1, -1.5
488 -> 289, -4, 1.75, 5, -0.5
489 -> 289, -2, 1.75, 4, -1.5
490 -> 289, -3, 0.75, 3, -2
492 -> 289, -3, 1.25, 3, -1
492 -> 289, -3, 1.25, 4, -1
492 -> 289, -3, 0.75, 1, -1
493 -> 289, -5, 0.75, 3, -1.5
493 -> 289, -5, 0.75, 2, -1.5
493 -> 289, -4, 0.75, 2, -1
497 -> 289, -5, 0.75, 1, -2
498 -> 289, -4, 0.25, 4, -1
498 -> 289, -4, 0.25, 5, -1
498 -> 289, -4, 0.25, 3, -1
498 -> 289, -4, 0.25, 2, -1
501 -> 289, -3, 1.25, 1, -1.5
503 -> 289, -3, 0.25, 2, -0.5
503 -> 289, -3, 0.25, 1, -0.5
504 -> 289, -5, 1.25, 5, -2
504 -> 289, -3, 1.25, 2, -0.5
504 -> 289, -5, 1.25, 4, -2
504 -> 289, -5, 1.25, 3, -2
504 -> 289, -5, 1.25, 1, -2
504 -> 289, -5, 1.25, 2, -2
507 -> 289, -3, 1.25, 1, -0.5
509 -> 289, -4, 1.75, 1, -0.5
509 -> 289, -3, 1.75, 5, -1
509 -> 289, -3, 1.25, 3, -2
509 -> 289, -3, 0.75, 2, -1.5
509 -> 289, -3, 1.25, 2, -2
509 -> 289, -3, 1.25, 5, -2
509 -> 289, -3, 1.25, 1, -2
509 -> 289, -3, 1.25, 4, -2
512 -> 289, -5, 1.75, 2, -1.5
512 -> 289, -5, 1.75, 1, -1.5
512 -> 289, -5, 1.75, 3, -1.5
514 -> 289, -4, 0.25, 2, -1.5
514 -> 289, -4, 0.25, 3, -1.5
516 -> 289, -5, 1.75, 1, -0.5
516 -> 289, -4, 0.25, 1, -1.5
517 -> 289, -5, 0.25, 5, -2
517 -> 289, -5, 0.25, 1, -2
517 -> 289, -5, 0.25, 4, -2
517 -> 289, -5, 0.25, 2, -2
517 -> 289, -5, 1.75, 2, -1
517 -> 289, -5, 0.25, 3, -2
517 -> 289, -5, 1.75, 1, -1
521 -> 289, -2, 0.25, 4, -2
521 -> 289, -2, 0.25, 3, -2
522 -> 289, -4, 0.25, 4, -0.5
523 -> 289, -3, 0.25, 5, -0.5
524 -> 289, -4, 1.75, 5, -1
524 -> 289, -4, 0.25, 4, -1.5
524 -> 289, -4, 1.75, 4, -1
524 -> 289, -5, 0.25, 5, -1
524 -> 289, -4, 0.25, 5, -1.5
524 -> 289, -4, 1.75, 3, -1
525 -> 289, -4, 0.25, 5, -0.5
528 -> 289, -5, 1.25, 1, -1
528 -> 289, -5, 1.25, 3, -1.5
528 -> 289, -5, 1.25, 4, -1.5
528 -> 289, -5, 1.25, 5, -1.5
528 -> 289, -5, 1.25, 2, -1.5
532 -> 289, -5, 1.25, 3, -0.5
532 -> 289, -5, 1.25, 4, -0.5
532 -> 289, -5, 1.25, 5, -0.5
535 -> 289, -5, 1.25, 1, -0.5
535 -> 289, -3, 1.75, 3, -0.5
535 -> 289, -5, 1.25, 2, -0.5
535 -> 289, -5, 1.75, 5, -2
539 -> 289, -5, 0.25, 1, -0.5
545 -> 289, -5, 1.25, 1, -1.5
547 -> 289, -4, 0.75, 5, -0.5
583 -> 289, -5, 0.25, 5, -0.5
583 -> 289, -5, 0.25, 4, -0.5
583 -> 289, -5, 0.25, 3, -0.5
583 -> 289, -5, 0.25, 2, -0.5
606 -> 289, -5, 0.75, 5, -1
606 -> 289, -5, 0.75, 4, -1
615 -> 289, -5, 1.75, 2, -0.5
698 -> 289, -5, 1.75, 3, -0.5
698 -> 289, -5, 1.75, 4, -0.5
698 -> 289, -5, 1.75, 5, -0.5
