227 -> 38, -3, 1.75, 4, -2
237 -> 38, -4, 1.75, 1, -2
254 -> 38, -5, 1.75, 4, -1.5
254 -> 38, -5, 1.25, 5, -2
257 -> 38, -4, 1.75, 4, -2
258 -> 38, -3, 1.75, 5, -1
258 -> 38, -4, 1.75, 5, -1.5
260 -> 38, -4, 0.25, 3, -2
265 -> 38, -5, 1.25, 2, -1.5
265 -> 38, -5, 1.75, 5, -1.5
265 -> 38, -5, 0.75, 2, -2
265 -> 38, -4, 1.75, 3, -2
269 -> 38, -5, 1.25, 4, -1.5
269 -> 38, -5, 0.25, 4, -2
270 -> 38, -5, 1.75, 3, -2
271 -> 38, -5, 1.25, 5, -1.5
272 -> 38, -2, 1.25, 2, -2
273 -> 38, -1, 1.75, 2, -2
273 -> 38, -4, 1.75, 5, -2
274 -> 38, -2, 1.75, 3, -2
276 -> 38, -3, 1.25, 3, -2
277 -> 38, -5, 0.25, 3, -1.5
278 -> 38, -2, 1.75, 5, -1.5
278 -> 38, -2, 1.25, 5, -1
279 -> 38, -5, 1.75, 5, -2
279 -> 38, -5, 0.75, 3, -1.5
279 -> 38, -1, 1.75, 3, -1.5
280 -> 38, -4, 0.75, 2, -2
280 -> 38, -5, 0.25, 2, -1.5
281 -> 38, -4, 1.25, 1, -2
282 -> 38, -4, 1.75, 1, -1.5
283 -> 38, -2, 1.75, 4, -2
284 -> 38, -3, 1.25, 2, -2
287 -> 38, -4, 0.25, 4, -1.5
287 -> 38, -2, 1.25, 1, -2
287 -> 38, -5, 1.75, 2, -1.5
288 -> 38, -3, 1.75, 1, -2
290 -> 38, -4, 1.25, 5, -2
291 -> 38, -4, 1.75, 4, -1.5
293 -> 38, -5, 0.25, 5, -2
295 -> 38, -4, 0.75, 1, -2
295 -> 38, -5, 0.75, 4, -1.5
295 -> 38, -3, 1.25, 4, -1.5
295 -> 38, -3, 1.75, 2, -1.5
296 -> 38, -4, 0.75, 3, -2
296 -> 38, -5, 0.75, 4, -2
297 -> 38, -3, 1.25, 3, -1.5
297 -> 38, -5, 1.75, 4, -2
297 -> 38, -5, 0.75, 5, -2
298 -> 38, -3, 1.75, 3, -2
299 -> 38, -2, 1.75, 1, -2
299 -> 38, -4, 0.75, 3, -1
300 -> 38, -4, 1.75, 2, -1
300 -> 38, -2, 1.75, 2, -2
301 -> 38, -5, 1.75, 5, -1
301 -> 38, -4, 1.25, 4, -1
302 -> 38, -3, 1.75, 4, -1
303 -> 38, -4, 1.75, 2, -1.5
304 -> 38, -1, 1.75, 1, -2
304 -> 38, -3, 0.75, 2, -1.5
305 -> 38, -4, 0.25, 2, -2
306 -> 38, -4, 1.75, 3, -1.5
306 -> 38, -5, 1.75, 3, -1.5
306 -> 38, -2, 1.25, 2, -1.5
307 -> 38, -5, 0.25, 5, -1
307 -> 38, -1, 1.75, 4, -2
307 -> 38, -3, 1.75, 2, -2
308 -> 38, -4, 1.75, 1, -0.5
309 -> 38, -1, 1.75, 1, -1.5
310 -> 38, -1, 1.25, 3, -2
310 -> 38, -5, 1.25, 1, -1.5
310 -> 38, -5, 1.25, 2, -2
311 -> 38, -2, 1.25, 5, -1.5
312 -> 38, -3, 0.75, 4, -1.5
312 -> 38, -3, 0.75, 5, -1.5
312 -> 38, -3, 1.25, 4, -2
312 -> 38, -1, 1.75, 3, -2
313 -> 38, -4, 1.25, 5, -1
314 -> 38, -2, 1.25, 4, -1.5
314 -> 38, -2, 1.25, 2, -1
314 -> 38, -4, 0.25, 3, -1.5
314 -> 38, -3, 0.25, 5, -2
315 -> 38, -1, 0.75, 4, -2
316 -> 38, -5, 0.25, 3, -2
316 -> 38, -3, 0.75, 5, -2
316 -> 38, -1, 1.25, 2, -1.5
317 -> 38, -4, 0.75, 5, -1.5
317 -> 38, -3, 1.75, 5, -1.5
317 -> 38, -2, 0.75, 5, -1.5
317 -> 38, -4, 1.75, 3, -1
317 -> 38, -2, 1.75, 4, -1
318 -> 38, -1, 1.25, 4, -2
319 -> 38, -5, 1.25, 1, -2
319 -> 38, -1, 0.25, 5, -1.5
319 -> 38, -1, 0.75, 5, -2
319 -> 38, -2, 0.75, 3, -1.5
319 -> 38, -1, 1.25, 1, -2
319 -> 38, -3, 1.75, 5, -2
319 -> 38, -5, 0.75, 5, -1.5
320 -> 38, -1, 1.25, 2, -2
321 -> 38, -3, 1.75, 3, -1
322 -> 38, -3, 0.75, 2, -1
322 -> 38, -1, 0.75, 3, -2
322 -> 38, -3, 0.75, 4, -2
322 -> 38, -2, 0.25, 2, -1
323 -> 38, -2, 1.75, 5, -1
323 -> 38, -3, 1.25, 5, -1.5
323 -> 38, -2, 0.25, 1, -2
324 -> 38, -2, 1.25, 3, -1
326 -> 38, -2, 1.75, 5, -2
326 -> 38, -1, 1.25, 4, -1.5
326 -> 38, -2, 0.75, 4, -1.5
327 -> 38, -3, 1.75, 3, -0.5
327 -> 38, -1, 1.25, 5, -2
328 -> 38, -1, 1.75, 2, -1.5
328 -> 38, -3, 0.75, 5, -1
328 -> 38, -3, 0.75, 4, -1
329 -> 38, -2, 1.25, 4, -2
329 -> 38, -5, 0.75, 3, -2
330 -> 38, -3, 1.75, 4, -1.5
330 -> 38, -2, 1.25, 5, -2
331 -> 38, -1, 1.25, 1, -1.5
331 -> 38, -3, 1.75, 1, -0.5
332 -> 38, -3, 1.75, 1, -1.5
332 -> 38, -4, 1.25, 2, -2
332 -> 38, -4, 0.75, 5, -2
332 -> 38, -5, 1.25, 3, -1.5
332 -> 38, -3, 0.75, 3, -2
332 -> 38, -4, 0.75, 4, -2
332 -> 38, -3, 0.75, 2, -2
333 -> 38, -2, 1.25, 3, -1.5
333 -> 38, -4, 0.25, 3, -1
334 -> 38, -1, 1.75, 4, -1.5
334 -> 38, -5, 1.75, 2, -1
334 -> 38, -2, 0.25, 2, -2
335 -> 38, -4, 0.75, 1, -1.5
336 -> 38, -3, 1.75, 2, -0.5
337 -> 38, -3, 1.25, 5, -2
337 -> 38, -2, 1.25, 4, -1
337 -> 38, -1, 1.75, 1, -0.5
338 -> 38, -4, 0.25, 5, -0.5
338 -> 38, -2, 1.75, 1, -1
340 -> 38, -1, 1.75, 3, -1
341 -> 38, -1, 1.25, 3, -1.5
341 -> 38, -2, 0.25, 2, -1.5
342 -> 38, -1, 1.75, 3, -0.5
342 -> 38, -3, 0.75, 3, -1.5
344 -> 38, -1, 1.75, 5, -1.5
344 -> 38, -3, 0.25, 2, -1.5
344 -> 38, -3, 0.25, 3, -1.5
345 -> 38, -1, 1.25, 5, -1.5
345 -> 38, -4, 0.75, 5, -1
345 -> 38, -4, 0.75, 4, -1.5
345 -> 38, -3, 1.25, 1, -1.5
346 -> 38, -4, 1.25, 4, -2
346 -> 38, -1, 1.75, 2, -1
346 -> 38, -2, 1.75, 4, -1.5
347 -> 38, -3, 0.75, 1, -1.5
347 -> 38, -5, 0.25, 3, -1
348 -> 38, -3, 0.75, 1, -2
348 -> 38, -1, 1.25, 1, -1
348 -> 38, -3, 1.25, 2, -1.5
348 -> 38, -4, 1.25, 5, -0.5
348 -> 38, -1, 0.25, 3, -2
349 -> 38, -2, 1.75, 2, -1
350 -> 38, -5, 0.25, 2, -2
350 -> 38, -5, 0.25, 1, -2
350 -> 38, -3, 1.25, 1, -2
351 -> 38, -5, 1.75, 2, -2
351 -> 38, -4, 1.25, 1, -1.5
352 -> 38, -1, 0.75, 2, -1.5
352 -> 38, -1, 1.25, 5, -0.5
353 -> 38, -1, 0.75, 3, -1.5
353 -> 38, -2, 1.25, 1, -1.5
353 -> 38, -4, 1.25, 2, -1.5
354 -> 38, -1, 1.75, 4, -1
354 -> 38, -4, 1.25, 3, -1.5
354 -> 38, -2, 1.25, 1, -1
354 -> 38, -1, 1.25, 3, -1
355 -> 38, -1, 1.25, 2, -1
355 -> 38, -1, 0.75, 5, -1.5
356 -> 38, -1, 1.25, 5, -1
356 -> 38, -2, 0.75, 5, -2
356 -> 38, -3, 1.75, 2, -1
357 -> 38, -1, 0.25, 5, -1
358 -> 38, -1, 0.75, 2, -2
358 -> 38, -2, 1.75, 3, -0.5
359 -> 38, -2, 0.75, 4, -2
360 -> 38, -1, 0.75, 4, -1.5
360 -> 38, -5, 1.75, 3, -1
361 -> 38, -2, 0.75, 1, -0.5
361 -> 38, -3, 1.25, 5, -1
362 -> 38, -1, 1.25, 4, -1
363 -> 38, -2, 0.75, 2, -0.5
364 -> 38, -1, 0.25, 4, -2
364 -> 38, -1, 0.75, 5, -1
364 -> 38, -1, 1.75, 5, -0.5
365 -> 38, -1, 0.25, 1, -1.5
365 -> 38, -3, 0.25, 2, -1
366 -> 38, -3, 1.75, 4, -0.5
366 -> 38, -1, 1.75, 5, -1
366 -> 38, -5, 1.75, 1, -1.5
366 -> 38, -1, 0.75, 1, -1.5
368 -> 38, -5, 0.75, 1, -1.5
368 -> 38, -5, 1.75, 1, -2
368 -> 38, -5, 0.75, 2, -1.5
368 -> 38, -2, 0.25, 1, -1.5
368 -> 38, -3, 0.25, 1, -1.5
369 -> 38, -3, 1.75, 1, -1
369 -> 38, -2, 1.75, 2, -0.5
369 -> 38, -2, 1.25, 5, -0.5
369 -> 38, -2, 1.25, 4, -0.5
369 -> 38, -1, 0.75, 3, -1
372 -> 38, -1, 0.25, 5, -2
372 -> 38, -2, 0.75, 4, -0.5
373 -> 38, -2, 0.25, 5, -2
373 -> 38, -3, 0.25, 1, -1
374 -> 38, -3, 0.75, 1, -1
375 -> 38, -5, 0.25, 4, -1.5
376 -> 38, -1, 0.75, 4, -1
377 -> 38, -5, 1.25, 3, -2
377 -> 38, -5, 1.25, 4, -2
377 -> 38, -2, 1.75, 3, -1
378 -> 38, -4, 0.75, 4, -1
379 -> 38, -4, 1.25, 4, -1.5
380 -> 38, -4, 1.25, 3, -2
381 -> 38, -1, 1.75, 5, -2
382 -> 38, -4, 1.25, 2, -1
383 -> 38, -1, 0.25, 4, -1.5
384 -> 38, -1, 0.25, 2, -0.5
384 -> 38, -1, 0.25, 1, -0.5
385 -> 38, -5, 0.25, 4, -1
385 -> 38, -2, 1.25, 1, -0.5
385 -> 38, -5, 1.25, 5, -0.5
385 -> 38, -3, 0.25, 5, -1
386 -> 38, -4, 1.25, 3, -1
386 -> 38, -2, 1.75, 1, -1.5
386 -> 38, -4, 1.75, 3, -0.5
387 -> 38, -3, 0.75, 5, -0.5
387 -> 38, -2, 0.75, 3, -0.5
387 -> 38, -1, 0.75, 5, -0.5
387 -> 38, -1, 0.25, 4, -1
388 -> 38, -1, 1.25, 3, -0.5
388 -> 38, -3, 0.25, 3, -2
388 -> 38, -3, 0.25, 4, -2
389 -> 38, -1, 1.75, 1, -1
390 -> 38, -1, 0.25, 2, -1.5
390 -> 38, -2, 0.75, 5, -1
390 -> 38, -4, 1.75, 4, -1
391 -> 38, -4, 1.75, 5, -1
392 -> 38, -2, 0.25, 5, -0.5
392 -> 38, -2, 0.25, 4, -0.5
392 -> 38, -4, 0.25, 1, -1.5
392 -> 38, -2, 0.25, 3, -0.5
392 -> 38, -4, 0.25, 2, -1.5
393 -> 38, -2, 0.25, 1, -1
394 -> 38, -2, 1.75, 4, -0.5
394 -> 38, -3, 0.75, 3, -1
394 -> 38, -1, 0.25, 1, -2
394 -> 38, -4, 0.25, 5, -1.5
394 -> 38, -3, 1.25, 3, -0.5
395 -> 38, -4, 1.25, 5, -1.5
395 -> 38, -5, 1.75, 4, -1
396 -> 38, -2, 0.25, 5, -1.5
396 -> 38, -1, 0.75, 1, -1
397 -> 38, -2, 1.75, 2, -1.5
397 -> 38, -2, 1.25, 3, -2
397 -> 38, -4, 0.75, 1, -1
398 -> 38, -3, 1.25, 3, -1
398 -> 38, -3, 1.25, 4, -1
399 -> 38, -5, 1.25, 2, -1
400 -> 38, -4, 0.25, 4, -1
400 -> 38, -1, 0.25, 2, -2
401 -> 38, -3, 0.25, 5, -1.5
401 -> 38, -3, 0.25, 4, -1.5
404 -> 38, -1, 1.75, 2, -0.5
405 -> 38, -5, 0.25, 1, -0.5
405 -> 38, -3, 1.25, 2, -1
405 -> 38, -3, 0.25, 1, -0.5
405 -> 38, -3, 0.25, 3, -1
406 -> 38, -2, 0.75, 5, -0.5
406 -> 38, -1, 0.25, 3, -1
407 -> 38, -2, 0.25, 3, -1.5
407 -> 38, -2, 0.25, 4, -1.5
407 -> 38, -3, 1.75, 3, -1.5
409 -> 38, -3, 1.25, 1, -1
409 -> 38, -4, 0.25, 5, -1
410 -> 38, -1, 0.75, 2, -1
412 -> 38, -2, 1.75, 1, -0.5
412 -> 38, -5, 0.25, 2, -1
413 -> 38, -3, 0.25, 1, -2
414 -> 38, -4, 0.25, 1, -2
414 -> 38, -1, 1.25, 1, -0.5
414 -> 38, -2, 1.75, 5, -0.5
415 -> 38, -2, 0.75, 1, -2
415 -> 38, -2, 0.75, 3, -2
415 -> 38, -5, 1.25, 1, -1
415 -> 38, -2, 0.75, 2, -2
417 -> 38, -5, 1.75, 1, -1
417 -> 38, -2, 1.75, 3, -1.5
418 -> 38, -5, 0.75, 1, -2
418 -> 38, -5, 1.25, 3, -1
418 -> 38, -1, 0.75, 1, -2
419 -> 38, -1, 1.75, 4, -0.5
419 -> 38, -2, 0.75, 1, -1
420 -> 38, -4, 1.25, 1, -1
421 -> 38, -2, 1.25, 3, -0.5
421 -> 38, -2, 0.25, 2, -0.5
421 -> 38, -2, 1.25, 2, -0.5
423 -> 38, -4, 0.25, 2, -1
424 -> 38, -3, 0.25, 5, -0.5
424 -> 38, -3, 0.25, 4, -0.5
425 -> 38, -1, 0.25, 3, -1.5
426 -> 38, -3, 0.25, 4, -1
426 -> 38, -5, 0.25, 5, -1.5
427 -> 38, -2, 0.75, 3, -1
427 -> 38, -1, 0.25, 4, -0.5
428 -> 38, -2, 0.75, 2, -1
428 -> 38, -1, 0.25, 3, -0.5
433 -> 38, -4, 0.25, 2, -0.5
433 -> 38, -4, 0.75, 2, -1
434 -> 38, -3, 0.25, 2, -2
435 -> 38, -1, 0.25, 5, -0.5
441 -> 38, -5, 0.75, 2, -0.5
441 -> 38, -5, 0.75, 1, -0.5
442 -> 38, -1, 0.25, 1, -1
443 -> 38, -4, 1.25, 2, -0.5
445 -> 38, -5, 1.75, 2, -0.5
446 -> 38, -1, 0.25, 2, -1
447 -> 38, -4, 1.75, 1, -1
447 -> 38, -5, 0.25, 1, -1.5
447 -> 38, -3, 0.25, 3, -0.5
449 -> 38, -3, 0.25, 2, -0.5
450 -> 38, -1, 0.75, 1, -0.5
451 -> 38, -5, 0.75, 4, -1
454 -> 38, -3, 0.75, 2, -0.5
455 -> 38, -1, 0.75, 2, -0.5
456 -> 38, -3, 1.75, 5, -0.5
456 -> 38, -1, 1.25, 2, -0.5
459 -> 38, -4, 0.75, 3, -1.5
459 -> 38, -4, 0.75, 2, -1.5
460 -> 38, -2, 0.75, 4, -1
460 -> 38, -3, 1.25, 5, -0.5
463 -> 38, -4, 0.25, 4, -2
463 -> 38, -4, 0.25, 5, -2
465 -> 38, -5, 1.25, 2, -0.5
466 -> 38, -5, 1.25, 4, -1
466 -> 38, -5, 1.25, 5, -1
466 -> 38, -1, 1.25, 4, -0.5
467 -> 38, -4, 0.75, 5, -0.5
469 -> 38, -1, 0.75, 4, -0.5
469 -> 38, -1, 0.75, 3, -0.5
470 -> 38, -5, 0.25, 4, -0.5
472 -> 38, -2, 0.25, 4, -2
472 -> 38, -2, 0.25, 3, -2
473 -> 38, -4, 0.25, 3, -0.5
474 -> 38, -5, 0.75, 3, -1
476 -> 38, -5, 0.75, 2, -1
478 -> 38, -5, 0.25, 1, -1
481 -> 38, -3, 1.25, 2, -0.5
493 -> 38, -4, 1.75, 5, -0.5
493 -> 38, -4, 1.75, 4, -0.5
495 -> 38, -5, 0.75, 5, -1
497 -> 38, -5, 0.25, 5, -0.5
502 -> 38, -3, 0.75, 3, -0.5
503 -> 38, -4, 1.75, 2, -2
504 -> 38, -3, 0.75, 1, -0.5
513 -> 38, -5, 0.75, 1, -1
515 -> 38, -2, 0.25, 3, -1
515 -> 38, -2, 0.25, 4, -1
515 -> 38, -4, 1.25, 1, -0.5
515 -> 38, -2, 0.25, 5, -1
520 -> 38, -5, 0.75, 3, -0.5
520 -> 38, -5, 0.75, 4, -0.5
520 -> 38, -5, 0.75, 5, -0.5
522 -> 38, -2, 0.75, 2, -1.5
522 -> 38, -2, 0.75, 1, -1.5
534 -> 38, -3, 0.75, 4, -0.5
543 -> 38, -4, 1.75, 2, -0.5
545 -> 38, -4, 0.75, 1, -0.5
548 -> 38, -4, 0.25, 1, -1
561 -> 38, -5, 1.75, 1, -0.5
562 -> 38, -3, 1.25, 1, -0.5
563 -> 38, -2, 0.25, 1, -0.5
567 -> 38, -4, 1.25, 3, -0.5
567 -> 38, -4, 1.25, 4, -0.5
580 -> 38, -3, 1.25, 4, -0.5
591 -> 38, -4, 0.25, 4, -0.5
595 -> 38, -4, 0.75, 2, -0.5
595 -> 38, -4, 0.75, 3, -0.5
595 -> 38, -4, 0.75, 4, -0.5
604 -> 38, -5, 0.25, 2, -0.5
604 -> 38, -5, 0.25, 3, -0.5
613 -> 38, -4, 0.25, 1, -0.5
620 -> 38, -5, 1.25, 3, -0.5
622 -> 38, -5, 1.25, 1, -0.5
746 -> 38, -5, 1.25, 4, -0.5
760 -> 38, -5, 1.75, 3, -0.5
760 -> 38, -5, 1.75, 4, -0.5
760 -> 38, -5, 1.75, 5, -0.5
