342 -> 280, -3, 1.25, 3, -1
344 -> 280, -2, 1.75, 1, -0.5
351 -> 280, -1, 1.25, 3, -0.5
359 -> 280, -1, 1.25, 4, -0.5
361 -> 280, -3, 1.75, 3, -0.5
366 -> 280, -4, 1.75, 2, -1
367 -> 280, -2, 1.75, 4, -1
369 -> 280, -2, 1.75, 5, -1
370 -> 280, -4, 0.25, 4, -0.5
371 -> 280, -3, 1.75, 3, -1
374 -> 280, -3, 1.75, 2, -1
374 -> 280, -3, 1.75, 1, -1
375 -> 280, -3, 1.25, 2, -1
377 -> 280, -2, 1.75, 1, -1
378 -> 280, -2, 1.75, 3, -1
378 -> 280, -2, 1.75, 2, -1
380 -> 280, -1, 1.75, 3, -1
382 -> 280, -3, 0.75, 4, -2
382 -> 280, -3, 1.75, 4, -0.5
382 -> 280, -1, 1.75, 2, -0.5
386 -> 280, -4, 1.75, 1, -1
386 -> 280, -1, 1.75, 1, -0.5
387 -> 280, -1, 1.75, 5, -1
393 -> 280, -1, 1.75, 3, -2
394 -> 280, -1, 1.25, 4, -2
394 -> 280, -1, 1.25, 3, -2
399 -> 280, -1, 1.25, 5, -2
401 -> 280, -1, 1.75, 4, -1.5
402 -> 280, -1, 1.75, 5, -1.5
402 -> 280, -5, 1.75, 5, -2
402 -> 280, -4, 0.75, 3, -0.5
403 -> 280, -2, 1.75, 2, -1.5
403 -> 280, -3, 1.25, 1, -1
403 -> 280, -3, 1.25, 5, -1
403 -> 280, -3, 1.25, 4, -1
405 -> 280, -2, 0.75, 5, -0.5
406 -> 280, -1, 1.25, 5, -1.5
407 -> 280, -4, 1.25, 3, -1.5
407 -> 280, -4, 1.25, 2, -1.5
408 -> 280, -2, 1.75, 1, -1.5
408 -> 280, -5, 1.75, 1, -1.5
408 -> 280, -5, 1.75, 2, -1.5
408 -> 280, -3, 1.75, 5, -0.5
410 -> 280, -1, 1.75, 4, -2
410 -> 280, -4, 1.25, 4, -1.5
410 -> 280, -4, 1.75, 1, -2
411 -> 280, -1, 1.25, 3, -1.5
411 -> 280, -4, 0.25, 5, -1.5
414 -> 280, -5, 0.75, 1, -1
414 -> 280, -2, 1.25, 1, -0.5
414 -> 280, -1, 1.25, 2, -1.5
415 -> 280, -1, 1.75, 4, -1
415 -> 280, -4, 1.25, 5, -1.5
416 -> 280, -1, 1.75, 5, -2
417 -> 280, -3, 1.75, 1, -1.5
417 -> 280, -5, 1.75, 3, -2
418 -> 280, -3, 1.25, 4, -1.5
420 -> 280, -3, 1.75, 2, -0.5
420 -> 280, -1, 1.75, 1, -1
421 -> 280, -3, 1.75, 5, -1.5
421 -> 280, -3, 1.75, 4, -1.5
422 -> 280, -1, 1.75, 4, -0.5
422 -> 280, -4, 1.75, 4, -1
423 -> 280, -2, 1.25, 5, -2
424 -> 280, -5, 0.25, 2, -1.5
424 -> 280, -5, 0.25, 4, -1.5
424 -> 280, -5, 0.25, 5, -1.5
424 -> 280, -5, 1.75, 3, -1
424 -> 280, -5, 0.25, 1, -1.5
424 -> 280, -5, 0.25, 3, -1.5
424 -> 280, -1, 1.75, 2, -1
424 -> 280, -1, 1.25, 4, -1.5
425 -> 280, -5, 1.75, 5, -1.5
425 -> 280, -1, 1.25, 5, -0.5
426 -> 280, -1, 1.75, 3, -0.5
426 -> 280, -3, 1.25, 5, -1.5
426 -> 280, -5, 1.75, 1, -2
427 -> 280, -3, 1.25, 3, -1.5
427 -> 280, -1, 0.75, 1, -0.5
427 -> 280, -1, 0.75, 3, -1
427 -> 280, -1, 1.75, 1, -2
427 -> 280, -3, 1.25, 2, -1.5
428 -> 280, -2, 1.25, 4, -2
429 -> 280, -2, 1.25, 3, -2
429 -> 280, -2, 1.25, 2, -2
429 -> 280, -4, 1.25, 5, -1
429 -> 280, -1, 1.75, 1, -1.5
430 -> 280, -1, 1.25, 2, -1
430 -> 280, -4, 1.25, 3, -2
430 -> 280, -4, 1.25, 5, -2
430 -> 280, -4, 1.25, 4, -2
430 -> 280, -3, 0.75, 1, -2
430 -> 280, -3, 0.75, 2, -2
430 -> 280, -3, 0.75, 3, -2
430 -> 280, -3, 0.75, 5, -1.5
431 -> 280, -3, 0.25, 2, -2
431 -> 280, -3, 0.25, 3, -2
431 -> 280, -3, 0.25, 5, -2
431 -> 280, -3, 0.25, 4, -2
432 -> 280, -2, 0.75, 4, -1
432 -> 280, -2, 0.75, 4, -0.5
432 -> 280, -4, 0.25, 4, -1.5
432 -> 280, -2, 0.75, 3, -1
432 -> 280, -4, 0.75, 1, -1.5
432 -> 280, -4, 0.25, 3, -1.5
432 -> 280, -2, 0.75, 5, -1
432 -> 280, -2, 0.75, 3, -0.5
432 -> 280, -3, 0.75, 5, -2
432 -> 280, -1, 1.75, 3, -1.5
432 -> 280, -1, 1.75, 2, -1.5
432 -> 280, -2, 0.75, 1, -1
433 -> 280, -1, 0.25, 3, -1.5
433 -> 280, -2, 1.75, 3, -1.5
433 -> 280, -4, 0.75, 3, -2
433 -> 280, -2, 1.25, 3, -1.5
433 -> 280, -1, 0.25, 1, -1.5
433 -> 280, -1, 0.25, 2, -1.5
434 -> 280, -1, 0.75, 5, -0.5
434 -> 280, -4, 1.75, 5, -2
434 -> 280, -4, 1.75, 4, -2
434 -> 280, -1, 0.25, 5, -1
434 -> 280, -1, 0.75, 2, -1
435 -> 280, -4, 1.75, 5, -1
435 -> 280, -1, 0.75, 5, -2
435 -> 280, -2, 0.75, 2, -1
436 -> 280, -5, 1.75, 2, -2
436 -> 280, -1, 0.75, 1, -1
437 -> 280, -1, 1.25, 1, -0.5
437 -> 280, -1, 0.75, 3, -0.5
438 -> 280, -3, 1.75, 3, -1.5
438 -> 280, -1, 0.75, 4, -0.5
438 -> 280, -3, 1.75, 2, -1.5
438 -> 280, -5, 0.25, 4, -2
438 -> 280, -5, 0.25, 5, -2
439 -> 280, -4, 0.75, 2, -2
440 -> 280, -1, 1.25, 2, -0.5
441 -> 280, -1, 1.75, 2, -2
441 -> 280, -2, 1.75, 5, -1.5
441 -> 280, -2, 1.75, 2, -0.5
441 -> 280, -2, 1.75, 3, -0.5
441 -> 280, -5, 1.75, 4, -2
441 -> 280, -2, 1.75, 4, -1.5
442 -> 280, -3, 0.75, 4, -1.5
442 -> 280, -3, 0.75, 4, -1
442 -> 280, -3, 0.75, 3, -1.5
442 -> 280, -3, 0.75, 5, -1
442 -> 280, -1, 0.25, 1, -0.5
442 -> 280, -1, 0.75, 4, -1
442 -> 280, -2, 1.25, 1, -2
442 -> 280, -1, 0.75, 5, -1
443 -> 280, -5, 0.75, 2, -1
443 -> 280, -4, 1.25, 2, -2
443 -> 280, -4, 1.25, 1, -2
443 -> 280, -4, 0.75, 5, -1
443 -> 280, -4, 0.75, 4, -1
444 -> 280, -1, 0.75, 1, -2
444 -> 280, -1, 1.25, 1, -2
444 -> 280, -5, 0.25, 4, -1
444 -> 280, -1, 1.25, 2, -2
445 -> 280, -4, 0.75, 5, -1.5
445 -> 280, -1, 1.75, 5, -0.5
446 -> 280, -1, 0.75, 2, -0.5
447 -> 280, -4, 1.25, 1, -1.5
447 -> 280, -3, 0.75, 2, -1.5
447 -> 280, -3, 0.75, 1, -1.5
447 -> 280, -2, 0.75, 2, -1.5
447 -> 280, -2, 0.75, 4, -1.5
447 -> 280, -2, 0.75, 1, -1.5
447 -> 280, -2, 0.75, 3, -1.5
448 -> 280, -4, 1.75, 1, -1.5
448 -> 280, -4, 1.75, 5, -1.5
448 -> 280, -4, 1.75, 3, -1.5
448 -> 280, -4, 1.75, 2, -1.5
448 -> 280, -4, 1.75, 4, -1.5
448 -> 280, -1, 1.25, 1, -1
449 -> 280, -3, 0.75, 5, -0.5
449 -> 280, -2, 1.25, 2, -1
449 -> 280, -2, 1.25, 4, -1
449 -> 280, -2, 1.25, 1, -1
449 -> 280, -2, 1.25, 3, -1
450 -> 280, -2, 1.25, 3, -0.5
450 -> 280, -2, 1.25, 2, -0.5
450 -> 280, -3, 0.75, 1, -1
450 -> 280, -3, 0.75, 2, -1
452 -> 280, -2, 1.25, 4, -1.5
452 -> 280, -5, 0.25, 2, -2
452 -> 280, -5, 0.25, 1, -2
453 -> 280, -1, 1.25, 1, -1.5
453 -> 280, -2, 1.75, 2, -2
453 -> 280, -1, 0.25, 2, -0.5
453 -> 280, -2, 1.75, 3, -2
453 -> 280, -4, 0.25, 3, -0.5
454 -> 280, -4, 1.75, 3, -1
455 -> 280, -3, 1.75, 4, -1
455 -> 280, -2, 1.25, 5, -1
455 -> 280, -3, 1.75, 5, -1
457 -> 280, -3, 0.25, 3, -0.5
457 -> 280, -5, 0.75, 3, -1
457 -> 280, -3, 1.25, 1, -1.5
457 -> 280, -4, 1.75, 3, -2
457 -> 280, -2, 1.75, 4, -0.5
457 -> 280, -3, 0.25, 4, -0.5
457 -> 280, -4, 1.75, 2, -2
457 -> 280, -3, 0.25, 5, -0.5
459 -> 280, -5, 0.25, 3, -2
462 -> 280, -5, 1.75, 3, -1.5
462 -> 280, -5, 1.75, 4, -1.5
464 -> 280, -5, 1.25, 4, -0.5
464 -> 280, -5, 1.25, 5, -0.5
465 -> 280, -2, 1.25, 2, -1.5
465 -> 280, -3, 1.25, 4, -2
465 -> 280, -2, 1.25, 1, -1.5
465 -> 280, -3, 1.25, 5, -2
466 -> 280, -4, 0.75, 2, -1.5
466 -> 280, -3, 0.25, 2, -0.5
466 -> 280, -4, 0.75, 3, -1.5
466 -> 280, -4, 0.75, 4, -1.5
466 -> 280, -2, 1.75, 5, -0.5
467 -> 280, -2, 1.75, 4, -2
467 -> 280, -2, 0.75, 5, -1.5
467 -> 280, -2, 1.75, 5, -2
467 -> 280, -4, 0.75, 2, -0.5
467 -> 280, -4, 0.75, 1, -0.5
467 -> 280, -4, 0.25, 5, -2
468 -> 280, -1, 1.25, 4, -1
468 -> 280, -3, 1.25, 3, -2
468 -> 280, -1, 1.25, 3, -1
468 -> 280, -1, 1.25, 5, -1
468 -> 280, -2, 1.25, 5, -1.5
469 -> 280, -4, 0.75, 1, -1
469 -> 280, -4, 0.75, 2, -1
469 -> 280, -3, 0.75, 3, -1
470 -> 280, -1, 0.75, 4, -2
471 -> 280, -3, 0.25, 1, -2
471 -> 280, -3, 0.75, 4, -0.5
472 -> 280, -2, 0.25, 1, -0.5
472 -> 280, -2, 0.25, 2, -0.5
472 -> 280, -5, 1.25, 5, -2
472 -> 280, -5, 1.25, 4, -2
473 -> 280, -4, 0.25, 3, -2
473 -> 280, -4, 0.25, 4, -2
473 -> 280, -2, 1.75, 1, -2
473 -> 280, -4, 0.25, 2, -2
473 -> 280, -1, 0.25, 1, -2
473 -> 280, -1, 0.25, 3, -2
473 -> 280, -1, 0.25, 5, -2
473 -> 280, -4, 0.25, 1, -2
473 -> 280, -1, 0.25, 2, -2
473 -> 280, -1, 0.25, 4, -2
475 -> 280, -3, 1.25, 2, -2
475 -> 280, -3, 1.25, 1, -2
477 -> 280, -2, 0.25, 5, -1
477 -> 280, -2, 0.25, 3, -1
477 -> 280, -2, 0.25, 4, -1
478 -> 280, -5, 0.25, 3, -1
478 -> 280, -1, 0.25, 1, -1
478 -> 280, -1, 0.25, 3, -1
478 -> 280, -1, 0.25, 2, -1
478 -> 280, -1, 0.25, 4, -1
481 -> 280, -4, 0.75, 5, -2
482 -> 280, -5, 1.25, 2, -1.5
482 -> 280, -5, 1.25, 3, -1.5
482 -> 280, -5, 0.25, 1, -1
482 -> 280, -5, 1.25, 4, -1.5
482 -> 280, -5, 1.25, 1, -1.5
482 -> 280, -5, 0.25, 2, -1
483 -> 280, -5, 0.25, 5, -1
483 -> 280, -5, 0.75, 2, -1.5
483 -> 280, -5, 0.75, 3, -1.5
483 -> 280, -3, 0.25, 2, -1.5
483 -> 280, -5, 0.75, 4, -1.5
483 -> 280, -5, 0.75, 5, -1.5
483 -> 280, -3, 0.25, 3, -1.5
483 -> 280, -5, 1.75, 5, -1
483 -> 280, -3, 0.25, 4, -1.5
483 -> 280, -3, 0.25, 1, -1.5
485 -> 280, -2, 0.25, 2, -2
485 -> 280, -2, 0.25, 1, -2
485 -> 280, -3, 0.75, 2, -0.5
485 -> 280, -2, 0.25, 4, -2
485 -> 280, -2, 0.25, 3, -2
487 -> 280, -5, 1.75, 5, -0.5
487 -> 280, -5, 1.75, 4, -0.5
487 -> 280, -5, 1.75, 3, -0.5
487 -> 280, -3, 1.75, 1, -0.5
487 -> 280, -5, 1.75, 2, -0.5
487 -> 280, -5, 1.75, 1, -0.5
488 -> 280, -5, 1.25, 2, -2
488 -> 280, -5, 1.25, 3, -2
489 -> 280, -3, 0.25, 3, -1
489 -> 280, -3, 0.25, 4, -1
489 -> 280, -3, 0.25, 5, -1
489 -> 280, -3, 0.25, 1, -1
489 -> 280, -3, 0.25, 2, -1
490 -> 280, -3, 1.75, 2, -2
490 -> 280, -3, 1.75, 3, -2
490 -> 280, -3, 1.75, 5, -2
490 -> 280, -3, 1.75, 4, -2
490 -> 280, -3, 1.75, 1, -2
491 -> 280, -5, 0.75, 1, -1.5
492 -> 280, -3, 0.25, 1, -0.5
493 -> 280, -2, 1.25, 5, -0.5
495 -> 280, -1, 0.25, 4, -0.5
495 -> 280, -2, 0.75, 1, -0.5
495 -> 280, -1, 0.25, 5, -0.5
495 -> 280, -2, 0.75, 2, -0.5
495 -> 280, -1, 0.25, 3, -0.5
496 -> 280, -3, 0.25, 5, -1.5
496 -> 280, -2, 1.25, 4, -0.5
498 -> 280, -4, 1.75, 3, -0.5
498 -> 280, -4, 1.75, 4, -0.5
498 -> 280, -4, 1.75, 5, -0.5
498 -> 280, -2, 0.25, 5, -0.5
499 -> 280, -1, 0.75, 1, -1.5
499 -> 280, -1, 0.75, 4, -1.5
499 -> 280, -1, 0.75, 3, -1.5
499 -> 280, -1, 0.75, 5, -1.5
499 -> 280, -2, 0.25, 4, -0.5
499 -> 280, -1, 0.75, 2, -1.5
502 -> 280, -3, 0.75, 1, -0.5
505 -> 280, -2, 0.25, 5, -1.5
505 -> 280, -2, 0.25, 4, -1.5
505 -> 280, -2, 0.25, 2, -1.5
505 -> 280, -2, 0.25, 5, -2
505 -> 280, -2, 0.25, 3, -1.5
505 -> 280, -2, 0.25, 1, -1.5
506 -> 280, -4, 0.25, 5, -0.5
506 -> 280, -3, 0.75, 3, -0.5
507 -> 280, -1, 0.75, 2, -2
507 -> 280, -4, 0.75, 3, -1
507 -> 280, -2, 0.25, 1, -1
507 -> 280, -1, 0.75, 3, -2
507 -> 280, -2, 0.25, 2, -1
509 -> 280, -4, 0.75, 4, -2
509 -> 280, -5, 1.25, 1, -2
510 -> 280, -4, 0.25, 2, -1.5
515 -> 280, -5, 1.75, 4, -1
517 -> 280, -5, 0.75, 3, -2
517 -> 280, -5, 0.75, 4, -2
517 -> 280, -5, 0.75, 2, -2
517 -> 280, -5, 0.75, 1, -2
517 -> 280, -5, 0.75, 5, -2
519 -> 280, -4, 0.25, 1, -1.5
523 -> 280, -1, 0.25, 5, -1.5
524 -> 280, -1, 0.25, 4, -1.5
527 -> 280, -2, 0.75, 3, -2
527 -> 280, -2, 0.75, 2, -2
527 -> 280, -2, 0.75, 5, -2
527 -> 280, -2, 0.75, 4, -2
527 -> 280, -2, 0.75, 1, -2
535 -> 280, -5, 0.75, 1, -0.5
535 -> 280, -5, 0.25, 5, -0.5
535 -> 280, -5, 0.75, 2, -0.5
535 -> 280, -5, 0.75, 3, -0.5
536 -> 280, -5, 1.25, 5, -1
538 -> 280, -5, 1.25, 3, -1
538 -> 280, -5, 1.25, 4, -1
539 -> 280, -2, 0.25, 3, -0.5
540 -> 280, -5, 1.25, 2, -1
544 -> 280, -5, 0.75, 5, -0.5
544 -> 280, -5, 1.25, 3, -0.5
545 -> 280, -5, 0.75, 4, -1
545 -> 280, -5, 0.75, 5, -1
546 -> 280, -5, 1.25, 2, -0.5
546 -> 280, -5, 1.25, 1, -0.5
548 -> 280, -4, 0.25, 3, -1
548 -> 280, -4, 0.25, 4, -1
548 -> 280, -4, 0.25, 5, -1
550 -> 280, -4, 0.25, 1, -1
550 -> 280, -4, 0.25, 2, -1
553 -> 280, -4, 0.25, 1, -0.5
553 -> 280, -4, 0.25, 2, -0.5
554 -> 280, -5, 0.25, 4, -0.5
556 -> 280, -5, 1.25, 1, -1
567 -> 280, -4, 0.75, 1, -2
567 -> 280, -5, 0.75, 4, -0.5
571 -> 280, -4, 1.25, 2, -1
571 -> 280, -4, 1.25, 1, -1
571 -> 280, -4, 1.25, 3, -1
571 -> 280, -4, 1.25, 4, -1
575 -> 280, -5, 1.25, 5, -1.5
579 -> 280, -3, 1.25, 1, -0.5
579 -> 280, -3, 1.25, 2, -0.5
579 -> 280, -3, 1.25, 5, -0.5
579 -> 280, -3, 1.25, 3, -0.5
579 -> 280, -3, 1.25, 4, -0.5
600 -> 280, -4, 1.75, 1, -0.5
600 -> 280, -4, 1.75, 2, -0.5
605 -> 280, -5, 0.25, 3, -0.5
605 -> 280, -5, 0.25, 2, -0.5
609 -> 280, -5, 0.25, 1, -0.5
615 -> 280, -5, 1.75, 1, -1
615 -> 280, -5, 1.75, 2, -1
654 -> 280, -4, 1.25, 2, -0.5
654 -> 280, -4, 1.25, 1, -0.5
654 -> 280, -4, 1.25, 4, -0.5
654 -> 280, -4, 1.25, 5, -0.5
654 -> 280, -4, 1.25, 3, -0.5
665 -> 280, -4, 0.75, 5, -0.5
665 -> 280, -4, 0.75, 4, -0.5
