320 -> 459, -5, 0.75, 3, -0.5
337 -> 459, -5, 0.75, 4, -0.5
345 -> 459, -5, 1.25, 4, -0.5
348 -> 459, -5, 1.25, 3, -0.5
350 -> 459, -4, 0.75, 1, -1
361 -> 459, -3, 1.75, 2, -1
363 -> 459, -4, 1.75, 5, -1
371 -> 459, -2, 1.25, 5, -0.5
373 -> 459, -3, 0.75, 1, -1
375 -> 459, -4, 1.75, 4, -1
380 -> 459, -1, 1.25, 5, -0.5
382 -> 459, -2, 0.25, 3, -0.5
382 -> 459, -2, 0.25, 2, -0.5
384 -> 459, -2, 0.75, 4, -0.5
384 -> 459, -5, 1.75, 4, -1.5
384 -> 459, -2, 0.75, 5, -0.5
386 -> 459, -2, 0.75, 4, -1.5
387 -> 459, -5, 1.75, 2, -1.5
388 -> 459, -4, 1.25, 1, -1
390 -> 459, -5, 0.75, 1, -1
390 -> 459, -5, 0.75, 3, -1
390 -> 459, -4, 1.25, 5, -1.5
391 -> 459, -2, 1.25, 2, -0.5
392 -> 459, -5, 1.75, 1, -2
393 -> 459, -3, 1.75, 4, -1
393 -> 459, -3, 0.75, 4, -1
393 -> 459, -2, 1.75, 1, -2
395 -> 459, -3, 0.75, 5, -2
395 -> 459, -1, 1.75, 3, -1
395 -> 459, -3, 0.75, 4, -2
396 -> 459, -3, 0.75, 3, -1
396 -> 459, -2, 1.25, 1, -1
397 -> 459, -3, 0.75, 2, -1
398 -> 459, -5, 1.75, 3, -1.5
398 -> 459, -5, 0.75, 5, -0.5
398 -> 459, -2, 1.25, 1, -0.5
399 -> 459, -5, 0.75, 4, -1
400 -> 459, -2, 0.75, 3, -0.5
401 -> 459, -5, 1.75, 2, -2
401 -> 459, -5, 1.75, 3, -2
401 -> 459, -5, 1.75, 4, -2
401 -> 459, -4, 1.25, 2, -1
401 -> 459, -5, 1.75, 5, -2
402 -> 459, -2, 1.25, 1, -2
402 -> 459, -2, 1.25, 2, -2
406 -> 459, -2, 1.75, 4, -1
406 -> 459, -5, 1.75, 4, -0.5
407 -> 459, -2, 1.75, 4, -0.5
407 -> 459, -2, 1.75, 2, -0.5
407 -> 459, -3, 1.75, 1, -1.5
407 -> 459, -2, 1.75, 3, -0.5
408 -> 459, -5, 1.75, 2, -0.5
408 -> 459, -4, 1.75, 3, -1
408 -> 459, -3, 0.25, 5, -0.5
408 -> 459, -2, 1.75, 5, -1
409 -> 459, -2, 1.25, 3, -2
409 -> 459, -2, 1.75, 1, -1.5
410 -> 459, -4, 1.75, 1, -1.5
410 -> 459, -2, 0.25, 4, -0.5
410 -> 459, -2, 1.25, 1, -1.5
411 -> 459, -2, 1.75, 3, -1
412 -> 459, -1, 1.75, 4, -0.5
412 -> 459, -1, 0.75, 1, -1
413 -> 459, -5, 1.75, 5, -1.5
413 -> 459, -1, 1.25, 4, -0.5
413 -> 459, -5, 0.75, 2, -0.5
414 -> 459, -2, 0.75, 3, -1
414 -> 459, -2, 0.75, 2, -1
414 -> 459, -2, 0.75, 1, -1
414 -> 459, -2, 0.75, 4, -1
415 -> 459, -2, 1.25, 5, -2
415 -> 459, -2, 1.25, 4, -2
415 -> 459, -5, 0.75, 2, -1
416 -> 459, -1, 1.75, 5, -0.5
416 -> 459, -1, 1.25, 3, -1.5
417 -> 459, -5, 1.75, 5, -1
417 -> 459, -5, 1.75, 5, -0.5
417 -> 459, -4, 0.75, 5, -1.5
418 -> 459, -1, 0.75, 2, -0.5
418 -> 459, -1, 0.75, 3, -0.5
419 -> 459, -4, 0.25, 3, -1.5
419 -> 459, -4, 0.25, 4, -1.5
420 -> 459, -4, 0.75, 5, -1
420 -> 459, -2, 1.75, 5, -0.5
420 -> 459, -4, 0.75, 3, -1
420 -> 459, -4, 0.75, 4, -1
421 -> 459, -3, 0.25, 3, -0.5
421 -> 459, -3, 0.25, 2, -0.5
421 -> 459, -3, 0.25, 4, -0.5
421 -> 459, -2, 1.75, 5, -2
422 -> 459, -2, 0.75, 2, -0.5
423 -> 459, -3, 1.25, 1, -1
423 -> 459, -5, 1.25, 5, -0.5
423 -> 459, -5, 0.75, 4, -1.5
424 -> 459, -3, 0.25, 1, -0.5
424 -> 459, -1, 1.75, 4, -1
426 -> 459, -3, 0.75, 5, -1
426 -> 459, -2, 1.75, 4, -1.5
426 -> 459, -3, 0.75, 3, -2
426 -> 459, -1, 0.25, 4, -1
426 -> 459, -3, 0.75, 2, -2
426 -> 459, -3, 0.75, 1, -2
426 -> 459, -2, 1.75, 5, -1.5
426 -> 459, -3, 1.25, 4, -0.5
427 -> 459, -1, 0.25, 3, -1
427 -> 459, -3, 1.25, 5, -1
428 -> 459, -1, 0.25, 5, -1.5
429 -> 459, -1, 0.75, 5, -0.5
430 -> 459, -4, 0.25, 5, -1.5
430 -> 459, -1, 1.25, 1, -1.5
430 -> 459, -1, 1.25, 2, -1.5
431 -> 459, -2, 1.25, 2, -1.5
432 -> 459, -3, 0.25, 2, -1
432 -> 459, -2, 1.25, 5, -1
432 -> 459, -3, 0.25, 3, -1
433 -> 459, -5, 0.75, 5, -1
433 -> 459, -5, 1.75, 2, -1
433 -> 459, -2, 0.75, 5, -1
434 -> 459, -1, 1.75, 2, -2
434 -> 459, -1, 1.75, 1, -2
434 -> 459, -2, 1.75, 2, -2
434 -> 459, -2, 1.75, 3, -2
434 -> 459, -3, 1.25, 2, -1.5
435 -> 459, -5, 1.75, 1, -1.5
435 -> 459, -4, 1.75, 1, -2
435 -> 459, -3, 1.75, 5, -1
436 -> 459, -5, 0.75, 1, -2
437 -> 459, -3, 1.25, 1, -1.5
437 -> 459, -3, 1.25, 4, -1
437 -> 459, -3, 1.25, 3, -1
438 -> 459, -1, 0.25, 2, -1
438 -> 459, -1, 0.25, 1, -1
439 -> 459, -1, 0.75, 4, -0.5
439 -> 459, -2, 0.75, 1, -2
439 -> 459, -5, 0.75, 2, -2
440 -> 459, -3, 0.75, 1, -1.5
440 -> 459, -3, 0.75, 2, -1.5
440 -> 459, -3, 0.75, 3, -1.5
440 -> 459, -3, 1.75, 1, -1
440 -> 459, -1, 0.25, 1, -0.5
440 -> 459, -2, 1.25, 3, -1.5
441 -> 459, -1, 0.25, 5, -0.5
441 -> 459, -5, 0.25, 4, -0.5
441 -> 459, -1, 1.75, 1, -1.5
442 -> 459, -1, 0.25, 5, -1
443 -> 459, -1, 1.25, 2, -2
443 -> 459, -2, 1.75, 2, -1
443 -> 459, -2, 1.75, 2, -1.5
443 -> 459, -2, 1.75, 3, -1.5
444 -> 459, -4, 0.25, 2, -1.5
444 -> 459, -3, 0.25, 1, -1
445 -> 459, -4, 0.25, 2, -0.5
445 -> 459, -4, 1.75, 1, -1
445 -> 459, -4, 1.75, 2, -1
445 -> 459, -1, 0.25, 4, -1.5
446 -> 459, -3, 0.75, 3, -0.5
446 -> 459, -1, 0.25, 3, -1.5
446 -> 459, -1, 0.25, 2, -1.5
447 -> 459, -4, 1.25, 2, -2
447 -> 459, -4, 1.25, 1, -2
447 -> 459, -5, 0.25, 1, -0.5
447 -> 459, -4, 1.25, 3, -2
448 -> 459, -2, 1.75, 4, -2
448 -> 459, -1, 0.75, 3, -1
448 -> 459, -4, 0.75, 1, -2
448 -> 459, -1, 0.75, 2, -1
449 -> 459, -4, 1.25, 5, -0.5
449 -> 459, -4, 0.75, 2, -2
449 -> 459, -5, 1.25, 2, -0.5
449 -> 459, -4, 0.75, 5, -2
449 -> 459, -4, 0.75, 4, -2
449 -> 459, -4, 0.75, 3, -2
450 -> 459, -5, 1.75, 3, -0.5
450 -> 459, -1, 1.75, 5, -1
450 -> 459, -1, 0.25, 1, -2
451 -> 459, -3, 1.25, 1, -0.5
451 -> 459, -3, 1.25, 2, -0.5
451 -> 459, -1, 0.75, 4, -1
451 -> 459, -1, 0.75, 5, -1
451 -> 459, -1, 1.25, 1, -2
452 -> 459, -1, 1.75, 5, -2
452 -> 459, -4, 1.25, 3, -0.5
452 -> 459, -1, 1.25, 3, -0.5
452 -> 459, -4, 1.25, 4, -0.5
452 -> 459, -1, 1.25, 4, -2
452 -> 459, -1, 1.75, 4, -2
452 -> 459, -2, 0.75, 2, -2
452 -> 459, -2, 0.75, 3, -2
453 -> 459, -5, 0.25, 2, -0.5
453 -> 459, -4, 0.75, 2, -1
453 -> 459, -3, 1.25, 5, -0.5
453 -> 459, -1, 1.25, 4, -1.5
454 -> 459, -3, 1.75, 2, -1.5
455 -> 459, -4, 0.25, 4, -0.5
455 -> 459, -2, 1.75, 1, -1
455 -> 459, -2, 0.25, 4, -1
456 -> 459, -5, 0.25, 3, -0.5
456 -> 459, -1, 1.75, 2, -0.5
456 -> 459, -2, 0.75, 5, -1.5
456 -> 459, -1, 1.75, 2, -1
456 -> 459, -1, 0.75, 1, -2
456 -> 459, -1, 1.75, 1, -1
457 -> 459, -1, 0.25, 4, -2
457 -> 459, -1, 0.25, 3, -2
457 -> 459, -1, 0.25, 5, -2
457 -> 459, -3, 1.75, 1, -0.5
457 -> 459, -5, 1.75, 4, -1
458 -> 459, -2, 0.25, 4, -2
458 -> 459, -2, 0.25, 3, -2
459 -> 459, -1, 1.25, 1, -1
459 -> 459, -2, 1.25, 3, -0.5
459 -> 459, -4, 0.25, 1, -0.5
459 -> 459, -2, 0.25, 5, -2
459 -> 459, -1, 0.25, 2, -2
460 -> 459, -3, 0.75, 4, -0.5
460 -> 459, -4, 1.75, 2, -1.5
460 -> 459, -3, 0.75, 5, -0.5
460 -> 459, -2, 0.75, 1, -0.5
460 -> 459, -1, 1.25, 5, -1.5
460 -> 459, -2, 0.25, 3, -1
461 -> 459, -1, 1.75, 1, -0.5
461 -> 459, -1, 1.25, 3, -1
461 -> 459, -1, 1.25, 5, -2
461 -> 459, -1, 1.75, 3, -0.5
461 -> 459, -1, 1.25, 2, -1
461 -> 459, -2, 1.25, 4, -0.5
461 -> 459, -1, 1.25, 4, -1
462 -> 459, -1, 1.75, 3, -2
462 -> 459, -1, 0.75, 1, -1.5
462 -> 459, -2, 1.75, 1, -0.5
462 -> 459, -2, 0.25, 2, -1
463 -> 459, -3, 0.75, 1, -0.5
463 -> 459, -5, 0.75, 3, -1.5
464 -> 459, -4, 0.75, 2, -0.5
464 -> 459, -4, 0.75, 3, -0.5
464 -> 459, -4, 0.75, 4, -0.5
464 -> 459, -4, 0.75, 5, -0.5
464 -> 459, -3, 1.25, 2, -1
464 -> 459, -2, 0.25, 2, -2
465 -> 459, -2, 1.25, 4, -1.5
465 -> 459, -5, 0.25, 2, -2
465 -> 459, -5, 0.25, 1, -2
465 -> 459, -3, 0.25, 1, -2
465 -> 459, -5, 0.25, 5, -2
465 -> 459, -5, 0.25, 4, -2
465 -> 459, -5, 0.25, 3, -2
466 -> 459, -4, 1.25, 4, -2
466 -> 459, -4, 1.25, 5, -2
466 -> 459, -1, 1.25, 3, -2
467 -> 459, -4, 1.25, 2, -1.5
467 -> 459, -1, 1.25, 1, -0.5
467 -> 459, -4, 1.25, 1, -1.5
467 -> 459, -1, 0.75, 1, -0.5
467 -> 459, -1, 1.25, 2, -0.5
467 -> 459, -4, 1.25, 4, -1.5
467 -> 459, -4, 1.25, 3, -1.5
467 -> 459, -2, 0.25, 5, -1.5
468 -> 459, -1, 0.75, 5, -1.5
468 -> 459, -4, 1.75, 2, -2
468 -> 459, -1, 0.75, 4, -1.5
468 -> 459, -4, 1.75, 5, -2
468 -> 459, -4, 1.75, 3, -2
468 -> 459, -4, 1.75, 4, -2
469 -> 459, -1, 1.75, 4, -1.5
469 -> 459, -3, 1.25, 1, -2
469 -> 459, -1, 1.75, 3, -1.5
469 -> 459, -1, 0.75, 3, -1.5
469 -> 459, -1, 0.75, 2, -1.5
469 -> 459, -1, 1.75, 5, -1.5
469 -> 459, -1, 0.75, 2, -2
470 -> 459, -3, 1.25, 4, -2
470 -> 459, -4, 0.25, 1, -1.5
470 -> 459, -3, 1.25, 2, -2
470 -> 459, -3, 1.25, 5, -2
470 -> 459, -3, 1.25, 3, -2
472 -> 459, -3, 0.25, 2, -2
472 -> 459, -3, 0.25, 3, -2
474 -> 459, -3, 1.75, 5, -2
474 -> 459, -3, 1.75, 4, -2
474 -> 459, -4, 0.75, 4, -1.5
474 -> 459, -2, 1.25, 5, -1.5
474 -> 459, -4, 0.75, 3, -1.5
475 -> 459, -5, 0.75, 5, -1.5
475 -> 459, -1, 1.75, 2, -1.5
476 -> 459, -5, 0.75, 5, -2
476 -> 459, -2, 0.25, 1, -2
477 -> 459, -3, 1.75, 2, -2
477 -> 459, -3, 1.75, 3, -2
477 -> 459, -2, 0.25, 5, -1
477 -> 459, -3, 1.75, 1, -2
477 -> 459, -2, 0.25, 5, -0.5
478 -> 459, -4, 0.25, 1, -2
478 -> 459, -4, 0.25, 5, -2
478 -> 459, -4, 0.25, 2, -2
478 -> 459, -4, 0.25, 4, -2
478 -> 459, -4, 0.25, 3, -2
480 -> 459, -2, 0.75, 4, -2
480 -> 459, -2, 1.25, 3, -1
480 -> 459, -2, 1.25, 4, -1
480 -> 459, -2, 1.25, 2, -1
480 -> 459, -4, 0.25, 5, -1
480 -> 459, -4, 0.25, 4, -1
480 -> 459, -4, 0.25, 3, -1
480 -> 459, -4, 0.25, 2, -1
480 -> 459, -4, 0.25, 1, -1
481 -> 459, -1, 1.25, 5, -1
482 -> 459, -2, 0.25, 1, -0.5
482 -> 459, -5, 1.25, 1, -0.5
483 -> 459, -5, 0.25, 2, -1.5
483 -> 459, -5, 0.25, 1, -1.5
484 -> 459, -3, 1.75, 3, -1.5
485 -> 459, -5, 0.25, 4, -1.5
485 -> 459, -3, 1.75, 4, -1.5
485 -> 459, -4, 0.75, 1, -1.5
485 -> 459, -5, 0.25, 3, -1.5
485 -> 459, -4, 0.75, 2, -1.5
485 -> 459, -3, 1.75, 5, -1.5
486 -> 459, -1, 0.25, 4, -0.5
487 -> 459, -1, 0.75, 3, -2
487 -> 459, -1, 0.75, 4, -2
489 -> 459, -3, 1.75, 3, -1
489 -> 459, -5, 0.75, 1, -0.5
489 -> 459, -3, 0.25, 5, -1
489 -> 459, -3, 0.25, 4, -1
490 -> 459, -1, 0.25, 3, -0.5
490 -> 459, -5, 1.25, 5, -2
490 -> 459, -5, 1.25, 4, -2
490 -> 459, -5, 1.25, 3, -2
491 -> 459, -3, 0.75, 5, -1.5
491 -> 459, -3, 0.75, 4, -1.5
491 -> 459, -1, 0.25, 2, -0.5
492 -> 459, -3, 0.25, 4, -2
492 -> 459, -4, 1.75, 5, -1.5
492 -> 459, -3, 0.25, 5, -2
492 -> 459, -4, 1.75, 4, -1.5
492 -> 459, -4, 1.75, 3, -1.5
493 -> 459, -3, 1.25, 5, -1.5
493 -> 459, -3, 1.25, 3, -1.5
493 -> 459, -5, 1.75, 1, -1
493 -> 459, -3, 1.25, 4, -1.5
494 -> 459, -1, 0.75, 5, -2
496 -> 459, -2, 0.75, 5, -2
497 -> 459, -3, 1.25, 3, -0.5
499 -> 459, -4, 0.75, 1, -0.5
500 -> 459, -2, 0.75, 1, -1.5
500 -> 459, -2, 0.75, 3, -1.5
500 -> 459, -5, 1.75, 3, -1
500 -> 459, -2, 0.75, 2, -1.5
503 -> 459, -2, 0.25, 4, -1.5
503 -> 459, -2, 0.25, 3, -1.5
504 -> 459, -5, 0.75, 4, -2
504 -> 459, -5, 0.75, 3, -2
506 -> 459, -2, 0.25, 2, -1.5
506 -> 459, -5, 0.25, 5, -1.5
506 -> 459, -2, 0.25, 1, -1.5
507 -> 459, -5, 1.75, 1, -0.5
510 -> 459, -5, 1.25, 1, -2
510 -> 459, -3, 0.75, 2, -0.5
510 -> 459, -1, 0.25, 1, -1.5
510 -> 459, -5, 1.25, 2, -2
516 -> 459, -3, 0.25, 4, -1.5
516 -> 459, -3, 0.25, 3, -1.5
516 -> 459, -3, 0.25, 2, -1.5
516 -> 459, -3, 0.25, 1, -1.5
516 -> 459, -3, 0.25, 5, -1.5
521 -> 459, -4, 1.25, 3, -1
521 -> 459, -4, 1.25, 5, -1
521 -> 459, -4, 1.25, 4, -1
522 -> 459, -5, 0.25, 1, -1
525 -> 459, -2, 0.25, 1, -1
528 -> 459, -5, 0.25, 5, -1
528 -> 459, -5, 0.25, 2, -1
528 -> 459, -5, 0.25, 4, -1
528 -> 459, -5, 0.25, 3, -1
531 -> 459, -4, 0.25, 5, -0.5
539 -> 459, -5, 1.25, 4, -1
539 -> 459, -5, 1.25, 5, -1
539 -> 459, -5, 1.25, 2, -1
539 -> 459, -5, 1.25, 3, -1
554 -> 459, -5, 0.25, 5, -0.5
557 -> 459, -4, 1.25, 1, -0.5
557 -> 459, -4, 1.25, 2, -0.5
569 -> 459, -4, 0.25, 3, -0.5
586 -> 459, -3, 1.75, 2, -0.5
586 -> 459, -3, 1.75, 5, -0.5
586 -> 459, -3, 1.75, 3, -0.5
586 -> 459, -3, 1.75, 4, -0.5
587 -> 459, -4, 1.75, 1, -0.5
595 -> 459, -5, 1.25, 1, -1
607 -> 459, -5, 0.75, 2, -1.5
607 -> 459, -5, 0.75, 1, -1.5
611 -> 459, -5, 1.25, 5, -1.5
611 -> 459, -5, 1.25, 4, -1.5
611 -> 459, -5, 1.25, 3, -1.5
611 -> 459, -5, 1.25, 2, -1.5
613 -> 459, -5, 1.25, 1, -1.5
674 -> 459, -4, 1.75, 3, -0.5
674 -> 459, -4, 1.75, 2, -0.5
674 -> 459, -4, 1.75, 4, -0.5
674 -> 459, -4, 1.75, 5, -0.5
