343 -> 253, -2, 1.25, 3, -0.5
346 -> 253, -1, 1.75, 1, -0.5
355 -> 253, -1, 1.25, 3, -1.5
370 -> 253, -3, 1.75, 4, -0.5
371 -> 253, -5, 0.25, 2, -2
372 -> 253, -1, 1.75, 3, -0.5
373 -> 253, -4, 1.75, 5, -2
373 -> 253, -4, 1.25, 2, -1
373 -> 253, -1, 1.25, 5, -1.5
374 -> 253, -1, 1.25, 4, -1.5
374 -> 253, -2, 1.25, 4, -0.5
374 -> 253, -2, 1.25, 5, -0.5
378 -> 253, -3, 1.75, 5, -0.5
378 -> 253, -5, 0.75, 2, -0.5
378 -> 253, -1, 1.25, 1, -0.5
378 -> 253, -2, 1.75, 1, -0.5
383 -> 253, -2, 1.25, 4, -1
384 -> 253, -5, 0.25, 1, -2
384 -> 253, -4, 0.75, 5, -0.5
385 -> 253, -1, 1.75, 2, -0.5
386 -> 253, -1, 1.25, 5, -0.5
388 -> 253, -1, 1.25, 4, -0.5
392 -> 253, -1, 1.75, 2, -1
392 -> 253, -5, 0.75, 2, -2
392 -> 253, -5, 0.75, 3, -2
392 -> 253, -5, 0.75, 4, -2
392 -> 253, -2, 0.25, 5, -2
392 -> 253, -5, 0.75, 5, -2
392 -> 253, -2, 0.25, 4, -2
393 -> 253, -2, 1.25, 3, -1
396 -> 253, -5, 0.75, 1, -2
397 -> 253, -1, 1.75, 5, -1
397 -> 253, -1, 1.75, 1, -1
397 -> 253, -1, 0.25, 2, -1
398 -> 253, -1, 1.75, 4, -2
398 -> 253, -1, 1.75, 3, -2
400 -> 253, -4, 0.75, 2, -0.5
400 -> 253, -2, 1.75, 5, -1
401 -> 253, -4, 1.75, 4, -0.5
403 -> 253, -5, 0.25, 5, -2
403 -> 253, -5, 0.25, 4, -2
405 -> 253, -1, 0.75, 2, -0.5
406 -> 253, -2, 1.75, 3, -0.5
406 -> 253, -2, 1.75, 2, -0.5
407 -> 253, -2, 1.25, 1, -1
407 -> 253, -1, 1.75, 1, -1.5
408 -> 253, -1, 1.75, 4, -1
408 -> 253, -2, 1.75, 4, -1
408 -> 253, -1, 1.75, 3, -1
409 -> 253, -2, 1.25, 3, -1.5
411 -> 253, -2, 1.25, 2, -0.5
412 -> 253, -2, 1.25, 5, -1.5
412 -> 253, -1, 0.75, 1, -0.5
412 -> 253, -2, 1.25, 4, -1.5
412 -> 253, -1, 1.25, 3, -1
412 -> 253, -1, 1.25, 2, -1
413 -> 253, -2, 0.75, 2, -0.5
413 -> 253, -4, 1.75, 1, -2
413 -> 253, -2, 0.75, 3, -0.5
413 -> 253, -1, 1.25, 1, -1.5
413 -> 253, -4, 1.75, 3, -1
413 -> 253, -1, 1.25, 2, -1.5
415 -> 253, -1, 1.25, 5, -1
415 -> 253, -1, 1.25, 2, -0.5
417 -> 253, -4, 1.75, 5, -0.5
417 -> 253, -1, 1.25, 4, -1
419 -> 253, -5, 0.25, 3, -2
420 -> 253, -5, 1.25, 3, -2
420 -> 253, -5, 1.25, 2, -2
420 -> 253, -5, 1.25, 1, -2
420 -> 253, -5, 1.75, 3, -2
420 -> 253, -5, 1.75, 4, -2
420 -> 253, -3, 1.25, 5, -2
420 -> 253, -4, 0.75, 4, -0.5
420 -> 253, -5, 1.75, 5, -2
420 -> 253, -4, 1.75, 2, -0.5
422 -> 253, -5, 1.75, 3, -1
422 -> 253, -5, 1.75, 2, -2
422 -> 253, -2, 1.25, 5, -2
422 -> 253, -4, 1.75, 4, -2
423 -> 253, -5, 0.25, 2, -0.5
424 -> 253, -4, 1.25, 3, -2
424 -> 253, -1, 1.25, 1, -1
424 -> 253, -4, 1.25, 4, -2
425 -> 253, -2, 1.75, 5, -0.5
425 -> 253, -2, 1.75, 4, -0.5
426 -> 253, -3, 1.25, 4, -1
427 -> 253, -1, 1.75, 4, -0.5
427 -> 253, -3, 1.75, 4, -2
427 -> 253, -1, 0.75, 3, -0.5
427 -> 253, -3, 1.75, 3, -2
429 -> 253, -3, 1.75, 5, -1
431 -> 253, -2, 1.75, 5, -1.5
431 -> 253, -5, 0.25, 4, -0.5
432 -> 253, -3, 1.75, 2, -2
432 -> 253, -2, 1.75, 2, -1.5
432 -> 253, -5, 0.75, 1, -0.5
433 -> 253, -5, 1.75, 1, -2
433 -> 253, -1, 0.75, 3, -1
433 -> 253, -3, 0.25, 2, -0.5
433 -> 253, -1, 0.75, 1, -1
433 -> 253, -1, 0.75, 2, -1
433 -> 253, -3, 0.25, 1, -0.5
434 -> 253, -1, 0.25, 5, -1
434 -> 253, -1, 1.25, 2, -2
434 -> 253, -1, 0.25, 4, -1
434 -> 253, -1, 1.75, 2, -1.5
434 -> 253, -4, 0.75, 3, -0.5
435 -> 253, -5, 0.75, 1, -1
436 -> 253, -4, 1.75, 3, -2
436 -> 253, -1, 0.75, 2, -1.5
436 -> 253, -4, 1.75, 2, -2
438 -> 253, -1, 0.75, 2, -2
438 -> 253, -1, 0.75, 3, -2
438 -> 253, -1, 0.75, 1, -2
438 -> 253, -3, 1.75, 5, -2
438 -> 253, -3, 1.25, 3, -1
439 -> 253, -2, 0.75, 5, -0.5
439 -> 253, -4, 0.75, 3, -1
439 -> 253, -4, 0.75, 2, -1
440 -> 253, -4, 1.75, 2, -1
440 -> 253, -2, 1.75, 2, -1
440 -> 253, -2, 1.75, 3, -1
440 -> 253, -4, 1.75, 1, -1
440 -> 253, -2, 1.25, 5, -1
440 -> 253, -1, 0.25, 1, -0.5
440 -> 253, -2, 0.25, 2, -2
440 -> 253, -2, 0.25, 3, -2
441 -> 253, -3, 1.25, 1, -2
441 -> 253, -4, 1.25, 1, -2
441 -> 253, -4, 1.25, 2, -2
442 -> 253, -2, 1.75, 4, -1.5
442 -> 253, -2, 0.75, 1, -1
442 -> 253, -2, 1.75, 3, -1.5
443 -> 253, -5, 0.75, 3, -0.5
444 -> 253, -1, 1.75, 5, -0.5
444 -> 253, -2, 1.75, 1, -1.5
445 -> 253, -2, 1.75, 3, -2
445 -> 253, -2, 1.75, 2, -2
445 -> 253, -2, 0.75, 5, -2
445 -> 253, -2, 1.25, 1, -0.5
445 -> 253, -2, 1.75, 4, -2
446 -> 253, -1, 0.75, 5, -1.5
446 -> 253, -1, 1.75, 2, -2
447 -> 253, -1, 0.25, 3, -1
448 -> 253, -4, 0.75, 4, -1.5
448 -> 253, -2, 1.25, 2, -1.5
448 -> 253, -4, 1.75, 5, -1
448 -> 253, -4, 1.75, 4, -1
448 -> 253, -2, 1.25, 1, -1.5
448 -> 253, -4, 0.75, 5, -1.5
450 -> 253, -4, 0.75, 2, -2
450 -> 253, -4, 0.75, 3, -2
450 -> 253, -3, 1.75, 1, -2
450 -> 253, -4, 0.75, 5, -2
450 -> 253, -4, 0.75, 4, -2
450 -> 253, -4, 1.75, 5, -1.5
450 -> 253, -1, 1.25, 3, -0.5
450 -> 253, -4, 0.75, 4, -1
450 -> 253, -4, 0.75, 1, -2
450 -> 253, -2, 1.75, 1, -2
450 -> 253, -5, 1.75, 4, -1
451 -> 253, -3, 1.75, 3, -1.5
451 -> 253, -3, 0.75, 1, -2
451 -> 253, -3, 1.75, 4, -1.5
451 -> 253, -5, 0.75, 4, -1.5
451 -> 253, -1, 0.75, 4, -2
451 -> 253, -1, 0.75, 5, -2
451 -> 253, -5, 0.75, 5, -1.5
452 -> 253, -3, 0.25, 3, -1.5
452 -> 253, -3, 0.25, 2, -1.5
452 -> 253, -3, 0.25, 4, -1.5
453 -> 253, -1, 1.75, 3, -1.5
453 -> 253, -1, 1.75, 4, -1.5
453 -> 253, -1, 1.75, 5, -1.5
454 -> 253, -1, 0.25, 1, -2
455 -> 253, -5, 0.75, 1, -1.5
455 -> 253, -5, 0.75, 2, -1.5
455 -> 253, -5, 0.75, 3, -1.5
456 -> 253, -4, 1.25, 4, -1
456 -> 253, -4, 1.25, 3, -1
457 -> 253, -1, 0.75, 1, -1.5
457 -> 253, -1, 0.25, 4, -2
457 -> 253, -1, 0.25, 1, -1
457 -> 253, -1, 0.25, 5, -2
458 -> 253, -5, 1.75, 2, -1
458 -> 253, -5, 0.25, 1, -1
459 -> 253, -3, 1.75, 2, -1.5
459 -> 253, -3, 1.75, 1, -1.5
460 -> 253, -2, 1.75, 5, -2
460 -> 253, -3, 0.75, 1, -0.5
461 -> 253, -2, 0.75, 4, -1
461 -> 253, -5, 1.25, 4, -2
461 -> 253, -4, 1.75, 1, -0.5
461 -> 253, -2, 0.75, 5, -1
461 -> 253, -5, 1.25, 5, -2
461 -> 253, -3, 1.25, 1, -0.5
461 -> 253, -4, 1.75, 4, -1.5
462 -> 253, -1, 0.25, 4, -0.5
462 -> 253, -5, 0.25, 3, -1
462 -> 253, -5, 0.25, 4, -1
463 -> 253, -1, 0.75, 5, -0.5
463 -> 253, -1, 0.75, 4, -1
463 -> 253, -1, 0.75, 5, -1
463 -> 253, -1, 0.75, 4, -0.5
463 -> 253, -5, 0.25, 2, -1
463 -> 253, -4, 1.25, 1, -1.5
464 -> 253, -3, 0.25, 1, -1
464 -> 253, -2, 0.25, 1, -0.5
464 -> 253, -2, 0.25, 1, -2
465 -> 253, -2, 0.75, 4, -1.5
465 -> 253, -2, 0.75, 5, -1.5
465 -> 253, -3, 1.25, 2, -1
465 -> 253, -2, 0.75, 3, -1.5
467 -> 253, -3, 0.25, 1, -2
467 -> 253, -3, 0.25, 2, -2
467 -> 253, -4, 1.25, 5, -2
467 -> 253, -3, 0.25, 4, -2
467 -> 253, -3, 0.25, 3, -2
467 -> 253, -3, 0.25, 5, -2
467 -> 253, -1, 1.75, 1, -2
468 -> 253, -2, 1.25, 2, -1
468 -> 253, -5, 0.75, 5, -1
468 -> 253, -5, 0.75, 3, -1
468 -> 253, -2, 1.25, 4, -2
468 -> 253, -5, 0.75, 4, -1
469 -> 253, -3, 0.25, 5, -0.5
470 -> 253, -4, 1.25, 2, -1.5
470 -> 253, -3, 1.25, 4, -2
470 -> 253, -5, 1.75, 5, -1
470 -> 253, -3, 1.25, 3, -2
470 -> 253, -4, 1.25, 5, -1.5
470 -> 253, -4, 1.25, 3, -1.5
470 -> 253, -4, 1.25, 4, -1.5
470 -> 253, -2, 0.75, 2, -1.5
471 -> 253, -2, 1.75, 1, -1
471 -> 253, -1, 1.25, 1, -2
472 -> 253, -2, 0.25, 5, -1
472 -> 253, -2, 0.75, 1, -2
472 -> 253, -2, 0.25, 4, -1
472 -> 253, -3, 0.25, 5, -1.5
472 -> 253, -2, 0.75, 2, -2
473 -> 253, -1, 1.25, 5, -2
473 -> 253, -2, 0.75, 2, -1
473 -> 253, -1, 1.25, 4, -2
473 -> 253, -1, 1.25, 3, -2
474 -> 253, -2, 1.25, 1, -2
475 -> 253, -2, 0.75, 4, -0.5
475 -> 253, -5, 0.75, 2, -1
475 -> 253, -1, 0.25, 2, -0.5
477 -> 253, -5, 0.25, 5, -1
477 -> 253, -1, 0.25, 5, -0.5
477 -> 253, -2, 1.25, 3, -2
478 -> 253, -2, 1.25, 2, -2
479 -> 253, -4, 1.75, 3, -1.5
479 -> 253, -4, 0.75, 3, -1.5
479 -> 253, -4, 0.75, 2, -1.5
479 -> 253, -4, 1.75, 2, -1.5
479 -> 253, -4, 0.25, 5, -2
479 -> 253, -4, 0.75, 1, -1.5
479 -> 253, -3, 1.25, 5, -1
479 -> 253, -4, 0.25, 4, -2
480 -> 253, -2, 0.75, 1, -0.5
480 -> 253, -4, 0.25, 1, -2
480 -> 253, -4, 0.25, 2, -2
480 -> 253, -2, 0.25, 1, -1
481 -> 253, -1, 0.25, 2, -2
481 -> 253, -3, 1.75, 5, -1.5
481 -> 253, -1, 0.25, 3, -2
482 -> 253, -3, 1.25, 2, -2
482 -> 253, -2, 0.25, 5, -1.5
482 -> 253, -2, 0.25, 5, -0.5
482 -> 253, -2, 0.25, 4, -0.5
483 -> 253, -2, 0.25, 4, -1.5
483 -> 253, -2, 0.25, 3, -1.5
483 -> 253, -2, 0.25, 2, -0.5
484 -> 253, -4, 0.25, 2, -1.5
484 -> 253, -4, 0.25, 3, -1.5
484 -> 253, -2, 0.75, 1, -1.5
484 -> 253, -4, 0.25, 1, -1.5
485 -> 253, -4, 0.25, 4, -1
485 -> 253, -4, 0.25, 4, -1.5
486 -> 253, -1, 0.75, 4, -1.5
486 -> 253, -1, 0.75, 3, -1.5
488 -> 253, -3, 0.75, 3, -2
488 -> 253, -3, 0.75, 4, -2
488 -> 253, -3, 0.75, 5, -2
488 -> 253, -1, 1.75, 5, -2
488 -> 253, -3, 0.75, 2, -2
490 -> 253, -1, 0.25, 4, -1.5
490 -> 253, -3, 0.75, 1, -1
490 -> 253, -1, 0.25, 5, -1.5
491 -> 253, -4, 0.75, 5, -1
491 -> 253, -4, 0.25, 5, -1.5
492 -> 253, -3, 1.25, 1, -1
492 -> 253, -3, 0.75, 5, -1.5
492 -> 253, -3, 0.75, 3, -1.5
492 -> 253, -3, 0.75, 4, -1.5
492 -> 253, -3, 0.75, 2, -1.5
493 -> 253, -2, 0.75, 4, -2
493 -> 253, -5, 0.25, 3, -0.5
494 -> 253, -1, 0.25, 2, -1.5
494 -> 253, -1, 0.25, 3, -1.5
494 -> 253, -1, 0.25, 1, -1.5
495 -> 253, -3, 0.75, 1, -1.5
495 -> 253, -3, 1.25, 5, -0.5
495 -> 253, -3, 1.25, 3, -0.5
495 -> 253, -3, 0.25, 4, -0.5
495 -> 253, -3, 0.25, 3, -0.5
495 -> 253, -3, 1.25, 4, -0.5
496 -> 253, -4, 0.25, 1, -0.5
496 -> 253, -4, 0.25, 2, -0.5
496 -> 253, -4, 0.25, 4, -0.5
496 -> 253, -4, 0.25, 5, -0.5
496 -> 253, -4, 0.25, 3, -0.5
496 -> 253, -2, 0.75, 3, -2
497 -> 253, -3, 0.25, 2, -1
498 -> 253, -4, 1.75, 1, -1.5
498 -> 253, -3, 1.25, 2, -0.5
499 -> 253, -2, 0.75, 3, -1
499 -> 253, -2, 0.25, 3, -1
499 -> 253, -2, 0.25, 2, -1
500 -> 253, -3, 1.75, 2, -0.5
500 -> 253, -3, 1.75, 1, -0.5
500 -> 253, -3, 1.75, 3, -0.5
500 -> 253, -4, 0.75, 1, -1
502 -> 253, -2, 0.25, 3, -0.5
502 -> 253, -5, 1.75, 1, -1
504 -> 253, -4, 1.25, 5, -1
505 -> 253, -3, 1.75, 2, -1
505 -> 253, -3, 1.75, 3, -1
506 -> 253, -3, 1.75, 4, -1
507 -> 253, -5, 0.25, 5, -0.5
509 -> 253, -4, 0.25, 3, -2
515 -> 253, -3, 0.75, 5, -1
515 -> 253, -3, 0.75, 4, -1
515 -> 253, -3, 0.75, 2, -1
515 -> 253, -3, 0.75, 3, -1
531 -> 253, -4, 0.25, 5, -1
535 -> 253, -3, 0.25, 1, -1.5
536 -> 253, -5, 1.75, 1, -1.5
536 -> 253, -5, 1.75, 2, -1.5
536 -> 253, -5, 1.75, 5, -1.5
536 -> 253, -5, 1.75, 3, -1.5
536 -> 253, -5, 1.75, 4, -1.5
537 -> 253, -3, 0.25, 5, -1
537 -> 253, -3, 0.25, 4, -1
537 -> 253, -3, 0.25, 3, -1
543 -> 253, -3, 1.25, 5, -1.5
543 -> 253, -3, 1.25, 1, -1.5
543 -> 253, -3, 1.25, 4, -1.5
543 -> 253, -3, 1.25, 3, -1.5
543 -> 253, -3, 1.25, 2, -1.5
546 -> 253, -5, 1.25, 1, -1.5
546 -> 253, -5, 1.25, 3, -1.5
546 -> 253, -5, 1.25, 4, -1.5
546 -> 253, -5, 1.25, 2, -1.5
546 -> 253, -5, 1.25, 5, -1.5
547 -> 253, -4, 1.75, 3, -0.5
548 -> 253, -2, 0.25, 2, -1.5
548 -> 253, -2, 0.25, 1, -1.5
553 -> 253, -5, 0.25, 5, -1.5
553 -> 253, -5, 0.25, 1, -1.5
553 -> 253, -5, 0.25, 2, -1.5
553 -> 253, -5, 0.25, 3, -1.5
553 -> 253, -5, 0.25, 4, -1.5
556 -> 253, -3, 0.75, 5, -0.5
556 -> 253, -4, 0.75, 1, -0.5
556 -> 253, -3, 0.75, 4, -0.5
557 -> 253, -3, 0.75, 3, -0.5
557 -> 253, -3, 0.75, 2, -0.5
559 -> 253, -1, 0.25, 3, -0.5
585 -> 253, -3, 1.75, 1, -1
603 -> 253, -4, 1.25, 1, -1
609 -> 253, -5, 0.25, 1, -0.5
618 -> 253, -4, 0.25, 3, -1
618 -> 253, -4, 0.25, 2, -1
618 -> 253, -4, 0.25, 1, -1
631 -> 253, -5, 1.25, 5, -1
631 -> 253, -5, 1.25, 3, -1
631 -> 253, -5, 1.25, 4, -1
631 -> 253, -5, 1.25, 2, -1
631 -> 253, -5, 1.25, 1, -1
651 -> 253, -5, 0.75, 5, -0.5
651 -> 253, -5, 0.75, 4, -0.5
672 -> 253, -4, 1.25, 1, -0.5
672 -> 253, -4, 1.25, 2, -0.5
672 -> 253, -4, 1.25, 3, -0.5
672 -> 253, -4, 1.25, 4, -0.5
672 -> 253, -4, 1.25, 5, -0.5
687 -> 253, -5, 1.75, 4, -0.5
687 -> 253, -5, 1.75, 5, -0.5
687 -> 253, -5, 1.75, 3, -0.5
752 -> 253, -5, 1.75, 2, -0.5
752 -> 253, -5, 1.75, 1, -0.5
863 -> 253, -5, 1.25, 1, -0.5
863 -> 253, -5, 1.25, 3, -0.5
863 -> 253, -5, 1.25, 2, -0.5
863 -> 253, -5, 1.25, 5, -0.5
863 -> 253, -5, 1.25, 4, -0.5
