328 -> 131, -5, 1.75, 4, -1.5
339 -> 131, -5, 1.75, 1, -2
341 -> 131, -2, 0.75, 3, -0.5
348 -> 131, -4, 0.75, 3, -2
351 -> 131, -5, 1.75, 5, -1.5
358 -> 131, -5, 1.25, 3, -1.5
361 -> 131, -5, 0.75, 1, -1.5
364 -> 131, -4, 1.75, 1, -2
364 -> 131, -1, 0.75, 4, -0.5
367 -> 131, -4, 1.75, 3, -2
367 -> 131, -4, 1.75, 2, -2
367 -> 131, -4, 1.75, 4, -2
369 -> 131, -5, 1.25, 2, -2
371 -> 131, -1, 0.25, 4, -0.5
371 -> 131, -1, 0.25, 5, -0.5
371 -> 131, -5, 1.75, 4, -2
371 -> 131, -3, 0.75, 1, -1
372 -> 131, -3, 1.75, 5, -2
374 -> 131, -4, 0.25, 3, -1
374 -> 131, -4, 0.25, 4, -1
374 -> 131, -4, 0.75, 3, -1
375 -> 131, -4, 0.75, 3, -0.5
377 -> 131, -3, 1.75, 5, -1
380 -> 131, -1, 1.75, 2, -0.5
380 -> 131, -5, 0.75, 5, -2
380 -> 131, -5, 0.75, 4, -2
381 -> 131, -1, 1.75, 1, -0.5
381 -> 131, -5, 0.75, 5, -1
381 -> 131, -3, 1.75, 4, -1
382 -> 131, -5, 1.25, 1, -2
382 -> 131, -2, 0.75, 2, -2
382 -> 131, -3, 1.25, 4, -1.5
382 -> 131, -2, 0.75, 3, -2
382 -> 131, -2, 1.25, 1, -1
385 -> 131, -2, 0.75, 5, -0.5
387 -> 131, -4, 0.25, 5, -1
387 -> 131, -5, 0.25, 3, -2
387 -> 131, -3, 1.75, 5, -0.5
387 -> 131, -5, 0.25, 4, -2
388 -> 131, -4, 1.25, 2, -2
388 -> 131, -2, 1.75, 5, -1
388 -> 131, -4, 1.75, 2, -1.5
388 -> 131, -4, 1.75, 1, -1.5
388 -> 131, -4, 1.25, 3, -1.5
390 -> 131, -5, 1.75, 2, -2
390 -> 131, -4, 0.75, 1, -1
392 -> 131, -3, 1.25, 5, -1.5
392 -> 131, -2, 1.25, 5, -1
392 -> 131, -3, 1.75, 5, -1.5
393 -> 131, -4, 0.75, 5, -2
393 -> 131, -3, 0.75, 1, -2
393 -> 131, -1, 1.75, 5, -0.5
393 -> 131, -5, 0.75, 4, -1
393 -> 131, -5, 0.75, 3, -1
394 -> 131, -1, 1.75, 2, -1
395 -> 131, -4, 1.25, 1, -1.5
395 -> 131, -3, 1.75, 2, -1
395 -> 131, -5, 0.75, 5, -1.5
395 -> 131, -5, 0.75, 4, -1.5
395 -> 131, -5, 0.75, 2, -1.5
395 -> 131, -1, 1.25, 4, -0.5
395 -> 131, -5, 0.75, 3, -1.5
396 -> 131, -1, 1.25, 3, -0.5
396 -> 131, -3, 1.25, 3, -2
396 -> 131, -3, 1.75, 3, -1.5
396 -> 131, -3, 1.25, 1, -2
396 -> 131, -3, 1.75, 4, -1.5
396 -> 131, -3, 1.25, 2, -2
397 -> 131, -1, 0.75, 1, -1
397 -> 131, -3, 0.25, 5, -2
397 -> 131, -1, 1.25, 2, -0.5
398 -> 131, -4, 1.25, 1, -2
398 -> 131, -1, 1.75, 1, -1
399 -> 131, -1, 1.75, 1, -2
399 -> 131, -2, 1.75, 4, -2
399 -> 131, -2, 1.75, 5, -2
399 -> 131, -1, 1.75, 2, -2
400 -> 131, -4, 1.75, 4, -1
400 -> 131, -1, 1.25, 1, -1
400 -> 131, -5, 1.25, 5, -2
401 -> 131, -3, 1.25, 3, -0.5
401 -> 131, -2, 1.25, 4, -2
401 -> 131, -2, 1.25, 5, -2
401 -> 131, -3, 1.75, 3, -1
402 -> 131, -5, 0.75, 3, -2
402 -> 131, -5, 0.75, 2, -2
402 -> 131, -5, 1.75, 3, -1
402 -> 131, -5, 0.75, 1, -2
402 -> 131, -1, 0.75, 2, -1.5
403 -> 131, -2, 0.75, 5, -2
403 -> 131, -1, 1.75, 4, -0.5
403 -> 131, -2, 1.75, 1, -0.5
403 -> 131, -2, 0.75, 4, -2
405 -> 131, -2, 0.75, 1, -0.5
406 -> 131, -2, 1.75, 1, -1.5
406 -> 131, -3, 1.25, 4, -1
407 -> 131, -2, 1.25, 3, -0.5
407 -> 131, -1, 1.75, 3, -2
407 -> 131, -5, 1.75, 1, -1.5
407 -> 131, -2, 1.25, 4, -0.5
407 -> 131, -5, 1.25, 4, -1
407 -> 131, -5, 1.25, 3, -1
408 -> 131, -3, 0.25, 3, -2
408 -> 131, -4, 1.25, 2, -1.5
408 -> 131, -1, 0.75, 3, -0.5
408 -> 131, -5, 1.75, 3, -1.5
408 -> 131, -3, 0.25, 2, -2
408 -> 131, -4, 1.75, 5, -1
409 -> 131, -3, 0.25, 3, -1
409 -> 131, -4, 0.25, 5, -2
409 -> 131, -4, 0.25, 4, -2
409 -> 131, -3, 0.25, 5, -1
409 -> 131, -1, 1.75, 5, -1.5
409 -> 131, -3, 0.25, 4, -1
409 -> 131, -1, 0.25, 3, -0.5
410 -> 131, -4, 1.75, 5, -2
411 -> 131, -5, 0.25, 2, -2
411 -> 131, -5, 0.25, 1, -2
411 -> 131, -3, 1.25, 5, -0.5
411 -> 131, -5, 1.75, 3, -2
412 -> 131, -3, 1.75, 1, -1
412 -> 131, -3, 1.25, 4, -0.5
413 -> 131, -3, 1.25, 2, -1
413 -> 131, -2, 1.75, 3, -2
413 -> 131, -4, 0.75, 1, -1.5
414 -> 131, -2, 1.75, 1, -2
414 -> 131, -1, 1.75, 3, -1.5
414 -> 131, -5, 1.25, 4, -2
414 -> 131, -1, 1.75, 2, -1.5
414 -> 131, -4, 0.75, 1, -2
414 -> 131, -1, 1.75, 1, -1.5
415 -> 131, -2, 1.75, 2, -1
415 -> 131, -4, 0.75, 4, -0.5
415 -> 131, -4, 0.75, 5, -0.5
416 -> 131, -3, 0.25, 4, -2
417 -> 131, -2, 1.75, 2, -2
417 -> 131, -5, 0.75, 1, -1
417 -> 131, -2, 1.75, 3, -1.5
417 -> 131, -5, 0.75, 2, -1
417 -> 131, -2, 1.75, 4, -1.5
418 -> 131, -5, 1.75, 5, -1
418 -> 131, -5, 1.75, 4, -1
418 -> 131, -3, 1.75, 2, -1.5
418 -> 131, -1, 1.25, 5, -1.5
419 -> 131, -4, 0.75, 5, -1.5
420 -> 131, -3, 0.25, 1, -1.5
421 -> 131, -3, 1.25, 4, -2
421 -> 131, -1, 1.75, 4, -1.5
421 -> 131, -3, 1.25, 5, -2
422 -> 131, -3, 0.75, 1, -1.5
422 -> 131, -3, 0.75, 2, -1.5
422 -> 131, -4, 0.75, 3, -1.5
422 -> 131, -4, 0.75, 4, -1.5
423 -> 131, -5, 1.25, 3, -2
423 -> 131, -4, 0.75, 2, -1.5
423 -> 131, -5, 0.25, 5, -2
423 -> 131, -2, 0.75, 2, -0.5
424 -> 131, -5, 1.25, 2, -1.5
424 -> 131, -5, 1.25, 1, -1.5
424 -> 131, -4, 0.75, 4, -2
424 -> 131, -3, 1.75, 1, -1.5
424 -> 131, -5, 0.25, 5, -1
426 -> 131, -3, 0.25, 4, -0.5
426 -> 131, -3, 0.75, 3, -0.5
426 -> 131, -3, 1.25, 1, -1
426 -> 131, -1, 0.75, 2, -1
427 -> 131, -3, 0.25, 2, -1
427 -> 131, -2, 1.25, 3, -1
427 -> 131, -2, 0.25, 3, -0.5
428 -> 131, -5, 1.75, 2, -1.5
428 -> 131, -3, 0.25, 1, -1
428 -> 131, -2, 1.25, 3, -1.5
428 -> 131, -1, 1.25, 2, -1.5
429 -> 131, -3, 0.75, 4, -2
429 -> 131, -1, 1.25, 2, -1
429 -> 131, -3, 0.75, 3, -2
429 -> 131, -3, 0.75, 2, -2
429 -> 131, -3, 0.25, 1, -2
429 -> 131, -3, 0.75, 5, -2
430 -> 131, -4, 0.75, 2, -2
430 -> 131, -3, 1.75, 1, -0.5
430 -> 131, -2, 1.25, 4, -1.5
431 -> 131, -2, 0.75, 1, -2
431 -> 131, -3, 0.25, 2, -1.5
431 -> 131, -1, 0.75, 4, -2
431 -> 131, -1, 0.75, 5, -2
431 -> 131, -3, 0.25, 3, -1.5
431 -> 131, -1, 1.25, 3, -1.5
431 -> 131, -2, 0.25, 4, -0.5
434 -> 131, -5, 0.25, 2, -1
434 -> 131, -2, 1.25, 5, -1.5
434 -> 131, -2, 0.25, 5, -0.5
434 -> 131, -4, 0.75, 2, -1
435 -> 131, -4, 1.25, 4, -1.5
436 -> 131, -1, 1.25, 4, -1.5
436 -> 131, -2, 1.25, 2, -1.5
436 -> 131, -1, 1.75, 5, -2
436 -> 131, -1, 1.25, 1, -0.5
436 -> 131, -2, 1.75, 2, -1.5
438 -> 131, -4, 0.75, 4, -1
438 -> 131, -4, 0.75, 5, -1
438 -> 131, -1, 0.25, 1, -0.5
438 -> 131, -2, 1.25, 2, -2
438 -> 131, -2, 1.25, 1, -2
438 -> 131, -2, 0.25, 2, -0.5
438 -> 131, -2, 0.25, 1, -0.5
438 -> 131, -2, 1.25, 4, -1
439 -> 131, -3, 0.25, 5, -1.5
439 -> 131, -2, 1.25, 1, -1.5
439 -> 131, -1, 0.75, 1, -2
439 -> 131, -1, 0.75, 2, -2
439 -> 131, -1, 0.75, 5, -1.5
439 -> 131, -1, 1.25, 1, -1.5
439 -> 131, -3, 0.25, 4, -1.5
441 -> 131, -2, 0.75, 1, -1
441 -> 131, -5, 1.75, 5, -2
441 -> 131, -2, 1.75, 1, -1
441 -> 131, -1, 1.25, 1, -2
441 -> 131, -1, 1.25, 5, -0.5
442 -> 131, -3, 0.25, 2, -0.5
442 -> 131, -3, 0.75, 2, -0.5
442 -> 131, -1, 1.25, 5, -2
443 -> 131, -1, 1.75, 4, -2
443 -> 131, -1, 1.25, 4, -1
443 -> 131, -1, 1.25, 3, -1
443 -> 131, -2, 0.25, 5, -2
444 -> 131, -1, 1.75, 3, -0.5
445 -> 131, -3, 0.75, 5, -1.5
445 -> 131, -1, 0.75, 1, -1.5
445 -> 131, -3, 0.75, 4, -1.5
445 -> 131, -3, 0.75, 3, -1.5
448 -> 131, -5, 0.25, 4, -1.5
448 -> 131, -5, 0.25, 1, -1.5
448 -> 131, -5, 0.25, 2, -1.5
448 -> 131, -5, 1.75, 2, -1
448 -> 131, -5, 0.25, 3, -1.5
448 -> 131, -4, 1.25, 5, -1.5
448 -> 131, -5, 0.25, 5, -1.5
448 -> 131, -3, 1.25, 1, -1.5
448 -> 131, -3, 1.25, 2, -1.5
448 -> 131, -2, 1.75, 4, -1
448 -> 131, -3, 1.25, 3, -1.5
448 -> 131, -2, 1.75, 3, -1
449 -> 131, -1, 0.75, 3, -1.5
449 -> 131, -1, 1.25, 2, -2
449 -> 131, -3, 1.25, 5, -1
450 -> 131, -5, 1.75, 1, -1
450 -> 131, -1, 1.25, 3, -2
450 -> 131, -1, 1.25, 4, -2
450 -> 131, -5, 1.25, 2, -1
450 -> 131, -5, 1.25, 1, -1
450 -> 131, -3, 0.75, 2, -1
451 -> 131, -2, 1.75, 5, -1.5
451 -> 131, -1, 0.25, 2, -0.5
451 -> 131, -1, 1.25, 5, -1
452 -> 131, -3, 1.75, 1, -2
453 -> 131, -2, 1.25, 2, -1
454 -> 131, -5, 1.25, 4, -1.5
454 -> 131, -5, 1.25, 5, -1.5
455 -> 131, -2, 0.75, 1, -1.5
455 -> 131, -1, 0.75, 4, -1
455 -> 131, -1, 0.75, 3, -1
455 -> 131, -1, 0.75, 5, -1
456 -> 131, -1, 0.75, 3, -2
457 -> 131, -3, 1.75, 4, -2
457 -> 131, -2, 0.75, 2, -1.5
457 -> 131, -3, 1.75, 3, -2
457 -> 131, -3, 1.75, 2, -2
457 -> 131, -2, 0.75, 3, -1.5
458 -> 131, -5, 0.25, 4, -1
458 -> 131, -3, 1.75, 4, -0.5
458 -> 131, -5, 0.25, 3, -1
459 -> 131, -2, 0.25, 1, -2
459 -> 131, -2, 0.25, 4, -2
459 -> 131, -2, 0.25, 2, -2
459 -> 131, -2, 0.25, 3, -2
460 -> 131, -1, 0.75, 4, -1.5
460 -> 131, -1, 0.25, 3, -2
461 -> 131, -3, 1.25, 3, -1
461 -> 131, -1, 0.25, 1, -2
461 -> 131, -1, 0.25, 2, -2
463 -> 131, -5, 0.75, 5, -0.5
463 -> 131, -1, 0.75, 2, -0.5
463 -> 131, -2, 0.75, 5, -1.5
463 -> 131, -1, 0.75, 5, -0.5
463 -> 131, -1, 0.75, 1, -0.5
464 -> 131, -2, 0.75, 4, -1.5
464 -> 131, -4, 1.25, 5, -2
464 -> 131, -4, 1.25, 4, -2
464 -> 131, -4, 1.25, 3, -2
465 -> 131, -2, 1.25, 3, -2
467 -> 131, -4, 1.25, 5, -1
467 -> 131, -4, 0.25, 1, -2
467 -> 131, -4, 0.25, 2, -2
467 -> 131, -4, 0.25, 3, -2
468 -> 131, -1, 0.25, 5, -2
468 -> 131, -1, 0.25, 4, -2
468 -> 131, -3, 0.75, 4, -1
468 -> 131, -3, 0.75, 3, -1
468 -> 131, -3, 0.75, 5, -1
471 -> 131, -4, 0.25, 1, -1.5
471 -> 131, -4, 0.25, 2, -1.5
471 -> 131, -4, 0.25, 3, -1.5
473 -> 131, -3, 1.25, 1, -0.5
475 -> 131, -5, 1.25, 5, -1
477 -> 131, -5, 0.75, 4, -0.5
480 -> 131, -4, 1.75, 4, -1.5
480 -> 131, -4, 1.75, 5, -1.5
480 -> 131, -2, 1.25, 5, -0.5
480 -> 131, -4, 1.75, 3, -1.5
480 -> 131, -1, 1.75, 5, -1
481 -> 131, -3, 1.25, 2, -0.5
483 -> 131, -2, 0.25, 1, -1.5
484 -> 131, -1, 0.25, 3, -1.5
485 -> 131, -2, 0.25, 5, -1
485 -> 131, -2, 0.25, 3, -1
485 -> 131, -2, 0.25, 4, -1
485 -> 131, -2, 0.25, 4, -1.5
485 -> 131, -2, 0.25, 2, -1.5
485 -> 131, -2, 0.25, 5, -1.5
485 -> 131, -3, 0.25, 5, -0.5
485 -> 131, -2, 0.25, 3, -1.5
487 -> 131, -1, 0.25, 1, -1.5
487 -> 131, -1, 0.25, 2, -1.5
489 -> 131, -1, 0.25, 4, -1.5
489 -> 131, -1, 0.25, 5, -1.5
489 -> 131, -3, 0.25, 1, -0.5
490 -> 131, -2, 0.25, 1, -1
490 -> 131, -2, 0.25, 2, -1
493 -> 131, -3, 0.75, 4, -0.5
495 -> 131, -4, 1.25, 2, -1
495 -> 131, -4, 1.25, 1, -1
495 -> 131, -4, 1.25, 3, -1
495 -> 131, -1, 1.75, 3, -1
495 -> 131, -4, 1.25, 4, -1
495 -> 131, -1, 1.75, 4, -1
496 -> 131, -1, 0.25, 4, -1
496 -> 131, -1, 0.25, 2, -1
496 -> 131, -1, 0.25, 3, -1
496 -> 131, -1, 0.25, 1, -1
496 -> 131, -1, 0.25, 5, -1
497 -> 131, -4, 0.25, 2, -1
500 -> 131, -4, 0.25, 1, -1
504 -> 131, -3, 0.25, 3, -0.5
504 -> 131, -3, 1.75, 2, -0.5
507 -> 131, -5, 1.75, 2, -0.5
509 -> 131, -2, 1.25, 2, -0.5
509 -> 131, -2, 1.25, 1, -0.5
516 -> 131, -5, 0.75, 2, -0.5
519 -> 131, -2, 1.75, 5, -0.5
519 -> 131, -2, 1.75, 4, -0.5
520 -> 131, -5, 1.75, 3, -0.5
525 -> 131, -4, 1.75, 3, -0.5
525 -> 131, -4, 1.75, 2, -0.5
525 -> 131, -4, 1.75, 4, -0.5
525 -> 131, -4, 1.75, 5, -0.5
529 -> 131, -4, 1.75, 1, -0.5
529 -> 131, -4, 0.25, 5, -1.5
529 -> 131, -4, 0.25, 4, -1.5
533 -> 131, -5, 0.25, 1, -1
536 -> 131, -2, 0.75, 4, -0.5
537 -> 131, -4, 0.25, 5, -0.5
539 -> 131, -4, 0.25, 3, -0.5
539 -> 131, -4, 0.25, 4, -0.5
547 -> 131, -2, 0.75, 4, -1
547 -> 131, -2, 0.75, 5, -1
547 -> 131, -2, 0.75, 3, -1
547 -> 131, -2, 0.75, 2, -1
549 -> 131, -5, 0.25, 3, -0.5
549 -> 131, -5, 0.25, 4, -0.5
549 -> 131, -5, 0.25, 5, -0.5
550 -> 131, -5, 0.25, 2, -0.5
550 -> 131, -5, 0.25, 1, -0.5
554 -> 131, -2, 1.75, 2, -0.5
554 -> 131, -2, 1.75, 3, -0.5
561 -> 131, -5, 0.75, 3, -0.5
565 -> 131, -3, 0.75, 5, -0.5
566 -> 131, -4, 0.75, 1, -0.5
568 -> 131, -4, 1.75, 3, -1
568 -> 131, -4, 1.75, 2, -1
568 -> 131, -4, 1.75, 1, -1
577 -> 131, -4, 1.25, 3, -0.5
577 -> 131, -4, 1.25, 2, -0.5
577 -> 131, -4, 1.25, 4, -0.5
577 -> 131, -4, 1.25, 5, -0.5
577 -> 131, -4, 1.25, 1, -0.5
588 -> 131, -4, 0.75, 2, -0.5
593 -> 131, -3, 1.75, 3, -0.5
596 -> 131, -5, 0.75, 1, -0.5
602 -> 131, -5, 1.75, 5, -0.5
602 -> 131, -3, 0.75, 1, -0.5
602 -> 131, -5, 1.75, 4, -0.5
615 -> 131, -5, 1.75, 1, -0.5
729 -> 131, -4, 0.25, 2, -0.5
729 -> 131, -4, 0.25, 1, -0.5
764 -> 131, -5, 1.25, 1, -0.5
764 -> 131, -5, 1.25, 4, -0.5
764 -> 131, -5, 1.25, 5, -0.5
764 -> 131, -5, 1.25, 2, -0.5
764 -> 131, -5, 1.25, 3, -0.5
