347 -> 293, -3, 1.25, 5, -0.5
347 -> 293, -3, 1.75, 5, -0.5
349 -> 293, -5, 1.75, 4, -0.5
358 -> 293, -4, 1.25, 1, -0.5
358 -> 293, -3, 0.75, 4, -0.5
359 -> 293, -4, 1.25, 4, -1
365 -> 293, -3, 1.75, 4, -0.5
369 -> 293, -3, 1.25, 4, -0.5
370 -> 293, -4, 1.75, 3, -0.5
373 -> 293, -3, 0.75, 3, -0.5
376 -> 293, -5, 1.75, 2, -0.5
377 -> 293, -1, 1.75, 3, -0.5
377 -> 293, -4, 0.25, 5, -0.5
378 -> 293, -4, 1.25, 4, -0.5
378 -> 293, -4, 1.25, 5, -0.5
380 -> 293, -1, 1.75, 2, -0.5
381 -> 293, -1, 0.75, 3, -1.5
382 -> 293, -5, 0.75, 1, -2
383 -> 293, -1, 1.75, 5, -0.5
384 -> 293, -2, 0.75, 3, -2
387 -> 293, -3, 0.75, 1, -0.5
389 -> 293, -5, 1.75, 5, -0.5
389 -> 293, -3, 0.75, 2, -0.5
389 -> 293, -3, 1.25, 3, -0.5
390 -> 293, -1, 1.25, 5, -2
391 -> 293, -2, 1.25, 5, -0.5
391 -> 293, -3, 1.25, 2, -0.5
391 -> 293, -1, 0.75, 3, -1
392 -> 293, -2, 1.75, 2, -0.5
392 -> 293, -5, 1.25, 3, -0.5
392 -> 293, -1, 1.25, 3, -0.5
394 -> 293, -4, 1.25, 2, -1
394 -> 293, -2, 0.75, 4, -2
395 -> 293, -3, 1.25, 3, -1.5
397 -> 293, -2, 1.75, 1, -0.5
397 -> 293, -5, 0.75, 2, -2
398 -> 293, -1, 0.75, 4, -1
398 -> 293, -4, 1.75, 4, -2
398 -> 293, -1, 0.75, 3, -0.5
399 -> 293, -3, 0.75, 3, -1
400 -> 293, -1, 1.75, 3, -1
405 -> 293, -1, 0.25, 3, -1
405 -> 293, -1, 0.25, 4, -1
405 -> 293, -5, 1.25, 4, -0.5
406 -> 293, -1, 1.75, 4, -0.5
406 -> 293, -4, 1.75, 3, -2
406 -> 293, -2, 1.75, 4, -0.5
406 -> 293, -2, 1.75, 5, -0.5
407 -> 293, -2, 1.25, 2, -1.5
408 -> 293, -1, 0.75, 4, -1.5
408 -> 293, -3, 1.25, 4, -1.5
408 -> 293, -1, 0.75, 5, -1.5
410 -> 293, -4, 0.75, 1, -1.5
410 -> 293, -4, 1.75, 5, -0.5
411 -> 293, -3, 1.25, 1, -1
411 -> 293, -2, 0.75, 5, -1
412 -> 293, -2, 1.75, 3, -0.5
412 -> 293, -4, 1.75, 2, -0.5
412 -> 293, -5, 1.25, 1, -2
412 -> 293, -5, 0.75, 3, -2
412 -> 293, -5, 1.25, 2, -2
414 -> 293, -1, 1.75, 4, -1.5
414 -> 293, -2, 1.75, 1, -1.5
414 -> 293, -5, 1.75, 1, -0.5
415 -> 293, -5, 1.25, 2, -0.5
415 -> 293, -1, 1.75, 5, -1.5
416 -> 293, -3, 0.75, 5, -1
416 -> 293, -2, 0.75, 1, -0.5
417 -> 293, -3, 1.75, 4, -1
417 -> 293, -2, 0.75, 5, -0.5
418 -> 293, -1, 1.75, 2, -1.5
418 -> 293, -1, 1.75, 3, -1.5
418 -> 293, -1, 0.75, 1, -2
418 -> 293, -5, 1.25, 5, -0.5
419 -> 293, -5, 0.75, 4, -2
419 -> 293, -2, 0.75, 4, -1
420 -> 293, -2, 0.75, 1, -1
420 -> 293, -1, 1.25, 5, -1
421 -> 293, -2, 1.75, 5, -1
421 -> 293, -2, 1.75, 4, -1
422 -> 293, -1, 1.25, 2, -1
422 -> 293, -1, 1.25, 5, -1.5
423 -> 293, -2, 1.75, 3, -2
423 -> 293, -2, 1.75, 5, -2
423 -> 293, -1, 0.75, 5, -0.5
423 -> 293, -2, 1.75, 4, -2
423 -> 293, -4, 0.75, 2, -1.5
423 -> 293, -4, 0.75, 4, -0.5
424 -> 293, -2, 1.75, 3, -1.5
425 -> 293, -1, 1.25, 5, -0.5
425 -> 293, -1, 1.75, 1, -1.5
425 -> 293, -4, 0.75, 5, -0.5
425 -> 293, -1, 1.25, 4, -0.5
425 -> 293, -4, 1.75, 4, -0.5
426 -> 293, -1, 0.75, 5, -1
426 -> 293, -1, 1.25, 1, -0.5
426 -> 293, -1, 0.75, 2, -0.5
427 -> 293, -3, 0.25, 4, -0.5
427 -> 293, -1, 1.25, 1, -2
428 -> 293, -5, 0.25, 5, -2
428 -> 293, -1, 1.25, 4, -1
429 -> 293, -5, 1.25, 3, -2
429 -> 293, -5, 1.25, 4, -2
430 -> 293, -2, 0.75, 2, -1.5
431 -> 293, -3, 0.75, 2, -1
431 -> 293, -1, 0.25, 3, -0.5
433 -> 293, -3, 0.75, 1, -1
433 -> 293, -2, 1.25, 5, -1
434 -> 293, -1, 0.75, 1, -0.5
434 -> 293, -1, 0.25, 5, -1
435 -> 293, -2, 1.25, 2, -0.5
435 -> 293, -2, 1.25, 3, -0.5
435 -> 293, -2, 1.25, 1, -0.5
435 -> 293, -1, 0.75, 5, -2
435 -> 293, -5, 1.75, 5, -2
435 -> 293, -5, 1.25, 1, -1.5
435 -> 293, -1, 1.25, 3, -1
436 -> 293, -1, 1.75, 1, -0.5
436 -> 293, -5, 1.25, 5, -1.5
437 -> 293, -5, 1.75, 5, -1.5
437 -> 293, -2, 1.25, 4, -0.5
437 -> 293, -5, 1.25, 4, -1.5
437 -> 293, -5, 1.25, 3, -1.5
438 -> 293, -5, 1.75, 4, -1
438 -> 293, -1, 0.25, 3, -1.5
438 -> 293, -5, 1.75, 3, -1
439 -> 293, -5, 1.75, 1, -1
439 -> 293, -1, 1.75, 1, -1
439 -> 293, -5, 1.75, 4, -2
440 -> 293, -1, 1.75, 4, -2
440 -> 293, -1, 1.75, 3, -2
440 -> 293, -1, 1.75, 2, -2
440 -> 293, -2, 1.75, 2, -1.5
441 -> 293, -4, 1.25, 5, -1
441 -> 293, -3, 1.75, 1, -0.5
441 -> 293, -2, 0.25, 2, -2
442 -> 293, -3, 1.25, 1, -1.5
442 -> 293, -2, 0.75, 3, -1
443 -> 293, -4, 1.75, 5, -1
443 -> 293, -4, 1.25, 3, -0.5
443 -> 293, -2, 0.75, 5, -2
443 -> 293, -3, 0.75, 4, -1
444 -> 293, -4, 1.25, 3, -1
444 -> 293, -2, 0.25, 3, -0.5
445 -> 293, -4, 1.75, 3, -1
445 -> 293, -4, 1.75, 2, -1
445 -> 293, -1, 1.25, 3, -1.5
446 -> 293, -5, 1.75, 4, -1.5
446 -> 293, -2, 1.25, 4, -1.5
446 -> 293, -5, 0.25, 5, -1.5
446 -> 293, -2, 1.25, 3, -1.5
446 -> 293, -3, 0.75, 5, -0.5
446 -> 293, -4, 0.75, 5, -2
447 -> 293, -1, 1.75, 5, -1
447 -> 293, -2, 1.75, 2, -2
447 -> 293, -4, 1.25, 1, -1.5
447 -> 293, -2, 1.75, 1, -2
447 -> 293, -1, 1.25, 4, -1.5
448 -> 293, -3, 1.25, 4, -2
448 -> 293, -5, 1.75, 2, -1.5
448 -> 293, -5, 1.75, 3, -1.5
448 -> 293, -5, 1.75, 1, -1.5
448 -> 293, -3, 1.25, 2, -2
448 -> 293, -3, 1.25, 3, -2
449 -> 293, -3, 1.25, 5, -1.5
449 -> 293, -5, 0.75, 2, -0.5
449 -> 293, -1, 1.25, 2, -0.5
450 -> 293, -1, 1.75, 2, -1
450 -> 293, -3, 1.75, 2, -1
450 -> 293, -1, 1.75, 5, -2
450 -> 293, -2, 0.25, 1, -1
450 -> 293, -2, 0.75, 2, -2
451 -> 293, -4, 0.25, 4, -2
451 -> 293, -2, 1.75, 3, -1
451 -> 293, -4, 0.75, 4, -2
451 -> 293, -1, 1.25, 1, -1
451 -> 293, -4, 1.25, 2, -1.5
451 -> 293, -4, 1.25, 3, -1.5
452 -> 293, -2, 0.25, 2, -1
452 -> 293, -2, 0.25, 3, -1
452 -> 293, -2, 0.25, 4, -1
452 -> 293, -2, 1.75, 5, -1.5
452 -> 293, -2, 1.75, 4, -1.5
453 -> 293, -4, 0.75, 1, -2
453 -> 293, -1, 0.75, 2, -2
454 -> 293, -5, 0.25, 1, -1
454 -> 293, -3, 1.75, 1, -1
454 -> 293, -1, 0.25, 5, -1.5
454 -> 293, -1, 0.25, 4, -1.5
454 -> 293, -5, 1.75, 2, -1
454 -> 293, -2, 1.25, 4, -2
455 -> 293, -2, 0.75, 4, -0.5
455 -> 293, -1, 0.25, 1, -2
455 -> 293, -3, 0.25, 5, -0.5
455 -> 293, -1, 0.25, 3, -2
455 -> 293, -1, 0.75, 2, -1.5
455 -> 293, -1, 0.25, 2, -2
456 -> 293, -3, 1.25, 1, -0.5
456 -> 293, -3, 0.25, 1, -1
457 -> 293, -2, 1.75, 1, -1
457 -> 293, -3, 1.75, 4, -2
457 -> 293, -3, 1.75, 2, -2
457 -> 293, -3, 1.75, 5, -2
457 -> 293, -3, 1.75, 3, -2
458 -> 293, -4, 0.75, 5, -1
458 -> 293, -4, 1.75, 2, -1.5
458 -> 293, -1, 1.25, 2, -1.5
459 -> 293, -1, 0.75, 1, -1.5
459 -> 293, -4, 1.75, 1, -1
459 -> 293, -2, 0.75, 2, -1
460 -> 293, -3, 0.25, 4, -1.5
460 -> 293, -3, 0.25, 5, -1.5
460 -> 293, -3, 0.25, 3, -1.5
460 -> 293, -1, 1.75, 1, -2
460 -> 293, -5, 1.25, 2, -1.5
461 -> 293, -4, 0.25, 4, -0.5
461 -> 293, -4, 0.25, 2, -0.5
461 -> 293, -1, 0.75, 4, -0.5
461 -> 293, -3, 0.75, 1, -2
461 -> 293, -4, 0.25, 3, -0.5
461 -> 293, -2, 0.25, 2, -0.5
462 -> 293, -4, 0.75, 2, -2
463 -> 293, -1, 0.25, 1, -1
463 -> 293, -4, 0.25, 5, -2
463 -> 293, -1, 0.25, 2, -1
463 -> 293, -2, 1.25, 5, -1.5
463 -> 293, -3, 0.75, 4, -1.5
463 -> 293, -3, 0.75, 5, -1.5
463 -> 293, -1, 1.25, 1, -1.5
464 -> 293, -5, 1.75, 2, -2
464 -> 293, -5, 1.75, 1, -2
464 -> 293, -4, 0.75, 3, -1.5
464 -> 293, -2, 1.75, 2, -1
464 -> 293, -4, 0.75, 4, -1.5
464 -> 293, -4, 1.75, 1, -1.5
464 -> 293, -1, 1.75, 4, -1
465 -> 293, -3, 1.75, 3, -0.5
465 -> 293, -1, 0.25, 5, -2
466 -> 293, -2, 0.25, 4, -0.5
466 -> 293, -2, 0.25, 5, -1
466 -> 293, -2, 1.25, 4, -1
466 -> 293, -2, 1.25, 2, -1
466 -> 293, -2, 1.25, 3, -1
467 -> 293, -3, 0.75, 5, -2
467 -> 293, -3, 0.75, 4, -2
467 -> 293, -3, 0.75, 3, -2
467 -> 293, -1, 1.25, 4, -2
468 -> 293, -5, 1.25, 5, -2
469 -> 293, -3, 0.25, 3, -1
469 -> 293, -3, 0.25, 5, -1
469 -> 293, -3, 1.75, 2, -1.5
469 -> 293, -3, 0.25, 4, -1
469 -> 293, -4, 0.75, 5, -1.5
469 -> 293, -5, 0.75, 5, -2
469 -> 293, -3, 1.75, 3, -1.5
469 -> 293, -1, 1.25, 2, -2
469 -> 293, -3, 1.75, 1, -1.5
469 -> 293, -4, 1.75, 5, -2
470 -> 293, -3, 1.75, 2, -0.5
470 -> 293, -4, 0.75, 4, -1
470 -> 293, -5, 0.75, 5, -1
470 -> 293, -5, 0.75, 4, -1
470 -> 293, -4, 0.75, 3, -1
470 -> 293, -4, 0.75, 2, -1
470 -> 293, -5, 0.75, 2, -1
470 -> 293, -4, 0.75, 1, -1
470 -> 293, -4, 0.75, 1, -0.5
470 -> 293, -1, 0.25, 2, -0.5
470 -> 293, -1, 0.75, 4, -2
470 -> 293, -5, 0.75, 3, -1
470 -> 293, -1, 0.75, 3, -2
471 -> 293, -3, 1.75, 4, -1.5
471 -> 293, -4, 1.25, 1, -1
472 -> 293, -3, 1.75, 3, -1
473 -> 293, -4, 1.75, 1, -0.5
473 -> 293, -2, 0.75, 1, -2
473 -> 293, -3, 0.25, 2, -1
474 -> 293, -2, 0.25, 4, -1.5
474 -> 293, -2, 0.25, 3, -1.5
475 -> 293, -3, 0.75, 3, -1.5
475 -> 293, -3, 0.75, 2, -2
475 -> 293, -3, 0.75, 2, -1.5
475 -> 293, -3, 1.75, 5, -1.5
476 -> 293, -5, 0.75, 1, -1
476 -> 293, -1, 1.25, 3, -2
477 -> 293, -4, 1.25, 4, -1.5
477 -> 293, -4, 1.25, 5, -1.5
478 -> 293, -2, 0.25, 5, -2
478 -> 293, -2, 0.25, 4, -2
478 -> 293, -4, 1.75, 5, -1.5
478 -> 293, -4, 1.75, 4, -1.5
478 -> 293, -4, 1.75, 3, -1.5
478 -> 293, -3, 1.25, 2, -1.5
478 -> 293, -2, 0.25, 3, -2
479 -> 293, -2, 1.25, 3, -2
479 -> 293, -2, 1.25, 2, -2
479 -> 293, -2, 1.25, 1, -2
479 -> 293, -1, 0.75, 1, -1
479 -> 293, -1, 0.25, 4, -2
480 -> 293, -4, 0.25, 3, -1
480 -> 293, -4, 0.25, 1, -1
480 -> 293, -4, 0.25, 2, -1
482 -> 293, -1, 0.25, 5, -0.5
482 -> 293, -4, 0.25, 1, -2
482 -> 293, -2, 0.25, 5, -0.5
482 -> 293, -1, 0.25, 1, -0.5
482 -> 293, -4, 0.25, 2, -2
483 -> 293, -2, 0.75, 1, -1.5
483 -> 293, -2, 0.25, 1, -1.5
483 -> 293, -2, 1.25, 1, -1.5
483 -> 293, -4, 1.75, 2, -2
483 -> 293, -4, 1.75, 1, -2
484 -> 293, -5, 1.25, 1, -0.5
485 -> 293, -1, 0.25, 1, -1.5
485 -> 293, -1, 0.25, 2, -1.5
487 -> 293, -5, 1.75, 5, -1
487 -> 293, -3, 0.25, 1, -1.5
487 -> 293, -3, 0.25, 2, -1.5
487 -> 293, -2, 1.25, 1, -1
488 -> 293, -5, 0.25, 3, -1
488 -> 293, -3, 0.75, 1, -1.5
488 -> 293, -5, 0.25, 2, -1
489 -> 293, -5, 0.25, 3, -2
489 -> 293, -5, 0.25, 4, -2
489 -> 293, -5, 0.25, 2, -2
489 -> 293, -5, 1.75, 3, -2
489 -> 293, -3, 0.25, 5, -2
489 -> 293, -4, 1.75, 4, -1
489 -> 293, -5, 0.25, 1, -2
491 -> 293, -1, 0.75, 2, -1
492 -> 293, -4, 0.25, 4, -1.5
492 -> 293, -4, 0.25, 5, -1.5
493 -> 293, -3, 1.25, 5, -2
494 -> 293, -2, 0.25, 1, -0.5
495 -> 293, -4, 0.25, 5, -1
495 -> 293, -4, 0.25, 4, -1
496 -> 293, -1, 0.25, 4, -0.5
496 -> 293, -5, 1.25, 1, -1
496 -> 293, -2, 1.25, 5, -2
496 -> 293, -2, 0.75, 3, -0.5
496 -> 293, -2, 0.75, 2, -0.5
496 -> 293, -5, 1.25, 3, -1
496 -> 293, -5, 1.25, 2, -1
497 -> 293, -4, 1.25, 2, -0.5
497 -> 293, -4, 0.25, 1, -1.5
497 -> 293, -4, 0.25, 3, -1.5
497 -> 293, -4, 0.25, 2, -1.5
498 -> 293, -5, 0.25, 4, -1
498 -> 293, -4, 0.75, 3, -2
499 -> 293, -5, 1.75, 3, -0.5
499 -> 293, -2, 0.75, 4, -1.5
499 -> 293, -3, 1.25, 1, -2
499 -> 293, -4, 0.25, 3, -2
499 -> 293, -2, 0.75, 3, -1.5
501 -> 293, -3, 0.25, 3, -0.5
502 -> 293, -4, 1.25, 5, -2
502 -> 293, -4, 1.25, 4, -2
505 -> 293, -3, 1.25, 4, -1
505 -> 293, -3, 1.25, 3, -1
505 -> 293, -3, 1.25, 5, -1
505 -> 293, -3, 1.25, 2, -1
506 -> 293, -3, 0.25, 4, -2
506 -> 293, -5, 0.75, 1, -1.5
506 -> 293, -4, 1.25, 1, -2
506 -> 293, -4, 1.25, 3, -2
506 -> 293, -3, 0.25, 3, -2
506 -> 293, -4, 1.25, 2, -2
508 -> 293, -2, 0.25, 5, -1.5
509 -> 293, -5, 0.75, 4, -0.5
509 -> 293, -5, 0.75, 5, -0.5
509 -> 293, -3, 0.25, 1, -2
509 -> 293, -2, 0.75, 5, -1.5
509 -> 293, -5, 0.75, 3, -0.5
509 -> 293, -3, 0.25, 2, -2
510 -> 293, -3, 1.75, 1, -2
513 -> 293, -5, 0.75, 1, -0.5
515 -> 293, -2, 0.25, 2, -1.5
521 -> 293, -5, 1.25, 5, -1
521 -> 293, -2, 0.25, 1, -2
521 -> 293, -5, 1.25, 4, -1
522 -> 293, -5, 0.25, 1, -1.5
522 -> 293, -5, 0.25, 2, -1.5
522 -> 293, -5, 0.25, 3, -1.5
522 -> 293, -5, 0.25, 4, -1.5
523 -> 293, -5, 0.75, 3, -1.5
524 -> 293, -5, 0.75, 2, -1.5
532 -> 293, -5, 0.75, 5, -1.5
532 -> 293, -5, 0.75, 4, -1.5
534 -> 293, -3, 1.75, 5, -1
570 -> 293, -3, 0.25, 1, -0.5
570 -> 293, -3, 0.25, 2, -0.5
572 -> 293, -5, 0.25, 1, -0.5
580 -> 293, -5, 0.25, 3, -0.5
580 -> 293, -5, 0.25, 2, -0.5
593 -> 293, -4, 0.75, 2, -0.5
593 -> 293, -4, 0.75, 3, -0.5
616 -> 293, -5, 0.25, 5, -1
626 -> 293, -4, 0.25, 1, -0.5
665 -> 293, -5, 0.25, 4, -0.5
873 -> 293, -5, 0.25, 5, -0.5
