370 -> 484, -2, 1.75, 4, -0.5
376 -> 484, -5, 1.25, 4, -0.5
378 -> 484, -2, 1.75, 3, -0.5
384 -> 484, -2, 1.25, 1, -0.5
384 -> 484, -1, 1.75, 1, -0.5
386 -> 484, -2, 0.25, 1, -0.5
388 -> 484, -3, 1.75, 4, -0.5
391 -> 484, -3, 1.75, 1, -1
397 -> 484, -2, 1.25, 3, -0.5
398 -> 484, -5, 0.75, 1, -2
398 -> 484, -5, 0.75, 2, -2
400 -> 484, -2, 1.25, 3, -2
400 -> 484, -2, 1.25, 2, -2
402 -> 484, -2, 1.25, 1, -2
403 -> 484, -4, 1.75, 5, -1
403 -> 484, -4, 1.25, 4, -2
403 -> 484, -4, 1.25, 5, -2
404 -> 484, -1, 1.25, 1, -0.5
405 -> 484, -5, 1.75, 1, -0.5
406 -> 484, -5, 1.25, 5, -0.5
408 -> 484, -4, 0.75, 4, -2
409 -> 484, -3, 1.75, 3, -0.5
409 -> 484, -3, 1.75, 2, -0.5
409 -> 484, -1, 1.75, 2, -1.5
411 -> 484, -4, 1.75, 4, -1
411 -> 484, -1, 0.75, 3, -1.5
412 -> 484, -5, 1.75, 5, -2
412 -> 484, -5, 1.75, 4, -2
412 -> 484, -5, 1.75, 3, -2
414 -> 484, -3, 1.25, 3, -0.5
416 -> 484, -1, 0.75, 4, -1.5
417 -> 484, -2, 1.25, 4, -0.5
417 -> 484, -3, 1.25, 5, -1.5
420 -> 484, -5, 0.75, 1, -0.5
421 -> 484, -2, 1.25, 5, -0.5
422 -> 484, -2, 0.75, 5, -1
422 -> 484, -5, 1.25, 2, -0.5
422 -> 484, -2, 0.75, 4, -1
422 -> 484, -2, 0.75, 3, -1
422 -> 484, -5, 1.25, 3, -0.5
423 -> 484, -1, 1.75, 2, -2
423 -> 484, -3, 1.25, 4, -2
423 -> 484, -2, 1.75, 1, -0.5
423 -> 484, -3, 1.25, 5, -2
423 -> 484, -1, 1.25, 3, -1
425 -> 484, -1, 0.75, 1, -2
426 -> 484, -3, 1.25, 3, -2
426 -> 484, -2, 1.75, 5, -2
426 -> 484, -1, 0.75, 2, -2
426 -> 484, -1, 1.25, 2, -1.5
426 -> 484, -1, 0.75, 3, -2
428 -> 484, -1, 1.75, 3, -2
428 -> 484, -2, 1.75, 5, -0.5
428 -> 484, -4, 0.75, 3, -2
430 -> 484, -4, 1.75, 2, -1
431 -> 484, -4, 0.75, 3, -1
431 -> 484, -2, 1.75, 4, -1
431 -> 484, -2, 0.75, 2, -2
431 -> 484, -2, 1.75, 4, -2
431 -> 484, -2, 1.75, 3, -1
431 -> 484, -1, 0.75, 4, -2
432 -> 484, -4, 1.25, 3, -2
432 -> 484, -4, 1.25, 1, -2
432 -> 484, -4, 1.25, 2, -2
432 -> 484, -1, 1.25, 2, -0.5
433 -> 484, -2, 0.25, 5, -0.5
433 -> 484, -1, 1.25, 1, -1.5
434 -> 484, -1, 1.75, 5, -1.5
434 -> 484, -1, 1.75, 4, -1.5
434 -> 484, -1, 1.25, 4, -2
434 -> 484, -4, 0.75, 1, -1.5
434 -> 484, -4, 0.75, 2, -1.5
435 -> 484, -1, 1.75, 3, -1.5
435 -> 484, -4, 1.25, 5, -1
436 -> 484, -4, 0.25, 5, -1
436 -> 484, -5, 0.75, 4, -0.5
437 -> 484, -5, 1.75, 1, -2
437 -> 484, -4, 1.25, 5, -0.5
437 -> 484, -1, 0.75, 5, -2
437 -> 484, -2, 0.25, 4, -0.5
437 -> 484, -2, 0.25, 3, -0.5
437 -> 484, -3, 1.25, 5, -0.5
437 -> 484, -4, 0.75, 1, -1
438 -> 484, -3, 1.25, 4, -0.5
438 -> 484, -3, 1.75, 4, -1
438 -> 484, -2, 0.25, 4, -1.5
439 -> 484, -3, 1.75, 2, -1
439 -> 484, -4, 1.25, 4, -1
439 -> 484, -2, 0.25, 3, -1.5
439 -> 484, -2, 0.75, 4, -1.5
439 -> 484, -3, 1.75, 1, -0.5
439 -> 484, -1, 1.25, 5, -1
440 -> 484, -1, 1.25, 3, -0.5
440 -> 484, -3, 1.25, 1, -1
440 -> 484, -1, 1.25, 5, -0.5
440 -> 484, -3, 1.25, 2, -1
440 -> 484, -1, 1.25, 4, -0.5
441 -> 484, -3, 1.75, 3, -1
441 -> 484, -2, 0.75, 2, -0.5
441 -> 484, -2, 0.75, 2, -1.5
441 -> 484, -1, 1.25, 4, -1
442 -> 484, -1, 1.25, 3, -2
442 -> 484, -5, 0.25, 2, -1
442 -> 484, -4, 1.75, 1, -1.5
442 -> 484, -4, 1.75, 2, -1.5
442 -> 484, -5, 1.75, 2, -2
442 -> 484, -4, 1.75, 1, -2
442 -> 484, -4, 0.25, 3, -0.5
442 -> 484, -5, 0.25, 3, -1
442 -> 484, -4, 0.75, 4, -0.5
442 -> 484, -5, 0.25, 4, -1
442 -> 484, -4, 1.25, 1, -1
442 -> 484, -4, 1.75, 3, -1.5
442 -> 484, -4, 1.75, 2, -2
443 -> 484, -1, 1.25, 2, -1
443 -> 484, -1, 0.75, 3, -0.5
444 -> 484, -3, 1.25, 1, -2
445 -> 484, -3, 0.75, 3, -1
445 -> 484, -1, 0.75, 2, -0.5
445 -> 484, -1, 1.75, 3, -0.5
445 -> 484, -4, 1.75, 1, -0.5
446 -> 484, -5, 0.25, 2, -0.5
446 -> 484, -5, 0.25, 1, -0.5
446 -> 484, -3, 0.75, 5, -2
447 -> 484, -1, 1.75, 4, -1
447 -> 484, -1, 0.75, 1, -0.5
448 -> 484, -1, 1.75, 5, -1
448 -> 484, -2, 1.25, 2, -1.5
448 -> 484, -4, 0.25, 1, -0.5
448 -> 484, -2, 0.25, 5, -1.5
449 -> 484, -3, 1.75, 3, -1.5
449 -> 484, -3, 1.75, 4, -1.5
449 -> 484, -3, 1.75, 5, -1.5
449 -> 484, -3, 0.75, 2, -0.5
449 -> 484, -1, 0.75, 4, -0.5
449 -> 484, -5, 0.75, 3, -2
449 -> 484, -1, 0.75, 5, -0.5
450 -> 484, -2, 1.75, 2, -1.5
450 -> 484, -2, 1.75, 3, -1.5
450 -> 484, -3, 0.75, 2, -1
450 -> 484, -2, 1.75, 1, -1.5
450 -> 484, -1, 1.25, 1, -1
450 -> 484, -3, 1.25, 1, -1.5
451 -> 484, -2, 1.25, 4, -1.5
451 -> 484, -1, 1.75, 1, -1
451 -> 484, -2, 0.25, 1, -1
451 -> 484, -2, 1.25, 3, -1.5
451 -> 484, -1, 0.75, 2, -1
452 -> 484, -3, 0.75, 1, -1
453 -> 484, -1, 0.25, 3, -1.5
453 -> 484, -1, 0.25, 5, -1.5
453 -> 484, -1, 0.25, 4, -1.5
453 -> 484, -1, 0.25, 2, -1.5
453 -> 484, -5, 0.75, 2, -1
453 -> 484, -5, 0.75, 3, -1
454 -> 484, -5, 1.75, 3, -1.5
454 -> 484, -5, 1.75, 4, -1.5
454 -> 484, -5, 0.75, 5, -2
454 -> 484, -5, 1.25, 2, -1.5
454 -> 484, -5, 1.25, 1, -1.5
454 -> 484, -5, 0.75, 5, -1.5
455 -> 484, -2, 1.25, 3, -1
455 -> 484, -2, 1.25, 2, -1
456 -> 484, -4, 0.25, 5, -0.5
456 -> 484, -4, 0.75, 1, -0.5
456 -> 484, -3, 1.25, 2, -2
456 -> 484, -3, 0.25, 2, -1
456 -> 484, -1, 1.75, 1, -2
456 -> 484, -3, 0.25, 1, -1
456 -> 484, -4, 0.25, 4, -0.5
456 -> 484, -4, 0.75, 2, -0.5
456 -> 484, -5, 0.75, 1, -1
456 -> 484, -4, 0.75, 3, -0.5
457 -> 484, -2, 0.25, 2, -1.5
457 -> 484, -3, 0.75, 1, -2
457 -> 484, -1, 0.25, 5, -2
457 -> 484, -2, 1.25, 1, -1
458 -> 484, -4, 0.25, 4, -1
458 -> 484, -3, 0.25, 5, -1
458 -> 484, -2, 0.75, 3, -2
458 -> 484, -4, 0.25, 3, -1
458 -> 484, -4, 0.75, 2, -1
458 -> 484, -4, 0.25, 2, -1
458 -> 484, -3, 0.25, 4, -1
458 -> 484, -4, 0.25, 1, -1
458 -> 484, -3, 0.25, 3, -1
459 -> 484, -3, 1.25, 2, -0.5
459 -> 484, -1, 0.75, 2, -1.5
460 -> 484, -1, 0.25, 2, -1
460 -> 484, -2, 1.25, 5, -2
460 -> 484, -1, 0.25, 3, -1
460 -> 484, -2, 1.25, 4, -2
460 -> 484, -2, 0.75, 3, -1.5
461 -> 484, -3, 1.75, 2, -1.5
461 -> 484, -4, 1.25, 3, -1
461 -> 484, -3, 1.75, 1, -1.5
461 -> 484, -1, 0.75, 3, -1
461 -> 484, -1, 0.75, 5, -1
461 -> 484, -4, 1.25, 2, -1
461 -> 484, -1, 1.75, 5, -2
461 -> 484, -3, 0.75, 3, -0.5
461 -> 484, -1, 1.75, 4, -2
461 -> 484, -1, 0.75, 4, -1
462 -> 484, -2, 1.75, 2, -1
462 -> 484, -2, 1.75, 1, -1
463 -> 484, -1, 0.25, 1, -0.5
463 -> 484, -2, 1.25, 1, -1.5
463 -> 484, -1, 0.25, 4, -1
463 -> 484, -1, 0.25, 5, -1
463 -> 484, -3, 0.75, 3, -1.5
463 -> 484, -4, 1.75, 5, -0.5
463 -> 484, -4, 1.75, 4, -1.5
463 -> 484, -1, 1.75, 1, -1.5
463 -> 484, -5, 1.75, 2, -1.5
463 -> 484, -5, 1.75, 1, -1.5
464 -> 484, -1, 1.75, 2, -1
464 -> 484, -2, 1.75, 2, -0.5
464 -> 484, -4, 0.75, 1, -2
464 -> 484, -4, 0.75, 2, -2
464 -> 484, -2, 0.75, 1, -0.5
465 -> 484, -4, 0.25, 5, -1.5
465 -> 484, -5, 0.75, 4, -1
465 -> 484, -4, 0.25, 1, -1.5
465 -> 484, -4, 0.25, 1, -2
465 -> 484, -4, 0.25, 2, -1.5
465 -> 484, -4, 0.25, 2, -2
465 -> 484, -4, 0.25, 3, -1.5
465 -> 484, -4, 0.25, 3, -2
465 -> 484, -4, 0.25, 4, -1.5
465 -> 484, -2, 1.25, 5, -1
466 -> 484, -1, 1.75, 3, -1
466 -> 484, -2, 0.75, 5, -1.5
466 -> 484, -3, 1.25, 2, -1.5
466 -> 484, -3, 1.25, 3, -1.5
466 -> 484, -3, 1.25, 4, -1.5
467 -> 484, -5, 1.25, 4, -1.5
467 -> 484, -5, 1.25, 3, -1.5
467 -> 484, -1, 0.75, 1, -1.5
467 -> 484, -3, 1.75, 5, -0.5
468 -> 484, -1, 1.75, 5, -0.5
468 -> 484, -1, 1.75, 4, -0.5
468 -> 484, -2, 1.25, 4, -1
468 -> 484, -2, 1.75, 5, -1
468 -> 484, -2, 0.25, 2, -0.5
468 -> 484, -4, 1.25, 1, -1.5
469 -> 484, -2, 0.25, 3, -1
469 -> 484, -2, 0.25, 2, -1
469 -> 484, -1, 0.75, 5, -1.5
469 -> 484, -1, 1.25, 1, -2
470 -> 484, -2, 1.25, 5, -1.5
470 -> 484, -2, 1.75, 4, -1.5
471 -> 484, -2, 0.25, 5, -1
471 -> 484, -2, 0.25, 4, -1
472 -> 484, -5, 0.25, 3, -2
472 -> 484, -5, 1.75, 5, -1.5
473 -> 484, -2, 0.75, 1, -1.5
473 -> 484, -2, 1.25, 2, -0.5
473 -> 484, -2, 0.25, 1, -1.5
474 -> 484, -5, 0.25, 4, -2
474 -> 484, -3, 1.25, 1, -0.5
474 -> 484, -5, 1.75, 2, -1
474 -> 484, -5, 1.75, 4, -1
474 -> 484, -5, 0.25, 5, -2
474 -> 484, -5, 1.75, 5, -1
474 -> 484, -5, 1.75, 3, -1
475 -> 484, -1, 0.25, 4, -2
476 -> 484, -1, 1.25, 2, -2
478 -> 484, -3, 1.75, 2, -2
478 -> 484, -3, 1.75, 1, -2
479 -> 484, -1, 1.25, 5, -2
479 -> 484, -4, 1.75, 1, -1
479 -> 484, -4, 1.75, 3, -1
480 -> 484, -3, 1.25, 5, -1
480 -> 484, -2, 0.75, 5, -2
480 -> 484, -1, 0.25, 1, -1
480 -> 484, -3, 1.25, 4, -1
480 -> 484, -2, 0.75, 4, -2
480 -> 484, -5, 0.25, 1, -1
481 -> 484, -1, 0.25, 1, -1.5
482 -> 484, -1, 1.75, 2, -0.5
482 -> 484, -3, 0.75, 5, -0.5
482 -> 484, -3, 0.75, 4, -0.5
483 -> 484, -4, 0.75, 5, -2
486 -> 484, -2, 0.25, 1, -2
486 -> 484, -2, 0.25, 3, -2
486 -> 484, -2, 0.25, 2, -2
487 -> 484, -1, 0.25, 4, -0.5
487 -> 484, -4, 0.75, 5, -0.5
487 -> 484, -5, 0.75, 5, -1
487 -> 484, -1, 0.25, 3, -0.5
487 -> 484, -1, 0.25, 5, -0.5
488 -> 484, -1, 1.25, 5, -1.5
488 -> 484, -1, 1.25, 4, -1.5
488 -> 484, -1, 1.25, 3, -1.5
488 -> 484, -5, 0.75, 4, -2
488 -> 484, -4, 0.75, 5, -1
489 -> 484, -5, 0.75, 3, -0.5
489 -> 484, -5, 0.75, 2, -0.5
489 -> 484, -3, 1.75, 5, -1
490 -> 484, -4, 1.75, 5, -2
490 -> 484, -4, 1.75, 3, -2
490 -> 484, -5, 1.25, 5, -1.5
490 -> 484, -2, 1.75, 3, -2
490 -> 484, -4, 1.75, 4, -2
491 -> 484, -4, 0.75, 5, -1.5
491 -> 484, -4, 0.75, 4, -1.5
491 -> 484, -5, 0.75, 5, -0.5
491 -> 484, -3, 0.75, 2, -2
491 -> 484, -3, 0.75, 3, -2
491 -> 484, -3, 0.75, 4, -2
492 -> 484, -3, 1.25, 3, -1
493 -> 484, -3, 0.25, 3, -1.5
493 -> 484, -3, 0.25, 4, -1.5
493 -> 484, -3, 0.25, 2, -1.5
493 -> 484, -3, 0.25, 5, -1.5
494 -> 484, -3, 0.25, 1, -1.5
494 -> 484, -4, 1.25, 1, -0.5
494 -> 484, -3, 0.75, 5, -1
494 -> 484, -4, 1.25, 2, -0.5
495 -> 484, -1, 0.25, 1, -2
495 -> 484, -1, 0.25, 3, -2
495 -> 484, -1, 0.25, 2, -2
496 -> 484, -1, 0.25, 2, -0.5
496 -> 484, -3, 0.75, 4, -1.5
496 -> 484, -3, 0.75, 5, -1.5
498 -> 484, -4, 1.25, 5, -1.5
498 -> 484, -4, 1.25, 4, -1.5
499 -> 484, -2, 0.75, 3, -0.5
499 -> 484, -5, 1.25, 1, -1
499 -> 484, -2, 0.75, 5, -0.5
499 -> 484, -2, 0.75, 4, -0.5
499 -> 484, -5, 1.25, 2, -1
500 -> 484, -5, 0.25, 5, -1.5
500 -> 484, -5, 0.25, 4, -1.5
500 -> 484, -2, 0.75, 1, -2
500 -> 484, -5, 0.25, 2, -1.5
500 -> 484, -5, 0.25, 1, -1.5
500 -> 484, -5, 0.25, 3, -1.5
501 -> 484, -2, 0.25, 5, -2
501 -> 484, -2, 0.25, 4, -2
502 -> 484, -3, 0.25, 2, -2
502 -> 484, -3, 0.25, 1, -2
502 -> 484, -3, 0.25, 4, -2
502 -> 484, -3, 0.25, 3, -2
503 -> 484, -4, 0.75, 3, -1.5
504 -> 484, -4, 1.75, 2, -0.5
505 -> 484, -4, 0.75, 4, -1
506 -> 484, -3, 0.75, 1, -0.5
507 -> 484, -3, 0.25, 5, -2
507 -> 484, -4, 1.25, 4, -0.5
507 -> 484, -4, 1.25, 3, -0.5
508 -> 484, -4, 1.25, 2, -1.5
508 -> 484, -4, 1.25, 3, -1.5
508 -> 484, -2, 0.75, 1, -1
508 -> 484, -2, 0.75, 2, -1
511 -> 484, -2, 1.75, 5, -1.5
511 -> 484, -2, 1.75, 1, -2
511 -> 484, -2, 1.75, 2, -2
511 -> 484, -5, 0.25, 5, -1
513 -> 484, -3, 1.75, 3, -2
513 -> 484, -3, 1.75, 4, -2
513 -> 484, -3, 1.75, 5, -2
516 -> 484, -4, 0.25, 4, -2
516 -> 484, -4, 0.25, 5, -2
517 -> 484, -4, 1.75, 3, -0.5
517 -> 484, -4, 1.75, 4, -0.5
520 -> 484, -5, 1.25, 3, -1
520 -> 484, -5, 1.25, 4, -1
520 -> 484, -5, 1.25, 5, -1
521 -> 484, -4, 1.75, 5, -1.5
524 -> 484, -5, 1.75, 3, -0.5
524 -> 484, -5, 1.75, 2, -0.5
525 -> 484, -3, 0.75, 4, -1
526 -> 484, -3, 0.25, 2, -0.5
526 -> 484, -3, 0.25, 1, -0.5
526 -> 484, -3, 0.25, 3, -0.5
526 -> 484, -3, 0.75, 1, -1.5
526 -> 484, -3, 0.75, 2, -1.5
529 -> 484, -3, 0.25, 5, -0.5
529 -> 484, -3, 0.25, 4, -0.5
531 -> 484, -5, 1.25, 1, -0.5
534 -> 484, -5, 0.75, 2, -1.5
534 -> 484, -5, 0.75, 1, -1.5
534 -> 484, -5, 0.75, 3, -1.5
534 -> 484, -5, 0.75, 4, -1.5
536 -> 484, -5, 0.25, 5, -0.5
536 -> 484, -5, 0.25, 4, -0.5
536 -> 484, -5, 0.25, 3, -0.5
537 -> 484, -5, 1.25, 3, -2
537 -> 484, -5, 1.25, 1, -2
537 -> 484, -5, 1.25, 4, -2
537 -> 484, -5, 1.25, 2, -2
537 -> 484, -5, 1.25, 5, -2
538 -> 484, -5, 0.25, 2, -2
538 -> 484, -5, 0.25, 1, -2
562 -> 484, -1, 0.75, 1, -1
576 -> 484, -4, 0.25, 2, -0.5
580 -> 484, -5, 1.75, 1, -1
591 -> 484, -5, 1.75, 4, -0.5
591 -> 484, -5, 1.75, 5, -0.5
