340 -> 196, -5, 1.75, 5, -1.5
346 -> 196, -1, 1.75, 3, -0.5
349 -> 196, -5, 0.75, 3, -1
351 -> 196, -3, 1.75, 4, -0.5
352 -> 196, -3, 1.25, 5, -0.5
353 -> 196, -5, 1.75, 3, -0.5
357 -> 196, -5, 1.25, 2, -2
357 -> 196, -5, 1.25, 3, -2
357 -> 196, -1, 1.75, 4, -0.5
358 -> 196, -1, 1.75, 2, -1
359 -> 196, -4, 1.25, 3, -0.5
367 -> 196, -5, 1.25, 2, -1.5
369 -> 196, -2, 1.75, 1, -0.5
373 -> 196, -4, 1.75, 5, -0.5
374 -> 196, -1, 1.25, 5, -0.5
375 -> 196, -2, 1.75, 1, -1
376 -> 196, -4, 1.25, 1, -1.5
376 -> 196, -4, 1.25, 2, -0.5
376 -> 196, -4, 1.25, 2, -1.5
377 -> 196, -1, 1.75, 5, -1.5
381 -> 196, -2, 1.75, 4, -0.5
384 -> 196, -2, 0.75, 3, -2
385 -> 196, -5, 0.75, 2, -1
386 -> 196, -3, 1.25, 3, -0.5
387 -> 196, -1, 0.75, 5, -0.5
388 -> 196, -1, 1.75, 5, -0.5
390 -> 196, -3, 0.75, 1, -0.5
391 -> 196, -1, 1.25, 4, -1
392 -> 196, -5, 1.75, 1, -1.5
392 -> 196, -5, 1.75, 2, -1.5
393 -> 196, -1, 1.25, 5, -1.5
393 -> 196, -2, 1.75, 5, -0.5
394 -> 196, -2, 1.75, 3, -1
395 -> 196, -5, 1.25, 1, -2
396 -> 196, -1, 1.75, 2, -2
396 -> 196, -1, 1.75, 1, -2
396 -> 196, -5, 1.75, 3, -1.5
397 -> 196, -2, 1.25, 4, -2
397 -> 196, -2, 1.25, 3, -2
397 -> 196, -2, 1.25, 2, -2
398 -> 196, -2, 1.75, 3, -2
401 -> 196, -5, 0.25, 2, -1
401 -> 196, -5, 0.25, 3, -1
402 -> 196, -5, 0.75, 4, -1
402 -> 196, -1, 1.25, 1, -0.5
402 -> 196, -5, 0.75, 5, -1
402 -> 196, -1, 1.25, 2, -0.5
404 -> 196, -2, 0.75, 2, -1.5
404 -> 196, -1, 0.75, 3, -0.5
405 -> 196, -2, 1.25, 4, -1.5
405 -> 196, -1, 1.25, 1, -1
406 -> 196, -1, 1.25, 2, -1
406 -> 196, -1, 0.75, 5, -2
406 -> 196, -1, 1.25, 5, -1
406 -> 196, -3, 0.75, 3, -0.5
406 -> 196, -1, 0.75, 4, -0.5
406 -> 196, -3, 1.75, 1, -0.5
407 -> 196, -5, 1.25, 3, -1.5
407 -> 196, -1, 1.75, 4, -1.5
407 -> 196, -2, 1.75, 2, -0.5
407 -> 196, -5, 1.25, 4, -1.5
407 -> 196, -4, 1.75, 3, -2
407 -> 196, -4, 1.75, 2, -2
407 -> 196, -2, 0.75, 5, -0.5
407 -> 196, -5, 1.25, 5, -1.5
408 -> 196, -1, 0.75, 2, -0.5
408 -> 196, -4, 1.75, 4, -2
409 -> 196, -3, 1.25, 2, -2
409 -> 196, -3, 1.25, 1, -1
410 -> 196, -4, 0.25, 4, -2
410 -> 196, -1, 1.25, 3, -0.5
410 -> 196, -2, 1.75, 4, -1
410 -> 196, -2, 1.75, 5, -1
410 -> 196, -2, 0.75, 2, -0.5
410 -> 196, -4, 0.25, 3, -2
410 -> 196, -1, 1.25, 4, -0.5
411 -> 196, -3, 1.25, 1, -2
411 -> 196, -4, 1.25, 1, -2
411 -> 196, -4, 1.75, 1, -1.5
411 -> 196, -5, 1.75, 4, -1.5
412 -> 196, -3, 1.25, 3, -2
412 -> 196, -2, 1.25, 4, -0.5
412 -> 196, -3, 0.75, 4, -0.5
413 -> 196, -4, 1.25, 4, -1.5
413 -> 196, -5, 1.25, 4, -2
414 -> 196, -1, 1.25, 3, -1
414 -> 196, -1, 1.75, 5, -2
414 -> 196, -2, 0.75, 3, -1.5
414 -> 196, -1, 1.75, 4, -2
415 -> 196, -5, 1.75, 1, -1
415 -> 196, -3, 0.75, 2, -1
415 -> 196, -5, 1.75, 3, -1
415 -> 196, -4, 1.25, 5, -2
415 -> 196, -5, 1.75, 2, -1
415 -> 196, -2, 1.25, 5, -2
415 -> 196, -4, 1.25, 4, -2
416 -> 196, -4, 1.75, 2, -1.5
416 -> 196, -3, 1.75, 4, -1
416 -> 196, -5, 1.25, 5, -2
416 -> 196, -3, 1.75, 3, -1
416 -> 196, -4, 1.25, 3, -2
418 -> 196, -5, 1.25, 5, -0.5
418 -> 196, -4, 1.25, 5, -0.5
418 -> 196, -5, 1.25, 1, -1.5
418 -> 196, -5, 0.25, 5, -1
419 -> 196, -1, 1.75, 4, -1
419 -> 196, -1, 1.75, 5, -1
420 -> 196, -1, 1.25, 5, -2
420 -> 196, -3, 1.25, 4, -1
420 -> 196, -3, 1.25, 5, -1
420 -> 196, -5, 0.25, 4, -1
420 -> 196, -2, 1.25, 5, -0.5
420 -> 196, -5, 1.75, 2, -2
420 -> 196, -5, 1.75, 3, -2
421 -> 196, -1, 1.75, 1, -1
421 -> 196, -4, 0.25, 2, -0.5
421 -> 196, -1, 0.75, 2, -1
421 -> 196, -3, 1.75, 5, -1
421 -> 196, -4, 0.25, 1, -0.5
421 -> 196, -3, 1.25, 4, -2
421 -> 196, -3, 1.25, 5, -2
422 -> 196, -1, 1.25, 4, -2
423 -> 196, -2, 1.25, 1, -1
423 -> 196, -4, 0.25, 1, -1
424 -> 196, -3, 0.25, 1, -0.5
424 -> 196, -3, 0.75, 2, -0.5
424 -> 196, -2, 1.75, 3, -0.5
424 -> 196, -2, 0.75, 4, -1.5
425 -> 196, -5, 0.25, 2, -0.5
425 -> 196, -3, 1.25, 2, -1.5
425 -> 196, -3, 1.25, 3, -1.5
425 -> 196, -3, 0.75, 1, -1
425 -> 196, -4, 0.25, 1, -2
426 -> 196, -4, 0.75, 2, -2
426 -> 196, -4, 0.75, 3, -2
427 -> 196, -3, 1.75, 1, -1
427 -> 196, -2, 0.75, 5, -1.5
427 -> 196, -3, 0.25, 3, -0.5
427 -> 196, -3, 0.25, 2, -0.5
428 -> 196, -4, 1.25, 3, -1.5
428 -> 196, -2, 1.75, 1, -2
428 -> 196, -1, 0.75, 3, -1.5
429 -> 196, -3, 1.75, 2, -1
429 -> 196, -1, 1.75, 3, -1.5
429 -> 196, -1, 0.25, 4, -2
429 -> 196, -1, 0.25, 2, -2
429 -> 196, -1, 0.25, 3, -2
429 -> 196, -1, 1.75, 2, -1.5
429 -> 196, -1, 0.75, 2, -1.5
429 -> 196, -1, 0.25, 5, -2
429 -> 196, -2, 1.25, 2, -1
429 -> 196, -1, 0.75, 1, -1
429 -> 196, -2, 1.25, 1, -2
429 -> 196, -1, 0.75, 1, -1.5
430 -> 196, -3, 1.75, 4, -2
430 -> 196, -3, 1.75, 5, -2
430 -> 196, -3, 0.75, 1, -2
431 -> 196, -5, 0.75, 1, -1.5
431 -> 196, -2, 1.25, 4, -1
431 -> 196, -3, 0.75, 4, -1
431 -> 196, -2, 1.25, 5, -1
431 -> 196, -2, 0.75, 1, -1.5
432 -> 196, -1, 1.75, 3, -2
433 -> 196, -1, 0.75, 3, -2
433 -> 196, -2, 0.75, 1, -1
433 -> 196, -2, 1.75, 1, -1.5
433 -> 196, -2, 0.75, 2, -1
433 -> 196, -1, 0.75, 2, -2
433 -> 196, -3, 0.75, 5, -1.5
433 -> 196, -3, 0.75, 4, -1.5
433 -> 196, -3, 0.75, 3, -1
434 -> 196, -4, 0.75, 1, -2
434 -> 196, -1, 0.25, 1, -2
434 -> 196, -1, 1.25, 2, -1.5
434 -> 196, -1, 1.25, 3, -1.5
434 -> 196, -1, 1.25, 4, -1.5
434 -> 196, -1, 1.25, 1, -1.5
434 -> 196, -1, 0.25, 5, -1.5
435 -> 196, -5, 1.75, 5, -2
436 -> 196, -4, 0.25, 5, -1.5
436 -> 196, -4, 0.25, 1, -1.5
436 -> 196, -2, 1.75, 2, -1
436 -> 196, -4, 0.25, 2, -1.5
436 -> 196, -4, 0.25, 3, -1.5
436 -> 196, -1, 0.75, 1, -0.5
436 -> 196, -1, 1.75, 1, -1.5
436 -> 196, -4, 0.25, 4, -1.5
437 -> 196, -1, 1.25, 1, -2
437 -> 196, -3, 1.25, 4, -1.5
438 -> 196, -5, 0.75, 4, -2
438 -> 196, -1, 0.75, 1, -2
438 -> 196, -5, 0.75, 3, -2
438 -> 196, -3, 1.25, 2, -1
438 -> 196, -2, 0.75, 1, -0.5
438 -> 196, -2, 1.25, 5, -1.5
438 -> 196, -1, 0.75, 4, -1.5
438 -> 196, -4, 1.25, 2, -2
440 -> 196, -4, 1.75, 5, -1.5
440 -> 196, -4, 0.25, 5, -1
440 -> 196, -4, 1.75, 4, -1.5
440 -> 196, -4, 0.25, 4, -1
441 -> 196, -1, 1.25, 3, -2
441 -> 196, -5, 0.25, 4, -2
441 -> 196, -4, 0.25, 3, -0.5
441 -> 196, -5, 0.25, 1, -2
441 -> 196, -1, 1.25, 2, -2
441 -> 196, -3, 0.75, 2, -2
441 -> 196, -5, 0.25, 3, -2
441 -> 196, -2, 1.25, 3, -1
441 -> 196, -5, 0.25, 2, -2
441 -> 196, -5, 0.25, 5, -2
441 -> 196, -1, 0.25, 3, -0.5
442 -> 196, -1, 0.25, 5, -0.5
442 -> 196, -3, 0.75, 5, -0.5
442 -> 196, -2, 1.75, 3, -1.5
442 -> 196, -2, 0.75, 4, -0.5
442 -> 196, -2, 1.75, 4, -1.5
443 -> 196, -4, 1.75, 1, -2
443 -> 196, -3, 0.25, 3, -1.5
443 -> 196, -4, 1.25, 1, -1
443 -> 196, -3, 0.25, 2, -1.5
443 -> 196, -4, 1.25, 3, -1
443 -> 196, -4, 1.25, 2, -1
444 -> 196, -1, 0.25, 1, -1
444 -> 196, -1, 0.75, 4, -1
444 -> 196, -4, 1.75, 5, -2
445 -> 196, -2, 1.75, 2, -1.5
446 -> 196, -5, 0.75, 5, -2
446 -> 196, -2, 0.75, 2, -2
446 -> 196, -1, 0.75, 5, -1.5
446 -> 196, -1, 0.75, 5, -1
446 -> 196, -4, 1.75, 3, -1.5
447 -> 196, -4, 1.25, 5, -1
447 -> 196, -1, 0.25, 1, -0.5
447 -> 196, -1, 0.25, 2, -0.5
447 -> 196, -2, 0.25, 2, -2
447 -> 196, -2, 0.25, 1, -2
448 -> 196, -3, 1.75, 2, -1.5
448 -> 196, -5, 0.25, 5, -1.5
448 -> 196, -3, 1.75, 1, -1.5
448 -> 196, -3, 0.75, 1, -1.5
449 -> 196, -2, 0.75, 5, -2
449 -> 196, -2, 1.25, 3, -0.5
449 -> 196, -2, 1.25, 2, -0.5
449 -> 196, -2, 0.25, 5, -2
449 -> 196, -2, 0.25, 4, -2
449 -> 196, -3, 0.25, 5, -2
449 -> 196, -5, 0.75, 2, -2
449 -> 196, -2, 0.25, 3, -2
450 -> 196, -4, 0.25, 4, -0.5
450 -> 196, -4, 0.25, 5, -0.5
451 -> 196, -1, 0.25, 4, -0.5
451 -> 196, -4, 0.75, 4, -2
451 -> 196, -4, 0.75, 5, -2
451 -> 196, -3, 0.75, 2, -1.5
451 -> 196, -2, 0.75, 4, -2
451 -> 196, -2, 0.75, 1, -2
452 -> 196, -3, 0.75, 5, -1
452 -> 196, -3, 1.25, 3, -1
452 -> 196, -4, 1.75, 1, -0.5
453 -> 196, -2, 1.25, 2, -1.5
453 -> 196, -2, 1.25, 1, -1.5
453 -> 196, -3, 1.25, 4, -0.5
453 -> 196, -2, 1.75, 2, -2
454 -> 196, -1, 1.75, 1, -0.5
454 -> 196, -5, 0.25, 3, -1.5
454 -> 196, -3, 1.25, 1, -1.5
454 -> 196, -1, 1.75, 2, -0.5
454 -> 196, -1, 0.75, 3, -1
455 -> 196, -5, 0.25, 3, -0.5
455 -> 196, -5, 0.25, 4, -0.5
455 -> 196, -5, 0.25, 5, -0.5
455 -> 196, -4, 0.25, 3, -1
455 -> 196, -4, 0.25, 2, -1
456 -> 196, -5, 0.25, 1, -1
457 -> 196, -2, 1.75, 5, -1.5
457 -> 196, -5, 1.75, 4, -2
457 -> 196, -4, 0.25, 5, -2
458 -> 196, -2, 1.25, 1, -0.5
458 -> 196, -4, 0.25, 2, -2
458 -> 196, -5, 0.75, 1, -1
459 -> 196, -2, 0.25, 3, -1.5
460 -> 196, -2, 0.25, 1, -0.5
460 -> 196, -2, 0.25, 2, -0.5
460 -> 196, -5, 0.25, 2, -1.5
461 -> 196, -2, 0.25, 3, -0.5
461 -> 196, -2, 0.25, 4, -0.5
461 -> 196, -2, 0.25, 5, -0.5
461 -> 196, -1, 0.25, 1, -1.5
462 -> 196, -2, 0.25, 5, -1.5
462 -> 196, -2, 0.25, 4, -1.5
462 -> 196, -3, 0.75, 3, -1.5
462 -> 196, -5, 1.75, 4, -0.5
462 -> 196, -1, 0.75, 4, -2
463 -> 196, -5, 0.25, 4, -1.5
465 -> 196, -5, 0.25, 1, -1.5
465 -> 196, -3, 1.75, 5, -0.5
465 -> 196, -3, 1.25, 5, -1.5
466 -> 196, -2, 0.75, 3, -1
468 -> 196, -3, 1.75, 4, -1.5
468 -> 196, -3, 1.75, 3, -1.5
469 -> 196, -4, 0.75, 5, -1
470 -> 196, -4, 0.75, 1, -1
470 -> 196, -4, 0.75, 2, -1
470 -> 196, -4, 0.75, 3, -1
470 -> 196, -4, 0.75, 4, -1
471 -> 196, -2, 0.25, 1, -1.5
471 -> 196, -2, 0.25, 2, -1.5
473 -> 196, -2, 0.75, 5, -1
474 -> 196, -2, 1.75, 5, -2
474 -> 196, -2, 1.75, 4, -2
474 -> 196, -5, 1.75, 1, -2
475 -> 196, -3, 0.75, 4, -2
475 -> 196, -3, 0.75, 5, -2
476 -> 196, -2, 0.75, 3, -0.5
478 -> 196, -3, 1.75, 5, -1.5
478 -> 196, -3, 1.25, 1, -0.5
479 -> 196, -3, 1.75, 1, -2
479 -> 196, -3, 1.75, 3, -2
479 -> 196, -3, 1.75, 2, -2
480 -> 196, -5, 0.75, 3, -1.5
480 -> 196, -5, 0.75, 2, -1.5
480 -> 196, -1, 1.75, 3, -1
480 -> 196, -5, 0.75, 5, -1.5
480 -> 196, -5, 0.75, 4, -1.5
482 -> 196, -3, 1.25, 2, -0.5
484 -> 196, -5, 1.25, 2, -1
485 -> 196, -5, 0.75, 1, -2
486 -> 196, -1, 0.25, 3, -1
486 -> 196, -3, 0.25, 4, -2
486 -> 196, -1, 0.25, 5, -1
486 -> 196, -1, 0.25, 4, -1
486 -> 196, -3, 0.25, 2, -2
486 -> 196, -3, 0.25, 3, -2
487 -> 196, -1, 0.25, 4, -1.5
487 -> 196, -1, 0.25, 2, -1.5
487 -> 196, -2, 0.75, 4, -1
487 -> 196, -1, 0.25, 3, -1.5
489 -> 196, -3, 0.75, 3, -2
492 -> 196, -5, 1.25, 1, -1
494 -> 196, -3, 0.25, 4, -1.5
494 -> 196, -3, 0.25, 5, -1.5
495 -> 196, -4, 1.75, 5, -1
498 -> 196, -5, 0.25, 1, -0.5
502 -> 196, -4, 1.25, 4, -1
505 -> 196, -1, 0.25, 2, -1
509 -> 196, -4, 1.25, 5, -1.5
512 -> 196, -4, 1.75, 4, -1
514 -> 196, -2, 1.25, 3, -1.5
518 -> 196, -3, 0.25, 1, -1.5
525 -> 196, -5, 1.75, 5, -1
525 -> 196, -5, 1.75, 4, -1
527 -> 196, -4, 1.25, 1, -0.5
529 -> 196, -3, 1.75, 2, -0.5
537 -> 196, -3, 1.75, 3, -0.5
544 -> 196, -4, 1.25, 4, -0.5
545 -> 196, -5, 1.25, 4, -0.5
548 -> 196, -5, 1.25, 3, -0.5
553 -> 196, -2, 0.25, 4, -1
553 -> 196, -2, 0.25, 1, -1
553 -> 196, -2, 0.25, 5, -1
553 -> 196, -2, 0.25, 2, -1
553 -> 196, -2, 0.25, 3, -1
556 -> 196, -3, 0.25, 1, -1
556 -> 196, -3, 0.25, 5, -1
556 -> 196, -3, 0.25, 4, -1
556 -> 196, -3, 0.25, 3, -1
556 -> 196, -3, 0.25, 2, -1
559 -> 196, -4, 0.75, 2, -1.5
559 -> 196, -4, 0.75, 5, -1.5
559 -> 196, -4, 0.75, 4, -1.5
559 -> 196, -4, 0.75, 1, -1.5
559 -> 196, -4, 0.75, 3, -1.5
566 -> 196, -5, 1.25, 2, -0.5
568 -> 196, -5, 1.25, 1, -0.5
576 -> 196, -3, 0.25, 1, -2
576 -> 196, -4, 1.75, 2, -1
576 -> 196, -4, 1.75, 1, -1
576 -> 196, -4, 1.75, 3, -1
588 -> 196, -4, 1.75, 4, -0.5
588 -> 196, -4, 1.75, 3, -0.5
590 -> 196, -4, 0.75, 1, -0.5
590 -> 196, -4, 0.75, 2, -0.5
593 -> 196, -5, 1.75, 5, -0.5
594 -> 196, -5, 1.25, 5, -1
594 -> 196, -5, 1.25, 4, -1
594 -> 196, -5, 1.25, 3, -1
612 -> 196, -4, 1.75, 2, -0.5
614 -> 196, -3, 0.25, 4, -0.5
614 -> 196, -3, 0.25, 5, -0.5
645 -> 196, -4, 0.75, 5, -0.5
645 -> 196, -4, 0.75, 4, -0.5
645 -> 196, -4, 0.75, 3, -0.5
658 -> 196, -5, 0.75, 5, -0.5
658 -> 196, -5, 0.75, 4, -0.5
676 -> 196, -5, 0.75, 2, -0.5
676 -> 196, -5, 0.75, 3, -0.5
676 -> 196, -5, 0.75, 1, -0.5
687 -> 196, -5, 1.75, 1, -0.5
687 -> 196, -5, 1.75, 2, -0.5
