365 -> 471, -1, 1.75, 5, -0.5
366 -> 471, -1, 1.75, 3, -1.5
369 -> 471, -2, 1.75, 3, -0.5
370 -> 471, -1, 1.75, 2, -0.5
384 -> 471, -3, 1.25, 4, -0.5
388 -> 471, -5, 1.75, 4, -1
388 -> 471, -2, 0.75, 5, -0.5
389 -> 471, -3, 1.25, 5, -0.5
390 -> 471, -4, 1.75, 2, -1.5
390 -> 471, -4, 1.75, 1, -1.5
390 -> 471, -4, 1.75, 3, -1.5
392 -> 471, -2, 1.25, 3, -0.5
392 -> 471, -1, 1.75, 4, -1
393 -> 471, -3, 1.25, 1, -1
396 -> 471, -4, 1.75, 5, -2
398 -> 471, -4, 1.25, 3, -1
398 -> 471, -4, 1.25, 2, -1
398 -> 471, -4, 1.25, 4, -1
400 -> 471, -4, 0.75, 3, -0.5
401 -> 471, -2, 0.25, 5, -0.5
402 -> 471, -3, 1.25, 2, -1
402 -> 471, -4, 0.75, 5, -0.5
404 -> 471, -2, 0.75, 3, -1.5
404 -> 471, -1, 1.75, 4, -0.5
404 -> 471, -2, 0.75, 4, -1.5
404 -> 471, -2, 0.75, 2, -1.5
404 -> 471, -5, 1.75, 3, -1
405 -> 471, -1, 1.25, 4, -0.5
406 -> 471, -2, 1.75, 5, -0.5
406 -> 471, -1, 1.25, 5, -0.5
406 -> 471, -1, 1.75, 1, -0.5
407 -> 471, -4, 1.75, 5, -1.5
407 -> 471, -2, 0.75, 1, -1.5
409 -> 471, -2, 1.25, 1, -0.5
410 -> 471, -1, 1.75, 3, -0.5
411 -> 471, -1, 0.75, 5, -0.5
411 -> 471, -2, 0.25, 4, -0.5
412 -> 471, -3, 1.25, 1, -0.5
412 -> 471, -5, 1.75, 5, -1.5
413 -> 471, -5, 1.75, 1, -1.5
413 -> 471, -5, 1.75, 3, -1.5
413 -> 471, -5, 1.75, 2, -1.5
413 -> 471, -5, 1.75, 4, -1.5
414 -> 471, -4, 0.75, 1, -1
414 -> 471, -1, 1.75, 3, -1
420 -> 471, -4, 0.25, 5, -1
420 -> 471, -1, 1.25, 3, -0.5
420 -> 471, -4, 0.25, 4, -1
421 -> 471, -3, 1.75, 5, -1
422 -> 471, -1, 0.25, 1, -1
422 -> 471, -2, 1.25, 4, -1
423 -> 471, -4, 1.25, 3, -1.5
423 -> 471, -4, 1.25, 4, -1.5
425 -> 471, -2, 1.75, 1, -2
425 -> 471, -2, 1.75, 1, -0.5
425 -> 471, -3, 0.75, 2, -0.5
425 -> 471, -4, 0.75, 1, -1.5
426 -> 471, -1, 0.75, 2, -1
427 -> 471, -1, 1.75, 4, -1.5
428 -> 471, -4, 1.25, 5, -1.5
428 -> 471, -1, 1.25, 5, -1.5
429 -> 471, -2, 0.75, 4, -0.5
429 -> 471, -3, 1.75, 2, -1.5
429 -> 471, -2, 0.75, 2, -0.5
429 -> 471, -3, 1.75, 4, -1
429 -> 471, -2, 0.75, 1, -0.5
429 -> 471, -3, 1.75, 3, -1.5
429 -> 471, -2, 0.75, 3, -0.5
429 -> 471, -3, 1.75, 3, -1
431 -> 471, -5, 1.25, 3, -1
431 -> 471, -1, 1.75, 2, -1.5
431 -> 471, -1, 1.25, 1, -0.5
431 -> 471, -5, 1.25, 2, -1
432 -> 471, -1, 1.25, 4, -1.5
432 -> 471, -4, 1.25, 2, -2
432 -> 471, -4, 0.75, 2, -1
432 -> 471, -1, 0.75, 1, -1.5
432 -> 471, -4, 0.75, 3, -1
433 -> 471, -2, 1.25, 3, -1
433 -> 471, -2, 1.25, 5, -2
433 -> 471, -2, 1.25, 2, -1
433 -> 471, -5, 1.25, 2, -1.5
434 -> 471, -3, 1.75, 1, -1
434 -> 471, -1, 1.75, 1, -1.5
434 -> 471, -1, 0.25, 4, -1.5
435 -> 471, -5, 1.25, 1, -2
435 -> 471, -5, 1.25, 3, -2
435 -> 471, -5, 1.25, 1, -1
435 -> 471, -5, 1.25, 2, -2
436 -> 471, -4, 0.25, 3, -0.5
436 -> 471, -4, 0.25, 2, -0.5
436 -> 471, -5, 0.75, 2, -1
436 -> 471, -5, 0.75, 1, -1
437 -> 471, -1, 1.25, 3, -2
437 -> 471, -1, 1.25, 2, -2
437 -> 471, -1, 1.25, 1, -2
437 -> 471, -1, 1.25, 4, -2
438 -> 471, -5, 0.25, 2, -0.5
438 -> 471, -5, 0.25, 4, -0.5
438 -> 471, -5, 0.25, 5, -0.5
438 -> 471, -5, 0.25, 3, -0.5
438 -> 471, -1, 0.75, 5, -1
438 -> 471, -5, 1.25, 1, -1.5
439 -> 471, -2, 0.75, 4, -2
440 -> 471, -3, 1.75, 5, -1.5
440 -> 471, -2, 1.75, 1, -1.5
440 -> 471, -1, 1.25, 2, -0.5
440 -> 471, -3, 1.75, 4, -1.5
442 -> 471, -1, 1.75, 1, -1
442 -> 471, -1, 1.75, 2, -1
442 -> 471, -1, 0.75, 2, -0.5
443 -> 471, -4, 0.25, 1, -0.5
443 -> 471, -5, 1.25, 4, -1
444 -> 471, -3, 0.75, 1, -1
444 -> 471, -1, 1.25, 3, -1
444 -> 471, -3, 1.25, 3, -0.5
445 -> 471, -2, 1.75, 5, -1
445 -> 471, -2, 1.75, 4, -1
445 -> 471, -1, 0.25, 3, -2
445 -> 471, -3, 1.25, 3, -2
445 -> 471, -3, 1.25, 2, -2
445 -> 471, -3, 1.75, 2, -1
445 -> 471, -2, 1.75, 3, -1
445 -> 471, -3, 1.25, 5, -1.5
446 -> 471, -3, 1.25, 3, -1.5
446 -> 471, -4, 1.75, 3, -2
446 -> 471, -4, 1.75, 1, -2
446 -> 471, -4, 1.75, 2, -2
446 -> 471, -3, 1.25, 4, -1.5
446 -> 471, -1, 0.75, 1, -2
447 -> 471, -2, 0.25, 1, -0.5
447 -> 471, -3, 0.75, 1, -0.5
448 -> 471, -2, 1.75, 4, -0.5
448 -> 471, -5, 0.75, 3, -1.5
448 -> 471, -5, 1.75, 2, -2
448 -> 471, -5, 0.75, 1, -1.5
448 -> 471, -5, 0.75, 2, -1.5
449 -> 471, -1, 1.25, 1, -1.5
450 -> 471, -1, 0.25, 5, -1.5
450 -> 471, -1, 0.75, 1, -0.5
450 -> 471, -5, 1.75, 1, -1
450 -> 471, -1, 1.25, 5, -1
450 -> 471, -2, 0.25, 3, -0.5
450 -> 471, -5, 1.25, 4, -1.5
450 -> 471, -2, 0.25, 2, -0.5
450 -> 471, -5, 1.25, 3, -1.5
451 -> 471, -2, 1.75, 1, -1
451 -> 471, -1, 0.75, 3, -0.5
451 -> 471, -1, 0.75, 4, -0.5
451 -> 471, -2, 1.75, 2, -1
452 -> 471, -3, 1.25, 1, -2
452 -> 471, -5, 1.75, 5, -2
452 -> 471, -2, 1.75, 2, -1.5
452 -> 471, -1, 0.25, 1, -2
453 -> 471, -2, 1.75, 5, -1.5
454 -> 471, -4, 0.25, 3, -1.5
454 -> 471, -1, 1.75, 5, -2
454 -> 471, -1, 1.75, 4, -2
454 -> 471, -1, 1.75, 2, -2
454 -> 471, -5, 1.75, 1, -2
454 -> 471, -1, 1.75, 3, -2
454 -> 471, -4, 0.25, 2, -1.5
455 -> 471, -4, 0.25, 4, -1.5
455 -> 471, -4, 0.25, 5, -1.5
456 -> 471, -1, 0.25, 4, -2
456 -> 471, -3, 0.75, 4, -0.5
456 -> 471, -3, 0.75, 5, -0.5
456 -> 471, -3, 1.25, 2, -1.5
456 -> 471, -2, 0.25, 3, -1.5
456 -> 471, -3, 1.25, 3, -1
456 -> 471, -3, 1.25, 4, -1
456 -> 471, -4, 1.25, 5, -2
456 -> 471, -2, 1.25, 5, -1
456 -> 471, -3, 1.25, 5, -1
456 -> 471, -4, 1.25, 1, -2
456 -> 471, -1, 0.75, 2, -1.5
456 -> 471, -1, 0.25, 5, -2
456 -> 471, -3, 0.75, 3, -0.5
457 -> 471, -5, 0.75, 5, -1
457 -> 471, -3, 1.75, 2, -2
457 -> 471, -5, 0.75, 4, -1
457 -> 471, -5, 0.75, 3, -1
458 -> 471, -5, 1.25, 5, -1.5
458 -> 471, -4, 0.25, 5, -0.5
458 -> 471, -1, 1.75, 5, -1
458 -> 471, -2, 1.75, 3, -1.5
458 -> 471, -3, 0.25, 4, -1.5
458 -> 471, -3, 0.25, 2, -1.5
458 -> 471, -3, 0.25, 3, -1.5
458 -> 471, -4, 0.25, 4, -0.5
458 -> 471, -3, 0.25, 5, -1.5
459 -> 471, -3, 1.25, 5, -2
459 -> 471, -3, 0.25, 4, -1
459 -> 471, -3, 0.25, 5, -1
459 -> 471, -1, 0.25, 3, -1.5
460 -> 471, -1, 0.75, 1, -1
463 -> 471, -4, 1.75, 2, -0.5
463 -> 471, -3, 0.25, 2, -0.5
463 -> 471, -5, 1.25, 5, -2
463 -> 471, -3, 0.25, 1, -0.5
463 -> 471, -4, 1.75, 1, -1
463 -> 471, -4, 1.75, 2, -1
463 -> 471, -4, 1.75, 3, -1
464 -> 471, -2, 0.75, 5, -2
465 -> 471, -3, 1.25, 1, -1.5
465 -> 471, -3, 0.25, 2, -1
465 -> 471, -4, 1.75, 3, -0.5
465 -> 471, -4, 1.75, 4, -1
466 -> 471, -4, 1.75, 5, -1
466 -> 471, -3, 0.25, 1, -1
466 -> 471, -4, 1.25, 3, -2
466 -> 471, -4, 1.25, 4, -2
466 -> 471, -4, 0.25, 1, -1.5
467 -> 471, -4, 0.75, 1, -0.5
467 -> 471, -1, 1.75, 1, -2
467 -> 471, -1, 1.25, 2, -1.5
467 -> 471, -4, 0.75, 2, -0.5
467 -> 471, -1, 1.25, 3, -1.5
468 -> 471, -3, 1.25, 4, -2
468 -> 471, -4, 1.25, 1, -1.5
468 -> 471, -5, 1.75, 2, -1
468 -> 471, -4, 1.25, 2, -1.5
469 -> 471, -5, 1.25, 5, -1
469 -> 471, -2, 1.25, 1, -2
469 -> 471, -4, 1.75, 4, -1.5
469 -> 471, -4, 1.25, 1, -1
469 -> 471, -2, 1.25, 4, -2
469 -> 471, -1, 1.75, 5, -1.5
469 -> 471, -2, 1.25, 3, -2
469 -> 471, -2, 1.25, 2, -2
470 -> 471, -2, 0.75, 3, -2
470 -> 471, -2, 0.75, 2, -2
471 -> 471, -2, 0.25, 4, -1.5
473 -> 471, -3, 1.75, 1, -1.5
474 -> 471, -1, 1.25, 2, -1
474 -> 471, -1, 1.25, 1, -1
475 -> 471, -1, 0.25, 2, -2
476 -> 471, -2, 0.75, 5, -1
476 -> 471, -2, 0.75, 1, -1
476 -> 471, -3, 0.25, 3, -1
476 -> 471, -4, 0.75, 3, -1.5
476 -> 471, -2, 0.75, 2, -1
476 -> 471, -4, 0.75, 4, -1.5
476 -> 471, -2, 0.75, 3, -1
476 -> 471, -4, 0.75, 5, -1.5
476 -> 471, -2, 0.75, 4, -1
477 -> 471, -2, 1.25, 1, -1
477 -> 471, -4, 1.75, 4, -0.5
477 -> 471, -1, 0.25, 2, -1
477 -> 471, -4, 1.75, 5, -0.5
478 -> 471, -4, 0.75, 2, -1.5
478 -> 471, -1, 0.25, 1, -0.5
478 -> 471, -3, 0.75, 3, -1.5
478 -> 471, -1, 0.25, 2, -0.5
478 -> 471, -3, 0.75, 2, -1.5
478 -> 471, -1, 0.25, 3, -0.5
478 -> 471, -1, 0.25, 4, -0.5
478 -> 471, -3, 0.75, 1, -1.5
478 -> 471, -3, 0.75, 4, -1.5
478 -> 471, -3, 0.75, 5, -1.5
479 -> 471, -2, 0.25, 4, -2
479 -> 471, -2, 0.25, 3, -2
479 -> 471, -2, 0.25, 2, -2
479 -> 471, -2, 0.25, 1, -2
479 -> 471, -1, 0.75, 5, -2
479 -> 471, -1, 0.75, 4, -2
479 -> 471, -3, 0.25, 1, -1.5
480 -> 471, -3, 0.75, 2, -1
480 -> 471, -3, 0.25, 5, -0.5
480 -> 471, -3, 0.75, 5, -1
480 -> 471, -3, 0.25, 4, -0.5
480 -> 471, -3, 0.75, 4, -1
480 -> 471, -3, 1.75, 1, -2
480 -> 471, -3, 0.75, 3, -1
480 -> 471, -1, 0.25, 2, -1.5
481 -> 471, -3, 0.75, 4, -2
481 -> 471, -3, 0.75, 5, -2
482 -> 471, -2, 1.25, 4, -0.5
482 -> 471, -3, 1.75, 1, -0.5
482 -> 471, -3, 1.75, 2, -0.5
482 -> 471, -3, 1.75, 3, -0.5
482 -> 471, -3, 1.75, 4, -0.5
482 -> 471, -3, 1.75, 5, -0.5
482 -> 471, -2, 1.25, 5, -0.5
483 -> 471, -5, 0.25, 1, -1
483 -> 471, -5, 0.25, 3, -1
483 -> 471, -5, 0.25, 2, -1
484 -> 471, -4, 0.75, 2, -2
484 -> 471, -4, 0.75, 1, -2
484 -> 471, -2, 0.75, 1, -2
484 -> 471, -5, 0.25, 1, -1.5
484 -> 471, -2, 1.25, 2, -0.5
485 -> 471, -2, 1.75, 2, -0.5
485 -> 471, -4, 1.75, 1, -0.5
486 -> 471, -1, 0.75, 5, -1.5
486 -> 471, -5, 1.25, 4, -2
487 -> 471, -1, 0.25, 3, -1
487 -> 471, -5, 1.75, 3, -2
487 -> 471, -3, 0.75, 2, -2
487 -> 471, -3, 0.75, 3, -2
487 -> 471, -5, 1.75, 4, -2
488 -> 471, -5, 1.25, 1, -0.5
488 -> 471, -5, 1.25, 2, -0.5
489 -> 471, -1, 1.25, 5, -2
490 -> 471, -5, 0.25, 5, -1
491 -> 471, -2, 0.25, 5, -2
492 -> 471, -5, 0.25, 3, -1.5
492 -> 471, -5, 0.25, 2, -1.5
492 -> 471, -4, 0.75, 5, -1
492 -> 471, -5, 0.25, 5, -1.5
492 -> 471, -4, 0.75, 4, -1
492 -> 471, -5, 0.25, 4, -1.5
493 -> 471, -3, 1.25, 2, -0.5
493 -> 471, -1, 1.25, 4, -1
493 -> 471, -1, 0.75, 3, -1.5
494 -> 471, -1, 0.75, 4, -1.5
494 -> 471, -2, 1.75, 4, -1.5
494 -> 471, -4, 1.75, 4, -2
495 -> 471, -1, 0.75, 3, -1
495 -> 471, -2, 0.25, 2, -1.5
495 -> 471, -1, 0.75, 4, -1
495 -> 471, -2, 0.25, 1, -1.5
496 -> 471, -5, 0.75, 5, -1.5
496 -> 471, -5, 0.75, 4, -1.5
498 -> 471, -2, 1.75, 5, -2
498 -> 471, -2, 1.75, 2, -2
498 -> 471, -2, 1.75, 3, -2
498 -> 471, -2, 1.75, 4, -2
499 -> 471, -5, 0.25, 3, -2
499 -> 471, -5, 0.25, 5, -2
499 -> 471, -5, 0.25, 4, -2
499 -> 471, -5, 0.25, 1, -2
499 -> 471, -1, 0.25, 1, -1.5
499 -> 471, -4, 1.25, 5, -1
499 -> 471, -5, 0.25, 2, -2
500 -> 471, -2, 1.25, 1, -1.5
500 -> 471, -3, 1.75, 4, -2
500 -> 471, -2, 1.25, 2, -1.5
500 -> 471, -2, 1.25, 3, -1.5
500 -> 471, -2, 1.25, 4, -1.5
500 -> 471, -2, 1.25, 5, -1.5
500 -> 471, -3, 1.75, 5, -2
500 -> 471, -3, 1.75, 3, -2
502 -> 471, -4, 0.75, 4, -2
502 -> 471, -4, 0.75, 3, -2
502 -> 471, -4, 0.75, 5, -2
502 -> 471, -2, 0.75, 5, -1.5
503 -> 471, -3, 0.25, 3, -0.5
503 -> 471, -1, 0.75, 2, -2
503 -> 471, -5, 1.75, 5, -0.5
503 -> 471, -4, 0.25, 5, -2
503 -> 471, -4, 0.25, 4, -2
503 -> 471, -1, 0.75, 3, -2
504 -> 471, -5, 1.75, 2, -0.5
504 -> 471, -5, 1.75, 4, -0.5
504 -> 471, -5, 0.75, 5, -2
504 -> 471, -5, 1.75, 3, -0.5
504 -> 471, -5, 0.75, 3, -2
504 -> 471, -5, 1.75, 1, -0.5
504 -> 471, -5, 0.75, 4, -2
507 -> 471, -3, 0.75, 1, -2
508 -> 471, -5, 0.75, 1, -0.5
508 -> 471, -1, 0.25, 5, -1
508 -> 471, -5, 1.25, 3, -0.5
508 -> 471, -1, 0.25, 4, -1
508 -> 471, -5, 1.25, 4, -0.5
510 -> 471, -4, 0.25, 1, -2
511 -> 471, -4, 1.25, 4, -0.5
511 -> 471, -4, 1.25, 2, -0.5
511 -> 471, -4, 1.25, 5, -0.5
511 -> 471, -4, 1.25, 3, -0.5
513 -> 471, -4, 1.25, 1, -0.5
516 -> 471, -4, 0.25, 2, -1
516 -> 471, -4, 0.25, 3, -1
516 -> 471, -4, 0.25, 1, -1
521 -> 471, -5, 1.25, 5, -0.5
521 -> 471, -1, 0.25, 5, -0.5
524 -> 471, -5, 0.75, 1, -2
524 -> 471, -5, 0.75, 2, -2
525 -> 471, -2, 0.25, 5, -1
525 -> 471, -2, 0.25, 4, -1
525 -> 471, -2, 0.25, 1, -1
525 -> 471, -2, 0.25, 3, -1
525 -> 471, -2, 0.25, 2, -1
528 -> 471, -4, 0.25, 3, -2
529 -> 471, -4, 0.25, 2, -2
532 -> 471, -5, 1.75, 5, -1
534 -> 471, -5, 0.25, 1, -0.5
535 -> 471, -5, 0.75, 4, -0.5
535 -> 471, -5, 0.75, 5, -0.5
536 -> 471, -2, 0.25, 5, -1.5
539 -> 471, -4, 0.75, 4, -0.5
540 -> 471, -3, 0.25, 1, -2
540 -> 471, -3, 0.25, 2, -2
540 -> 471, -3, 0.25, 3, -2
543 -> 471, -3, 0.25, 4, -2
543 -> 471, -3, 0.25, 5, -2
546 -> 471, -5, 0.25, 4, -1
555 -> 471, -5, 0.75, 2, -0.5
555 -> 471, -5, 0.75, 3, -0.5
