316 -> 108, -5, 0.75, 4, -2
319 -> 108, -5, 0.75, 3, -2
332 -> 108, -5, 1.75, 5, -2
338 -> 108, -4, 0.75, 5, -2
340 -> 108, -5, 0.25, 5, -0.5
341 -> 108, -5, 0.25, 4, -1
343 -> 108, -5, 1.75, 3, -2
346 -> 108, -1, 1.75, 2, -0.5
346 -> 108, -5, 1.75, 2, -1
346 -> 108, -5, 1.25, 5, -2
347 -> 108, -4, 1.75, 5, -2
351 -> 108, -5, 0.75, 4, -1.5
351 -> 108, -5, 0.25, 5, -1
356 -> 108, -5, 1.75, 4, -1.5
356 -> 108, -5, 1.75, 5, -1.5
356 -> 108, -5, 1.75, 3, -1.5
356 -> 108, -3, 1.75, 4, -1.5
357 -> 108, -1, 1.75, 1, -2
357 -> 108, -5, 1.75, 4, -2
361 -> 108, -4, 1.75, 1, -2
363 -> 108, -3, 1.25, 1, -2
363 -> 108, -5, 1.25, 1, -2
364 -> 108, -5, 0.75, 5, -2
365 -> 108, -5, 0.25, 3, -1
368 -> 108, -5, 0.75, 1, -2
368 -> 108, -5, 0.75, 2, -2
369 -> 108, -1, 1.75, 3, -0.5
370 -> 108, -5, 0.25, 5, -2
373 -> 108, -3, 0.25, 4, -0.5
374 -> 108, -3, 1.75, 2, -1.5
374 -> 108, -2, 1.25, 4, -0.5
374 -> 108, -1, 0.75, 2, -1.5
375 -> 108, -5, 1.75, 2, -2
375 -> 108, -3, 1.75, 1, -1.5
376 -> 108, -4, 1.75, 2, -2
376 -> 108, -4, 0.75, 3, -1
376 -> 108, -4, 0.75, 4, -1
376 -> 108, -2, 0.75, 2, -1.5
376 -> 108, -4, 1.75, 3, -2
376 -> 108, -4, 1.75, 4, -2
378 -> 108, -1, 1.25, 4, -2
378 -> 108, -1, 1.25, 3, -0.5
379 -> 108, -5, 1.25, 5, -1
380 -> 108, -3, 1.75, 5, -2
380 -> 108, -1, 1.25, 4, -1.5
381 -> 108, -3, 1.75, 2, -1
381 -> 108, -1, 1.25, 1, -2
381 -> 108, -3, 1.25, 2, -2
381 -> 108, -3, 1.75, 3, -1
382 -> 108, -3, 1.25, 5, -2
383 -> 108, -1, 1.25, 2, -0.5
385 -> 108, -4, 0.75, 2, -1
386 -> 108, -3, 1.25, 5, -1
386 -> 108, -5, 1.25, 4, -1
387 -> 108, -3, 0.25, 3, -2
389 -> 108, -3, 1.75, 1, -1
389 -> 108, -3, 0.75, 2, -0.5
390 -> 108, -1, 0.75, 1, -1.5
390 -> 108, -2, 1.25, 5, -1
390 -> 108, -5, 1.75, 4, -1
390 -> 108, -2, 0.75, 4, -2
390 -> 108, -2, 1.25, 4, -1
390 -> 108, -1, 1.25, 1, -0.5
390 -> 108, -1, 1.25, 3, -1.5
391 -> 108, -2, 1.75, 5, -1
391 -> 108, -2, 0.75, 3, -1.5
392 -> 108, -5, 0.75, 1, -1.5
392 -> 108, -3, 0.75, 2, -2
392 -> 108, -3, 1.75, 3, -1.5
392 -> 108, -3, 1.25, 3, -2
392 -> 108, -3, 1.25, 4, -2
393 -> 108, -1, 1.25, 4, -0.5
393 -> 108, -2, 0.75, 3, -2
394 -> 108, -5, 1.25, 4, -2
394 -> 108, -2, 0.75, 1, -1
394 -> 108, -1, 1.75, 5, -1
394 -> 108, -5, 1.75, 1, -1.5
394 -> 108, -5, 1.75, 1, -2
394 -> 108, -2, 0.75, 2, -1
396 -> 108, -4, 1.75, 2, -0.5
397 -> 108, -4, 1.75, 4, -1.5
397 -> 108, -3, 0.25, 5, -0.5
397 -> 108, -2, 1.75, 5, -1.5
399 -> 108, -5, 0.75, 2, -1
401 -> 108, -1, 1.75, 1, -0.5
401 -> 108, -2, 1.75, 4, -2
401 -> 108, -2, 1.25, 1, -2
402 -> 108, -3, 0.75, 1, -1
403 -> 108, -1, 1.25, 5, -1.5
403 -> 108, -5, 1.25, 3, -2
403 -> 108, -5, 1.25, 2, -2
404 -> 108, -2, 0.75, 1, -1.5
404 -> 108, -4, 1.75, 1, -1.5
404 -> 108, -3, 0.25, 3, -1.5
406 -> 108, -1, 1.25, 2, -1.5
406 -> 108, -2, 0.75, 5, -1
407 -> 108, -4, 1.75, 3, -1.5
407 -> 108, -3, 1.75, 5, -1
408 -> 108, -3, 0.25, 2, -1.5
408 -> 108, -2, 1.75, 3, -2
408 -> 108, -3, 1.75, 2, -2
408 -> 108, -3, 1.75, 3, -2
408 -> 108, -4, 1.75, 1, -0.5
408 -> 108, -3, 1.75, 4, -2
409 -> 108, -1, 0.25, 3, -2
409 -> 108, -2, 1.75, 5, -2
409 -> 108, -4, 0.25, 1, -1
410 -> 108, -1, 1.25, 5, -2
411 -> 108, -1, 1.75, 5, -0.5
411 -> 108, -1, 1.75, 4, -0.5
412 -> 108, -2, 1.25, 5, -1.5
412 -> 108, -5, 1.25, 5, -1.5
412 -> 108, -2, 1.25, 4, -1.5
413 -> 108, -1, 0.75, 2, -1
413 -> 108, -4, 1.25, 3, -2
413 -> 108, -3, 1.75, 4, -1
414 -> 108, -5, 1.25, 3, -1
414 -> 108, -4, 1.25, 5, -1.5
414 -> 108, -3, 0.75, 5, -1.5
414 -> 108, -4, 0.75, 4, -2
414 -> 108, -2, 1.25, 5, -2
414 -> 108, -3, 0.75, 4, -1.5
415 -> 108, -1, 0.75, 3, -2
415 -> 108, -1, 0.75, 4, -2
415 -> 108, -1, 0.75, 2, -2
416 -> 108, -2, 1.25, 3, -1.5
416 -> 108, -3, 1.25, 5, -1.5
416 -> 108, -4, 1.75, 2, -1.5
417 -> 108, -4, 1.75, 5, -1.5
418 -> 108, -1, 1.75, 3, -2
418 -> 108, -2, 0.75, 5, -2
418 -> 108, -1, 1.75, 4, -2
419 -> 108, -3, 0.75, 2, -1
420 -> 108, -5, 0.25, 4, -2
421 -> 108, -1, 1.75, 3, -1.5
421 -> 108, -5, 1.75, 2, -1.5
422 -> 108, -4, 0.75, 4, -1.5
423 -> 108, -5, 1.25, 1, -1.5
423 -> 108, -3, 0.75, 3, -2
424 -> 108, -3, 0.25, 2, -0.5
424 -> 108, -3, 0.75, 4, -2
424 -> 108, -3, 1.25, 3, -1.5
424 -> 108, -3, 1.75, 5, -1.5
424 -> 108, -3, 0.75, 5, -2
425 -> 108, -4, 0.75, 2, -2
425 -> 108, -5, 0.25, 3, -2
425 -> 108, -3, 1.25, 2, -1.5
425 -> 108, -5, 0.25, 2, -2
425 -> 108, -3, 1.25, 1, -1.5
425 -> 108, -4, 0.75, 1, -2
425 -> 108, -5, 0.25, 1, -2
426 -> 108, -1, 0.25, 2, -1.5
426 -> 108, -1, 0.25, 1, -1.5
426 -> 108, -3, 0.75, 3, -1
426 -> 108, -1, 0.25, 3, -1.5
426 -> 108, -1, 0.25, 4, -1.5
426 -> 108, -1, 0.25, 5, -1.5
427 -> 108, -3, 1.75, 1, -2
427 -> 108, -2, 1.25, 2, -1.5
427 -> 108, -1, 0.75, 5, -1
427 -> 108, -2, 1.25, 1, -1.5
427 -> 108, -4, 0.75, 3, -2
428 -> 108, -1, 0.75, 4, -1
428 -> 108, -4, 1.25, 5, -2
428 -> 108, -1, 0.75, 3, -1
428 -> 108, -5, 1.25, 2, -1.5
428 -> 108, -4, 1.25, 4, -2
428 -> 108, -2, 1.75, 4, -1.5
428 -> 108, -4, 0.75, 1, -1
428 -> 108, -5, 1.25, 3, -1.5
428 -> 108, -1, 1.25, 1, -1.5
429 -> 108, -2, 0.25, 5, -2
429 -> 108, -1, 1.75, 1, -1.5
429 -> 108, -2, 0.75, 3, -1
431 -> 108, -5, 0.75, 5, -1
431 -> 108, -2, 0.75, 4, -1
431 -> 108, -1, 1.75, 5, -2
431 -> 108, -4, 1.25, 4, -1
432 -> 108, -2, 1.25, 2, -2
432 -> 108, -2, 1.25, 3, -2
432 -> 108, -2, 1.25, 4, -2
434 -> 108, -2, 0.75, 1, -0.5
434 -> 108, -4, 1.25, 1, -2
434 -> 108, -4, 1.25, 2, -1.5
434 -> 108, -4, 1.25, 2, -2
434 -> 108, -1, 1.25, 3, -1
434 -> 108, -4, 1.25, 4, -1.5
434 -> 108, -1, 1.25, 5, -0.5
434 -> 108, -4, 1.25, 3, -1.5
435 -> 108, -4, 0.75, 1, -0.5
435 -> 108, -1, 0.25, 1, -2
435 -> 108, -2, 1.25, 2, -1
435 -> 108, -2, 0.75, 5, -1.5
435 -> 108, -2, 0.25, 4, -2
435 -> 108, -2, 0.75, 4, -1.5
435 -> 108, -1, 0.25, 2, -2
436 -> 108, -2, 0.75, 1, -2
437 -> 108, -5, 0.75, 4, -1
437 -> 108, -5, 1.75, 3, -1
437 -> 108, -5, 0.75, 3, -1
438 -> 108, -3, 1.25, 4, -1.5
438 -> 108, -1, 0.75, 1, -2
439 -> 108, -1, 0.75, 1, -1
439 -> 108, -1, 1.25, 4, -1
439 -> 108, -1, 1.25, 5, -1
439 -> 108, -2, 0.75, 2, -0.5
441 -> 108, -2, 1.25, 1, -1
441 -> 108, -3, 0.75, 3, -0.5
441 -> 108, -2, 1.75, 1, -1.5
443 -> 108, -4, 0.25, 1, -2
444 -> 108, -2, 0.75, 2, -2
444 -> 108, -2, 0.25, 1, -1.5
444 -> 108, -1, 1.75, 3, -1
444 -> 108, -4, 0.25, 5, -1
444 -> 108, -4, 0.25, 4, -1
444 -> 108, -4, 0.25, 3, -1
444 -> 108, -3, 1.25, 4, -0.5
446 -> 108, -3, 0.75, 3, -1.5
446 -> 108, -1, 0.75, 5, -2
447 -> 108, -1, 0.25, 5, -2
447 -> 108, -1, 0.25, 4, -2
448 -> 108, -2, 1.75, 4, -1
448 -> 108, -3, 0.75, 1, -2
449 -> 108, -1, 1.75, 1, -1
449 -> 108, -1, 1.75, 2, -2
449 -> 108, -2, 1.25, 1, -0.5
450 -> 108, -3, 0.25, 3, -0.5
450 -> 108, -2, 0.25, 1, -1
450 -> 108, -2, 0.25, 2, -1
451 -> 108, -4, 0.75, 5, -1.5
451 -> 108, -4, 0.25, 3, -0.5
452 -> 108, -3, 1.75, 1, -0.5
452 -> 108, -3, 1.25, 3, -0.5
452 -> 108, -5, 1.75, 5, -1
453 -> 108, -2, 1.75, 1, -2
453 -> 108, -4, 1.25, 1, -1.5
453 -> 108, -3, 0.25, 1, -1.5
453 -> 108, -1, 1.75, 2, -1.5
453 -> 108, -2, 1.25, 3, -1
453 -> 108, -1, 1.75, 2, -1
453 -> 108, -2, 1.75, 2, -2
454 -> 108, -1, 1.75, 5, -1.5
454 -> 108, -1, 1.75, 4, -1.5
455 -> 108, -2, 0.25, 2, -1.5
457 -> 108, -1, 0.75, 4, -1.5
457 -> 108, -1, 0.75, 5, -1.5
457 -> 108, -3, 1.25, 3, -1
457 -> 108, -3, 1.25, 2, -1
458 -> 108, -5, 1.25, 1, -1
458 -> 108, -5, 0.25, 5, -1.5
459 -> 108, -5, 0.25, 2, -1.5
459 -> 108, -5, 0.25, 1, -1.5
459 -> 108, -2, 1.75, 1, -1
459 -> 108, -1, 1.25, 3, -2
459 -> 108, -5, 0.25, 3, -1.5
459 -> 108, -1, 1.25, 2, -2
459 -> 108, -5, 0.25, 4, -1.5
462 -> 108, -4, 1.75, 1, -1
463 -> 108, -3, 1.75, 2, -0.5
464 -> 108, -2, 0.25, 4, -0.5
464 -> 108, -1, 1.75, 4, -1
464 -> 108, -2, 0.25, 3, -0.5
466 -> 108, -1, 0.75, 5, -0.5
466 -> 108, -5, 1.75, 1, -1
466 -> 108, -1, 0.75, 4, -0.5
466 -> 108, -1, 0.75, 3, -0.5
466 -> 108, -5, 0.75, 5, -1.5
466 -> 108, -1, 0.25, 1, -0.5
466 -> 108, -3, 1.25, 2, -0.5
467 -> 108, -4, 0.75, 3, -1.5
467 -> 108, -2, 1.75, 3, -1.5
467 -> 108, -2, 1.75, 2, -1.5
467 -> 108, -2, 1.25, 3, -0.5
468 -> 108, -2, 0.25, 5, -1
469 -> 108, -4, 0.75, 2, -1.5
469 -> 108, -4, 0.75, 1, -1.5
469 -> 108, -1, 0.25, 2, -1
470 -> 108, -3, 0.75, 5, -1
470 -> 108, -2, 0.25, 3, -1
470 -> 108, -2, 0.25, 4, -1
470 -> 108, -1, 0.25, 2, -0.5
470 -> 108, -1, 0.25, 1, -1
470 -> 108, -3, 0.75, 4, -1
471 -> 108, -2, 0.25, 3, -2
471 -> 108, -2, 0.25, 2, -2
471 -> 108, -2, 0.25, 1, -2
473 -> 108, -3, 1.25, 4, -1
476 -> 108, -3, 0.25, 2, -2
476 -> 108, -3, 0.25, 2, -1
476 -> 108, -3, 0.25, 1, -2
477 -> 108, -1, 1.25, 2, -1
477 -> 108, -2, 0.25, 4, -1.5
477 -> 108, -2, 0.25, 5, -1.5
477 -> 108, -2, 0.25, 3, -1.5
477 -> 108, -1, 1.25, 1, -1
478 -> 108, -4, 0.25, 5, -1.5
478 -> 108, -4, 0.25, 4, -1.5
478 -> 108, -4, 0.25, 2, -1.5
478 -> 108, -4, 0.25, 3, -1.5
479 -> 108, -4, 0.25, 2, -1
479 -> 108, -3, 0.25, 1, -1
479 -> 108, -4, 1.75, 2, -1
480 -> 108, -4, 0.25, 1, -1.5
482 -> 108, -3, 0.25, 4, -1.5
482 -> 108, -4, 0.25, 2, -0.5
482 -> 108, -3, 0.25, 5, -1.5
484 -> 108, -5, 0.75, 1, -1
485 -> 108, -4, 0.25, 1, -0.5
486 -> 108, -2, 0.25, 1, -0.5
486 -> 108, -1, 0.25, 4, -0.5
486 -> 108, -2, 1.75, 3, -0.5
486 -> 108, -2, 1.75, 5, -0.5
486 -> 108, -2, 1.75, 4, -0.5
486 -> 108, -3, 1.75, 3, -0.5
486 -> 108, -1, 0.25, 3, -0.5
487 -> 108, -5, 1.25, 4, -1.5
487 -> 108, -4, 0.75, 2, -0.5
489 -> 108, -4, 0.25, 3, -2
489 -> 108, -1, 0.25, 4, -1
489 -> 108, -4, 0.25, 4, -2
489 -> 108, -4, 0.25, 5, -2
489 -> 108, -5, 0.25, 4, -0.5
489 -> 108, -4, 0.25, 2, -2
489 -> 108, -1, 0.25, 3, -1
490 -> 108, -2, 1.25, 5, -0.5
490 -> 108, -1, 0.25, 5, -0.5
493 -> 108, -3, 0.75, 1, -1.5
493 -> 108, -3, 0.75, 2, -1.5
495 -> 108, -2, 1.75, 2, -1
495 -> 108, -4, 1.75, 3, -0.5
495 -> 108, -2, 1.75, 3, -1
496 -> 108, -5, 0.25, 2, -1
496 -> 108, -5, 0.25, 1, -1
496 -> 108, -3, 0.25, 5, -2
496 -> 108, -3, 0.25, 4, -2
498 -> 108, -2, 1.75, 1, -0.5
498 -> 108, -2, 1.75, 2, -0.5
498 -> 108, -3, 1.75, 4, -0.5
498 -> 108, -3, 1.75, 5, -0.5
499 -> 108, -2, 0.75, 4, -0.5
500 -> 108, -1, 0.75, 3, -1.5
501 -> 108, -1, 0.25, 5, -1
501 -> 108, -3, 1.25, 1, -1
503 -> 108, -1, 0.75, 1, -0.5
503 -> 108, -3, 0.75, 5, -0.5
504 -> 108, -3, 1.25, 5, -0.5
508 -> 108, -3, 0.25, 5, -1
508 -> 108, -5, 0.25, 1, -0.5
508 -> 108, -3, 0.25, 4, -1
508 -> 108, -3, 0.25, 3, -1
509 -> 108, -4, 1.25, 1, -1
509 -> 108, -4, 1.25, 3, -1
509 -> 108, -4, 1.25, 2, -1
509 -> 108, -2, 0.75, 5, -0.5
512 -> 108, -1, 0.75, 2, -0.5
514 -> 108, -4, 1.75, 5, -1
514 -> 108, -4, 1.75, 4, -1
514 -> 108, -4, 1.75, 3, -1
515 -> 108, -3, 1.25, 1, -0.5
517 -> 108, -4, 1.25, 1, -0.5
520 -> 108, -4, 1.25, 4, -0.5
520 -> 108, -2, 0.25, 5, -0.5
520 -> 108, -4, 1.25, 3, -0.5
522 -> 108, -4, 1.25, 5, -1
522 -> 108, -2, 1.25, 2, -0.5
524 -> 108, -4, 1.75, 5, -0.5
525 -> 108, -2, 0.75, 3, -0.5
525 -> 108, -4, 0.75, 5, -1
534 -> 108, -5, 0.25, 2, -0.5
540 -> 108, -5, 1.75, 5, -0.5
543 -> 108, -5, 1.25, 2, -1
544 -> 108, -5, 0.75, 3, -1.5
544 -> 108, -5, 0.75, 2, -1.5
557 -> 108, -2, 0.25, 2, -0.5
561 -> 108, -5, 1.25, 5, -0.5
564 -> 108, -4, 1.25, 2, -0.5
566 -> 108, -3, 0.75, 1, -0.5
575 -> 108, -5, 1.25, 3, -0.5
575 -> 108, -5, 1.25, 4, -0.5
575 -> 108, -5, 1.25, 1, -0.5
575 -> 108, -5, 1.25, 2, -0.5
580 -> 108, -3, 0.25, 1, -0.5
588 -> 108, -5, 1.75, 4, -0.5
588 -> 108, -5, 1.75, 3, -0.5
599 -> 108, -5, 0.75, 1, -0.5
617 -> 108, -4, 0.75, 4, -0.5
618 -> 108, -4, 1.75, 4, -0.5
627 -> 108, -3, 0.75, 4, -0.5
643 -> 108, -4, 0.25, 4, -0.5
643 -> 108, -4, 0.25, 5, -0.5
657 -> 108, -4, 0.75, 3, -0.5
704 -> 108, -5, 0.25, 3, -0.5
736 -> 108, -5, 1.75, 2, -0.5
739 -> 108, -5, 1.75, 1, -0.5
757 -> 108, -4, 1.25, 5, -0.5
773 -> 108, -4, 0.75, 5, -0.5
811 -> 108, -5, 0.75, 5, -0.5
811 -> 108, -5, 0.75, 4, -0.5
811 -> 108, -5, 0.75, 3, -0.5
811 -> 108, -5, 0.75, 2, -0.5
