351 -> 351, -5, 0.75, 3, -0.5
368 -> 351, -3, 1.75, 1, -0.5
379 -> 351, -2, 1.75, 1, -0.5
380 -> 351, -1, 1.25, 3, -1
380 -> 351, -1, 1.25, 4, -1
380 -> 351, -3, 1.25, 2, -1
390 -> 351, -5, 0.25, 1, -0.5
390 -> 351, -2, 1.25, 1, -0.5
395 -> 351, -1, 0.75, 1, -1.5
396 -> 351, -3, 1.75, 2, -0.5
396 -> 351, -5, 1.75, 3, -0.5
398 -> 351, -1, 0.75, 4, -1.5
398 -> 351, -1, 0.75, 5, -1.5
399 -> 351, -3, 1.25, 2, -1.5
400 -> 351, -2, 1.75, 3, -0.5
400 -> 351, -2, 1.75, 2, -0.5
403 -> 351, -1, 1.25, 1, -1
403 -> 351, -3, 1.25, 4, -2
403 -> 351, -3, 1.25, 3, -2
403 -> 351, -3, 1.25, 1, -1.5
404 -> 351, -2, 1.75, 4, -0.5
406 -> 351, -4, 0.75, 1, -0.5
406 -> 351, -2, 1.25, 2, -0.5
406 -> 351, -1, 1.75, 1, -0.5
407 -> 351, -2, 0.75, 5, -0.5
407 -> 351, -4, 0.75, 2, -0.5
408 -> 351, -3, 1.25, 3, -1.5
410 -> 351, -3, 1.75, 5, -2
410 -> 351, -3, 1.75, 4, -2
411 -> 351, -4, 0.75, 4, -2
411 -> 351, -4, 0.75, 5, -2
413 -> 351, -3, 1.25, 1, -2
413 -> 351, -1, 1.75, 2, -0.5
413 -> 351, -3, 1.25, 3, -1
413 -> 351, -3, 1.25, 1, -1
413 -> 351, -3, 1.25, 4, -1
413 -> 351, -3, 0.75, 3, -1
413 -> 351, -5, 1.75, 5, -0.5
413 -> 351, -5, 1.75, 4, -0.5
415 -> 351, -1, 1.75, 5, -0.5
416 -> 351, -3, 0.75, 1, -1
417 -> 351, -1, 1.75, 3, -0.5
418 -> 351, -2, 0.75, 2, -0.5
418 -> 351, -1, 1.25, 2, -0.5
418 -> 351, -3, 0.75, 2, -1
420 -> 351, -1, 1.25, 5, -0.5
420 -> 351, -1, 1.25, 4, -0.5
421 -> 351, -1, 0.75, 3, -1.5
421 -> 351, -1, 0.75, 2, -1.5
423 -> 351, -2, 1.25, 5, -1.5
423 -> 351, -2, 1.75, 3, -1
423 -> 351, -2, 1.25, 1, -1.5
423 -> 351, -2, 1.75, 5, -2
423 -> 351, -3, 0.75, 5, -0.5
424 -> 351, -5, 1.25, 1, -2
424 -> 351, -5, 1.25, 2, -2
424 -> 351, -1, 1.75, 2, -1.5
425 -> 351, -1, 1.25, 2, -1
425 -> 351, -2, 1.75, 5, -0.5
425 -> 351, -3, 1.75, 5, -0.5
426 -> 351, -2, 1.75, 4, -2
426 -> 351, -2, 0.75, 3, -1.5
427 -> 351, -3, 1.25, 5, -1
428 -> 351, -5, 0.75, 4, -0.5
429 -> 351, -1, 0.25, 5, -1
430 -> 351, -3, 1.75, 2, -2
430 -> 351, -3, 1.75, 3, -2
432 -> 351, -1, 0.75, 4, -0.5
432 -> 351, -1, 0.75, 5, -0.5
433 -> 351, -3, 1.25, 1, -0.5
434 -> 351, -5, 0.25, 2, -0.5
435 -> 351, -1, 1.25, 1, -0.5
437 -> 351, -2, 1.25, 2, -1.5
437 -> 351, -5, 1.25, 1, -1
437 -> 351, -5, 1.25, 2, -1
437 -> 351, -1, 0.75, 1, -0.5
437 -> 351, -2, 0.75, 3, -1
438 -> 351, -5, 1.25, 4, -1
438 -> 351, -5, 1.25, 3, -1
438 -> 351, -1, 0.75, 1, -2
439 -> 351, -3, 1.25, 2, -2
439 -> 351, -1, 0.75, 5, -1
439 -> 351, -1, 0.75, 3, -1
439 -> 351, -1, 0.75, 4, -1
440 -> 351, -2, 0.75, 2, -1
440 -> 351, -1, 1.25, 3, -0.5
440 -> 351, -3, 0.75, 1, -1.5
441 -> 351, -2, 0.75, 2, -1.5
442 -> 351, -1, 0.25, 2, -1
442 -> 351, -1, 0.25, 1, -1
442 -> 351, -1, 0.75, 4, -2
442 -> 351, -1, 0.75, 5, -2
443 -> 351, -1, 1.25, 5, -2
443 -> 351, -1, 1.25, 4, -2
444 -> 351, -1, 0.25, 5, -0.5
445 -> 351, -1, 0.25, 1, -2
446 -> 351, -1, 0.25, 2, -0.5
446 -> 351, -2, 1.75, 2, -1
446 -> 351, -1, 0.25, 3, -0.5
446 -> 351, -1, 0.25, 4, -0.5
446 -> 351, -2, 1.75, 1, -1
446 -> 351, -3, 0.75, 5, -1.5
447 -> 351, -4, 0.75, 1, -2
447 -> 351, -4, 0.75, 2, -2
449 -> 351, -3, 1.75, 5, -1.5
449 -> 351, -1, 0.25, 2, -2
449 -> 351, -3, 1.75, 1, -2
450 -> 351, -1, 1.75, 4, -0.5
450 -> 351, -2, 0.75, 1, -2
450 -> 351, -2, 0.75, 2, -2
451 -> 351, -2, 0.75, 1, -1
451 -> 351, -1, 0.75, 1, -1
451 -> 351, -4, 0.25, 1, -1
452 -> 351, -3, 1.25, 5, -2
452 -> 351, -1, 0.75, 3, -0.5
452 -> 351, -2, 1.25, 3, -1.5
452 -> 351, -1, 0.75, 2, -0.5
453 -> 351, -5, 0.75, 1, -0.5
453 -> 351, -4, 0.25, 2, -1
453 -> 351, -5, 0.75, 2, -0.5
454 -> 351, -2, 0.75, 4, -2
454 -> 351, -1, 0.25, 3, -1.5
454 -> 351, -2, 0.75, 5, -2
455 -> 351, -2, 1.75, 3, -1.5
455 -> 351, -5, 1.25, 5, -1
455 -> 351, -4, 1.25, 1, -1
455 -> 351, -2, 1.75, 5, -1.5
455 -> 351, -2, 1.75, 4, -1.5
456 -> 351, -5, 0.25, 5, -0.5
456 -> 351, -3, 0.25, 4, -2
456 -> 351, -4, 0.25, 3, -1
457 -> 351, -1, 0.75, 2, -1
457 -> 351, -5, 0.75, 1, -1.5
457 -> 351, -5, 0.75, 1, -2
457 -> 351, -5, 0.75, 2, -1.5
457 -> 351, -5, 0.75, 2, -2
457 -> 351, -5, 0.75, 3, -1.5
457 -> 351, -4, 0.75, 1, -1
457 -> 351, -5, 0.75, 3, -2
457 -> 351, -5, 0.75, 4, -2
457 -> 351, -4, 0.75, 2, -1
457 -> 351, -5, 0.75, 5, -2
457 -> 351, -2, 0.75, 3, -2
457 -> 351, -4, 0.75, 3, -1
458 -> 351, -3, 0.75, 4, -1.5
458 -> 351, -3, 0.25, 1, -1
458 -> 351, -3, 0.25, 2, -1
458 -> 351, -3, 0.75, 3, -1.5
458 -> 351, -1, 0.25, 1, -0.5
458 -> 351, -3, 0.75, 2, -1.5
458 -> 351, -4, 0.75, 3, -2
459 -> 351, -2, 0.75, 4, -1
460 -> 351, -2, 0.75, 5, -1.5
460 -> 351, -2, 0.75, 4, -1.5
460 -> 351, -5, 0.25, 4, -0.5
461 -> 351, -1, 0.25, 4, -1.5
461 -> 351, -1, 0.25, 5, -1.5
461 -> 351, -5, 0.75, 5, -1.5
461 -> 351, -5, 0.75, 4, -1.5
461 -> 351, -5, 0.25, 5, -2
461 -> 351, -5, 0.25, 4, -2
461 -> 351, -3, 0.25, 3, -2
461 -> 351, -5, 0.25, 3, -2
461 -> 351, -5, 0.25, 2, -2
461 -> 351, -5, 0.25, 1, -2
462 -> 351, -4, 1.75, 3, -1.5
462 -> 351, -5, 0.25, 5, -1
462 -> 351, -4, 1.75, 5, -2
462 -> 351, -4, 1.75, 1, -1.5
462 -> 351, -4, 1.75, 2, -1.5
463 -> 351, -4, 1.75, 4, -2
463 -> 351, -4, 1.75, 3, -2
463 -> 351, -4, 1.75, 2, -2
464 -> 351, -2, 1.75, 4, -1
464 -> 351, -1, 0.75, 2, -2
464 -> 351, -4, 1.75, 4, -1.5
464 -> 351, -1, 0.75, 3, -2
464 -> 351, -4, 1.75, 5, -1.5
464 -> 351, -2, 1.75, 5, -1
465 -> 351, -5, 0.75, 5, -0.5
465 -> 351, -4, 1.25, 2, -1.5
465 -> 351, -4, 1.25, 5, -1.5
465 -> 351, -4, 1.25, 4, -1.5
465 -> 351, -4, 1.25, 3, -1.5
467 -> 351, -5, 1.75, 2, -2
467 -> 351, -4, 1.25, 1, -1.5
467 -> 351, -5, 1.75, 3, -2
467 -> 351, -5, 1.75, 4, -2
467 -> 351, -5, 1.75, 5, -2
467 -> 351, -1, 0.25, 5, -2
467 -> 351, -2, 1.75, 1, -2
467 -> 351, -2, 1.75, 2, -2
467 -> 351, -2, 1.75, 3, -2
468 -> 351, -3, 0.75, 2, -2
468 -> 351, -1, 1.25, 5, -1
468 -> 351, -1, 1.75, 1, -2
468 -> 351, -1, 1.75, 2, -2
468 -> 351, -1, 1.75, 3, -2
468 -> 351, -1, 1.75, 4, -2
468 -> 351, -1, 1.75, 5, -2
468 -> 351, -2, 1.75, 1, -1.5
468 -> 351, -2, 1.75, 2, -1.5
468 -> 351, -3, 0.75, 5, -2
468 -> 351, -3, 0.75, 3, -2
468 -> 351, -3, 0.75, 1, -2
468 -> 351, -3, 0.75, 4, -2
469 -> 351, -1, 0.25, 3, -1
469 -> 351, -2, 0.25, 3, -0.5
469 -> 351, -1, 1.75, 2, -1
469 -> 351, -2, 0.25, 2, -0.5
470 -> 351, -2, 1.25, 4, -2
470 -> 351, -3, 1.75, 3, -0.5
470 -> 351, -2, 0.25, 4, -0.5
470 -> 351, -2, 1.25, 3, -2
470 -> 351, -2, 1.25, 5, -2
470 -> 351, -3, 1.75, 4, -0.5
470 -> 351, -2, 0.25, 5, -0.5
470 -> 351, -1, 1.25, 3, -2
470 -> 351, -1, 1.25, 2, -2
471 -> 351, -1, 1.75, 4, -1
471 -> 351, -1, 1.75, 3, -1
471 -> 351, -1, 1.75, 5, -1
472 -> 351, -2, 0.25, 4, -1.5
472 -> 351, -2, 0.25, 3, -1.5
472 -> 351, -2, 0.25, 2, -1.5
473 -> 351, -5, 0.25, 3, -0.5
474 -> 351, -4, 0.25, 1, -1.5
474 -> 351, -3, 0.25, 5, -2
475 -> 351, -4, 1.25, 2, -1
475 -> 351, -2, 1.25, 5, -1
475 -> 351, -2, 0.25, 1, -0.5
476 -> 351, -2, 0.75, 1, -0.5
476 -> 351, -2, 1.25, 4, -1.5
476 -> 351, -2, 0.25, 5, -1
476 -> 351, -4, 0.25, 5, -1
476 -> 351, -2, 0.25, 3, -1
476 -> 351, -2, 0.25, 2, -1
476 -> 351, -2, 0.25, 1, -1
476 -> 351, -2, 0.25, 4, -1
477 -> 351, -2, 0.75, 5, -1
478 -> 351, -5, 1.25, 2, -1.5
479 -> 351, -1, 1.75, 1, -1.5
480 -> 351, -1, 0.25, 4, -1
480 -> 351, -2, 1.25, 1, -1
480 -> 351, -2, 1.25, 2, -1
483 -> 351, -5, 0.25, 1, -1.5
483 -> 351, -2, 0.25, 5, -1.5
484 -> 351, -4, 1.25, 5, -1
484 -> 351, -4, 1.25, 4, -1
484 -> 351, -4, 1.25, 3, -1
484 -> 351, -3, 0.25, 4, -1.5
484 -> 351, -3, 0.25, 5, -1.5
486 -> 351, -4, 0.75, 4, -1.5
486 -> 351, -4, 0.75, 2, -1.5
486 -> 351, -2, 1.25, 2, -2
486 -> 351, -4, 0.75, 1, -1.5
486 -> 351, -4, 0.75, 3, -1.5
486 -> 351, -2, 1.25, 1, -2
486 -> 351, -1, 0.25, 4, -2
486 -> 351, -1, 0.25, 3, -2
488 -> 351, -1, 1.25, 1, -2
488 -> 351, -1, 1.75, 1, -1
488 -> 351, -3, 0.25, 1, -2
489 -> 351, -3, 0.25, 3, -1
490 -> 351, -3, 1.75, 2, -1.5
490 -> 351, -3, 1.75, 1, -1.5
490 -> 351, -3, 1.75, 3, -1.5
490 -> 351, -3, 0.75, 5, -1
490 -> 351, -4, 0.25, 2, -1.5
490 -> 351, -4, 0.25, 3, -1.5
490 -> 351, -3, 1.75, 4, -1.5
490 -> 351, -4, 0.25, 4, -1.5
490 -> 351, -4, 0.25, 5, -1.5
490 -> 351, -3, 0.75, 4, -1
493 -> 351, -4, 0.75, 3, -0.5
495 -> 351, -4, 0.75, 5, -1
495 -> 351, -1, 0.25, 1, -1.5
497 -> 351, -4, 1.75, 1, -2
497 -> 351, -3, 1.75, 5, -1
497 -> 351, -3, 1.75, 2, -1
497 -> 351, -3, 1.75, 3, -1
497 -> 351, -3, 1.75, 1, -1
497 -> 351, -3, 1.75, 4, -1
499 -> 351, -2, 1.25, 3, -1
499 -> 351, -2, 1.25, 4, -1
502 -> 351, -3, 1.25, 4, -1.5
502 -> 351, -3, 1.25, 5, -1.5
503 -> 351, -4, 0.75, 4, -1
505 -> 351, -3, 1.25, 3, -0.5
505 -> 351, -3, 1.25, 5, -0.5
505 -> 351, -3, 1.25, 2, -0.5
505 -> 351, -3, 1.25, 4, -0.5
505 -> 351, -4, 0.75, 5, -1.5
506 -> 351, -4, 1.75, 4, -1
506 -> 351, -5, 1.25, 5, -2
506 -> 351, -4, 1.75, 5, -1
506 -> 351, -3, 0.25, 5, -1
506 -> 351, -4, 1.75, 3, -1
506 -> 351, -4, 1.75, 1, -1
506 -> 351, -4, 1.75, 2, -1
506 -> 351, -3, 0.25, 4, -1
507 -> 351, -5, 1.75, 2, -1
507 -> 351, -5, 1.75, 4, -1
507 -> 351, -2, 1.25, 3, -0.5
507 -> 351, -5, 1.75, 3, -1
507 -> 351, -2, 1.25, 5, -0.5
507 -> 351, -2, 1.25, 4, -0.5
507 -> 351, -4, 0.25, 4, -1
507 -> 351, -3, 0.25, 2, -2
511 -> 351, -1, 0.25, 2, -1.5
512 -> 351, -5, 1.75, 1, -2
513 -> 351, -3, 0.25, 2, -1.5
513 -> 351, -3, 0.25, 1, -1.5
513 -> 351, -5, 1.75, 2, -0.5
515 -> 351, -5, 1.25, 4, -2
515 -> 351, -5, 1.25, 3, -2
516 -> 351, -2, 0.25, 1, -1.5
517 -> 351, -1, 1.75, 3, -1.5
517 -> 351, -1, 1.75, 4, -1.5
517 -> 351, -1, 1.75, 5, -1.5
520 -> 351, -2, 0.75, 1, -1.5
524 -> 351, -1, 1.25, 5, -1.5
524 -> 351, -1, 1.25, 2, -1.5
524 -> 351, -1, 1.25, 1, -1.5
524 -> 351, -1, 1.25, 3, -1.5
524 -> 351, -1, 1.25, 4, -1.5
525 -> 351, -5, 0.25, 3, -1
525 -> 351, -5, 0.25, 4, -1
527 -> 351, -3, 0.25, 3, -1.5
531 -> 351, -3, 0.75, 3, -0.5
531 -> 351, -3, 0.75, 4, -0.5
531 -> 351, -3, 0.75, 1, -0.5
531 -> 351, -3, 0.75, 2, -0.5
536 -> 351, -2, 0.25, 5, -2
536 -> 351, -5, 1.25, 5, -1.5
536 -> 351, -2, 0.25, 4, -2
536 -> 351, -5, 1.25, 4, -1.5
536 -> 351, -2, 0.25, 3, -2
536 -> 351, -5, 1.25, 3, -1.5
537 -> 351, -5, 1.75, 1, -1
549 -> 351, -2, 0.25, 1, -2
549 -> 351, -2, 0.25, 2, -2
557 -> 351, -5, 1.25, 1, -1.5
559 -> 351, -4, 0.25, 1, -0.5
559 -> 351, -4, 0.25, 4, -0.5
559 -> 351, -4, 0.25, 5, -0.5
559 -> 351, -4, 0.25, 3, -0.5
559 -> 351, -4, 0.25, 2, -0.5
563 -> 351, -2, 0.75, 4, -0.5
563 -> 351, -2, 0.75, 3, -0.5
566 -> 351, -5, 1.75, 1, -1.5
566 -> 351, -5, 1.75, 5, -1.5
566 -> 351, -5, 1.75, 3, -1.5
566 -> 351, -5, 1.75, 2, -1.5
566 -> 351, -5, 1.75, 4, -1.5
586 -> 351, -4, 0.75, 4, -0.5
586 -> 351, -4, 0.75, 5, -0.5
586 -> 351, -5, 1.75, 5, -1
589 -> 351, -4, 1.25, 5, -2
589 -> 351, -4, 1.25, 4, -2
591 -> 351, -4, 0.25, 3, -2
591 -> 351, -4, 0.25, 4, -2
591 -> 351, -4, 0.25, 5, -2
591 -> 351, -4, 0.25, 2, -2
591 -> 351, -4, 0.25, 1, -2
592 -> 351, -4, 1.25, 1, -2
592 -> 351, -4, 1.25, 2, -2
592 -> 351, -4, 1.25, 3, -2
604 -> 351, -3, 0.25, 3, -0.5
604 -> 351, -3, 0.25, 4, -0.5
604 -> 351, -3, 0.25, 2, -0.5
604 -> 351, -3, 0.25, 5, -0.5
605 -> 351, -5, 0.75, 5, -1
605 -> 351, -5, 0.75, 4, -1
605 -> 351, -5, 0.75, 3, -1
605 -> 351, -5, 0.75, 2, -1
605 -> 351, -5, 0.75, 1, -1
606 -> 351, -5, 1.75, 1, -0.5
606 -> 351, -3, 0.25, 1, -0.5
606 -> 351, -5, 0.25, 5, -1.5
606 -> 351, -5, 0.25, 4, -1.5
606 -> 351, -5, 0.25, 3, -1.5
606 -> 351, -5, 0.25, 2, -1.5
611 -> 351, -4, 1.25, 1, -0.5
611 -> 351, -4, 1.25, 2, -0.5
611 -> 351, -4, 1.25, 3, -0.5
611 -> 351, -4, 1.25, 5, -0.5
611 -> 351, -4, 1.25, 4, -0.5
635 -> 351, -5, 0.25, 1, -1
635 -> 351, -5, 0.25, 2, -1
652 -> 351, -4, 1.75, 2, -0.5
652 -> 351, -4, 1.75, 1, -0.5
717 -> 351, -4, 1.75, 3, -0.5
717 -> 351, -4, 1.75, 4, -0.5
717 -> 351, -4, 1.75, 5, -0.5
749 -> 351, -5, 1.25, 5, -0.5
749 -> 351, -5, 1.25, 4, -0.5
751 -> 351, -5, 1.25, 1, -0.5
751 -> 351, -5, 1.25, 3, -0.5
751 -> 351, -5, 1.25, 2, -0.5
