366 -> 290, -3, 1.75, 5, -0.5
367 -> 290, -1, 1.25, 4, -1
372 -> 290, -2, 1.75, 5, -1.5
375 -> 290, -1, 1.75, 4, -1.5
378 -> 290, -1, 1.75, 2, -2
379 -> 290, -1, 0.75, 3, -0.5
380 -> 290, -5, 0.75, 1, -0.5
381 -> 290, -3, 1.75, 4, -0.5
382 -> 290, -4, 1.25, 5, -1.5
382 -> 290, -4, 0.75, 3, -1
386 -> 290, -4, 1.25, 4, -1.5
388 -> 290, -2, 1.75, 1, -1
392 -> 290, -3, 1.75, 4, -1
392 -> 290, -3, 0.75, 4, -0.5
393 -> 290, -1, 1.25, 1, -2
395 -> 290, -4, 0.75, 1, -0.5
395 -> 290, -3, 0.75, 3, -0.5
396 -> 290, -2, 1.75, 3, -0.5
397 -> 290, -5, 0.75, 5, -0.5
398 -> 290, -1, 1.75, 2, -1.5
398 -> 290, -2, 0.75, 1, -1
398 -> 290, -1, 1.25, 3, -1
399 -> 290, -2, 1.25, 3, -0.5
400 -> 290, -1, 1.25, 2, -2
400 -> 290, -1, 1.75, 1, -1.5
400 -> 290, -4, 1.75, 3, -1.5
401 -> 290, -1, 1.25, 5, -0.5
403 -> 290, -1, 1.25, 5, -1.5
404 -> 290, -1, 1.25, 2, -1
404 -> 290, -1, 1.75, 1, -2
404 -> 290, -5, 0.25, 2, -1
404 -> 290, -5, 0.25, 1, -1
404 -> 290, -2, 0.75, 3, -2
404 -> 290, -4, 0.75, 2, -0.5
404 -> 290, -1, 1.25, 2, -0.5
406 -> 290, -1, 1.75, 5, -1
406 -> 290, -1, 0.25, 1, -1
406 -> 290, -1, 1.75, 4, -1
407 -> 290, -2, 1.75, 4, -0.5
407 -> 290, -4, 1.75, 2, -1.5
407 -> 290, -4, 0.75, 3, -0.5
407 -> 290, -4, 1.75, 3, -0.5
407 -> 290, -4, 1.25, 4, -1
408 -> 290, -1, 1.25, 1, -0.5
408 -> 290, -4, 1.75, 4, -0.5
408 -> 290, -4, 1.25, 5, -1
409 -> 290, -1, 1.25, 4, -1.5
409 -> 290, -2, 1.25, 3, -1.5
409 -> 290, -1, 1.25, 3, -1.5
410 -> 290, -3, 1.25, 5, -1
410 -> 290, -1, 1.75, 4, -0.5
410 -> 290, -4, 0.25, 1, -0.5
410 -> 290, -1, 1.75, 5, -0.5
410 -> 290, -5, 0.25, 3, -1
411 -> 290, -1, 1.25, 5, -2
412 -> 290, -2, 1.25, 2, -0.5
413 -> 290, -4, 1.25, 3, -1
413 -> 290, -2, 1.75, 1, -0.5
413 -> 290, -2, 1.75, 2, -0.5
414 -> 290, -2, 1.25, 3, -1
414 -> 290, -4, 0.75, 4, -1
414 -> 290, -2, 1.75, 2, -1
417 -> 290, -4, 0.75, 1, -1.5
418 -> 290, -2, 1.25, 2, -1.5
418 -> 290, -2, 0.75, 4, -2
419 -> 290, -3, 1.75, 5, -2
419 -> 290, -3, 1.75, 4, -2
419 -> 290, -3, 1.75, 3, -2
420 -> 290, -1, 1.25, 2, -1.5
420 -> 290, -1, 1.75, 3, -1.5
420 -> 290, -1, 1.25, 1, -1.5
420 -> 290, -3, 1.25, 5, -0.5
420 -> 290, -1, 0.75, 5, -0.5
420 -> 290, -1, 0.75, 4, -0.5
421 -> 290, -4, 1.75, 2, -0.5
421 -> 290, -5, 0.75, 2, -0.5
423 -> 290, -5, 1.75, 2, -2
423 -> 290, -5, 1.75, 3, -2
423 -> 290, -5, 0.75, 3, -1
423 -> 290, -1, 1.75, 3, -2
424 -> 290, -1, 1.75, 5, -2
424 -> 290, -1, 1.25, 3, -2
424 -> 290, -1, 1.75, 4, -2
425 -> 290, -5, 1.75, 5, -1
425 -> 290, -5, 1.75, 4, -1
426 -> 290, -2, 1.25, 4, -0.5
427 -> 290, -1, 1.75, 3, -0.5
428 -> 290, -4, 1.25, 1, -2
428 -> 290, -2, 1.75, 2, -2
428 -> 290, -2, 1.75, 3, -2
429 -> 290, -2, 0.75, 5, -2
429 -> 290, -3, 0.25, 3, -1
429 -> 290, -3, 0.25, 4, -1
429 -> 290, -3, 0.25, 5, -1
429 -> 290, -3, 1.75, 1, -2
429 -> 290, -2, 1.75, 5, -2
429 -> 290, -2, 1.75, 4, -2
429 -> 290, -3, 0.25, 2, -1
429 -> 290, -1, 0.75, 4, -1
429 -> 290, -3, 1.75, 2, -2
430 -> 290, -5, 1.75, 4, -2
430 -> 290, -2, 1.75, 1, -1.5
432 -> 290, -2, 1.75, 5, -0.5
432 -> 290, -4, 0.75, 1, -2
433 -> 290, -2, 1.25, 4, -1.5
433 -> 290, -4, 1.25, 2, -1
433 -> 290, -2, 1.75, 3, -1.5
434 -> 290, -1, 0.75, 1, -0.5
434 -> 290, -1, 1.75, 3, -1
434 -> 290, -4, 0.25, 2, -0.5
434 -> 290, -1, 1.75, 2, -1
434 -> 290, -1, 0.75, 5, -1
434 -> 290, -4, 0.75, 2, -2
434 -> 290, -3, 0.75, 4, -1
434 -> 290, -3, 0.75, 3, -1
434 -> 290, -3, 0.75, 2, -1
435 -> 290, -1, 1.25, 4, -2
435 -> 290, -5, 1.75, 1, -2
436 -> 290, -1, 0.75, 5, -1.5
436 -> 290, -3, 0.75, 2, -2
436 -> 290, -2, 1.25, 1, -0.5
436 -> 290, -5, 0.75, 5, -1.5
436 -> 290, -3, 0.75, 1, -2
436 -> 290, -1, 1.75, 1, -0.5
436 -> 290, -1, 0.75, 4, -1.5
437 -> 290, -5, 1.25, 2, -1
437 -> 290, -2, 0.75, 2, -0.5
437 -> 290, -2, 1.25, 5, -1.5
437 -> 290, -1, 1.75, 2, -0.5
437 -> 290, -3, 1.75, 3, -1
438 -> 290, -4, 0.75, 2, -1.5
438 -> 290, -4, 1.25, 2, -0.5
438 -> 290, -4, 0.75, 3, -1.5
439 -> 290, -3, 1.25, 1, -1
439 -> 290, -1, 0.25, 2, -2
439 -> 290, -1, 1.75, 5, -1.5
439 -> 290, -1, 0.25, 3, -2
440 -> 290, -3, 1.25, 3, -0.5
440 -> 290, -5, 0.75, 1, -1.5
440 -> 290, -2, 1.75, 1, -2
440 -> 290, -5, 0.25, 5, -1.5
441 -> 290, -1, 0.25, 4, -1
441 -> 290, -1, 0.25, 2, -1
441 -> 290, -4, 1.25, 1, -1
441 -> 290, -4, 1.25, 1, -0.5
441 -> 290, -3, 1.75, 5, -1.5
441 -> 290, -3, 1.75, 4, -1.5
441 -> 290, -1, 0.25, 3, -1
442 -> 290, -1, 1.25, 5, -1
442 -> 290, -5, 0.75, 1, -1
442 -> 290, -1, 1.75, 1, -1
442 -> 290, -3, 1.75, 1, -0.5
442 -> 290, -5, 0.75, 2, -1
442 -> 290, -2, 0.75, 4, -0.5
442 -> 290, -3, 0.75, 2, -0.5
442 -> 290, -3, 0.25, 5, -2
443 -> 290, -5, 0.75, 4, -0.5
443 -> 290, -1, 0.75, 2, -1
443 -> 290, -2, 1.25, 5, -0.5
443 -> 290, -2, 0.75, 5, -1.5
443 -> 290, -1, 0.75, 3, -1
443 -> 290, -5, 1.25, 4, -1
443 -> 290, -5, 0.75, 3, -0.5
443 -> 290, -2, 1.75, 5, -1
443 -> 290, -2, 1.75, 3, -1
443 -> 290, -1, 1.25, 3, -0.5
443 -> 290, -5, 1.25, 3, -1
443 -> 290, -5, 1.25, 5, -1
444 -> 290, -2, 1.75, 4, -1
444 -> 290, -4, 0.25, 4, -2
444 -> 290, -2, 0.75, 4, -1
445 -> 290, -4, 0.75, 5, -1.5
445 -> 290, -4, 0.75, 4, -1.5
445 -> 290, -4, 0.25, 1, -1
446 -> 290, -1, 0.75, 5, -2
446 -> 290, -2, 1.25, 2, -2
447 -> 290, -3, 1.25, 2, -1
447 -> 290, -1, 0.25, 5, -1.5
448 -> 290, -5, 0.25, 3, -1.5
448 -> 290, -2, 0.75, 2, -1.5
448 -> 290, -5, 0.25, 2, -1.5
449 -> 290, -4, 0.25, 3, -0.5
450 -> 290, -4, 0.25, 5, -2
450 -> 290, -1, 0.75, 3, -2
450 -> 290, -2, 0.25, 5, -2
450 -> 290, -4, 0.75, 5, -1
450 -> 290, -1, 0.75, 4, -2
450 -> 290, -2, 0.75, 5, -0.5
450 -> 290, -1, 0.75, 2, -2
450 -> 290, -1, 0.75, 1, -2
451 -> 290, -3, 0.25, 5, -1.5
451 -> 290, -3, 0.25, 4, -1.5
451 -> 290, -3, 0.25, 3, -1.5
451 -> 290, -1, 0.25, 3, -1.5
451 -> 290, -2, 1.25, 4, -1
451 -> 290, -1, 0.25, 2, -0.5
451 -> 290, -4, 1.75, 1, -1
451 -> 290, -2, 1.25, 1, -1.5
451 -> 290, -4, 1.75, 2, -1
451 -> 290, -2, 1.25, 5, -1
452 -> 290, -4, 0.75, 1, -1
452 -> 290, -1, 0.75, 2, -0.5
452 -> 290, -2, 0.25, 3, -1.5
452 -> 290, -2, 0.25, 1, -1.5
452 -> 290, -2, 0.25, 4, -1.5
452 -> 290, -2, 0.25, 2, -1.5
452 -> 290, -2, 0.75, 3, -1
453 -> 290, -1, 0.25, 5, -1
454 -> 290, -5, 0.75, 2, -2
454 -> 290, -2, 0.25, 4, -0.5
454 -> 290, -2, 0.25, 5, -0.5
455 -> 290, -1, 0.25, 1, -1.5
455 -> 290, -4, 0.25, 1, -2
455 -> 290, -2, 0.25, 2, -0.5
455 -> 290, -1, 0.25, 2, -1.5
455 -> 290, -4, 0.25, 2, -2
455 -> 290, -4, 0.25, 3, -2
456 -> 290, -2, 1.25, 4, -2
456 -> 290, -2, 1.25, 5, -2
456 -> 290, -5, 0.75, 4, -1.5
457 -> 290, -5, 0.25, 4, -1.5
457 -> 290, -5, 0.75, 3, -2
457 -> 290, -2, 1.25, 3, -2
458 -> 290, -2, 0.75, 1, -0.5
458 -> 290, -3, 1.25, 4, -1.5
458 -> 290, -3, 1.25, 3, -1.5
458 -> 290, -3, 1.25, 2, -1.5
458 -> 290, -3, 1.25, 5, -1.5
459 -> 290, -4, 1.75, 4, -2
459 -> 290, -1, 0.75, 1, -1
459 -> 290, -4, 1.75, 5, -2
459 -> 290, -4, 1.75, 2, -2
459 -> 290, -4, 1.75, 1, -2
459 -> 290, -4, 1.75, 3, -2
460 -> 290, -5, 1.75, 5, -1.5
460 -> 290, -4, 1.25, 3, -0.5
460 -> 290, -5, 0.25, 4, -1
460 -> 290, -3, 0.75, 5, -1.5
460 -> 290, -4, 1.25, 4, -0.5
461 -> 290, -2, 0.25, 3, -0.5
461 -> 290, -2, 0.75, 1, -2
461 -> 290, -2, 0.25, 2, -2
461 -> 290, -2, 0.25, 1, -0.5
461 -> 290, -2, 0.75, 2, -2
462 -> 290, -2, 0.25, 5, -1.5
463 -> 290, -3, 1.75, 3, -1.5
463 -> 290, -3, 1.75, 2, -1
463 -> 290, -1, 1.25, 4, -0.5
463 -> 290, -3, 1.75, 1, -1
464 -> 290, -3, 1.25, 4, -0.5
464 -> 290, -2, 0.75, 2, -1
464 -> 290, -2, 0.25, 1, -1
464 -> 290, -4, 1.75, 4, -1.5
464 -> 290, -4, 1.75, 5, -1.5
464 -> 290, -2, 0.75, 5, -1
464 -> 290, -2, 0.25, 4, -1
464 -> 290, -1, 0.25, 4, -1.5
464 -> 290, -3, 0.75, 1, -0.5
466 -> 290, -3, 0.75, 5, -0.5
466 -> 290, -2, 0.25, 1, -2
466 -> 290, -2, 1.75, 2, -1.5
467 -> 290, -1, 0.25, 5, -2
467 -> 290, -3, 0.25, 4, -0.5
467 -> 290, -2, 1.25, 1, -2
468 -> 290, -3, 0.25, 3, -0.5
468 -> 290, -3, 1.75, 1, -1.5
468 -> 290, -3, 1.75, 2, -1.5
469 -> 290, -3, 0.75, 1, -1.5
469 -> 290, -2, 0.75, 3, -1.5
469 -> 290, -2, 0.75, 4, -1.5
470 -> 290, -5, 1.75, 3, -1
471 -> 290, -2, 0.75, 3, -0.5
472 -> 290, -4, 0.75, 5, -2
473 -> 290, -1, 0.25, 1, -0.5
473 -> 290, -1, 0.75, 1, -1.5
473 -> 290, -1, 0.75, 2, -1.5
473 -> 290, -1, 0.75, 3, -1.5
474 -> 290, -4, 0.75, 4, -2
474 -> 290, -1, 0.25, 3, -0.5
474 -> 290, -1, 0.25, 4, -0.5
474 -> 290, -1, 0.25, 4, -2
474 -> 290, -1, 0.25, 5, -0.5
474 -> 290, -4, 0.75, 3, -2
475 -> 290, -3, 0.25, 1, -1
475 -> 290, -4, 1.25, 5, -2
475 -> 290, -4, 1.25, 4, -2
475 -> 290, -4, 1.25, 3, -2
475 -> 290, -4, 1.25, 2, -2
476 -> 290, -4, 1.75, 1, -1.5
477 -> 290, -5, 0.75, 5, -2
477 -> 290, -3, 0.25, 1, -2
477 -> 290, -3, 0.25, 2, -2
477 -> 290, -3, 0.25, 3, -2
477 -> 290, -3, 0.25, 4, -2
477 -> 290, -5, 0.75, 4, -2
477 -> 290, -3, 0.75, 3, -1.5
477 -> 290, -3, 0.75, 4, -1.5
477 -> 290, -3, 0.75, 5, -1
477 -> 290, -1, 0.25, 1, -2
478 -> 290, -4, 1.25, 3, -1.5
478 -> 290, -4, 1.25, 1, -1.5
478 -> 290, -4, 1.25, 2, -1.5
479 -> 290, -5, 0.25, 1, -1.5
479 -> 290, -3, 0.75, 5, -2
479 -> 290, -4, 1.25, 5, -0.5
479 -> 290, -4, 0.75, 4, -0.5
479 -> 290, -3, 0.75, 4, -2
481 -> 290, -3, 0.25, 1, -1.5
481 -> 290, -3, 0.25, 2, -1.5
482 -> 290, -1, 1.25, 1, -1
483 -> 290, -3, 1.75, 2, -0.5
484 -> 290, -2, 1.25, 2, -1
487 -> 290, -2, 0.25, 5, -1
487 -> 290, -2, 1.25, 1, -1
488 -> 290, -2, 0.25, 2, -1
488 -> 290, -2, 0.25, 3, -1
488 -> 290, -2, 0.75, 1, -1.5
488 -> 290, -4, 1.75, 5, -0.5
489 -> 290, -2, 1.75, 4, -1.5
490 -> 290, -3, 0.75, 3, -2
492 -> 290, -3, 1.25, 4, -1
492 -> 290, -3, 0.75, 1, -1
492 -> 290, -3, 1.25, 3, -1
493 -> 290, -5, 0.75, 2, -1.5
493 -> 290, -5, 0.75, 3, -1.5
493 -> 290, -4, 0.75, 2, -1
497 -> 290, -5, 0.75, 1, -2
498 -> 290, -4, 0.25, 3, -1
498 -> 290, -4, 0.25, 4, -1
498 -> 290, -4, 0.25, 2, -1
498 -> 290, -4, 0.25, 5, -1
501 -> 290, -3, 1.25, 1, -1.5
503 -> 290, -3, 0.25, 1, -0.5
503 -> 290, -3, 0.25, 2, -0.5
504 -> 290, -5, 1.25, 1, -2
504 -> 290, -5, 1.25, 2, -2
504 -> 290, -5, 1.25, 3, -2
504 -> 290, -5, 1.25, 4, -2
504 -> 290, -5, 1.25, 5, -2
504 -> 290, -3, 1.25, 2, -0.5
507 -> 290, -3, 1.25, 1, -0.5
509 -> 290, -3, 0.75, 2, -1.5
509 -> 290, -3, 1.25, 1, -2
509 -> 290, -4, 1.75, 1, -0.5
509 -> 290, -3, 1.25, 3, -2
509 -> 290, -3, 1.75, 5, -1
509 -> 290, -3, 1.25, 2, -2
509 -> 290, -3, 1.25, 5, -2
509 -> 290, -3, 1.25, 4, -2
512 -> 290, -5, 1.75, 4, -1.5
512 -> 290, -5, 1.75, 2, -1.5
512 -> 290, -5, 1.75, 1, -1.5
512 -> 290, -5, 1.75, 3, -1.5
514 -> 290, -4, 0.25, 2, -1.5
514 -> 290, -4, 0.25, 3, -1.5
515 -> 290, -5, 1.25, 1, -1.5
515 -> 290, -5, 1.25, 3, -1.5
515 -> 290, -5, 1.25, 4, -1.5
515 -> 290, -5, 1.25, 2, -1.5
515 -> 290, -5, 1.25, 5, -1.5
516 -> 290, -4, 0.25, 1, -1.5
517 -> 290, -5, 1.75, 1, -1
517 -> 290, -5, 1.75, 2, -1
517 -> 290, -5, 0.25, 2, -2
517 -> 290, -5, 0.25, 1, -2
517 -> 290, -5, 0.25, 4, -2
517 -> 290, -5, 0.25, 3, -2
517 -> 290, -5, 0.25, 5, -2
521 -> 290, -2, 0.25, 3, -2
521 -> 290, -2, 0.25, 4, -2
522 -> 290, -4, 0.25, 4, -0.5
523 -> 290, -3, 0.25, 5, -0.5
524 -> 290, -4, 0.25, 4, -1.5
524 -> 290, -4, 1.75, 5, -1
524 -> 290, -4, 1.75, 4, -1
524 -> 290, -5, 0.25, 5, -1
524 -> 290, -4, 1.75, 3, -1
524 -> 290, -4, 0.25, 5, -1.5
525 -> 290, -4, 0.25, 5, -0.5
528 -> 290, -5, 1.25, 1, -1
532 -> 290, -5, 1.25, 3, -0.5
532 -> 290, -5, 1.25, 5, -0.5
532 -> 290, -5, 1.25, 4, -0.5
535 -> 290, -5, 1.75, 5, -2
535 -> 290, -5, 1.25, 2, -0.5
535 -> 290, -5, 1.25, 1, -0.5
535 -> 290, -3, 1.75, 3, -0.5
539 -> 290, -5, 0.25, 1, -0.5
547 -> 290, -4, 0.75, 5, -0.5
583 -> 290, -5, 0.25, 5, -0.5
583 -> 290, -5, 0.25, 4, -0.5
583 -> 290, -5, 0.25, 3, -0.5
583 -> 290, -5, 0.25, 2, -0.5
606 -> 290, -5, 0.75, 5, -1
606 -> 290, -5, 0.75, 4, -1
607 -> 290, -5, 1.75, 1, -0.5
615 -> 290, -5, 1.75, 2, -0.5
698 -> 290, -5, 1.75, 3, -0.5
698 -> 290, -5, 1.75, 4, -0.5
698 -> 290, -5, 1.75, 5, -0.5
