366 -> 358, -2, 0.75, 4, -2
373 -> 358, -5, 1.25, 2, -1.5
376 -> 358, -2, 0.75, 5, -2
383 -> 358, -3, 1.75, 4, -1.5
383 -> 358, -3, 1.75, 3, -1.5
386 -> 358, -4, 1.25, 2, -1.5
386 -> 358, -4, 1.25, 1, -1.5
388 -> 358, -1, 1.75, 1, -1.5
388 -> 358, -5, 1.25, 3, -1
388 -> 358, -3, 1.75, 2, -2
390 -> 358, -1, 1.25, 2, -1
398 -> 358, -5, 1.25, 1, -1
398 -> 358, -5, 1.25, 2, -1
400 -> 358, -1, 1.75, 5, -1.5
400 -> 358, -2, 0.75, 4, -0.5
400 -> 358, -1, 1.75, 4, -1.5
400 -> 358, -3, 1.75, 1, -1
400 -> 358, -5, 1.25, 5, -0.5
402 -> 358, -2, 0.25, 2, -0.5
403 -> 358, -1, 1.75, 2, -1.5
403 -> 358, -1, 0.25, 1, -0.5
407 -> 358, -2, 1.25, 3, -0.5
408 -> 358, -1, 1.25, 4, -1
408 -> 358, -1, 1.25, 5, -1
408 -> 358, -3, 1.75, 4, -0.5
408 -> 358, -1, 0.75, 1, -0.5
409 -> 358, -5, 1.25, 5, -1
411 -> 358, -3, 1.75, 2, -1.5
412 -> 358, -4, 1.25, 5, -1
414 -> 358, -2, 1.25, 1, -1.5
415 -> 358, -2, 1.25, 4, -0.5
415 -> 358, -2, 1.75, 5, -1.5
416 -> 358, -5, 0.75, 5, -1
416 -> 358, -5, 0.75, 4, -1
417 -> 358, -4, 1.25, 2, -1
417 -> 358, -3, 1.75, 5, -1
418 -> 358, -3, 1.75, 3, -1
418 -> 358, -3, 0.25, 2, -1
418 -> 358, -3, 0.25, 1, -1
420 -> 358, -5, 1.25, 4, -1
420 -> 358, -2, 1.25, 5, -0.5
421 -> 358, -5, 1.25, 1, -1.5
421 -> 358, -5, 1.25, 3, -1.5
422 -> 358, -3, 0.75, 5, -0.5
422 -> 358, -2, 1.75, 2, -0.5
423 -> 358, -5, 1.75, 4, -1
423 -> 358, -4, 0.75, 4, -1
423 -> 358, -5, 1.75, 5, -1
424 -> 358, -1, 1.25, 4, -0.5
424 -> 358, -3, 0.75, 3, -0.5
424 -> 358, -4, 1.75, 1, -1
424 -> 358, -3, 0.75, 4, -0.5
426 -> 358, -5, 1.25, 5, -2
426 -> 358, -1, 1.75, 1, -1
426 -> 358, -5, 1.25, 4, -2
426 -> 358, -2, 1.25, 3, -1.5
427 -> 358, -1, 0.75, 5, -0.5
427 -> 358, -1, 0.75, 3, -0.5
427 -> 358, -1, 0.75, 4, -0.5
427 -> 358, -1, 0.75, 2, -0.5
428 -> 358, -3, 0.75, 3, -1
428 -> 358, -1, 1.75, 5, -1
429 -> 358, -2, 0.75, 3, -0.5
430 -> 358, -4, 0.75, 3, -1
431 -> 358, -2, 1.75, 1, -1
431 -> 358, -2, 1.75, 5, -1
431 -> 358, -2, 1.75, 4, -1
431 -> 358, -2, 1.75, 3, -1
431 -> 358, -2, 1.75, 2, -1
433 -> 358, -1, 1.75, 5, -2
433 -> 358, -1, 1.75, 4, -2
434 -> 358, -3, 1.25, 2, -2
434 -> 358, -1, 1.25, 3, -0.5
434 -> 358, -3, 1.25, 5, -2
434 -> 358, -3, 1.25, 4, -2
434 -> 358, -3, 1.25, 3, -2
434 -> 358, -4, 1.25, 4, -1.5
435 -> 358, -1, 0.75, 4, -1
435 -> 358, -4, 1.75, 4, -1
435 -> 358, -4, 1.75, 3, -1
435 -> 358, -2, 1.25, 2, -1.5
435 -> 358, -1, 1.25, 3, -1
437 -> 358, -3, 0.75, 1, -1.5
437 -> 358, -2, 0.25, 1, -0.5
438 -> 358, -4, 1.25, 4, -1
438 -> 358, -3, 1.25, 1, -2
438 -> 358, -4, 1.25, 3, -1
440 -> 358, -1, 0.75, 3, -1
440 -> 358, -1, 1.25, 5, -0.5
440 -> 358, -1, 0.75, 1, -1
441 -> 358, -1, 0.25, 1, -1
441 -> 358, -1, 0.75, 2, -1
441 -> 358, -5, 0.75, 1, -0.5
441 -> 358, -1, 1.25, 1, -1
441 -> 358, -3, 1.75, 3, -0.5
442 -> 358, -5, 0.25, 2, -0.5
442 -> 358, -5, 0.25, 3, -0.5
442 -> 358, -5, 0.25, 4, -0.5
442 -> 358, -1, 1.25, 1, -1.5
442 -> 358, -5, 0.25, 1, -0.5
442 -> 358, -1, 1.75, 3, -1.5
443 -> 358, -2, 0.75, 3, -2
443 -> 358, -3, 1.75, 1, -1.5
443 -> 358, -4, 0.75, 4, -2
443 -> 358, -2, 0.75, 1, -1.5
443 -> 358, -4, 0.75, 2, -2
443 -> 358, -4, 0.75, 1, -2
443 -> 358, -4, 0.75, 3, -2
444 -> 358, -2, 0.75, 1, -2
447 -> 358, -1, 0.25, 4, -1
447 -> 358, -1, 0.25, 3, -1
447 -> 358, -5, 1.75, 3, -1
447 -> 358, -2, 1.25, 2, -0.5
447 -> 358, -1, 0.75, 5, -2
448 -> 358, -3, 1.25, 3, -0.5
448 -> 358, -5, 0.75, 2, -1
448 -> 358, -5, 0.75, 3, -1
451 -> 358, -4, 0.75, 2, -1
451 -> 358, -3, 1.25, 5, -1
452 -> 358, -2, 1.75, 1, -0.5
452 -> 358, -3, 1.25, 4, -0.5
452 -> 358, -1, 0.75, 1, -1.5
452 -> 358, -3, 1.25, 5, -0.5
452 -> 358, -3, 1.25, 5, -1.5
452 -> 358, -4, 0.25, 4, -1.5
452 -> 358, -4, 0.25, 5, -1.5
452 -> 358, -3, 1.25, 4, -1.5
453 -> 358, -5, 0.75, 2, -0.5
453 -> 358, -3, 1.75, 1, -2
453 -> 358, -5, 0.75, 2, -1.5
454 -> 358, -4, 1.75, 2, -1
454 -> 358, -2, 1.75, 5, -2
454 -> 358, -2, 1.75, 4, -2
455 -> 358, -3, 1.75, 5, -1.5
456 -> 358, -3, 0.75, 1, -2
456 -> 358, -2, 0.75, 1, -1
456 -> 358, -3, 0.75, 3, -2
456 -> 358, -3, 0.75, 4, -2
456 -> 358, -3, 0.75, 2, -2
456 -> 358, -2, 0.75, 2, -1
457 -> 358, -1, 1.25, 2, -0.5
457 -> 358, -4, 0.75, 1, -1
457 -> 358, -3, 1.75, 5, -2
457 -> 358, -1, 0.25, 2, -1
457 -> 358, -2, 1.75, 1, -1.5
457 -> 358, -3, 1.25, 4, -1
457 -> 358, -3, 1.25, 3, -1
457 -> 358, -3, 1.25, 2, -1
458 -> 358, -2, 0.75, 3, -1.5
458 -> 358, -2, 0.75, 2, -1.5
458 -> 358, -3, 0.75, 2, -1.5
458 -> 358, -3, 0.75, 3, -1.5
458 -> 358, -2, 1.25, 4, -2
459 -> 358, -5, 0.75, 1, -1
459 -> 358, -5, 1.25, 2, -2
459 -> 358, -5, 1.75, 4, -2
459 -> 358, -5, 1.25, 3, -2
459 -> 358, -4, 0.75, 4, -1.5
459 -> 358, -4, 0.75, 1, -1.5
459 -> 358, -4, 0.75, 2, -1.5
459 -> 358, -4, 0.75, 3, -1.5
459 -> 358, -4, 0.75, 5, -1.5
459 -> 358, -5, 1.75, 5, -2
459 -> 358, -2, 1.75, 3, -2
461 -> 358, -2, 0.75, 4, -1.5
461 -> 358, -1, 0.75, 2, -1.5
461 -> 358, -3, 0.75, 2, -1
461 -> 358, -1, 0.75, 3, -1.5
461 -> 358, -1, 1.75, 2, -1
462 -> 358, -5, 0.75, 1, -2
462 -> 358, -3, 1.75, 4, -1
462 -> 358, -2, 0.25, 1, -1
462 -> 358, -3, 0.25, 4, -1.5
462 -> 358, -3, 0.25, 5, -1.5
462 -> 358, -3, 0.25, 3, -1.5
462 -> 358, -3, 0.25, 2, -1.5
464 -> 358, -2, 1.75, 1, -2
464 -> 358, -2, 1.75, 2, -2
465 -> 358, -2, 0.75, 5, -1.5
466 -> 358, -1, 0.25, 2, -2
466 -> 358, -1, 1.75, 4, -1
466 -> 358, -2, 0.75, 5, -1
466 -> 358, -1, 0.25, 3, -2
466 -> 358, -3, 1.75, 3, -2
466 -> 358, -1, 0.25, 1, -2
467 -> 358, -1, 1.75, 1, -2
467 -> 358, -1, 0.75, 3, -2
467 -> 358, -1, 0.75, 4, -2
467 -> 358, -3, 1.75, 4, -2
467 -> 358, -1, 1.75, 2, -2
468 -> 358, -1, 1.25, 1, -0.5
468 -> 358, -5, 1.25, 1, -2
469 -> 358, -3, 0.25, 4, -1
469 -> 358, -3, 0.25, 5, -1
470 -> 358, -2, 1.75, 2, -1.5
471 -> 358, -5, 0.75, 2, -2
471 -> 358, -4, 1.25, 4, -2
471 -> 358, -1, 1.25, 4, -2
471 -> 358, -5, 0.75, 5, -2
471 -> 358, -5, 0.75, 4, -2
471 -> 358, -4, 1.75, 5, -2
471 -> 358, -1, 1.25, 5, -2
471 -> 358, -5, 0.75, 3, -2
473 -> 358, -4, 1.25, 5, -2
473 -> 358, -1, 0.75, 5, -1.5
473 -> 358, -5, 0.75, 4, -1.5
473 -> 358, -5, 0.75, 3, -1.5
473 -> 358, -1, 0.75, 4, -1.5
473 -> 358, -5, 0.75, 5, -1.5
473 -> 358, -2, 0.75, 3, -1
475 -> 358, -3, 1.75, 1, -0.5
475 -> 358, -3, 1.75, 2, -0.5
475 -> 358, -5, 0.25, 5, -0.5
475 -> 358, -3, 0.75, 1, -1
475 -> 358, -3, 1.75, 5, -0.5
476 -> 358, -3, 1.25, 2, -0.5
476 -> 358, -2, 1.75, 5, -0.5
476 -> 358, -2, 1.25, 5, -1.5
476 -> 358, -2, 0.75, 2, -2
477 -> 358, -3, 0.25, 1, -1.5
477 -> 358, -4, 1.25, 1, -1
477 -> 358, -1, 0.25, 5, -1
478 -> 358, -1, 1.25, 1, -2
478 -> 358, -4, 0.25, 5, -0.5
478 -> 358, -2, 1.75, 3, -0.5
478 -> 358, -2, 1.25, 5, -2
478 -> 358, -2, 1.75, 4, -0.5
478 -> 358, -1, 0.25, 4, -2
478 -> 358, -4, 0.25, 4, -0.5
479 -> 358, -4, 0.25, 3, -1.5
479 -> 358, -2, 0.75, 2, -0.5
479 -> 358, -2, 0.25, 3, -1.5
479 -> 358, -2, 0.25, 4, -1.5
479 -> 358, -4, 0.25, 2, -1.5
479 -> 358, -2, 0.75, 1, -0.5
479 -> 358, -4, 0.25, 1, -1.5
480 -> 358, -2, 0.25, 1, -1.5
480 -> 358, -2, 0.25, 2, -1.5
480 -> 358, -3, 0.25, 3, -2
481 -> 358, -1, 1.75, 3, -1
481 -> 358, -1, 0.25, 5, -2
482 -> 358, -4, 0.75, 5, -2
482 -> 358, -1, 1.25, 3, -2
483 -> 358, -4, 1.75, 3, -0.5
483 -> 358, -4, 1.75, 4, -0.5
483 -> 358, -4, 1.75, 5, -0.5
483 -> 358, -2, 1.75, 4, -1.5
484 -> 358, -2, 0.25, 3, -1
484 -> 358, -4, 1.25, 2, -0.5
484 -> 358, -3, 0.25, 5, -0.5
484 -> 358, -4, 1.25, 1, -0.5
484 -> 358, -3, 0.25, 4, -0.5
484 -> 358, -2, 0.25, 2, -1
484 -> 358, -2, 0.25, 5, -1
484 -> 358, -4, 0.25, 3, -0.5
484 -> 358, -2, 0.25, 4, -1
485 -> 358, -4, 0.75, 5, -0.5
485 -> 358, -5, 0.75, 1, -1.5
485 -> 358, -4, 0.75, 4, -0.5
486 -> 358, -4, 1.25, 5, -0.5
486 -> 358, -5, 1.25, 3, -0.5
486 -> 358, -4, 1.25, 4, -0.5
486 -> 358, -1, 1.75, 3, -2
486 -> 358, -5, 1.25, 4, -0.5
487 -> 358, -2, 1.25, 5, -1
487 -> 358, -2, 1.25, 3, -1
487 -> 358, -2, 1.25, 2, -1
487 -> 358, -3, 0.25, 1, -0.5
487 -> 358, -3, 0.25, 2, -0.5
487 -> 358, -2, 1.25, 4, -1
487 -> 358, -1, 1.75, 5, -0.5
487 -> 358, -2, 1.25, 1, -1
489 -> 358, -5, 1.25, 4, -1.5
489 -> 358, -2, 1.25, 1, -0.5
489 -> 358, -3, 0.75, 4, -1
489 -> 358, -5, 0.25, 2, -1.5
489 -> 358, -3, 0.75, 5, -1
489 -> 358, -2, 0.25, 5, -1.5
490 -> 358, -3, 0.25, 3, -0.5
490 -> 358, -1, 1.25, 2, -2
491 -> 358, -4, 0.75, 3, -0.5
491 -> 358, -3, 1.25, 3, -1.5
491 -> 358, -4, 0.75, 5, -1
491 -> 358, -3, 1.25, 1, -1.5
491 -> 358, -3, 1.25, 2, -1.5
492 -> 358, -1, 0.25, 5, -1.5
492 -> 358, -4, 1.25, 1, -2
492 -> 358, -1, 0.25, 3, -1.5
492 -> 358, -4, 1.75, 1, -2
492 -> 358, -4, 1.25, 2, -2
492 -> 358, -1, 0.25, 4, -1.5
492 -> 358, -4, 1.25, 3, -2
493 -> 358, -2, 1.75, 3, -1.5
494 -> 358, -5, 1.75, 5, -1.5
495 -> 358, -4, 0.25, 4, -1
495 -> 358, -3, 0.25, 3, -1
495 -> 358, -4, 0.25, 5, -1
495 -> 358, -4, 1.25, 3, -1.5
496 -> 358, -5, 0.25, 3, -1.5
496 -> 358, -3, 0.75, 5, -2
498 -> 358, -5, 1.75, 2, -1.5
498 -> 358, -5, 1.75, 1, -1.5
498 -> 358, -5, 1.75, 3, -1.5
499 -> 358, -2, 1.25, 1, -2
499 -> 358, -1, 0.75, 5, -1
499 -> 358, -4, 1.75, 4, -2
499 -> 358, -4, 1.75, 3, -2
499 -> 358, -2, 1.25, 3, -2
499 -> 358, -2, 1.25, 2, -2
499 -> 358, -4, 1.75, 2, -2
501 -> 358, -1, 1.25, 4, -1.5
501 -> 358, -1, 1.25, 2, -1.5
501 -> 358, -1, 1.25, 5, -1.5
502 -> 358, -1, 0.25, 2, -0.5
502 -> 358, -3, 1.75, 2, -1
502 -> 358, -1, 1.25, 3, -1.5
503 -> 358, -2, 0.75, 5, -0.5
504 -> 358, -5, 1.75, 1, -1
504 -> 358, -5, 1.75, 4, -1.5
504 -> 358, -5, 1.75, 2, -1
505 -> 358, -2, 0.25, 4, -2
505 -> 358, -2, 0.25, 1, -2
505 -> 358, -2, 0.25, 3, -2
505 -> 358, -2, 0.25, 5, -2
505 -> 358, -2, 0.25, 2, -2
506 -> 358, -5, 1.75, 2, -2
506 -> 358, -5, 1.75, 3, -2
506 -> 358, -5, 1.75, 1, -2
506 -> 358, -5, 0.25, 1, -1.5
507 -> 358, -4, 0.25, 2, -1
507 -> 358, -5, 0.25, 5, -1.5
507 -> 358, -2, 0.75, 4, -1
507 -> 358, -4, 0.25, 3, -1
507 -> 358, -5, 0.25, 4, -1.5
507 -> 358, -4, 0.25, 1, -1
507 -> 358, -4, 1.75, 2, -0.5
508 -> 358, -3, 1.25, 1, -0.5
513 -> 358, -1, 0.25, 3, -0.5
513 -> 358, -1, 0.25, 5, -0.5
513 -> 358, -3, 0.75, 1, -0.5
513 -> 358, -3, 0.75, 2, -0.5
513 -> 358, -1, 0.25, 4, -0.5
516 -> 358, -1, 0.25, 1, -1.5
516 -> 358, -1, 0.25, 2, -1.5
517 -> 358, -2, 1.25, 4, -1.5
519 -> 358, -4, 1.25, 3, -0.5
521 -> 358, -1, 0.75, 1, -2
521 -> 358, -1, 1.75, 3, -0.5
521 -> 358, -1, 1.75, 4, -0.5
521 -> 358, -1, 0.75, 2, -2
521 -> 358, -1, 1.75, 2, -0.5
521 -> 358, -1, 1.75, 1, -0.5
524 -> 358, -3, 0.25, 5, -2
524 -> 358, -3, 0.25, 4, -2
528 -> 358, -5, 1.75, 1, -0.5
530 -> 358, -4, 0.25, 1, -0.5
530 -> 358, -4, 0.25, 2, -0.5
533 -> 358, -3, 0.75, 5, -1.5
533 -> 358, -3, 0.75, 4, -1.5
535 -> 358, -5, 0.25, 4, -2
535 -> 358, -5, 0.25, 5, -2
535 -> 358, -5, 0.25, 1, -2
535 -> 358, -5, 0.25, 3, -2
535 -> 358, -5, 0.25, 2, -2
536 -> 358, -4, 1.75, 5, -1.5
536 -> 358, -4, 1.75, 1, -1.5
536 -> 358, -4, 1.75, 3, -1.5
536 -> 358, -4, 1.75, 2, -1.5
536 -> 358, -5, 0.75, 3, -0.5
536 -> 358, -4, 1.75, 4, -1.5
544 -> 358, -5, 1.25, 5, -1.5
550 -> 358, -4, 0.75, 1, -0.5
553 -> 358, -5, 0.25, 5, -1
553 -> 358, -5, 0.25, 3, -1
553 -> 358, -2, 0.25, 4, -0.5
553 -> 358, -5, 0.25, 2, -1
553 -> 358, -5, 0.25, 1, -1
553 -> 358, -2, 0.25, 5, -0.5
553 -> 358, -5, 0.25, 4, -1
553 -> 358, -2, 0.25, 3, -0.5
559 -> 358, -5, 1.25, 1, -0.5
561 -> 358, -4, 0.25, 4, -2
561 -> 358, -4, 0.25, 1, -2
561 -> 358, -4, 0.25, 3, -2
561 -> 358, -4, 0.25, 5, -2
561 -> 358, -4, 0.25, 2, -2
562 -> 358, -5, 1.25, 2, -0.5
567 -> 358, -3, 0.25, 2, -2
567 -> 358, -3, 0.25, 1, -2
567 -> 358, -4, 1.25, 5, -1.5
571 -> 358, -4, 1.75, 5, -1
579 -> 358, -4, 0.75, 2, -0.5
599 -> 358, -5, 0.75, 5, -0.5
625 -> 358, -4, 1.75, 1, -0.5
633 -> 358, -3, 1.25, 1, -1
635 -> 358, -5, 1.75, 4, -0.5
635 -> 358, -5, 1.75, 5, -0.5
718 -> 358, -5, 1.75, 2, -0.5
718 -> 358, -5, 1.75, 3, -0.5
804 -> 358, -5, 0.75, 4, -0.5
