124 -> 102, -1, 1.75, 3, -2
124 -> 102, -1, 1.75, 2, -2
124 -> 102, -1, 1.75, 1, -2
315 -> 102, -4, 1.75, 5, -1
316 -> 102, -5, 1.25, 3, -1
316 -> 102, -5, 1.75, 5, -2
316 -> 102, -5, 1.75, 4, -2
321 -> 102, -4, 0.75, 1, -1.5
323 -> 102, -5, 1.75, 2, -2
326 -> 102, -3, 1.25, 2, -1.5
327 -> 102, -5, 1.75, 3, -2
329 -> 102, -5, 1.75, 5, -1.5
329 -> 102, -4, 1.75, 5, -2
330 -> 102, -3, 1.25, 1, -1.5
333 -> 102, -4, 1.75, 2, -1
336 -> 102, -5, 1.25, 1, -2
337 -> 102, -4, 1.75, 2, -1.5
339 -> 102, -5, 0.75, 2, -2
339 -> 102, -5, 0.75, 3, -2
339 -> 102, -5, 0.75, 4, -2
339 -> 102, -5, 0.75, 5, -2
341 -> 102, -4, 0.75, 3, -1.5
344 -> 102, -5, 1.75, 4, -1.5
348 -> 102, -4, 1.75, 1, -1
349 -> 102, -2, 1.25, 5, -1.5
349 -> 102, -5, 0.75, 1, -1
349 -> 102, -4, 1.75, 4, -0.5
349 -> 102, -4, 1.25, 3, -2
351 -> 102, -5, 1.75, 1, -2
351 -> 102, -4, 1.25, 2, -1.5
351 -> 102, -4, 1.25, 3, -1.5
352 -> 102, -4, 1.75, 2, -2
355 -> 102, -4, 1.75, 4, -2
355 -> 102, -4, 1.75, 3, -2
355 -> 102, -4, 0.75, 4, -1.5
356 -> 102, -1, 0.75, 1, -0.5
359 -> 102, -4, 0.75, 5, -1
359 -> 102, -5, 0.25, 2, -0.5
360 -> 102, -4, 1.75, 1, -2
360 -> 102, -1, 1.25, 1, -0.5
360 -> 102, -4, 0.75, 1, -1
361 -> 102, -4, 1.25, 3, -1
361 -> 102, -5, 1.25, 1, -1
361 -> 102, -4, 1.75, 5, -1.5
363 -> 102, -5, 0.75, 4, -1
363 -> 102, -5, 0.25, 3, -0.5
363 -> 102, -5, 0.75, 5, -1
363 -> 102, -5, 1.25, 3, -1.5
363 -> 102, -2, 0.75, 1, -2
364 -> 102, -1, 1.25, 2, -0.5
365 -> 102, -5, 1.25, 2, -1
365 -> 102, -2, 1.75, 5, -1.5
365 -> 102, -5, 0.75, 3, -1.5
366 -> 102, -5, 1.75, 3, -1.5
367 -> 102, -4, 1.25, 5, -2
367 -> 102, -5, 0.25, 5, -2
368 -> 102, -3, 1.75, 4, -2
368 -> 102, -5, 0.75, 2, -1.5
368 -> 102, -5, 1.25, 2, -1.5
368 -> 102, -5, 0.25, 3, -2
368 -> 102, -5, 0.25, 2, -2
368 -> 102, -5, 0.25, 1, -2
368 -> 102, -3, 1.75, 3, -2
369 -> 102, -2, 0.75, 4, -1
369 -> 102, -5, 0.75, 2, -1
369 -> 102, -2, 1.75, 4, -2
369 -> 102, -2, 0.75, 3, -1
369 -> 102, -4, 1.75, 3, -1.5
370 -> 102, -5, 0.25, 4, -1
370 -> 102, -2, 0.75, 3, -2
370 -> 102, -3, 1.25, 4, -0.5
370 -> 102, -3, 1.75, 3, -1
371 -> 102, -3, 1.25, 3, -2
372 -> 102, -1, 1.75, 2, -0.5
372 -> 102, -2, 1.75, 2, -0.5
373 -> 102, -3, 1.25, 2, -1
373 -> 102, -5, 0.25, 1, -1
373 -> 102, -3, 0.75, 5, -1
373 -> 102, -3, 0.75, 4, -1
374 -> 102, -2, 1.25, 1, -0.5
374 -> 102, -3, 1.25, 5, -1.5
374 -> 102, -5, 1.75, 2, -1.5
374 -> 102, -4, 0.75, 2, -1.5
375 -> 102, -2, 1.75, 1, -0.5
375 -> 102, -5, 1.25, 1, -1.5
375 -> 102, -5, 0.75, 1, -2
375 -> 102, -4, 1.25, 5, -1.5
376 -> 102, -2, 1.75, 1, -2
376 -> 102, -2, 0.75, 5, -2
378 -> 102, -3, 1.25, 4, -1.5
378 -> 102, -3, 0.75, 3, -1
379 -> 102, -3, 1.75, 5, -2
379 -> 102, -3, 1.25, 5, -1
381 -> 102, -4, 0.75, 2, -1
381 -> 102, -2, 1.25, 4, -0.5
381 -> 102, -2, 1.25, 2, -0.5
382 -> 102, -3, 1.75, 2, -1
382 -> 102, -4, 0.25, 4, -0.5
382 -> 102, -4, 0.25, 5, -0.5
383 -> 102, -4, 1.25, 4, -1.5
383 -> 102, -5, 0.25, 4, -2
383 -> 102, -1, 1.75, 5, -1.5
383 -> 102, -4, 1.25, 2, -2
384 -> 102, -2, 1.25, 2, -2
384 -> 102, -2, 1.25, 3, -2
384 -> 102, -2, 1.25, 4, -2
384 -> 102, -2, 1.25, 5, -2
384 -> 102, -3, 0.75, 1, -1
384 -> 102, -1, 1.75, 4, -0.5
384 -> 102, -5, 0.75, 5, -1.5
384 -> 102, -2, 0.75, 2, -1
384 -> 102, -5, 0.75, 4, -1.5
384 -> 102, -1, 1.75, 3, -0.5
385 -> 102, -3, 0.25, 1, -2
385 -> 102, -4, 1.25, 1, -1.5
385 -> 102, -3, 0.25, 2, -2
386 -> 102, -5, 1.25, 3, -2
386 -> 102, -5, 1.25, 2, -2
386 -> 102, -4, 0.75, 3, -1
386 -> 102, -4, 0.75, 4, -1
386 -> 102, -5, 1.25, 4, -2
386 -> 102, -5, 1.25, 5, -2
386 -> 102, -4, 0.25, 3, -0.5
387 -> 102, -3, 1.75, 2, -1.5
387 -> 102, -2, 0.75, 5, -0.5
387 -> 102, -3, 1.75, 2, -2
387 -> 102, -3, 1.75, 3, -1.5
387 -> 102, -2, 1.75, 2, -2
387 -> 102, -2, 1.75, 1, -1.5
388 -> 102, -4, 1.25, 4, -2
389 -> 102, -2, 1.25, 4, -1.5
390 -> 102, -3, 1.75, 4, -1.5
390 -> 102, -5, 1.25, 5, -1.5
390 -> 102, -1, 1.75, 1, -1.5
390 -> 102, -5, 1.25, 4, -1.5
390 -> 102, -2, 0.75, 2, -2
390 -> 102, -2, 1.25, 3, -1.5
390 -> 102, -4, 1.25, 1, -2
390 -> 102, -2, 1.75, 3, -2
391 -> 102, -2, 1.25, 2, -1.5
391 -> 102, -1, 1.75, 4, -1.5
391 -> 102, -1, 1.25, 2, -1.5
391 -> 102, -3, 1.75, 5, -1
391 -> 102, -1, 1.75, 2, -1.5
391 -> 102, -2, 0.75, 5, -1.5
391 -> 102, -4, 1.75, 4, -1.5
391 -> 102, -1, 1.75, 3, -1.5
392 -> 102, -3, 0.25, 3, -2
392 -> 102, -2, 0.75, 4, -2
392 -> 102, -3, 1.25, 3, -1.5
393 -> 102, -5, 0.75, 3, -1
393 -> 102, -5, 0.75, 1, -1.5
393 -> 102, -5, 1.75, 1, -1.5
393 -> 102, -2, 1.25, 5, -0.5
393 -> 102, -2, 0.75, 1, -1
394 -> 102, -4, 0.75, 5, -1.5
394 -> 102, -1, 1.25, 5, -2
394 -> 102, -1, 1.25, 4, -2
395 -> 102, -1, 0.75, 2, -0.5
395 -> 102, -4, 1.25, 4, -1
396 -> 102, -2, 1.25, 1, -2
397 -> 102, -3, 1.25, 4, -1
397 -> 102, -5, 0.25, 4, -1.5
397 -> 102, -5, 0.25, 1, -1.5
397 -> 102, -1, 1.25, 3, -2
397 -> 102, -5, 0.25, 2, -1.5
397 -> 102, -5, 0.25, 5, -1.5
397 -> 102, -5, 0.25, 3, -1.5
398 -> 102, -2, 1.75, 4, -1.5
399 -> 102, -3, 1.75, 5, -1.5
399 -> 102, -1, 1.25, 3, -0.5
400 -> 102, -1, 1.25, 3, -1.5
400 -> 102, -3, 1.25, 3, -1
401 -> 102, -2, 1.75, 3, -1.5
401 -> 102, -1, 0.75, 5, -2
402 -> 102, -5, 1.25, 4, -1
402 -> 102, -3, 0.75, 2, -1
404 -> 102, -3, 0.25, 3, -1
404 -> 102, -2, 1.25, 5, -1
404 -> 102, -1, 0.25, 1, -2
404 -> 102, -1, 0.75, 2, -1.5
404 -> 102, -1, 0.75, 4, -1.5
405 -> 102, -1, 0.75, 1, -1.5
405 -> 102, -3, 0.25, 2, -0.5
405 -> 102, -3, 0.75, 1, -2
405 -> 102, -3, 0.75, 2, -2
406 -> 102, -2, 0.75, 2, -1.5
407 -> 102, -1, 0.75, 1, -2
407 -> 102, -1, 0.75, 3, -2
407 -> 102, -2, 1.25, 3, -0.5
407 -> 102, -4, 1.75, 1, -1.5
408 -> 102, -5, 1.25, 1, -0.5
408 -> 102, -1, 0.75, 5, -0.5
408 -> 102, -5, 1.25, 2, -0.5
408 -> 102, -1, 0.75, 3, -0.5
408 -> 102, -2, 0.75, 1, -1.5
408 -> 102, -1, 0.75, 4, -0.5
408 -> 102, -1, 0.75, 5, -1
408 -> 102, -4, 1.25, 5, -1
408 -> 102, -5, 0.25, 5, -1
410 -> 102, -1, 0.75, 3, -1.5
410 -> 102, -3, 0.75, 4, -1.5
410 -> 102, -3, 0.75, 3, -0.5
411 -> 102, -3, 1.25, 5, -0.5
411 -> 102, -3, 1.25, 1, -1
411 -> 102, -2, 1.75, 5, -0.5
411 -> 102, -2, 1.75, 4, -0.5
411 -> 102, -2, 1.75, 3, -0.5
412 -> 102, -1, 0.75, 4, -2
413 -> 102, -1, 1.75, 1, -1
413 -> 102, -4, 1.75, 3, -1
413 -> 102, -4, 1.75, 4, -1
413 -> 102, -1, 0.75, 5, -1.5
414 -> 102, -3, 1.75, 4, -1
416 -> 102, -3, 1.25, 3, -0.5
416 -> 102, -2, 1.25, 1, -1.5
416 -> 102, -3, 1.75, 1, -1.5
416 -> 102, -1, 0.75, 1, -1
417 -> 102, -5, 1.25, 5, -1
417 -> 102, -3, 0.75, 5, -1.5
417 -> 102, -1, 0.25, 2, -2
418 -> 102, -1, 1.25, 3, -1
418 -> 102, -2, 1.75, 5, -2
419 -> 102, -1, 0.75, 2, -2
419 -> 102, -2, 0.25, 4, -1.5
419 -> 102, -2, 1.75, 2, -1.5
420 -> 102, -2, 0.75, 3, -1.5
420 -> 102, -3, 1.75, 1, -1
421 -> 102, -1, 1.75, 1, -0.5
422 -> 102, -2, 0.25, 3, -1.5
423 -> 102, -3, 0.75, 5, -2
423 -> 102, -3, 0.75, 4, -2
423 -> 102, -3, 0.75, 3, -2
424 -> 102, -4, 0.25, 1, -0.5
425 -> 102, -2, 1.75, 5, -1
425 -> 102, -1, 1.25, 5, -1.5
426 -> 102, -1, 1.75, 5, -2
427 -> 102, -2, 0.75, 2, -0.5
427 -> 102, -5, 1.75, 3, -1
428 -> 102, -3, 0.25, 3, -1.5
428 -> 102, -1, 1.75, 4, -2
428 -> 102, -3, 0.25, 2, -1.5
429 -> 102, -5, 1.75, 1, -1
429 -> 102, -5, 1.75, 2, -1
429 -> 102, -1, 1.25, 1, -1.5
430 -> 102, -3, 0.25, 1, -1
430 -> 102, -3, 0.75, 2, -1.5
430 -> 102, -1, 0.75, 4, -1
432 -> 102, -3, 0.25, 2, -1
432 -> 102, -2, 1.25, 3, -1
433 -> 102, -3, 0.25, 4, -1.5
433 -> 102, -3, 0.75, 1, -1.5
433 -> 102, -3, 0.25, 5, -1.5
433 -> 102, -2, 1.25, 1, -1
434 -> 102, -1, 1.25, 1, -2
434 -> 102, -3, 0.25, 1, -1.5
434 -> 102, -1, 1.25, 2, -2
435 -> 102, -2, 0.25, 4, -2
435 -> 102, -2, 0.25, 3, -2
436 -> 102, -1, 1.25, 4, -0.5
436 -> 102, -2, 0.25, 2, -1.5
436 -> 102, -1, 1.25, 5, -0.5
436 -> 102, -2, 0.75, 4, -1.5
437 -> 102, -3, 1.75, 1, -0.5
437 -> 102, -3, 0.75, 2, -0.5
437 -> 102, -3, 1.25, 2, -2
439 -> 102, -1, 0.25, 5, -1.5
440 -> 102, -3, 0.25, 5, -0.5
440 -> 102, -1, 0.25, 1, -1.5
441 -> 102, -3, 0.25, 4, -2
441 -> 102, -3, 0.25, 5, -2
441 -> 102, -1, 1.25, 5, -1
441 -> 102, -3, 1.75, 1, -2
441 -> 102, -1, 1.25, 4, -1
441 -> 102, -1, 1.25, 1, -1
441 -> 102, -2, 1.25, 4, -1
443 -> 102, -5, 0.25, 2, -1
443 -> 102, -3, 1.25, 1, -2
443 -> 102, -5, 0.25, 3, -1
444 -> 102, -4, 0.75, 2, -2
444 -> 102, -4, 0.75, 4, -2
444 -> 102, -4, 0.75, 3, -2
444 -> 102, -4, 0.75, 5, -2
444 -> 102, -4, 0.75, 1, -2
445 -> 102, -1, 0.25, 2, -1.5
446 -> 102, -1, 1.75, 5, -1
446 -> 102, -3, 1.75, 2, -0.5
446 -> 102, -1, 1.75, 3, -1
446 -> 102, -1, 1.75, 4, -1
447 -> 102, -2, 0.25, 5, -2
447 -> 102, -4, 1.25, 2, -0.5
447 -> 102, -3, 0.75, 3, -1.5
449 -> 102, -1, 1.75, 2, -1
449 -> 102, -3, 1.25, 5, -2
449 -> 102, -3, 1.25, 4, -2
449 -> 102, -1, 0.25, 3, -1.5
449 -> 102, -1, 0.25, 4, -1.5
450 -> 102, -1, 0.25, 4, -2
450 -> 102, -1, 0.25, 5, -2
450 -> 102, -2, 1.25, 2, -1
450 -> 102, -1, 0.25, 3, -2
454 -> 102, -1, 1.25, 4, -1.5
455 -> 102, -2, 0.75, 4, -0.5
455 -> 102, -1, 1.25, 2, -1
455 -> 102, -2, 0.75, 3, -0.5
457 -> 102, -1, 0.25, 3, -0.5
457 -> 102, -5, 1.25, 5, -0.5
458 -> 102, -2, 0.25, 2, -2
458 -> 102, -2, 0.75, 5, -1
458 -> 102, -1, 1.75, 5, -0.5
459 -> 102, -3, 0.25, 3, -0.5
460 -> 102, -4, 0.25, 3, -1
460 -> 102, -4, 0.25, 1, -1
460 -> 102, -4, 0.25, 2, -1
461 -> 102, -1, 0.75, 2, -1
461 -> 102, -1, 0.75, 3, -1
462 -> 102, -2, 0.25, 4, -1
462 -> 102, -2, 0.25, 3, -1
463 -> 102, -2, 0.25, 1, -1
463 -> 102, -1, 0.25, 5, -0.5
463 -> 102, -1, 0.25, 4, -0.5
468 -> 102, -5, 0.25, 4, -0.5
468 -> 102, -5, 0.25, 5, -0.5
472 -> 102, -4, 0.25, 4, -1.5
472 -> 102, -4, 0.25, 5, -1.5
472 -> 102, -3, 0.25, 5, -1
472 -> 102, -3, 0.25, 4, -1
472 -> 102, -4, 0.25, 3, -1.5
472 -> 102, -4, 0.25, 2, -1.5
472 -> 102, -4, 0.25, 1, -1.5
473 -> 102, -3, 1.25, 2, -0.5
473 -> 102, -2, 1.75, 4, -1
473 -> 102, -2, 1.75, 3, -1
473 -> 102, -2, 1.75, 1, -1
473 -> 102, -2, 1.75, 2, -1
476 -> 102, -5, 1.25, 3, -0.5
476 -> 102, -5, 1.25, 4, -0.5
477 -> 102, -2, 0.25, 1, -2
477 -> 102, -2, 0.25, 1, -1.5
478 -> 102, -1, 0.25, 2, -0.5
480 -> 102, -2, 0.25, 5, -1.5
481 -> 102, -3, 0.75, 1, -0.5
482 -> 102, -4, 0.25, 4, -2
482 -> 102, -4, 0.25, 3, -2
482 -> 102, -2, 0.25, 4, -0.5
482 -> 102, -2, 0.25, 3, -0.5
482 -> 102, -4, 0.25, 2, -2
482 -> 102, -2, 0.25, 5, -0.5
482 -> 102, -4, 0.25, 1, -2
482 -> 102, -2, 0.25, 2, -0.5
482 -> 102, -4, 0.25, 5, -2
485 -> 102, -1, 0.25, 1, -0.5
487 -> 102, -1, 0.25, 3, -1
487 -> 102, -1, 0.25, 2, -1
487 -> 102, -1, 0.25, 4, -1
487 -> 102, -1, 0.25, 5, -1
487 -> 102, -1, 0.25, 1, -1
489 -> 102, -5, 0.25, 1, -0.5
490 -> 102, -2, 0.25, 2, -1
491 -> 102, -4, 1.25, 4, -0.5
491 -> 102, -4, 1.25, 3, -0.5
492 -> 102, -3, 0.75, 4, -0.5
493 -> 102, -5, 1.75, 5, -1
493 -> 102, -5, 1.75, 4, -1
494 -> 102, -3, 1.25, 1, -0.5
496 -> 102, -2, 0.25, 5, -1
500 -> 102, -2, 0.75, 1, -0.5
507 -> 102, -4, 1.25, 2, -1
507 -> 102, -4, 1.25, 1, -1
512 -> 102, -3, 0.25, 4, -0.5
517 -> 102, -3, 0.75, 5, -0.5
518 -> 102, -2, 0.25, 1, -0.5
520 -> 102, -4, 0.75, 5, -0.5
520 -> 102, -4, 0.75, 4, -0.5
522 -> 102, -5, 0.75, 5, -0.5
534 -> 102, -5, 1.75, 1, -0.5
535 -> 102, -4, 0.25, 5, -1
536 -> 102, -4, 0.25, 4, -1
539 -> 102, -4, 0.75, 3, -0.5
540 -> 102, -4, 0.75, 2, -0.5
540 -> 102, -4, 0.25, 2, -0.5
542 -> 102, -3, 1.75, 4, -0.5
542 -> 102, -3, 1.75, 3, -0.5
542 -> 102, -3, 1.75, 5, -0.5
561 -> 102, -4, 0.75, 1, -0.5
578 -> 102, -4, 1.75, 1, -0.5
578 -> 102, -4, 1.75, 2, -0.5
586 -> 102, -4, 1.25, 5, -0.5
598 -> 102, -3, 0.25, 1, -0.5
611 -> 102, -5, 1.75, 5, -0.5
615 -> 102, -5, 0.75, 1, -0.5
621 -> 102, -5, 1.75, 3, -0.5
621 -> 102, -5, 1.75, 4, -0.5
622 -> 102, -5, 1.75, 2, -0.5
623 -> 102, -4, 1.75, 3, -0.5
629 -> 102, -4, 1.75, 5, -0.5
640 -> 102, -4, 1.25, 1, -0.5
651 -> 102, -5, 0.75, 2, -0.5
651 -> 102, -5, 0.75, 3, -0.5
651 -> 102, -5, 0.75, 4, -0.5
