360 -> 222, -4, 1.75, 2, -0.5
360 -> 222, -4, 1.75, 3, -0.5
360 -> 222, -4, 1.75, 4, -0.5
362 -> 222, -2, 1.25, 3, -1
364 -> 222, -1, 1.75, 3, -0.5
365 -> 222, -2, 1.25, 4, -1
365 -> 222, -2, 1.25, 5, -1
375 -> 222, -3, 0.75, 4, -0.5
375 -> 222, -3, 0.75, 3, -0.5
375 -> 222, -3, 1.75, 4, -1.5
376 -> 222, -2, 1.25, 1, -0.5
376 -> 222, -3, 1.75, 5, -1.5
377 -> 222, -4, 1.25, 5, -2
381 -> 222, -2, 0.75, 4, -1
382 -> 222, -3, 1.75, 1, -1
385 -> 222, -2, 0.75, 1, -0.5
386 -> 222, -2, 1.25, 2, -0.5
387 -> 222, -3, 1.75, 1, -1.5
387 -> 222, -3, 1.75, 3, -1.5
387 -> 222, -3, 1.75, 2, -1.5
389 -> 222, -2, 0.75, 5, -0.5
391 -> 222, -1, 1.75, 4, -0.5
392 -> 222, -5, 1.75, 2, -1
392 -> 222, -3, 1.25, 3, -0.5
394 -> 222, -2, 0.75, 5, -1
395 -> 222, -5, 0.25, 2, -1
395 -> 222, -2, 0.75, 3, -1
395 -> 222, -2, 0.75, 2, -1
396 -> 222, -1, 1.25, 1, -1.5
397 -> 222, -3, 1.25, 3, -1
398 -> 222, -1, 1.75, 3, -2
398 -> 222, -1, 1.75, 2, -2
399 -> 222, -3, 1.25, 4, -1
399 -> 222, -3, 1.25, 5, -1
400 -> 222, -3, 1.75, 1, -2
400 -> 222, -3, 0.75, 1, -1
401 -> 222, -3, 1.25, 4, -0.5
402 -> 222, -4, 1.25, 2, -2
402 -> 222, -4, 1.25, 1, -2
404 -> 222, -2, 1.75, 1, -0.5
404 -> 222, -2, 1.25, 3, -0.5
406 -> 222, -2, 0.75, 2, -0.5
407 -> 222, -4, 0.25, 3, -1.5
408 -> 222, -4, 0.25, 4, -1.5
408 -> 222, -2, 0.75, 1, -1
408 -> 222, -4, 0.25, 5, -1.5
409 -> 222, -5, 0.25, 2, -2
409 -> 222, -3, 1.25, 5, -0.5
409 -> 222, -1, 1.25, 4, -0.5
409 -> 222, -5, 0.25, 4, -2
409 -> 222, -5, 0.25, 3, -2
409 -> 222, -5, 0.25, 5, -2
410 -> 222, -5, 1.75, 4, -1
410 -> 222, -4, 0.75, 3, -1
410 -> 222, -5, 1.75, 5, -1
410 -> 222, -4, 0.75, 4, -1
411 -> 222, -2, 1.25, 5, -2
411 -> 222, -2, 1.25, 4, -2
411 -> 222, -2, 1.25, 3, -2
411 -> 222, -1, 1.25, 3, -1
411 -> 222, -4, 1.25, 4, -1
412 -> 222, -5, 0.25, 1, -2
413 -> 222, -2, 1.25, 2, -2
413 -> 222, -2, 1.25, 1, -1.5
413 -> 222, -5, 0.75, 3, -0.5
414 -> 222, -4, 1.25, 3, -2
415 -> 222, -3, 0.75, 2, -0.5
415 -> 222, -3, 1.75, 2, -1
415 -> 222, -1, 1.25, 1, -0.5
416 -> 222, -5, 1.75, 1, -0.5
416 -> 222, -5, 1.75, 3, -0.5
416 -> 222, -4, 1.75, 2, -1.5
416 -> 222, -1, 1.75, 1, -1.5
416 -> 222, -5, 0.75, 5, -0.5
416 -> 222, -5, 1.75, 2, -0.5
416 -> 222, -4, 1.75, 1, -1.5
417 -> 222, -1, 0.25, 4, -2
417 -> 222, -1, 0.25, 5, -2
418 -> 222, -2, 1.25, 4, -0.5
418 -> 222, -1, 1.25, 5, -2
418 -> 222, -1, 0.75, 3, -1.5
418 -> 222, -2, 1.25, 5, -0.5
418 -> 222, -1, 0.75, 4, -1.5
419 -> 222, -3, 1.75, 4, -1
419 -> 222, -3, 1.75, 3, -1
421 -> 222, -2, 0.25, 1, -0.5
421 -> 222, -1, 1.75, 5, -0.5
421 -> 222, -1, 1.25, 2, -0.5
422 -> 222, -4, 0.25, 3, -1
422 -> 222, -4, 1.25, 2, -1
422 -> 222, -4, 1.25, 4, -2
422 -> 222, -2, 1.75, 5, -0.5
422 -> 222, -4, 0.25, 4, -1
422 -> 222, -4, 1.25, 1, -1
423 -> 222, -2, 1.25, 4, -1.5
423 -> 222, -2, 0.25, 2, -0.5
423 -> 222, -1, 1.25, 5, -0.5
423 -> 222, -1, 1.75, 5, -1.5
423 -> 222, -5, 1.75, 1, -1
423 -> 222, -1, 1.75, 4, -1.5
424 -> 222, -4, 0.75, 1, -0.5
424 -> 222, -2, 0.75, 3, -0.5
425 -> 222, -1, 0.75, 2, -0.5
425 -> 222, -1, 1.25, 2, -1.5
425 -> 222, -1, 1.25, 4, -2
425 -> 222, -4, 0.75, 2, -1.5
427 -> 222, -2, 1.25, 1, -1
427 -> 222, -1, 1.25, 4, -1
427 -> 222, -5, 0.75, 2, -0.5
428 -> 222, -3, 1.25, 5, -1.5
428 -> 222, -1, 1.25, 1, -2
429 -> 222, -5, 1.25, 2, -0.5
429 -> 222, -4, 1.75, 5, -1
430 -> 222, -5, 0.25, 4, -1
430 -> 222, -5, 0.25, 3, -1
430 -> 222, -5, 0.25, 5, -1
430 -> 222, -5, 1.25, 1, -1.5
431 -> 222, -1, 0.25, 1, -2
431 -> 222, -2, 0.75, 4, -2
431 -> 222, -2, 1.25, 2, -1.5
431 -> 222, -2, 0.75, 3, -2
432 -> 222, -4, 1.25, 1, -0.5
432 -> 222, -2, 1.75, 4, -0.5
432 -> 222, -1, 1.25, 2, -2
432 -> 222, -5, 1.25, 5, -0.5
433 -> 222, -4, 0.75, 3, -1.5
433 -> 222, -1, 1.25, 1, -1
433 -> 222, -4, 0.75, 4, -1.5
433 -> 222, -4, 1.25, 2, -1.5
433 -> 222, -1, 0.75, 1, -1
434 -> 222, -1, 1.75, 2, -1.5
434 -> 222, -1, 1.75, 3, -1.5
434 -> 222, -1, 1.75, 1, -0.5
435 -> 222, -5, 1.25, 4, -0.5
436 -> 222, -3, 0.25, 5, -1
436 -> 222, -3, 0.25, 2, -1
436 -> 222, -3, 0.25, 4, -1
436 -> 222, -3, 0.25, 3, -1
437 -> 222, -4, 1.75, 4, -2
437 -> 222, -1, 0.75, 5, -1.5
437 -> 222, -4, 1.75, 2, -2
437 -> 222, -4, 1.75, 1, -2
437 -> 222, -4, 1.25, 5, -0.5
437 -> 222, -4, 1.75, 3, -2
438 -> 222, -1, 1.25, 3, -2
438 -> 222, -1, 0.75, 5, -2
438 -> 222, -1, 1.75, 5, -2
438 -> 222, -2, 1.25, 5, -1.5
438 -> 222, -1, 0.75, 3, -2
438 -> 222, -1, 0.75, 4, -2
438 -> 222, -1, 1.75, 4, -2
439 -> 222, -2, 1.75, 1, -1
439 -> 222, -2, 1.75, 3, -1
439 -> 222, -5, 1.25, 3, -1.5
439 -> 222, -2, 1.75, 4, -1
440 -> 222, -1, 0.75, 2, -2
440 -> 222, -4, 1.25, 1, -1.5
440 -> 222, -2, 1.75, 3, -2
440 -> 222, -3, 1.25, 5, -2
440 -> 222, -2, 1.75, 2, -2
440 -> 222, -2, 1.75, 1, -2
441 -> 222, -3, 1.75, 2, -2
441 -> 222, -2, 0.25, 1, -1
441 -> 222, -3, 1.75, 3, -2
441 -> 222, -4, 0.25, 5, -1
441 -> 222, -2, 0.75, 2, -2
441 -> 222, -2, 0.25, 2, -1
442 -> 222, -4, 1.75, 3, -1.5
443 -> 222, -1, 1.75, 1, -2
444 -> 222, -4, 1.25, 2, -0.5
444 -> 222, -4, 1.25, 3, -0.5
445 -> 222, -1, 1.25, 5, -1
445 -> 222, -3, 1.25, 1, -2
445 -> 222, -2, 0.75, 4, -0.5
446 -> 222, -4, 0.75, 4, -2
446 -> 222, -4, 0.75, 2, -2
446 -> 222, -4, 1.25, 3, -1
446 -> 222, -4, 0.75, 5, -2
446 -> 222, -4, 0.25, 2, -0.5
446 -> 222, -4, 0.75, 1, -2
446 -> 222, -4, 0.75, 3, -2
447 -> 222, -3, 1.25, 4, -1.5
447 -> 222, -1, 0.75, 1, -0.5
447 -> 222, -2, 1.75, 5, -1
447 -> 222, -4, 1.25, 3, -1.5
447 -> 222, -2, 1.75, 2, -1
448 -> 222, -5, 1.25, 5, -2
448 -> 222, -2, 0.75, 1, -2
448 -> 222, -5, 1.25, 2, -2
448 -> 222, -1, 0.75, 4, -1
448 -> 222, -5, 1.25, 1, -2
448 -> 222, -4, 0.75, 5, -1
448 -> 222, -2, 1.75, 3, -0.5
448 -> 222, -1, 0.75, 5, -1
448 -> 222, -5, 1.25, 3, -2
448 -> 222, -5, 1.25, 4, -2
449 -> 222, -5, 0.75, 5, -2
449 -> 222, -1, 1.75, 2, -0.5
449 -> 222, -5, 0.75, 4, -2
449 -> 222, -4, 1.25, 4, -0.5
449 -> 222, -1, 0.25, 5, -1.5
450 -> 222, -3, 0.75, 4, -1
450 -> 222, -5, 0.75, 1, -1.5
450 -> 222, -5, 0.25, 2, -1.5
450 -> 222, -5, 0.75, 2, -1.5
450 -> 222, -4, 0.25, 4, -0.5
450 -> 222, -3, 1.75, 5, -2
450 -> 222, -5, 0.25, 1, -1.5
450 -> 222, -5, 0.25, 3, -1.5
450 -> 222, -3, 1.75, 4, -2
450 -> 222, -4, 0.25, 3, -0.5
450 -> 222, -5, 0.25, 4, -1.5
450 -> 222, -5, 0.25, 5, -1.5
451 -> 222, -5, 1.75, 5, -0.5
451 -> 222, -5, 1.75, 4, -0.5
452 -> 222, -4, 0.25, 2, -1
452 -> 222, -4, 1.75, 5, -0.5
453 -> 222, -4, 1.75, 4, -1.5
453 -> 222, -1, 0.75, 1, -1.5
453 -> 222, -4, 1.75, 5, -1.5
455 -> 222, -1, 1.75, 5, -1
455 -> 222, -1, 1.25, 2, -1
455 -> 222, -1, 1.75, 4, -1
455 -> 222, -1, 1.75, 2, -1
455 -> 222, -5, 0.75, 1, -0.5
455 -> 222, -3, 0.75, 5, -1
455 -> 222, -1, 1.75, 3, -1
456 -> 222, -5, 0.75, 3, -2
456 -> 222, -5, 0.25, 1, -1
456 -> 222, -2, 1.25, 2, -1
457 -> 222, -2, 0.75, 2, -1.5
457 -> 222, -2, 0.75, 4, -1.5
457 -> 222, -2, 0.75, 5, -1.5
457 -> 222, -2, 0.75, 1, -1.5
457 -> 222, -2, 0.75, 3, -1.5
458 -> 222, -2, 0.25, 4, -1
458 -> 222, -1, 0.25, 1, -1
458 -> 222, -5, 0.75, 1, -2
458 -> 222, -3, 1.75, 5, -1
458 -> 222, -1, 0.75, 2, -1
458 -> 222, -1, 0.75, 3, -1
458 -> 222, -5, 0.75, 2, -2
459 -> 222, -1, 0.75, 3, -0.5
459 -> 222, -2, 0.75, 5, -2
459 -> 222, -1, 1.25, 3, -0.5
459 -> 222, -3, 1.25, 3, -1.5
459 -> 222, -3, 1.25, 1, -0.5
459 -> 222, -3, 1.25, 2, -0.5
459 -> 222, -3, 1.25, 2, -1.5
460 -> 222, -2, 1.75, 4, -2
460 -> 222, -2, 1.75, 5, -2
460 -> 222, -1, 1.25, 4, -1.5
460 -> 222, -1, 1.25, 3, -1.5
460 -> 222, -4, 0.25, 1, -1
460 -> 222, -1, 1.25, 5, -1.5
461 -> 222, -2, 1.25, 3, -1.5
461 -> 222, -5, 0.25, 2, -0.5
462 -> 222, -1, 1.75, 1, -1
462 -> 222, -5, 1.25, 2, -1.5
463 -> 222, -3, 0.25, 1, -0.5
463 -> 222, -3, 1.25, 1, -1.5
464 -> 222, -1, 0.75, 5, -0.5
464 -> 222, -1, 0.25, 3, -2
464 -> 222, -1, 0.75, 4, -0.5
464 -> 222, -1, 0.25, 2, -2
465 -> 222, -5, 0.75, 5, -1
465 -> 222, -5, 0.75, 4, -1
465 -> 222, -5, 0.75, 3, -1
466 -> 222, -4, 0.75, 1, -1
466 -> 222, -3, 1.75, 2, -0.5
466 -> 222, -3, 1.75, 1, -0.5
467 -> 222, -5, 1.75, 2, -2
467 -> 222, -3, 0.25, 2, -0.5
467 -> 222, -4, 1.75, 1, -1
467 -> 222, -5, 1.75, 1, -2
468 -> 222, -4, 0.75, 2, -1
469 -> 222, -2, 1.75, 3, -1.5
469 -> 222, -1, 0.25, 1, -0.5
469 -> 222, -1, 0.25, 4, -0.5
469 -> 222, -1, 0.25, 3, -0.5
469 -> 222, -1, 0.25, 2, -0.5
470 -> 222, -5, 0.75, 4, -1.5
470 -> 222, -5, 0.75, 5, -1.5
470 -> 222, -2, 1.75, 2, -1.5
470 -> 222, -5, 0.75, 3, -1.5
471 -> 222, -2, 1.75, 1, -1.5
471 -> 222, -3, 0.25, 2, -2
471 -> 222, -3, 0.25, 1, -2
471 -> 222, -4, 0.25, 2, -1.5
471 -> 222, -4, 0.25, 1, -1.5
472 -> 222, -3, 0.25, 4, -2
472 -> 222, -4, 1.75, 5, -2
472 -> 222, -3, 0.25, 1, -1
472 -> 222, -1, 0.75, 2, -1.5
472 -> 222, -3, 0.25, 5, -2
474 -> 222, -4, 0.25, 5, -0.5
475 -> 222, -1, 0.75, 1, -2
475 -> 222, -3, 1.25, 2, -1
476 -> 222, -5, 1.75, 1, -1.5
476 -> 222, -2, 1.75, 5, -1.5
476 -> 222, -2, 1.75, 4, -1.5
476 -> 222, -5, 1.75, 2, -1.5
477 -> 222, -4, 0.75, 1, -1.5
477 -> 222, -5, 1.75, 3, -1
478 -> 222, -3, 0.75, 3, -2
478 -> 222, -3, 0.75, 4, -2
479 -> 222, -3, 0.25, 5, -1.5
479 -> 222, -3, 0.75, 1, -0.5
479 -> 222, -3, 0.25, 4, -1.5
480 -> 222, -2, 0.25, 2, -2
480 -> 222, -2, 0.25, 3, -2
481 -> 222, -2, 0.25, 5, -1
481 -> 222, -4, 0.25, 2, -2
481 -> 222, -4, 0.25, 3, -2
481 -> 222, -4, 0.25, 4, -2
481 -> 222, -4, 0.25, 1, -2
481 -> 222, -4, 0.25, 5, -2
482 -> 222, -5, 1.75, 3, -1.5
482 -> 222, -5, 1.75, 4, -1.5
482 -> 222, -5, 1.75, 5, -1.5
484 -> 222, -5, 1.75, 3, -2
484 -> 222, -5, 1.75, 4, -2
484 -> 222, -5, 1.75, 5, -2
484 -> 222, -1, 0.25, 5, -0.5
485 -> 222, -4, 1.75, 4, -1
485 -> 222, -4, 1.75, 3, -1
485 -> 222, -4, 1.75, 2, -1
486 -> 222, -2, 0.25, 4, -2
486 -> 222, -2, 0.25, 5, -2
486 -> 222, -4, 0.75, 5, -1.5
487 -> 222, -2, 1.75, 2, -0.5
487 -> 222, -4, 0.75, 5, -0.5
487 -> 222, -5, 1.25, 1, -1
487 -> 222, -3, 0.75, 5, -2
488 -> 222, -1, 0.25, 1, -1.5
488 -> 222, -1, 0.25, 2, -1.5
488 -> 222, -1, 0.25, 3, -1.5
488 -> 222, -1, 0.25, 4, -1.5
489 -> 222, -5, 0.25, 1, -0.5
489 -> 222, -5, 1.25, 5, -1.5
489 -> 222, -5, 1.25, 4, -1.5
490 -> 222, -3, 0.75, 5, -1.5
490 -> 222, -3, 0.75, 1, -1.5
490 -> 222, -3, 0.75, 2, -1.5
490 -> 222, -3, 0.75, 3, -1.5
490 -> 222, -3, 0.75, 4, -1.5
491 -> 222, -3, 0.25, 4, -0.5
491 -> 222, -4, 1.75, 1, -0.5
491 -> 222, -3, 0.25, 5, -0.5
491 -> 222, -2, 0.25, 3, -1
491 -> 222, -3, 0.25, 3, -0.5
491 -> 222, -5, 0.75, 1, -1
493 -> 222, -4, 0.25, 1, -0.5
494 -> 222, -3, 0.25, 1, -1.5
494 -> 222, -3, 1.75, 5, -0.5
494 -> 222, -3, 1.75, 4, -0.5
494 -> 222, -3, 0.25, 2, -1.5
494 -> 222, -3, 0.25, 3, -1.5
494 -> 222, -3, 1.75, 3, -0.5
495 -> 222, -2, 0.25, 2, -1.5
495 -> 222, -2, 0.25, 3, -1.5
495 -> 222, -2, 0.25, 4, -1.5
495 -> 222, -2, 0.25, 1, -1.5
495 -> 222, -3, 1.25, 1, -1
495 -> 222, -3, 0.75, 3, -1
495 -> 222, -3, 0.75, 2, -1
495 -> 222, -3, 0.25, 3, -2
497 -> 222, -5, 1.25, 3, -0.5
500 -> 222, -4, 1.25, 5, -1
501 -> 222, -2, 0.25, 5, -1.5
501 -> 222, -1, 0.25, 4, -1
501 -> 222, -1, 0.25, 5, -1
501 -> 222, -1, 0.25, 2, -1
501 -> 222, -1, 0.25, 3, -1
502 -> 222, -3, 1.25, 2, -2
502 -> 222, -3, 1.25, 3, -2
503 -> 222, -3, 1.25, 4, -2
504 -> 222, -4, 0.75, 3, -0.5
504 -> 222, -4, 0.75, 2, -0.5
504 -> 222, -2, 1.25, 1, -2
506 -> 222, -2, 0.25, 1, -2
507 -> 222, -5, 1.25, 1, -0.5
507 -> 222, -5, 0.75, 2, -1
510 -> 222, -2, 0.25, 5, -0.5
510 -> 222, -2, 0.25, 4, -0.5
510 -> 222, -2, 0.25, 3, -0.5
518 -> 222, -4, 0.75, 4, -0.5
520 -> 222, -5, 0.25, 5, -0.5
522 -> 222, -3, 0.75, 1, -2
522 -> 222, -3, 0.75, 2, -2
523 -> 222, -4, 1.25, 4, -1.5
523 -> 222, -4, 1.25, 5, -1.5
533 -> 222, -5, 0.25, 4, -0.5
533 -> 222, -5, 0.25, 3, -0.5
540 -> 222, -5, 0.75, 4, -0.5
575 -> 222, -5, 1.25, 5, -1
575 -> 222, -5, 1.25, 4, -1
575 -> 222, -5, 1.25, 3, -1
591 -> 222, -3, 0.75, 5, -0.5
614 -> 222, -5, 1.25, 2, -1
