124 -> 103, -1, 1.75, 1, -2
124 -> 103, -1, 1.75, 2, -2
124 -> 103, -1, 1.75, 3, -2
311 -> 103, -5, 1.75, 4, -1.5
316 -> 103, -5, 1.75, 5, -2
316 -> 103, -5, 1.25, 3, -1
316 -> 103, -5, 1.75, 4, -2
323 -> 103, -5, 1.75, 2, -2
326 -> 103, -3, 1.25, 2, -1.5
327 -> 103, -5, 1.75, 3, -2
329 -> 103, -5, 1.75, 5, -1.5
329 -> 103, -4, 1.75, 5, -2
330 -> 103, -3, 1.25, 1, -1.5
334 -> 103, -5, 1.25, 4, -1.5
336 -> 103, -5, 1.25, 2, -1.5
336 -> 103, -4, 1.75, 2, -1.5
341 -> 103, -4, 0.75, 3, -1.5
341 -> 103, -4, 1.75, 5, -1
345 -> 103, -4, 1.25, 5, -2
348 -> 103, -4, 1.25, 3, -2
348 -> 103, -4, 1.25, 4, -2
349 -> 103, -5, 0.75, 1, -1
351 -> 103, -5, 1.75, 1, -2
351 -> 103, -5, 1.75, 2, -1.5
352 -> 103, -4, 1.75, 2, -2
352 -> 103, -5, 1.25, 1, -2
353 -> 103, -2, 1.75, 1, -0.5
355 -> 103, -4, 1.75, 3, -2
355 -> 103, -4, 1.75, 4, -2
356 -> 103, -1, 0.75, 1, -0.5
358 -> 103, -2, 1.25, 5, -1.5
359 -> 103, -4, 0.75, 5, -1
359 -> 103, -5, 1.75, 4, -1
359 -> 103, -5, 0.25, 2, -0.5
360 -> 103, -4, 0.75, 1, -1
360 -> 103, -4, 1.75, 1, -2
360 -> 103, -1, 1.25, 1, -0.5
361 -> 103, -4, 1.25, 3, -1
361 -> 103, -5, 1.75, 5, -1
362 -> 103, -4, 0.75, 2, -1.5
362 -> 103, -5, 0.25, 1, -1
363 -> 103, -5, 0.75, 5, -1
363 -> 103, -5, 1.25, 1, -1.5
363 -> 103, -4, 1.25, 3, -1.5
363 -> 103, -5, 1.25, 3, -1.5
363 -> 103, -5, 0.25, 3, -0.5
363 -> 103, -4, 1.25, 2, -1.5
363 -> 103, -5, 0.75, 4, -1
363 -> 103, -2, 0.75, 1, -2
364 -> 103, -1, 1.25, 2, -0.5
365 -> 103, -5, 0.25, 2, -1
366 -> 103, -5, 1.75, 3, -1.5
366 -> 103, -5, 0.75, 3, -1.5
367 -> 103, -5, 0.25, 5, -2
368 -> 103, -5, 0.75, 2, -1.5
368 -> 103, -5, 0.25, 1, -2
368 -> 103, -3, 1.25, 4, -1
368 -> 103, -5, 0.25, 3, -2
368 -> 103, -3, 1.25, 5, -1
368 -> 103, -5, 0.25, 2, -2
369 -> 103, -5, 0.75, 2, -1
369 -> 103, -2, 0.75, 4, -1
369 -> 103, -3, 1.25, 4, -0.5
369 -> 103, -2, 0.75, 3, -1
369 -> 103, -2, 1.75, 4, -2
370 -> 103, -2, 1.25, 2, -2
370 -> 103, -5, 1.25, 2, -2
370 -> 103, -3, 1.25, 4, -2
371 -> 103, -4, 0.75, 4, -1.5
371 -> 103, -3, 1.75, 3, -2
372 -> 103, -4, 1.75, 5, -1.5
372 -> 103, -1, 1.75, 2, -0.5
372 -> 103, -2, 1.75, 2, -0.5
374 -> 103, -3, 0.75, 4, -1
374 -> 103, -3, 0.75, 5, -1
374 -> 103, -2, 1.25, 1, -0.5
375 -> 103, -4, 0.75, 5, -1.5
376 -> 103, -5, 1.25, 1, -1
376 -> 103, -2, 1.75, 1, -2
377 -> 103, -4, 1.75, 3, -1.5
377 -> 103, -4, 1.75, 1, -1
377 -> 103, -5, 1.25, 2, -1
378 -> 103, -3, 1.25, 4, -1.5
378 -> 103, -3, 1.75, 5, -1
378 -> 103, -3, 0.75, 3, -1
379 -> 103, -2, 1.25, 3, -2
379 -> 103, -3, 1.75, 5, -2
380 -> 103, -4, 1.75, 4, -1
381 -> 103, -2, 1.25, 2, -0.5
381 -> 103, -4, 0.75, 2, -1
382 -> 103, -3, 1.75, 2, -1
383 -> 103, -5, 0.25, 4, -2
383 -> 103, -5, 0.75, 2, -2
384 -> 103, -4, 1.25, 4, -1.5
384 -> 103, -2, 0.75, 5, -1.5
384 -> 103, -3, 1.75, 3, -1
384 -> 103, -2, 0.75, 2, -1
384 -> 103, -1, 1.75, 3, -0.5
384 -> 103, -3, 0.75, 1, -1
384 -> 103, -1, 1.75, 4, -0.5
385 -> 103, -3, 0.25, 2, -2
385 -> 103, -4, 1.25, 2, -2
385 -> 103, -4, 1.25, 1, -1.5
385 -> 103, -3, 0.25, 1, -2
386 -> 103, -5, 1.25, 5, -2
386 -> 103, -5, 1.25, 4, -2
386 -> 103, -5, 1.25, 3, -2
386 -> 103, -4, 0.75, 4, -1
386 -> 103, -4, 0.75, 3, -1
386 -> 103, -5, 0.25, 4, -1
387 -> 103, -2, 0.75, 5, -0.5
387 -> 103, -3, 1.75, 2, -2
387 -> 103, -3, 1.75, 2, -1.5
387 -> 103, -2, 1.75, 5, -1.5
388 -> 103, -3, 1.75, 4, -2
389 -> 103, -2, 1.75, 1, -1.5
389 -> 103, -3, 1.75, 4, -1.5
390 -> 103, -2, 0.75, 2, -2
390 -> 103, -2, 1.25, 4, -0.5
390 -> 103, -2, 1.75, 3, -2
390 -> 103, -4, 1.25, 1, -2
390 -> 103, -5, 1.25, 5, -1.5
390 -> 103, -5, 0.25, 5, -1
390 -> 103, -4, 1.25, 5, -1.5
391 -> 103, -2, 1.25, 4, -2
391 -> 103, -2, 1.75, 4, -1.5
391 -> 103, -1, 1.25, 2, -1.5
391 -> 103, -2, 1.75, 2, -2
391 -> 103, -4, 1.75, 4, -1.5
392 -> 103, -5, 0.75, 3, -2
392 -> 103, -4, 1.75, 3, -1
392 -> 103, -3, 1.25, 3, -1.5
392 -> 103, -3, 0.25, 3, -2
393 -> 103, -3, 1.25, 3, -2
393 -> 103, -4, 1.25, 4, -1
393 -> 103, -5, 1.75, 1, -1.5
393 -> 103, -4, 1.25, 5, -1
393 -> 103, -2, 0.75, 1, -1
393 -> 103, -2, 1.25, 5, -0.5
394 -> 103, -2, 0.75, 3, -2
394 -> 103, -5, 0.75, 5, -1.5
394 -> 103, -5, 0.75, 4, -1.5
394 -> 103, -1, 1.25, 4, -2
394 -> 103, -1, 1.25, 5, -2
395 -> 103, -1, 0.75, 2, -0.5
396 -> 103, -2, 1.25, 1, -2
397 -> 103, -5, 0.25, 5, -1.5
397 -> 103, -5, 0.25, 2, -1.5
397 -> 103, -2, 0.75, 2, -1.5
397 -> 103, -5, 0.25, 1, -1.5
397 -> 103, -5, 0.25, 4, -1.5
397 -> 103, -5, 0.25, 3, -1.5
398 -> 103, -5, 0.75, 3, -1
399 -> 103, -3, 1.75, 5, -1.5
399 -> 103, -1, 1.25, 3, -0.5
400 -> 103, -3, 0.75, 3, -2
400 -> 103, -1, 0.75, 5, -1.5
400 -> 103, -3, 1.25, 3, -1
402 -> 103, -3, 0.75, 2, -1
402 -> 103, -5, 1.25, 4, -1
403 -> 103, -2, 0.75, 5, -2
403 -> 103, -1, 1.75, 4, -2
404 -> 103, -1, 0.75, 2, -1.5
404 -> 103, -1, 0.75, 5, -2
404 -> 103, -1, 0.75, 4, -1.5
404 -> 103, -3, 0.25, 3, -1
405 -> 103, -3, 0.25, 2, -0.5
405 -> 103, -4, 0.75, 1, -1.5
405 -> 103, -4, 0.25, 3, -0.5
405 -> 103, -2, 1.25, 5, -2
406 -> 103, -2, 0.25, 2, -1.5
407 -> 103, -5, 0.75, 1, -1.5
407 -> 103, -1, 1.75, 3, -1.5
407 -> 103, -1, 1.75, 4, -1.5
407 -> 103, -1, 1.75, 5, -1.5
407 -> 103, -1, 0.75, 3, -2
407 -> 103, -1, 0.75, 1, -2
407 -> 103, -4, 1.75, 1, -1.5
407 -> 103, -2, 1.25, 3, -0.5
408 -> 103, -1, 0.75, 4, -0.5
408 -> 103, -2, 0.75, 1, -1.5
408 -> 103, -1, 0.75, 5, -0.5
408 -> 103, -1, 0.75, 3, -0.5
408 -> 103, -1, 0.75, 5, -1
408 -> 103, -3, 0.75, 1, -2
408 -> 103, -5, 1.25, 1, -0.5
408 -> 103, -5, 1.25, 2, -0.5
408 -> 103, -3, 0.75, 2, -2
409 -> 103, -3, 1.75, 1, -1
409 -> 103, -4, 0.25, 4, -0.5
409 -> 103, -4, 0.25, 5, -0.5
409 -> 103, -2, 0.75, 4, -2
409 -> 103, -1, 0.75, 3, -1.5
410 -> 103, -3, 0.75, 3, -0.5
410 -> 103, -4, 1.75, 2, -1
410 -> 103, -2, 1.75, 3, -1.5
410 -> 103, -5, 0.25, 3, -1
411 -> 103, -3, 1.25, 1, -1
411 -> 103, -3, 1.25, 5, -0.5
411 -> 103, -2, 1.75, 4, -0.5
411 -> 103, -2, 1.75, 5, -0.5
411 -> 103, -3, 1.25, 5, -1.5
411 -> 103, -2, 1.75, 3, -0.5
412 -> 103, -1, 0.75, 4, -2
413 -> 103, -1, 1.25, 1, -1.5
414 -> 103, -3, 1.75, 4, -1
414 -> 103, -1, 1.75, 1, -0.5
415 -> 103, -2, 1.75, 2, -1.5
416 -> 103, -1, 0.75, 1, -1
416 -> 103, -3, 1.75, 1, -1.5
416 -> 103, -3, 1.25, 3, -0.5
416 -> 103, -3, 0.75, 4, -1.5
417 -> 103, -5, 1.25, 5, -1
418 -> 103, -2, 1.75, 5, -2
419 -> 103, -1, 0.75, 2, -2
420 -> 103, -1, 1.75, 1, -1.5
420 -> 103, -2, 0.25, 4, -1.5
420 -> 103, -3, 1.75, 3, -1.5
420 -> 103, -2, 0.75, 3, -1.5
421 -> 103, -3, 0.75, 5, -1.5
421 -> 103, -1, 1.75, 2, -1.5
422 -> 103, -3, 1.25, 1, -2
423 -> 103, -3, 0.75, 5, -2
423 -> 103, -3, 0.75, 4, -2
424 -> 103, -4, 0.25, 1, -0.5
424 -> 103, -2, 1.25, 5, -1
425 -> 103, -3, 1.25, 2, -2
425 -> 103, -1, 1.25, 5, -1.5
426 -> 103, -1, 1.75, 5, -2
427 -> 103, -2, 0.75, 2, -0.5
427 -> 103, -3, 1.25, 2, -1
428 -> 103, -3, 0.25, 2, -1.5
428 -> 103, -3, 0.25, 3, -1.5
428 -> 103, -5, 1.75, 1, -1
428 -> 103, -5, 1.75, 2, -1
428 -> 103, -5, 1.75, 3, -1
430 -> 103, -4, 0.75, 5, -2
430 -> 103, -3, 0.75, 2, -1.5
430 -> 103, -3, 0.25, 1, -1
430 -> 103, -4, 0.75, 4, -2
431 -> 103, -3, 0.25, 4, -1.5
431 -> 103, -3, 0.25, 5, -1.5
432 -> 103, -3, 0.25, 2, -1
432 -> 103, -4, 0.75, 2, -2
432 -> 103, -5, 0.75, 1, -2
432 -> 103, -4, 0.75, 1, -2
432 -> 103, -4, 0.75, 3, -2
432 -> 103, -1, 1.25, 3, -1
432 -> 103, -1, 1.25, 1, -1
432 -> 103, -1, 1.25, 2, -1
432 -> 103, -1, 1.25, 4, -1
433 -> 103, -2, 1.25, 1, -1
434 -> 103, -1, 1.25, 2, -2
434 -> 103, -3, 0.75, 3, -1.5
434 -> 103, -1, 1.25, 1, -2
434 -> 103, -3, 0.25, 1, -1.5
435 -> 103, -2, 0.25, 4, -2
436 -> 103, -1, 1.25, 4, -0.5
436 -> 103, -1, 1.25, 5, -0.5
436 -> 103, -2, 0.75, 4, -1.5
437 -> 103, -3, 1.75, 1, -0.5
437 -> 103, -3, 1.25, 5, -2
437 -> 103, -3, 0.75, 2, -0.5
439 -> 103, -3, 0.75, 1, -1.5
440 -> 103, -2, 0.75, 5, -1
440 -> 103, -3, 0.25, 5, -0.5
440 -> 103, -1, 0.75, 4, -1
440 -> 103, -1, 0.25, 1, -1.5
441 -> 103, -2, 1.25, 4, -1.5
441 -> 103, -1, 0.25, 5, -1.5
441 -> 103, -3, 1.75, 1, -2
441 -> 103, -3, 0.25, 5, -2
441 -> 103, -3, 0.25, 4, -2
442 -> 103, -2, 1.25, 3, -1
442 -> 103, -1, 0.75, 1, -1.5
445 -> 103, -1, 1.25, 5, -1
445 -> 103, -1, 0.25, 2, -1.5
446 -> 103, -3, 1.75, 2, -0.5
447 -> 103, -1, 0.25, 1, -2
447 -> 103, -1, 0.25, 2, -2
447 -> 103, -4, 1.25, 2, -0.5
448 -> 103, -1, 1.25, 3, -2
449 -> 103, -1, 0.25, 3, -1.5
449 -> 103, -1, 0.25, 4, -1.5
450 -> 103, -2, 1.25, 2, -1
450 -> 103, -1, 0.25, 3, -2
450 -> 103, -1, 0.25, 4, -2
450 -> 103, -1, 0.25, 5, -2
451 -> 103, -1, 1.25, 3, -1.5
451 -> 103, -1, 1.25, 4, -1.5
454 -> 103, -2, 1.25, 4, -1
455 -> 103, -2, 0.75, 4, -0.5
455 -> 103, -2, 0.25, 3, -2
455 -> 103, -2, 1.25, 3, -1.5
455 -> 103, -2, 1.25, 2, -1.5
455 -> 103, -2, 0.75, 3, -0.5
455 -> 103, -2, 1.25, 1, -1.5
457 -> 103, -5, 1.25, 5, -0.5
457 -> 103, -1, 0.25, 3, -0.5
458 -> 103, -1, 1.75, 5, -0.5
458 -> 103, -1, 1.75, 2, -1
458 -> 103, -2, 0.25, 2, -2
459 -> 103, -3, 0.25, 3, -0.5
460 -> 103, -2, 0.25, 5, -2
460 -> 103, -4, 0.25, 3, -1
460 -> 103, -4, 0.25, 2, -1
460 -> 103, -4, 0.25, 1, -1
461 -> 103, -1, 0.75, 3, -1
461 -> 103, -1, 0.75, 2, -1
462 -> 103, -2, 0.25, 3, -1
462 -> 103, -2, 0.25, 2, -1
462 -> 103, -2, 0.25, 1, -1
463 -> 103, -1, 0.25, 4, -0.5
463 -> 103, -4, 1.75, 5, -0.5
463 -> 103, -1, 0.25, 5, -0.5
464 -> 103, -4, 1.75, 4, -0.5
464 -> 103, -2, 0.25, 1, -2
466 -> 103, -1, 1.75, 3, -1
468 -> 103, -5, 0.25, 5, -0.5
468 -> 103, -1, 1.75, 5, -1
468 -> 103, -5, 0.25, 4, -0.5
468 -> 103, -1, 1.75, 4, -1
468 -> 103, -2, 0.25, 3, -1.5
472 -> 103, -4, 0.25, 1, -1.5
472 -> 103, -4, 0.25, 2, -1.5
472 -> 103, -3, 0.25, 4, -1
472 -> 103, -4, 0.25, 5, -1.5
472 -> 103, -4, 0.25, 4, -1.5
472 -> 103, -4, 0.25, 3, -1.5
472 -> 103, -3, 0.25, 5, -1
473 -> 103, -2, 1.75, 1, -1
473 -> 103, -2, 1.75, 3, -1
473 -> 103, -2, 1.75, 4, -1
473 -> 103, -2, 1.75, 2, -1
473 -> 103, -2, 1.75, 5, -1
474 -> 103, -1, 1.75, 1, -1
474 -> 103, -5, 0.75, 4, -2
474 -> 103, -5, 0.75, 5, -2
475 -> 103, -2, 0.25, 5, -1
475 -> 103, -2, 0.25, 4, -1
478 -> 103, -1, 0.25, 2, -0.5
480 -> 103, -2, 0.25, 5, -1.5
482 -> 103, -4, 0.25, 2, -2
482 -> 103, -4, 0.25, 1, -2
482 -> 103, -2, 0.25, 3, -0.5
482 -> 103, -4, 0.25, 3, -2
482 -> 103, -4, 0.25, 5, -2
482 -> 103, -2, 0.25, 5, -0.5
482 -> 103, -2, 0.25, 2, -0.5
482 -> 103, -2, 0.25, 4, -0.5
482 -> 103, -4, 0.25, 4, -2
485 -> 103, -1, 0.25, 1, -0.5
487 -> 103, -1, 0.25, 3, -1
487 -> 103, -1, 0.25, 4, -1
487 -> 103, -1, 0.25, 1, -1
487 -> 103, -1, 0.25, 5, -1
487 -> 103, -1, 0.25, 2, -1
488 -> 103, -2, 0.25, 1, -1.5
489 -> 103, -5, 0.25, 1, -0.5
490 -> 103, -3, 0.75, 1, -0.5
492 -> 103, -4, 1.25, 4, -0.5
492 -> 103, -3, 0.75, 4, -0.5
492 -> 103, -4, 1.25, 3, -0.5
499 -> 103, -2, 0.75, 1, -0.5
507 -> 103, -4, 1.25, 2, -1
507 -> 103, -5, 1.25, 4, -0.5
507 -> 103, -4, 1.25, 1, -1
509 -> 103, -5, 1.25, 3, -0.5
512 -> 103, -3, 0.25, 4, -0.5
514 -> 103, -5, 0.75, 5, -0.5
517 -> 103, -3, 0.75, 5, -0.5
518 -> 103, -2, 0.25, 1, -0.5
520 -> 103, -4, 0.75, 4, -0.5
520 -> 103, -4, 0.75, 5, -0.5
535 -> 103, -4, 0.25, 5, -1
536 -> 103, -4, 0.25, 4, -1
539 -> 103, -4, 0.75, 3, -0.5
540 -> 103, -4, 0.75, 2, -0.5
540 -> 103, -4, 0.25, 2, -0.5
542 -> 103, -3, 1.75, 3, -0.5
542 -> 103, -3, 1.75, 5, -0.5
542 -> 103, -3, 1.75, 4, -0.5
548 -> 103, -3, 1.25, 1, -0.5
561 -> 103, -4, 0.75, 1, -0.5
573 -> 103, -5, 1.75, 2, -0.5
573 -> 103, -5, 1.75, 1, -0.5
578 -> 103, -4, 1.75, 1, -0.5
578 -> 103, -4, 1.75, 2, -0.5
579 -> 103, -5, 0.75, 1, -0.5
595 -> 103, -3, 0.25, 1, -0.5
597 -> 103, -5, 0.75, 2, -0.5
597 -> 103, -5, 0.75, 3, -0.5
597 -> 103, -5, 0.75, 4, -0.5
600 -> 103, -4, 1.25, 1, -0.5
604 -> 103, -5, 1.75, 4, -0.5
604 -> 103, -5, 1.75, 5, -0.5
604 -> 103, -5, 1.75, 3, -0.5
620 -> 103, -3, 1.25, 2, -0.5
623 -> 103, -4, 1.75, 3, -0.5
628 -> 103, -4, 1.25, 5, -0.5
