97 -> 333, -1, 1.75, 1, -1
97 -> 333, -1, 1.75, 2, -1
343 -> 333, -4, 1.25, 3, -0.5
351 -> 333, -5, 1.25, 2, -1
357 -> 333, -4, 1.25, 4, -0.5
366 -> 333, -2, 1.75, 1, -1
370 -> 333, -4, 1.25, 5, -0.5
374 -> 333, -3, 1.75, 3, -1
374 -> 333, -3, 1.75, 2, -1
378 -> 333, -5, 1.25, 5, -1
379 -> 333, -1, 1.25, 1, -0.5
386 -> 333, -2, 1.75, 5, -1
386 -> 333, -2, 1.75, 4, -1
386 -> 333, -3, 1.75, 3, -1.5
389 -> 333, -3, 1.25, 5, -0.5
390 -> 333, -5, 1.25, 3, -1
390 -> 333, -5, 1.25, 4, -1
390 -> 333, -2, 0.25, 1, -0.5
390 -> 333, -5, 1.75, 4, -1
393 -> 333, -1, 0.75, 4, -1
394 -> 333, -2, 0.75, 2, -0.5
395 -> 333, -2, 1.75, 3, -0.5
396 -> 333, -2, 1.25, 5, -0.5
396 -> 333, -1, 1.75, 5, -1
396 -> 333, -5, 0.75, 1, -0.5
396 -> 333, -2, 1.25, 4, -0.5
396 -> 333, -5, 1.25, 1, -1
397 -> 333, -2, 1.75, 1, -1.5
397 -> 333, -2, 1.75, 2, -1.5
398 -> 333, -3, 1.25, 5, -2
398 -> 333, -3, 1.25, 4, -2
398 -> 333, -3, 1.25, 3, -2
399 -> 333, -1, 1.75, 2, -1.5
399 -> 333, -5, 0.75, 5, -1
400 -> 333, -5, 1.25, 4, -2
401 -> 333, -5, 1.75, 3, -1
402 -> 333, -1, 1.75, 4, -1
403 -> 333, -3, 0.75, 2, -0.5
403 -> 333, -4, 0.25, 5, -0.5
403 -> 333, -4, 0.75, 4, -0.5
404 -> 333, -1, 0.75, 2, -1
404 -> 333, -2, 1.75, 2, -2
405 -> 333, -1, 0.75, 1, -1
406 -> 333, -1, 0.75, 3, -1
406 -> 333, -3, 0.25, 3, -0.5
408 -> 333, -2, 0.25, 1, -2
408 -> 333, -2, 0.25, 2, -2
408 -> 333, -3, 1.25, 2, -2
409 -> 333, -1, 1.25, 1, -1
409 -> 333, -2, 1.25, 5, -1.5
409 -> 333, -2, 1.75, 5, -2
410 -> 333, -4, 0.75, 5, -1.5
410 -> 333, -1, 1.75, 1, -1.5
411 -> 333, -1, 1.75, 3, -1
413 -> 333, -2, 1.75, 2, -1
413 -> 333, -2, 0.25, 3, -1.5
413 -> 333, -3, 1.75, 4, -1.5
413 -> 333, -3, 1.75, 5, -1.5
414 -> 333, -5, 1.25, 2, -2
414 -> 333, -2, 1.75, 2, -0.5
414 -> 333, -5, 0.75, 5, -1.5
415 -> 333, -3, 0.75, 1, -2
416 -> 333, -3, 0.75, 2, -1
416 -> 333, -3, 0.75, 1, -1
417 -> 333, -4, 0.75, 4, -1.5
417 -> 333, -2, 0.75, 2, -2
418 -> 333, -2, 1.25, 3, -1
419 -> 333, -2, 0.75, 5, -0.5
420 -> 333, -2, 1.75, 5, -0.5
420 -> 333, -2, 1.75, 3, -1
420 -> 333, -4, 0.75, 5, -0.5
420 -> 333, -2, 1.75, 3, -2
420 -> 333, -2, 1.75, 4, -2
421 -> 333, -2, 0.75, 1, -1
421 -> 333, -4, 1.25, 1, -1.5
421 -> 333, -4, 0.25, 1, -0.5
422 -> 333, -2, 0.75, 3, -2
422 -> 333, -2, 0.75, 4, -2
422 -> 333, -2, 1.75, 1, -0.5
422 -> 333, -2, 0.25, 4, -1
423 -> 333, -3, 0.25, 2, -0.5
423 -> 333, -2, 1.25, 1, -2
423 -> 333, -5, 0.25, 1, -0.5
423 -> 333, -2, 1.25, 2, -2
423 -> 333, -2, 0.25, 5, -0.5
424 -> 333, -3, 0.75, 5, -0.5
424 -> 333, -4, 0.75, 5, -1
424 -> 333, -5, 1.75, 5, -2
425 -> 333, -2, 1.25, 3, -2
425 -> 333, -5, 1.25, 1, -2
425 -> 333, -2, 1.25, 4, -2
425 -> 333, -2, 1.25, 5, -2
426 -> 333, -3, 1.75, 1, -1
427 -> 333, -4, 1.75, 5, -1
427 -> 333, -5, 1.75, 5, -1
427 -> 333, -2, 1.75, 5, -1.5
428 -> 333, -4, 0.25, 4, -0.5
428 -> 333, -3, 1.25, 4, -0.5
428 -> 333, -2, 1.75, 1, -2
429 -> 333, -2, 0.75, 2, -1.5
429 -> 333, -1, 1.75, 5, -0.5
430 -> 333, -1, 1.25, 2, -2
430 -> 333, -1, 1.25, 1, -2
430 -> 333, -1, 1.25, 3, -2
430 -> 333, -1, 0.75, 1, -2
431 -> 333, -1, 1.25, 5, -2
431 -> 333, -5, 0.75, 3, -0.5
431 -> 333, -5, 0.75, 4, -0.5
431 -> 333, -5, 0.75, 5, -0.5
431 -> 333, -4, 1.75, 2, -1.5
432 -> 333, -2, 0.75, 3, -1
432 -> 333, -2, 0.75, 4, -1
432 -> 333, -2, 0.75, 5, -1
433 -> 333, -4, 1.75, 5, -1.5
433 -> 333, -3, 1.25, 1, -1
433 -> 333, -5, 1.75, 4, -2
433 -> 333, -4, 1.75, 4, -1.5
433 -> 333, -3, 0.75, 3, -0.5
434 -> 333, -3, 0.75, 4, -0.5
434 -> 333, -4, 1.25, 5, -1
435 -> 333, -4, 1.75, 1, -1.5
435 -> 333, -1, 1.75, 3, -1.5
435 -> 333, -5, 0.25, 2, -0.5
435 -> 333, -1, 1.75, 4, -1.5
435 -> 333, -1, 1.25, 3, -1
436 -> 333, -1, 1.25, 1, -1.5
436 -> 333, -5, 1.75, 1, -2
436 -> 333, -4, 0.25, 2, -0.5
436 -> 333, -1, 1.25, 2, -1.5
437 -> 333, -4, 0.75, 4, -1
437 -> 333, -3, 1.25, 2, -1
438 -> 333, -3, 0.75, 3, -1
438 -> 333, -3, 0.75, 1, -0.5
438 -> 333, -4, 1.75, 1, -1
438 -> 333, -3, 0.25, 1, -0.5
439 -> 333, -3, 1.75, 4, -1
439 -> 333, -2, 0.75, 4, -0.5
439 -> 333, -2, 0.75, 1, -1.5
440 -> 333, -4, 1.25, 4, -1
440 -> 333, -4, 1.25, 3, -1.5
440 -> 333, -4, 1.25, 4, -1.5
440 -> 333, -3, 1.25, 5, -1.5
440 -> 333, -4, 1.25, 3, -1
440 -> 333, -3, 1.25, 4, -1.5
440 -> 333, -1, 1.25, 2, -0.5
441 -> 333, -5, 1.25, 3, -2
441 -> 333, -4, 1.25, 1, -1
441 -> 333, -4, 1.25, 2, -1
441 -> 333, -3, 1.75, 5, -1
441 -> 333, -4, 0.75, 3, -1
442 -> 333, -1, 0.25, 3, -1.5
442 -> 333, -1, 0.25, 4, -1.5
442 -> 333, -4, 0.25, 3, -0.5
442 -> 333, -2, 0.25, 3, -1
442 -> 333, -4, 1.75, 3, -1.5
443 -> 333, -4, 0.75, 3, -1.5
443 -> 333, -4, 0.75, 1, -1.5
443 -> 333, -4, 0.75, 2, -1.5
444 -> 333, -2, 0.75, 5, -1.5
445 -> 333, -5, 1.25, 5, -1.5
445 -> 333, -5, 1.25, 4, -1.5
445 -> 333, -3, 0.75, 1, -1.5
446 -> 333, -3, 1.25, 1, -2
446 -> 333, -2, 1.75, 4, -0.5
446 -> 333, -1, 1.75, 5, -1.5
446 -> 333, -2, 0.75, 1, -2
447 -> 333, -4, 1.75, 3, -1
447 -> 333, -2, 0.25, 2, -0.5
447 -> 333, -4, 1.25, 4, -2
447 -> 333, -4, 1.25, 5, -2
447 -> 333, -4, 1.75, 2, -1
447 -> 333, -4, 1.25, 2, -2
447 -> 333, -4, 1.25, 3, -2
447 -> 333, -2, 0.25, 3, -0.5
447 -> 333, -4, 1.25, 1, -2
447 -> 333, -4, 1.75, 4, -1
448 -> 333, -1, 1.75, 3, -2
448 -> 333, -2, 0.25, 5, -1
448 -> 333, -1, 1.75, 1, -2
448 -> 333, -1, 1.75, 2, -2
448 -> 333, -1, 1.75, 4, -2
448 -> 333, -5, 1.75, 2, -2
448 -> 333, -5, 1.75, 3, -2
448 -> 333, -1, 1.75, 5, -2
448 -> 333, -4, 0.75, 2, -1
449 -> 333, -5, 1.25, 1, -1.5
450 -> 333, -3, 0.75, 3, -1.5
450 -> 333, -5, 0.75, 1, -1.5
450 -> 333, -1, 0.25, 1, -0.5
450 -> 333, -3, 0.75, 2, -1.5
450 -> 333, -2, 1.25, 4, -1
451 -> 333, -2, 0.25, 1, -1
451 -> 333, -1, 0.25, 1, -2
451 -> 333, -2, 0.75, 3, -1.5
451 -> 333, -2, 0.75, 4, -1.5
451 -> 333, -2, 1.25, 1, -1.5
451 -> 333, -2, 1.25, 2, -1.5
451 -> 333, -1, 0.25, 2, -2
451 -> 333, -1, 0.25, 3, -2
452 -> 333, -2, 0.75, 2, -1
452 -> 333, -1, 1.25, 5, -1
452 -> 333, -5, 1.25, 5, -2
453 -> 333, -2, 1.75, 4, -1.5
453 -> 333, -1, 1.75, 3, -0.5
453 -> 333, -2, 1.75, 3, -1.5
453 -> 333, -1, 1.25, 3, -1.5
454 -> 333, -3, 1.25, 1, -1.5
454 -> 333, -3, 1.25, 2, -1.5
454 -> 333, -3, 1.25, 3, -1.5
456 -> 333, -4, 1.25, 2, -1.5
456 -> 333, -5, 0.25, 5, -0.5
456 -> 333, -4, 0.75, 2, -0.5
456 -> 333, -5, 0.75, 2, -0.5
457 -> 333, -5, 1.25, 5, -0.5
457 -> 333, -2, 0.25, 4, -0.5
458 -> 333, -1, 1.25, 2, -1
458 -> 333, -4, 0.75, 3, -0.5
458 -> 333, -2, 0.25, 5, -1.5
458 -> 333, -1, 1.75, 4, -0.5
458 -> 333, -1, 0.25, 2, -1.5
459 -> 333, -5, 0.75, 4, -1
459 -> 333, -5, 0.75, 3, -1
459 -> 333, -4, 1.25, 2, -0.5
460 -> 333, -2, 0.75, 5, -2
460 -> 333, -4, 0.75, 1, -1
461 -> 333, -5, 1.75, 3, -1.5
461 -> 333, -5, 1.75, 4, -1.5
461 -> 333, -2, 1.25, 2, -0.5
461 -> 333, -2, 1.25, 3, -0.5
461 -> 333, -5, 0.25, 1, -1.5
461 -> 333, -2, 1.25, 1, -0.5
461 -> 333, -3, 0.25, 5, -0.5
461 -> 333, -5, 1.75, 5, -1.5
461 -> 333, -1, 0.25, 4, -2
461 -> 333, -3, 0.25, 4, -0.5
462 -> 333, -1, 1.25, 4, -1.5
462 -> 333, -4, 0.25, 3, -1.5
462 -> 333, -5, 1.25, 4, -0.5
462 -> 333, -4, 1.75, 2, -0.5
462 -> 333, -3, 1.75, 1, -2
462 -> 333, -4, 0.25, 4, -1.5
462 -> 333, -1, 1.25, 5, -1.5
462 -> 333, -4, 1.75, 5, -0.5
462 -> 333, -4, 0.75, 1, -2
462 -> 333, -4, 1.75, 1, -0.5
462 -> 333, -3, 1.75, 2, -2
462 -> 333, -4, 0.25, 5, -1.5
462 -> 333, -4, 1.75, 3, -0.5
462 -> 333, -4, 1.75, 4, -0.5
463 -> 333, -3, 1.75, 1, -1.5
463 -> 333, -3, 1.75, 3, -2
463 -> 333, -3, 1.75, 2, -1.5
463 -> 333, -1, 1.25, 4, -1
463 -> 333, -3, 1.75, 5, -2
463 -> 333, -1, 0.25, 1, -1.5
463 -> 333, -3, 1.75, 4, -2
463 -> 333, -1, 0.75, 5, -1
464 -> 333, -4, 0.25, 2, -1
464 -> 333, -2, 0.75, 3, -0.5
465 -> 333, -3, 1.25, 3, -1
465 -> 333, -1, 1.25, 4, -0.5
465 -> 333, -3, 1.25, 4, -1
465 -> 333, -1, 0.25, 2, -0.5
465 -> 333, -1, 1.25, 5, -0.5
465 -> 333, -3, 1.25, 5, -1
465 -> 333, -1, 0.75, 4, -1.5
465 -> 333, -1, 0.75, 3, -1.5
465 -> 333, -1, 0.75, 1, -1.5
465 -> 333, -5, 0.25, 2, -1.5
465 -> 333, -1, 0.75, 2, -1.5
465 -> 333, -1, 0.75, 5, -1.5
465 -> 333, -5, 0.25, 3, -1.5
466 -> 333, -1, 0.25, 3, -0.5
466 -> 333, -1, 0.25, 5, -0.5
466 -> 333, -2, 0.25, 2, -1.5
466 -> 333, -1, 0.25, 4, -0.5
466 -> 333, -1, 0.75, 4, -2
466 -> 333, -1, 0.75, 5, -2
467 -> 333, -4, 1.75, 1, -2
467 -> 333, -2, 1.25, 5, -1
467 -> 333, -3, 0.25, 2, -2
467 -> 333, -1, 0.75, 2, -2
467 -> 333, -2, 0.75, 1, -0.5
467 -> 333, -3, 0.25, 3, -2
467 -> 333, -4, 1.75, 3, -2
467 -> 333, -4, 0.75, 1, -0.5
467 -> 333, -4, 1.75, 2, -2
468 -> 333, -2, 1.25, 2, -1
471 -> 333, -1, 1.75, 2, -0.5
471 -> 333, -1, 0.75, 4, -0.5
471 -> 333, -2, 0.25, 4, -2
471 -> 333, -2, 0.25, 5, -2
471 -> 333, -3, 0.75, 4, -1.5
471 -> 333, -1, 0.25, 5, -2
471 -> 333, -3, 0.75, 5, -1.5
472 -> 333, -1, 1.25, 3, -0.5
472 -> 333, -1, 0.75, 3, -2
472 -> 333, -1, 1.75, 1, -0.5
473 -> 333, -2, 0.25, 2, -1
473 -> 333, -1, 0.75, 2, -0.5
473 -> 333, -3, 0.25, 1, -2
473 -> 333, -1, 0.75, 3, -0.5
474 -> 333, -2, 0.25, 1, -1.5
474 -> 333, -1, 0.25, 5, -1.5
474 -> 333, -2, 1.25, 3, -1.5
475 -> 333, -2, 0.25, 3, -2
475 -> 333, -1, 0.25, 5, -1
476 -> 333, -4, 0.25, 3, -1
479 -> 333, -5, 1.75, 3, -0.5
481 -> 333, -4, 1.25, 5, -1.5
481 -> 333, -3, 1.25, 1, -0.5
482 -> 333, -3, 0.75, 3, -2
482 -> 333, -3, 0.75, 4, -2
482 -> 333, -3, 0.75, 2, -2
482 -> 333, -3, 0.75, 5, -2
482 -> 333, -2, 0.25, 4, -1.5
483 -> 333, -5, 0.25, 4, -1
483 -> 333, -5, 0.25, 3, -1
483 -> 333, -5, 0.25, 1, -1
483 -> 333, -5, 0.25, 2, -1
484 -> 333, -1, 1.25, 4, -2
485 -> 333, -3, 0.25, 1, -1
485 -> 333, -4, 0.25, 1, -1
486 -> 333, -3, 1.25, 3, -0.5
486 -> 333, -3, 1.25, 2, -0.5
486 -> 333, -4, 0.25, 5, -1
486 -> 333, -4, 0.25, 4, -1
487 -> 333, -4, 0.75, 2, -2
488 -> 333, -5, 0.75, 4, -1.5
489 -> 333, -5, 1.25, 2, -0.5
489 -> 333, -5, 0.75, 2, -1.5
489 -> 333, -3, 0.25, 4, -2
489 -> 333, -5, 1.25, 3, -0.5
489 -> 333, -3, 0.25, 1, -1.5
489 -> 333, -3, 0.25, 5, -2
490 -> 333, -3, 0.25, 2, -1.5
490 -> 333, -3, 0.25, 3, -1.5
490 -> 333, -3, 0.25, 5, -1.5
490 -> 333, -3, 0.25, 4, -1.5
492 -> 333, -3, 0.25, 5, -1
495 -> 333, -5, 1.75, 4, -0.5
495 -> 333, -5, 1.75, 5, -0.5
496 -> 333, -4, 0.25, 5, -2
497 -> 333, -4, 0.25, 4, -2
497 -> 333, -4, 1.75, 5, -2
497 -> 333, -4, 0.25, 3, -2
497 -> 333, -2, 1.25, 4, -1.5
498 -> 333, -5, 0.25, 3, -2
498 -> 333, -5, 0.25, 2, -2
498 -> 333, -5, 0.25, 1, -2
498 -> 333, -4, 0.25, 1, -2
498 -> 333, -1, 0.75, 5, -0.5
498 -> 333, -4, 0.25, 2, -2
498 -> 333, -4, 1.75, 4, -2
499 -> 333, -3, 1.75, 1, -0.5
499 -> 333, -3, 1.75, 3, -0.5
499 -> 333, -3, 1.75, 5, -0.5
499 -> 333, -3, 1.75, 2, -0.5
499 -> 333, -3, 1.75, 4, -0.5
501 -> 333, -2, 1.25, 1, -1
502 -> 333, -1, 0.75, 1, -0.5
502 -> 333, -5, 1.25, 3, -1.5
502 -> 333, -5, 1.25, 2, -1.5
504 -> 333, -5, 1.75, 2, -1
504 -> 333, -5, 1.75, 1, -1
510 -> 333, -5, 0.25, 5, -1
511 -> 333, -4, 0.75, 3, -2
511 -> 333, -4, 0.75, 4, -2
511 -> 333, -4, 0.75, 5, -2
515 -> 333, -1, 0.25, 1, -1
515 -> 333, -1, 0.25, 4, -1
515 -> 333, -1, 0.25, 2, -1
515 -> 333, -1, 0.25, 3, -1
516 -> 333, -5, 0.75, 1, -2
516 -> 333, -5, 0.75, 3, -2
516 -> 333, -5, 0.75, 2, -2
517 -> 333, -4, 0.25, 2, -1.5
517 -> 333, -4, 0.25, 1, -1.5
517 -> 333, -3, 0.75, 4, -1
517 -> 333, -3, 0.75, 5, -1
520 -> 333, -3, 0.25, 3, -1
520 -> 333, -3, 0.25, 4, -1
529 -> 333, -5, 1.75, 2, -0.5
531 -> 333, -5, 1.75, 2, -1.5
531 -> 333, -5, 1.75, 1, -1.5
536 -> 333, -3, 0.25, 2, -1
546 -> 333, -5, 0.75, 1, -1
546 -> 333, -5, 0.75, 2, -1
548 -> 333, -5, 0.25, 4, -2
548 -> 333, -5, 0.25, 5, -2
549 -> 333, -5, 0.25, 4, -0.5
549 -> 333, -5, 0.25, 3, -0.5
560 -> 333, -5, 0.75, 5, -2
560 -> 333, -5, 0.75, 4, -2
563 -> 333, -4, 1.25, 1, -0.5
566 -> 333, -5, 1.25, 1, -0.5
590 -> 333, -5, 0.75, 3, -1.5
596 -> 333, -5, 1.75, 1, -0.5
630 -> 333, -5, 0.25, 4, -1.5
630 -> 333, -5, 0.25, 5, -1.5
