70 -> 239, -2, 0.75, 5, -1.5
362 -> 239, -2, 1.25, 4, -0.5
367 -> 239, -4, 1.75, 1, -2
368 -> 239, -4, 0.25, 4, -0.5
373 -> 239, -5, 1.25, 5, -0.5
378 -> 239, -5, 0.75, 1, -2
383 -> 239, -5, 1.25, 4, -0.5
386 -> 239, -5, 0.75, 3, -2
388 -> 239, -3, 1.75, 2, -1.5
393 -> 239, -1, 0.25, 5, -0.5
393 -> 239, -3, 1.75, 3, -1.5
393 -> 239, -1, 0.25, 4, -0.5
394 -> 239, -5, 1.75, 5, -1
395 -> 239, -3, 0.75, 3, -0.5
398 -> 239, -5, 1.75, 4, -0.5
398 -> 239, -5, 1.75, 3, -0.5
398 -> 239, -3, 1.75, 1, -0.5
399 -> 239, -2, 1.25, 5, -0.5
402 -> 239, -3, 1.75, 5, -0.5
402 -> 239, -3, 1.25, 4, -1
402 -> 239, -2, 1.25, 1, -1
402 -> 239, -4, 1.75, 5, -2
404 -> 239, -1, 0.75, 5, -0.5
405 -> 239, -3, 1.25, 1, -2
407 -> 239, -5, 1.75, 3, -2
407 -> 239, -2, 1.75, 5, -1.5
407 -> 239, -2, 1.75, 4, -1.5
407 -> 239, -4, 1.75, 4, -2
408 -> 239, -2, 1.75, 5, -0.5
410 -> 239, -4, 1.75, 3, -1.5
410 -> 239, -4, 1.75, 4, -1.5
411 -> 239, -1, 1.25, 2, -0.5
411 -> 239, -5, 0.75, 2, -1.5
411 -> 239, -2, 0.75, 2, -2
411 -> 239, -4, 1.25, 3, -1
411 -> 239, -5, 0.75, 3, -1.5
411 -> 239, -2, 1.75, 3, -2
411 -> 239, -2, 1.75, 1, -2
411 -> 239, -2, 1.75, 2, -2
412 -> 239, -5, 0.75, 5, -2
412 -> 239, -3, 1.75, 4, -1.5
412 -> 239, -4, 0.75, 2, -0.5
412 -> 239, -1, 0.75, 2, -0.5
412 -> 239, -2, 0.25, 1, -1
413 -> 239, -5, 1.75, 3, -1
413 -> 239, -1, 1.75, 3, -0.5
413 -> 239, -4, 1.75, 3, -1
414 -> 239, -2, 0.75, 2, -0.5
414 -> 239, -3, 1.75, 5, -2
414 -> 239, -3, 1.75, 1, -1.5
414 -> 239, -4, 1.25, 4, -0.5
415 -> 239, -3, 1.25, 1, -1
415 -> 239, -4, 1.75, 5, -0.5
415 -> 239, -1, 0.75, 5, -1
415 -> 239, -4, 1.75, 4, -0.5
416 -> 239, -1, 1.75, 4, -0.5
417 -> 239, -4, 1.25, 1, -0.5
417 -> 239, -4, 1.75, 5, -1.5
419 -> 239, -1, 1.75, 5, -1
420 -> 239, -2, 1.25, 2, -1
420 -> 239, -4, 1.75, 3, -2
420 -> 239, -1, 1.25, 1, -2
420 -> 239, -1, 1.25, 2, -2
420 -> 239, -4, 1.75, 2, -2
421 -> 239, -5, 0.75, 1, -1.5
422 -> 239, -3, 1.25, 4, -2
423 -> 239, -3, 1.75, 4, -0.5
423 -> 239, -2, 0.75, 3, -0.5
425 -> 239, -5, 0.75, 2, -2
425 -> 239, -2, 1.25, 3, -0.5
425 -> 239, -5, 1.25, 2, -1.5
425 -> 239, -4, 0.75, 1, -0.5
426 -> 239, -2, 0.75, 4, -0.5
426 -> 239, -5, 1.25, 5, -1
426 -> 239, -5, 1.25, 4, -1
426 -> 239, -2, 1.75, 1, -0.5
426 -> 239, -5, 1.75, 2, -2
427 -> 239, -4, 1.25, 2, -0.5
427 -> 239, -1, 1.75, 4, -1
428 -> 239, -2, 1.25, 2, -0.5
428 -> 239, -2, 0.25, 4, -1
428 -> 239, -1, 1.25, 4, -1.5
429 -> 239, -3, 0.75, 2, -1
429 -> 239, -1, 1.25, 5, -1.5
430 -> 239, -3, 1.25, 2, -1
430 -> 239, -4, 1.25, 2, -1
430 -> 239, -1, 1.25, 1, -1.5
431 -> 239, -1, 0.75, 1, -0.5
431 -> 239, -5, 1.75, 4, -2
431 -> 239, -3, 1.25, 1, -0.5
432 -> 239, -4, 1.75, 2, -1.5
432 -> 239, -2, 1.75, 2, -0.5
432 -> 239, -2, 0.25, 3, -1
432 -> 239, -3, 1.25, 5, -0.5
433 -> 239, -2, 0.75, 3, -1.5
433 -> 239, -2, 1.75, 1, -1
433 -> 239, -2, 0.75, 4, -2
433 -> 239, -2, 0.75, 5, -2
433 -> 239, -2, 0.75, 3, -2
433 -> 239, -5, 1.75, 5, -2
433 -> 239, -1, 1.25, 3, -1.5
433 -> 239, -1, 1.25, 2, -1.5
433 -> 239, -1, 1.75, 3, -1
434 -> 239, -2, 1.25, 1, -0.5
435 -> 239, -2, 0.75, 1, -2
435 -> 239, -4, 0.25, 5, -0.5
435 -> 239, -3, 0.75, 2, -0.5
435 -> 239, -1, 1.25, 3, -0.5
436 -> 239, -2, 1.75, 3, -0.5
436 -> 239, -5, 1.25, 1, -2
436 -> 239, -4, 0.75, 3, -1
437 -> 239, -2, 1.25, 2, -2
438 -> 239, -4, 1.25, 5, -0.5
438 -> 239, -3, 0.75, 1, -0.5
438 -> 239, -1, 1.25, 5, -2
438 -> 239, -2, 0.75, 1, -0.5
439 -> 239, -1, 0.25, 3, -1
440 -> 239, -2, 0.75, 4, -1.5
440 -> 239, -2, 0.25, 2, -2
440 -> 239, -1, 1.25, 4, -2
441 -> 239, -4, 0.75, 2, -1.5
441 -> 239, -4, 0.25, 1, -0.5
441 -> 239, -2, 1.25, 2, -1.5
441 -> 239, -3, 0.75, 5, -1.5
442 -> 239, -1, 0.75, 3, -1
442 -> 239, -2, 1.25, 3, -2
443 -> 239, -1, 0.75, 3, -0.5
443 -> 239, -2, 1.75, 3, -1.5
443 -> 239, -2, 1.75, 2, -1.5
444 -> 239, -3, 1.75, 4, -1
444 -> 239, -4, 0.75, 4, -1
444 -> 239, -3, 1.75, 5, -1
444 -> 239, -1, 1.25, 3, -2
444 -> 239, -3, 1.75, 4, -2
444 -> 239, -3, 0.75, 1, -1
445 -> 239, -3, 1.25, 3, -1
445 -> 239, -5, 1.75, 2, -0.5
446 -> 239, -3, 0.75, 1, -1.5
446 -> 239, -5, 1.25, 3, -1.5
446 -> 239, -4, 0.75, 5, -1
446 -> 239, -5, 1.25, 4, -1.5
447 -> 239, -2, 0.25, 2, -1.5
447 -> 239, -5, 1.25, 2, -2
447 -> 239, -2, 0.25, 1, -1.5
447 -> 239, -1, 1.75, 2, -1
447 -> 239, -1, 1.75, 1, -1
447 -> 239, -1, 0.25, 4, -1
448 -> 239, -2, 0.25, 5, -2
448 -> 239, -2, 0.25, 4, -2
448 -> 239, -1, 0.75, 5, -2
448 -> 239, -4, 0.25, 2, -0.5
448 -> 239, -3, 1.25, 3, -0.5
448 -> 239, -4, 0.25, 3, -0.5
448 -> 239, -1, 0.75, 4, -2
448 -> 239, -3, 1.25, 4, -0.5
449 -> 239, -4, 0.75, 3, -1.5
449 -> 239, -2, 1.75, 4, -0.5
450 -> 239, -5, 0.25, 4, -0.5
450 -> 239, -5, 0.75, 4, -1.5
451 -> 239, -5, 0.25, 1, -1
451 -> 239, -5, 1.75, 3, -1.5
451 -> 239, -1, 1.75, 2, -1.5
451 -> 239, -1, 1.75, 5, -1.5
451 -> 239, -1, 1.75, 1, -1.5
451 -> 239, -1, 0.75, 1, -1
451 -> 239, -1, 1.75, 3, -1.5
451 -> 239, -1, 1.75, 4, -1.5
451 -> 239, -1, 0.75, 2, -1
452 -> 239, -5, 1.25, 1, -1.5
452 -> 239, -2, 0.25, 2, -0.5
453 -> 239, -4, 1.25, 1, -1
453 -> 239, -4, 0.75, 4, -0.5
453 -> 239, -4, 0.75, 5, -0.5
454 -> 239, -3, 0.75, 4, -1.5
455 -> 239, -1, 0.75, 2, -2
455 -> 239, -1, 0.75, 3, -2
455 -> 239, -1, 1.75, 1, -2
455 -> 239, -5, 1.75, 1, -2
455 -> 239, -1, 0.75, 1, -2
456 -> 239, -3, 0.25, 4, -1
456 -> 239, -2, 1.75, 4, -1
456 -> 239, -2, 1.75, 3, -1
457 -> 239, -2, 0.25, 3, -1.5
457 -> 239, -2, 0.25, 4, -1.5
457 -> 239, -4, 1.75, 1, -1
457 -> 239, -2, 0.25, 5, -1.5
458 -> 239, -1, 0.25, 5, -1.5
458 -> 239, -5, 1.75, 2, -1.5
458 -> 239, -1, 1.25, 4, -0.5
458 -> 239, -3, 1.25, 3, -2
458 -> 239, -1, 1.25, 1, -1
458 -> 239, -1, 1.25, 1, -0.5
458 -> 239, -5, 1.75, 1, -1.5
458 -> 239, -3, 1.25, 2, -2
458 -> 239, -1, 0.75, 4, -1
458 -> 239, -1, 1.75, 4, -2
458 -> 239, -1, 1.25, 5, -0.5
458 -> 239, -1, 1.75, 3, -2
458 -> 239, -1, 1.75, 5, -2
458 -> 239, -1, 1.75, 1, -0.5
458 -> 239, -1, 1.75, 2, -2
459 -> 239, -5, 0.75, 3, -0.5
459 -> 239, -5, 0.75, 4, -0.5
459 -> 239, -4, 1.25, 1, -2
459 -> 239, -2, 1.25, 1, -2
460 -> 239, -4, 1.25, 2, -2
460 -> 239, -5, 0.75, 2, -0.5
460 -> 239, -4, 1.25, 3, -2
460 -> 239, -4, 1.25, 5, -2
460 -> 239, -3, 0.25, 1, -2
460 -> 239, -4, 1.25, 4, -2
461 -> 239, -1, 0.75, 2, -1.5
461 -> 239, -2, 1.75, 2, -1
461 -> 239, -4, 0.75, 4, -2
461 -> 239, -1, 0.25, 1, -1.5
462 -> 239, -4, 0.25, 5, -1
462 -> 239, -5, 1.25, 2, -0.5
462 -> 239, -4, 0.25, 4, -1
463 -> 239, -2, 1.25, 1, -1.5
464 -> 239, -1, 0.25, 1, -1
464 -> 239, -1, 0.25, 2, -1
464 -> 239, -3, 0.75, 5, -0.5
464 -> 239, -5, 1.25, 3, -2
464 -> 239, -5, 0.25, 1, -1.5
464 -> 239, -3, 1.25, 5, -1
464 -> 239, -1, 0.75, 1, -1.5
464 -> 239, -1, 0.25, 5, -2
464 -> 239, -3, 1.25, 5, -2
465 -> 239, -1, 0.25, 2, -1.5
465 -> 239, -5, 0.25, 5, -1.5
465 -> 239, -1, 0.25, 4, -1.5
465 -> 239, -1, 0.25, 3, -1.5
465 -> 239, -3, 1.25, 2, -1.5
465 -> 239, -3, 1.25, 5, -1.5
465 -> 239, -3, 1.25, 3, -1.5
465 -> 239, -3, 1.25, 1, -1.5
465 -> 239, -3, 1.25, 4, -1.5
466 -> 239, -3, 0.25, 3, -1.5
466 -> 239, -3, 0.25, 4, -1.5
466 -> 239, -3, 0.25, 5, -1.5
467 -> 239, -2, 0.25, 1, -0.5
467 -> 239, -4, 1.75, 5, -1
467 -> 239, -3, 1.75, 1, -2
467 -> 239, -3, 1.75, 3, -2
467 -> 239, -4, 0.75, 2, -2
467 -> 239, -5, 0.75, 5, -1.5
467 -> 239, -3, 1.75, 2, -2
467 -> 239, -3, 0.75, 3, -1.5
468 -> 239, -5, 1.25, 3, -0.5
468 -> 239, -5, 0.25, 3, -1.5
469 -> 239, -2, 1.25, 4, -2
469 -> 239, -2, 0.25, 5, -1
470 -> 239, -4, 1.25, 1, -1.5
470 -> 239, -3, 0.75, 2, -1.5
470 -> 239, -3, 1.75, 1, -1
470 -> 239, -3, 1.75, 3, -1
470 -> 239, -2, 1.75, 5, -2
470 -> 239, -2, 1.75, 4, -2
470 -> 239, -3, 1.75, 2, -1
470 -> 239, -1, 1.75, 5, -0.5
471 -> 239, -3, 0.25, 3, -2
471 -> 239, -4, 0.25, 3, -2
471 -> 239, -4, 1.75, 4, -1
471 -> 239, -4, 0.25, 2, -2
471 -> 239, -4, 0.25, 1, -2
471 -> 239, -3, 0.25, 4, -2
471 -> 239, -3, 0.25, 2, -2
471 -> 239, -3, 0.25, 5, -2
472 -> 239, -1, 0.25, 3, -2
472 -> 239, -1, 0.25, 1, -2
472 -> 239, -4, 1.75, 1, -0.5
472 -> 239, -5, 0.25, 4, -1.5
472 -> 239, -1, 0.25, 2, -2
472 -> 239, -5, 1.25, 4, -2
472 -> 239, -4, 1.75, 2, -0.5
473 -> 239, -2, 1.75, 1, -1.5
473 -> 239, -2, 1.25, 5, -1.5
474 -> 239, -3, 1.25, 2, -0.5
474 -> 239, -3, 0.75, 1, -2
475 -> 239, -4, 1.75, 1, -1.5
475 -> 239, -3, 0.25, 1, -1.5
475 -> 239, -3, 0.25, 2, -1.5
475 -> 239, -4, 1.25, 3, -1.5
476 -> 239, -4, 1.75, 2, -1
477 -> 239, -3, 1.75, 2, -0.5
478 -> 239, -1, 0.75, 4, -0.5
479 -> 239, -3, 0.25, 3, -1
479 -> 239, -2, 0.25, 1, -2
479 -> 239, -2, 1.25, 3, -1.5
479 -> 239, -2, 1.25, 4, -1.5
479 -> 239, -3, 0.25, 1, -1
479 -> 239, -3, 0.25, 2, -1
480 -> 239, -4, 1.75, 3, -0.5
480 -> 239, -5, 0.75, 2, -1
480 -> 239, -4, 1.25, 2, -1.5
481 -> 239, -2, 1.25, 3, -1
481 -> 239, -4, 0.75, 1, -2
481 -> 239, -2, 0.75, 2, -1.5
482 -> 239, -1, 0.25, 4, -2
483 -> 239, -4, 0.75, 3, -2
484 -> 239, -3, 1.75, 3, -0.5
484 -> 239, -3, 1.75, 5, -1.5
484 -> 239, -4, 0.75, 5, -2
485 -> 239, -4, 0.75, 3, -0.5
486 -> 239, -4, 0.25, 5, -1.5
486 -> 239, -3, 0.75, 3, -1
487 -> 239, -5, 0.25, 2, -1.5
487 -> 239, -2, 0.25, 2, -1
487 -> 239, -5, 1.25, 5, -2
488 -> 239, -1, 0.25, 1, -0.5
488 -> 239, -1, 0.25, 2, -0.5
489 -> 239, -5, 0.25, 2, -0.5
489 -> 239, -5, 1.75, 1, -1
489 -> 239, -2, 0.25, 3, -2
489 -> 239, -5, 0.25, 3, -0.5
489 -> 239, -5, 1.75, 2, -1
490 -> 239, -1, 1.25, 2, -1
490 -> 239, -1, 1.25, 3, -1
490 -> 239, -1, 1.25, 4, -1
492 -> 239, -5, 0.25, 4, -2
492 -> 239, -5, 0.25, 3, -2
492 -> 239, -5, 0.25, 2, -2
492 -> 239, -5, 0.25, 1, -2
492 -> 239, -5, 0.25, 5, -2
493 -> 239, -2, 1.25, 5, -2
494 -> 239, -5, 0.25, 1, -0.5
494 -> 239, -4, 0.75, 1, -1.5
495 -> 239, -5, 1.75, 4, -1.5
495 -> 239, -5, 1.75, 5, -1.5
495 -> 239, -1, 1.25, 5, -1
497 -> 239, -5, 0.75, 1, -1
497 -> 239, -5, 0.25, 5, -0.5
498 -> 239, -2, 1.25, 5, -1
498 -> 239, -1, 0.75, 5, -1.5
498 -> 239, -1, 0.75, 4, -1.5
498 -> 239, -2, 1.25, 4, -1
498 -> 239, -1, 0.75, 3, -1.5
498 -> 239, -3, 0.75, 5, -1
498 -> 239, -4, 0.25, 1, -1
498 -> 239, -3, 0.75, 4, -1
498 -> 239, -1, 1.75, 2, -0.5
498 -> 239, -4, 0.25, 2, -1
499 -> 239, -5, 0.75, 5, -0.5
499 -> 239, -3, 0.25, 5, -0.5
501 -> 239, -4, 0.25, 1, -1.5
501 -> 239, -2, 0.25, 4, -0.5
501 -> 239, -4, 0.25, 3, -1.5
501 -> 239, -4, 0.25, 2, -1.5
501 -> 239, -4, 0.25, 4, -1.5
501 -> 239, -2, 0.25, 3, -0.5
502 -> 239, -2, 0.25, 5, -0.5
502 -> 239, -2, 0.75, 5, -0.5
503 -> 239, -3, 0.75, 5, -2
503 -> 239, -3, 0.75, 2, -2
503 -> 239, -4, 1.25, 4, -1
503 -> 239, -2, 0.75, 1, -1
503 -> 239, -3, 0.75, 4, -2
503 -> 239, -2, 0.75, 2, -1
503 -> 239, -3, 0.75, 3, -2
504 -> 239, -5, 1.25, 5, -1.5
504 -> 239, -2, 1.75, 5, -1
504 -> 239, -1, 0.25, 3, -0.5
506 -> 239, -4, 1.25, 4, -1.5
506 -> 239, -4, 1.25, 5, -1.5
508 -> 239, -3, 0.25, 5, -1
509 -> 239, -5, 1.75, 4, -1
510 -> 239, -1, 0.25, 5, -1
514 -> 239, -5, 1.75, 5, -0.5
517 -> 239, -4, 0.25, 4, -2
517 -> 239, -4, 0.25, 5, -2
520 -> 239, -2, 0.75, 4, -1
520 -> 239, -2, 0.75, 3, -1
520 -> 239, -2, 0.75, 5, -1
521 -> 239, -5, 0.75, 4, -2
525 -> 239, -4, 0.25, 3, -1
529 -> 239, -2, 0.75, 1, -1.5
530 -> 239, -4, 1.25, 3, -0.5
531 -> 239, -3, 0.75, 4, -0.5
531 -> 239, -5, 1.25, 1, -0.5
537 -> 239, -5, 0.25, 4, -1
537 -> 239, -5, 0.25, 5, -1
537 -> 239, -5, 0.25, 3, -1
539 -> 239, -5, 0.25, 2, -1
540 -> 239, -5, 1.75, 1, -0.5
545 -> 239, -4, 1.25, 5, -1
552 -> 239, -4, 0.75, 4, -1.5
552 -> 239, -4, 0.75, 5, -1.5
561 -> 239, -4, 0.75, 1, -1
561 -> 239, -4, 0.75, 2, -1
565 -> 239, -5, 1.25, 1, -1
566 -> 239, -5, 1.25, 2, -1
566 -> 239, -5, 1.25, 3, -1
578 -> 239, -3, 0.25, 1, -0.5
578 -> 239, -3, 0.25, 2, -0.5
578 -> 239, -3, 0.25, 3, -0.5
578 -> 239, -3, 0.25, 4, -0.5
582 -> 239, -5, 0.75, 1, -0.5
708 -> 239, -5, 0.75, 5, -1
708 -> 239, -5, 0.75, 4, -1
708 -> 239, -5, 0.75, 3, -1
