318 -> 498, -3, 1.25, 5, -0.5
344 -> 498, -1, 1.75, 1, -2
347 -> 498, -4, 1.75, 3, -1
356 -> 498, -2, 1.75, 2, -1.5
361 -> 498, -4, 1.75, 2, -1
372 -> 498, -1, 1.75, 1, -0.5
373 -> 498, -2, 1.25, 4, -0.5
373 -> 498, -2, 1.75, 3, -1.5
375 -> 498, -5, 1.75, 3, -1
381 -> 498, -3, 0.75, 3, -1
382 -> 498, -3, 1.25, 2, -1
382 -> 498, -4, 0.75, 5, -2
382 -> 498, -1, 0.75, 1, -0.5
382 -> 498, -3, 1.25, 3, -1
382 -> 498, -5, 1.75, 4, -1
383 -> 498, -1, 1.75, 4, -2
383 -> 498, -1, 1.75, 5, -2
384 -> 498, -5, 1.75, 2, -1
385 -> 498, -1, 0.75, 2, -1
386 -> 498, -4, 0.75, 4, -0.5
387 -> 498, -4, 1.75, 1, -1
387 -> 498, -2, 1.25, 5, -0.5
388 -> 498, -2, 0.75, 4, -0.5
389 -> 498, -3, 1.75, 2, -1.5
389 -> 498, -3, 1.75, 3, -1.5
390 -> 498, -4, 1.25, 5, -1
391 -> 498, -2, 1.25, 3, -1
392 -> 498, -3, 1.25, 4, -0.5
394 -> 498, -2, 1.25, 2, -1
394 -> 498, -2, 0.75, 3, -0.5
394 -> 498, -4, 0.75, 2, -1
395 -> 498, -4, 1.25, 2, -0.5
396 -> 498, -1, 1.25, 2, -0.5
396 -> 498, -3, 1.25, 4, -1
396 -> 498, -3, 1.25, 1, -0.5
397 -> 498, -1, 1.75, 2, -0.5
400 -> 498, -1, 1.75, 5, -1.5
400 -> 498, -1, 1.75, 4, -1.5
400 -> 498, -2, 1.75, 4, -1.5
401 -> 498, -3, 1.75, 1, -2
402 -> 498, -1, 1.75, 1, -1
402 -> 498, -3, 0.75, 5, -0.5
402 -> 498, -3, 1.25, 4, -2
403 -> 498, -1, 1.75, 5, -1
403 -> 498, -3, 0.75, 2, -0.5
403 -> 498, -3, 1.25, 5, -2
403 -> 498, -3, 1.75, 5, -1.5
403 -> 498, -2, 1.25, 1, -1
404 -> 498, -5, 0.75, 1, -1.5
404 -> 498, -2, 1.75, 3, -2
404 -> 498, -4, 0.75, 1, -1
406 -> 498, -1, 1.75, 2, -1
406 -> 498, -2, 1.25, 1, -0.5
407 -> 498, -2, 1.25, 2, -0.5
407 -> 498, -2, 1.75, 4, -2
407 -> 498, -2, 1.75, 5, -1.5
408 -> 498, -3, 1.25, 2, -2
408 -> 498, -4, 1.75, 4, -1
408 -> 498, -3, 1.25, 1, -2
408 -> 498, -5, 1.75, 5, -1
408 -> 498, -3, 1.25, 3, -2
408 -> 498, -4, 1.75, 5, -1
412 -> 498, -1, 0.25, 5, -1
412 -> 498, -1, 0.25, 4, -1
412 -> 498, -1, 0.25, 3, -1
412 -> 498, -1, 0.25, 3, -1.5
413 -> 498, -1, 0.25, 2, -1
413 -> 498, -1, 0.75, 4, -2
413 -> 498, -5, 1.75, 1, -1.5
413 -> 498, -1, 0.75, 5, -2
413 -> 498, -4, 1.25, 1, -1
415 -> 498, -5, 1.25, 2, -1.5
415 -> 498, -5, 1.25, 1, -1.5
416 -> 498, -2, 1.25, 5, -1.5
417 -> 498, -2, 1.25, 3, -2
418 -> 498, -3, 0.75, 4, -0.5
418 -> 498, -1, 1.25, 5, -2
418 -> 498, -5, 1.75, 4, -1.5
418 -> 498, -1, 1.25, 4, -2
419 -> 498, -3, 1.25, 5, -1.5
419 -> 498, -5, 1.25, 4, -1.5
422 -> 498, -4, 1.75, 1, -1.5
422 -> 498, -5, 0.75, 5, -1.5
422 -> 498, -4, 1.75, 2, -1.5
422 -> 498, -5, 0.75, 4, -1.5
422 -> 498, -5, 0.75, 2, -1.5
422 -> 498, -5, 0.75, 3, -1.5
423 -> 498, -1, 0.75, 1, -1
423 -> 498, -1, 1.75, 4, -1
424 -> 498, -3, 0.25, 3, -0.5
424 -> 498, -3, 0.75, 3, -0.5
424 -> 498, -1, 1.75, 3, -1.5
425 -> 498, -3, 0.75, 1, -1
425 -> 498, -2, 1.75, 5, -1
425 -> 498, -4, 0.75, 2, -0.5
425 -> 498, -1, 1.75, 3, -2
425 -> 498, -2, 1.75, 4, -1
425 -> 498, -3, 0.75, 2, -1
426 -> 498, -1, 1.25, 2, -2
426 -> 498, -4, 1.75, 3, -1.5
426 -> 498, -1, 1.25, 1, -1.5
426 -> 498, -5, 1.75, 3, -1.5
427 -> 498, -2, 1.75, 5, -0.5
427 -> 498, -4, 1.75, 4, -1.5
427 -> 498, -5, 1.75, 3, -0.5
427 -> 498, -4, 1.75, 5, -1.5
427 -> 498, -2, 1.75, 4, -0.5
428 -> 498, -4, 1.75, 1, -2
428 -> 498, -5, 1.75, 2, -0.5
428 -> 498, -4, 0.25, 4, -0.5
429 -> 498, -2, 0.75, 4, -1.5
430 -> 498, -1, 1.25, 3, -2
431 -> 498, -2, 0.75, 4, -1
431 -> 498, -2, 0.75, 3, -1
432 -> 498, -2, 0.75, 2, -1.5
432 -> 498, -4, 1.25, 4, -1.5
432 -> 498, -4, 1.25, 4, -0.5
432 -> 498, -3, 1.75, 4, -1.5
433 -> 498, -2, 0.75, 3, -1.5
433 -> 498, -3, 1.75, 2, -2
433 -> 498, -3, 1.75, 3, -2
434 -> 498, -3, 0.25, 2, -2
434 -> 498, -3, 0.25, 1, -2
434 -> 498, -3, 0.25, 3, -2
434 -> 498, -4, 1.75, 3, -2
434 -> 498, -3, 1.25, 5, -1
434 -> 498, -5, 1.75, 5, -1.5
434 -> 498, -1, 1.75, 3, -0.5
434 -> 498, -4, 1.75, 2, -2
435 -> 498, -3, 0.25, 5, -0.5
435 -> 498, -4, 0.25, 5, -0.5
436 -> 498, -5, 0.25, 1, -0.5
436 -> 498, -1, 0.25, 1, -2
436 -> 498, -1, 0.75, 3, -0.5
436 -> 498, -1, 0.75, 4, -0.5
436 -> 498, -5, 1.75, 2, -1.5
437 -> 498, -5, 1.25, 4, -2
437 -> 498, -1, 0.25, 2, -2
437 -> 498, -5, 1.25, 3, -2
437 -> 498, -5, 1.25, 5, -2
437 -> 498, -5, 1.25, 2, -2
437 -> 498, -5, 1.25, 1, -2
437 -> 498, -2, 1.75, 3, -0.5
437 -> 498, -1, 1.25, 3, -1
437 -> 498, -1, 1.25, 4, -1
437 -> 498, -1, 1.25, 5, -1
438 -> 498, -3, 1.75, 5, -1
438 -> 498, -2, 1.75, 1, -1.5
438 -> 498, -1, 1.75, 2, -1.5
438 -> 498, -4, 1.25, 5, -0.5
439 -> 498, -3, 1.75, 2, -1
439 -> 498, -3, 1.25, 1, -1
440 -> 498, -2, 1.25, 2, -2
440 -> 498, -3, 0.75, 1, -1.5
441 -> 498, -1, 1.25, 2, -1.5
441 -> 498, -2, 1.25, 1, -2
441 -> 498, -1, 0.25, 1, -1
442 -> 498, -3, 1.75, 3, -1
442 -> 498, -3, 1.75, 4, -1
442 -> 498, -2, 0.75, 1, -1.5
442 -> 498, -2, 1.25, 4, -2
442 -> 498, -2, 1.25, 3, -0.5
443 -> 498, -1, 1.75, 4, -0.5
443 -> 498, -1, 0.75, 2, -0.5
444 -> 498, -1, 1.75, 3, -1
444 -> 498, -4, 1.25, 2, -1.5
444 -> 498, -4, 1.25, 1, -1.5
447 -> 498, -2, 1.25, 5, -1
447 -> 498, -2, 1.25, 4, -1
447 -> 498, -1, 1.25, 1, -0.5
447 -> 498, -4, 1.25, 5, -1.5
447 -> 498, -1, 0.75, 3, -1.5
448 -> 498, -3, 1.75, 1, -1
448 -> 498, -1, 0.25, 3, -2
448 -> 498, -1, 1.75, 5, -0.5
448 -> 498, -1, 0.25, 1, -1.5
448 -> 498, -1, 0.25, 3, -0.5
448 -> 498, -1, 0.25, 2, -1.5
448 -> 498, -1, 0.25, 5, -0.5
448 -> 498, -1, 0.25, 4, -0.5
449 -> 498, -5, 0.25, 5, -1.5
449 -> 498, -2, 1.75, 2, -1
449 -> 498, -2, 0.25, 5, -0.5
449 -> 498, -2, 1.75, 1, -1
449 -> 498, -5, 0.25, 4, -1.5
450 -> 498, -4, 1.25, 3, -0.5
450 -> 498, -4, 0.75, 4, -1
451 -> 498, -2, 0.25, 1, -0.5
451 -> 498, -2, 0.25, 2, -0.5
451 -> 498, -2, 0.75, 1, -0.5
453 -> 498, -1, 0.75, 2, -1.5
454 -> 498, -1, 0.75, 5, -0.5
454 -> 498, -3, 0.75, 1, -0.5
454 -> 498, -5, 1.25, 1, -1
455 -> 498, -1, 1.25, 3, -0.5
455 -> 498, -1, 1.25, 5, -0.5
455 -> 498, -1, 1.75, 2, -2
455 -> 498, -4, 1.25, 1, -2
455 -> 498, -1, 0.75, 1, -2
455 -> 498, -1, 1.25, 4, -0.5
456 -> 498, -1, 1.25, 2, -1
456 -> 498, -4, 1.75, 4, -2
456 -> 498, -4, 0.25, 5, -1
456 -> 498, -4, 1.75, 5, -2
457 -> 498, -5, 1.25, 5, -1.5
457 -> 498, -2, 0.25, 3, -0.5
457 -> 498, -2, 0.25, 4, -0.5
458 -> 498, -5, 0.25, 3, -1
458 -> 498, -4, 0.75, 3, -1
458 -> 498, -5, 0.25, 2, -1
458 -> 498, -5, 0.25, 1, -1
460 -> 498, -3, 0.25, 4, -2
460 -> 498, -3, 0.25, 5, -2
460 -> 498, -4, 0.75, 3, -0.5
461 -> 498, -2, 1.75, 3, -1
462 -> 498, -3, 0.25, 4, -0.5
462 -> 498, -4, 0.25, 3, -1
463 -> 498, -4, 1.25, 2, -2
463 -> 498, -1, 0.75, 4, -1.5
463 -> 498, -1, 0.75, 5, -1.5
463 -> 498, -4, 1.25, 4, -2
463 -> 498, -4, 1.25, 5, -2
463 -> 498, -4, 1.25, 3, -2
464 -> 498, -2, 1.75, 2, -2
464 -> 498, -2, 0.75, 5, -1
464 -> 498, -5, 0.75, 1, -0.5
465 -> 498, -2, 1.25, 5, -2
465 -> 498, -5, 0.25, 1, -1.5
466 -> 498, -4, 0.75, 4, -1.5
466 -> 498, -4, 0.75, 2, -1.5
466 -> 498, -5, 1.75, 1, -1
466 -> 498, -4, 0.75, 5, -1.5
466 -> 498, -4, 0.75, 3, -1.5
467 -> 498, -3, 0.75, 4, -1.5
467 -> 498, -3, 0.75, 2, -1.5
467 -> 498, -3, 0.75, 5, -1.5
467 -> 498, -3, 0.75, 3, -1.5
467 -> 498, -5, 0.25, 4, -1
468 -> 498, -4, 0.25, 3, -2
468 -> 498, -4, 0.25, 5, -2
468 -> 498, -4, 0.25, 2, -2
468 -> 498, -2, 0.75, 3, -2
468 -> 498, -4, 0.25, 4, -2
468 -> 498, -2, 0.75, 4, -2
468 -> 498, -1, 0.25, 5, -1.5
468 -> 498, -2, 0.75, 5, -2
468 -> 498, -1, 0.25, 4, -1.5
469 -> 498, -5, 1.25, 4, -1
469 -> 498, -5, 0.25, 3, -1.5
469 -> 498, -5, 0.25, 2, -1.5
469 -> 498, -1, 0.75, 3, -2
469 -> 498, -2, 0.75, 5, -1.5
469 -> 498, -5, 1.25, 3, -1
469 -> 498, -5, 1.25, 5, -1
469 -> 498, -5, 1.25, 2, -1
470 -> 498, -5, 0.25, 4, -0.5
470 -> 498, -5, 0.25, 5, -0.5
470 -> 498, -5, 0.25, 3, -0.5
471 -> 498, -3, 0.25, 2, -0.5
471 -> 498, -4, 0.25, 4, -1
472 -> 498, -1, 1.25, 3, -1.5
472 -> 498, -1, 1.25, 4, -1.5
472 -> 498, -1, 1.25, 5, -1.5
472 -> 498, -2, 1.75, 5, -2
472 -> 498, -2, 0.25, 3, -1.5
472 -> 498, -4, 1.75, 2, -0.5
473 -> 498, -4, 0.75, 5, -1
473 -> 498, -5, 0.25, 5, -1
473 -> 498, -2, 0.75, 2, -0.5
474 -> 498, -1, 0.75, 2, -2
476 -> 498, -4, 1.25, 2, -1
476 -> 498, -4, 1.25, 3, -1
476 -> 498, -4, 1.25, 4, -1
477 -> 498, -2, 1.75, 1, -2
479 -> 498, -3, 1.25, 4, -1.5
479 -> 498, -4, 1.25, 3, -1.5
481 -> 498, -1, 0.25, 1, -0.5
481 -> 498, -1, 0.25, 2, -0.5
481 -> 498, -1, 0.75, 1, -1.5
481 -> 498, -2, 0.75, 2, -1
482 -> 498, -3, 1.75, 1, -1.5
482 -> 498, -5, 0.75, 1, -2
482 -> 498, -4, 0.25, 1, -2
483 -> 498, -2, 0.75, 1, -1
483 -> 498, -4, 0.25, 2, -0.5
484 -> 498, -5, 1.25, 3, -1.5
485 -> 498, -3, 0.25, 1, -0.5
486 -> 498, -2, 0.75, 1, -2
486 -> 498, -2, 0.75, 2, -2
487 -> 498, -2, 1.25, 3, -1.5
487 -> 498, -2, 0.25, 2, -1.5
487 -> 498, -2, 0.25, 1, -1.5
487 -> 498, -2, 1.25, 1, -1.5
487 -> 498, -2, 1.25, 2, -1.5
487 -> 498, -1, 1.25, 1, -2
487 -> 498, -5, 1.75, 1, -0.5
487 -> 498, -2, 1.25, 4, -1.5
488 -> 498, -3, 0.75, 5, -1
488 -> 498, -3, 0.75, 4, -1
490 -> 498, -4, 0.75, 4, -2
490 -> 498, -4, 0.75, 3, -2
490 -> 498, -4, 0.75, 2, -2
490 -> 498, -4, 0.75, 1, -2
490 -> 498, -3, 1.75, 4, -2
490 -> 498, -3, 1.75, 5, -2
491 -> 498, -3, 1.25, 3, -0.5
492 -> 498, -2, 0.75, 5, -0.5
492 -> 498, -4, 0.25, 1, -0.5
493 -> 498, -4, 0.75, 5, -0.5
494 -> 498, -1, 1.75, 1, -1.5
496 -> 498, -2, 1.75, 2, -0.5
496 -> 498, -4, 0.75, 1, -1.5
496 -> 498, -2, 1.75, 1, -0.5
498 -> 498, -1, 0.75, 5, -1
498 -> 498, -1, 0.75, 4, -1
498 -> 498, -1, 0.75, 3, -1
500 -> 498, -3, 1.25, 3, -1.5
500 -> 498, -3, 1.25, 2, -1.5
500 -> 498, -1, 0.25, 4, -2
500 -> 498, -3, 1.25, 1, -1.5
500 -> 498, -4, 0.75, 1, -0.5
501 -> 498, -3, 0.25, 5, -1.5
501 -> 498, -2, 0.25, 5, -2
501 -> 498, -2, 0.25, 2, -2
501 -> 498, -2, 0.25, 4, -2
501 -> 498, -2, 0.25, 1, -2
501 -> 498, -3, 0.25, 1, -1.5
501 -> 498, -2, 0.25, 3, -2
501 -> 498, -3, 0.25, 3, -1.5
501 -> 498, -3, 0.25, 4, -1.5
501 -> 498, -3, 0.25, 2, -1.5
502 -> 498, -2, 0.25, 4, -1.5
502 -> 498, -2, 0.25, 5, -1.5
503 -> 498, -4, 1.25, 1, -0.5
503 -> 498, -1, 1.25, 1, -1
506 -> 498, -2, 0.25, 4, -1
506 -> 498, -2, 0.25, 1, -1
506 -> 498, -2, 0.25, 5, -1
506 -> 498, -2, 0.25, 2, -1
506 -> 498, -2, 0.25, 3, -1
509 -> 498, -4, 0.25, 2, -1
509 -> 498, -4, 0.25, 1, -1
513 -> 498, -3, 0.25, 1, -1
513 -> 498, -4, 0.25, 3, -0.5
513 -> 498, -3, 0.25, 2, -1
513 -> 498, -3, 0.25, 3, -1
513 -> 498, -3, 0.25, 4, -1
513 -> 498, -3, 0.25, 5, -1
516 -> 498, -5, 0.75, 4, -1
516 -> 498, -5, 0.75, 5, -1
516 -> 498, -5, 0.75, 2, -1
516 -> 498, -5, 0.75, 3, -1
524 -> 498, -5, 0.75, 1, -1
524 -> 498, -4, 1.75, 5, -0.5
524 -> 498, -4, 1.75, 3, -0.5
524 -> 498, -4, 1.75, 4, -0.5
525 -> 498, -5, 0.25, 2, -0.5
532 -> 498, -3, 1.75, 5, -0.5
535 -> 498, -3, 0.75, 5, -2
535 -> 498, -3, 0.75, 4, -2
535 -> 498, -3, 0.75, 1, -2
535 -> 498, -3, 0.75, 2, -2
535 -> 498, -3, 0.75, 3, -2
536 -> 498, -3, 1.25, 2, -0.5
541 -> 498, -1, 0.25, 5, -2
547 -> 498, -5, 1.75, 5, -0.5
554 -> 498, -4, 1.75, 1, -0.5
558 -> 498, -5, 1.25, 1, -0.5
558 -> 498, -5, 1.25, 2, -0.5
567 -> 498, -5, 1.75, 1, -2
567 -> 498, -5, 1.75, 2, -2
567 -> 498, -5, 1.75, 5, -2
567 -> 498, -5, 1.75, 3, -2
567 -> 498, -5, 1.75, 4, -2
575 -> 498, -3, 1.75, 1, -0.5
575 -> 498, -3, 1.75, 2, -0.5
575 -> 498, -3, 1.75, 3, -0.5
575 -> 498, -3, 1.75, 4, -0.5
582 -> 498, -5, 1.25, 5, -0.5
586 -> 498, -4, 0.25, 1, -1.5
586 -> 498, -4, 0.25, 3, -1.5
586 -> 498, -4, 0.25, 4, -1.5
586 -> 498, -4, 0.25, 5, -1.5
586 -> 498, -5, 0.25, 1, -2
586 -> 498, -5, 0.25, 2, -2
586 -> 498, -5, 0.25, 3, -2
586 -> 498, -5, 0.25, 4, -2
586 -> 498, -5, 0.25, 5, -2
586 -> 498, -4, 0.25, 2, -1.5
603 -> 498, -5, 1.75, 4, -0.5
604 -> 498, -5, 0.75, 5, -2
604 -> 498, -5, 0.75, 4, -2
604 -> 498, -5, 0.75, 3, -2
604 -> 498, -5, 0.75, 2, -2
676 -> 498, -5, 1.25, 3, -0.5
676 -> 498, -5, 1.25, 4, -0.5
763 -> 498, -5, 0.75, 2, -0.5
763 -> 498, -5, 0.75, 4, -0.5
763 -> 498, -5, 0.75, 3, -0.5
763 -> 498, -5, 0.75, 5, -0.5
