354 -> 394, -2, 1.25, 1, -1.5
355 -> 394, -4, 1.75, 4, -0.5
366 -> 394, -1, 1.75, 5, -0.5
382 -> 394, -3, 0.75, 1, -0.5
383 -> 394, -5, 1.75, 4, -0.5
384 -> 394, -2, 0.75, 5, -0.5
385 -> 394, -3, 1.75, 4, -0.5
386 -> 394, -2, 0.75, 4, -0.5
393 -> 394, -5, 1.75, 3, -2
395 -> 394, -4, 1.25, 2, -1
396 -> 394, -4, 0.75, 5, -1
397 -> 394, -2, 1.75, 5, -0.5
399 -> 394, -5, 1.75, 5, -1
399 -> 394, -4, 1.75, 5, -0.5
399 -> 394, -2, 0.25, 4, -0.5
399 -> 394, -5, 1.75, 2, -2
400 -> 394, -5, 1.75, 5, -1.5
400 -> 394, -3, 1.25, 1, -0.5
401 -> 394, -3, 1.75, 1, -0.5
401 -> 394, -2, 1.25, 1, -0.5
402 -> 394, -5, 1.75, 1, -2
406 -> 394, -4, 1.25, 1, -0.5
408 -> 394, -1, 0.75, 5, -1
410 -> 394, -4, 0.25, 1, -0.5
411 -> 394, -4, 1.25, 5, -1
412 -> 394, -3, 1.75, 1, -2
414 -> 394, -2, 0.75, 3, -1
414 -> 394, -2, 0.75, 2, -1
414 -> 394, -5, 1.25, 4, -1.5
414 -> 394, -4, 1.75, 3, -0.5
414 -> 394, -5, 1.25, 3, -1.5
416 -> 394, -2, 0.25, 3, -0.5
416 -> 394, -5, 1.75, 4, -1
418 -> 394, -2, 1.75, 5, -2
419 -> 394, -2, 0.75, 4, -1
420 -> 394, -4, 1.25, 4, -1
421 -> 394, -3, 0.25, 4, -0.5
422 -> 394, -3, 0.25, 2, -0.5
422 -> 394, -4, 0.25, 5, -0.5
423 -> 394, -2, 0.25, 2, -0.5
423 -> 394, -2, 1.75, 3, -2
423 -> 394, -2, 1.75, 4, -2
423 -> 394, -3, 0.25, 1, -0.5
423 -> 394, -1, 0.75, 2, -1
424 -> 394, -4, 1.25, 1, -1
424 -> 394, -1, 1.25, 4, -1
424 -> 394, -1, 1.25, 2, -1
424 -> 394, -1, 1.25, 3, -1
425 -> 394, -1, 1.75, 2, -0.5
427 -> 394, -1, 0.75, 5, -1.5
428 -> 394, -4, 1.25, 4, -2
428 -> 394, -3, 0.75, 2, -0.5
429 -> 394, -2, 0.75, 5, -2
429 -> 394, -3, 0.75, 1, -1
429 -> 394, -2, 1.75, 3, -1.5
429 -> 394, -5, 1.75, 3, -0.5
429 -> 394, -3, 0.75, 2, -1
430 -> 394, -1, 0.75, 1, -1.5
430 -> 394, -3, 0.75, 5, -0.5
431 -> 394, -2, 1.75, 4, -0.5
432 -> 394, -4, 0.75, 5, -0.5
433 -> 394, -1, 1.75, 4, -0.5
433 -> 394, -2, 1.75, 4, -1
433 -> 394, -4, 1.75, 4, -2
433 -> 394, -4, 1.75, 2, -0.5
433 -> 394, -4, 1.75, 3, -2
433 -> 394, -4, 1.75, 5, -2
433 -> 394, -4, 1.75, 2, -2
433 -> 394, -4, 1.75, 1, -0.5
433 -> 394, -3, 0.25, 3, -0.5
434 -> 394, -3, 1.75, 1, -1
435 -> 394, -1, 1.75, 1, -2
435 -> 394, -1, 1.75, 3, -0.5
435 -> 394, -2, 1.75, 1, -0.5
435 -> 394, -5, 1.25, 1, -1.5
435 -> 394, -5, 1.25, 2, -1.5
437 -> 394, -3, 1.25, 1, -1.5
437 -> 394, -1, 0.75, 1, -1
438 -> 394, -3, 1.25, 4, -2
438 -> 394, -1, 0.25, 1, -0.5
438 -> 394, -1, 1.75, 2, -2
439 -> 394, -5, 1.75, 2, -1.5
439 -> 394, -2, 1.25, 4, -0.5
439 -> 394, -1, 1.75, 2, -1
440 -> 394, -4, 1.75, 5, -1.5
440 -> 394, -4, 1.75, 4, -1.5
441 -> 394, -3, 1.25, 4, -1
441 -> 394, -2, 1.75, 2, -0.5
441 -> 394, -4, 0.25, 3, -1.5
441 -> 394, -3, 1.25, 2, -1
441 -> 394, -4, 1.75, 1, -2
441 -> 394, -3, 1.25, 1, -1
442 -> 394, -2, 1.75, 2, -2
442 -> 394, -2, 1.75, 1, -2
443 -> 394, -2, 1.25, 5, -0.5
443 -> 394, -2, 1.75, 2, -1
443 -> 394, -2, 1.75, 1, -1
444 -> 394, -1, 0.75, 2, -2
444 -> 394, -1, 0.75, 1, -2
444 -> 394, -1, 1.75, 1, -0.5
444 -> 394, -2, 1.75, 3, -0.5
445 -> 394, -4, 0.25, 4, -0.5
445 -> 394, -5, 1.75, 4, -2
445 -> 394, -5, 1.75, 5, -2
445 -> 394, -1, 1.25, 3, -0.5
446 -> 394, -3, 1.25, 3, -2
446 -> 394, -3, 0.75, 1, -1.5
447 -> 394, -1, 0.75, 4, -1.5
447 -> 394, -2, 1.75, 4, -1.5
447 -> 394, -2, 1.75, 5, -1.5
447 -> 394, -1, 0.75, 2, -1.5
447 -> 394, -1, 0.75, 3, -1.5
447 -> 394, -4, 0.75, 5, -1.5
447 -> 394, -1, 0.75, 5, -0.5
447 -> 394, -4, 1.25, 3, -2
447 -> 394, -4, 1.25, 2, -2
447 -> 394, -2, 0.25, 1, -0.5
448 -> 394, -2, 1.25, 4, -2
448 -> 394, -2, 1.25, 3, -2
448 -> 394, -2, 1.25, 2, -2
448 -> 394, -2, 1.25, 5, -2
449 -> 394, -1, 0.75, 1, -0.5
450 -> 394, -2, 0.75, 3, -0.5
450 -> 394, -2, 0.25, 5, -0.5
451 -> 394, -3, 0.25, 5, -0.5
451 -> 394, -4, 0.75, 3, -1.5
451 -> 394, -4, 0.75, 4, -1.5
451 -> 394, -2, 0.75, 5, -1
451 -> 394, -1, 1.75, 3, -1
451 -> 394, -2, 1.25, 3, -1
452 -> 394, -4, 0.25, 3, -0.5
452 -> 394, -2, 0.75, 2, -0.5
452 -> 394, -3, 1.25, 4, -1.5
452 -> 394, -3, 1.25, 3, -1.5
452 -> 394, -5, 1.75, 3, -1
452 -> 394, -3, 1.25, 2, -1.5
452 -> 394, -3, 1.25, 5, -1.5
453 -> 394, -3, 1.75, 2, -0.5
453 -> 394, -4, 1.25, 3, -1
453 -> 394, -4, 1.25, 1, -2
453 -> 394, -3, 0.25, 5, -1
454 -> 394, -3, 0.25, 4, -1
454 -> 394, -1, 0.25, 2, -0.5
455 -> 394, -4, 0.75, 1, -1.5
455 -> 394, -1, 1.75, 1, -1
456 -> 394, -2, 0.75, 1, -0.5
456 -> 394, -5, 0.25, 1, -1
456 -> 394, -1, 1.25, 4, -0.5
456 -> 394, -2, 0.75, 1, -1.5
456 -> 394, -1, 1.25, 5, -0.5
457 -> 394, -3, 0.75, 3, -1
457 -> 394, -1, 0.25, 3, -1.5
457 -> 394, -1, 0.25, 2, -1.5
457 -> 394, -1, 0.25, 5, -1.5
457 -> 394, -1, 0.25, 4, -1.5
457 -> 394, -3, 0.75, 4, -1
457 -> 394, -1, 0.25, 1, -1.5
458 -> 394, -2, 0.75, 2, -2
458 -> 394, -3, 1.75, 3, -0.5
458 -> 394, -4, 1.25, 5, -2
458 -> 394, -2, 0.75, 1, -2
458 -> 394, -5, 1.25, 1, -1
459 -> 394, -4, 0.75, 2, -1
459 -> 394, -4, 0.75, 1, -1
459 -> 394, -4, 0.75, 3, -1
459 -> 394, -4, 0.75, 2, -1.5
459 -> 394, -3, 1.25, 5, -1
461 -> 394, -1, 1.75, 5, -1
461 -> 394, -4, 0.25, 5, -1.5
461 -> 394, -4, 0.25, 4, -1.5
461 -> 394, -5, 1.75, 2, -1
461 -> 394, -1, 1.25, 2, -1.5
462 -> 394, -1, 1.75, 4, -1
462 -> 394, -2, 1.75, 3, -1
463 -> 394, -5, 1.25, 4, -0.5
463 -> 394, -4, 0.25, 2, -1.5
463 -> 394, -1, 1.25, 4, -1.5
463 -> 394, -1, 1.25, 5, -1.5
463 -> 394, -5, 1.25, 1, -2
463 -> 394, -1, 1.25, 1, -1.5
463 -> 394, -3, 0.75, 5, -1
463 -> 394, -4, 0.25, 1, -1.5
465 -> 394, -3, 1.25, 2, -2
465 -> 394, -1, 0.75, 4, -1
465 -> 394, -3, 1.25, 1, -2
465 -> 394, -4, 1.75, 5, -1
465 -> 394, -2, 1.25, 2, -1.5
465 -> 394, -3, 1.75, 5, -1
465 -> 394, -3, 1.75, 2, -1
465 -> 394, -2, 1.25, 5, -1.5
465 -> 394, -3, 0.25, 5, -1.5
465 -> 394, -2, 1.25, 4, -1.5
465 -> 394, -3, 1.75, 3, -1
465 -> 394, -2, 1.25, 3, -1.5
465 -> 394, -3, 0.25, 4, -1.5
465 -> 394, -3, 0.25, 2, -1.5
465 -> 394, -3, 1.75, 4, -1
465 -> 394, -3, 0.25, 3, -1.5
465 -> 394, -1, 0.75, 3, -1
466 -> 394, -3, 1.75, 5, -0.5
466 -> 394, -3, 0.75, 4, -2
466 -> 394, -3, 0.75, 3, -2
466 -> 394, -3, 0.75, 2, -2
466 -> 394, -3, 0.75, 1, -2
469 -> 394, -5, 1.75, 5, -0.5
469 -> 394, -1, 1.25, 3, -2
469 -> 394, -1, 1.25, 5, -2
469 -> 394, -1, 1.25, 4, -2
469 -> 394, -5, 1.25, 2, -0.5
470 -> 394, -5, 0.75, 5, -2
470 -> 394, -5, 0.75, 4, -2
470 -> 394, -1, 1.75, 5, -2
470 -> 394, -5, 0.75, 3, -2
470 -> 394, -4, 1.25, 5, -1.5
470 -> 394, -4, 1.25, 3, -1.5
470 -> 394, -4, 1.25, 2, -1.5
470 -> 394, -4, 1.25, 4, -1.5
470 -> 394, -2, 0.25, 2, -1.5
471 -> 394, -3, 1.75, 5, -2
471 -> 394, -3, 1.75, 4, -2
471 -> 394, -1, 0.75, 3, -2
471 -> 394, -3, 1.75, 3, -2
471 -> 394, -1, 0.25, 1, -1
471 -> 394, -3, 1.75, 2, -2
471 -> 394, -1, 1.25, 1, -2
471 -> 394, -1, 1.25, 2, -2
471 -> 394, -1, 0.75, 5, -2
471 -> 394, -1, 0.75, 4, -2
471 -> 394, -1, 0.25, 2, -1
472 -> 394, -1, 1.25, 5, -1
472 -> 394, -2, 1.75, 1, -1.5
473 -> 394, -2, 1.25, 2, -0.5
474 -> 394, -1, 0.25, 4, -1
474 -> 394, -1, 0.25, 3, -1
474 -> 394, -1, 1.25, 1, -1
474 -> 394, -1, 0.25, 5, -1
475 -> 394, -5, 0.75, 5, -1
475 -> 394, -5, 0.75, 4, -1
475 -> 394, -2, 0.75, 3, -2
477 -> 394, -2, 1.25, 1, -1
477 -> 394, -5, 1.25, 1, -0.5
477 -> 394, -2, 1.25, 1, -2
477 -> 394, -2, 0.25, 3, -1.5
477 -> 394, -2, 0.75, 4, -2
477 -> 394, -4, 1.25, 1, -1.5
477 -> 394, -1, 0.75, 4, -0.5
477 -> 394, -1, 0.75, 3, -0.5
477 -> 394, -2, 0.25, 4, -1.5
477 -> 394, -2, 1.25, 2, -1
477 -> 394, -2, 0.25, 5, -1.5
479 -> 394, -2, 1.25, 4, -1
479 -> 394, -4, 1.25, 5, -0.5
481 -> 394, -3, 0.75, 5, -2
481 -> 394, -1, 1.75, 3, -2
481 -> 394, -2, 1.75, 2, -1.5
481 -> 394, -1, 1.75, 4, -2
484 -> 394, -5, 0.75, 1, -2
484 -> 394, -3, 0.25, 1, -1
484 -> 394, -5, 0.75, 2, -2
484 -> 394, -3, 0.25, 3, -1
484 -> 394, -3, 0.25, 2, -1
485 -> 394, -2, 0.25, 1, -1.5
485 -> 394, -4, 0.75, 4, -0.5
485 -> 394, -3, 1.25, 5, -0.5
485 -> 394, -3, 1.25, 4, -0.5
485 -> 394, -3, 1.25, 3, -0.5
487 -> 394, -1, 1.75, 2, -1.5
487 -> 394, -2, 1.75, 5, -1
487 -> 394, -1, 1.75, 1, -1.5
487 -> 394, -1, 1.75, 5, -1.5
487 -> 394, -1, 1.75, 3, -1.5
487 -> 394, -1, 1.75, 4, -1.5
487 -> 394, -2, 0.75, 1, -1
487 -> 394, -3, 1.25, 2, -0.5
488 -> 394, -3, 1.25, 5, -2
488 -> 394, -4, 0.75, 5, -2
488 -> 394, -4, 1.75, 1, -1.5
488 -> 394, -3, 0.25, 1, -1.5
488 -> 394, -4, 1.75, 2, -1.5
488 -> 394, -4, 1.75, 3, -1.5
489 -> 394, -5, 1.75, 1, -0.5
489 -> 394, -2, 0.75, 4, -1.5
489 -> 394, -2, 0.75, 5, -1.5
490 -> 394, -5, 1.25, 3, -1
490 -> 394, -5, 1.25, 2, -1
490 -> 394, -5, 1.25, 5, -1
490 -> 394, -5, 1.25, 4, -1
490 -> 394, -2, 0.75, 2, -1.5
492 -> 394, -5, 1.75, 1, -1.5
493 -> 394, -3, 1.25, 3, -1
493 -> 394, -1, 1.25, 3, -1.5
495 -> 394, -4, 1.25, 2, -0.5
495 -> 394, -5, 0.75, 4, -0.5
495 -> 394, -5, 0.75, 5, -0.5
495 -> 394, -1, 0.75, 2, -0.5
498 -> 394, -4, 1.25, 4, -0.5
498 -> 394, -4, 1.25, 3, -0.5
498 -> 394, -5, 1.25, 5, -0.5
499 -> 394, -2, 0.25, 1, -1
499 -> 394, -5, 0.75, 3, -1
500 -> 394, -5, 0.25, 4, -1
500 -> 394, -2, 0.25, 5, -1
501 -> 394, -5, 0.25, 3, -2
501 -> 394, -5, 0.25, 4, -2
501 -> 394, -5, 0.25, 2, -2
501 -> 394, -5, 0.25, 5, -2
501 -> 394, -5, 0.25, 1, -2
501 -> 394, -1, 0.25, 3, -0.5
501 -> 394, -2, 0.75, 3, -1.5
502 -> 394, -1, 1.25, 2, -0.5
502 -> 394, -5, 0.75, 1, -1
502 -> 394, -5, 1.75, 1, -1
502 -> 394, -1, 1.25, 1, -0.5
502 -> 394, -5, 0.75, 2, -1
504 -> 394, -2, 0.25, 4, -1
504 -> 394, -4, 0.75, 1, -2
504 -> 394, -2, 0.25, 2, -1
504 -> 394, -2, 0.25, 3, -1
505 -> 394, -2, 0.25, 3, -2
505 -> 394, -2, 0.25, 2, -2
505 -> 394, -3, 0.75, 4, -0.5
505 -> 394, -3, 0.75, 3, -0.5
506 -> 394, -5, 1.25, 3, -2
506 -> 394, -3, 1.75, 5, -1.5
506 -> 394, -5, 1.25, 2, -2
506 -> 394, -3, 1.75, 4, -1.5
506 -> 394, -5, 1.25, 4, -2
506 -> 394, -3, 1.75, 3, -1.5
506 -> 394, -3, 1.75, 2, -1.5
506 -> 394, -3, 1.75, 1, -1.5
506 -> 394, -5, 1.25, 5, -2
508 -> 394, -5, 0.25, 5, -0.5
508 -> 394, -4, 0.25, 4, -1
508 -> 394, -5, 0.25, 4, -0.5
508 -> 394, -5, 0.25, 1, -0.5
508 -> 394, -5, 0.25, 3, -0.5
508 -> 394, -4, 0.25, 5, -1
508 -> 394, -4, 0.25, 3, -1
508 -> 394, -5, 0.25, 2, -0.5
509 -> 394, -4, 0.25, 2, -0.5
510 -> 394, -5, 0.25, 5, -1
510 -> 394, -5, 0.25, 2, -1
511 -> 394, -5, 0.75, 5, -1.5
514 -> 394, -5, 0.75, 2, -1.5
514 -> 394, -5, 0.75, 3, -1.5
514 -> 394, -5, 0.75, 4, -1.5
514 -> 394, -5, 0.75, 1, -1.5
516 -> 394, -4, 0.25, 2, -1
516 -> 394, -4, 0.25, 1, -1
517 -> 394, -5, 0.25, 3, -1
519 -> 394, -1, 0.25, 5, -0.5
519 -> 394, -1, 0.25, 4, -0.5
519 -> 394, -4, 1.75, 4, -1
519 -> 394, -2, 1.25, 5, -1
519 -> 394, -4, 1.75, 3, -1
519 -> 394, -4, 1.75, 2, -1
519 -> 394, -4, 1.75, 1, -1
519 -> 394, -5, 1.25, 5, -1.5
520 -> 394, -2, 0.25, 5, -2
520 -> 394, -2, 0.25, 4, -2
521 -> 394, -5, 1.25, 3, -0.5
522 -> 394, -2, 1.25, 3, -0.5
524 -> 394, -5, 1.75, 4, -1.5
524 -> 394, -5, 1.75, 3, -1.5
530 -> 394, -4, 0.75, 2, -2
530 -> 394, -4, 0.75, 4, -2
530 -> 394, -4, 0.75, 3, -2
532 -> 394, -3, 0.25, 1, -2
532 -> 394, -1, 0.25, 5, -2
532 -> 394, -3, 0.25, 2, -2
532 -> 394, -3, 0.25, 3, -2
532 -> 394, -3, 0.25, 5, -2
532 -> 394, -3, 0.25, 4, -2
533 -> 394, -3, 0.75, 5, -1.5
533 -> 394, -3, 0.75, 4, -1.5
533 -> 394, -3, 0.75, 3, -1.5
533 -> 394, -3, 0.75, 2, -1.5
536 -> 394, -2, 0.25, 1, -2
538 -> 394, -5, 1.75, 2, -0.5
538 -> 394, -4, 0.25, 3, -2
538 -> 394, -4, 0.25, 2, -2
538 -> 394, -4, 0.25, 4, -2
538 -> 394, -4, 0.25, 5, -2
538 -> 394, -4, 0.25, 1, -2
539 -> 394, -4, 0.75, 4, -1
548 -> 394, -1, 0.25, 1, -2
548 -> 394, -1, 0.25, 3, -2
548 -> 394, -1, 0.25, 2, -2
548 -> 394, -1, 0.25, 4, -2
586 -> 394, -5, 0.75, 3, -0.5
586 -> 394, -5, 0.75, 1, -0.5
586 -> 394, -5, 0.75, 2, -0.5
654 -> 394, -5, 0.25, 3, -1.5
654 -> 394, -5, 0.25, 4, -1.5
654 -> 394, -5, 0.25, 5, -1.5
654 -> 394, -5, 0.25, 2, -1.5
655 -> 394, -5, 0.25, 1, -1.5
746 -> 394, -4, 0.75, 3, -0.5
746 -> 394, -4, 0.75, 2, -0.5
746 -> 394, -4, 0.75, 1, -0.5
