364 -> 301, -3, 1.75, 1, -0.5
365 -> 301, -3, 0.75, 4, -1
365 -> 301, -2, 1.75, 1, -0.5
365 -> 301, -2, 1.75, 2, -0.5
367 -> 301, -4, 1.75, 2, -1.5
367 -> 301, -4, 1.75, 1, -1.5
371 -> 301, -4, 0.75, 5, -0.5
371 -> 301, -3, 1.25, 3, -1.5
374 -> 301, -3, 1.75, 3, -0.5
378 -> 301, -3, 0.75, 1, -2
379 -> 301, -2, 1.75, 3, -0.5
385 -> 301, -2, 1.25, 4, -1
387 -> 301, -2, 1.75, 4, -2
387 -> 301, -1, 1.25, 4, -2
387 -> 301, -1, 1.75, 2, -1
388 -> 301, -3, 0.75, 5, -1
390 -> 301, -3, 1.25, 2, -0.5
391 -> 301, -4, 0.25, 3, -0.5
393 -> 301, -3, 1.25, 1, -0.5
393 -> 301, -3, 0.75, 3, -0.5
393 -> 301, -1, 1.75, 1, -2
395 -> 301, -5, 1.75, 2, -1
396 -> 301, -2, 1.75, 2, -2
396 -> 301, -2, 1.75, 3, -2
397 -> 301, -3, 0.75, 3, -2
397 -> 301, -3, 0.75, 2, -2
398 -> 301, -5, 0.75, 1, -0.5
398 -> 301, -2, 1.25, 5, -1.5
399 -> 301, -3, 0.75, 5, -0.5
399 -> 301, -1, 0.75, 1, -1.5
400 -> 301, -3, 1.75, 5, -1.5
400 -> 301, -2, 0.25, 1, -1.5
401 -> 301, -3, 1.75, 1, -1
402 -> 301, -2, 1.75, 5, -0.5
402 -> 301, -4, 1.25, 1, -1.5
402 -> 301, -2, 1.75, 4, -0.5
404 -> 301, -4, 1.75, 4, -2
405 -> 301, -4, 1.25, 3, -1
406 -> 301, -4, 0.75, 4, -1
406 -> 301, -4, 0.75, 3, -1
406 -> 301, -3, 1.75, 2, -0.5
407 -> 301, -3, 1.75, 2, -1
408 -> 301, -4, 1.25, 2, -1.5
408 -> 301, -4, 1.25, 3, -1.5
409 -> 301, -1, 1.75, 5, -1
409 -> 301, -4, 1.75, 2, -2
410 -> 301, -2, 1.25, 4, -0.5
410 -> 301, -4, 1.25, 3, -2
411 -> 301, -1, 0.75, 1, -0.5
411 -> 301, -4, 0.75, 5, -2
411 -> 301, -4, 1.75, 3, -2
412 -> 301, -5, 1.25, 5, -0.5
412 -> 301, -5, 1.25, 4, -0.5
412 -> 301, -2, 1.25, 5, -0.5
413 -> 301, -3, 0.75, 1, -0.5
414 -> 301, -1, 1.75, 5, -0.5
414 -> 301, -2, 1.25, 4, -1.5
414 -> 301, -4, 0.75, 5, -1
414 -> 301, -1, 1.75, 4, -0.5
415 -> 301, -4, 1.75, 2, -1
416 -> 301, -2, 1.75, 1, -2
417 -> 301, -1, 0.75, 4, -2
417 -> 301, -1, 0.75, 5, -2
417 -> 301, -1, 0.75, 3, -2
417 -> 301, -2, 1.75, 2, -1
417 -> 301, -2, 1.25, 3, -1.5
417 -> 301, -2, 1.25, 2, -1.5
418 -> 301, -2, 0.25, 1, -0.5
418 -> 301, -5, 1.25, 2, -2
418 -> 301, -1, 0.25, 5, -0.5
418 -> 301, -1, 0.25, 3, -0.5
418 -> 301, -1, 0.25, 4, -0.5
418 -> 301, -1, 1.25, 2, -2
418 -> 301, -5, 1.25, 1, -2
418 -> 301, -1, 1.25, 3, -2
419 -> 301, -3, 1.75, 3, -2
419 -> 301, -3, 1.75, 4, -2
419 -> 301, -1, 0.25, 2, -0.5
419 -> 301, -3, 1.75, 2, -2
419 -> 301, -2, 1.25, 5, -2
422 -> 301, -2, 0.75, 2, -1
422 -> 301, -2, 0.75, 5, -2
422 -> 301, -2, 0.75, 3, -2
422 -> 301, -2, 0.75, 4, -2
422 -> 301, -2, 0.75, 3, -1
423 -> 301, -4, 1.25, 5, -1
423 -> 301, -4, 1.25, 4, -1
424 -> 301, -2, 1.25, 3, -2
424 -> 301, -2, 1.25, 2, -2
424 -> 301, -4, 0.75, 2, -1
424 -> 301, -4, 0.75, 1, -1
424 -> 301, -4, 0.25, 3, -2
424 -> 301, -4, 0.25, 2, -2
424 -> 301, -4, 0.25, 1, -2
425 -> 301, -5, 0.75, 4, -2
425 -> 301, -2, 1.25, 1, -1
425 -> 301, -2, 0.75, 5, -1.5
425 -> 301, -4, 0.75, 2, -1.5
425 -> 301, -5, 1.75, 5, -2
426 -> 301, -2, 0.75, 1, -1.5
426 -> 301, -4, 0.25, 5, -0.5
426 -> 301, -2, 0.75, 2, -1.5
426 -> 301, -2, 0.75, 4, -1.5
426 -> 301, -1, 1.75, 2, -0.5
426 -> 301, -2, 0.75, 3, -1.5
426 -> 301, -4, 0.75, 4, -0.5
427 -> 301, -2, 1.75, 1, -1
427 -> 301, -1, 1.25, 1, -1.5
428 -> 301, -4, 1.25, 4, -0.5
428 -> 301, -2, 0.25, 3, -1.5
428 -> 301, -4, 1.25, 5, -0.5
428 -> 301, -3, 1.75, 5, -1
428 -> 301, -2, 0.25, 4, -1.5
429 -> 301, -4, 0.25, 2, -1
429 -> 301, -4, 0.25, 3, -1
430 -> 301, -3, 1.75, 5, -2
430 -> 301, -2, 1.75, 3, -1.5
432 -> 301, -3, 1.75, 2, -1.5
432 -> 301, -4, 1.75, 3, -1
432 -> 301, -4, 1.75, 3, -1.5
432 -> 301, -3, 0.25, 2, -0.5
432 -> 301, -4, 1.75, 4, -1
432 -> 301, -4, 1.75, 4, -1.5
432 -> 301, -3, 0.25, 4, -0.5
432 -> 301, -2, 1.25, 3, -0.5
432 -> 301, -3, 0.25, 5, -0.5
433 -> 301, -5, 1.25, 4, -2
433 -> 301, -5, 1.25, 5, -2
434 -> 301, -1, 0.25, 1, -0.5
434 -> 301, -1, 1.25, 4, -1
435 -> 301, -3, 1.25, 4, -1.5
435 -> 301, -4, 0.75, 1, -1.5
435 -> 301, -1, 0.25, 3, -1
435 -> 301, -4, 1.75, 5, -2
435 -> 301, -3, 1.25, 5, -1.5
436 -> 301, -5, 0.75, 2, -2
436 -> 301, -1, 0.25, 5, -1.5
436 -> 301, -5, 0.75, 1, -2
436 -> 301, -4, 1.25, 4, -1.5
436 -> 301, -1, 0.25, 3, -1.5
436 -> 301, -4, 0.25, 2, -0.5
436 -> 301, -1, 0.25, 4, -1.5
436 -> 301, -5, 0.75, 3, -2
437 -> 301, -1, 0.75, 3, -1
437 -> 301, -2, 1.75, 5, -2
438 -> 301, -1, 1.75, 3, -0.5
438 -> 301, -2, 1.25, 1, -2
439 -> 301, -2, 0.25, 2, -2
439 -> 301, -2, 0.75, 5, -1
439 -> 301, -5, 0.25, 5, -1.5
441 -> 301, -1, 1.75, 1, -1
441 -> 301, -5, 1.75, 1, -1
441 -> 301, -1, 1.25, 5, -1.5
441 -> 301, -1, 1.25, 4, -1.5
441 -> 301, -1, 1.25, 3, -1.5
442 -> 301, -4, 0.25, 4, -1.5
442 -> 301, -3, 1.25, 4, -0.5
442 -> 301, -4, 1.75, 1, -2
443 -> 301, -1, 1.25, 4, -0.5
443 -> 301, -1, 1.25, 5, -0.5
444 -> 301, -5, 0.25, 5, -2
444 -> 301, -1, 1.25, 5, -1
444 -> 301, -1, 1.25, 2, -1.5
445 -> 301, -3, 0.75, 3, -1
445 -> 301, -2, 1.25, 4, -2
445 -> 301, -3, 0.75, 2, -1
446 -> 301, -1, 0.75, 2, -2
446 -> 301, -2, 1.75, 5, -1.5
446 -> 301, -5, 1.25, 1, -0.5
446 -> 301, -5, 1.25, 2, -0.5
446 -> 301, -5, 1.25, 5, -1.5
446 -> 301, -5, 1.25, 1, -1.5
446 -> 301, -5, 1.25, 4, -1.5
447 -> 301, -1, 1.75, 5, -2
447 -> 301, -1, 1.75, 4, -2
447 -> 301, -1, 1.25, 5, -2
447 -> 301, -2, 1.25, 2, -0.5
447 -> 301, -2, 1.75, 2, -1.5
447 -> 301, -2, 0.75, 1, -1
449 -> 301, -1, 1.25, 3, -1
449 -> 301, -3, 1.25, 3, -0.5
449 -> 301, -5, 0.25, 3, -2
449 -> 301, -1, 1.25, 2, -1
449 -> 301, -4, 0.75, 3, -0.5
449 -> 301, -5, 1.75, 3, -2
449 -> 301, -5, 0.25, 4, -2
449 -> 301, -3, 1.75, 1, -1.5
449 -> 301, -1, 0.25, 2, -1
449 -> 301, -5, 1.75, 2, -2
449 -> 301, -5, 1.75, 4, -2
449 -> 301, -1, 0.25, 1, -1
449 -> 301, -5, 0.25, 2, -2
449 -> 301, -2, 0.75, 4, -1
450 -> 301, -1, 0.75, 4, -1
450 -> 301, -4, 1.75, 5, -1
450 -> 301, -4, 1.75, 3, -0.5
450 -> 301, -1, 0.75, 5, -1
451 -> 301, -3, 1.75, 3, -1
451 -> 301, -4, 1.25, 2, -1
451 -> 301, -5, 0.75, 5, -1
451 -> 301, -5, 1.75, 3, -1.5
451 -> 301, -5, 1.75, 5, -1.5
451 -> 301, -3, 1.75, 4, -1
451 -> 301, -5, 1.75, 4, -1.5
453 -> 301, -2, 0.25, 5, -1.5
453 -> 301, -2, 0.25, 5, -0.5
453 -> 301, -4, 1.25, 1, -1
453 -> 301, -3, 0.25, 3, -0.5
454 -> 301, -2, 1.75, 4, -1.5
454 -> 301, -3, 1.25, 5, -0.5
455 -> 301, -5, 0.75, 5, -1.5
455 -> 301, -5, 0.25, 1, -2
455 -> 301, -1, 0.25, 1, -2
455 -> 301, -5, 0.75, 4, -1.5
455 -> 301, -1, 0.25, 2, -2
455 -> 301, -4, 0.75, 3, -1.5
456 -> 301, -2, 0.25, 2, -1
456 -> 301, -2, 0.25, 3, -1
456 -> 301, -2, 0.25, 4, -1
456 -> 301, -2, 0.25, 5, -1
458 -> 301, -5, 0.75, 5, -2
458 -> 301, -3, 0.25, 5, -2
458 -> 301, -2, 1.25, 1, -0.5
458 -> 301, -3, 0.25, 3, -2
458 -> 301, -4, 0.25, 5, -2
458 -> 301, -4, 0.25, 4, -2
458 -> 301, -3, 1.25, 1, -1
458 -> 301, -3, 0.25, 4, -2
460 -> 301, -3, 0.25, 5, -1.5
460 -> 301, -3, 0.25, 4, -1.5
461 -> 301, -5, 1.75, 2, -0.5
461 -> 301, -5, 1.75, 3, -0.5
461 -> 301, -1, 0.25, 4, -1
461 -> 301, -1, 0.25, 5, -1
462 -> 301, -1, 0.75, 2, -1
462 -> 301, -1, 0.25, 4, -2
462 -> 301, -1, 0.25, 5, -2
462 -> 301, -3, 0.75, 5, -2
462 -> 301, -3, 0.75, 4, -2
463 -> 301, -2, 1.25, 5, -1
463 -> 301, -5, 0.75, 5, -0.5
463 -> 301, -4, 0.75, 2, -2
464 -> 301, -4, 0.75, 4, -2
464 -> 301, -4, 0.75, 3, -2
464 -> 301, -4, 1.75, 1, -1
465 -> 301, -2, 0.25, 1, -1
466 -> 301, -1, 1.75, 3, -1
466 -> 301, -5, 0.25, 4, -1
466 -> 301, -1, 1.75, 4, -1
467 -> 301, -1, 1.25, 2, -0.5
467 -> 301, -5, 1.25, 2, -1.5
467 -> 301, -4, 1.75, 5, -1.5
467 -> 301, -4, 0.25, 4, -0.5
469 -> 301, -2, 1.75, 1, -1.5
470 -> 301, -1, 1.25, 1, -1
470 -> 301, -1, 1.25, 1, -0.5
470 -> 301, -3, 1.25, 1, -1.5
471 -> 301, -3, 0.25, 2, -1.5
471 -> 301, -4, 1.75, 4, -0.5
471 -> 301, -1, 1.25, 1, -2
471 -> 301, -3, 1.25, 2, -1.5
471 -> 301, -4, 1.75, 5, -0.5
471 -> 301, -3, 0.25, 1, -0.5
472 -> 301, -3, 1.75, 1, -2
473 -> 301, -3, 0.75, 3, -1.5
473 -> 301, -3, 0.75, 5, -1.5
473 -> 301, -3, 0.75, 4, -1.5
473 -> 301, -3, 0.75, 2, -1.5
473 -> 301, -2, 0.25, 2, -0.5
474 -> 301, -3, 0.25, 1, -1
474 -> 301, -3, 0.25, 2, -1
475 -> 301, -4, 0.75, 1, -2
475 -> 301, -5, 0.75, 2, -0.5
475 -> 301, -2, 0.75, 1, -0.5
476 -> 301, -4, 0.25, 5, -1.5
476 -> 301, -1, 1.75, 3, -2
476 -> 301, -1, 1.75, 2, -2
478 -> 301, -3, 0.75, 1, -1
479 -> 301, -3, 0.25, 1, -1.5
479 -> 301, -5, 1.75, 3, -1
479 -> 301, -2, 0.75, 1, -2
479 -> 301, -2, 0.75, 2, -2
481 -> 301, -5, 0.25, 2, -1
481 -> 301, -5, 0.25, 1, -1
481 -> 301, -5, 0.25, 3, -1
483 -> 301, -5, 1.75, 4, -1
483 -> 301, -5, 1.75, 5, -1
484 -> 301, -2, 0.25, 1, -2
485 -> 301, -5, 0.25, 5, -0.5
485 -> 301, -1, 0.25, 3, -2
486 -> 301, -4, 1.25, 5, -2
486 -> 301, -4, 1.25, 4, -2
488 -> 301, -5, 1.25, 3, -1.5
488 -> 301, -4, 0.25, 1, -0.5
489 -> 301, -4, 1.25, 5, -1.5
489 -> 301, -1, 1.75, 1, -0.5
490 -> 301, -1, 0.75, 1, -2
490 -> 301, -3, 0.75, 4, -0.5
490 -> 301, -4, 1.25, 2, -2
491 -> 301, -1, 0.75, 5, -1.5
491 -> 301, -1, 0.75, 2, -1.5
491 -> 301, -1, 0.75, 4, -1.5
491 -> 301, -2, 1.25, 1, -1.5
491 -> 301, -1, 0.75, 3, -1.5
492 -> 301, -2, 0.25, 4, -0.5
492 -> 301, -2, 0.25, 3, -0.5
493 -> 301, -5, 1.75, 2, -1.5
493 -> 301, -5, 1.75, 1, -1.5
495 -> 301, -3, 1.75, 5, -0.5
495 -> 301, -1, 0.75, 1, -1
495 -> 301, -3, 1.75, 4, -0.5
496 -> 301, -5, 1.75, 5, -0.5
496 -> 301, -5, 1.75, 4, -0.5
498 -> 301, -4, 1.75, 2, -0.5
498 -> 301, -4, 1.75, 1, -0.5
498 -> 301, -3, 1.25, 1, -2
498 -> 301, -3, 1.25, 2, -2
498 -> 301, -3, 1.25, 3, -2
498 -> 301, -3, 1.25, 4, -2
500 -> 301, -1, 1.75, 5, -1.5
500 -> 301, -4, 0.75, 1, -0.5
500 -> 301, -1, 1.75, 4, -1.5
500 -> 301, -1, 0.25, 2, -1.5
500 -> 301, -1, 1.75, 3, -1.5
500 -> 301, -1, 0.25, 1, -1.5
502 -> 301, -4, 0.75, 2, -0.5
503 -> 301, -5, 0.25, 3, -0.5
503 -> 301, -5, 0.25, 4, -0.5
503 -> 301, -5, 0.25, 2, -0.5
503 -> 301, -4, 0.75, 4, -1.5
503 -> 301, -4, 0.75, 5, -1.5
504 -> 301, -3, 0.25, 3, -1.5
505 -> 301, -2, 1.75, 5, -1
506 -> 301, -2, 1.75, 3, -1
506 -> 301, -2, 1.75, 4, -1
506 -> 301, -4, 1.25, 1, -2
507 -> 301, -4, 0.25, 3, -1.5
508 -> 301, -4, 0.25, 1, -1.5
508 -> 301, -4, 0.25, 2, -1.5
510 -> 301, -3, 1.75, 4, -1.5
510 -> 301, -3, 1.75, 3, -1.5
511 -> 301, -2, 1.25, 2, -1
511 -> 301, -2, 1.25, 3, -1
512 -> 301, -2, 0.25, 5, -2
512 -> 301, -2, 0.25, 4, -2
512 -> 301, -2, 0.25, 3, -2
513 -> 301, -1, 1.25, 3, -0.5
513 -> 301, -2, 0.75, 5, -0.5
513 -> 301, -2, 0.75, 4, -0.5
513 -> 301, -2, 0.75, 3, -0.5
514 -> 301, -2, 0.75, 2, -0.5
516 -> 301, -5, 1.25, 3, -0.5
516 -> 301, -3, 0.75, 1, -1.5
517 -> 301, -5, 1.25, 3, -2
518 -> 301, -3, 0.25, 1, -2
518 -> 301, -3, 0.25, 2, -2
518 -> 301, -5, 0.75, 4, -1
521 -> 301, -1, 1.75, 1, -1.5
521 -> 301, -1, 1.75, 2, -1.5
523 -> 301, -3, 1.25, 5, -2
529 -> 301, -5, 1.75, 1, -0.5
534 -> 301, -1, 0.75, 4, -0.5
534 -> 301, -1, 0.75, 5, -0.5
534 -> 301, -1, 0.75, 3, -0.5
535 -> 301, -3, 0.75, 2, -0.5
536 -> 301, -5, 0.25, 3, -1.5
536 -> 301, -5, 0.25, 1, -1.5
536 -> 301, -5, 0.25, 2, -1.5
536 -> 301, -5, 0.25, 4, -1.5
537 -> 301, -5, 0.75, 2, -1.5
537 -> 301, -5, 0.75, 3, -1.5
537 -> 301, -5, 0.75, 1, -1.5
540 -> 301, -4, 0.25, 5, -1
540 -> 301, -4, 0.25, 4, -1
540 -> 301, -2, 0.25, 2, -1.5
541 -> 301, -5, 1.75, 1, -2
543 -> 301, -5, 0.75, 4, -0.5
543 -> 301, -3, 0.25, 5, -1
543 -> 301, -3, 0.25, 4, -1
543 -> 301, -3, 0.25, 3, -1
547 -> 301, -3, 1.25, 5, -1
548 -> 301, -3, 1.25, 3, -1
548 -> 301, -3, 1.25, 4, -1
548 -> 301, -3, 1.25, 2, -1
550 -> 301, -5, 1.25, 3, -1
550 -> 301, -5, 1.25, 4, -1
550 -> 301, -4, 0.25, 1, -1
550 -> 301, -5, 1.25, 5, -1
550 -> 301, -1, 0.75, 2, -0.5
559 -> 301, -5, 1.25, 2, -1
559 -> 301, -5, 1.25, 1, -1
579 -> 301, -5, 0.75, 2, -1
579 -> 301, -5, 0.75, 1, -1
584 -> 301, -5, 0.75, 3, -0.5
627 -> 301, -5, 0.25, 5, -1
640 -> 301, -5, 0.75, 3, -1
664 -> 301, -5, 0.25, 1, -0.5
688 -> 301, -4, 1.25, 3, -0.5
738 -> 301, -4, 1.25, 2, -0.5
738 -> 301, -4, 1.25, 1, -0.5
