360 -> 406, -3, 1.75, 3, -0.5
369 -> 406, -3, 1.25, 3, -0.5
371 -> 406, -3, 1.25, 2, -0.5
372 -> 406, -4, 1.25, 1, -0.5
376 -> 406, -5, 1.25, 5, -1.5
382 -> 406, -4, 0.75, 3, -0.5
388 -> 406, -2, 1.75, 3, -0.5
388 -> 406, -1, 1.75, 1, -1
393 -> 406, -3, 1.25, 5, -0.5
393 -> 406, -4, 0.25, 1, -0.5
394 -> 406, -1, 1.25, 2, -2
395 -> 406, -1, 0.75, 3, -0.5
395 -> 406, -3, 1.75, 1, -0.5
395 -> 406, -1, 0.75, 2, -0.5
397 -> 406, -3, 1.25, 4, -0.5
398 -> 406, -4, 0.75, 5, -1
399 -> 406, -5, 1.25, 2, -1
399 -> 406, -5, 0.75, 1, -0.5
403 -> 406, -4, 0.75, 2, -0.5
404 -> 406, -4, 0.25, 3, -0.5
404 -> 406, -3, 1.25, 2, -1
405 -> 406, -2, 1.75, 3, -2
405 -> 406, -2, 1.75, 4, -2
405 -> 406, -4, 1.75, 2, -2
405 -> 406, -4, 1.75, 2, -0.5
406 -> 406, -3, 1.25, 4, -1
406 -> 406, -3, 1.25, 3, -1
406 -> 406, -3, 1.25, 5, -1
407 -> 406, -3, 1.25, 1, -2
407 -> 406, -3, 1.25, 3, -2
407 -> 406, -3, 1.75, 2, -0.5
407 -> 406, -4, 1.75, 2, -1
407 -> 406, -3, 1.25, 2, -2
407 -> 406, -3, 1.25, 4, -2
408 -> 406, -1, 1.25, 5, -2
408 -> 406, -1, 1.25, 4, -2
408 -> 406, -1, 1.25, 3, -2
408 -> 406, -2, 1.25, 4, -1.5
408 -> 406, -5, 1.25, 5, -1
408 -> 406, -2, 1.25, 3, -1.5
409 -> 406, -5, 1.25, 4, -1
409 -> 406, -5, 1.25, 3, -1
411 -> 406, -2, 1.25, 5, -1.5
412 -> 406, -3, 1.75, 5, -1
413 -> 406, -5, 1.25, 3, -1.5
413 -> 406, -2, 1.25, 2, -0.5
413 -> 406, -5, 1.25, 2, -1.5
413 -> 406, -5, 1.25, 4, -1.5
413 -> 406, -2, 1.75, 5, -0.5
414 -> 406, -1, 1.75, 3, -1
415 -> 406, -5, 0.75, 3, -0.5
415 -> 406, -5, 0.75, 5, -0.5
415 -> 406, -5, 0.75, 4, -0.5
416 -> 406, -4, 0.75, 5, -0.5
416 -> 406, -4, 1.25, 4, -1
417 -> 406, -1, 1.25, 1, -2
417 -> 406, -4, 0.75, 1, -0.5
418 -> 406, -4, 0.75, 4, -1
418 -> 406, -3, 0.75, 5, -1
418 -> 406, -5, 0.25, 2, -1.5
418 -> 406, -3, 0.75, 4, -1
418 -> 406, -2, 1.75, 4, -0.5
418 -> 406, -4, 0.75, 3, -1
419 -> 406, -4, 1.25, 1, -1
419 -> 406, -4, 0.25, 1, -1
419 -> 406, -3, 1.25, 1, -1
419 -> 406, -5, 1.25, 1, -1
420 -> 406, -5, 0.75, 1, -1
420 -> 406, -3, 1.75, 5, -0.5
420 -> 406, -3, 1.75, 4, -0.5
420 -> 406, -2, 1.75, 5, -1
421 -> 406, -2, 1.75, 5, -2
421 -> 406, -3, 1.75, 2, -1.5
421 -> 406, -3, 1.75, 1, -1.5
421 -> 406, -2, 1.75, 1, -1
421 -> 406, -3, 1.75, 3, -1.5
422 -> 406, -1, 1.75, 5, -2
422 -> 406, -4, 0.75, 1, -1
422 -> 406, -4, 1.75, 1, -2
422 -> 406, -1, 1.75, 4, -2
422 -> 406, -1, 1.75, 3, -2
423 -> 406, -4, 1.25, 2, -0.5
423 -> 406, -4, 0.75, 2, -1
423 -> 406, -1, 0.75, 3, -1
424 -> 406, -5, 1.75, 2, -1.5
424 -> 406, -5, 1.75, 5, -1.5
424 -> 406, -5, 1.75, 3, -1.5
424 -> 406, -5, 1.75, 4, -1.5
425 -> 406, -4, 1.25, 4, -0.5
427 -> 406, -3, 0.75, 1, -0.5
427 -> 406, -2, 1.75, 1, -2
427 -> 406, -3, 0.75, 3, -0.5
427 -> 406, -3, 0.75, 2, -0.5
427 -> 406, -5, 1.75, 1, -1.5
429 -> 406, -5, 1.75, 5, -0.5
429 -> 406, -4, 1.75, 1, -0.5
429 -> 406, -1, 1.75, 4, -1.5
429 -> 406, -5, 1.75, 4, -0.5
429 -> 406, -1, 1.75, 5, -1.5
429 -> 406, -5, 0.25, 5, -0.5
429 -> 406, -2, 1.75, 1, -0.5
429 -> 406, -1, 1.75, 3, -1.5
429 -> 406, -5, 0.25, 4, -0.5
430 -> 406, -2, 0.75, 2, -0.5
430 -> 406, -2, 0.75, 1, -0.5
431 -> 406, -1, 1.25, 2, -1.5
431 -> 406, -2, 0.75, 4, -0.5
431 -> 406, -3, 0.25, 3, -1
431 -> 406, -1, 1.25, 3, -1.5
431 -> 406, -2, 1.75, 2, -2
431 -> 406, -3, 0.25, 2, -1
431 -> 406, -3, 0.25, 5, -1
431 -> 406, -1, 1.25, 4, -1.5
431 -> 406, -3, 0.25, 4, -1
431 -> 406, -2, 0.75, 5, -0.5
432 -> 406, -4, 1.75, 3, -1
432 -> 406, -5, 0.75, 3, -1
432 -> 406, -1, 0.75, 1, -1
432 -> 406, -4, 1.75, 4, -1
432 -> 406, -5, 0.75, 2, -1
432 -> 406, -5, 0.75, 4, -1
433 -> 406, -4, 0.25, 2, -0.5
433 -> 406, -4, 1.25, 5, -0.5
434 -> 406, -2, 0.75, 1, -2
434 -> 406, -2, 0.75, 3, -2
434 -> 406, -4, 1.25, 2, -1
434 -> 406, -2, 0.75, 2, -2
434 -> 406, -3, 1.75, 4, -1
434 -> 406, -2, 1.75, 3, -1.5
435 -> 406, -4, 0.75, 4, -1.5
435 -> 406, -4, 0.75, 2, -1.5
435 -> 406, -4, 0.75, 3, -1.5
436 -> 406, -4, 0.25, 3, -1.5
436 -> 406, -4, 0.25, 4, -1.5
436 -> 406, -4, 0.25, 4, -1
436 -> 406, -4, 0.25, 5, -1
436 -> 406, -2, 0.75, 4, -1.5
437 -> 406, -1, 1.75, 5, -0.5
438 -> 406, -4, 1.25, 3, -1
438 -> 406, -4, 1.25, 4, -2
438 -> 406, -4, 1.75, 4, -0.5
438 -> 406, -4, 1.25, 5, -2
439 -> 406, -1, 1.25, 5, -1.5
439 -> 406, -4, 0.75, 4, -0.5
439 -> 406, -1, 0.75, 4, -1
439 -> 406, -5, 0.75, 2, -0.5
440 -> 406, -1, 0.75, 3, -2
440 -> 406, -1, 0.75, 4, -2
440 -> 406, -1, 0.75, 1, -2
440 -> 406, -3, 1.75, 4, -1.5
440 -> 406, -3, 1.75, 5, -1.5
441 -> 406, -3, 0.75, 1, -1
441 -> 406, -2, 0.75, 2, -1
441 -> 406, -4, 1.25, 3, -0.5
442 -> 406, -1, 1.75, 5, -1
442 -> 406, -1, 1.75, 4, -1
443 -> 406, -2, 1.25, 4, -2
443 -> 406, -2, 1.25, 3, -2
443 -> 406, -2, 1.25, 1, -2
443 -> 406, -2, 1.25, 5, -2
443 -> 406, -2, 1.25, 2, -2
444 -> 406, -3, 1.75, 3, -1
444 -> 406, -1, 1.75, 1, -0.5
445 -> 406, -2, 1.75, 2, -0.5
445 -> 406, -1, 1.75, 2, -1
446 -> 406, -5, 0.25, 5, -1
446 -> 406, -2, 1.25, 3, -0.5
446 -> 406, -1, 1.25, 2, -1
446 -> 406, -1, 0.75, 4, -0.5
447 -> 406, -1, 0.75, 1, -0.5
447 -> 406, -5, 0.25, 1, -0.5
448 -> 406, -4, 0.25, 5, -1.5
448 -> 406, -1, 1.75, 2, -2
448 -> 406, -4, 0.25, 3, -1
448 -> 406, -4, 0.25, 2, -1
450 -> 406, -2, 0.75, 5, -1.5
450 -> 406, -2, 0.75, 3, -0.5
450 -> 406, -3, 0.75, 4, -0.5
450 -> 406, -1, 1.25, 5, -0.5
450 -> 406, -3, 0.75, 5, -0.5
451 -> 406, -2, 1.25, 2, -1
451 -> 406, -2, 1.25, 1, -1
451 -> 406, -2, 0.25, 3, -1.5
452 -> 406, -3, 0.25, 2, -0.5
452 -> 406, -4, 0.25, 4, -0.5
453 -> 406, -2, 0.25, 5, -1
453 -> 406, -1, 1.75, 2, -1.5
453 -> 406, -1, 1.25, 3, -0.5
453 -> 406, -1, 0.25, 4, -1.5
453 -> 406, -1, 0.25, 3, -1.5
453 -> 406, -1, 1.25, 1, -1.5
453 -> 406, -2, 0.75, 3, -1
453 -> 406, -1, 1.25, 4, -0.5
454 -> 406, -2, 1.25, 1, -0.5
454 -> 406, -1, 1.75, 1, -2
454 -> 406, -1, 1.75, 1, -1.5
454 -> 406, -4, 0.25, 5, -0.5
455 -> 406, -2, 0.25, 1, -0.5
455 -> 406, -1, 0.75, 5, -1
455 -> 406, -4, 1.25, 5, -1
456 -> 406, -3, 0.25, 3, -1.5
456 -> 406, -3, 0.25, 5, -1.5
456 -> 406, -3, 0.25, 4, -1.5
456 -> 406, -3, 0.25, 2, -1.5
456 -> 406, -1, 0.75, 2, -1
456 -> 406, -5, 1.75, 2, -2
456 -> 406, -2, 0.75, 2, -1.5
456 -> 406, -2, 0.75, 1, -1.5
456 -> 406, -2, 0.75, 3, -1.5
457 -> 406, -5, 1.75, 2, -1
457 -> 406, -5, 1.75, 1, -1
457 -> 406, -3, 1.75, 3, -2
457 -> 406, -3, 1.75, 2, -2
457 -> 406, -4, 1.75, 1, -1
457 -> 406, -3, 1.75, 5, -2
457 -> 406, -2, 1.25, 5, -1
457 -> 406, -3, 1.75, 4, -2
458 -> 406, -1, 0.75, 2, -2
458 -> 406, -3, 0.25, 1, -1
459 -> 406, -2, 1.25, 3, -1
459 -> 406, -2, 1.25, 1, -1.5
459 -> 406, -2, 1.25, 2, -1.5
459 -> 406, -2, 1.25, 4, -1
459 -> 406, -1, 0.75, 5, -0.5
459 -> 406, -4, 1.75, 5, -1
460 -> 406, -1, 0.75, 5, -2
460 -> 406, -2, 1.75, 1, -1.5
461 -> 406, -4, 1.75, 5, -0.5
461 -> 406, -4, 0.75, 1, -1.5
461 -> 406, -5, 0.75, 1, -2
462 -> 406, -5, 0.25, 1, -2
462 -> 406, -3, 1.25, 3, -1.5
462 -> 406, -5, 1.25, 1, -1.5
462 -> 406, -2, 0.25, 5, -1.5
462 -> 406, -5, 1.75, 1, -2
462 -> 406, -5, 1.75, 3, -2
462 -> 406, -5, 0.25, 2, -2
463 -> 406, -5, 0.25, 3, -2
463 -> 406, -5, 0.25, 4, -2
463 -> 406, -2, 1.25, 4, -0.5
463 -> 406, -4, 0.75, 5, -1.5
463 -> 406, -5, 0.25, 5, -2
463 -> 406, -2, 1.25, 5, -0.5
463 -> 406, -2, 0.75, 5, -2
464 -> 406, -2, 0.25, 2, -0.5
464 -> 406, -1, 0.25, 2, -1
464 -> 406, -1, 0.25, 1, -1
464 -> 406, -3, 0.25, 1, -0.5
466 -> 406, -1, 0.25, 5, -2
466 -> 406, -1, 0.25, 4, -2
466 -> 406, -1, 0.25, 4, -1
466 -> 406, -1, 0.25, 2, -2
466 -> 406, -1, 0.25, 3, -2
466 -> 406, -1, 0.25, 3, -1
467 -> 406, -4, 0.25, 1, -2
467 -> 406, -3, 0.75, 2, -1
468 -> 406, -5, 1.75, 4, -2
468 -> 406, -5, 1.75, 4, -1
468 -> 406, -3, 1.25, 1, -0.5
468 -> 406, -5, 1.75, 3, -1
468 -> 406, -5, 1.75, 5, -2
468 -> 406, -3, 0.75, 3, -1
468 -> 406, -2, 0.75, 4, -2
468 -> 406, -1, 0.25, 5, -0.5
468 -> 406, -5, 1.75, 5, -1
468 -> 406, -1, 0.25, 4, -0.5
469 -> 406, -1, 0.25, 5, -1
470 -> 406, -3, 0.25, 1, -1.5
471 -> 406, -2, 0.75, 4, -1
472 -> 406, -3, 1.25, 5, -2
473 -> 406, -5, 0.75, 5, -1.5
473 -> 406, -1, 1.25, 1, -1
473 -> 406, -4, 1.25, 2, -2
473 -> 406, -4, 1.25, 1, -2
474 -> 406, -4, 1.75, 3, -1.5
474 -> 406, -5, 0.75, 2, -1.5
474 -> 406, -5, 0.75, 1, -1.5
474 -> 406, -1, 1.25, 2, -0.5
474 -> 406, -5, 0.75, 3, -1.5
474 -> 406, -4, 1.75, 1, -1.5
474 -> 406, -4, 1.75, 2, -1.5
474 -> 406, -5, 0.75, 4, -1.5
475 -> 406, -5, 0.25, 5, -1.5
475 -> 406, -5, 0.25, 4, -1.5
475 -> 406, -5, 0.25, 3, -1.5
475 -> 406, -5, 1.75, 3, -0.5
475 -> 406, -1, 0.25, 3, -0.5
476 -> 406, -3, 1.25, 1, -1.5
477 -> 406, -3, 0.25, 4, -0.5
477 -> 406, -3, 0.25, 5, -0.5
477 -> 406, -4, 0.25, 2, -2
477 -> 406, -3, 0.25, 3, -0.5
478 -> 406, -5, 1.25, 2, -2
478 -> 406, -5, 1.25, 3, -2
478 -> 406, -5, 1.25, 4, -2
478 -> 406, -4, 1.75, 4, -1.5
478 -> 406, -4, 1.75, 5, -1.5
479 -> 406, -2, 1.75, 5, -1.5
479 -> 406, -2, 1.75, 4, -1.5
480 -> 406, -2, 0.25, 3, -1
480 -> 406, -2, 0.25, 4, -1
481 -> 406, -1, 0.25, 2, -0.5
481 -> 406, -2, 1.75, 4, -1
481 -> 406, -2, 1.75, 3, -1
481 -> 406, -4, 1.75, 3, -0.5
481 -> 406, -2, 1.75, 2, -1
481 -> 406, -3, 0.75, 5, -1.5
481 -> 406, -5, 1.25, 5, -2
482 -> 406, -2, 0.75, 5, -1
482 -> 406, -3, 0.25, 1, -2
483 -> 406, -4, 1.25, 3, -2
484 -> 406, -3, 1.25, 4, -1.5
484 -> 406, -3, 1.25, 5, -1.5
484 -> 406, -3, 1.75, 1, -1
484 -> 406, -2, 0.25, 2, -1
484 -> 406, -5, 0.75, 4, -2
484 -> 406, -3, 1.75, 2, -1
484 -> 406, -5, 0.75, 5, -2
484 -> 406, -2, 0.25, 1, -1
484 -> 406, -5, 0.25, 2, -0.5
485 -> 406, -1, 1.75, 3, -0.5
485 -> 406, -5, 0.75, 5, -1
485 -> 406, -1, 1.75, 2, -0.5
486 -> 406, -1, 0.25, 1, -1.5
486 -> 406, -1, 0.25, 2, -1.5
486 -> 406, -4, 0.25, 1, -1.5
487 -> 406, -2, 0.25, 4, -1.5
488 -> 406, -5, 0.75, 3, -2
488 -> 406, -5, 0.75, 2, -2
489 -> 406, -1, 1.25, 4, -1
489 -> 406, -1, 1.25, 3, -1
489 -> 406, -1, 1.25, 5, -1
490 -> 406, -3, 1.25, 2, -1.5
491 -> 406, -5, 0.25, 3, -1
491 -> 406, -5, 0.25, 4, -1
491 -> 406, -4, 1.25, 5, -1.5
491 -> 406, -4, 1.25, 4, -1.5
491 -> 406, -2, 1.75, 2, -1.5
492 -> 406, -3, 1.75, 1, -2
492 -> 406, -1, 1.25, 1, -0.5
493 -> 406, -1, 1.75, 4, -0.5
494 -> 406, -1, 0.25, 5, -1.5
495 -> 406, -1, 0.25, 1, -0.5
495 -> 406, -3, 0.75, 3, -1.5
495 -> 406, -5, 0.25, 1, -1
495 -> 406, -3, 0.75, 2, -1.5
495 -> 406, -3, 0.75, 4, -1.5
495 -> 406, -3, 0.75, 1, -1.5
498 -> 406, -5, 1.25, 1, -2
501 -> 406, -4, 1.25, 2, -1.5
501 -> 406, -4, 1.25, 1, -1.5
501 -> 406, -5, 1.75, 2, -0.5
501 -> 406, -4, 0.25, 2, -1.5
503 -> 406, -1, 0.75, 3, -1.5
503 -> 406, -1, 0.75, 2, -1.5
503 -> 406, -1, 0.75, 1, -1.5
503 -> 406, -1, 0.75, 5, -1.5
503 -> 406, -1, 0.75, 4, -1.5
505 -> 406, -2, 0.25, 5, -0.5
505 -> 406, -2, 0.25, 4, -0.5
505 -> 406, -2, 0.25, 3, -0.5
506 -> 406, -4, 1.75, 4, -2
506 -> 406, -4, 1.75, 5, -2
508 -> 406, -4, 1.75, 3, -2
510 -> 406, -4, 0.25, 5, -2
510 -> 406, -4, 0.25, 4, -2
510 -> 406, -4, 0.25, 3, -2
515 -> 406, -5, 0.25, 3, -0.5
521 -> 406, -5, 0.25, 1, -1.5
524 -> 406, -2, 0.25, 1, -1.5
524 -> 406, -2, 0.25, 2, -1.5
525 -> 406, -3, 0.25, 3, -2
525 -> 406, -3, 0.25, 2, -2
526 -> 406, -4, 0.75, 1, -2
526 -> 406, -4, 0.75, 2, -2
526 -> 406, -4, 0.75, 5, -2
526 -> 406, -4, 0.75, 4, -2
526 -> 406, -4, 0.75, 3, -2
528 -> 406, -1, 0.25, 1, -2
535 -> 406, -2, 0.75, 1, -1
545 -> 406, -5, 0.25, 2, -1
552 -> 406, -4, 1.25, 3, -1.5
561 -> 406, -2, 0.25, 5, -2
561 -> 406, -2, 0.25, 1, -2
561 -> 406, -2, 0.25, 4, -2
561 -> 406, -3, 0.25, 4, -2
561 -> 406, -3, 0.25, 5, -2
561 -> 406, -2, 0.25, 3, -2
561 -> 406, -2, 0.25, 2, -2
568 -> 406, -5, 1.75, 1, -0.5
601 -> 406, -3, 0.75, 1, -2
601 -> 406, -3, 0.75, 2, -2
601 -> 406, -3, 0.75, 3, -2
601 -> 406, -3, 0.75, 4, -2
601 -> 406, -3, 0.75, 5, -2
713 -> 406, -5, 1.25, 1, -0.5
751 -> 406, -5, 1.25, 4, -0.5
751 -> 406, -5, 1.25, 3, -0.5
751 -> 406, -5, 1.25, 2, -0.5
751 -> 406, -5, 1.25, 5, -0.5
