322 -> 233, -5, 1.75, 4, -0.5
353 -> 233, -1, 1.75, 1, -1.5
355 -> 233, -1, 0.75, 1, -0.5
356 -> 233, -4, 1.75, 5, -1
357 -> 233, -5, 1.75, 3, -0.5
358 -> 233, -4, 1.75, 2, -1
365 -> 233, -3, 1.75, 4, -1
370 -> 233, -5, 1.75, 4, -2
372 -> 233, -4, 1.25, 5, -2
379 -> 233, -4, 1.75, 1, -0.5
381 -> 233, -3, 1.25, 4, -0.5
381 -> 233, -3, 1.25, 5, -0.5
381 -> 233, -5, 1.25, 1, -1
382 -> 233, -4, 1.25, 4, -2
383 -> 233, -4, 1.25, 1, -2
383 -> 233, -5, 1.75, 5, -2
384 -> 233, -5, 1.75, 3, -1
385 -> 233, -1, 0.75, 2, -0.5
387 -> 233, -3, 1.25, 3, -0.5
387 -> 233, -1, 1.25, 3, -1.5
388 -> 233, -1, 1.25, 1, -0.5
388 -> 233, -1, 1.75, 2, -2
388 -> 233, -4, 1.25, 5, -0.5
389 -> 233, -2, 1.75, 1, -2
390 -> 233, -3, 0.75, 1, -0.5
390 -> 233, -5, 1.25, 2, -0.5
391 -> 233, -4, 1.25, 3, -2
393 -> 233, -3, 1.75, 2, -1
393 -> 233, -5, 0.75, 1, -0.5
393 -> 233, -2, 1.75, 5, -0.5
393 -> 233, -3, 1.75, 3, -1
395 -> 233, -1, 0.75, 5, -1.5
396 -> 233, -1, 0.75, 4, -1.5
396 -> 233, -1, 0.75, 3, -1.5
398 -> 233, -1, 1.25, 2, -0.5
398 -> 233, -4, 1.75, 5, -2
399 -> 233, -2, 1.75, 3, -0.5
399 -> 233, -5, 1.25, 3, -1.5
400 -> 233, -4, 0.75, 2, -1.5
400 -> 233, -1, 1.25, 3, -0.5
401 -> 233, -5, 1.75, 5, -1.5
401 -> 233, -1, 1.75, 3, -1.5
401 -> 233, -1, 1.75, 5, -1.5
401 -> 233, -1, 1.75, 4, -1.5
402 -> 233, -2, 0.75, 2, -0.5
402 -> 233, -1, 0.75, 2, -1.5
403 -> 233, -4, 1.75, 2, -1.5
403 -> 233, -1, 1.75, 2, -1.5
403 -> 233, -1, 1.25, 4, -0.5
404 -> 233, -1, 1.75, 5, -0.5
404 -> 233, -3, 1.25, 4, -1
405 -> 233, -2, 1.25, 1, -1
405 -> 233, -5, 1.75, 1, -2
406 -> 233, -1, 1.25, 4, -2
406 -> 233, -4, 1.75, 1, -1.5
407 -> 233, -3, 1.25, 2, -2
408 -> 233, -4, 1.25, 3, -1
408 -> 233, -2, 1.25, 2, -0.5
410 -> 233, -5, 0.75, 5, -1.5
410 -> 233, -5, 0.75, 4, -1.5
410 -> 233, -1, 1.75, 1, -0.5
410 -> 233, -4, 0.75, 2, -1
411 -> 233, -1, 1.75, 3, -2
412 -> 233, -2, 0.75, 1, -0.5
412 -> 233, -3, 1.75, 5, -1
413 -> 233, -2, 1.75, 5, -1
413 -> 233, -2, 1.75, 3, -1
413 -> 233, -3, 1.75, 2, -1.5
413 -> 233, -2, 1.75, 4, -1
413 -> 233, -3, 1.25, 5, -2
413 -> 233, -4, 1.25, 4, -0.5
416 -> 233, -2, 1.75, 5, -2
416 -> 233, -2, 1.25, 1, -0.5
416 -> 233, -3, 1.25, 3, -2
416 -> 233, -3, 1.25, 4, -2
417 -> 233, -1, 1.75, 1, -1
417 -> 233, -3, 0.25, 4, -1
417 -> 233, -3, 0.25, 3, -1
418 -> 233, -2, 1.25, 3, -0.5
418 -> 233, -1, 0.75, 1, -1.5
420 -> 233, -5, 1.75, 1, -1
420 -> 233, -5, 1.75, 2, -1
421 -> 233, -2, 0.75, 3, -0.5
421 -> 233, -2, 0.75, 4, -0.5
421 -> 233, -5, 1.25, 5, -1.5
421 -> 233, -5, 0.75, 5, -2
421 -> 233, -5, 0.75, 4, -2
421 -> 233, -3, 1.25, 2, -1
421 -> 233, -5, 0.75, 3, -2
421 -> 233, -5, 0.75, 2, -2
422 -> 233, -5, 0.75, 1, -1
422 -> 233, -2, 0.75, 5, -0.5
423 -> 233, -4, 1.25, 4, -1.5
423 -> 233, -4, 1.25, 2, -1.5
423 -> 233, -4, 1.25, 3, -1.5
423 -> 233, -4, 1.25, 5, -1.5
423 -> 233, -3, 0.75, 4, -1.5
423 -> 233, -3, 0.75, 3, -1.5
423 -> 233, -3, 0.75, 2, -1.5
423 -> 233, -2, 1.75, 4, -0.5
423 -> 233, -4, 1.25, 1, -1.5
423 -> 233, -3, 1.75, 1, -1
424 -> 233, -4, 0.75, 1, -2
424 -> 233, -4, 1.75, 5, -1.5
424 -> 233, -1, 1.25, 3, -1
424 -> 233, -1, 1.25, 4, -1
424 -> 233, -1, 0.75, 3, -0.5
424 -> 233, -4, 1.25, 1, -1
424 -> 233, -4, 1.25, 2, -1
425 -> 233, -4, 1.75, 1, -2
425 -> 233, -2, 0.25, 2, -0.5
426 -> 233, -2, 1.75, 2, -1.5
426 -> 233, -2, 1.75, 1, -1.5
426 -> 233, -2, 1.75, 1, -1
427 -> 233, -4, 1.75, 3, -2
427 -> 233, -3, 0.75, 5, -1.5
427 -> 233, -4, 1.75, 2, -2
429 -> 233, -2, 1.25, 5, -0.5
429 -> 233, -2, 1.75, 3, -2
429 -> 233, -5, 1.75, 2, -2
429 -> 233, -2, 1.75, 4, -2
430 -> 233, -4, 0.75, 1, -1.5
431 -> 233, -1, 0.75, 5, -0.5
431 -> 233, -3, 0.75, 2, -2
431 -> 233, -5, 1.75, 3, -2
431 -> 233, -5, 1.25, 4, -1.5
431 -> 233, -3, 0.75, 1, -2
431 -> 233, -4, 0.25, 4, -1
431 -> 233, -1, 1.25, 5, -2
431 -> 233, -4, 1.75, 4, -2
431 -> 233, -1, 1.25, 2, -1
431 -> 233, -1, 0.75, 4, -0.5
431 -> 233, -1, 1.75, 4, -0.5
432 -> 233, -4, 1.75, 1, -1
433 -> 233, -3, 1.75, 1, -0.5
433 -> 233, -5, 0.75, 2, -0.5
433 -> 233, -3, 1.75, 2, -2
434 -> 233, -5, 0.75, 3, -1
435 -> 233, -4, 0.75, 3, -1
436 -> 233, -3, 0.25, 3, -2
436 -> 233, -1, 1.25, 1, -1
436 -> 233, -1, 1.75, 5, -1
436 -> 233, -3, 0.25, 2, -2
437 -> 233, -3, 0.25, 5, -1
437 -> 233, -5, 0.75, 2, -1
437 -> 233, -4, 0.75, 4, -1.5
437 -> 233, -2, 0.25, 3, -0.5
438 -> 233, -4, 1.75, 2, -0.5
438 -> 233, -1, 0.25, 1, -0.5
439 -> 233, -5, 0.25, 3, -0.5
439 -> 233, -2, 1.75, 2, -0.5
439 -> 233, -5, 1.25, 2, -1.5
439 -> 233, -1, 1.25, 1, -2
440 -> 233, -4, 1.25, 3, -0.5
440 -> 233, -3, 1.25, 1, -2
440 -> 233, -2, 0.25, 4, -2
440 -> 233, -4, 0.25, 5, -1
440 -> 233, -2, 0.25, 3, -2
441 -> 233, -1, 1.75, 1, -2
441 -> 233, -1, 1.25, 4, -1.5
441 -> 233, -2, 1.25, 2, -2
441 -> 233, -2, 1.25, 3, -2
441 -> 233, -1, 0.25, 2, -0.5
441 -> 233, -2, 1.25, 1, -2
443 -> 233, -4, 0.75, 2, -2
443 -> 233, -4, 0.75, 3, -2
443 -> 233, -4, 0.75, 5, -2
443 -> 233, -4, 0.75, 5, -1.5
443 -> 233, -2, 0.25, 1, -0.5
443 -> 233, -4, 1.75, 3, -1.5
443 -> 233, -2, 1.25, 5, -1
443 -> 233, -1, 0.25, 3, -0.5
443 -> 233, -4, 0.75, 4, -2
444 -> 233, -2, 1.25, 4, -0.5
445 -> 233, -5, 0.75, 5, -0.5
445 -> 233, -5, 1.25, 1, -1.5
445 -> 233, -2, 0.25, 5, -2
445 -> 233, -3, 1.75, 2, -0.5
445 -> 233, -3, 1.75, 1, -2
445 -> 233, -2, 1.75, 2, -1
445 -> 233, -2, 0.25, 2, -2
445 -> 233, -3, 0.25, 4, -2
446 -> 233, -1, 0.25, 1, -2
446 -> 233, -1, 1.75, 4, -1
446 -> 233, -3, 0.25, 2, -1
447 -> 233, -4, 0.75, 1, -1
447 -> 233, -5, 1.75, 4, -1
447 -> 233, -4, 1.25, 2, -2
448 -> 233, -3, 0.75, 4, -2
448 -> 233, -3, 1.75, 3, -1.5
448 -> 233, -3, 1.75, 4, -1.5
448 -> 233, -3, 1.75, 5, -1.5
448 -> 233, -3, 0.75, 5, -2
448 -> 233, -3, 1.75, 5, -2
448 -> 233, -5, 0.25, 1, -0.5
448 -> 233, -5, 0.25, 2, -0.5
448 -> 233, -3, 0.75, 3, -2
448 -> 233, -3, 1.25, 3, -1
449 -> 233, -1, 1.75, 5, -2
451 -> 233, -1, 0.75, 3, -1
451 -> 233, -5, 0.75, 4, -1
451 -> 233, -1, 0.75, 2, -1
451 -> 233, -1, 0.75, 5, -1
451 -> 233, -1, 1.75, 4, -2
451 -> 233, -5, 1.75, 1, -1.5
451 -> 233, -5, 1.75, 2, -1.5
451 -> 233, -1, 0.75, 4, -1
451 -> 233, -1, 1.75, 3, -1
452 -> 233, -3, 1.25, 1, -1
453 -> 233, -1, 1.25, 2, -2
453 -> 233, -1, 1.25, 3, -2
453 -> 233, -3, 0.25, 1, -2
454 -> 233, -1, 1.25, 5, -0.5
454 -> 233, -1, 0.25, 3, -1.5
454 -> 233, -1, 0.25, 4, -1.5
454 -> 233, -3, 0.25, 2, -0.5
454 -> 233, -1, 0.25, 5, -1.5
454 -> 233, -1, 0.25, 2, -1.5
455 -> 233, -4, 0.25, 4, -2
455 -> 233, -4, 0.25, 5, -2
455 -> 233, -5, 0.25, 5, -1.5
455 -> 233, -3, 0.25, 1, -1
455 -> 233, -5, 0.25, 3, -1.5
455 -> 233, -5, 0.25, 2, -1.5
455 -> 233, -5, 1.75, 4, -1.5
455 -> 233, -5, 0.25, 4, -1.5
455 -> 233, -5, 1.75, 3, -1.5
455 -> 233, -5, 0.25, 1, -1.5
456 -> 233, -1, 1.75, 3, -0.5
456 -> 233, -5, 1.75, 5, -1
456 -> 233, -5, 0.75, 5, -1
456 -> 233, -1, 1.25, 2, -1.5
456 -> 233, -2, 0.25, 2, -1
456 -> 233, -1, 1.75, 2, -1
456 -> 233, -4, 0.25, 1, -1.5
457 -> 233, -2, 1.25, 4, -1
457 -> 233, -4, 1.75, 5, -0.5
457 -> 233, -3, 0.25, 1, -1.5
458 -> 233, -3, 1.75, 1, -1.5
458 -> 233, -3, 0.75, 5, -0.5
458 -> 233, -3, 0.75, 4, -0.5
459 -> 233, -3, 1.75, 3, -2
459 -> 233, -1, 0.75, 5, -2
459 -> 233, -3, 1.75, 4, -2
459 -> 233, -1, 0.75, 4, -2
459 -> 233, -4, 0.75, 3, -1.5
460 -> 233, -2, 1.75, 1, -0.5
461 -> 233, -1, 0.25, 2, -2
461 -> 233, -1, 0.25, 3, -2
461 -> 233, -1, 0.25, 5, -2
461 -> 233, -1, 0.25, 4, -2
461 -> 233, -3, 1.75, 4, -0.5
462 -> 233, -5, 1.75, 5, -0.5
462 -> 233, -2, 1.25, 1, -1.5
462 -> 233, -3, 1.25, 5, -1
463 -> 233, -2, 1.25, 3, -1
463 -> 233, -2, 1.25, 2, -1
463 -> 233, -3, 0.25, 3, -0.5
464 -> 233, -4, 1.75, 3, -0.5
464 -> 233, -2, 0.75, 1, -1.5
464 -> 233, -2, 0.75, 2, -1.5
464 -> 233, -4, 1.25, 5, -1
464 -> 233, -1, 0.75, 3, -2
465 -> 233, -1, 1.25, 5, -1.5
465 -> 233, -4, 1.75, 4, -1
465 -> 233, -4, 1.75, 3, -1
466 -> 233, -4, 1.25, 2, -0.5
467 -> 233, -2, 0.25, 1, -1.5
468 -> 233, -3, 0.25, 2, -1.5
468 -> 233, -2, 1.75, 2, -2
468 -> 233, -3, 0.25, 3, -1.5
468 -> 233, -4, 0.25, 1, -2
468 -> 233, -3, 0.25, 4, -1.5
468 -> 233, -4, 0.25, 2, -2
469 -> 233, -2, 1.75, 5, -1.5
470 -> 233, -2, 0.75, 3, -1.5
471 -> 233, -4, 0.75, 4, -1
471 -> 233, -2, 1.75, 4, -1.5
471 -> 233, -2, 1.75, 3, -1.5
471 -> 233, -4, 0.75, 5, -1
472 -> 233, -5, 0.25, 4, -1
473 -> 233, -2, 0.25, 1, -1
473 -> 233, -3, 0.25, 1, -0.5
473 -> 233, -4, 0.25, 3, -0.5
473 -> 233, -5, 0.25, 3, -1
474 -> 233, -5, 0.25, 1, -2
474 -> 233, -5, 1.25, 5, -1
474 -> 233, -5, 0.25, 2, -2
474 -> 233, -5, 1.25, 4, -2
474 -> 233, -5, 1.25, 3, -2
474 -> 233, -5, 1.25, 2, -2
474 -> 233, -2, 0.25, 5, -0.5
474 -> 233, -5, 1.25, 5, -2
474 -> 233, -5, 0.25, 3, -2
474 -> 233, -2, 0.25, 4, -0.5
474 -> 233, -5, 1.25, 1, -2
475 -> 233, -2, 0.25, 1, -2
475 -> 233, -2, 0.75, 5, -1.5
475 -> 233, -2, 0.75, 4, -1.5
475 -> 233, -5, 0.25, 2, -1
476 -> 233, -5, 0.25, 1, -1
476 -> 233, -1, 0.75, 1, -2
476 -> 233, -1, 0.75, 2, -2
478 -> 233, -2, 1.25, 5, -2
478 -> 233, -2, 1.25, 4, -2
479 -> 233, -3, 0.25, 4, -0.5
479 -> 233, -1, 1.25, 1, -1.5
479 -> 233, -3, 0.25, 5, -0.5
480 -> 233, -2, 0.25, 3, -1
480 -> 233, -2, 0.25, 4, -1
480 -> 233, -2, 0.25, 5, -1
480 -> 233, -5, 0.25, 4, -2
480 -> 233, -5, 0.25, 5, -2
481 -> 233, -3, 0.25, 5, -2
482 -> 233, -2, 0.75, 1, -1
483 -> 233, -2, 0.75, 1, -2
483 -> 233, -3, 1.25, 2, -0.5
483 -> 233, -3, 1.75, 3, -0.5
484 -> 233, -4, 0.25, 3, -2
485 -> 233, -5, 0.25, 5, -1
489 -> 233, -4, 0.25, 5, -1.5
489 -> 233, -4, 0.25, 3, -1.5
489 -> 233, -2, 0.75, 4, -2
489 -> 233, -3, 1.75, 5, -0.5
489 -> 233, -4, 0.25, 2, -1.5
489 -> 233, -4, 1.25, 1, -0.5
489 -> 233, -2, 0.75, 3, -2
489 -> 233, -2, 0.75, 2, -2
489 -> 233, -4, 0.25, 4, -1.5
490 -> 233, -3, 0.75, 3, -0.5
490 -> 233, -2, 0.75, 5, -2
492 -> 233, -2, 1.25, 4, -1.5
492 -> 233, -2, 1.25, 5, -1.5
494 -> 233, -2, 0.75, 5, -1
494 -> 233, -2, 0.75, 2, -1
494 -> 233, -2, 0.75, 4, -1
494 -> 233, -4, 1.75, 4, -1.5
494 -> 233, -1, 1.25, 5, -1
494 -> 233, -2, 0.75, 3, -1
495 -> 233, -2, 1.25, 2, -1.5
495 -> 233, -1, 0.75, 1, -1
496 -> 233, -2, 0.25, 5, -1.5
496 -> 233, -2, 0.25, 4, -1.5
497 -> 233, -1, 0.25, 2, -1
497 -> 233, -3, 1.25, 1, -0.5
497 -> 233, -1, 0.25, 1, -1
498 -> 233, -3, 0.25, 5, -1.5
498 -> 233, -5, 0.25, 5, -0.5
498 -> 233, -3, 0.75, 1, -1.5
499 -> 233, -1, 0.25, 3, -1
499 -> 233, -1, 0.25, 5, -1
499 -> 233, -1, 0.25, 4, -1
501 -> 233, -2, 1.25, 3, -1.5
502 -> 233, -4, 1.75, 4, -0.5
503 -> 233, -5, 0.25, 4, -0.5
505 -> 233, -4, 0.25, 4, -0.5
505 -> 233, -5, 0.75, 1, -2
505 -> 233, -4, 0.25, 5, -0.5
510 -> 233, -4, 0.25, 2, -1
510 -> 233, -4, 0.25, 3, -1
510 -> 233, -4, 0.25, 1, -1
511 -> 233, -1, 0.25, 5, -0.5
511 -> 233, -1, 0.25, 4, -0.5
514 -> 233, -1, 0.25, 1, -1.5
517 -> 233, -1, 1.75, 2, -0.5
518 -> 233, -2, 0.25, 3, -1.5
519 -> 233, -2, 0.25, 2, -1.5
526 -> 233, -5, 1.25, 1, -0.5
539 -> 233, -5, 1.25, 3, -1
539 -> 233, -5, 1.25, 2, -1
539 -> 233, -5, 1.25, 4, -1
541 -> 233, -3, 0.75, 1, -1
550 -> 233, -3, 1.25, 4, -1.5
550 -> 233, -3, 1.25, 3, -1.5
550 -> 233, -3, 1.25, 5, -1.5
552 -> 233, -3, 1.25, 1, -1.5
552 -> 233, -3, 1.25, 2, -1.5
556 -> 233, -3, 0.75, 2, -1
556 -> 233, -3, 0.75, 3, -1
556 -> 233, -3, 0.75, 4, -1
556 -> 233, -3, 0.75, 5, -1
566 -> 233, -5, 0.75, 1, -1.5
566 -> 233, -5, 0.75, 2, -1.5
566 -> 233, -5, 0.75, 3, -1.5
571 -> 233, -3, 0.75, 2, -0.5
572 -> 233, -4, 1.25, 4, -1
590 -> 233, -5, 1.25, 5, -0.5
590 -> 233, -5, 1.25, 3, -0.5
590 -> 233, -5, 1.25, 4, -0.5
605 -> 233, -5, 0.75, 3, -0.5
635 -> 233, -4, 0.75, 4, -0.5
635 -> 233, -4, 0.75, 5, -0.5
670 -> 233, -4, 0.25, 2, -0.5
670 -> 233, -4, 0.25, 1, -0.5
688 -> 233, -4, 0.75, 3, -0.5
688 -> 233, -4, 0.75, 2, -0.5
688 -> 233, -4, 0.75, 1, -0.5
727 -> 233, -5, 0.75, 4, -0.5
830 -> 233, -5, 1.75, 1, -0.5
830 -> 233, -5, 1.75, 2, -0.5
