339 -> 269, -5, 1.25, 3, -0.5
345 -> 269, -5, 1.25, 2, -0.5
364 -> 269, -2, 1.25, 1, -0.5
366 -> 269, -5, 1.75, 5, -2
366 -> 269, -3, 1.25, 3, -1.5
368 -> 269, -2, 1.75, 5, -0.5
369 -> 269, -3, 0.75, 5, -0.5
369 -> 269, -5, 1.75, 3, -2
369 -> 269, -5, 1.75, 2, -2
371 -> 269, -1, 1.25, 5, -1
371 -> 269, -1, 0.75, 1, -1
373 -> 269, -4, 0.75, 3, -0.5
375 -> 269, -3, 1.75, 4, -0.5
375 -> 269, -1, 1.25, 1, -0.5
377 -> 269, -4, 1.75, 3, -2
377 -> 269, -4, 1.75, 2, -2
377 -> 269, -4, 1.75, 4, -2
379 -> 269, -2, 1.25, 2, -0.5
381 -> 269, -5, 0.75, 4, -1
382 -> 269, -5, 1.75, 4, -2
386 -> 269, -5, 0.75, 2, -1
386 -> 269, -3, 0.75, 3, -0.5
386 -> 269, -3, 1.75, 1, -0.5
387 -> 269, -1, 1.75, 5, -1
387 -> 269, -2, 0.75, 1, -0.5
387 -> 269, -3, 1.25, 4, -1.5
388 -> 269, -5, 0.25, 2, -0.5
389 -> 269, -3, 0.25, 1, -2
389 -> 269, -3, 0.25, 2, -2
391 -> 269, -1, 0.75, 5, -0.5
391 -> 269, -4, 1.25, 1, -0.5
393 -> 269, -3, 1.25, 2, -0.5
393 -> 269, -3, 1.75, 5, -1
394 -> 269, -1, 1.25, 4, -1
394 -> 269, -1, 1.75, 1, -1
394 -> 269, -5, 1.25, 5, -1.5
395 -> 269, -1, 1.75, 1, -0.5
395 -> 269, -1, 1.75, 2, -1
395 -> 269, -3, 1.25, 5, -1.5
395 -> 269, -2, 1.75, 2, -1.5
397 -> 269, -1, 0.75, 4, -0.5
397 -> 269, -4, 1.75, 5, -2
397 -> 269, -1, 0.75, 3, -0.5
397 -> 269, -1, 0.75, 2, -0.5
397 -> 269, -2, 1.25, 5, -2
398 -> 269, -1, 1.25, 4, -1.5
398 -> 269, -2, 1.75, 1, -1
399 -> 269, -4, 1.25, 5, -1
399 -> 269, -2, 0.75, 3, -1
400 -> 269, -1, 1.75, 5, -1.5
400 -> 269, -2, 0.75, 4, -0.5
401 -> 269, -5, 0.75, 3, -1
401 -> 269, -2, 0.75, 4, -1
401 -> 269, -5, 1.75, 5, -1.5
401 -> 269, -5, 1.75, 4, -1.5
402 -> 269, -4, 0.75, 5, -0.5
403 -> 269, -3, 0.75, 4, -0.5
403 -> 269, -1, 0.75, 1, -0.5
404 -> 269, -2, 1.75, 4, -1
404 -> 269, -2, 1.75, 5, -1
406 -> 269, -1, 1.25, 2, -1.5
406 -> 269, -2, 1.25, 3, -1
408 -> 269, -3, 0.75, 3, -1
409 -> 269, -4, 1.75, 4, -0.5
411 -> 269, -2, 1.25, 4, -1
411 -> 269, -5, 1.25, 4, -1.5
411 -> 269, -5, 1.75, 1, -0.5
411 -> 269, -4, 1.25, 4, -1.5
412 -> 269, -5, 1.75, 5, -0.5
412 -> 269, -2, 0.75, 2, -1
412 -> 269, -5, 1.75, 2, -1.5
412 -> 269, -4, 1.25, 3, -1.5
413 -> 269, -4, 1.75, 5, -1
413 -> 269, -1, 1.25, 2, -1
414 -> 269, -3, 1.25, 1, -1.5
416 -> 269, -4, 1.75, 4, -1
416 -> 269, -4, 1.75, 1, -1
416 -> 269, -4, 1.75, 2, -1
416 -> 269, -4, 1.75, 3, -1
417 -> 269, -5, 1.75, 3, -1.5
417 -> 269, -3, 1.25, 4, -0.5
417 -> 269, -3, 1.25, 3, -0.5
417 -> 269, -3, 1.75, 5, -0.5
417 -> 269, -1, 1.75, 3, -0.5
418 -> 269, -2, 1.75, 4, -2
418 -> 269, -2, 1.75, 5, -2
418 -> 269, -5, 1.75, 5, -1
418 -> 269, -2, 1.75, 3, -2
418 -> 269, -2, 1.75, 4, -0.5
419 -> 269, -1, 0.75, 5, -1
419 -> 269, -5, 1.75, 3, -1
419 -> 269, -5, 1.75, 4, -1
420 -> 269, -5, 0.75, 4, -2
420 -> 269, -1, 1.75, 2, -0.5
420 -> 269, -2, 1.75, 1, -0.5
420 -> 269, -4, 0.75, 2, -0.5
421 -> 269, -5, 0.75, 3, -2
422 -> 269, -3, 0.25, 3, -2
422 -> 269, -3, 0.25, 4, -2
424 -> 269, -2, 0.75, 5, -1
424 -> 269, -1, 1.25, 3, -1
425 -> 269, -2, 1.25, 2, -1.5
425 -> 269, -1, 1.75, 4, -1.5
426 -> 269, -1, 1.75, 4, -2
426 -> 269, -4, 1.25, 3, -0.5
426 -> 269, -5, 1.75, 2, -1
426 -> 269, -1, 1.75, 5, -2
426 -> 269, -3, 1.75, 2, -0.5
426 -> 269, -3, 1.75, 3, -0.5
426 -> 269, -1, 1.75, 3, -2
427 -> 269, -5, 0.75, 4, -1.5
427 -> 269, -5, 0.75, 5, -1.5
427 -> 269, -5, 0.75, 2, -1.5
427 -> 269, -5, 0.75, 3, -1.5
428 -> 269, -1, 0.75, 3, -1
428 -> 269, -2, 0.25, 4, -1
428 -> 269, -2, 0.25, 5, -1
428 -> 269, -1, 0.75, 4, -1
429 -> 269, -3, 1.75, 5, -1.5
429 -> 269, -4, 1.75, 5, -0.5
430 -> 269, -3, 1.75, 4, -1
430 -> 269, -3, 0.25, 2, -0.5
431 -> 269, -3, 1.25, 1, -0.5
431 -> 269, -3, 0.25, 5, -2
431 -> 269, -2, 1.75, 3, -1
431 -> 269, -4, 1.25, 2, -1
432 -> 269, -2, 1.75, 2, -1
432 -> 269, -1, 1.75, 5, -0.5
432 -> 269, -2, 1.75, 1, -1.5
432 -> 269, -2, 0.75, 3, -0.5
432 -> 269, -2, 0.75, 2, -0.5
433 -> 269, -5, 1.75, 1, -2
433 -> 269, -3, 1.25, 2, -1
433 -> 269, -3, 1.25, 1, -1
434 -> 269, -2, 0.25, 3, -1
434 -> 269, -2, 0.25, 1, -1
434 -> 269, -4, 0.75, 4, -1
434 -> 269, -1, 1.25, 3, -1.5
434 -> 269, -2, 0.25, 2, -1
435 -> 269, -5, 1.75, 1, -1.5
435 -> 269, -1, 1.25, 5, -1.5
436 -> 269, -2, 1.25, 1, -1
436 -> 269, -2, 0.25, 1, -1.5
436 -> 269, -2, 1.25, 2, -1
438 -> 269, -2, 1.25, 5, -1
438 -> 269, -5, 1.75, 3, -0.5
438 -> 269, -1, 1.25, 1, -1.5
438 -> 269, -2, 0.25, 4, -1.5
438 -> 269, -5, 1.25, 2, -1.5
438 -> 269, -2, 0.25, 3, -1.5
438 -> 269, -5, 1.25, 3, -1.5
438 -> 269, -1, 0.75, 1, -1.5
439 -> 269, -3, 0.75, 1, -0.5
439 -> 269, -1, 1.75, 1, -2
439 -> 269, -3, 0.75, 2, -0.5
439 -> 269, -5, 0.25, 3, -0.5
439 -> 269, -1, 1.75, 2, -2
439 -> 269, -5, 0.25, 1, -0.5
439 -> 269, -1, 1.25, 5, -0.5
440 -> 269, -1, 1.25, 1, -1
441 -> 269, -4, 0.25, 2, -1.5
441 -> 269, -2, 1.25, 5, -1.5
441 -> 269, -4, 0.25, 3, -1.5
441 -> 269, -3, 1.25, 2, -1.5
441 -> 269, -3, 1.75, 3, -1.5
441 -> 269, -3, 1.75, 4, -1.5
441 -> 269, -4, 0.25, 1, -1.5
442 -> 269, -2, 1.25, 4, -1.5
442 -> 269, -2, 1.25, 3, -1.5
444 -> 269, -1, 1.25, 3, -2
444 -> 269, -1, 1.25, 3, -0.5
444 -> 269, -1, 1.25, 4, -0.5
444 -> 269, -2, 0.25, 2, -1.5
444 -> 269, -1, 0.75, 2, -1
444 -> 269, -1, 1.75, 2, -1.5
444 -> 269, -1, 1.75, 3, -1.5
444 -> 269, -1, 1.25, 2, -0.5
444 -> 269, -3, 0.25, 3, -0.5
445 -> 269, -2, 1.25, 1, -1.5
446 -> 269, -2, 0.75, 5, -0.5
446 -> 269, -2, 0.75, 2, -2
446 -> 269, -2, 0.75, 3, -2
447 -> 269, -5, 0.25, 5, -2
447 -> 269, -3, 1.75, 2, -1
447 -> 269, -3, 1.75, 3, -1
448 -> 269, -4, 1.25, 2, -0.5
448 -> 269, -2, 1.75, 1, -2
448 -> 269, -2, 1.75, 2, -2
449 -> 269, -5, 0.75, 2, -2
450 -> 269, -4, 0.75, 3, -1
450 -> 269, -4, 1.25, 4, -1
451 -> 269, -2, 0.75, 1, -1
452 -> 269, -4, 0.75, 4, -0.5
452 -> 269, -2, 0.75, 4, -2
452 -> 269, -2, 0.25, 3, -2
452 -> 269, -2, 0.25, 4, -2
452 -> 269, -2, 0.25, 5, -2
452 -> 269, -4, 0.25, 4, -1.5
453 -> 269, -1, 1.75, 4, -1
453 -> 269, -5, 1.75, 1, -1
453 -> 269, -1, 1.75, 3, -1
453 -> 269, -1, 1.75, 1, -1.5
454 -> 269, -4, 1.75, 1, -2
455 -> 269, -3, 1.75, 1, -1
455 -> 269, -3, 0.75, 1, -1.5
455 -> 269, -4, 1.25, 5, -1.5
456 -> 269, -4, 0.75, 5, -1
457 -> 269, -5, 1.25, 5, -1
457 -> 269, -4, 1.25, 5, -2
457 -> 269, -4, 0.75, 2, -1
458 -> 269, -1, 1.25, 4, -2
458 -> 269, -5, 0.75, 1, -2
459 -> 269, -1, 1.25, 5, -2
460 -> 269, -4, 0.75, 4, -2
460 -> 269, -2, 0.75, 5, -2
461 -> 269, -1, 1.75, 4, -0.5
462 -> 269, -2, 0.25, 5, -1.5
462 -> 269, -2, 1.25, 5, -0.5
462 -> 269, -2, 1.25, 4, -0.5
462 -> 269, -2, 1.25, 3, -0.5
463 -> 269, -2, 0.25, 2, -2
463 -> 269, -2, 0.25, 1, -2
464 -> 269, -2, 0.25, 4, -0.5
465 -> 269, -4, 0.25, 1, -2
465 -> 269, -2, 1.75, 3, -1.5
465 -> 269, -4, 0.25, 1, -0.5
465 -> 269, -2, 1.75, 2, -0.5
465 -> 269, -5, 0.75, 5, -2
465 -> 269, -4, 0.25, 2, -0.5
465 -> 269, -2, 1.75, 4, -1.5
465 -> 269, -2, 1.75, 5, -1.5
466 -> 269, -3, 1.75, 3, -2
466 -> 269, -2, 1.75, 3, -0.5
466 -> 269, -3, 1.75, 4, -2
466 -> 269, -3, 1.75, 5, -2
467 -> 269, -1, 0.75, 5, -1.5
467 -> 269, -5, 0.25, 2, -2
467 -> 269, -5, 0.25, 4, -2
467 -> 269, -5, 0.25, 3, -2
467 -> 269, -5, 0.25, 1, -2
468 -> 269, -1, 0.75, 3, -2
468 -> 269, -1, 0.75, 4, -2
468 -> 269, -1, 0.75, 1, -2
468 -> 269, -1, 0.75, 2, -2
468 -> 269, -3, 1.75, 2, -2
468 -> 269, -1, 0.75, 5, -2
469 -> 269, -4, 1.25, 4, -2
469 -> 269, -4, 1.25, 1, -1
469 -> 269, -4, 1.25, 3, -2
469 -> 269, -4, 1.25, 2, -2
470 -> 269, -4, 1.25, 4, -0.5
470 -> 269, -4, 0.25, 2, -2
470 -> 269, -3, 1.75, 1, -2
470 -> 269, -4, 1.25, 5, -0.5
470 -> 269, -4, 1.75, 3, -0.5
471 -> 269, -4, 1.25, 1, -2
472 -> 269, -2, 0.75, 2, -1.5
472 -> 269, -3, 0.75, 5, -1
472 -> 269, -2, 0.75, 3, -1.5
472 -> 269, -2, 0.25, 5, -0.5
472 -> 269, -2, 0.75, 1, -1.5
472 -> 269, -1, 0.25, 4, -1.5
473 -> 269, -1, 0.25, 5, -1.5
474 -> 269, -3, 0.25, 1, -1
474 -> 269, -3, 0.25, 4, -0.5
474 -> 269, -2, 0.75, 1, -2
474 -> 269, -4, 0.25, 5, -2
474 -> 269, -4, 0.25, 4, -2
474 -> 269, -4, 0.25, 3, -2
475 -> 269, -4, 0.25, 4, -0.5
475 -> 269, -4, 0.25, 5, -0.5
475 -> 269, -4, 0.25, 3, -0.5
476 -> 269, -1, 0.25, 2, -1.5
476 -> 269, -2, 1.25, 4, -2
476 -> 269, -2, 1.25, 3, -2
476 -> 269, -2, 1.25, 2, -2
476 -> 269, -2, 1.25, 1, -2
477 -> 269, -1, 0.75, 2, -1.5
477 -> 269, -1, 0.25, 1, -1
479 -> 269, -1, 0.25, 3, -1.5
479 -> 269, -3, 1.25, 5, -0.5
479 -> 269, -4, 0.25, 4, -1
479 -> 269, -5, 1.25, 1, -1.5
479 -> 269, -5, 0.75, 1, -1
479 -> 269, -4, 0.25, 5, -1
480 -> 269, -2, 0.25, 2, -0.5
481 -> 269, -4, 1.75, 2, -1.5
481 -> 269, -4, 1.75, 1, -1.5
481 -> 269, -5, 1.75, 2, -0.5
481 -> 269, -3, 0.75, 4, -1
481 -> 269, -1, 0.25, 5, -2
482 -> 269, -4, 0.75, 4, -1.5
482 -> 269, -4, 0.75, 3, -1.5
482 -> 269, -4, 0.75, 2, -1.5
482 -> 269, -4, 0.75, 1, -1.5
482 -> 269, -4, 0.75, 5, -1.5
483 -> 269, -4, 0.25, 5, -1.5
483 -> 269, -4, 0.25, 1, -1
483 -> 269, -5, 0.75, 1, -1.5
483 -> 269, -2, 0.75, 4, -1.5
483 -> 269, -5, 1.25, 4, -1
483 -> 269, -5, 1.25, 3, -1
484 -> 269, -2, 0.25, 3, -0.5
484 -> 269, -4, 0.25, 3, -1
484 -> 269, -2, 0.75, 5, -1.5
484 -> 269, -4, 1.25, 3, -1
485 -> 269, -2, 0.25, 1, -0.5
486 -> 269, -5, 0.25, 1, -1
486 -> 269, -3, 1.75, 2, -1.5
486 -> 269, -3, 1.75, 1, -1.5
486 -> 269, -3, 0.75, 2, -1
487 -> 269, -4, 1.25, 2, -1.5
487 -> 269, -4, 1.25, 1, -1.5
488 -> 269, -1, 0.25, 2, -1
488 -> 269, -1, 0.25, 4, -1
488 -> 269, -1, 0.25, 5, -1
489 -> 269, -1, 0.25, 1, -0.5
489 -> 269, -1, 0.25, 2, -0.5
489 -> 269, -1, 0.25, 3, -0.5
489 -> 269, -3, 0.75, 1, -2
489 -> 269, -1, 0.25, 4, -0.5
489 -> 269, -1, 0.25, 5, -0.5
491 -> 269, -1, 1.25, 2, -2
491 -> 269, -1, 1.25, 1, -2
492 -> 269, -3, 0.25, 5, -1
492 -> 269, -3, 0.25, 4, -1
492 -> 269, -3, 0.25, 3, -1
492 -> 269, -3, 0.25, 2, -1
492 -> 269, -3, 0.25, 5, -1.5
493 -> 269, -1, 0.25, 3, -1
494 -> 269, -1, 0.75, 4, -1.5
494 -> 269, -1, 0.75, 3, -1.5
497 -> 269, -3, 0.25, 1, -0.5
499 -> 269, -1, 0.25, 1, -1.5
502 -> 269, -4, 0.75, 3, -2
503 -> 269, -4, 1.75, 1, -0.5
504 -> 269, -5, 1.25, 1, -2
504 -> 269, -5, 1.25, 2, -2
504 -> 269, -5, 1.25, 3, -2
504 -> 269, -5, 1.25, 4, -2
504 -> 269, -5, 1.25, 5, -2
506 -> 269, -5, 0.25, 4, -0.5
506 -> 269, -5, 0.25, 5, -0.5
508 -> 269, -5, 0.25, 5, -1
509 -> 269, -1, 0.25, 1, -2
509 -> 269, -1, 0.25, 2, -2
509 -> 269, -1, 0.25, 3, -2
509 -> 269, -4, 0.75, 5, -2
510 -> 269, -1, 0.25, 4, -2
511 -> 269, -4, 0.75, 1, -1
513 -> 269, -3, 0.75, 2, -2
513 -> 269, -3, 0.75, 3, -2
513 -> 269, -3, 0.75, 5, -2
513 -> 269, -3, 0.75, 4, -2
517 -> 269, -4, 1.75, 3, -1.5
517 -> 269, -4, 1.75, 5, -1.5
517 -> 269, -4, 1.75, 4, -1.5
518 -> 269, -5, 0.25, 5, -1.5
518 -> 269, -5, 0.25, 3, -1.5
518 -> 269, -5, 0.25, 2, -1.5
518 -> 269, -5, 0.25, 4, -1.5
519 -> 269, -4, 0.75, 2, -2
519 -> 269, -4, 0.75, 1, -2
521 -> 269, -5, 0.25, 1, -1.5
522 -> 269, -3, 1.25, 5, -1
522 -> 269, -3, 1.25, 4, -1
522 -> 269, -3, 1.25, 3, -1
523 -> 269, -5, 0.25, 4, -1
524 -> 269, -4, 1.75, 2, -0.5
528 -> 269, -3, 0.75, 1, -1
529 -> 269, -3, 1.25, 4, -2
529 -> 269, -3, 1.25, 5, -2
529 -> 269, -3, 1.25, 3, -2
529 -> 269, -3, 1.25, 1, -2
529 -> 269, -3, 1.25, 2, -2
541 -> 269, -5, 0.75, 5, -1
543 -> 269, -3, 0.25, 4, -1.5
543 -> 269, -3, 0.25, 3, -1.5
543 -> 269, -3, 0.25, 1, -1.5
543 -> 269, -3, 0.25, 2, -1.5
550 -> 269, -4, 0.25, 2, -1
553 -> 269, -5, 0.25, 2, -1
553 -> 269, -5, 1.25, 2, -1
553 -> 269, -5, 1.25, 1, -1
553 -> 269, -5, 0.25, 3, -1
555 -> 269, -3, 0.25, 5, -0.5
558 -> 269, -5, 1.75, 4, -0.5
568 -> 269, -3, 0.75, 4, -1.5
568 -> 269, -3, 0.75, 5, -1.5
568 -> 269, -3, 0.75, 2, -1.5
568 -> 269, -3, 0.75, 3, -1.5
586 -> 269, -5, 0.75, 5, -0.5
598 -> 269, -5, 0.75, 4, -0.5
645 -> 269, -5, 0.75, 1, -0.5
645 -> 269, -5, 0.75, 2, -0.5
645 -> 269, -5, 0.75, 3, -0.5
666 -> 269, -5, 1.25, 4, -0.5
666 -> 269, -5, 1.25, 5, -0.5
695 -> 269, -5, 1.25, 1, -0.5
725 -> 269, -4, 0.75, 1, -0.5
