329 -> 257, -5, 1.25, 5, -1
340 -> 257, -5, 1.75, 5, -1.5
346 -> 257, -2, 1.75, 4, -1.5
352 -> 257, -2, 1.25, 1, -0.5
357 -> 257, -4, 0.75, 3, -0.5
357 -> 257, -4, 0.75, 4, -0.5
357 -> 257, -4, 0.75, 5, -0.5
363 -> 257, -5, 0.75, 4, -0.5
364 -> 257, -1, 1.25, 3, -0.5
364 -> 257, -5, 0.75, 3, -0.5
367 -> 257, -5, 0.75, 5, -0.5
369 -> 257, -2, 1.75, 5, -1.5
370 -> 257, -5, 1.75, 2, -1
370 -> 257, -4, 0.75, 2, -0.5
370 -> 257, -5, 1.75, 1, -1
379 -> 257, -1, 1.75, 1, -1
379 -> 257, -4, 1.25, 2, -1
379 -> 257, -1, 0.75, 2, -0.5
380 -> 257, -4, 1.25, 5, -1
380 -> 257, -4, 1.25, 4, -1
380 -> 257, -4, 1.25, 3, -1
380 -> 257, -5, 1.75, 5, -2
381 -> 257, -5, 1.75, 3, -1.5
381 -> 257, -5, 1.75, 4, -1.5
382 -> 257, -1, 1.25, 5, -1
382 -> 257, -1, 1.25, 2, -1
382 -> 257, -1, 1.25, 4, -1
384 -> 257, -1, 1.25, 5, -2
385 -> 257, -4, 0.75, 1, -0.5
385 -> 257, -3, 1.25, 4, -0.5
387 -> 257, -4, 1.25, 1, -1
387 -> 257, -1, 1.25, 4, -2
387 -> 257, -1, 1.75, 2, -0.5
389 -> 257, -2, 1.75, 4, -0.5
389 -> 257, -5, 1.25, 3, -2
389 -> 257, -3, 1.75, 1, -1
389 -> 257, -2, 0.75, 1, -1.5
390 -> 257, -1, 1.25, 2, -0.5
391 -> 257, -1, 0.25, 1, -1.5
391 -> 257, -5, 1.25, 4, -2
392 -> 257, -3, 1.75, 4, -0.5
392 -> 257, -3, 1.75, 3, -0.5
394 -> 257, -2, 1.25, 2, -0.5
395 -> 257, -2, 0.75, 2, -1.5
396 -> 257, -2, 0.75, 3, -2
396 -> 257, -3, 1.75, 5, -1
396 -> 257, -1, 1.75, 5, -2
396 -> 257, -3, 1.75, 4, -2
397 -> 257, -3, 1.75, 2, -1
397 -> 257, -2, 1.25, 4, -1
400 -> 257, -3, 1.25, 5, -0.5
401 -> 257, -2, 1.75, 2, -1.5
401 -> 257, -3, 1.25, 2, -1.5
401 -> 257, -3, 1.25, 5, -1.5
401 -> 257, -3, 1.25, 4, -1.5
401 -> 257, -4, 1.75, 5, -2
402 -> 257, -5, 1.75, 3, -1
402 -> 257, -5, 1.25, 2, -1
402 -> 257, -2, 1.75, 1, -1
402 -> 257, -3, 1.25, 5, -1
403 -> 257, -2, 1.75, 2, -0.5
403 -> 257, -2, 1.75, 3, -0.5
404 -> 257, -3, 1.25, 2, -0.5
405 -> 257, -2, 1.75, 3, -1.5
405 -> 257, -3, 1.25, 3, -0.5
406 -> 257, -3, 1.75, 1, -0.5
406 -> 257, -2, 1.75, 3, -1
406 -> 257, -2, 1.75, 4, -1
406 -> 257, -2, 1.25, 3, -0.5
409 -> 257, -5, 0.75, 4, -1
409 -> 257, -5, 0.75, 2, -1
409 -> 257, -3, 1.25, 3, -1.5
409 -> 257, -5, 0.75, 3, -1
411 -> 257, -5, 0.75, 2, -1.5
411 -> 257, -5, 0.75, 1, -1.5
411 -> 257, -1, 1.75, 4, -0.5
412 -> 257, -2, 1.75, 1, -1.5
412 -> 257, -2, 0.25, 3, -0.5
412 -> 257, -2, 0.25, 2, -0.5
412 -> 257, -1, 1.75, 1, -1.5
412 -> 257, -1, 1.25, 3, -1
413 -> 257, -1, 1.25, 4, -0.5
413 -> 257, -3, 0.75, 2, -0.5
413 -> 257, -3, 1.75, 2, -0.5
413 -> 257, -2, 0.25, 4, -2
413 -> 257, -1, 1.25, 5, -0.5
413 -> 257, -2, 0.25, 3, -2
417 -> 257, -2, 1.25, 4, -0.5
418 -> 257, -1, 1.75, 3, -1.5
419 -> 257, -5, 1.75, 1, -2
420 -> 257, -4, 1.75, 5, -0.5
420 -> 257, -1, 1.75, 4, -2
420 -> 257, -3, 1.75, 4, -1.5
420 -> 257, -3, 1.75, 5, -1.5
420 -> 257, -5, 1.75, 2, -1.5
420 -> 257, -5, 1.75, 1, -1.5
421 -> 257, -4, 1.75, 4, -0.5
422 -> 257, -2, 0.75, 4, -0.5
422 -> 257, -2, 0.75, 5, -0.5
422 -> 257, -2, 0.75, 1, -0.5
423 -> 257, -3, 1.75, 5, -0.5
423 -> 257, -1, 1.25, 1, -2
424 -> 257, -1, 1.75, 5, -1.5
424 -> 257, -1, 1.75, 3, -0.5
424 -> 257, -2, 1.75, 1, -0.5
424 -> 257, -3, 1.75, 3, -1
424 -> 257, -3, 1.75, 1, -2
424 -> 257, -3, 1.75, 4, -1
424 -> 257, -3, 0.25, 1, -0.5
425 -> 257, -4, 1.75, 5, -1
425 -> 257, -4, 1.75, 4, -1
425 -> 257, -4, 1.75, 3, -1
426 -> 257, -4, 0.75, 2, -1
426 -> 257, -2, 1.25, 5, -2
426 -> 257, -3, 0.75, 3, -1
426 -> 257, -5, 1.75, 4, -2
427 -> 257, -4, 0.75, 2, -2
427 -> 257, -2, 0.25, 1, -1
428 -> 257, -1, 1.75, 2, -1.5
430 -> 257, -5, 0.25, 1, -2
430 -> 257, -5, 1.25, 5, -1.5
430 -> 257, -5, 1.25, 4, -1.5
431 -> 257, -1, 1.25, 3, -2
431 -> 257, -5, 1.75, 5, -0.5
432 -> 257, -1, 0.75, 4, -1
432 -> 257, -1, 1.25, 5, -1.5
432 -> 257, -4, 0.75, 1, -1
432 -> 257, -1, 0.75, 3, -1
433 -> 257, -1, 1.75, 5, -0.5
433 -> 257, -2, 0.25, 1, -0.5
433 -> 257, -2, 1.75, 5, -0.5
434 -> 257, -2, 0.25, 4, -1.5
434 -> 257, -5, 1.75, 3, -2
434 -> 257, -2, 0.25, 5, -1.5
434 -> 257, -2, 0.25, 3, -1.5
435 -> 257, -2, 0.25, 5, -1
435 -> 257, -3, 1.25, 5, -2
435 -> 257, -3, 1.25, 4, -2
435 -> 257, -2, 1.25, 5, -0.5
435 -> 257, -2, 0.25, 4, -1
436 -> 257, -4, 1.25, 5, -1.5
436 -> 257, -2, 1.75, 2, -1
437 -> 257, -4, 0.75, 5, -1
437 -> 257, -3, 1.25, 1, -2
437 -> 257, -1, 1.25, 3, -1.5
437 -> 257, -1, 1.25, 4, -1.5
437 -> 257, -1, 1.25, 2, -2
438 -> 257, -2, 1.75, 5, -1
438 -> 257, -4, 0.75, 3, -2
439 -> 257, -5, 1.75, 3, -0.5
439 -> 257, -5, 0.75, 4, -1.5
439 -> 257, -5, 0.75, 5, -1.5
439 -> 257, -3, 0.75, 5, -0.5
439 -> 257, -5, 0.75, 3, -1.5
439 -> 257, -1, 1.75, 5, -1
440 -> 257, -5, 0.25, 1, -1.5
440 -> 257, -1, 0.75, 2, -1
440 -> 257, -3, 1.75, 3, -1.5
440 -> 257, -5, 0.25, 2, -1.5
440 -> 257, -3, 1.75, 2, -1.5
440 -> 257, -3, 1.75, 1, -1.5
441 -> 257, -1, 0.25, 5, -1.5
441 -> 257, -1, 0.25, 4, -1.5
441 -> 257, -1, 0.25, 3, -1.5
441 -> 257, -5, 0.25, 5, -1.5
441 -> 257, -5, 0.25, 4, -1.5
442 -> 257, -4, 0.75, 1, -1.5
443 -> 257, -1, 1.25, 1, -0.5
443 -> 257, -2, 1.25, 5, -1
443 -> 257, -2, 0.25, 4, -0.5
443 -> 257, -2, 0.75, 2, -0.5
443 -> 257, -2, 0.75, 3, -0.5
443 -> 257, -4, 0.25, 4, -1.5
443 -> 257, -4, 0.25, 3, -1.5
443 -> 257, -4, 0.25, 5, -1.5
444 -> 257, -1, 0.75, 5, -1
445 -> 257, -4, 1.25, 5, -0.5
445 -> 257, -4, 1.25, 4, -0.5
446 -> 257, -3, 0.75, 3, -0.5
446 -> 257, -3, 1.75, 5, -2
446 -> 257, -2, 1.25, 1, -2
446 -> 257, -1, 1.75, 4, -1.5
447 -> 257, -3, 0.75, 4, -0.5
447 -> 257, -5, 1.75, 2, -0.5
447 -> 257, -2, 1.25, 2, -2
447 -> 257, -1, 0.25, 2, -1
447 -> 257, -1, 0.25, 2, -2
447 -> 257, -5, 1.25, 1, -2
447 -> 257, -5, 1.75, 1, -0.5
447 -> 257, -3, 0.75, 3, -1.5
447 -> 257, -1, 0.25, 1, -2
447 -> 257, -5, 1.25, 2, -2
447 -> 257, -1, 0.25, 3, -2
448 -> 257, -5, 0.25, 2, -2
448 -> 257, -5, 0.25, 5, -2
448 -> 257, -5, 0.25, 4, -2
448 -> 257, -5, 0.25, 3, -2
449 -> 257, -4, 0.75, 5, -2
450 -> 257, -4, 0.25, 1, -2
450 -> 257, -3, 0.75, 4, -1.5
450 -> 257, -3, 0.75, 5, -1.5
450 -> 257, -5, 0.25, 3, -1.5
451 -> 257, -1, 0.75, 5, -2
451 -> 257, -1, 0.75, 3, -2
451 -> 257, -2, 0.75, 2, -2
451 -> 257, -1, 0.75, 2, -2
451 -> 257, -1, 0.75, 4, -2
451 -> 257, -1, 0.75, 1, -2
453 -> 257, -2, 0.25, 3, -1
453 -> 257, -4, 1.75, 2, -1
453 -> 257, -4, 1.75, 1, -1
453 -> 257, -4, 1.25, 1, -1.5
453 -> 257, -3, 1.75, 2, -2
453 -> 257, -3, 1.75, 3, -2
453 -> 257, -4, 1.25, 4, -1.5
453 -> 257, -4, 1.25, 2, -1.5
453 -> 257, -2, 0.25, 2, -1
453 -> 257, -4, 1.25, 3, -1.5
454 -> 257, -1, 1.75, 1, -2
455 -> 257, -1, 1.25, 1, -1
455 -> 257, -2, 0.75, 4, -1.5
455 -> 257, -2, 0.75, 5, -1.5
455 -> 257, -2, 1.75, 2, -2
456 -> 257, -1, 1.75, 2, -1
457 -> 257, -2, 0.75, 3, -1.5
457 -> 257, -3, 1.25, 3, -2
457 -> 257, -3, 1.25, 2, -2
458 -> 257, -1, 0.75, 3, -1.5
458 -> 257, -1, 0.25, 5, -2
458 -> 257, -1, 0.75, 4, -1.5
458 -> 257, -1, 0.75, 2, -1.5
458 -> 257, -1, 0.75, 1, -1.5
458 -> 257, -1, 0.25, 4, -2
458 -> 257, -2, 0.75, 2, -1
458 -> 257, -1, 0.75, 5, -1.5
461 -> 257, -5, 1.25, 3, -1.5
461 -> 257, -5, 1.25, 2, -1.5
461 -> 257, -4, 1.75, 3, -0.5
461 -> 257, -4, 1.75, 2, -0.5
461 -> 257, -4, 1.75, 1, -0.5
461 -> 257, -5, 1.25, 1, -1.5
461 -> 257, -3, 0.75, 5, -2
461 -> 257, -3, 0.75, 3, -2
461 -> 257, -3, 0.75, 4, -2
461 -> 257, -1, 0.75, 1, -0.5
462 -> 257, -2, 1.25, 2, -1
462 -> 257, -1, 0.25, 5, -1
462 -> 257, -1, 0.25, 4, -1
462 -> 257, -1, 0.25, 3, -1
462 -> 257, -2, 1.25, 3, -1
463 -> 257, -4, 0.25, 2, -1.5
465 -> 257, -2, 1.25, 1, -1.5
465 -> 257, -4, 1.75, 3, -1.5
465 -> 257, -2, 1.25, 3, -1.5
465 -> 257, -4, 1.75, 1, -1.5
465 -> 257, -4, 1.75, 5, -1.5
465 -> 257, -4, 1.75, 4, -1.5
465 -> 257, -4, 1.75, 2, -1.5
465 -> 257, -2, 1.25, 2, -1.5
466 -> 257, -4, 1.25, 1, -2
467 -> 257, -4, 0.75, 3, -1
467 -> 257, -4, 0.75, 4, -1
468 -> 257, -4, 1.25, 4, -2
468 -> 257, -4, 1.25, 5, -2
468 -> 257, -4, 1.25, 2, -2
468 -> 257, -3, 0.75, 1, -1.5
468 -> 257, -3, 0.75, 2, -1.5
468 -> 257, -4, 1.25, 3, -2
468 -> 257, -4, 0.75, 4, -2
469 -> 257, -1, 0.25, 1, -1
470 -> 257, -1, 0.75, 1, -1
470 -> 257, -3, 0.75, 2, -2
470 -> 257, -3, 0.75, 1, -2
472 -> 257, -1, 0.75, 3, -0.5
472 -> 257, -3, 1.25, 1, -1
472 -> 257, -3, 1.25, 4, -1
472 -> 257, -3, 1.25, 2, -1
472 -> 257, -3, 1.25, 3, -1
472 -> 257, -1, 1.75, 1, -0.5
472 -> 257, -5, 1.75, 5, -1
472 -> 257, -2, 1.25, 3, -2
474 -> 257, -2, 1.25, 4, -2
474 -> 257, -5, 0.75, 1, -2
474 -> 257, -5, 1.75, 4, -1
475 -> 257, -1, 0.25, 2, -1.5
476 -> 257, -5, 0.75, 4, -2
476 -> 257, -1, 0.25, 2, -0.5
476 -> 257, -5, 0.75, 3, -2
476 -> 257, -5, 0.75, 5, -2
476 -> 257, -5, 0.75, 2, -2
477 -> 257, -5, 1.25, 5, -2
478 -> 257, -1, 1.75, 3, -1
478 -> 257, -1, 1.75, 4, -1
478 -> 257, -4, 0.75, 1, -2
478 -> 257, -2, 0.25, 5, -2
479 -> 257, -3, 0.25, 1, -1.5
479 -> 257, -5, 0.25, 2, -0.5
479 -> 257, -5, 0.25, 1, -0.5
480 -> 257, -4, 0.25, 3, -0.5
480 -> 257, -3, 0.25, 5, -0.5
480 -> 257, -3, 0.25, 5, -2
480 -> 257, -3, 0.25, 2, -2
480 -> 257, -4, 0.25, 2, -0.5
480 -> 257, -3, 0.25, 3, -2
480 -> 257, -3, 0.25, 4, -2
482 -> 257, -4, 0.25, 1, -0.5
483 -> 257, -2, 0.75, 3, -1
483 -> 257, -2, 0.75, 4, -1
483 -> 257, -2, 0.25, 2, -1.5
483 -> 257, -4, 0.25, 1, -1.5
484 -> 257, -2, 1.25, 1, -1
484 -> 257, -1, 1.25, 2, -1.5
484 -> 257, -3, 1.25, 1, -0.5
488 -> 257, -1, 0.25, 1, -0.5
489 -> 257, -1, 1.75, 2, -2
489 -> 257, -1, 1.75, 3, -2
489 -> 257, -4, 1.25, 3, -0.5
492 -> 257, -2, 1.25, 4, -1.5
492 -> 257, -2, 1.25, 5, -1.5
494 -> 257, -1, 0.75, 4, -0.5
494 -> 257, -2, 0.75, 5, -1
494 -> 257, -3, 0.25, 4, -0.5
496 -> 257, -4, 1.75, 3, -2
496 -> 257, -4, 1.75, 2, -2
496 -> 257, -4, 1.75, 4, -2
497 -> 257, -2, 0.25, 2, -2
497 -> 257, -2, 0.25, 1, -2
497 -> 257, -1, 1.25, 1, -1.5
498 -> 257, -3, 0.25, 2, -0.5
498 -> 257, -3, 0.25, 3, -0.5
499 -> 257, -5, 1.25, 1, -1
500 -> 257, -1, 0.25, 3, -0.5
500 -> 257, -1, 0.25, 4, -0.5
500 -> 257, -1, 0.25, 5, -0.5
502 -> 257, -5, 0.75, 5, -1
503 -> 257, -2, 0.25, 1, -1.5
503 -> 257, -2, 0.75, 1, -1
504 -> 257, -5, 1.25, 4, -1
504 -> 257, -5, 1.25, 3, -1
504 -> 257, -5, 0.75, 1, -1
505 -> 257, -4, 0.75, 5, -1.5
505 -> 257, -4, 0.75, 3, -1.5
505 -> 257, -4, 0.75, 4, -1.5
508 -> 257, -2, 0.25, 5, -0.5
508 -> 257, -1, 0.75, 5, -0.5
510 -> 257, -2, 1.75, 4, -2
510 -> 257, -5, 0.25, 4, -0.5
510 -> 257, -2, 1.75, 5, -2
510 -> 257, -2, 1.75, 3, -2
510 -> 257, -5, 0.25, 3, -0.5
511 -> 257, -2, 0.75, 5, -2
511 -> 257, -2, 0.75, 4, -2
513 -> 257, -5, 0.25, 1, -1
513 -> 257, -5, 0.25, 3, -1
513 -> 257, -5, 0.25, 5, -1
513 -> 257, -5, 0.25, 4, -1
513 -> 257, -5, 0.25, 2, -1
517 -> 257, -4, 0.75, 2, -1.5
517 -> 257, -3, 0.25, 1, -2
519 -> 257, -2, 0.75, 1, -2
523 -> 257, -5, 1.75, 4, -0.5
524 -> 257, -4, 0.25, 5, -2
524 -> 257, -4, 0.25, 3, -2
524 -> 257, -4, 0.25, 2, -2
524 -> 257, -4, 0.25, 4, -2
526 -> 257, -4, 0.25, 5, -1
526 -> 257, -4, 0.25, 4, -1
526 -> 257, -4, 0.25, 3, -1
526 -> 257, -4, 0.25, 2, -1
528 -> 257, -4, 0.25, 1, -1
529 -> 257, -2, 1.75, 1, -2
531 -> 257, -4, 1.75, 1, -2
533 -> 257, -5, 0.25, 5, -0.5
538 -> 257, -4, 1.25, 1, -0.5
542 -> 257, -5, 1.75, 2, -2
543 -> 257, -3, 0.25, 1, -1
543 -> 257, -3, 0.25, 2, -1
545 -> 257, -3, 0.25, 5, -1.5
547 -> 257, -3, 0.25, 4, -1.5
547 -> 257, -3, 0.25, 3, -1.5
547 -> 257, -3, 0.25, 2, -1.5
549 -> 257, -4, 1.25, 2, -0.5
552 -> 257, -3, 0.75, 5, -1
552 -> 257, -3, 0.75, 4, -1
566 -> 257, -3, 0.75, 2, -1
566 -> 257, -3, 0.75, 1, -1
572 -> 257, -3, 0.25, 5, -1
572 -> 257, -3, 0.25, 3, -1
572 -> 257, -3, 0.25, 4, -1
584 -> 257, -3, 1.25, 1, -1.5
596 -> 257, -4, 0.25, 5, -0.5
596 -> 257, -4, 0.25, 4, -0.5
659 -> 257, -5, 0.75, 1, -0.5
659 -> 257, -5, 0.75, 2, -0.5
710 -> 257, -5, 1.25, 3, -0.5
710 -> 257, -5, 1.25, 1, -0.5
710 -> 257, -5, 1.25, 2, -0.5
710 -> 257, -5, 1.25, 4, -0.5
710 -> 257, -5, 1.25, 5, -0.5
712 -> 257, -3, 0.75, 1, -0.5
