318 -> 496, -3, 1.25, 5, -0.5
344 -> 496, -1, 1.75, 1, -2
347 -> 496, -4, 1.75, 3, -1
356 -> 496, -2, 1.75, 2, -1.5
361 -> 496, -4, 1.75, 2, -1
372 -> 496, -1, 1.75, 1, -0.5
373 -> 496, -2, 1.75, 3, -1.5
373 -> 496, -2, 1.25, 4, -0.5
375 -> 496, -5, 1.75, 3, -1
381 -> 496, -3, 0.75, 3, -1
382 -> 496, -3, 1.25, 3, -1
382 -> 496, -1, 0.75, 1, -0.5
382 -> 496, -5, 1.75, 4, -1
382 -> 496, -4, 0.75, 5, -2
382 -> 496, -3, 1.25, 2, -1
383 -> 496, -1, 1.75, 5, -2
383 -> 496, -1, 1.75, 4, -2
384 -> 496, -5, 1.75, 2, -1
385 -> 496, -1, 0.75, 2, -1
386 -> 496, -4, 0.75, 4, -0.5
387 -> 496, -4, 1.75, 1, -1
387 -> 496, -2, 1.25, 5, -0.5
388 -> 496, -2, 0.75, 4, -0.5
389 -> 496, -3, 1.75, 2, -1.5
389 -> 496, -3, 1.75, 3, -1.5
390 -> 496, -4, 1.25, 5, -1
391 -> 496, -2, 1.25, 3, -1
392 -> 496, -3, 1.25, 4, -0.5
394 -> 496, -4, 0.75, 2, -1
394 -> 496, -2, 1.25, 2, -1
394 -> 496, -2, 0.75, 3, -0.5
395 -> 496, -4, 1.25, 2, -0.5
396 -> 496, -1, 1.25, 2, -0.5
396 -> 496, -3, 1.25, 4, -1
396 -> 496, -3, 1.25, 1, -0.5
397 -> 496, -1, 1.75, 2, -0.5
400 -> 496, -1, 1.75, 5, -1.5
400 -> 496, -1, 1.75, 4, -1.5
400 -> 496, -2, 1.75, 4, -1.5
401 -> 496, -3, 1.75, 1, -2
402 -> 496, -3, 0.75, 5, -0.5
402 -> 496, -1, 1.75, 1, -1
402 -> 496, -3, 1.25, 4, -2
403 -> 496, -2, 1.25, 1, -1
403 -> 496, -3, 1.25, 5, -2
403 -> 496, -3, 1.75, 5, -1.5
403 -> 496, -3, 0.75, 2, -0.5
403 -> 496, -1, 1.75, 5, -1
404 -> 496, -2, 1.75, 3, -2
404 -> 496, -5, 0.75, 1, -1.5
404 -> 496, -4, 0.75, 1, -1
406 -> 496, -2, 1.25, 1, -0.5
406 -> 496, -1, 1.75, 2, -1
407 -> 496, -2, 1.25, 2, -0.5
407 -> 496, -2, 1.75, 5, -1.5
407 -> 496, -2, 1.75, 4, -2
408 -> 496, -4, 1.75, 5, -1
408 -> 496, -5, 1.75, 5, -1
408 -> 496, -3, 1.25, 3, -2
408 -> 496, -3, 1.25, 1, -2
408 -> 496, -3, 1.25, 2, -2
408 -> 496, -4, 1.75, 4, -1
412 -> 496, -1, 0.25, 4, -1
412 -> 496, -1, 1.75, 1, -1.5
412 -> 496, -1, 0.25, 3, -1
412 -> 496, -1, 0.25, 3, -1.5
412 -> 496, -1, 0.25, 5, -1
413 -> 496, -1, 0.75, 4, -2
413 -> 496, -5, 1.75, 1, -1.5
413 -> 496, -4, 1.25, 1, -1
413 -> 496, -1, 0.75, 5, -2
413 -> 496, -1, 0.25, 2, -1
415 -> 496, -5, 1.25, 1, -1.5
415 -> 496, -5, 1.25, 2, -1.5
416 -> 496, -2, 1.25, 5, -1.5
417 -> 496, -2, 1.25, 3, -2
418 -> 496, -1, 1.25, 5, -2
418 -> 496, -3, 0.75, 4, -0.5
418 -> 496, -1, 1.25, 4, -2
418 -> 496, -5, 1.75, 4, -1.5
419 -> 496, -3, 1.25, 5, -1.5
419 -> 496, -5, 1.25, 4, -1.5
422 -> 496, -4, 1.75, 2, -1.5
422 -> 496, -4, 1.75, 1, -1.5
422 -> 496, -5, 0.75, 4, -1.5
422 -> 496, -5, 0.75, 3, -1.5
422 -> 496, -5, 0.75, 2, -1.5
422 -> 496, -5, 0.75, 5, -1.5
423 -> 496, -1, 1.75, 4, -1
423 -> 496, -1, 0.75, 1, -1
424 -> 496, -3, 0.25, 3, -0.5
424 -> 496, -1, 1.75, 3, -1.5
424 -> 496, -3, 0.75, 3, -0.5
425 -> 496, -3, 0.75, 2, -1
425 -> 496, -3, 0.75, 1, -1
425 -> 496, -2, 1.75, 4, -1
425 -> 496, -1, 1.75, 3, -2
425 -> 496, -2, 1.75, 5, -1
425 -> 496, -4, 0.75, 2, -0.5
426 -> 496, -1, 1.25, 2, -2
426 -> 496, -5, 1.75, 3, -1.5
426 -> 496, -4, 1.75, 3, -1.5
426 -> 496, -1, 1.25, 1, -1.5
427 -> 496, -4, 1.75, 5, -1.5
427 -> 496, -2, 1.75, 4, -0.5
427 -> 496, -5, 1.75, 3, -0.5
427 -> 496, -4, 1.75, 4, -1.5
427 -> 496, -2, 1.75, 5, -0.5
428 -> 496, -4, 0.25, 4, -0.5
428 -> 496, -4, 1.75, 1, -2
428 -> 496, -5, 1.75, 2, -0.5
429 -> 496, -2, 0.75, 4, -1.5
430 -> 496, -1, 1.25, 3, -2
431 -> 496, -2, 0.75, 3, -1
431 -> 496, -2, 0.75, 4, -1
432 -> 496, -2, 0.75, 2, -1.5
432 -> 496, -4, 1.25, 4, -1.5
432 -> 496, -3, 1.75, 4, -1.5
433 -> 496, -3, 1.75, 3, -2
433 -> 496, -2, 0.75, 3, -1.5
433 -> 496, -3, 1.75, 2, -2
434 -> 496, -4, 1.75, 3, -2
434 -> 496, -4, 1.75, 2, -2
434 -> 496, -3, 0.25, 1, -2
434 -> 496, -3, 0.25, 3, -2
434 -> 496, -1, 1.75, 3, -0.5
434 -> 496, -3, 0.25, 2, -2
434 -> 496, -3, 1.25, 5, -1
434 -> 496, -5, 1.75, 5, -1.5
435 -> 496, -4, 0.25, 5, -0.5
435 -> 496, -3, 0.25, 5, -0.5
436 -> 496, -1, 0.25, 1, -2
436 -> 496, -1, 0.75, 3, -0.5
436 -> 496, -5, 0.25, 1, -0.5
436 -> 496, -1, 0.75, 4, -0.5
436 -> 496, -5, 1.75, 2, -1.5
437 -> 496, -1, 1.25, 5, -1
437 -> 496, -5, 1.25, 1, -2
437 -> 496, -5, 1.25, 3, -2
437 -> 496, -5, 1.25, 2, -2
437 -> 496, -5, 1.25, 4, -2
437 -> 496, -2, 1.75, 3, -0.5
437 -> 496, -1, 0.25, 2, -2
437 -> 496, -1, 1.25, 3, -1
437 -> 496, -5, 1.25, 5, -2
437 -> 496, -1, 1.25, 4, -1
438 -> 496, -1, 1.75, 2, -1.5
438 -> 496, -3, 1.75, 5, -1
438 -> 496, -2, 1.75, 1, -1.5
439 -> 496, -3, 1.25, 1, -1
439 -> 496, -3, 1.75, 2, -1
440 -> 496, -2, 1.25, 2, -2
440 -> 496, -3, 0.75, 1, -1.5
441 -> 496, -1, 1.25, 2, -1.5
441 -> 496, -1, 0.25, 1, -1
441 -> 496, -2, 1.25, 1, -2
442 -> 496, -3, 1.75, 4, -1
442 -> 496, -2, 1.25, 4, -2
442 -> 496, -3, 1.75, 3, -1
442 -> 496, -2, 1.25, 3, -0.5
442 -> 496, -2, 0.75, 1, -1.5
443 -> 496, -1, 1.75, 4, -0.5
443 -> 496, -1, 0.75, 2, -0.5
444 -> 496, -4, 1.25, 1, -1.5
444 -> 496, -4, 1.25, 2, -1.5
444 -> 496, -1, 1.75, 3, -1
447 -> 496, -4, 1.25, 5, -1.5
447 -> 496, -1, 1.25, 1, -0.5
447 -> 496, -1, 0.75, 3, -1.5
447 -> 496, -2, 1.25, 5, -1
447 -> 496, -2, 1.25, 4, -1
448 -> 496, -1, 0.25, 4, -0.5
448 -> 496, -1, 0.25, 3, -2
448 -> 496, -1, 0.25, 1, -1.5
448 -> 496, -1, 0.25, 3, -0.5
448 -> 496, -1, 0.25, 2, -1.5
448 -> 496, -3, 1.75, 1, -1
448 -> 496, -1, 0.25, 5, -0.5
448 -> 496, -1, 1.75, 5, -0.5
449 -> 496, -5, 0.25, 4, -1.5
449 -> 496, -2, 0.25, 5, -0.5
449 -> 496, -5, 0.25, 5, -1.5
449 -> 496, -2, 1.75, 2, -1
449 -> 496, -2, 1.75, 1, -1
450 -> 496, -4, 0.75, 4, -1
451 -> 496, -2, 0.75, 1, -0.5
451 -> 496, -2, 0.25, 2, -0.5
451 -> 496, -2, 0.25, 1, -0.5
453 -> 496, -1, 0.75, 2, -1.5
454 -> 496, -5, 1.25, 1, -1
454 -> 496, -1, 0.75, 5, -0.5
454 -> 496, -3, 0.75, 1, -0.5
455 -> 496, -1, 1.25, 4, -0.5
455 -> 496, -1, 1.25, 5, -0.5
455 -> 496, -1, 0.75, 1, -2
455 -> 496, -1, 1.75, 2, -2
455 -> 496, -1, 1.25, 3, -0.5
455 -> 496, -4, 1.25, 1, -2
456 -> 496, -1, 1.25, 2, -1
456 -> 496, -4, 0.25, 5, -1
457 -> 496, -5, 1.25, 5, -1.5
457 -> 496, -2, 0.25, 4, -0.5
457 -> 496, -2, 0.25, 3, -0.5
458 -> 496, -5, 0.25, 2, -1
458 -> 496, -5, 0.25, 3, -1
458 -> 496, -5, 0.25, 1, -1
458 -> 496, -4, 0.75, 3, -1
460 -> 496, -4, 0.75, 3, -0.5
460 -> 496, -3, 0.25, 5, -2
460 -> 496, -3, 0.25, 4, -2
461 -> 496, -2, 1.75, 3, -1
462 -> 496, -4, 0.25, 3, -1
462 -> 496, -3, 0.25, 4, -0.5
463 -> 496, -4, 1.25, 4, -2
463 -> 496, -4, 1.25, 3, -2
463 -> 496, -4, 1.25, 5, -2
463 -> 496, -1, 0.75, 5, -1.5
463 -> 496, -4, 1.25, 2, -2
463 -> 496, -1, 0.75, 4, -1.5
464 -> 496, -4, 1.75, 4, -2
464 -> 496, -5, 0.75, 1, -0.5
464 -> 496, -4, 1.75, 5, -2
464 -> 496, -2, 0.75, 5, -1
464 -> 496, -2, 1.75, 2, -2
465 -> 496, -5, 0.25, 1, -1.5
465 -> 496, -2, 1.25, 5, -2
466 -> 496, -4, 0.75, 3, -1.5
466 -> 496, -4, 0.75, 2, -1.5
466 -> 496, -4, 0.75, 5, -1.5
466 -> 496, -5, 1.75, 1, -1
466 -> 496, -4, 0.75, 4, -1.5
467 -> 496, -3, 0.75, 4, -1.5
467 -> 496, -3, 0.75, 3, -1.5
467 -> 496, -3, 0.75, 5, -1.5
467 -> 496, -3, 0.75, 2, -1.5
467 -> 496, -5, 0.25, 4, -1
468 -> 496, -4, 0.25, 2, -2
468 -> 496, -2, 0.75, 5, -2
468 -> 496, -4, 0.25, 3, -2
468 -> 496, -4, 0.25, 5, -2
468 -> 496, -4, 0.25, 4, -2
468 -> 496, -2, 0.75, 4, -2
468 -> 496, -1, 0.25, 4, -1.5
468 -> 496, -1, 0.25, 5, -1.5
468 -> 496, -2, 0.75, 3, -2
469 -> 496, -5, 1.25, 5, -1
469 -> 496, -5, 1.25, 3, -1
469 -> 496, -5, 1.25, 2, -1
469 -> 496, -5, 0.25, 3, -1.5
469 -> 496, -5, 0.25, 2, -1.5
469 -> 496, -1, 0.75, 3, -2
469 -> 496, -2, 0.75, 5, -1.5
469 -> 496, -5, 1.25, 4, -1
470 -> 496, -5, 0.25, 4, -0.5
470 -> 496, -5, 0.25, 3, -0.5
470 -> 496, -5, 0.25, 5, -0.5
471 -> 496, -4, 0.25, 4, -1
471 -> 496, -3, 0.25, 2, -0.5
472 -> 496, -1, 1.25, 4, -1.5
472 -> 496, -2, 1.75, 5, -2
472 -> 496, -1, 1.25, 3, -1.5
472 -> 496, -4, 1.75, 2, -0.5
472 -> 496, -2, 0.25, 3, -1.5
472 -> 496, -1, 1.25, 5, -1.5
473 -> 496, -2, 0.75, 2, -0.5
473 -> 496, -4, 0.75, 5, -1
473 -> 496, -5, 0.25, 5, -1
474 -> 496, -1, 0.75, 2, -2
476 -> 496, -4, 1.25, 2, -1
476 -> 496, -4, 1.25, 3, -1
476 -> 496, -4, 1.25, 4, -1
477 -> 496, -2, 1.75, 1, -2
479 -> 496, -4, 1.25, 3, -1.5
479 -> 496, -3, 1.25, 4, -1.5
481 -> 496, -1, 0.25, 1, -0.5
481 -> 496, -1, 0.25, 2, -0.5
481 -> 496, -1, 0.75, 1, -1.5
481 -> 496, -2, 0.75, 2, -1
482 -> 496, -4, 0.25, 1, -2
482 -> 496, -5, 0.75, 1, -2
482 -> 496, -3, 1.75, 1, -1.5
483 -> 496, -2, 0.75, 1, -1
483 -> 496, -4, 0.25, 2, -0.5
484 -> 496, -5, 1.25, 3, -1.5
485 -> 496, -3, 0.25, 1, -0.5
486 -> 496, -2, 0.75, 1, -2
486 -> 496, -2, 0.75, 2, -2
487 -> 496, -2, 1.25, 3, -1.5
487 -> 496, -2, 1.25, 2, -1.5
487 -> 496, -2, 1.25, 1, -1.5
487 -> 496, -2, 1.25, 4, -1.5
487 -> 496, -5, 1.75, 1, -0.5
487 -> 496, -2, 0.25, 2, -1.5
487 -> 496, -2, 0.25, 1, -1.5
487 -> 496, -1, 1.25, 1, -2
488 -> 496, -3, 0.75, 4, -1
488 -> 496, -3, 0.75, 5, -1
490 -> 496, -4, 0.75, 3, -2
490 -> 496, -4, 0.75, 4, -2
490 -> 496, -3, 1.75, 5, -2
490 -> 496, -4, 0.75, 2, -2
490 -> 496, -4, 0.75, 1, -2
490 -> 496, -3, 1.75, 4, -2
491 -> 496, -3, 1.25, 3, -0.5
492 -> 496, -2, 0.75, 5, -0.5
492 -> 496, -4, 0.25, 1, -0.5
493 -> 496, -4, 0.75, 5, -0.5
496 -> 496, -4, 0.75, 1, -1.5
496 -> 496, -2, 1.75, 2, -0.5
496 -> 496, -2, 1.75, 1, -0.5
498 -> 496, -1, 0.75, 3, -1
498 -> 496, -1, 0.75, 4, -1
498 -> 496, -1, 0.75, 5, -1
500 -> 496, -3, 1.25, 2, -1.5
500 -> 496, -3, 1.25, 3, -1.5
500 -> 496, -3, 1.25, 1, -1.5
500 -> 496, -4, 0.75, 1, -0.5
500 -> 496, -1, 0.25, 4, -2
501 -> 496, -2, 0.25, 3, -2
501 -> 496, -2, 0.25, 4, -2
501 -> 496, -2, 0.25, 1, -2
501 -> 496, -2, 0.25, 2, -2
501 -> 496, -3, 0.25, 5, -1.5
501 -> 496, -2, 0.25, 5, -2
501 -> 496, -3, 0.25, 3, -1.5
501 -> 496, -3, 0.25, 2, -1.5
501 -> 496, -3, 0.25, 1, -1.5
501 -> 496, -3, 0.25, 4, -1.5
502 -> 496, -2, 0.25, 5, -1.5
502 -> 496, -2, 0.25, 4, -1.5
503 -> 496, -4, 1.25, 1, -0.5
506 -> 496, -2, 0.25, 5, -1
506 -> 496, -2, 0.25, 4, -1
506 -> 496, -2, 0.25, 3, -1
506 -> 496, -2, 0.25, 2, -1
506 -> 496, -2, 0.25, 1, -1
509 -> 496, -4, 0.25, 2, -1
509 -> 496, -4, 0.25, 1, -1
513 -> 496, -3, 0.25, 4, -1
513 -> 496, -3, 0.25, 3, -1
513 -> 496, -3, 0.25, 2, -1
513 -> 496, -3, 0.25, 5, -1
513 -> 496, -3, 0.25, 1, -1
513 -> 496, -4, 0.25, 3, -0.5
516 -> 496, -5, 0.75, 2, -1
516 -> 496, -5, 0.75, 3, -1
516 -> 496, -5, 0.75, 4, -1
516 -> 496, -5, 0.75, 5, -1
519 -> 496, -1, 1.25, 1, -1
524 -> 496, -4, 1.75, 3, -0.5
524 -> 496, -4, 1.75, 4, -0.5
524 -> 496, -4, 1.75, 5, -0.5
524 -> 496, -5, 0.75, 1, -1
525 -> 496, -5, 0.25, 2, -0.5
532 -> 496, -3, 1.75, 5, -0.5
535 -> 496, -3, 0.75, 5, -2
535 -> 496, -3, 0.75, 1, -2
535 -> 496, -3, 0.75, 2, -2
535 -> 496, -3, 0.75, 4, -2
535 -> 496, -3, 0.75, 3, -2
536 -> 496, -3, 1.25, 2, -0.5
541 -> 496, -1, 0.25, 5, -2
547 -> 496, -5, 1.75, 5, -0.5
554 -> 496, -4, 1.75, 1, -0.5
558 -> 496, -5, 1.25, 1, -0.5
558 -> 496, -5, 1.25, 2, -0.5
567 -> 496, -5, 1.75, 5, -2
567 -> 496, -5, 1.75, 2, -2
567 -> 496, -5, 1.75, 1, -2
567 -> 496, -5, 1.75, 3, -2
567 -> 496, -5, 1.75, 4, -2
570 -> 496, -4, 1.25, 5, -0.5
570 -> 496, -4, 1.25, 4, -0.5
570 -> 496, -4, 1.25, 3, -0.5
575 -> 496, -3, 1.75, 4, -0.5
575 -> 496, -3, 1.75, 1, -0.5
575 -> 496, -3, 1.75, 2, -0.5
575 -> 496, -3, 1.75, 3, -0.5
582 -> 496, -5, 1.25, 5, -0.5
586 -> 496, -5, 0.25, 1, -2
586 -> 496, -5, 0.25, 4, -2
586 -> 496, -5, 0.25, 5, -2
586 -> 496, -5, 0.25, 3, -2
586 -> 496, -5, 0.25, 2, -2
590 -> 496, -4, 0.25, 5, -1.5
590 -> 496, -4, 0.25, 2, -1.5
590 -> 496, -4, 0.25, 3, -1.5
590 -> 496, -4, 0.25, 4, -1.5
590 -> 496, -4, 0.25, 1, -1.5
603 -> 496, -5, 1.75, 4, -0.5
604 -> 496, -5, 0.75, 4, -2
604 -> 496, -5, 0.75, 2, -2
604 -> 496, -5, 0.75, 5, -2
604 -> 496, -5, 0.75, 3, -2
676 -> 496, -5, 1.25, 4, -0.5
676 -> 496, -5, 1.25, 3, -0.5
763 -> 496, -5, 0.75, 2, -0.5
763 -> 496, -5, 0.75, 3, -0.5
763 -> 496, -5, 0.75, 4, -0.5
763 -> 496, -5, 0.75, 5, -0.5
