318 -> 119, -5, 1.75, 5, -2
335 -> 119, -4, 0.25, 5, -1.5
335 -> 119, -4, 0.25, 5, -1
337 -> 119, -5, 1.75, 5, -1
340 -> 119, -4, 0.75, 1, -2
347 -> 119, -5, 1.75, 4, -1.5
347 -> 119, -4, 1.75, 5, -1.5
349 -> 119, -5, 1.25, 1, -2
349 -> 119, -5, 1.75, 2, -1
350 -> 119, -4, 1.75, 4, -1.5
353 -> 119, -3, 1.25, 2, -2
353 -> 119, -5, 1.75, 4, -2
354 -> 119, -5, 1.25, 4, -2
355 -> 119, -5, 1.75, 3, -1.5
356 -> 119, -5, 1.25, 5, -2
357 -> 119, -3, 1.75, 1, -1.5
360 -> 119, -3, 0.75, 1, -2
361 -> 119, -5, 1.25, 3, -1.5
361 -> 119, -3, 1.25, 5, -2
363 -> 119, -4, 0.75, 2, -2
363 -> 119, -4, 0.75, 3, -2
363 -> 119, -5, 1.75, 3, -2
363 -> 119, -5, 1.75, 2, -1.5
365 -> 119, -4, 1.75, 1, -1.5
365 -> 119, -4, 1.75, 2, -1.5
365 -> 119, -4, 1.75, 3, -1.5
366 -> 119, -3, 1.25, 5, -1
366 -> 119, -2, 1.75, 1, -1.5
367 -> 119, -3, 1.25, 3, -1
368 -> 119, -4, 0.25, 1, -2
368 -> 119, -4, 0.25, 2, -2
368 -> 119, -4, 0.25, 3, -2
368 -> 119, -5, 1.75, 3, -1
368 -> 119, -4, 0.25, 4, -2
368 -> 119, -4, 0.25, 5, -2
368 -> 119, -3, 1.25, 5, -1.5
368 -> 119, -4, 1.75, 3, -2
369 -> 119, -1, 1.75, 2, -1
369 -> 119, -4, 1.25, 4, -1.5
370 -> 119, -4, 1.75, 2, -2
371 -> 119, -2, 1.25, 2, -2
371 -> 119, -4, 1.75, 4, -2
371 -> 119, -4, 1.75, 5, -2
373 -> 119, -4, 1.75, 3, -1
373 -> 119, -4, 0.75, 1, -1.5
374 -> 119, -4, 1.25, 1, -1.5
374 -> 119, -3, 1.75, 2, -0.5
374 -> 119, -5, 1.75, 4, -1
375 -> 119, -5, 1.75, 1, -1
376 -> 119, -4, 1.25, 2, -2
376 -> 119, -4, 1.25, 3, -2
376 -> 119, -4, 1.25, 4, -2
376 -> 119, -3, 0.75, 5, -2
377 -> 119, -1, 1.25, 3, -2
377 -> 119, -1, 1.75, 3, -1
378 -> 119, -3, 0.75, 4, -2
378 -> 119, -3, 0.75, 3, -2
378 -> 119, -3, 1.75, 1, -1
378 -> 119, -5, 1.75, 5, -1.5
378 -> 119, -5, 0.25, 1, -1
379 -> 119, -3, 1.75, 4, -1.5
379 -> 119, -3, 1.75, 5, -1
379 -> 119, -1, 1.25, 5, -2
379 -> 119, -3, 1.75, 5, -1.5
380 -> 119, -3, 1.25, 1, -1.5
384 -> 119, -5, 1.25, 2, -1.5
384 -> 119, -5, 1.25, 1, -1.5
384 -> 119, -5, 1.75, 2, -2
385 -> 119, -3, 1.25, 2, -1
385 -> 119, -3, 1.25, 1, -1
386 -> 119, -4, 1.75, 1, -2
386 -> 119, -1, 1.75, 4, -2
386 -> 119, -5, 1.25, 5, -1
386 -> 119, -3, 0.75, 5, -1
386 -> 119, -1, 1.75, 2, -2
386 -> 119, -1, 1.75, 1, -2
387 -> 119, -4, 1.25, 3, -1.5
388 -> 119, -1, 0.75, 2, -0.5
389 -> 119, -5, 1.75, 1, -2
389 -> 119, -3, 0.75, 2, -2
389 -> 119, -4, 0.75, 4, -2
389 -> 119, -3, 1.25, 4, -1.5
390 -> 119, -2, 1.75, 2, -1.5
391 -> 119, -3, 1.25, 3, -1.5
392 -> 119, -5, 1.25, 5, -1.5
392 -> 119, -2, 1.25, 1, -2
393 -> 119, -4, 1.25, 3, -1
393 -> 119, -4, 1.25, 4, -1
394 -> 119, -1, 0.75, 5, -2
394 -> 119, -5, 1.75, 1, -1.5
394 -> 119, -1, 0.75, 4, -2
394 -> 119, -4, 1.25, 5, -2
395 -> 119, -3, 1.75, 2, -1
395 -> 119, -3, 1.75, 5, -0.5
395 -> 119, -2, 1.75, 4, -1.5
395 -> 119, -2, 1.75, 5, -1.5
396 -> 119, -3, 1.75, 4, -2
396 -> 119, -3, 1.75, 5, -2
396 -> 119, -4, 1.25, 1, -2
397 -> 119, -2, 1.25, 2, -1
397 -> 119, -5, 0.75, 2, -2
397 -> 119, -3, 1.75, 3, -1.5
397 -> 119, -5, 1.25, 3, -1
397 -> 119, -5, 0.75, 3, -2
397 -> 119, -5, 0.75, 1, -2
398 -> 119, -4, 0.75, 5, -1.5
398 -> 119, -4, 0.75, 4, -1.5
398 -> 119, -1, 0.75, 1, -0.5
398 -> 119, -4, 0.75, 3, -1.5
398 -> 119, -4, 0.75, 5, -2
399 -> 119, -3, 0.25, 3, -0.5
399 -> 119, -5, 0.75, 5, -1.5
399 -> 119, -5, 0.75, 4, -1.5
400 -> 119, -3, 1.25, 3, -2
400 -> 119, -4, 0.75, 2, -1.5
400 -> 119, -5, 0.75, 5, -2
400 -> 119, -4, 1.25, 5, -0.5
400 -> 119, -5, 1.25, 4, -1.5
400 -> 119, -5, 0.75, 4, -2
401 -> 119, -3, 0.25, 1, -1.5
401 -> 119, -3, 0.25, 2, -1.5
401 -> 119, -2, 1.75, 3, -0.5
401 -> 119, -4, 1.25, 2, -1.5
402 -> 119, -2, 1.25, 1, -1
402 -> 119, -4, 1.25, 2, -1
402 -> 119, -5, 0.25, 3, -1
402 -> 119, -5, 0.25, 4, -1
402 -> 119, -3, 0.75, 1, -1
402 -> 119, -5, 0.25, 5, -1
402 -> 119, -5, 0.25, 2, -1
402 -> 119, -2, 1.25, 3, -2
402 -> 119, -2, 1.25, 4, -2
403 -> 119, -4, 1.25, 5, -1
404 -> 119, -1, 1.75, 3, -1.5
404 -> 119, -1, 1.75, 4, -1.5
404 -> 119, -1, 0.75, 5, -0.5
404 -> 119, -3, 0.75, 5, -1.5
404 -> 119, -3, 0.75, 4, -1.5
404 -> 119, -5, 1.25, 3, -0.5
404 -> 119, -3, 1.25, 2, -1.5
405 -> 119, -1, 0.25, 4, -2
405 -> 119, -5, 0.75, 1, -1.5
405 -> 119, -5, 0.75, 2, -1.5
405 -> 119, -1, 0.25, 3, -2
405 -> 119, -5, 0.75, 3, -1.5
406 -> 119, -3, 0.75, 3, -1.5
406 -> 119, -3, 1.25, 4, -2
406 -> 119, -4, 0.25, 1, -1.5
406 -> 119, -1, 1.75, 1, -1
406 -> 119, -1, 1.25, 5, -1
406 -> 119, -4, 1.75, 5, -1
407 -> 119, -2, 1.75, 4, -1
408 -> 119, -1, 0.75, 2, -2
410 -> 119, -1, 1.75, 4, -0.5
410 -> 119, -1, 1.75, 3, -0.5
410 -> 119, -2, 1.25, 5, -2
410 -> 119, -1, 1.75, 5, -0.5
410 -> 119, -4, 1.25, 4, -0.5
411 -> 119, -3, 0.75, 1, -1.5
411 -> 119, -2, 1.75, 5, -1
412 -> 119, -4, 1.25, 1, -0.5
412 -> 119, -3, 0.75, 2, -1.5
412 -> 119, -3, 0.25, 1, -0.5
412 -> 119, -5, 1.25, 4, -0.5
412 -> 119, -5, 1.25, 5, -0.5
412 -> 119, -4, 0.25, 3, -1.5
412 -> 119, -4, 0.25, 4, -1.5
413 -> 119, -1, 1.25, 2, -2
413 -> 119, -3, 0.25, 3, -2
414 -> 119, -4, 1.75, 2, -1
414 -> 119, -3, 1.25, 4, -1
414 -> 119, -3, 0.25, 5, -1.5
414 -> 119, -3, 0.25, 4, -1.5
414 -> 119, -3, 1.75, 2, -1.5
414 -> 119, -5, 1.25, 3, -2
414 -> 119, -3, 0.25, 1, -2
414 -> 119, -5, 1.25, 2, -2
415 -> 119, -1, 1.25, 1, -1.5
415 -> 119, -1, 1.25, 1, -0.5
416 -> 119, -1, 0.75, 3, -2
416 -> 119, -3, 0.25, 5, -1
416 -> 119, -1, 1.25, 4, -2
416 -> 119, -3, 0.75, 4, -1
417 -> 119, -2, 0.75, 1, -0.5
417 -> 119, -1, 0.25, 3, -0.5
417 -> 119, -3, 1.75, 1, -2
417 -> 119, -4, 0.25, 2, -1.5
418 -> 119, -1, 1.75, 5, -2
420 -> 119, -3, 1.75, 2, -2
420 -> 119, -3, 1.75, 3, -2
421 -> 119, -2, 1.25, 2, -1.5
421 -> 119, -3, 0.25, 5, -2
421 -> 119, -3, 0.25, 4, -2
421 -> 119, -1, 1.75, 5, -1
422 -> 119, -4, 0.25, 3, -0.5
422 -> 119, -4, 0.25, 4, -0.5
422 -> 119, -4, 0.25, 2, -0.5
422 -> 119, -1, 1.25, 2, -1.5
422 -> 119, -4, 0.75, 1, -1
422 -> 119, -4, 0.25, 1, -0.5
422 -> 119, -2, 1.75, 2, -0.5
422 -> 119, -5, 1.25, 4, -1
423 -> 119, -5, 0.25, 2, -0.5
423 -> 119, -2, 0.25, 1, -2
424 -> 119, -2, 1.75, 4, -0.5
424 -> 119, -5, 0.25, 2, -1.5
424 -> 119, -5, 0.25, 3, -1.5
424 -> 119, -5, 0.25, 1, -1.5
425 -> 119, -2, 1.25, 5, -1.5
425 -> 119, -2, 1.25, 4, -1.5
426 -> 119, -3, 0.75, 3, -1
427 -> 119, -1, 0.25, 5, -2
427 -> 119, -2, 1.75, 1, -1
427 -> 119, -1, 1.75, 5, -1.5
427 -> 119, -5, 0.25, 5, -2
427 -> 119, -5, 0.25, 4, -2
427 -> 119, -2, 0.25, 5, -2
427 -> 119, -5, 0.25, 3, -2
428 -> 119, -2, 1.75, 1, -2
428 -> 119, -2, 1.75, 2, -2
428 -> 119, -2, 0.75, 2, -0.5
428 -> 119, -1, 1.75, 2, -1.5
428 -> 119, -1, 1.75, 1, -1.5
429 -> 119, -1, 0.75, 1, -1
429 -> 119, -2, 0.75, 2, -2
429 -> 119, -2, 0.75, 3, -2
430 -> 119, -2, 0.75, 3, -1.5
430 -> 119, -1, 1.25, 4, -0.5
430 -> 119, -1, 1.25, 1, -2
430 -> 119, -1, 1.25, 3, -0.5
430 -> 119, -1, 1.75, 3, -2
430 -> 119, -1, 1.25, 2, -0.5
430 -> 119, -2, 0.25, 1, -1
430 -> 119, -2, 0.25, 4, -1
430 -> 119, -2, 0.75, 2, -1.5
430 -> 119, -1, 0.75, 1, -1.5
430 -> 119, -2, 1.25, 3, -1.5
430 -> 119, -2, 0.25, 5, -1
431 -> 119, -3, 0.25, 3, -1.5
431 -> 119, -2, 1.25, 1, -1.5
431 -> 119, -2, 1.25, 1, -0.5
431 -> 119, -3, 0.25, 3, -1
431 -> 119, -3, 0.25, 4, -1
432 -> 119, -1, 0.25, 4, -0.5
432 -> 119, -4, 0.75, 4, -1
432 -> 119, -1, 1.75, 4, -1
432 -> 119, -4, 0.75, 5, -1
432 -> 119, -1, 0.25, 5, -0.5
432 -> 119, -1, 1.25, 5, -0.5
433 -> 119, -2, 0.75, 4, -1
433 -> 119, -2, 0.75, 5, -1
433 -> 119, -2, 0.75, 3, -1
433 -> 119, -2, 1.75, 3, -1.5
434 -> 119, -2, 0.25, 3, -2
434 -> 119, -4, 0.25, 2, -1
434 -> 119, -2, 1.75, 2, -1
434 -> 119, -4, 0.25, 1, -1
436 -> 119, -4, 1.75, 4, -1
436 -> 119, -3, 1.75, 4, -1
436 -> 119, -2, 0.25, 2, -1
437 -> 119, -2, 0.25, 4, -2
437 -> 119, -2, 0.75, 1, -2
438 -> 119, -1, 0.25, 2, -0.5
439 -> 119, -1, 0.75, 3, -0.5
439 -> 119, -2, 1.75, 1, -0.5
440 -> 119, -4, 1.75, 1, -1
441 -> 119, -2, 1.25, 5, -1
442 -> 119, -2, 0.25, 4, -0.5
442 -> 119, -5, 1.25, 1, -1
443 -> 119, -1, 0.75, 4, -0.5
443 -> 119, -3, 1.75, 3, -1
443 -> 119, -2, 1.75, 3, -2
443 -> 119, -2, 1.75, 4, -2
445 -> 119, -2, 0.25, 3, -0.5
446 -> 119, -1, 1.25, 5, -1.5
446 -> 119, -1, 0.25, 1, -2
446 -> 119, -3, 1.75, 3, -0.5
446 -> 119, -1, 0.75, 5, -1
446 -> 119, -1, 0.25, 2, -2
446 -> 119, -1, 1.25, 2, -1
446 -> 119, -3, 1.25, 1, -2
446 -> 119, -3, 1.25, 4, -0.5
446 -> 119, -1, 0.75, 2, -1.5
447 -> 119, -1, 0.25, 1, -1.5
449 -> 119, -3, 0.25, 2, -2
449 -> 119, -4, 0.25, 5, -0.5
450 -> 119, -4, 1.25, 5, -1.5
450 -> 119, -1, 1.25, 4, -1
450 -> 119, -1, 1.25, 3, -1
450 -> 119, -2, 0.75, 1, -1.5
452 -> 119, -2, 1.75, 5, -0.5
453 -> 119, -1, 1.75, 1, -0.5
453 -> 119, -1, 1.75, 2, -0.5
453 -> 119, -2, 0.75, 4, -1.5
453 -> 119, -1, 0.75, 4, -1
453 -> 119, -2, 0.25, 3, -1.5
454 -> 119, -1, 0.25, 1, -0.5
454 -> 119, -1, 0.75, 1, -2
454 -> 119, -1, 1.25, 3, -1.5
454 -> 119, -1, 1.25, 4, -1.5
455 -> 119, -5, 0.25, 4, -1.5
455 -> 119, -5, 0.25, 5, -1.5
455 -> 119, -2, 1.75, 5, -2
455 -> 119, -4, 1.75, 5, -0.5
456 -> 119, -2, 0.25, 1, -1.5
457 -> 119, -3, 0.75, 1, -0.5
458 -> 119, -1, 0.25, 2, -1.5
458 -> 119, -2, 1.25, 3, -1
458 -> 119, -2, 1.25, 4, -1
459 -> 119, -3, 1.75, 1, -0.5
459 -> 119, -2, 0.75, 1, -1
459 -> 119, -2, 0.25, 2, -1.5
459 -> 119, -2, 0.75, 3, -0.5
459 -> 119, -3, 0.25, 2, -0.5
460 -> 119, -2, 1.25, 3, -0.5
462 -> 119, -3, 0.75, 2, -1
462 -> 119, -1, 1.25, 1, -1
462 -> 119, -2, 0.75, 4, -2
463 -> 119, -2, 0.25, 3, -1
465 -> 119, -1, 0.25, 1, -1
465 -> 119, -2, 0.25, 2, -2
466 -> 119, -5, 0.75, 4, -1
466 -> 119, -5, 0.75, 5, -1
466 -> 119, -5, 0.75, 3, -1
466 -> 119, -2, 1.75, 3, -1
466 -> 119, -1, 0.75, 5, -1.5
469 -> 119, -1, 0.25, 3, -1.5
469 -> 119, -1, 0.25, 4, -1.5
469 -> 119, -2, 1.25, 2, -0.5
470 -> 119, -3, 0.75, 2, -0.5
470 -> 119, -3, 0.75, 4, -0.5
470 -> 119, -3, 0.75, 3, -0.5
471 -> 119, -2, 0.75, 5, -1.5
471 -> 119, -1, 0.25, 2, -1
471 -> 119, -1, 0.25, 3, -1
471 -> 119, -1, 0.25, 4, -1
471 -> 119, -1, 0.25, 5, -1
472 -> 119, -4, 0.75, 3, -1
472 -> 119, -4, 0.75, 2, -1
472 -> 119, -2, 0.75, 2, -1
473 -> 119, -4, 1.75, 1, -0.5
474 -> 119, -5, 0.25, 1, -2
474 -> 119, -5, 0.25, 2, -2
476 -> 119, -1, 0.75, 3, -1
476 -> 119, -3, 1.25, 5, -0.5
476 -> 119, -2, 0.25, 4, -1.5
476 -> 119, -3, 0.25, 1, -1
476 -> 119, -1, 0.75, 2, -1
476 -> 119, -2, 0.25, 5, -1.5
477 -> 119, -1, 0.75, 4, -1.5
477 -> 119, -5, 1.25, 2, -1
477 -> 119, -1, 0.75, 3, -1.5
477 -> 119, -2, 0.75, 5, -2
479 -> 119, -2, 1.25, 5, -0.5
479 -> 119, -2, 1.25, 4, -0.5
480 -> 119, -4, 1.25, 1, -1
482 -> 119, -2, 0.75, 5, -0.5
486 -> 119, -3, 1.25, 3, -0.5
486 -> 119, -3, 0.25, 2, -1
489 -> 119, -3, 0.25, 5, -0.5
489 -> 119, -3, 0.25, 4, -0.5
489 -> 119, -5, 1.75, 5, -0.5
490 -> 119, -4, 0.25, 4, -1
490 -> 119, -4, 0.25, 3, -1
491 -> 119, -2, 0.25, 2, -0.5
491 -> 119, -2, 0.75, 4, -0.5
492 -> 119, -5, 1.75, 3, -0.5
492 -> 119, -5, 1.75, 4, -0.5
492 -> 119, -4, 1.75, 2, -0.5
495 -> 119, -2, 0.25, 5, -0.5
504 -> 119, -1, 0.25, 5, -1.5
508 -> 119, -4, 1.75, 3, -0.5
508 -> 119, -4, 1.75, 4, -0.5
520 -> 119, -3, 1.25, 2, -0.5
526 -> 119, -5, 0.25, 1, -0.5
528 -> 119, -5, 0.75, 1, -1
528 -> 119, -5, 0.75, 2, -1
532 -> 119, -3, 1.25, 1, -0.5
537 -> 119, -2, 0.25, 1, -0.5
557 -> 119, -3, 0.75, 5, -0.5
561 -> 119, -3, 1.75, 4, -0.5
582 -> 119, -4, 1.25, 2, -0.5
582 -> 119, -4, 1.25, 3, -0.5
622 -> 119, -5, 1.75, 2, -0.5
648 -> 119, -5, 0.75, 3, -0.5
648 -> 119, -5, 0.75, 5, -0.5
648 -> 119, -5, 0.75, 4, -0.5
663 -> 119, -4, 0.75, 2, -0.5
663 -> 119, -4, 0.75, 1, -0.5
663 -> 119, -4, 0.75, 5, -0.5
663 -> 119, -4, 0.75, 4, -0.5
663 -> 119, -4, 0.75, 3, -0.5
676 -> 119, -5, 0.25, 3, -0.5
676 -> 119, -5, 0.25, 4, -0.5
676 -> 119, -5, 0.25, 5, -0.5
687 -> 119, -5, 0.75, 2, -0.5
698 -> 119, -5, 0.75, 1, -0.5
709 -> 119, -5, 1.25, 2, -0.5
709 -> 119, -5, 1.25, 1, -0.5
786 -> 119, -5, 1.75, 1, -0.5
