249 -> 124, -3, 1.25, 3, -1
338 -> 124, -5, 1.75, 2, -2
357 -> 124, -5, 0.75, 4, -2
357 -> 124, -5, 0.75, 5, -2
359 -> 124, -1, 0.75, 5, -2
360 -> 124, -5, 1.75, 3, -1.5
360 -> 124, -4, 0.75, 2, -2
363 -> 124, -3, 1.25, 5, -1.5
366 -> 124, -5, 0.25, 5, -1
366 -> 124, -2, 1.75, 1, -0.5
370 -> 124, -3, 1.75, 3, -1
370 -> 124, -1, 1.75, 5, -2
372 -> 124, -3, 1.75, 2, -1.5
374 -> 124, -4, 1.75, 5, -1
374 -> 124, -4, 1.25, 4, -2
374 -> 124, -1, 1.75, 1, -1.5
374 -> 124, -4, 1.75, 4, -2
377 -> 124, -5, 0.75, 4, -1.5
377 -> 124, -3, 1.75, 4, -2
377 -> 124, -4, 1.75, 4, -1
377 -> 124, -4, 1.75, 3, -1
377 -> 124, -5, 0.75, 3, -1.5
378 -> 124, -5, 0.75, 1, -2
379 -> 124, -5, 0.25, 5, -1.5
380 -> 124, -3, 1.75, 3, -1.5
381 -> 124, -4, 1.25, 1, -1.5
381 -> 124, -3, 1.75, 4, -0.5
381 -> 124, -2, 1.25, 3, -1
382 -> 124, -1, 1.75, 1, -2
383 -> 124, -5, 1.75, 5, -2
383 -> 124, -2, 0.25, 3, -1
383 -> 124, -5, 1.75, 4, -1.5
383 -> 124, -5, 1.75, 4, -2
383 -> 124, -3, 1.75, 5, -1.5
384 -> 124, -4, 1.25, 5, -2
384 -> 124, -2, 0.25, 2, -2
385 -> 124, -3, 1.75, 2, -2
387 -> 124, -5, 0.25, 2, -1
387 -> 124, -5, 1.75, 3, -2
388 -> 124, -5, 0.25, 1, -1
388 -> 124, -5, 1.75, 5, -1
390 -> 124, -5, 0.25, 4, -1
390 -> 124, -4, 0.75, 5, -2
390 -> 124, -2, 1.75, 1, -2
391 -> 124, -3, 1.75, 3, -2
392 -> 124, -5, 0.25, 3, -1
392 -> 124, -4, 1.25, 5, -1.5
392 -> 124, -5, 0.75, 1, -1.5
392 -> 124, -4, 1.25, 4, -1.5
392 -> 124, -5, 0.75, 2, -1.5
393 -> 124, -3, 1.75, 5, -0.5
394 -> 124, -1, 0.75, 3, -2
396 -> 124, -1, 1.75, 4, -0.5
396 -> 124, -5, 0.75, 4, -1
396 -> 124, -4, 0.75, 3, -1.5
396 -> 124, -5, 1.25, 2, -1
398 -> 124, -3, 1.75, 1, -1.5
398 -> 124, -2, 1.25, 4, -1
398 -> 124, -3, 1.75, 5, -2
398 -> 124, -2, 1.25, 1, -2
399 -> 124, -2, 1.75, 1, -1.5
400 -> 124, -3, 1.75, 4, -1.5
400 -> 124, -5, 1.25, 2, -1.5
401 -> 124, -4, 0.75, 4, -1.5
401 -> 124, -5, 0.25, 3, -1.5
403 -> 124, -2, 1.25, 2, -2
403 -> 124, -2, 1.25, 4, -2
403 -> 124, -2, 1.25, 2, -1
403 -> 124, -1, 1.75, 2, -1
403 -> 124, -3, 1.75, 5, -1
403 -> 124, -2, 1.25, 3, -2
403 -> 124, -1, 1.75, 1, -1
404 -> 124, -1, 1.75, 3, -2
404 -> 124, -2, 0.75, 1, -1.5
405 -> 124, -1, 1.75, 4, -2
405 -> 124, -4, 1.75, 2, -1.5
405 -> 124, -1, 1.75, 2, -1.5
405 -> 124, -2, 0.75, 1, -2
406 -> 124, -4, 0.75, 5, -1.5
406 -> 124, -3, 0.75, 3, -2
406 -> 124, -3, 0.75, 4, -2
407 -> 124, -4, 0.25, 1, -1.5
407 -> 124, -4, 0.25, 2, -1.5
407 -> 124, -4, 0.25, 3, -1.5
407 -> 124, -1, 0.75, 4, -2
407 -> 124, -1, 0.75, 5, -1.5
407 -> 124, -2, 0.75, 2, -2
408 -> 124, -1, 0.75, 2, -2
410 -> 124, -1, 1.25, 4, -0.5
410 -> 124, -1, 1.25, 5, -0.5
411 -> 124, -3, 0.25, 3, -2
411 -> 124, -3, 0.25, 2, -2
411 -> 124, -5, 1.75, 5, -1.5
411 -> 124, -3, 0.25, 1, -2
412 -> 124, -5, 1.25, 3, -1.5
412 -> 124, -5, 0.75, 2, -2
412 -> 124, -5, 0.75, 5, -1.5
412 -> 124, -1, 0.75, 1, -2
412 -> 124, -4, 1.75, 1, -1.5
413 -> 124, -2, 1.75, 5, -1
413 -> 124, -2, 1.25, 5, -1
414 -> 124, -4, 1.75, 1, -2
415 -> 124, -4, 1.75, 5, -2
415 -> 124, -4, 0.75, 4, -2
415 -> 124, -5, 1.25, 5, -1
416 -> 124, -3, 1.25, 2, -2
416 -> 124, -3, 1.25, 3, -2
416 -> 124, -3, 1.25, 1, -2
416 -> 124, -4, 0.75, 1, -1
416 -> 124, -3, 0.75, 5, -2
416 -> 124, -2, 0.25, 5, -1
416 -> 124, -2, 0.25, 4, -1
417 -> 124, -3, 0.25, 1, -0.5
417 -> 124, -3, 0.25, 1, -1
418 -> 124, -2, 1.75, 4, -1
418 -> 124, -1, 1.75, 3, -0.5
419 -> 124, -1, 0.75, 1, -1.5
419 -> 124, -1, 0.75, 2, -1.5
419 -> 124, -1, 0.75, 3, -1.5
420 -> 124, -3, 0.25, 2, -1
420 -> 124, -3, 0.25, 3, -1
421 -> 124, -1, 1.75, 2, -2
421 -> 124, -2, 0.75, 5, -1
421 -> 124, -5, 0.25, 4, -1.5
421 -> 124, -4, 0.75, 1, -2
422 -> 124, -2, 1.25, 5, -1.5
422 -> 124, -4, 1.25, 3, -1.5
422 -> 124, -2, 1.25, 4, -1.5
422 -> 124, -2, 1.25, 1, -1
423 -> 124, -2, 0.25, 4, -2
423 -> 124, -2, 0.25, 3, -2
423 -> 124, -2, 0.75, 4, -1
423 -> 124, -1, 1.25, 5, -2
423 -> 124, -2, 0.75, 3, -1
423 -> 124, -2, 0.25, 5, -2
424 -> 124, -1, 1.25, 1, -1
424 -> 124, -3, 0.75, 2, -2
425 -> 124, -1, 1.75, 5, -1.5
425 -> 124, -3, 0.25, 4, -1
425 -> 124, -3, 0.25, 5, -1
426 -> 124, -4, 1.75, 1, -0.5
426 -> 124, -4, 0.75, 3, -2
427 -> 124, -1, 1.75, 3, -1.5
427 -> 124, -3, 0.75, 1, -2
428 -> 124, -4, 1.75, 3, -2
428 -> 124, -2, 0.75, 1, -1
428 -> 124, -4, 1.75, 2, -2
428 -> 124, -4, 1.25, 2, -1.5
429 -> 124, -1, 1.25, 5, -1
429 -> 124, -4, 1.25, 2, -2
429 -> 124, -5, 0.25, 1, -2
429 -> 124, -4, 1.25, 3, -2
429 -> 124, -5, 1.75, 1, -1.5
429 -> 124, -4, 1.25, 1, -2
429 -> 124, -2, 1.75, 5, -0.5
429 -> 124, -1, 0.75, 5, -0.5
430 -> 124, -1, 1.75, 4, -1.5
431 -> 124, -3, 0.25, 1, -1.5
431 -> 124, -3, 0.25, 2, -1.5
431 -> 124, -3, 0.25, 3, -1.5
431 -> 124, -2, 1.25, 5, -2
431 -> 124, -4, 1.75, 3, -1.5
431 -> 124, -4, 1.75, 4, -1.5
431 -> 124, -4, 1.75, 5, -1.5
432 -> 124, -2, 1.75, 3, -2
432 -> 124, -2, 1.75, 2, -2
432 -> 124, -2, 0.75, 5, -2
433 -> 124, -4, 1.25, 1, -0.5
433 -> 124, -5, 1.25, 1, -1.5
433 -> 124, -2, 0.25, 1, -2
433 -> 124, -2, 0.75, 3, -1.5
434 -> 124, -1, 0.25, 1, -0.5
434 -> 124, -2, 0.75, 2, -1
434 -> 124, -2, 0.75, 2, -1.5
436 -> 124, -2, 1.25, 2, -1.5
436 -> 124, -2, 1.25, 1, -1.5
436 -> 124, -2, 1.25, 3, -1.5
437 -> 124, -1, 1.25, 5, -1.5
437 -> 124, -2, 1.75, 4, -2
437 -> 124, -2, 1.75, 5, -1.5
437 -> 124, -2, 0.75, 4, -2
437 -> 124, -2, 1.75, 5, -2
438 -> 124, -1, 1.25, 3, -0.5
438 -> 124, -5, 0.75, 5, -1
438 -> 124, -5, 0.75, 3, -2
440 -> 124, -5, 0.25, 4, -2
440 -> 124, -5, 0.25, 5, -2
441 -> 124, -1, 0.25, 1, -1
441 -> 124, -1, 1.25, 4, -2
441 -> 124, -5, 1.75, 2, -1.5
442 -> 124, -1, 1.75, 5, -0.5
442 -> 124, -1, 1.75, 2, -0.5
444 -> 124, -4, 1.75, 2, -0.5
444 -> 124, -3, 0.25, 3, -0.5
444 -> 124, -1, 1.75, 1, -0.5
444 -> 124, -3, 1.75, 4, -1
445 -> 124, -5, 0.75, 2, -1
445 -> 124, -5, 0.75, 3, -1
446 -> 124, -2, 0.25, 5, -0.5
447 -> 124, -3, 1.25, 1, -1
448 -> 124, -2, 0.75, 4, -1.5
448 -> 124, -3, 1.75, 2, -1
448 -> 124, -4, 0.75, 5, -1
448 -> 124, -3, 0.25, 5, -2
448 -> 124, -3, 0.25, 4, -2
448 -> 124, -3, 1.25, 4, -1
450 -> 124, -1, 1.25, 3, -1.5
450 -> 124, -1, 1.75, 3, -1
450 -> 124, -2, 0.75, 3, -2
451 -> 124, -2, 1.75, 1, -1
452 -> 124, -1, 1.25, 1, -0.5
452 -> 124, -3, 0.75, 1, -1.5
453 -> 124, -2, 0.25, 2, -1
453 -> 124, -2, 1.75, 3, -0.5
453 -> 124, -2, 0.25, 1, -1
453 -> 124, -5, 1.75, 4, -1
453 -> 124, -4, 0.25, 4, -1
453 -> 124, -4, 0.25, 3, -1
453 -> 124, -4, 0.25, 5, -1
454 -> 124, -1, 0.25, 4, -0.5
454 -> 124, -4, 0.25, 1, -2
454 -> 124, -4, 0.25, 1, -1
454 -> 124, -1, 0.25, 3, -0.5
455 -> 124, -1, 0.25, 2, -0.5
455 -> 124, -3, 0.75, 1, -1
456 -> 124, -5, 1.75, 1, -0.5
456 -> 124, -3, 1.25, 2, -1.5
456 -> 124, -3, 1.25, 1, -1.5
456 -> 124, -3, 1.25, 3, -1.5
456 -> 124, -5, 1.75, 2, -0.5
456 -> 124, -3, 1.25, 4, -1.5
456 -> 124, -5, 0.25, 2, -1.5
456 -> 124, -5, 0.25, 1, -1.5
457 -> 124, -3, 0.25, 5, -1.5
457 -> 124, -1, 1.75, 4, -1
457 -> 124, -3, 0.25, 4, -1.5
457 -> 124, -1, 1.75, 5, -1
457 -> 124, -3, 1.25, 1, -0.5
458 -> 124, -2, 1.75, 4, -0.5
458 -> 124, -3, 1.25, 5, -1
459 -> 124, -1, 0.75, 1, -0.5
459 -> 124, -4, 0.25, 2, -1
459 -> 124, -2, 1.75, 4, -1.5
459 -> 124, -3, 0.75, 2, -1
460 -> 124, -1, 0.75, 5, -1
462 -> 124, -1, 0.25, 3, -1
462 -> 124, -1, 0.25, 4, -1
462 -> 124, -1, 1.25, 2, -2
462 -> 124, -1, 1.25, 1, -2
462 -> 124, -1, 1.25, 3, -2
463 -> 124, -3, 0.75, 4, -1.5
463 -> 124, -3, 1.75, 1, -1
463 -> 124, -3, 0.75, 5, -1.5
463 -> 124, -3, 0.75, 3, -1.5
463 -> 124, -2, 1.75, 3, -1
463 -> 124, -1, 0.75, 2, -0.5
463 -> 124, -1, 0.75, 3, -0.5
463 -> 124, -1, 0.75, 4, -0.5
463 -> 124, -3, 0.75, 2, -1.5
464 -> 124, -5, 0.75, 1, -1
464 -> 124, -4, 0.25, 4, -1.5
465 -> 124, -5, 1.25, 4, -0.5
465 -> 124, -5, 1.25, 3, -0.5
466 -> 124, -4, 0.25, 5, -2
466 -> 124, -3, 1.25, 4, -2
466 -> 124, -3, 0.25, 2, -0.5
466 -> 124, -3, 1.25, 5, -2
466 -> 124, -4, 0.25, 4, -2
466 -> 124, -2, 1.75, 2, -1
466 -> 124, -1, 0.25, 1, -2
467 -> 124, -2, 1.75, 3, -1.5
467 -> 124, -2, 1.75, 2, -1.5
468 -> 124, -2, 0.75, 5, -1.5
468 -> 124, -1, 1.25, 2, -1.5
469 -> 124, -4, 0.25, 2, -2
469 -> 124, -4, 0.25, 3, -2
469 -> 124, -3, 1.25, 5, -0.5
469 -> 124, -3, 1.75, 1, -2
470 -> 124, -5, 1.25, 5, -1.5
470 -> 124, -5, 0.25, 3, -2
471 -> 124, -2, 0.75, 5, -0.5
471 -> 124, -2, 1.75, 2, -0.5
472 -> 124, -3, 1.25, 4, -0.5
472 -> 124, -5, 1.75, 2, -1
472 -> 124, -1, 0.25, 2, -2
472 -> 124, -3, 1.25, 3, -0.5
473 -> 124, -1, 0.25, 5, -1
473 -> 124, -1, 0.25, 5, -0.5
473 -> 124, -5, 0.25, 2, -2
474 -> 124, -1, 1.25, 1, -1.5
475 -> 124, -4, 0.75, 5, -0.5
475 -> 124, -3, 0.25, 5, -0.5
476 -> 124, -2, 1.25, 1, -0.5
477 -> 124, -4, 1.25, 1, -1
477 -> 124, -5, 1.25, 3, -2
477 -> 124, -5, 1.25, 2, -2
477 -> 124, -5, 1.25, 1, -2
478 -> 124, -5, 1.75, 1, -1
478 -> 124, -4, 0.75, 4, -1
480 -> 124, -5, 1.25, 4, -2
480 -> 124, -1, 1.25, 4, -1.5
480 -> 124, -5, 1.25, 5, -2
480 -> 124, -1, 0.25, 1, -1.5
481 -> 124, -1, 0.25, 2, -1
481 -> 124, -3, 0.25, 4, -0.5
484 -> 124, -1, 1.25, 4, -1
484 -> 124, -1, 1.25, 3, -1
484 -> 124, -1, 1.25, 2, -1
486 -> 124, -2, 0.25, 1, -1.5
487 -> 124, -4, 0.75, 1, -1.5
487 -> 124, -4, 0.75, 2, -1.5
489 -> 124, -2, 1.25, 5, -0.5
490 -> 124, -3, 0.75, 4, -1
490 -> 124, -1, 0.75, 4, -1
490 -> 124, -1, 0.25, 3, -2
490 -> 124, -4, 0.25, 5, -1.5
490 -> 124, -3, 0.75, 3, -1
490 -> 124, -1, 0.25, 4, -2
490 -> 124, -1, 0.25, 5, -2
490 -> 124, -3, 0.75, 5, -1
492 -> 124, -5, 1.25, 5, -0.5
492 -> 124, -4, 0.25, 2, -0.5
492 -> 124, -4, 0.25, 4, -0.5
492 -> 124, -4, 0.25, 3, -0.5
492 -> 124, -4, 1.75, 2, -1
493 -> 124, -4, 1.75, 1, -1
495 -> 124, -2, 0.25, 3, -0.5
496 -> 124, -2, 0.25, 2, -1.5
496 -> 124, -2, 0.25, 4, -0.5
496 -> 124, -2, 0.25, 3, -1.5
496 -> 124, -4, 0.75, 2, -1
496 -> 124, -2, 0.25, 5, -1.5
496 -> 124, -1, 1.25, 2, -0.5
496 -> 124, -2, 0.25, 4, -1.5
497 -> 124, -1, 0.25, 5, -1.5
497 -> 124, -5, 1.75, 3, -1
499 -> 124, -2, 0.75, 1, -0.5
501 -> 124, -1, 0.75, 4, -1.5
503 -> 124, -1, 0.25, 4, -1.5
505 -> 124, -5, 1.25, 3, -1
505 -> 124, -5, 1.25, 4, -1
508 -> 124, -1, 0.75, 3, -1
509 -> 124, -2, 0.25, 1, -0.5
511 -> 124, -1, 0.75, 2, -1
513 -> 124, -4, 1.75, 5, -0.5
515 -> 124, -4, 1.75, 4, -0.5
515 -> 124, -5, 1.25, 4, -1.5
515 -> 124, -4, 1.75, 3, -0.5
516 -> 124, -4, 1.25, 3, -0.5
516 -> 124, -5, 1.75, 1, -2
516 -> 124, -4, 1.25, 4, -0.5
516 -> 124, -4, 1.25, 2, -0.5
516 -> 124, -4, 1.25, 5, -0.5
519 -> 124, -1, 0.75, 1, -1
519 -> 124, -1, 0.25, 2, -1.5
519 -> 124, -1, 0.25, 3, -1.5
521 -> 124, -3, 1.25, 2, -1
526 -> 124, -4, 0.25, 5, -0.5
535 -> 124, -3, 1.75, 2, -0.5
535 -> 124, -3, 1.75, 1, -0.5
537 -> 124, -4, 1.25, 2, -1
537 -> 124, -4, 1.25, 3, -1
537 -> 124, -4, 1.25, 5, -1
537 -> 124, -4, 1.25, 4, -1
542 -> 124, -2, 1.25, 3, -0.5
542 -> 124, -2, 1.25, 4, -0.5
542 -> 124, -2, 1.25, 2, -0.5
544 -> 124, -2, 0.75, 4, -0.5
544 -> 124, -2, 0.75, 3, -0.5
544 -> 124, -2, 0.75, 2, -0.5
550 -> 124, -5, 0.25, 5, -0.5
558 -> 124, -5, 1.25, 1, -1
560 -> 124, -4, 0.75, 3, -1
568 -> 124, -4, 0.75, 4, -0.5
571 -> 124, -3, 0.75, 3, -0.5
571 -> 124, -3, 0.75, 2, -0.5
571 -> 124, -3, 0.75, 1, -0.5
571 -> 124, -3, 0.75, 5, -0.5
571 -> 124, -3, 0.75, 4, -0.5
573 -> 124, -2, 0.25, 2, -0.5
574 -> 124, -3, 1.25, 2, -0.5
607 -> 124, -3, 1.75, 3, -0.5
616 -> 124, -5, 1.75, 4, -0.5
616 -> 124, -5, 1.75, 3, -0.5
626 -> 124, -4, 0.25, 1, -0.5
628 -> 124, -5, 1.25, 1, -0.5
641 -> 124, -5, 0.75, 1, -0.5
644 -> 124, -5, 0.75, 5, -0.5
659 -> 124, -5, 1.75, 5, -0.5
664 -> 124, -5, 0.75, 4, -0.5
664 -> 124, -5, 0.75, 2, -0.5
664 -> 124, -5, 0.75, 3, -0.5
716 -> 124, -5, 0.25, 2, -0.5
716 -> 124, -5, 0.25, 4, -0.5
716 -> 124, -5, 0.25, 1, -0.5
716 -> 124, -5, 0.25, 3, -0.5
719 -> 124, -4, 0.75, 3, -0.5
719 -> 124, -4, 0.75, 2, -0.5
719 -> 124, -4, 0.75, 1, -0.5
748 -> 124, -5, 1.25, 2, -0.5
