366 -> 360, -2, 0.75, 4, -2
373 -> 360, -5, 1.25, 2, -1.5
376 -> 360, -2, 0.75, 5, -2
383 -> 360, -3, 1.75, 4, -1.5
383 -> 360, -3, 1.75, 3, -1.5
386 -> 360, -4, 1.25, 2, -1.5
386 -> 360, -4, 1.25, 1, -1.5
388 -> 360, -3, 1.75, 2, -2
388 -> 360, -5, 1.25, 3, -1
388 -> 360, -1, 1.75, 1, -1.5
390 -> 360, -1, 1.25, 2, -1
398 -> 360, -5, 1.25, 1, -1
398 -> 360, -5, 1.25, 2, -1
400 -> 360, -2, 0.75, 4, -0.5
400 -> 360, -5, 1.25, 5, -0.5
400 -> 360, -1, 1.75, 4, -1.5
400 -> 360, -3, 1.75, 1, -1
400 -> 360, -1, 1.75, 5, -1.5
402 -> 360, -2, 0.25, 2, -0.5
403 -> 360, -1, 0.25, 1, -0.5
403 -> 360, -1, 1.75, 2, -1.5
407 -> 360, -2, 1.25, 3, -0.5
408 -> 360, -1, 0.75, 1, -0.5
408 -> 360, -1, 1.25, 5, -1
408 -> 360, -5, 1.75, 4, -1
408 -> 360, -1, 1.25, 4, -1
408 -> 360, -5, 1.75, 5, -1
408 -> 360, -3, 1.75, 4, -0.5
409 -> 360, -5, 1.25, 5, -1
411 -> 360, -3, 1.75, 2, -1.5
412 -> 360, -4, 1.25, 5, -1
414 -> 360, -2, 1.25, 1, -1.5
415 -> 360, -2, 1.75, 5, -1.5
415 -> 360, -2, 1.25, 4, -0.5
416 -> 360, -5, 0.75, 5, -1
416 -> 360, -5, 0.75, 4, -1
417 -> 360, -3, 1.75, 5, -1
417 -> 360, -4, 1.25, 2, -1
418 -> 360, -3, 0.25, 2, -1
418 -> 360, -3, 0.25, 1, -1
418 -> 360, -3, 1.75, 3, -1
420 -> 360, -2, 1.25, 5, -0.5
420 -> 360, -5, 1.25, 4, -1
421 -> 360, -5, 1.25, 1, -1.5
421 -> 360, -5, 1.25, 3, -1.5
422 -> 360, -2, 1.75, 2, -0.5
422 -> 360, -3, 0.75, 5, -0.5
423 -> 360, -4, 0.75, 4, -1
424 -> 360, -3, 0.75, 3, -0.5
424 -> 360, -3, 0.75, 4, -0.5
424 -> 360, -1, 1.25, 4, -0.5
424 -> 360, -4, 1.75, 1, -1
426 -> 360, -5, 1.25, 5, -2
426 -> 360, -5, 1.25, 4, -2
426 -> 360, -1, 1.75, 1, -1
426 -> 360, -2, 1.25, 3, -1.5
427 -> 360, -1, 0.75, 3, -0.5
427 -> 360, -1, 0.75, 4, -0.5
427 -> 360, -1, 0.75, 2, -0.5
427 -> 360, -1, 0.75, 5, -0.5
428 -> 360, -3, 0.75, 3, -1
428 -> 360, -1, 1.75, 5, -1
429 -> 360, -2, 0.75, 3, -0.5
430 -> 360, -4, 0.75, 3, -1
431 -> 360, -2, 1.75, 2, -1
431 -> 360, -2, 1.75, 1, -1
431 -> 360, -2, 1.75, 3, -1
431 -> 360, -2, 1.75, 4, -1
431 -> 360, -2, 1.75, 5, -1
433 -> 360, -1, 1.75, 4, -2
433 -> 360, -1, 1.75, 5, -2
434 -> 360, -3, 1.25, 3, -2
434 -> 360, -1, 1.25, 3, -0.5
434 -> 360, -3, 1.25, 4, -2
434 -> 360, -3, 1.25, 2, -2
434 -> 360, -3, 1.25, 5, -2
434 -> 360, -4, 1.25, 4, -1.5
435 -> 360, -2, 1.25, 2, -1.5
435 -> 360, -4, 1.75, 4, -1
435 -> 360, -1, 1.25, 3, -1
435 -> 360, -4, 1.75, 3, -1
435 -> 360, -1, 0.75, 4, -1
437 -> 360, -3, 0.75, 1, -1.5
437 -> 360, -2, 0.25, 1, -0.5
438 -> 360, -4, 1.25, 4, -1
438 -> 360, -4, 1.25, 3, -1
438 -> 360, -3, 1.25, 1, -2
440 -> 360, -1, 1.25, 5, -0.5
440 -> 360, -1, 0.75, 3, -1
440 -> 360, -1, 0.75, 1, -1
441 -> 360, -1, 1.25, 1, -1
441 -> 360, -3, 1.75, 3, -0.5
441 -> 360, -5, 0.75, 1, -0.5
441 -> 360, -1, 0.75, 2, -1
441 -> 360, -1, 0.25, 1, -1
442 -> 360, -1, 1.75, 3, -1.5
442 -> 360, -5, 0.25, 1, -0.5
442 -> 360, -5, 0.25, 2, -0.5
442 -> 360, -5, 0.25, 3, -0.5
442 -> 360, -5, 0.25, 4, -0.5
442 -> 360, -1, 1.25, 1, -1.5
443 -> 360, -4, 0.75, 3, -2
443 -> 360, -2, 0.75, 3, -2
443 -> 360, -4, 0.75, 2, -2
443 -> 360, -4, 0.75, 4, -2
443 -> 360, -2, 0.75, 1, -1.5
443 -> 360, -3, 1.75, 1, -1.5
443 -> 360, -4, 0.75, 1, -2
444 -> 360, -2, 0.75, 1, -2
447 -> 360, -1, 0.25, 3, -1
447 -> 360, -2, 1.25, 2, -0.5
447 -> 360, -1, 0.25, 4, -1
447 -> 360, -1, 0.75, 5, -2
448 -> 360, -5, 0.75, 2, -1
448 -> 360, -3, 1.25, 3, -0.5
448 -> 360, -5, 0.75, 3, -1
451 -> 360, -4, 0.75, 2, -1
451 -> 360, -3, 1.25, 5, -1
452 -> 360, -3, 1.25, 5, -1.5
452 -> 360, -3, 1.25, 5, -0.5
452 -> 360, -1, 0.75, 1, -1.5
452 -> 360, -3, 1.25, 4, -1.5
452 -> 360, -2, 1.75, 1, -0.5
452 -> 360, -3, 1.25, 4, -0.5
452 -> 360, -4, 0.25, 5, -1.5
452 -> 360, -4, 0.25, 4, -1.5
453 -> 360, -3, 1.75, 1, -2
453 -> 360, -5, 1.75, 3, -1
453 -> 360, -5, 0.75, 2, -1.5
453 -> 360, -5, 0.75, 2, -0.5
454 -> 360, -2, 1.75, 4, -2
454 -> 360, -2, 1.75, 5, -2
454 -> 360, -4, 1.75, 2, -1
455 -> 360, -3, 1.75, 5, -1.5
456 -> 360, -3, 0.75, 1, -2
456 -> 360, -3, 0.75, 2, -2
456 -> 360, -3, 0.75, 4, -2
456 -> 360, -3, 0.75, 3, -2
456 -> 360, -2, 0.75, 2, -1
456 -> 360, -2, 0.75, 1, -1
457 -> 360, -4, 0.75, 1, -1
457 -> 360, -3, 1.75, 5, -2
457 -> 360, -3, 1.25, 2, -1
457 -> 360, -1, 1.25, 2, -0.5
457 -> 360, -1, 0.25, 2, -1
457 -> 360, -2, 1.75, 1, -1.5
457 -> 360, -3, 1.25, 4, -1
457 -> 360, -3, 1.25, 3, -1
458 -> 360, -2, 0.75, 2, -1.5
458 -> 360, -2, 0.75, 3, -1.5
458 -> 360, -2, 1.25, 4, -2
458 -> 360, -3, 0.75, 2, -1.5
458 -> 360, -3, 0.75, 3, -1.5
459 -> 360, -4, 0.75, 3, -1.5
459 -> 360, -5, 1.75, 4, -2
459 -> 360, -5, 0.75, 1, -1
459 -> 360, -4, 0.75, 2, -1.5
459 -> 360, -4, 0.75, 1, -1.5
459 -> 360, -4, 0.75, 5, -1.5
459 -> 360, -4, 0.75, 4, -1.5
459 -> 360, -5, 1.75, 5, -2
459 -> 360, -2, 1.75, 3, -2
461 -> 360, -1, 1.75, 2, -1
461 -> 360, -3, 0.75, 2, -1
461 -> 360, -2, 0.75, 4, -1.5
461 -> 360, -1, 0.75, 2, -1.5
461 -> 360, -5, 1.25, 3, -2
461 -> 360, -1, 0.75, 3, -1.5
461 -> 360, -5, 1.25, 2, -2
462 -> 360, -3, 1.75, 4, -1
462 -> 360, -3, 0.25, 2, -1.5
462 -> 360, -2, 0.25, 1, -1
462 -> 360, -3, 0.25, 3, -1.5
462 -> 360, -3, 0.25, 5, -1.5
462 -> 360, -3, 0.25, 4, -1.5
464 -> 360, -2, 1.75, 1, -2
464 -> 360, -2, 1.75, 2, -2
465 -> 360, -2, 0.75, 5, -1.5
466 -> 360, -1, 1.75, 4, -1
466 -> 360, -1, 0.25, 3, -2
466 -> 360, -3, 1.75, 3, -2
466 -> 360, -1, 0.25, 2, -2
466 -> 360, -1, 0.25, 1, -2
466 -> 360, -2, 0.75, 5, -1
467 -> 360, -1, 1.75, 1, -2
467 -> 360, -1, 0.75, 3, -2
467 -> 360, -1, 0.75, 4, -2
467 -> 360, -1, 1.25, 3, -1.5
467 -> 360, -1, 1.25, 2, -1.5
467 -> 360, -3, 1.75, 4, -2
467 -> 360, -1, 1.25, 5, -1.5
467 -> 360, -1, 1.25, 4, -1.5
467 -> 360, -1, 1.75, 2, -2
468 -> 360, -1, 1.25, 1, -0.5
468 -> 360, -5, 1.25, 1, -2
469 -> 360, -3, 0.25, 5, -1
469 -> 360, -3, 0.25, 4, -1
470 -> 360, -2, 1.75, 2, -1.5
471 -> 360, -1, 1.25, 4, -2
471 -> 360, -4, 1.75, 5, -2
471 -> 360, -4, 1.25, 4, -2
471 -> 360, -5, 0.75, 4, -2
471 -> 360, -5, 0.75, 2, -2
471 -> 360, -5, 0.75, 5, -2
471 -> 360, -5, 0.75, 3, -2
471 -> 360, -1, 1.25, 5, -2
473 -> 360, -2, 0.75, 3, -1
473 -> 360, -5, 0.75, 4, -1.5
473 -> 360, -4, 1.25, 5, -2
473 -> 360, -1, 0.75, 4, -1.5
473 -> 360, -5, 0.75, 3, -1.5
473 -> 360, -5, 0.75, 5, -1.5
473 -> 360, -1, 0.75, 5, -1.5
475 -> 360, -5, 0.25, 5, -0.5
475 -> 360, -3, 1.75, 2, -0.5
475 -> 360, -3, 1.75, 5, -0.5
475 -> 360, -3, 0.75, 1, -1
475 -> 360, -3, 1.75, 1, -0.5
476 -> 360, -3, 1.25, 2, -0.5
476 -> 360, -2, 0.75, 2, -2
476 -> 360, -2, 1.75, 5, -0.5
476 -> 360, -2, 1.25, 5, -1.5
477 -> 360, -3, 0.25, 1, -1.5
477 -> 360, -1, 0.25, 5, -1
477 -> 360, -4, 1.25, 1, -1
478 -> 360, -4, 0.25, 5, -0.5
478 -> 360, -1, 1.25, 1, -2
478 -> 360, -4, 0.25, 4, -0.5
478 -> 360, -1, 0.25, 4, -2
478 -> 360, -2, 1.25, 5, -2
478 -> 360, -2, 1.75, 3, -0.5
478 -> 360, -2, 1.75, 4, -0.5
479 -> 360, -2, 0.75, 2, -0.5
479 -> 360, -4, 0.25, 3, -1.5
479 -> 360, -2, 0.75, 1, -0.5
479 -> 360, -2, 0.25, 3, -1.5
479 -> 360, -4, 0.25, 2, -1.5
479 -> 360, -2, 0.25, 4, -1.5
479 -> 360, -4, 0.25, 1, -1.5
480 -> 360, -3, 0.25, 3, -2
480 -> 360, -2, 0.25, 2, -1.5
480 -> 360, -2, 0.25, 1, -1.5
481 -> 360, -1, 0.25, 5, -2
481 -> 360, -1, 1.75, 3, -1
482 -> 360, -4, 0.75, 5, -2
482 -> 360, -1, 1.25, 3, -2
483 -> 360, -4, 1.75, 5, -0.5
483 -> 360, -4, 1.75, 4, -0.5
483 -> 360, -4, 1.75, 3, -0.5
483 -> 360, -2, 1.75, 4, -1.5
484 -> 360, -4, 1.25, 2, -0.5
484 -> 360, -2, 0.25, 2, -1
484 -> 360, -5, 0.75, 1, -2
484 -> 360, -2, 0.25, 3, -1
484 -> 360, -4, 1.25, 1, -0.5
484 -> 360, -2, 0.25, 4, -1
484 -> 360, -3, 0.25, 5, -0.5
484 -> 360, -4, 0.25, 3, -0.5
484 -> 360, -3, 0.25, 4, -0.5
484 -> 360, -2, 0.25, 5, -1
485 -> 360, -4, 0.75, 4, -0.5
485 -> 360, -5, 0.75, 1, -1.5
485 -> 360, -4, 0.75, 5, -0.5
486 -> 360, -4, 1.25, 5, -0.5
486 -> 360, -5, 1.25, 3, -0.5
486 -> 360, -5, 1.25, 4, -0.5
486 -> 360, -1, 1.75, 3, -2
486 -> 360, -4, 1.25, 4, -0.5
487 -> 360, -2, 1.25, 5, -1
487 -> 360, -2, 1.25, 4, -1
487 -> 360, -2, 1.25, 1, -1
487 -> 360, -3, 0.25, 2, -0.5
487 -> 360, -2, 1.25, 2, -1
487 -> 360, -2, 1.25, 3, -1
487 -> 360, -3, 0.25, 1, -0.5
489 -> 360, -5, 1.25, 4, -1.5
489 -> 360, -5, 0.25, 2, -1.5
489 -> 360, -2, 1.25, 1, -0.5
489 -> 360, -2, 0.25, 5, -1.5
489 -> 360, -3, 0.75, 5, -1
489 -> 360, -3, 0.75, 4, -1
490 -> 360, -1, 1.25, 2, -2
490 -> 360, -3, 0.25, 3, -0.5
491 -> 360, -4, 0.75, 5, -1
491 -> 360, -3, 1.25, 3, -1.5
491 -> 360, -4, 0.75, 3, -0.5
491 -> 360, -3, 1.25, 2, -1.5
491 -> 360, -3, 1.25, 1, -1.5
492 -> 360, -1, 0.25, 5, -1.5
492 -> 360, -1, 0.25, 3, -1.5
492 -> 360, -4, 1.25, 3, -2
492 -> 360, -4, 1.75, 1, -2
492 -> 360, -4, 1.25, 2, -2
492 -> 360, -1, 0.25, 4, -1.5
492 -> 360, -4, 1.25, 1, -2
493 -> 360, -2, 1.75, 3, -1.5
494 -> 360, -5, 1.75, 5, -1.5
495 -> 360, -4, 0.25, 4, -1
495 -> 360, -3, 0.25, 3, -1
495 -> 360, -4, 0.25, 5, -1
496 -> 360, -5, 0.25, 3, -1.5
496 -> 360, -3, 0.75, 5, -2
498 -> 360, -5, 1.75, 1, -1.5
498 -> 360, -5, 1.75, 2, -1.5
498 -> 360, -5, 1.75, 3, -1.5
499 -> 360, -4, 1.75, 2, -2
499 -> 360, -2, 1.25, 3, -2
499 -> 360, -4, 1.75, 3, -2
499 -> 360, -2, 1.25, 1, -2
499 -> 360, -1, 0.75, 5, -1
499 -> 360, -4, 1.75, 4, -2
499 -> 360, -2, 1.25, 2, -2
502 -> 360, -3, 1.75, 2, -1
502 -> 360, -1, 0.25, 2, -0.5
503 -> 360, -2, 0.75, 5, -0.5
504 -> 360, -5, 1.75, 2, -1
504 -> 360, -5, 1.75, 4, -1.5
504 -> 360, -5, 1.75, 1, -1
505 -> 360, -2, 0.25, 2, -2
505 -> 360, -2, 0.25, 3, -2
505 -> 360, -2, 0.25, 5, -2
505 -> 360, -2, 0.25, 4, -2
505 -> 360, -2, 0.25, 1, -2
506 -> 360, -5, 1.75, 2, -2
506 -> 360, -5, 0.25, 1, -1.5
506 -> 360, -5, 1.75, 1, -2
506 -> 360, -5, 1.75, 3, -2
507 -> 360, -4, 0.25, 3, -1
507 -> 360, -4, 0.25, 2, -1
507 -> 360, -5, 0.25, 5, -1.5
507 -> 360, -4, 0.25, 1, -1
507 -> 360, -2, 0.75, 4, -1
507 -> 360, -4, 1.75, 2, -0.5
507 -> 360, -5, 0.25, 4, -1.5
508 -> 360, -3, 1.25, 1, -0.5
510 -> 360, -4, 1.25, 3, -1.5
513 -> 360, -3, 0.75, 1, -0.5
513 -> 360, -3, 0.75, 2, -0.5
513 -> 360, -1, 0.25, 4, -0.5
513 -> 360, -1, 0.25, 3, -0.5
513 -> 360, -1, 0.25, 5, -0.5
516 -> 360, -1, 0.25, 1, -1.5
516 -> 360, -1, 0.25, 2, -1.5
517 -> 360, -2, 1.25, 4, -1.5
519 -> 360, -4, 1.25, 3, -0.5
521 -> 360, -1, 1.75, 5, -0.5
521 -> 360, -1, 0.75, 2, -2
521 -> 360, -1, 1.75, 4, -0.5
521 -> 360, -1, 1.75, 2, -0.5
521 -> 360, -1, 1.75, 1, -0.5
521 -> 360, -1, 0.75, 1, -2
521 -> 360, -1, 1.75, 3, -0.5
524 -> 360, -3, 0.25, 5, -2
524 -> 360, -3, 0.25, 4, -2
528 -> 360, -5, 1.75, 1, -0.5
530 -> 360, -4, 0.25, 1, -0.5
530 -> 360, -4, 0.25, 2, -0.5
533 -> 360, -3, 0.75, 5, -1.5
533 -> 360, -3, 0.75, 4, -1.5
535 -> 360, -5, 0.25, 2, -2
535 -> 360, -5, 0.25, 3, -2
535 -> 360, -5, 0.25, 1, -2
535 -> 360, -5, 0.25, 5, -2
535 -> 360, -5, 0.25, 4, -2
536 -> 360, -4, 1.75, 4, -1.5
536 -> 360, -4, 1.75, 1, -1.5
536 -> 360, -4, 1.75, 5, -1.5
536 -> 360, -4, 1.75, 3, -1.5
536 -> 360, -5, 0.75, 3, -0.5
536 -> 360, -4, 1.75, 2, -1.5
544 -> 360, -5, 1.25, 5, -1.5
550 -> 360, -4, 0.75, 1, -0.5
553 -> 360, -5, 0.25, 4, -1
553 -> 360, -5, 0.25, 3, -1
553 -> 360, -5, 0.25, 2, -1
553 -> 360, -2, 0.25, 4, -0.5
553 -> 360, -5, 0.25, 1, -1
553 -> 360, -2, 0.25, 5, -0.5
553 -> 360, -2, 0.25, 3, -0.5
553 -> 360, -5, 0.25, 5, -1
559 -> 360, -5, 1.25, 1, -0.5
561 -> 360, -4, 0.25, 4, -2
561 -> 360, -4, 0.25, 3, -2
561 -> 360, -4, 0.25, 1, -2
561 -> 360, -4, 0.25, 5, -2
561 -> 360, -4, 0.25, 2, -2
562 -> 360, -5, 1.25, 2, -0.5
567 -> 360, -4, 1.25, 5, -1.5
567 -> 360, -3, 0.25, 1, -2
567 -> 360, -3, 0.25, 2, -2
571 -> 360, -4, 1.75, 5, -1
579 -> 360, -4, 0.75, 2, -0.5
599 -> 360, -5, 0.75, 5, -0.5
633 -> 360, -3, 1.25, 1, -1
635 -> 360, -5, 1.75, 4, -0.5
635 -> 360, -5, 1.75, 5, -0.5
705 -> 360, -4, 1.75, 1, -0.5
718 -> 360, -5, 1.75, 3, -0.5
718 -> 360, -5, 1.75, 2, -0.5
804 -> 360, -5, 0.75, 4, -0.5
