310 -> 337, -3, 1.75, 1, -1
331 -> 337, -4, 1.75, 5, -1
367 -> 337, -4, 1.25, 5, -2
369 -> 337, -1, 0.75, 3, -1.5
372 -> 337, -4, 1.25, 4, -2
372 -> 337, -1, 1.75, 3, -2
375 -> 337, -3, 1.75, 2, -1
376 -> 337, -1, 1.25, 3, -0.5
376 -> 337, -2, 1.75, 2, -0.5
379 -> 337, -2, 1.25, 4, -1
379 -> 337, -2, 1.25, 5, -1
381 -> 337, -1, 0.25, 3, -0.5
381 -> 337, -1, 0.25, 2, -0.5
381 -> 337, -3, 0.75, 5, -1.5
381 -> 337, -3, 1.25, 4, -1
381 -> 337, -3, 1.25, 3, -1
382 -> 337, -1, 1.75, 5, -0.5
385 -> 337, -4, 1.75, 2, -1
385 -> 337, -1, 0.75, 2, -2
386 -> 337, -3, 1.25, 2, -1
387 -> 337, -1, 0.75, 3, -2
388 -> 337, -1, 1.25, 4, -1.5
388 -> 337, -1, 1.25, 3, -1.5
388 -> 337, -1, 1.25, 2, -1.5
389 -> 337, -2, 1.75, 1, -1
393 -> 337, -1, 0.25, 1, -0.5
393 -> 337, -3, 0.75, 4, -1.5
393 -> 337, -3, 0.75, 3, -1.5
394 -> 337, -5, 0.25, 2, -0.5
394 -> 337, -3, 1.75, 5, -1.5
395 -> 337, -5, 1.25, 1, -1
398 -> 337, -1, 1.75, 3, -0.5
398 -> 337, -5, 0.75, 5, -1
398 -> 337, -3, 1.25, 3, -2
399 -> 337, -4, 1.75, 4, -1.5
401 -> 337, -4, 1.75, 5, -1.5
402 -> 337, -4, 0.75, 1, -1.5
403 -> 337, -5, 0.75, 4, -1
403 -> 337, -2, 1.75, 3, -0.5
405 -> 337, -3, 1.25, 2, -2
405 -> 337, -4, 1.25, 1, -2
406 -> 337, -4, 0.75, 2, -1
406 -> 337, -1, 0.75, 2, -1
407 -> 337, -1, 1.75, 2, -2
407 -> 337, -4, 1.75, 1, -1.5
407 -> 337, -4, 1.75, 2, -1.5
408 -> 337, -1, 1.25, 2, -0.5
409 -> 337, -1, 1.25, 5, -2
409 -> 337, -2, 1.75, 5, -0.5
410 -> 337, -5, 1.25, 3, -1
410 -> 337, -4, 0.75, 4, -1
410 -> 337, -4, 0.75, 3, -1
410 -> 337, -1, 0.75, 4, -0.5
410 -> 337, -1, 0.75, 5, -0.5
410 -> 337, -4, 0.75, 5, -1
411 -> 337, -1, 0.75, 2, -1.5
411 -> 337, -3, 1.75, 3, -1.5
411 -> 337, -2, 1.25, 3, -1
411 -> 337, -3, 1.75, 4, -1.5
412 -> 337, -4, 1.75, 3, -1
412 -> 337, -1, 1.25, 5, -1.5
413 -> 337, -2, 1.75, 2, -1
413 -> 337, -5, 0.75, 1, -1.5
415 -> 337, -2, 1.25, 4, -0.5
417 -> 337, -1, 1.75, 2, -0.5
417 -> 337, -2, 1.75, 4, -0.5
418 -> 337, -2, 1.25, 5, -1.5
418 -> 337, -2, 1.25, 2, -0.5
418 -> 337, -3, 1.25, 5, -1
418 -> 337, -4, 1.75, 3, -1.5
419 -> 337, -2, 1.75, 5, -2
419 -> 337, -1, 0.75, 1, -1
420 -> 337, -3, 1.75, 3, -2
420 -> 337, -3, 1.75, 4, -2
420 -> 337, -3, 1.75, 5, -2
421 -> 337, -2, 1.75, 2, -1.5
421 -> 337, -5, 0.75, 3, -1
421 -> 337, -5, 0.25, 4, -0.5
421 -> 337, -4, 1.25, 3, -2
421 -> 337, -1, 1.75, 4, -2
421 -> 337, -1, 1.25, 2, -2
421 -> 337, -1, 1.25, 3, -2
421 -> 337, -4, 1.25, 2, -2
423 -> 337, -4, 0.75, 3, -1.5
423 -> 337, -4, 0.75, 2, -1.5
423 -> 337, -5, 1.25, 5, -1
423 -> 337, -5, 1.25, 4, -1
423 -> 337, -1, 1.75, 1, -1
424 -> 337, -1, 0.75, 3, -1
425 -> 337, -3, 1.75, 1, -2
425 -> 337, -1, 1.75, 4, -0.5
425 -> 337, -1, 1.75, 1, -1.5
426 -> 337, -1, 0.75, 3, -0.5
426 -> 337, -1, 1.25, 1, -0.5
427 -> 337, -4, 1.75, 1, -1
427 -> 337, -3, 0.75, 1, -2
427 -> 337, -3, 0.75, 2, -2
427 -> 337, -3, 0.75, 3, -2
427 -> 337, -2, 1.75, 5, -1
427 -> 337, -4, 1.25, 5, -1
427 -> 337, -4, 1.25, 3, -1
427 -> 337, -4, 1.25, 4, -1
428 -> 337, -2, 0.75, 1, -1
428 -> 337, -5, 1.25, 5, -2
428 -> 337, -5, 0.75, 2, -2
428 -> 337, -1, 0.75, 5, -2
428 -> 337, -5, 1.25, 4, -2
428 -> 337, -5, 1.25, 3, -2
428 -> 337, -3, 0.75, 2, -1.5
429 -> 337, -3, 1.75, 4, -1
429 -> 337, -3, 1.75, 3, -1
430 -> 337, -3, 0.25, 2, -0.5
430 -> 337, -3, 0.25, 1, -0.5
430 -> 337, -5, 0.75, 2, -1
431 -> 337, -3, 1.75, 5, -1
431 -> 337, -4, 1.75, 3, -2
432 -> 337, -4, 1.25, 2, -1.5
432 -> 337, -2, 0.25, 3, -0.5
433 -> 337, -5, 1.25, 2, -1
434 -> 337, -1, 0.75, 4, -2
434 -> 337, -4, 0.25, 3, -1.5
434 -> 337, -2, 1.75, 1, -1.5
434 -> 337, -5, 0.75, 3, -2
435 -> 337, -5, 1.25, 2, -2
435 -> 337, -3, 1.25, 1, -2
435 -> 337, -5, 1.25, 1, -2
435 -> 337, -1, 0.75, 5, -1
435 -> 337, -3, 0.25, 1, -1.5
435 -> 337, -1, 0.75, 4, -1
436 -> 337, -5, 0.75, 4, -2
437 -> 337, -3, 1.75, 2, -1.5
437 -> 337, -3, 1.75, 1, -1.5
437 -> 337, -5, 1.75, 4, -2
437 -> 337, -5, 1.75, 5, -2
437 -> 337, -1, 0.75, 1, -2
437 -> 337, -2, 1.25, 2, -1
437 -> 337, -2, 1.25, 1, -1
438 -> 337, -5, 1.75, 3, -2
438 -> 337, -5, 1.75, 2, -2
438 -> 337, -5, 1.75, 1, -2
439 -> 337, -2, 1.25, 4, -1.5
439 -> 337, -4, 1.75, 4, -1
440 -> 337, -2, 1.25, 5, -2
440 -> 337, -1, 1.25, 4, -2
440 -> 337, -1, 0.25, 3, -2
441 -> 337, -2, 1.25, 3, -2
441 -> 337, -3, 0.75, 1, -1.5
442 -> 337, -5, 0.75, 5, -2
442 -> 337, -3, 0.75, 2, -0.5
442 -> 337, -4, 1.25, 1, -1
442 -> 337, -1, 1.75, 2, -1
443 -> 337, -2, 1.75, 3, -1.5
443 -> 337, -3, 0.25, 4, -0.5
443 -> 337, -3, 0.25, 3, -0.5
443 -> 337, -3, 0.25, 5, -0.5
443 -> 337, -4, 1.75, 1, -2
443 -> 337, -4, 1.75, 2, -2
444 -> 337, -1, 0.25, 5, -0.5
444 -> 337, -1, 1.25, 5, -0.5
444 -> 337, -1, 1.25, 4, -0.5
444 -> 337, -1, 1.25, 1, -1.5
444 -> 337, -1, 0.25, 4, -0.5
446 -> 337, -1, 0.25, 5, -2
446 -> 337, -3, 1.25, 2, -1.5
446 -> 337, -3, 1.25, 3, -1.5
446 -> 337, -5, 0.25, 3, -0.5
447 -> 337, -1, 1.25, 1, -2
447 -> 337, -5, 0.25, 5, -1
447 -> 337, -5, 0.25, 4, -1
447 -> 337, -1, 0.25, 4, -2
448 -> 337, -5, 1.75, 1, -1.5
449 -> 337, -1, 1.75, 5, -1.5
449 -> 337, -4, 1.75, 4, -2
449 -> 337, -4, 1.75, 5, -2
450 -> 337, -1, 0.25, 1, -2
450 -> 337, -3, 0.75, 4, -2
450 -> 337, -1, 0.25, 2, -2
450 -> 337, -1, 0.75, 2, -0.5
450 -> 337, -3, 0.75, 5, -2
450 -> 337, -2, 0.75, 5, -2
450 -> 337, -2, 0.75, 4, -2
452 -> 337, -1, 1.75, 3, -1.5
452 -> 337, -1, 0.75, 1, -0.5
452 -> 337, -1, 1.75, 2, -1.5
452 -> 337, -1, 1.75, 4, -1.5
453 -> 337, -2, 1.75, 4, -1
453 -> 337, -1, 1.25, 4, -1
453 -> 337, -2, 1.75, 3, -1
453 -> 337, -1, 1.25, 5, -1
454 -> 337, -2, 0.25, 3, -2
454 -> 337, -1, 0.75, 1, -1.5
454 -> 337, -2, 0.25, 1, -2
454 -> 337, -2, 0.25, 2, -2
456 -> 337, -5, 0.75, 1, -2
456 -> 337, -4, 0.25, 2, -1
457 -> 337, -2, 0.75, 1, -2
457 -> 337, -2, 0.25, 4, -2
457 -> 337, -2, 0.75, 2, -2
457 -> 337, -2, 0.75, 3, -2
457 -> 337, -2, 0.25, 5, -2
458 -> 337, -3, 0.25, 5, -1.5
458 -> 337, -4, 0.75, 5, -0.5
458 -> 337, -3, 0.25, 2, -1.5
458 -> 337, -4, 0.75, 5, -1.5
458 -> 337, -4, 0.75, 4, -1.5
458 -> 337, -3, 0.25, 3, -1.5
458 -> 337, -2, 1.75, 4, -1.5
458 -> 337, -3, 1.25, 1, -1
458 -> 337, -2, 0.75, 5, -0.5
458 -> 337, -3, 0.25, 4, -1.5
458 -> 337, -2, 1.25, 3, -0.5
459 -> 337, -1, 1.75, 1, -2
460 -> 337, -1, 1.25, 2, -1
460 -> 337, -4, 0.75, 5, -2
461 -> 337, -1, 1.75, 1, -0.5
462 -> 337, -1, 1.75, 5, -2
462 -> 337, -1, 1.75, 5, -1
462 -> 337, -1, 1.75, 4, -1
462 -> 337, -1, 1.75, 3, -1
462 -> 337, -2, 1.75, 1, -0.5
462 -> 337, -2, 1.25, 1, -0.5
462 -> 337, -3, 1.25, 4, -2
462 -> 337, -3, 1.25, 5, -2
463 -> 337, -5, 0.75, 1, -1
463 -> 337, -2, 1.25, 4, -2
464 -> 337, -3, 1.25, 1, -1.5
464 -> 337, -4, 0.75, 4, -2
464 -> 337, -1, 0.75, 4, -1.5
465 -> 337, -4, 0.75, 2, -2
465 -> 337, -4, 0.75, 3, -2
465 -> 337, -1, 0.75, 5, -1.5
466 -> 337, -5, 1.75, 5, -1.5
466 -> 337, -5, 1.75, 4, -1.5
466 -> 337, -5, 1.75, 3, -1.5
467 -> 337, -4, 0.75, 1, -2
467 -> 337, -5, 0.75, 5, -1.5
468 -> 337, -5, 0.25, 5, -0.5
469 -> 337, -5, 0.25, 3, -1.5
469 -> 337, -5, 0.25, 4, -1.5
469 -> 337, -5, 0.25, 5, -1.5
469 -> 337, -2, 1.75, 5, -1.5
470 -> 337, -3, 1.75, 2, -2
471 -> 337, -5, 0.25, 1, -1.5
472 -> 337, -1, 0.25, 5, -1.5
473 -> 337, -5, 0.25, 1, -2
474 -> 337, -1, 1.25, 3, -1
474 -> 337, -4, 0.25, 5, -1.5
474 -> 337, -2, 0.75, 5, -1.5
474 -> 337, -4, 0.25, 4, -2
474 -> 337, -4, 0.25, 4, -1.5
475 -> 337, -2, 1.75, 2, -2
475 -> 337, -2, 1.75, 3, -2
475 -> 337, -2, 0.75, 3, -1.5
475 -> 337, -2, 0.75, 4, -1.5
475 -> 337, -2, 1.75, 4, -2
475 -> 337, -4, 0.25, 2, -2
475 -> 337, -2, 1.75, 1, -2
475 -> 337, -4, 0.25, 3, -2
477 -> 337, -4, 0.25, 1, -1
477 -> 337, -3, 1.25, 5, -1.5
477 -> 337, -5, 1.75, 2, -1.5
477 -> 337, -3, 1.25, 4, -1.5
478 -> 337, -5, 0.25, 4, -2
478 -> 337, -5, 0.25, 3, -2
478 -> 337, -5, 0.25, 3, -1
478 -> 337, -5, 0.25, 2, -2
479 -> 337, -3, 1.75, 1, -0.5
480 -> 337, -4, 0.25, 4, -1
480 -> 337, -3, 0.75, 4, -0.5
480 -> 337, -3, 0.75, 3, -0.5
480 -> 337, -4, 0.25, 5, -1
480 -> 337, -1, 1.25, 1, -1
481 -> 337, -3, 0.25, 4, -1
481 -> 337, -3, 0.25, 5, -1
481 -> 337, -5, 0.25, 5, -2
484 -> 337, -2, 1.25, 1, -1.5
485 -> 337, -5, 0.75, 3, -1.5
485 -> 337, -5, 0.75, 2, -1.5
485 -> 337, -2, 0.75, 2, -0.5
485 -> 337, -5, 0.75, 4, -1.5
486 -> 337, -2, 1.25, 1, -2
486 -> 337, -2, 1.25, 2, -2
486 -> 337, -2, 0.75, 5, -1
486 -> 337, -4, 1.25, 2, -0.5
487 -> 337, -2, 0.75, 4, -1
488 -> 337, -2, 0.25, 5, -1
489 -> 337, -2, 0.75, 2, -1.5
491 -> 337, -1, 0.25, 1, -1
491 -> 337, -2, 0.75, 1, -1.5
491 -> 337, -1, 0.25, 3, -1
491 -> 337, -1, 0.25, 2, -1
491 -> 337, -1, 0.25, 5, -1
491 -> 337, -1, 0.25, 4, -1
492 -> 337, -2, 0.75, 3, -1
492 -> 337, -2, 0.75, 2, -1
493 -> 337, -2, 1.25, 5, -0.5
494 -> 337, -2, 0.25, 3, -1
494 -> 337, -2, 0.25, 2, -1
494 -> 337, -2, 0.25, 4, -1
496 -> 337, -2, 0.75, 1, -0.5
497 -> 337, -2, 0.25, 1, -1
497 -> 337, -3, 1.25, 2, -0.5
497 -> 337, -3, 1.25, 4, -0.5
497 -> 337, -3, 1.25, 1, -0.5
497 -> 337, -3, 1.25, 3, -0.5
498 -> 337, -2, 1.25, 2, -1.5
498 -> 337, -2, 1.25, 3, -1.5
501 -> 337, -3, 1.25, 5, -0.5
502 -> 337, -5, 0.25, 2, -1.5
502 -> 337, -2, 0.25, 4, -0.5
502 -> 337, -2, 0.25, 5, -0.5
506 -> 337, -5, 1.25, 2, -0.5
506 -> 337, -4, 0.25, 1, -2
506 -> 337, -4, 0.25, 3, -1
508 -> 337, -2, 0.75, 4, -0.5
508 -> 337, -2, 0.75, 3, -0.5
510 -> 337, -4, 0.25, 1, -1.5
510 -> 337, -4, 0.25, 2, -1.5
512 -> 337, -3, 0.25, 3, -1
512 -> 337, -3, 0.25, 2, -1
515 -> 337, -1, 0.25, 2, -1.5
515 -> 337, -1, 0.25, 1, -1.5
515 -> 337, -1, 0.25, 3, -1.5
515 -> 337, -1, 0.25, 4, -1.5
515 -> 337, -4, 0.25, 1, -0.5
516 -> 337, -4, 1.25, 2, -1
516 -> 337, -3, 0.25, 1, -1
516 -> 337, -5, 1.25, 3, -0.5
517 -> 337, -2, 0.25, 1, -0.5
517 -> 337, -2, 0.25, 2, -0.5
518 -> 337, -4, 0.75, 1, -1
520 -> 337, -5, 1.25, 1, -0.5
523 -> 337, -4, 0.25, 5, -2
529 -> 337, -4, 1.25, 1, -0.5
530 -> 337, -2, 0.25, 5, -1.5
530 -> 337, -2, 0.25, 4, -1.5
530 -> 337, -2, 0.25, 3, -1.5
532 -> 337, -2, 0.25, 2, -1.5
532 -> 337, -2, 0.25, 1, -1.5
535 -> 337, -5, 0.25, 2, -1
535 -> 337, -4, 0.25, 2, -0.5
535 -> 337, -4, 0.25, 3, -0.5
535 -> 337, -4, 0.25, 4, -0.5
538 -> 337, -5, 0.25, 1, -1
542 -> 337, -5, 1.25, 4, -0.5
542 -> 337, -5, 1.25, 5, -0.5
542 -> 337, -4, 1.25, 5, -0.5
542 -> 337, -4, 1.25, 4, -0.5
543 -> 337, -3, 1.75, 2, -0.5
544 -> 337, -4, 1.75, 4, -0.5
544 -> 337, -4, 1.75, 3, -0.5
544 -> 337, -4, 1.75, 2, -0.5
547 -> 337, -3, 1.75, 4, -0.5
547 -> 337, -3, 1.75, 5, -0.5
547 -> 337, -3, 1.75, 3, -0.5
549 -> 337, -4, 1.25, 4, -1.5
549 -> 337, -4, 1.25, 5, -1.5
549 -> 337, -4, 1.25, 3, -1.5
551 -> 337, -4, 1.25, 1, -1.5
552 -> 337, -4, 0.25, 5, -0.5
554 -> 337, -5, 1.75, 2, -1
554 -> 337, -5, 1.75, 3, -1
554 -> 337, -5, 1.75, 5, -1
554 -> 337, -5, 1.75, 1, -1
554 -> 337, -5, 1.75, 4, -1
560 -> 337, -3, 0.75, 4, -1
560 -> 337, -3, 0.75, 3, -1
560 -> 337, -3, 0.75, 5, -1
562 -> 337, -3, 0.75, 2, -1
562 -> 337, -3, 0.75, 1, -1
577 -> 337, -4, 1.25, 3, -0.5
578 -> 337, -3, 0.25, 4, -2
578 -> 337, -3, 0.25, 3, -2
578 -> 337, -3, 0.25, 5, -2
578 -> 337, -3, 0.25, 2, -2
578 -> 337, -3, 0.25, 1, -2
578 -> 337, -4, 1.75, 1, -0.5
581 -> 337, -5, 1.25, 4, -1.5
581 -> 337, -5, 1.25, 5, -1.5
582 -> 337, -5, 1.25, 3, -1.5
582 -> 337, -5, 1.25, 2, -1.5
582 -> 337, -5, 1.25, 1, -1.5
587 -> 337, -5, 1.75, 1, -0.5
607 -> 337, -4, 0.75, 4, -0.5
607 -> 337, -4, 0.75, 3, -0.5
607 -> 337, -4, 0.75, 2, -0.5
627 -> 337, -4, 0.75, 1, -0.5
646 -> 337, -3, 0.75, 5, -0.5
648 -> 337, -5, 1.75, 3, -0.5
648 -> 337, -5, 1.75, 4, -0.5
648 -> 337, -5, 1.75, 5, -0.5
655 -> 337, -3, 0.75, 1, -0.5
727 -> 337, -4, 1.75, 5, -0.5
755 -> 337, -5, 1.75, 2, -0.5
797 -> 337, -5, 0.75, 1, -0.5
797 -> 337, -5, 0.75, 4, -0.5
797 -> 337, -5, 0.75, 5, -0.5
797 -> 337, -5, 0.75, 3, -0.5
797 -> 337, -5, 0.75, 2, -0.5
803 -> 337, -5, 0.25, 1, -0.5
