338 -> 296, -5, 1.75, 5, -0.5
366 -> 296, -1, 1.75, 3, -1.5
368 -> 296, -5, 1.75, 4, -2
368 -> 296, -5, 1.75, 3, -2
371 -> 296, -3, 1.75, 1, -1
375 -> 296, -4, 1.75, 2, -1
377 -> 296, -2, 0.75, 3, -0.5
379 -> 296, -5, 0.75, 2, -1
380 -> 296, -2, 1.75, 2, -1.5
383 -> 296, -3, 1.75, 4, -0.5
383 -> 296, -1, 1.75, 4, -2
385 -> 296, -1, 1.75, 3, -2
386 -> 296, -4, 1.75, 1, -1
388 -> 296, -4, 1.75, 2, -1.5
388 -> 296, -1, 1.75, 3, -0.5
388 -> 296, -1, 1.75, 4, -1.5
389 -> 296, -1, 1.75, 5, -0.5
391 -> 296, -3, 1.75, 3, -0.5
391 -> 296, -5, 1.75, 2, -2
393 -> 296, -1, 1.75, 5, -1.5
396 -> 296, -1, 0.75, 4, -1
396 -> 296, -5, 0.75, 5, -0.5
397 -> 296, -5, 0.75, 1, -1
397 -> 296, -1, 1.75, 1, -0.5
397 -> 296, -5, 0.75, 5, -1
398 -> 296, -1, 1.75, 1, -2
401 -> 296, -1, 1.25, 2, -1.5
402 -> 296, -5, 0.75, 3, -1
403 -> 296, -1, 1.25, 5, -1
403 -> 296, -2, 1.25, 1, -0.5
403 -> 296, -1, 0.75, 3, -1
403 -> 296, -3, 1.25, 4, -1
404 -> 296, -3, 0.75, 1, -1
404 -> 296, -3, 0.75, 3, -0.5
404 -> 296, -5, 0.75, 4, -1
405 -> 296, -3, 0.75, 2, -0.5
405 -> 296, -3, 1.75, 1, -2
406 -> 296, -1, 1.75, 4, -0.5
406 -> 296, -5, 1.75, 1, -1.5
409 -> 296, -1, 1.25, 1, -1
409 -> 296, -1, 1.25, 4, -0.5
409 -> 296, -3, 1.75, 5, -1
410 -> 296, -2, 1.75, 5, -0.5
410 -> 296, -1, 1.75, 2, -2
411 -> 296, -4, 0.25, 1, -1
412 -> 296, -3, 1.75, 2, -0.5
412 -> 296, -1, 0.75, 1, -0.5
412 -> 296, -1, 0.75, 2, -0.5
413 -> 296, -2, 1.25, 5, -1
413 -> 296, -1, 1.75, 2, -1.5
413 -> 296, -5, 0.75, 5, -1.5
414 -> 296, -2, 1.75, 2, -0.5
415 -> 296, -3, 1.25, 3, -1
415 -> 296, -2, 1.25, 1, -1
416 -> 296, -1, 1.25, 1, -2
416 -> 296, -3, 1.25, 5, -1.5
417 -> 296, -3, 1.25, 5, -2
418 -> 296, -4, 0.75, 2, -0.5
418 -> 296, -2, 1.75, 1, -0.5
418 -> 296, -4, 1.75, 3, -1
418 -> 296, -3, 1.75, 1, -0.5
418 -> 296, -1, 1.75, 1, -1
418 -> 296, -4, 1.25, 1, -1.5
420 -> 296, -3, 1.75, 2, -1
421 -> 296, -5, 1.75, 5, -1
421 -> 296, -5, 0.25, 4, -2
421 -> 296, -5, 0.25, 3, -2
421 -> 296, -5, 0.25, 2, -2
422 -> 296, -2, 1.75, 4, -0.5
423 -> 296, -2, 1.25, 2, -0.5
423 -> 296, -2, 1.75, 4, -1
423 -> 296, -2, 1.75, 3, -1
423 -> 296, -5, 1.25, 1, -2
425 -> 296, -1, 0.75, 5, -0.5
426 -> 296, -5, 0.75, 3, -2
426 -> 296, -2, 0.75, 2, -0.5
427 -> 296, -1, 0.25, 2, -1.5
427 -> 296, -1, 0.75, 5, -1
427 -> 296, -1, 0.25, 5, -1.5
427 -> 296, -5, 1.25, 4, -1.5
427 -> 296, -1, 0.25, 3, -1.5
427 -> 296, -1, 1.75, 5, -2
427 -> 296, -1, 0.25, 4, -1.5
428 -> 296, -3, 1.25, 2, -1
428 -> 296, -1, 1.25, 4, -1.5
428 -> 296, -1, 0.25, 1, -0.5
428 -> 296, -1, 1.25, 5, -1.5
428 -> 296, -1, 1.25, 1, -1.5
429 -> 296, -2, 0.75, 1, -1.5
430 -> 296, -1, 1.75, 2, -0.5
430 -> 296, -2, 1.25, 5, -2
431 -> 296, -3, 0.25, 5, -2
432 -> 296, -1, 0.25, 4, -0.5
432 -> 296, -4, 1.25, 3, -1
432 -> 296, -1, 0.75, 2, -1
432 -> 296, -4, 1.25, 4, -1
432 -> 296, -1, 0.25, 3, -0.5
432 -> 296, -4, 1.25, 5, -1
432 -> 296, -3, 1.75, 5, -2
432 -> 296, -1, 0.75, 2, -1.5
432 -> 296, -4, 0.75, 3, -2
433 -> 296, -3, 0.25, 5, -1.5
433 -> 296, -3, 0.25, 2, -1
433 -> 296, -3, 0.25, 1, -1
433 -> 296, -5, 1.75, 1, -2
434 -> 296, -5, 1.75, 2, -1.5
435 -> 296, -4, 0.75, 1, -1
435 -> 296, -2, 1.25, 3, -0.5
435 -> 296, -5, 1.25, 2, -1.5
435 -> 296, -1, 1.75, 1, -1.5
435 -> 296, -5, 1.25, 3, -1.5
436 -> 296, -4, 0.75, 5, -2
436 -> 296, -2, 1.25, 2, -1.5
436 -> 296, -1, 1.25, 5, -0.5
438 -> 296, -2, 1.25, 5, -1.5
439 -> 296, -3, 0.75, 4, -2
439 -> 296, -3, 1.75, 5, -1.5
439 -> 296, -2, 1.25, 3, -1
439 -> 296, -3, 1.75, 4, -1.5
439 -> 296, -2, 1.25, 2, -1
439 -> 296, -4, 1.25, 1, -1
439 -> 296, -3, 1.75, 3, -1.5
439 -> 296, -3, 0.75, 5, -2
439 -> 296, -1, 0.75, 3, -0.5
440 -> 296, -2, 1.25, 4, -1.5
440 -> 296, -2, 1.25, 3, -1.5
441 -> 296, -2, 1.75, 1, -1
441 -> 296, -2, 1.75, 3, -0.5
442 -> 296, -3, 0.75, 3, -2
442 -> 296, -3, 0.75, 4, -1
442 -> 296, -3, 0.75, 4, -1.5
442 -> 296, -3, 0.75, 5, -1.5
442 -> 296, -3, 1.75, 2, -2
442 -> 296, -3, 0.75, 5, -1
443 -> 296, -4, 0.25, 2, -1
444 -> 296, -4, 0.25, 4, -2
444 -> 296, -3, 1.75, 1, -1.5
444 -> 296, -4, 0.25, 5, -2
444 -> 296, -3, 1.75, 2, -1.5
444 -> 296, -1, 1.25, 1, -0.5
444 -> 296, -1, 1.25, 3, -0.5
444 -> 296, -3, 0.75, 2, -1.5
444 -> 296, -3, 0.75, 2, -2
444 -> 296, -1, 0.75, 4, -0.5
444 -> 296, -3, 0.75, 1, -1.5
445 -> 296, -4, 1.75, 3, -1.5
445 -> 296, -1, 0.25, 5, -1
445 -> 296, -3, 1.25, 5, -1
445 -> 296, -1, 0.25, 4, -1
446 -> 296, -5, 1.25, 5, -1.5
446 -> 296, -3, 1.75, 4, -1
446 -> 296, -3, 1.75, 3, -2
447 -> 296, -4, 0.75, 4, -2
447 -> 296, -2, 0.75, 1, -0.5
448 -> 296, -1, 0.25, 2, -0.5
448 -> 296, -5, 1.25, 2, -1
449 -> 296, -1, 1.25, 2, -2
449 -> 296, -4, 1.25, 4, -2
449 -> 296, -4, 1.25, 2, -2
449 -> 296, -4, 1.25, 5, -2
449 -> 296, -4, 1.25, 2, -1
449 -> 296, -4, 1.25, 3, -2
450 -> 296, -2, 1.75, 5, -1.5
450 -> 296, -1, 0.75, 1, -1.5
451 -> 296, -3, 0.75, 2, -1
451 -> 296, -3, 1.75, 4, -2
451 -> 296, -3, 0.75, 3, -1
452 -> 296, -5, 1.25, 5, -2
452 -> 296, -4, 1.75, 4, -1.5
452 -> 296, -5, 1.25, 4, -2
452 -> 296, -2, 0.25, 3, -0.5
452 -> 296, -5, 0.25, 5, -2
452 -> 296, -5, 1.25, 2, -2
452 -> 296, -1, 1.25, 4, -2
452 -> 296, -2, 1.25, 1, -1.5
452 -> 296, -2, 0.75, 5, -1
452 -> 296, -5, 1.25, 3, -2
452 -> 296, -1, 0.75, 1, -1
453 -> 296, -1, 1.25, 2, -1
453 -> 296, -4, 0.25, 2, -1.5
453 -> 296, -4, 0.25, 4, -1
453 -> 296, -1, 1.25, 3, -2
453 -> 296, -4, 0.25, 5, -1
454 -> 296, -3, 1.75, 3, -1
454 -> 296, -3, 0.75, 3, -1.5
455 -> 296, -4, 1.75, 1, -1.5
455 -> 296, -2, 0.25, 4, -0.5
455 -> 296, -2, 0.25, 1, -2
455 -> 296, -3, 1.25, 2, -1.5
455 -> 296, -3, 1.25, 2, -0.5
455 -> 296, -3, 1.25, 1, -0.5
456 -> 296, -2, 1.75, 4, -1.5
456 -> 296, -2, 1.75, 3, -1.5
456 -> 296, -1, 1.75, 3, -1
456 -> 296, -1, 1.75, 5, -1
456 -> 296, -1, 1.75, 4, -1
457 -> 296, -3, 0.25, 4, -1
457 -> 296, -1, 0.25, 3, -1
457 -> 296, -5, 0.25, 1, -0.5
457 -> 296, -5, 0.25, 2, -0.5
457 -> 296, -1, 0.25, 2, -1
457 -> 296, -3, 0.25, 4, -2
457 -> 296, -3, 0.25, 1, -2
457 -> 296, -3, 0.25, 2, -2
457 -> 296, -1, 0.25, 1, -1
457 -> 296, -3, 0.25, 3, -2
457 -> 296, -1, 1.25, 2, -0.5
458 -> 296, -2, 1.75, 1, -1.5
458 -> 296, -4, 0.25, 1, -1.5
459 -> 296, -2, 1.25, 4, -1
459 -> 296, -5, 1.75, 2, -0.5
460 -> 296, -3, 1.25, 3, -1.5
460 -> 296, -3, 1.25, 4, -1.5
461 -> 296, -4, 0.75, 5, -1
461 -> 296, -2, 0.75, 3, -1
461 -> 296, -2, 0.75, 4, -1
461 -> 296, -4, 0.75, 4, -1
461 -> 296, -2, 1.25, 1, -2
461 -> 296, -4, 0.75, 2, -2
461 -> 296, -2, 0.75, 2, -1
461 -> 296, -4, 0.75, 1, -2
461 -> 296, -1, 0.25, 5, -0.5
462 -> 296, -2, 1.25, 4, -2
462 -> 296, -2, 0.75, 1, -1
462 -> 296, -2, 1.25, 3, -2
463 -> 296, -1, 1.25, 3, -1.5
463 -> 296, -3, 0.75, 4, -0.5
464 -> 296, -1, 1.75, 2, -1
464 -> 296, -3, 1.25, 1, -2
464 -> 296, -3, 1.25, 1, -1.5
465 -> 296, -5, 1.75, 2, -1
465 -> 296, -3, 0.25, 4, -1.5
466 -> 296, -5, 1.75, 1, -0.5
466 -> 296, -4, 0.25, 3, -2
466 -> 296, -4, 0.25, 1, -2
466 -> 296, -2, 0.25, 2, -2
466 -> 296, -4, 0.25, 2, -2
468 -> 296, -2, 0.75, 4, -2
468 -> 296, -2, 0.75, 5, -2
468 -> 296, -2, 0.75, 3, -2
468 -> 296, -2, 0.25, 5, -0.5
469 -> 296, -4, 1.25, 1, -0.5
469 -> 296, -2, 1.75, 5, -2
469 -> 296, -4, 1.75, 5, -1
469 -> 296, -4, 1.75, 4, -1
470 -> 296, -1, 0.25, 1, -1.5
470 -> 296, -2, 1.75, 2, -1
470 -> 296, -1, 1.25, 3, -1
471 -> 296, -3, 1.25, 4, -2
471 -> 296, -3, 1.25, 3, -2
471 -> 296, -3, 1.25, 2, -2
471 -> 296, -3, 0.25, 5, -1
471 -> 296, -3, 0.75, 1, -0.5
472 -> 296, -2, 1.25, 2, -2
472 -> 296, -5, 0.75, 4, -2
472 -> 296, -1, 1.25, 4, -1
473 -> 296, -5, 0.75, 5, -2
473 -> 296, -1, 1.25, 5, -2
474 -> 296, -5, 1.75, 5, -2
474 -> 296, -4, 1.75, 1, -2
474 -> 296, -3, 0.25, 3, -1
476 -> 296, -2, 0.25, 2, -0.5
477 -> 296, -2, 1.75, 1, -2
477 -> 296, -3, 0.25, 5, -0.5
477 -> 296, -3, 0.25, 4, -0.5
477 -> 296, -3, 0.25, 3, -0.5
477 -> 296, -3, 0.25, 2, -0.5
478 -> 296, -1, 0.75, 5, -1.5
478 -> 296, -2, 0.25, 5, -2
478 -> 296, -1, 0.75, 4, -1.5
478 -> 296, -1, 0.75, 3, -1.5
478 -> 296, -2, 0.25, 3, -2
478 -> 296, -4, 1.25, 1, -2
478 -> 296, -2, 1.75, 4, -2
478 -> 296, -2, 0.25, 4, -2
479 -> 296, -1, 0.75, 1, -2
479 -> 296, -5, 1.25, 1, -1
481 -> 296, -2, 1.75, 3, -2
481 -> 296, -2, 1.75, 2, -2
482 -> 296, -2, 1.75, 5, -1
483 -> 296, -2, 0.25, 4, -1
483 -> 296, -2, 0.25, 1, -1
483 -> 296, -2, 0.25, 2, -1
483 -> 296, -2, 0.25, 3, -1
483 -> 296, -2, 0.25, 5, -1
484 -> 296, -2, 0.25, 1, -1.5
484 -> 296, -2, 0.25, 2, -1.5
485 -> 296, -3, 0.75, 5, -0.5
485 -> 296, -2, 0.25, 5, -1.5
485 -> 296, -2, 0.25, 3, -1.5
485 -> 296, -2, 0.25, 4, -1.5
486 -> 296, -4, 0.75, 3, -1
486 -> 296, -2, 0.25, 1, -0.5
486 -> 296, -4, 0.75, 2, -1
486 -> 296, -2, 1.25, 5, -0.5
486 -> 296, -2, 1.25, 4, -0.5
487 -> 296, -4, 0.25, 3, -1
488 -> 296, -1, 0.25, 1, -2
488 -> 296, -1, 0.25, 2, -2
489 -> 296, -2, 0.75, 2, -2
489 -> 296, -2, 0.75, 1, -2
490 -> 296, -1, 0.75, 5, -2
490 -> 296, -1, 0.75, 2, -2
490 -> 296, -1, 0.75, 3, -2
490 -> 296, -1, 0.75, 4, -2
491 -> 296, -4, 0.25, 1, -0.5
491 -> 296, -4, 0.75, 4, -1.5
491 -> 296, -4, 0.75, 3, -1.5
492 -> 296, -4, 0.25, 3, -0.5
493 -> 296, -1, 0.25, 5, -2
493 -> 296, -1, 0.25, 4, -2
493 -> 296, -1, 0.25, 3, -2
493 -> 296, -4, 0.25, 5, -1.5
493 -> 296, -4, 1.25, 2, -0.5
493 -> 296, -4, 0.25, 4, -1.5
493 -> 296, -4, 0.25, 3, -1.5
494 -> 296, -4, 0.25, 2, -0.5
495 -> 296, -5, 0.25, 3, -0.5
495 -> 296, -5, 0.75, 4, -1.5
495 -> 296, -5, 0.75, 3, -1.5
495 -> 296, -5, 0.75, 2, -2
495 -> 296, -5, 0.75, 2, -1.5
495 -> 296, -5, 0.75, 1, -2
495 -> 296, -5, 0.75, 1, -1.5
495 -> 296, -5, 0.25, 4, -0.5
495 -> 296, -5, 0.25, 5, -0.5
496 -> 296, -2, 0.75, 4, -0.5
496 -> 296, -2, 0.75, 5, -0.5
497 -> 296, -5, 1.25, 3, -1
501 -> 296, -3, 1.75, 5, -0.5
504 -> 296, -4, 1.25, 2, -1.5
504 -> 296, -4, 1.25, 3, -1.5
504 -> 296, -3, 0.25, 2, -1.5
504 -> 296, -4, 1.25, 4, -1.5
504 -> 296, -3, 0.25, 1, -1.5
504 -> 296, -4, 1.25, 5, -1.5
508 -> 296, -5, 0.75, 4, -0.5
509 -> 296, -5, 0.25, 1, -2
511 -> 296, -2, 0.75, 5, -1.5
511 -> 296, -2, 0.75, 2, -1.5
511 -> 296, -2, 0.75, 4, -1.5
511 -> 296, -2, 0.75, 3, -1.5
512 -> 296, -4, 1.75, 2, -0.5
513 -> 296, -4, 1.75, 3, -0.5
516 -> 296, -3, 0.25, 1, -0.5
519 -> 296, -4, 0.75, 2, -1.5
519 -> 296, -5, 1.25, 5, -1
519 -> 296, -5, 1.25, 4, -1
521 -> 296, -3, 0.25, 3, -1.5
521 -> 296, -4, 0.75, 1, -1.5
522 -> 296, -5, 1.75, 3, -1
522 -> 296, -5, 1.75, 4, -1
523 -> 296, -3, 1.25, 1, -1
525 -> 296, -5, 1.75, 4, -1.5
525 -> 296, -5, 1.75, 3, -1.5
525 -> 296, -5, 1.75, 5, -1.5
530 -> 296, -5, 1.75, 1, -1
535 -> 296, -4, 1.75, 5, -2
536 -> 296, -4, 0.75, 5, -0.5
536 -> 296, -4, 0.75, 4, -0.5
536 -> 296, -4, 0.75, 3, -0.5
536 -> 296, -4, 1.75, 3, -2
536 -> 296, -4, 1.75, 4, -2
536 -> 296, -4, 1.75, 2, -2
537 -> 296, -5, 1.25, 1, -1.5
542 -> 296, -4, 1.25, 3, -0.5
543 -> 296, -4, 1.75, 5, -1.5
548 -> 296, -4, 1.25, 4, -0.5
549 -> 296, -3, 0.75, 1, -2
549 -> 296, -4, 1.25, 5, -0.5
551 -> 296, -5, 0.25, 1, -1.5
551 -> 296, -5, 0.25, 2, -1.5
551 -> 296, -5, 0.25, 3, -1.5
551 -> 296, -5, 0.25, 5, -1.5
551 -> 296, -5, 0.25, 4, -1.5
554 -> 296, -4, 0.75, 5, -1.5
567 -> 296, -4, 1.75, 1, -0.5
568 -> 296, -5, 1.75, 3, -0.5
570 -> 296, -4, 0.75, 1, -0.5
577 -> 296, -5, 0.25, 2, -1
577 -> 296, -5, 0.25, 1, -1
579 -> 296, -5, 0.25, 5, -1
579 -> 296, -5, 0.25, 4, -1
579 -> 296, -5, 0.25, 3, -1
580 -> 296, -5, 1.75, 4, -0.5
589 -> 296, -4, 0.25, 4, -0.5
589 -> 296, -4, 0.25, 5, -0.5
606 -> 296, -4, 1.75, 4, -0.5
606 -> 296, -4, 1.75, 5, -0.5
607 -> 296, -5, 0.75, 2, -0.5
607 -> 296, -5, 0.75, 3, -0.5
644 -> 296, -3, 1.25, 5, -0.5
644 -> 296, -3, 1.25, 3, -0.5
644 -> 296, -3, 1.25, 4, -0.5
655 -> 296, -5, 1.25, 3, -0.5
655 -> 296, -5, 1.25, 4, -0.5
655 -> 296, -5, 1.25, 5, -0.5
752 -> 296, -5, 1.25, 1, -0.5
752 -> 296, -5, 1.25, 2, -0.5
774 -> 296, -5, 0.75, 1, -0.5
