362 -> 275, -5, 1.75, 4, -1
362 -> 275, -5, 1.75, 3, -1
366 -> 275, -5, 1.75, 5, -1
369 -> 275, -1, 1.75, 3, -0.5
377 -> 275, -2, 1.75, 4, -0.5
377 -> 275, -1, 1.25, 2, -0.5
377 -> 275, -1, 1.25, 3, -0.5
385 -> 275, -4, 1.75, 3, -0.5
386 -> 275, -1, 1.25, 4, -0.5
386 -> 275, -1, 1.25, 5, -0.5
388 -> 275, -3, 1.25, 2, -0.5
388 -> 275, -2, 1.75, 3, -0.5
391 -> 275, -4, 1.25, 1, -2
393 -> 275, -4, 0.25, 2, -1
396 -> 275, -4, 1.25, 5, -1.5
397 -> 275, -5, 1.25, 5, -2
397 -> 275, -5, 1.25, 4, -2
398 -> 275, -3, 1.75, 5, -1
398 -> 275, -3, 1.75, 4, -1
399 -> 275, -2, 1.75, 1, -0.5
400 -> 275, -5, 1.75, 1, -1
401 -> 275, -4, 1.25, 2, -1
401 -> 275, -5, 1.75, 1, -2
402 -> 275, -2, 0.75, 2, -1
403 -> 275, -1, 0.25, 3, -2
403 -> 275, -1, 0.25, 4, -2
403 -> 275, -1, 0.25, 5, -2
404 -> 275, -1, 1.25, 5, -2
404 -> 275, -1, 1.25, 4, -2
404 -> 275, -3, 1.25, 2, -2
405 -> 275, -2, 0.75, 5, -0.5
405 -> 275, -2, 1.25, 2, -0.5
406 -> 275, -1, 1.75, 3, -1
407 -> 275, -1, 1.75, 5, -0.5
407 -> 275, -1, 1.75, 4, -0.5
408 -> 275, -2, 1.75, 2, -0.5
408 -> 275, -3, 0.75, 4, -0.5
408 -> 275, -3, 0.75, 3, -0.5
408 -> 275, -3, 0.75, 2, -0.5
408 -> 275, -3, 0.75, 1, -0.5
409 -> 275, -5, 0.25, 1, -0.5
410 -> 275, -1, 1.25, 1, -2
410 -> 275, -1, 1.25, 2, -2
410 -> 275, -1, 0.75, 4, -0.5
410 -> 275, -1, 1.25, 3, -2
411 -> 275, -1, 1.25, 1, -0.5
412 -> 275, -1, 1.75, 2, -0.5
412 -> 275, -3, 1.25, 1, -0.5
414 -> 275, -2, 0.75, 4, -0.5
414 -> 275, -2, 0.75, 3, -0.5
415 -> 275, -1, 1.25, 5, -1
417 -> 275, -1, 0.75, 1, -0.5
418 -> 275, -1, 1.75, 1, -0.5
418 -> 275, -1, 1.75, 5, -1
419 -> 275, -1, 1.75, 3, -1.5
420 -> 275, -2, 1.25, 5, -1
420 -> 275, -1, 1.75, 2, -1.5
420 -> 275, -1, 1.75, 2, -1
422 -> 275, -4, 1.75, 1, -0.5
422 -> 275, -5, 0.75, 5, -2
422 -> 275, -3, 1.75, 3, -1
423 -> 275, -2, 1.75, 2, -2
424 -> 275, -3, 1.25, 5, -1.5
424 -> 275, -1, 0.25, 5, -0.5
427 -> 275, -2, 0.75, 2, -0.5
428 -> 275, -2, 1.25, 3, -0.5
428 -> 275, -2, 0.75, 1, -1
429 -> 275, -2, 0.25, 2, -0.5
429 -> 275, -5, 1.75, 2, -1
429 -> 275, -2, 0.25, 1, -0.5
429 -> 275, -5, 0.75, 4, -1.5
429 -> 275, -5, 0.75, 3, -1.5
429 -> 275, -5, 0.75, 5, -1.5
430 -> 275, -2, 1.75, 5, -1.5
430 -> 275, -2, 1.25, 1, -1
430 -> 275, -1, 0.25, 4, -0.5
430 -> 275, -1, 1.25, 1, -1
431 -> 275, -3, 0.75, 3, -1
431 -> 275, -1, 1.75, 1, -1
432 -> 275, -1, 1.75, 5, -2
433 -> 275, -1, 1.75, 5, -1.5
433 -> 275, -2, 0.75, 3, -2
433 -> 275, -2, 0.75, 5, -2
433 -> 275, -2, 0.75, 4, -2
434 -> 275, -5, 0.25, 2, -0.5
435 -> 275, -2, 0.75, 5, -1
435 -> 275, -1, 1.75, 1, -1.5
435 -> 275, -2, 0.75, 3, -1
435 -> 275, -2, 0.75, 4, -1
436 -> 275, -3, 1.25, 2, -1.5
436 -> 275, -4, 0.25, 1, -0.5
436 -> 275, -3, 0.75, 5, -2
437 -> 275, -2, 1.25, 5, -1.5
437 -> 275, -1, 0.75, 5, -0.5
437 -> 275, -1, 1.75, 4, -1.5
437 -> 275, -2, 1.25, 1, -0.5
437 -> 275, -2, 1.75, 5, -0.5
438 -> 275, -1, 0.75, 1, -2
438 -> 275, -1, 0.75, 2, -2
438 -> 275, -1, 0.75, 3, -2
438 -> 275, -1, 0.75, 4, -2
438 -> 275, -3, 0.25, 5, -1.5
439 -> 275, -3, 1.25, 5, -1
439 -> 275, -3, 1.25, 3, -1
439 -> 275, -3, 1.25, 4, -1
439 -> 275, -2, 1.75, 5, -2
439 -> 275, -2, 1.75, 4, -2
440 -> 275, -2, 1.75, 2, -1
440 -> 275, -2, 1.25, 2, -1
441 -> 275, -1, 0.25, 2, -2
441 -> 275, -1, 0.75, 3, -0.5
441 -> 275, -4, 1.25, 2, -2
441 -> 275, -4, 0.75, 2, -2
441 -> 275, -4, 0.75, 1, -2
442 -> 275, -4, 1.75, 4, -1.5
442 -> 275, -4, 1.25, 3, -2
442 -> 275, -4, 1.25, 4, -2
442 -> 275, -4, 1.75, 5, -1.5
442 -> 275, -1, 0.75, 4, -1
442 -> 275, -4, 1.75, 3, -1.5
442 -> 275, -4, 1.25, 5, -2
442 -> 275, -3, 0.75, 2, -1
443 -> 275, -5, 0.75, 2, -2
443 -> 275, -5, 0.75, 1, -2
444 -> 275, -2, 1.25, 3, -1
444 -> 275, -3, 1.75, 2, -1
445 -> 275, -3, 1.25, 1, -1.5
445 -> 275, -5, 1.25, 1, -2
445 -> 275, -1, 1.75, 4, -1
447 -> 275, -3, 0.75, 4, -1
447 -> 275, -3, 0.75, 5, -1
447 -> 275, -3, 1.25, 2, -1
449 -> 275, -5, 0.75, 2, -1.5
449 -> 275, -2, 0.25, 5, -2
449 -> 275, -2, 0.25, 2, -2
449 -> 275, -4, 1.25, 1, -1
449 -> 275, -3, 1.25, 1, -2
449 -> 275, -2, 0.25, 1, -2
449 -> 275, -5, 0.25, 2, -2
449 -> 275, -5, 0.25, 3, -2
449 -> 275, -2, 0.25, 4, -2
449 -> 275, -2, 0.25, 3, -2
449 -> 275, -5, 0.25, 1, -2
450 -> 275, -2, 1.75, 3, -1.5
450 -> 275, -1, 1.25, 2, -1.5
450 -> 275, -4, 1.75, 1, -2
450 -> 275, -1, 1.25, 3, -1.5
451 -> 275, -2, 1.75, 4, -1.5
451 -> 275, -1, 1.25, 4, -1.5
451 -> 275, -2, 0.25, 2, -1
451 -> 275, -1, 1.25, 5, -1.5
451 -> 275, -3, 1.25, 3, -2
451 -> 275, -2, 0.25, 1, -1
451 -> 275, -3, 1.25, 5, -2
451 -> 275, -3, 1.75, 1, -1
451 -> 275, -1, 0.75, 1, -1.5
451 -> 275, -3, 1.25, 4, -2
452 -> 275, -5, 1.75, 1, -0.5
452 -> 275, -5, 1.75, 2, -2
452 -> 275, -3, 1.75, 2, -1.5
452 -> 275, -5, 1.75, 3, -2
452 -> 275, -5, 1.75, 4, -2
452 -> 275, -5, 1.75, 5, -2
453 -> 275, -3, 0.75, 1, -1.5
453 -> 275, -2, 1.75, 1, -2
453 -> 275, -1, 1.75, 4, -2
453 -> 275, -1, 0.25, 1, -1.5
453 -> 275, -5, 0.75, 3, -2
455 -> 275, -2, 1.25, 4, -1
455 -> 275, -4, 0.75, 5, -2
455 -> 275, -2, 1.25, 3, -2
455 -> 275, -3, 1.25, 3, -1.5
455 -> 275, -4, 0.75, 4, -2
455 -> 275, -2, 1.25, 2, -2
455 -> 275, -3, 1.25, 4, -1.5
455 -> 275, -2, 1.25, 1, -2
455 -> 275, -4, 0.75, 3, -2
456 -> 275, -3, 1.75, 5, -1.5
456 -> 275, -3, 1.75, 3, -1.5
456 -> 275, -3, 1.75, 4, -1.5
456 -> 275, -1, 0.75, 5, -2
457 -> 275, -2, 1.75, 1, -1
457 -> 275, -2, 0.25, 3, -1.5
457 -> 275, -5, 1.75, 5, -1.5
457 -> 275, -5, 1.75, 4, -1.5
458 -> 275, -2, 0.25, 4, -1
458 -> 275, -1, 0.75, 5, -1.5
458 -> 275, -1, 0.75, 2, -1.5
458 -> 275, -2, 0.25, 3, -1
458 -> 275, -1, 0.75, 4, -1.5
458 -> 275, -1, 0.75, 3, -1.5
459 -> 275, -4, 1.25, 1, -1.5
459 -> 275, -5, 1.25, 3, -2
459 -> 275, -4, 1.25, 2, -1.5
459 -> 275, -4, 1.25, 4, -1.5
459 -> 275, -4, 1.25, 3, -1.5
460 -> 275, -4, 1.75, 3, -1
460 -> 275, -4, 1.75, 4, -1
460 -> 275, -1, 1.25, 3, -1
460 -> 275, -4, 1.75, 5, -1
460 -> 275, -4, 1.75, 2, -1
461 -> 275, -5, 1.25, 2, -2
461 -> 275, -2, 1.25, 4, -0.5
461 -> 275, -5, 0.75, 1, -1.5
461 -> 275, -2, 1.25, 5, -2
461 -> 275, -2, 1.25, 5, -0.5
461 -> 275, -2, 1.25, 4, -2
462 -> 275, -4, 1.75, 1, -1
463 -> 275, -5, 0.75, 4, -2
463 -> 275, -2, 1.75, 1, -1.5
463 -> 275, -1, 0.25, 5, -1.5
463 -> 275, -1, 0.75, 5, -1
463 -> 275, -2, 1.75, 2, -1.5
463 -> 275, -2, 1.25, 1, -1.5
464 -> 275, -4, 1.75, 5, -2
464 -> 275, -1, 0.75, 2, -0.5
465 -> 275, -1, 1.25, 1, -1.5
465 -> 275, -2, 1.75, 5, -1
465 -> 275, -3, 1.75, 5, -0.5
465 -> 275, -3, 0.75, 5, -1.5
465 -> 275, -3, 0.75, 5, -0.5
465 -> 275, -3, 0.75, 4, -1.5
465 -> 275, -3, 0.75, 3, -1.5
465 -> 275, -2, 1.75, 4, -1
465 -> 275, -2, 1.75, 3, -1
465 -> 275, -3, 0.75, 2, -1.5
466 -> 275, -3, 0.25, 1, -1
466 -> 275, -2, 0.75, 1, -2
466 -> 275, -3, 0.25, 2, -1
466 -> 275, -3, 0.25, 4, -1
466 -> 275, -3, 0.25, 3, -1
467 -> 275, -1, 0.25, 4, -1.5
467 -> 275, -4, 0.25, 4, -0.5
467 -> 275, -4, 0.25, 5, -0.5
467 -> 275, -1, 0.25, 3, -1.5
467 -> 275, -4, 0.25, 3, -0.5
468 -> 275, -1, 0.25, 3, -0.5
468 -> 275, -1, 0.25, 1, -0.5
468 -> 275, -1, 0.25, 2, -0.5
469 -> 275, -2, 0.25, 4, -0.5
469 -> 275, -3, 0.75, 1, -1
469 -> 275, -2, 0.25, 3, -0.5
469 -> 275, -2, 0.25, 5, -0.5
470 -> 275, -2, 1.25, 4, -1.5
471 -> 275, -4, 0.75, 4, -1.5
471 -> 275, -3, 1.75, 1, -1.5
471 -> 275, -4, 0.75, 5, -1.5
471 -> 275, -2, 0.25, 2, -1.5
471 -> 275, -2, 0.25, 1, -1.5
471 -> 275, -4, 0.75, 3, -1.5
471 -> 275, -4, 1.75, 4, -0.5
471 -> 275, -2, 0.75, 2, -2
471 -> 275, -4, 1.75, 5, -0.5
472 -> 275, -1, 1.75, 3, -2
472 -> 275, -3, 1.75, 3, -0.5
472 -> 275, -1, 1.75, 2, -2
472 -> 275, -1, 1.75, 1, -2
472 -> 275, -3, 1.75, 4, -0.5
473 -> 275, -2, 1.25, 2, -1.5
473 -> 275, -2, 1.25, 3, -1.5
475 -> 275, -5, 0.25, 3, -0.5
477 -> 275, -3, 0.25, 3, -2
478 -> 275, -4, 0.75, 2, -1.5
478 -> 275, -4, 0.75, 1, -1.5
479 -> 275, -5, 0.25, 4, -2
479 -> 275, -5, 0.25, 5, -2
480 -> 275, -5, 1.75, 3, -1.5
480 -> 275, -5, 0.25, 4, -0.5
480 -> 275, -5, 1.75, 2, -1.5
480 -> 275, -5, 1.75, 1, -1.5
480 -> 275, -4, 0.25, 4, -1
480 -> 275, -4, 0.25, 5, -1
481 -> 275, -2, 0.75, 5, -1.5
481 -> 275, -2, 0.75, 4, -1.5
481 -> 275, -2, 0.75, 3, -1.5
481 -> 275, -2, 0.25, 5, -1
481 -> 275, -2, 0.75, 2, -1.5
483 -> 275, -3, 0.25, 5, -2
483 -> 275, -1, 0.25, 4, -1
483 -> 275, -3, 0.25, 4, -2
483 -> 275, -1, 0.25, 3, -1
483 -> 275, -1, 0.25, 5, -1
484 -> 275, -1, 0.25, 2, -1
484 -> 275, -1, 0.25, 1, -1
486 -> 275, -1, 0.75, 1, -1
486 -> 275, -4, 0.25, 5, -1.5
486 -> 275, -4, 0.25, 3, -1.5
486 -> 275, -4, 0.25, 4, -1.5
487 -> 275, -1, 0.75, 2, -1
487 -> 275, -1, 0.75, 3, -1
487 -> 275, -2, 1.75, 3, -2
488 -> 275, -3, 1.75, 1, -2
489 -> 275, -3, 0.25, 5, -1
490 -> 275, -4, 1.75, 2, -2
490 -> 275, -4, 0.25, 5, -2
490 -> 275, -4, 0.25, 4, -2
490 -> 275, -1, 1.25, 2, -1
490 -> 275, -4, 1.75, 3, -2
490 -> 275, -4, 0.25, 3, -2
490 -> 275, -4, 1.75, 4, -2
491 -> 275, -4, 1.75, 2, -1.5
491 -> 275, -4, 1.75, 1, -1.5
492 -> 275, -4, 0.25, 1, -1
493 -> 275, -3, 1.75, 5, -2
493 -> 275, -3, 1.75, 3, -2
493 -> 275, -3, 1.75, 4, -2
494 -> 275, -3, 1.75, 2, -2
495 -> 275, -3, 1.75, 1, -0.5
495 -> 275, -3, 1.25, 5, -0.5
495 -> 275, -3, 1.25, 4, -0.5
495 -> 275, -3, 1.25, 3, -0.5
496 -> 275, -3, 1.25, 1, -1
498 -> 275, -4, 1.25, 2, -0.5
498 -> 275, -4, 1.25, 3, -0.5
498 -> 275, -4, 1.25, 1, -0.5
498 -> 275, -4, 1.25, 4, -0.5
498 -> 275, -4, 1.25, 5, -0.5
499 -> 275, -3, 0.25, 4, -1.5
499 -> 275, -3, 0.75, 4, -2
499 -> 275, -3, 0.25, 3, -1.5
499 -> 275, -3, 0.25, 2, -2
499 -> 275, -3, 0.25, 2, -1.5
499 -> 275, -3, 0.75, 2, -2
499 -> 275, -3, 0.75, 1, -2
499 -> 275, -3, 0.75, 3, -2
500 -> 275, -3, 0.25, 1, -2
500 -> 275, -3, 0.25, 1, -1.5
501 -> 275, -4, 0.25, 2, -2
501 -> 275, -4, 0.25, 1, -2
505 -> 275, -1, 0.25, 1, -2
508 -> 275, -1, 1.25, 4, -1
508 -> 275, -1, 0.25, 2, -1.5
508 -> 275, -3, 1.75, 2, -0.5
510 -> 275, -4, 0.25, 2, -0.5
514 -> 275, -2, 0.25, 4, -1.5
516 -> 275, -4, 0.25, 1, -1.5
518 -> 275, -5, 0.25, 5, -1
518 -> 275, -5, 0.25, 3, -1
518 -> 275, -5, 0.25, 2, -1
518 -> 275, -5, 0.25, 1, -1
518 -> 275, -5, 0.25, 4, -1
524 -> 275, -4, 0.75, 2, -0.5
524 -> 275, -4, 0.75, 3, -0.5
524 -> 275, -4, 0.75, 4, -0.5
524 -> 275, -4, 0.75, 5, -0.5
525 -> 275, -4, 0.75, 4, -1
525 -> 275, -4, 0.75, 3, -1
525 -> 275, -4, 0.75, 1, -1
525 -> 275, -4, 0.75, 2, -1
525 -> 275, -4, 0.75, 5, -1
525 -> 275, -2, 0.25, 5, -1.5
526 -> 275, -4, 0.75, 1, -0.5
528 -> 275, -3, 0.25, 5, -0.5
532 -> 275, -5, 1.25, 2, -1.5
532 -> 275, -5, 1.25, 3, -1.5
532 -> 275, -5, 1.25, 4, -1.5
532 -> 275, -3, 0.25, 4, -0.5
532 -> 275, -5, 1.25, 5, -1.5
532 -> 275, -5, 1.25, 1, -1.5
535 -> 275, -5, 0.25, 2, -1.5
535 -> 275, -5, 0.25, 4, -1.5
535 -> 275, -5, 0.25, 3, -1.5
535 -> 275, -5, 0.25, 5, -1.5
535 -> 275, -5, 0.25, 1, -1.5
536 -> 275, -3, 0.25, 3, -0.5
542 -> 275, -2, 0.75, 1, -1.5
547 -> 275, -2, 0.75, 1, -0.5
549 -> 275, -5, 0.75, 5, -1
558 -> 275, -3, 0.25, 2, -0.5
560 -> 275, -4, 0.25, 3, -1
561 -> 275, -5, 0.75, 3, -1
561 -> 275, -5, 0.75, 4, -1
561 -> 275, -5, 0.75, 2, -1
561 -> 275, -5, 0.75, 1, -1
572 -> 275, -4, 1.75, 2, -0.5
581 -> 275, -4, 1.25, 5, -1
581 -> 275, -4, 1.25, 4, -1
581 -> 275, -4, 1.25, 3, -1
588 -> 275, -5, 1.75, 3, -0.5
588 -> 275, -5, 1.75, 4, -0.5
588 -> 275, -5, 1.75, 5, -0.5
588 -> 275, -5, 1.25, 1, -0.5
589 -> 275, -5, 1.25, 5, -1
590 -> 275, -5, 1.25, 4, -1
590 -> 275, -5, 1.25, 3, -1
590 -> 275, -5, 1.25, 2, -1
590 -> 275, -5, 1.25, 1, -1
593 -> 275, -5, 0.25, 5, -0.5
605 -> 275, -3, 0.25, 1, -0.5
624 -> 275, -5, 1.25, 5, -0.5
625 -> 275, -5, 1.75, 2, -0.5
634 -> 275, -4, 0.25, 2, -1.5
648 -> 275, -5, 1.25, 4, -0.5
648 -> 275, -5, 1.25, 3, -0.5
651 -> 275, -5, 1.25, 2, -0.5
718 -> 275, -5, 0.75, 2, -0.5
718 -> 275, -5, 0.75, 3, -0.5
718 -> 275, -5, 0.75, 4, -0.5
718 -> 275, -5, 0.75, 1, -0.5
735 -> 275, -5, 0.75, 5, -0.5
