340 -> 174, -4, 1.25, 4, -2
346 -> 174, -4, 1.25, 5, -2
354 -> 174, -4, 1.25, 3, -2
365 -> 174, -4, 1.25, 2, -1.5
378 -> 174, -3, 1.75, 3, -2
379 -> 174, -2, 1.75, 3, -2
379 -> 174, -1, 1.75, 3, -0.5
381 -> 174, -4, 1.25, 2, -2
381 -> 174, -5, 1.25, 5, -1.5
381 -> 174, -4, 0.25, 2, -1
381 -> 174, -4, 0.25, 3, -1
381 -> 174, -4, 1.25, 1, -2
385 -> 174, -3, 0.75, 3, -2
386 -> 174, -2, 1.25, 2, -1.5
387 -> 174, -2, 1.25, 4, -1
387 -> 174, -1, 1.25, 2, -0.5
389 -> 174, -2, 1.75, 3, -1.5
389 -> 174, -5, 1.75, 4, -2
389 -> 174, -1, 0.75, 1, -0.5
390 -> 174, -2, 1.25, 5, -1
392 -> 174, -2, 1.75, 2, -2
394 -> 174, -3, 0.75, 2, -2
395 -> 174, -3, 1.25, 2, -1.5
396 -> 174, -3, 0.25, 5, -1.5
396 -> 174, -4, 1.75, 5, -2
396 -> 174, -2, 1.25, 3, -1.5
397 -> 174, -5, 0.75, 4, -2
397 -> 174, -4, 0.25, 5, -1.5
397 -> 174, -5, 0.75, 5, -2
397 -> 174, -5, 1.25, 1, -2
397 -> 174, -5, 1.25, 2, -2
397 -> 174, -5, 1.25, 3, -2
398 -> 174, -4, 1.75, 4, -2
400 -> 174, -2, 1.25, 4, -0.5
400 -> 174, -3, 0.25, 1, -2
401 -> 174, -1, 1.25, 4, -0.5
401 -> 174, -3, 0.75, 5, -2
401 -> 174, -2, 1.25, 1, -2
401 -> 174, -1, 1.75, 1, -1
401 -> 174, -4, 0.75, 3, -2
401 -> 174, -5, 1.25, 4, -2
401 -> 174, -5, 1.25, 5, -2
402 -> 174, -1, 1.25, 4, -1.5
402 -> 174, -1, 1.25, 3, -1.5
402 -> 174, -5, 1.25, 3, -1.5
405 -> 174, -4, 1.75, 1, -2
405 -> 174, -4, 1.75, 2, -2
405 -> 174, -4, 1.75, 3, -2
405 -> 174, -5, 1.25, 3, -0.5
405 -> 174, -1, 1.25, 5, -0.5
405 -> 174, -1, 1.75, 4, -2
406 -> 174, -1, 1.75, 5, -2
407 -> 174, -3, 1.75, 5, -2
407 -> 174, -3, 1.75, 1, -2
407 -> 174, -3, 1.75, 2, -2
407 -> 174, -3, 1.75, 4, -2
407 -> 174, -1, 1.75, 2, -0.5
407 -> 174, -4, 0.75, 4, -1
407 -> 174, -2, 1.75, 3, -0.5
408 -> 174, -3, 1.75, 3, -1.5
408 -> 174, -1, 1.75, 2, -1.5
409 -> 174, -3, 1.75, 1, -1.5
409 -> 174, -3, 1.75, 2, -1.5
409 -> 174, -4, 0.25, 4, -1
409 -> 174, -4, 0.25, 4, -1.5
410 -> 174, -5, 0.25, 4, -1.5
410 -> 174, -5, 1.75, 5, -2
411 -> 174, -4, 0.25, 1, -1
411 -> 174, -1, 1.75, 4, -1.5
412 -> 174, -1, 1.75, 2, -2
412 -> 174, -1, 1.25, 3, -0.5
413 -> 174, -4, 0.25, 5, -2
413 -> 174, -4, 0.25, 5, -1
413 -> 174, -4, 0.25, 4, -2
413 -> 174, -4, 0.25, 3, -2
413 -> 174, -4, 0.25, 2, -2
414 -> 174, -3, 0.25, 2, -1.5
414 -> 174, -3, 0.25, 3, -1.5
414 -> 174, -3, 0.75, 1, -2
415 -> 174, -1, 1.75, 4, -0.5
415 -> 174, -1, 1.25, 1, -1.5
415 -> 174, -1, 1.25, 2, -1.5
415 -> 174, -1, 1.75, 5, -0.5
416 -> 174, -3, 1.75, 5, -1
416 -> 174, -2, 1.75, 5, -1.5
416 -> 174, -3, 1.25, 2, -2
416 -> 174, -2, 1.75, 4, -1.5
416 -> 174, -2, 1.75, 2, -0.5
416 -> 174, -3, 0.75, 5, -1
417 -> 174, -1, 1.75, 1, -0.5
418 -> 174, -3, 0.25, 1, -1.5
419 -> 174, -5, 0.25, 5, -1
419 -> 174, -4, 0.75, 1, -1.5
419 -> 174, -4, 0.75, 2, -1.5
419 -> 174, -5, 0.25, 2, -1.5
419 -> 174, -5, 0.25, 3, -1.5
420 -> 174, -1, 0.25, 1, -1.5
420 -> 174, -2, 1.25, 2, -2
421 -> 174, -2, 0.25, 2, -1
421 -> 174, -2, 1.75, 3, -1
421 -> 174, -5, 1.25, 4, -1.5
421 -> 174, -2, 0.25, 1, -1
421 -> 174, -5, 1.75, 1, -2
421 -> 174, -2, 1.25, 4, -1.5
421 -> 174, -5, 1.75, 2, -2
421 -> 174, -2, 1.25, 5, -1.5
421 -> 174, -3, 1.25, 4, -1.5
421 -> 174, -3, 1.25, 5, -1.5
421 -> 174, -1, 1.75, 3, -1.5
422 -> 174, -2, 1.75, 5, -0.5
422 -> 174, -4, 1.25, 4, -1.5
422 -> 174, -4, 1.75, 5, -1
422 -> 174, -4, 1.75, 4, -1
422 -> 174, -4, 1.25, 5, -1.5
423 -> 174, -5, 1.25, 4, -0.5
423 -> 174, -5, 1.75, 3, -2
423 -> 174, -4, 0.25, 1, -2
423 -> 174, -5, 0.75, 1, -2
423 -> 174, -5, 1.25, 5, -0.5
423 -> 174, -5, 0.25, 1, -1
423 -> 174, -1, 1.75, 3, -2
423 -> 174, -3, 1.25, 4, -2
424 -> 174, -4, 0.75, 3, -0.5
424 -> 174, -4, 0.75, 2, -0.5
424 -> 174, -4, 0.75, 4, -0.5
424 -> 174, -4, 0.75, 5, -0.5
424 -> 174, -2, 1.75, 1, -2
424 -> 174, -5, 0.75, 1, -1
424 -> 174, -4, 0.75, 1, -0.5
425 -> 174, -5, 1.25, 1, -1.5
425 -> 174, -5, 1.25, 2, -1.5
425 -> 174, -2, 1.25, 3, -1
425 -> 174, -3, 1.25, 3, -1.5
425 -> 174, -2, 0.25, 1, -1.5
428 -> 174, -4, 1.75, 2, -1
429 -> 174, -2, 0.25, 5, -2
429 -> 174, -2, 1.25, 4, -2
429 -> 174, -2, 1.25, 3, -2
430 -> 174, -3, 0.75, 1, -1
430 -> 174, -2, 0.75, 3, -1.5
430 -> 174, -2, 0.75, 4, -1.5
430 -> 174, -3, 0.75, 2, -1
430 -> 174, -2, 0.75, 5, -1.5
431 -> 174, -4, 0.75, 1, -2
431 -> 174, -1, 0.25, 2, -1.5
431 -> 174, -4, 0.25, 2, -1.5
431 -> 174, -4, 0.75, 2, -2
431 -> 174, -4, 0.25, 3, -1.5
431 -> 174, -4, 1.25, 3, -1.5
431 -> 174, -3, 0.25, 3, -2
431 -> 174, -4, 0.25, 1, -1.5
432 -> 174, -2, 1.75, 4, -1
432 -> 174, -5, 0.25, 2, -1
432 -> 174, -2, 1.75, 1, -0.5
432 -> 174, -2, 1.75, 5, -1
433 -> 174, -1, 1.25, 2, -1
433 -> 174, -1, 0.75, 1, -2
434 -> 174, -1, 0.75, 5, -0.5
434 -> 174, -2, 1.25, 5, -2
434 -> 174, -2, 1.25, 1, -0.5
434 -> 174, -2, 1.25, 2, -0.5
435 -> 174, -5, 0.75, 4, -0.5
435 -> 174, -5, 0.75, 2, -0.5
435 -> 174, -2, 0.75, 4, -2
435 -> 174, -2, 0.75, 5, -2
435 -> 174, -5, 0.75, 3, -0.5
435 -> 174, -5, 0.75, 5, -0.5
436 -> 174, -2, 0.25, 3, -1.5
436 -> 174, -1, 1.25, 4, -2
436 -> 174, -2, 1.75, 1, -1.5
436 -> 174, -2, 1.75, 2, -1.5
436 -> 174, -2, 0.25, 2, -1.5
436 -> 174, -2, 0.25, 4, -1.5
436 -> 174, -5, 0.75, 1, -0.5
436 -> 174, -2, 0.25, 5, -1.5
437 -> 174, -1, 0.75, 1, -1.5
437 -> 174, -5, 0.25, 4, -0.5
437 -> 174, -4, 1.75, 1, -1
437 -> 174, -5, 0.25, 3, -0.5
437 -> 174, -1, 0.75, 2, -0.5
437 -> 174, -2, 0.75, 1, -1
438 -> 174, -2, 0.75, 3, -2
438 -> 174, -2, 0.75, 2, -2
438 -> 174, -3, 0.25, 4, -1
438 -> 174, -3, 0.25, 3, -1
438 -> 174, -3, 1.25, 1, -2
438 -> 174, -2, 0.75, 1, -2
438 -> 174, -2, 1.75, 5, -2
439 -> 174, -3, 1.75, 5, -1.5
441 -> 174, -3, 1.75, 3, -1
441 -> 174, -3, 1.75, 4, -1
441 -> 174, -3, 0.25, 5, -1
441 -> 174, -3, 0.25, 4, -1.5
442 -> 174, -3, 1.25, 5, -2
442 -> 174, -2, 0.75, 5, -0.5
444 -> 174, -1, 1.75, 1, -1.5
444 -> 174, -3, 0.25, 2, -2
444 -> 174, -4, 1.25, 1, -1.5
445 -> 174, -1, 1.75, 2, -1
445 -> 174, -3, 1.75, 1, -1
445 -> 174, -2, 1.75, 2, -1
446 -> 174, -1, 0.25, 1, -0.5
446 -> 174, -3, 0.75, 4, -1
446 -> 174, -3, 0.75, 3, -1
446 -> 174, -2, 0.25, 2, -0.5
447 -> 174, -2, 0.75, 5, -1
447 -> 174, -1, 1.75, 5, -1.5
448 -> 174, -3, 1.25, 1, -1.5
448 -> 174, -5, 0.75, 4, -1
448 -> 174, -5, 0.75, 3, -1
448 -> 174, -1, 1.75, 1, -2
448 -> 174, -1, 0.25, 2, -0.5
448 -> 174, -2, 1.75, 4, -2
449 -> 174, -4, 0.25, 4, -0.5
449 -> 174, -4, 0.25, 5, -0.5
449 -> 174, -1, 1.25, 2, -2
449 -> 174, -1, 1.25, 1, -2
449 -> 174, -5, 0.25, 3, -1
449 -> 174, -5, 0.25, 4, -1
449 -> 174, -5, 0.75, 2, -1
450 -> 174, -4, 1.75, 3, -1
451 -> 174, -2, 1.75, 4, -0.5
451 -> 174, -1, 1.25, 3, -2
451 -> 174, -1, 0.25, 2, -2
451 -> 174, -1, 0.25, 4, -2
451 -> 174, -3, 0.25, 1, -1
451 -> 174, -3, 0.25, 2, -1
451 -> 174, -1, 0.25, 1, -2
451 -> 174, -1, 0.25, 3, -2
451 -> 174, -1, 0.25, 5, -2
451 -> 174, -3, 1.75, 2, -1
452 -> 174, -1, 0.25, 1, -1
452 -> 174, -1, 0.75, 3, -0.5
452 -> 174, -1, 0.25, 2, -1
453 -> 174, -5, 0.25, 2, -0.5
453 -> 174, -2, 0.25, 3, -2
453 -> 174, -2, 1.25, 2, -1
453 -> 174, -2, 0.25, 2, -2
454 -> 174, -2, 0.25, 1, -2
454 -> 174, -2, 1.25, 1, -1
454 -> 174, -5, 0.25, 1, -1.5
455 -> 174, -5, 0.75, 2, -2
455 -> 174, -1, 1.25, 4, -1
455 -> 174, -5, 0.75, 3, -2
455 -> 174, -1, 1.25, 3, -1
455 -> 174, -1, 1.25, 5, -1
456 -> 174, -1, 0.75, 3, -1.5
456 -> 174, -1, 0.75, 2, -1.5
456 -> 174, -5, 0.25, 5, -2
456 -> 174, -5, 1.25, 2, -0.5
456 -> 174, -5, 0.25, 5, -1.5
456 -> 174, -5, 0.25, 4, -2
456 -> 174, -5, 0.25, 1, -2
456 -> 174, -5, 0.25, 3, -2
456 -> 174, -1, 0.75, 4, -1.5
456 -> 174, -5, 0.25, 2, -2
457 -> 174, -1, 1.25, 1, -0.5
458 -> 174, -4, 0.75, 5, -1
458 -> 174, -1, 1.25, 5, -2
458 -> 174, -1, 0.75, 2, -1
458 -> 174, -1, 1.25, 1, -1
458 -> 174, -1, 0.75, 5, -1
458 -> 174, -1, 0.75, 4, -1
458 -> 174, -1, 0.75, 3, -1
459 -> 174, -5, 0.75, 2, -1.5
459 -> 174, -3, 0.75, 1, -1.5
459 -> 174, -3, 0.75, 2, -1.5
459 -> 174, -5, 0.75, 1, -1.5
460 -> 174, -3, 0.75, 5, -1.5
461 -> 174, -4, 0.75, 5, -1.5
461 -> 174, -4, 0.75, 4, -1.5
461 -> 174, -1, 0.25, 3, -0.5
461 -> 174, -4, 0.75, 3, -1.5
461 -> 174, -2, 1.75, 1, -1
462 -> 174, -1, 0.75, 5, -1.5
462 -> 174, -2, 0.25, 1, -0.5
462 -> 174, -3, 1.25, 3, -2
463 -> 174, -5, 0.75, 3, -1.5
463 -> 174, -3, 1.75, 4, -1.5
463 -> 174, -1, 0.75, 4, -0.5
463 -> 174, -5, 0.75, 5, -1.5
463 -> 174, -5, 0.75, 4, -1.5
463 -> 174, -1, 1.25, 5, -1.5
464 -> 174, -2, 1.25, 1, -1.5
464 -> 174, -3, 0.75, 4, -2
465 -> 174, -1, 0.25, 3, -1.5
465 -> 174, -1, 0.25, 4, -1.5
465 -> 174, -1, 0.25, 5, -1.5
466 -> 174, -1, 0.25, 4, -1
466 -> 174, -3, 0.75, 3, -1.5
466 -> 174, -4, 0.75, 2, -1
466 -> 174, -4, 0.75, 3, -1
466 -> 174, -2, 0.25, 5, -0.5
466 -> 174, -4, 0.75, 1, -1
466 -> 174, -3, 1.25, 2, -1
466 -> 174, -1, 0.25, 3, -1
466 -> 174, -3, 0.75, 4, -1.5
466 -> 174, -1, 0.25, 5, -1
470 -> 174, -2, 0.75, 1, -0.5
470 -> 174, -2, 0.75, 3, -0.5
470 -> 174, -2, 0.75, 2, -0.5
472 -> 174, -1, 0.75, 4, -2
472 -> 174, -1, 0.75, 5, -2
472 -> 174, -1, 0.75, 3, -2
473 -> 174, -2, 0.75, 2, -1
473 -> 174, -2, 0.75, 3, -1
473 -> 174, -2, 0.75, 4, -1
474 -> 174, -3, 1.25, 5, -1
474 -> 174, -3, 1.25, 4, -1
477 -> 174, -1, 0.75, 2, -2
478 -> 174, -1, 0.75, 1, -1
479 -> 174, -4, 0.75, 4, -2
479 -> 174, -4, 0.75, 5, -2
481 -> 174, -2, 0.75, 2, -1.5
481 -> 174, -2, 0.75, 1, -1.5
482 -> 174, -1, 1.75, 5, -1
482 -> 174, -1, 1.75, 4, -1
482 -> 174, -1, 1.75, 3, -1
483 -> 174, -2, 0.25, 4, -0.5
483 -> 174, -3, 1.25, 4, -0.5
483 -> 174, -3, 1.25, 5, -0.5
483 -> 174, -2, 0.25, 3, -0.5
483 -> 174, -2, 0.75, 4, -0.5
483 -> 174, -3, 1.25, 3, -1
484 -> 174, -4, 1.25, 5, -1
484 -> 174, -4, 1.25, 3, -1
484 -> 174, -4, 1.25, 2, -1
484 -> 174, -4, 1.25, 1, -1
484 -> 174, -4, 1.25, 4, -1
485 -> 174, -2, 0.25, 4, -2
487 -> 174, -4, 0.25, 1, -0.5
488 -> 174, -5, 1.25, 4, -1
488 -> 174, -5, 1.25, 5, -1
490 -> 174, -5, 1.25, 2, -1
490 -> 174, -5, 1.25, 3, -1
491 -> 174, -4, 1.75, 1, -1.5
491 -> 174, -4, 1.75, 4, -1.5
491 -> 174, -4, 1.75, 5, -1.5
491 -> 174, -4, 1.75, 2, -1.5
491 -> 174, -4, 1.75, 3, -1.5
493 -> 174, -3, 1.25, 1, -0.5
493 -> 174, -3, 1.25, 3, -0.5
493 -> 174, -3, 1.25, 2, -0.5
495 -> 174, -3, 1.75, 5, -0.5
497 -> 174, -1, 0.25, 5, -0.5
497 -> 174, -1, 0.25, 4, -0.5
497 -> 174, -2, 1.25, 5, -0.5
500 -> 174, -4, 0.25, 3, -0.5
500 -> 174, -4, 0.25, 2, -0.5
501 -> 174, -2, 0.25, 3, -1
501 -> 174, -2, 0.25, 5, -1
501 -> 174, -2, 0.25, 4, -1
502 -> 174, -3, 0.25, 1, -0.5
502 -> 174, -3, 0.25, 2, -0.5
504 -> 174, -2, 1.25, 3, -0.5
505 -> 174, -5, 1.25, 1, -1
507 -> 174, -5, 1.75, 1, -1.5
507 -> 174, -5, 1.75, 2, -1.5
507 -> 174, -5, 1.75, 3, -1.5
507 -> 174, -5, 1.75, 4, -1.5
507 -> 174, -5, 1.75, 5, -1.5
512 -> 174, -3, 0.25, 5, -2
512 -> 174, -3, 0.25, 5, -0.5
512 -> 174, -3, 0.25, 4, -2
512 -> 174, -3, 0.25, 3, -0.5
512 -> 174, -3, 0.25, 4, -0.5
520 -> 174, -3, 1.25, 1, -1
552 -> 174, -3, 0.75, 5, -0.5
552 -> 174, -3, 0.75, 4, -0.5
570 -> 174, -5, 0.25, 1, -0.5
593 -> 174, -3, 0.75, 3, -0.5
593 -> 174, -3, 0.75, 1, -0.5
593 -> 174, -3, 0.75, 2, -0.5
594 -> 174, -5, 1.75, 4, -1
594 -> 174, -5, 1.75, 5, -1
596 -> 174, -5, 1.75, 3, -1
596 -> 174, -5, 1.75, 2, -1
596 -> 174, -5, 1.75, 1, -1
608 -> 174, -5, 0.25, 5, -0.5
628 -> 174, -5, 0.75, 5, -1
654 -> 174, -4, 1.75, 1, -0.5
654 -> 174, -4, 1.75, 2, -0.5
654 -> 174, -4, 1.75, 5, -0.5
654 -> 174, -4, 1.75, 4, -0.5
654 -> 174, -4, 1.75, 3, -0.5
664 -> 174, -3, 1.75, 2, -0.5
664 -> 174, -3, 1.75, 4, -0.5
664 -> 174, -3, 1.75, 3, -0.5
664 -> 174, -3, 1.75, 1, -0.5
678 -> 174, -5, 1.25, 1, -0.5
707 -> 174, -4, 1.25, 1, -0.5
707 -> 174, -4, 1.25, 4, -0.5
707 -> 174, -4, 1.25, 3, -0.5
707 -> 174, -4, 1.25, 5, -0.5
707 -> 174, -4, 1.25, 2, -0.5
722 -> 174, -5, 1.75, 4, -0.5
722 -> 174, -5, 1.75, 3, -0.5
722 -> 174, -5, 1.75, 5, -0.5
722 -> 174, -5, 1.75, 2, -0.5
722 -> 174, -5, 1.75, 1, -0.5
