338 -> 298, -5, 1.75, 5, -0.5
366 -> 298, -1, 1.75, 3, -1.5
368 -> 298, -5, 1.75, 4, -2
368 -> 298, -5, 1.75, 3, -2
371 -> 298, -3, 1.75, 1, -1
375 -> 298, -4, 1.75, 2, -1
377 -> 298, -2, 0.75, 3, -0.5
379 -> 298, -5, 0.75, 2, -1
380 -> 298, -2, 1.75, 2, -1.5
383 -> 298, -3, 1.75, 4, -0.5
383 -> 298, -1, 1.75, 4, -2
385 -> 298, -1, 1.75, 3, -2
386 -> 298, -4, 1.75, 1, -1
388 -> 298, -4, 1.75, 2, -1.5
388 -> 298, -1, 1.75, 3, -0.5
388 -> 298, -1, 1.75, 4, -1.5
389 -> 298, -1, 1.75, 5, -0.5
391 -> 298, -3, 1.75, 3, -0.5
391 -> 298, -5, 1.75, 2, -2
393 -> 298, -1, 1.75, 5, -1.5
396 -> 298, -1, 0.75, 4, -1
396 -> 298, -5, 0.75, 5, -0.5
397 -> 298, -1, 1.75, 1, -0.5
397 -> 298, -5, 0.75, 5, -1
397 -> 298, -5, 0.75, 1, -1
398 -> 298, -1, 1.75, 1, -2
401 -> 298, -1, 1.25, 2, -1.5
402 -> 298, -5, 0.75, 3, -1
403 -> 298, -1, 1.25, 5, -1
403 -> 298, -3, 1.25, 4, -1
403 -> 298, -2, 1.25, 1, -0.5
403 -> 298, -1, 0.75, 3, -1
404 -> 298, -3, 0.75, 3, -0.5
404 -> 298, -3, 0.75, 1, -1
404 -> 298, -5, 0.75, 4, -1
405 -> 298, -3, 0.75, 2, -0.5
405 -> 298, -3, 1.75, 1, -2
406 -> 298, -5, 1.75, 1, -1.5
406 -> 298, -1, 1.75, 4, -0.5
409 -> 298, -3, 1.75, 5, -1
409 -> 298, -1, 1.25, 1, -1
409 -> 298, -1, 1.25, 4, -0.5
410 -> 298, -1, 1.75, 2, -2
410 -> 298, -2, 1.75, 5, -0.5
411 -> 298, -4, 0.25, 1, -1
412 -> 298, -3, 1.75, 2, -0.5
412 -> 298, -1, 0.75, 2, -0.5
412 -> 298, -1, 0.75, 1, -0.5
413 -> 298, -5, 0.75, 5, -1.5
413 -> 298, -2, 1.25, 5, -1
413 -> 298, -1, 1.75, 2, -1.5
414 -> 298, -2, 1.75, 2, -0.5
415 -> 298, -3, 1.25, 3, -1
415 -> 298, -2, 1.25, 1, -1
416 -> 298, -3, 1.25, 5, -1.5
416 -> 298, -1, 1.25, 1, -2
417 -> 298, -3, 1.25, 5, -2
418 -> 298, -4, 0.75, 2, -0.5
418 -> 298, -4, 1.25, 1, -1.5
418 -> 298, -2, 1.75, 1, -0.5
418 -> 298, -4, 1.75, 3, -1
418 -> 298, -4, 1.75, 5, -1
418 -> 298, -1, 1.75, 1, -1
418 -> 298, -3, 1.75, 1, -0.5
420 -> 298, -3, 1.75, 2, -1
421 -> 298, -5, 0.25, 4, -2
421 -> 298, -5, 1.75, 5, -1
421 -> 298, -5, 0.25, 2, -2
421 -> 298, -5, 0.25, 3, -2
422 -> 298, -2, 1.75, 4, -0.5
423 -> 298, -2, 1.75, 3, -1
423 -> 298, -2, 1.25, 2, -0.5
423 -> 298, -2, 1.75, 4, -1
425 -> 298, -1, 0.75, 5, -0.5
426 -> 298, -2, 0.75, 2, -0.5
426 -> 298, -5, 0.75, 3, -2
427 -> 298, -1, 0.25, 2, -1.5
427 -> 298, -1, 0.25, 3, -1.5
427 -> 298, -1, 1.75, 5, -2
427 -> 298, -5, 1.25, 4, -1.5
427 -> 298, -1, 0.75, 5, -1
427 -> 298, -1, 0.25, 4, -1.5
427 -> 298, -1, 0.25, 5, -1.5
428 -> 298, -1, 0.25, 1, -0.5
428 -> 298, -1, 1.25, 5, -1.5
428 -> 298, -1, 1.25, 4, -1.5
428 -> 298, -1, 1.25, 1, -1.5
428 -> 298, -3, 1.25, 2, -1
429 -> 298, -2, 0.75, 1, -1.5
430 -> 298, -2, 1.25, 5, -2
430 -> 298, -1, 1.75, 2, -0.5
431 -> 298, -3, 0.25, 5, -2
432 -> 298, -4, 1.25, 5, -1
432 -> 298, -4, 0.75, 3, -2
432 -> 298, -1, 0.75, 2, -1
432 -> 298, -1, 0.75, 2, -1.5
432 -> 298, -4, 1.25, 3, -1
432 -> 298, -4, 1.25, 4, -1
432 -> 298, -1, 0.25, 4, -0.5
432 -> 298, -1, 0.25, 3, -0.5
432 -> 298, -3, 1.75, 5, -2
433 -> 298, -5, 1.75, 1, -2
433 -> 298, -3, 0.25, 5, -1.5
433 -> 298, -3, 0.25, 2, -1
433 -> 298, -3, 0.25, 1, -1
434 -> 298, -5, 1.75, 2, -1.5
435 -> 298, -2, 1.25, 3, -0.5
435 -> 298, -4, 0.75, 1, -1
435 -> 298, -5, 1.25, 2, -1.5
435 -> 298, -5, 1.25, 3, -1.5
435 -> 298, -1, 1.75, 1, -1.5
436 -> 298, -2, 1.25, 2, -1.5
436 -> 298, -1, 1.25, 5, -0.5
438 -> 298, -2, 1.25, 5, -1.5
439 -> 298, -2, 1.25, 3, -1
439 -> 298, -3, 1.75, 5, -1.5
439 -> 298, -4, 1.25, 1, -1
439 -> 298, -2, 1.25, 2, -1
439 -> 298, -3, 1.75, 3, -1.5
439 -> 298, -3, 1.75, 4, -1.5
439 -> 298, -3, 0.75, 4, -2
439 -> 298, -3, 0.75, 5, -2
439 -> 298, -1, 0.75, 3, -0.5
440 -> 298, -2, 1.25, 4, -1.5
440 -> 298, -2, 1.25, 3, -1.5
441 -> 298, -2, 1.75, 3, -0.5
441 -> 298, -2, 1.75, 1, -1
442 -> 298, -3, 0.75, 5, -1
442 -> 298, -3, 1.75, 2, -2
442 -> 298, -3, 0.75, 5, -1.5
442 -> 298, -3, 0.75, 3, -2
442 -> 298, -3, 0.75, 4, -1
442 -> 298, -3, 0.75, 4, -1.5
443 -> 298, -4, 0.25, 2, -1
444 -> 298, -3, 0.75, 2, -2
444 -> 298, -3, 0.75, 1, -1.5
444 -> 298, -1, 1.25, 1, -0.5
444 -> 298, -4, 0.25, 5, -2
444 -> 298, -5, 0.75, 1, -1.5
444 -> 298, -1, 1.25, 3, -0.5
444 -> 298, -5, 0.75, 2, -1.5
444 -> 298, -5, 0.75, 3, -1.5
444 -> 298, -3, 1.75, 1, -1.5
444 -> 298, -3, 0.75, 2, -1.5
444 -> 298, -1, 0.75, 4, -0.5
444 -> 298, -5, 0.75, 4, -1.5
444 -> 298, -4, 0.25, 4, -2
444 -> 298, -3, 1.75, 2, -1.5
445 -> 298, -3, 1.25, 5, -1
445 -> 298, -4, 1.75, 3, -1.5
445 -> 298, -1, 0.25, 5, -1
445 -> 298, -5, 1.25, 4, -1
445 -> 298, -1, 0.25, 4, -1
446 -> 298, -3, 1.75, 3, -2
446 -> 298, -3, 1.75, 4, -1
446 -> 298, -5, 1.25, 5, -1.5
447 -> 298, -4, 0.75, 4, -2
447 -> 298, -2, 0.75, 1, -0.5
448 -> 298, -1, 0.25, 2, -0.5
448 -> 298, -5, 1.25, 5, -1
448 -> 298, -5, 1.25, 2, -1
449 -> 298, -4, 1.25, 2, -2
449 -> 298, -4, 1.25, 3, -2
449 -> 298, -4, 1.25, 2, -1
449 -> 298, -4, 1.25, 4, -2
449 -> 298, -1, 1.25, 2, -2
449 -> 298, -4, 1.25, 5, -2
450 -> 298, -2, 1.75, 5, -1.5
450 -> 298, -1, 0.75, 1, -1.5
451 -> 298, -3, 0.75, 2, -1
451 -> 298, -3, 0.75, 3, -1
451 -> 298, -3, 1.75, 4, -2
452 -> 298, -4, 1.75, 4, -1.5
452 -> 298, -5, 1.25, 3, -2
452 -> 298, -1, 0.75, 1, -1
452 -> 298, -5, 1.25, 2, -2
452 -> 298, -1, 1.25, 4, -2
452 -> 298, -2, 0.25, 3, -0.5
452 -> 298, -5, 1.25, 4, -2
452 -> 298, -2, 1.25, 1, -1.5
452 -> 298, -5, 0.25, 5, -2
452 -> 298, -5, 1.25, 5, -2
453 -> 298, -4, 0.25, 2, -1.5
453 -> 298, -1, 1.25, 3, -2
453 -> 298, -1, 1.25, 2, -1
454 -> 298, -4, 0.75, 5, -2
454 -> 298, -3, 1.75, 3, -1
454 -> 298, -3, 0.75, 3, -1.5
455 -> 298, -4, 1.75, 1, -1.5
455 -> 298, -3, 1.25, 2, -0.5
455 -> 298, -2, 0.25, 1, -2
455 -> 298, -2, 0.25, 4, -0.5
455 -> 298, -3, 1.25, 2, -1.5
455 -> 298, -3, 1.25, 1, -0.5
456 -> 298, -1, 1.75, 4, -1
456 -> 298, -1, 1.75, 3, -1
456 -> 298, -2, 1.75, 3, -1.5
456 -> 298, -1, 1.75, 5, -1
456 -> 298, -2, 1.75, 4, -1.5
457 -> 298, -1, 1.25, 2, -0.5
457 -> 298, -1, 0.25, 2, -1
457 -> 298, -1, 0.25, 3, -1
457 -> 298, -3, 0.25, 4, -2
457 -> 298, -1, 0.25, 1, -1
457 -> 298, -5, 0.25, 1, -0.5
457 -> 298, -5, 0.25, 2, -0.5
457 -> 298, -3, 0.25, 3, -2
457 -> 298, -3, 0.25, 1, -2
457 -> 298, -3, 0.25, 2, -2
458 -> 298, -4, 1.75, 4, -1
458 -> 298, -2, 1.75, 1, -1.5
459 -> 298, -5, 1.75, 2, -0.5
459 -> 298, -2, 1.25, 4, -1
460 -> 298, -3, 1.25, 4, -1.5
460 -> 298, -4, 0.25, 1, -1.5
460 -> 298, -3, 1.25, 3, -1.5
461 -> 298, -2, 1.25, 1, -2
461 -> 298, -2, 0.75, 4, -1
461 -> 298, -4, 0.75, 4, -1
461 -> 298, -2, 0.75, 3, -1
461 -> 298, -1, 0.25, 5, -0.5
461 -> 298, -2, 0.75, 2, -1
461 -> 298, -4, 0.75, 5, -1
461 -> 298, -4, 0.75, 2, -2
461 -> 298, -4, 0.75, 1, -2
462 -> 298, -2, 0.75, 1, -1
462 -> 298, -2, 1.25, 4, -2
462 -> 298, -2, 1.25, 3, -2
463 -> 298, -3, 0.75, 4, -0.5
463 -> 298, -1, 1.25, 3, -1.5
464 -> 298, -5, 0.75, 4, -2
464 -> 298, -1, 1.75, 2, -1
464 -> 298, -3, 1.25, 1, -2
464 -> 298, -3, 1.25, 1, -1.5
464 -> 298, -5, 0.75, 5, -2
465 -> 298, -5, 1.75, 2, -1
465 -> 298, -3, 0.25, 4, -1.5
466 -> 298, -2, 0.25, 2, -2
466 -> 298, -4, 0.25, 2, -2
466 -> 298, -4, 0.25, 3, -2
466 -> 298, -5, 1.75, 1, -0.5
466 -> 298, -4, 0.25, 1, -2
467 -> 298, -5, 1.75, 5, -2
468 -> 298, -2, 0.25, 5, -0.5
469 -> 298, -2, 1.75, 5, -2
469 -> 298, -4, 1.25, 1, -0.5
470 -> 298, -2, 1.75, 2, -1
470 -> 298, -3, 0.25, 5, -1
470 -> 298, -3, 0.25, 4, -1
470 -> 298, -1, 1.25, 3, -1
470 -> 298, -1, 0.25, 1, -1.5
471 -> 298, -3, 1.25, 4, -2
471 -> 298, -3, 0.75, 1, -0.5
471 -> 298, -3, 1.25, 2, -2
471 -> 298, -3, 1.25, 3, -2
472 -> 298, -1, 1.25, 4, -1
472 -> 298, -2, 1.25, 2, -2
473 -> 298, -1, 1.25, 5, -2
474 -> 298, -2, 0.75, 3, -2
474 -> 298, -2, 0.75, 4, -2
474 -> 298, -2, 0.75, 5, -2
474 -> 298, -3, 0.25, 3, -1
474 -> 298, -4, 1.75, 1, -2
476 -> 298, -2, 0.25, 2, -0.5
477 -> 298, -3, 0.25, 4, -0.5
477 -> 298, -3, 0.25, 2, -0.5
477 -> 298, -2, 1.75, 1, -2
477 -> 298, -3, 0.25, 5, -0.5
477 -> 298, -3, 0.25, 3, -0.5
478 -> 298, -1, 0.75, 4, -1.5
478 -> 298, -2, 0.25, 4, -2
478 -> 298, -1, 0.75, 3, -1.5
478 -> 298, -4, 1.25, 1, -2
478 -> 298, -2, 0.25, 3, -2
478 -> 298, -2, 0.25, 5, -2
478 -> 298, -1, 0.75, 5, -1.5
478 -> 298, -4, 0.25, 5, -1
478 -> 298, -2, 1.75, 4, -2
478 -> 298, -4, 0.25, 4, -1
479 -> 298, -5, 1.25, 1, -1
479 -> 298, -5, 1.25, 1, -2
479 -> 298, -1, 0.75, 1, -2
481 -> 298, -2, 1.75, 3, -2
481 -> 298, -2, 0.75, 2, -2
481 -> 298, -2, 1.75, 2, -2
481 -> 298, -2, 0.75, 1, -2
482 -> 298, -2, 1.75, 5, -1
483 -> 298, -2, 0.25, 1, -1
483 -> 298, -2, 0.25, 3, -1
483 -> 298, -2, 0.25, 4, -1
483 -> 298, -2, 0.25, 2, -1
483 -> 298, -2, 0.25, 5, -1
484 -> 298, -2, 0.25, 1, -1.5
484 -> 298, -2, 0.25, 2, -1.5
485 -> 298, -2, 0.25, 4, -1.5
485 -> 298, -2, 0.25, 5, -1.5
485 -> 298, -3, 0.75, 5, -0.5
485 -> 298, -2, 0.25, 3, -1.5
486 -> 298, -2, 1.25, 4, -0.5
486 -> 298, -4, 0.75, 2, -1
486 -> 298, -2, 0.25, 1, -0.5
486 -> 298, -4, 0.75, 3, -1
486 -> 298, -2, 1.25, 5, -0.5
487 -> 298, -4, 0.25, 3, -1
488 -> 298, -1, 0.25, 2, -2
488 -> 298, -1, 0.25, 1, -2
490 -> 298, -1, 0.75, 3, -2
490 -> 298, -1, 0.75, 4, -2
490 -> 298, -1, 0.75, 5, -2
490 -> 298, -1, 0.75, 2, -2
491 -> 298, -4, 0.25, 1, -0.5
491 -> 298, -4, 0.75, 4, -1.5
491 -> 298, -4, 0.75, 3, -1.5
492 -> 298, -4, 0.25, 3, -0.5
493 -> 298, -1, 0.25, 3, -2
493 -> 298, -1, 0.25, 5, -2
493 -> 298, -4, 0.25, 3, -1.5
493 -> 298, -4, 0.25, 5, -1.5
493 -> 298, -4, 1.25, 2, -0.5
493 -> 298, -1, 0.25, 4, -2
493 -> 298, -4, 0.25, 4, -1.5
494 -> 298, -4, 0.25, 2, -0.5
495 -> 298, -5, 0.75, 1, -2
495 -> 298, -5, 0.75, 2, -2
495 -> 298, -5, 0.25, 5, -0.5
495 -> 298, -5, 0.25, 4, -0.5
495 -> 298, -5, 0.25, 3, -0.5
496 -> 298, -2, 0.75, 5, -0.5
496 -> 298, -2, 0.75, 4, -0.5
497 -> 298, -5, 1.25, 3, -1
498 -> 298, -2, 0.75, 5, -1
501 -> 298, -3, 0.75, 1, -2
501 -> 298, -3, 1.75, 5, -0.5
503 -> 298, -3, 1.25, 1, -1
504 -> 298, -4, 1.25, 2, -1.5
504 -> 298, -4, 1.25, 4, -1.5
504 -> 298, -5, 0.25, 1, -2
504 -> 298, -4, 1.25, 5, -1.5
504 -> 298, -4, 1.25, 3, -1.5
508 -> 298, -5, 0.75, 4, -0.5
511 -> 298, -2, 0.75, 5, -1.5
511 -> 298, -2, 0.75, 4, -1.5
511 -> 298, -2, 0.75, 3, -1.5
511 -> 298, -2, 0.75, 2, -1.5
512 -> 298, -4, 1.75, 2, -0.5
513 -> 298, -4, 1.75, 3, -0.5
516 -> 298, -3, 0.25, 1, -0.5
516 -> 298, -3, 0.25, 2, -1.5
516 -> 298, -3, 0.25, 1, -1.5
519 -> 298, -4, 0.75, 2, -1.5
521 -> 298, -4, 0.75, 1, -1.5
521 -> 298, -3, 0.25, 3, -1.5
522 -> 298, -5, 1.75, 3, -1
522 -> 298, -5, 1.75, 4, -1
525 -> 298, -5, 1.75, 5, -1.5
525 -> 298, -5, 1.75, 3, -1.5
525 -> 298, -5, 1.75, 4, -1.5
530 -> 298, -5, 1.75, 1, -1
535 -> 298, -4, 1.75, 5, -2
536 -> 298, -4, 1.75, 3, -2
536 -> 298, -4, 0.75, 4, -0.5
536 -> 298, -4, 0.75, 5, -0.5
536 -> 298, -4, 1.75, 4, -2
536 -> 298, -4, 0.75, 3, -0.5
536 -> 298, -4, 1.75, 2, -2
537 -> 298, -5, 1.25, 1, -1.5
542 -> 298, -4, 1.25, 3, -0.5
543 -> 298, -4, 1.75, 5, -1.5
548 -> 298, -4, 1.25, 4, -0.5
549 -> 298, -4, 1.25, 5, -0.5
554 -> 298, -4, 0.75, 5, -1.5
567 -> 298, -4, 1.75, 1, -0.5
568 -> 298, -5, 1.75, 3, -0.5
570 -> 298, -4, 0.75, 1, -0.5
576 -> 298, -5, 0.25, 3, -1
576 -> 298, -5, 0.25, 4, -1
576 -> 298, -5, 0.25, 5, -1
577 -> 298, -5, 0.25, 2, -1
577 -> 298, -5, 0.25, 1, -1
580 -> 298, -5, 1.75, 4, -0.5
589 -> 298, -4, 0.25, 4, -0.5
589 -> 298, -4, 0.25, 5, -0.5
606 -> 298, -4, 1.75, 4, -0.5
606 -> 298, -4, 1.75, 5, -0.5
607 -> 298, -5, 0.75, 2, -0.5
607 -> 298, -5, 0.75, 3, -0.5
623 -> 298, -5, 0.25, 2, -1.5
623 -> 298, -5, 0.25, 1, -1.5
623 -> 298, -5, 0.25, 3, -1.5
623 -> 298, -5, 0.25, 4, -1.5
623 -> 298, -5, 0.25, 5, -1.5
644 -> 298, -3, 1.25, 3, -0.5
644 -> 298, -3, 1.25, 4, -0.5
644 -> 298, -3, 1.25, 5, -0.5
655 -> 298, -5, 1.25, 5, -0.5
655 -> 298, -5, 1.25, 4, -0.5
655 -> 298, -5, 1.25, 3, -0.5
660 -> 298, -5, 1.25, 2, -0.5
660 -> 298, -5, 1.25, 1, -0.5
774 -> 298, -5, 0.75, 1, -0.5
