292 -> 375, -3, 1.25, 3, -0.5
318 -> 375, -4, 1.25, 3, -0.5
328 -> 375, -3, 0.75, 4, -0.5
362 -> 375, -1, 1.25, 4, -1
372 -> 375, -4, 0.75, 4, -0.5
373 -> 375, -1, 1.25, 3, -1
375 -> 375, -1, 1.75, 2, -0.5
377 -> 375, -3, 1.75, 2, -2
377 -> 375, -3, 1.75, 3, -2
381 -> 375, -5, 1.25, 3, -0.5
383 -> 375, -2, 1.25, 4, -2
383 -> 375, -2, 1.25, 5, -2
387 -> 375, -4, 1.25, 2, -0.5
388 -> 375, -5, 1.25, 5, -0.5
389 -> 375, -1, 1.75, 1, -0.5
390 -> 375, -2, 1.25, 3, -1
391 -> 375, -2, 1.75, 2, -0.5
392 -> 375, -2, 1.25, 1, -1
395 -> 375, -2, 1.25, 4, -1.5
395 -> 375, -1, 0.75, 3, -1.5
395 -> 375, -1, 0.75, 2, -1.5
397 -> 375, -4, 1.75, 2, -1
397 -> 375, -2, 1.25, 2, -1.5
397 -> 375, -4, 1.75, 1, -1
397 -> 375, -3, 1.75, 4, -1
399 -> 375, -4, 1.25, 4, -0.5
399 -> 375, -3, 1.25, 4, -0.5
400 -> 375, -3, 0.75, 3, -1.5
400 -> 375, -3, 0.75, 4, -1.5
400 -> 375, -3, 0.75, 5, -1.5
400 -> 375, -3, 1.75, 5, -1
400 -> 375, -2, 0.25, 3, -0.5
400 -> 375, -1, 0.25, 1, -0.5
401 -> 375, -5, 1.75, 1, -2
403 -> 375, -3, 1.25, 1, -1.5
403 -> 375, -3, 1.25, 2, -1.5
403 -> 375, -5, 1.75, 5, -0.5
404 -> 375, -3, 0.75, 2, -2
404 -> 375, -4, 1.75, 3, -2
404 -> 375, -3, 0.75, 3, -2
404 -> 375, -4, 1.75, 4, -2
404 -> 375, -1, 1.25, 2, -1.5
404 -> 375, -4, 1.75, 2, -2
405 -> 375, -5, 1.25, 1, -1.5
405 -> 375, -2, 0.75, 4, -0.5
406 -> 375, -3, 1.25, 4, -1.5
406 -> 375, -2, 1.75, 1, -0.5
406 -> 375, -1, 1.75, 1, -1.5
407 -> 375, -3, 1.75, 5, -2
407 -> 375, -4, 0.75, 3, -0.5
407 -> 375, -1, 1.25, 5, -0.5
408 -> 375, -2, 1.75, 1, -1.5
408 -> 375, -5, 0.25, 2, -0.5
408 -> 375, -5, 1.25, 4, -0.5
409 -> 375, -1, 0.75, 1, -1
410 -> 375, -4, 0.75, 1, -0.5
410 -> 375, -4, 0.75, 2, -0.5
410 -> 375, -5, 1.75, 3, -1.5
410 -> 375, -3, 0.75, 3, -0.5
411 -> 375, -5, 1.25, 1, -1
411 -> 375, -4, 0.75, 3, -1
411 -> 375, -4, 0.75, 4, -1
412 -> 375, -3, 1.25, 3, -2
412 -> 375, -3, 1.25, 5, -1
413 -> 375, -1, 1.75, 5, -1
413 -> 375, -1, 1.75, 4, -1
413 -> 375, -2, 1.25, 5, -1
413 -> 375, -5, 0.75, 4, -1.5
413 -> 375, -5, 0.25, 1, -0.5
413 -> 375, -2, 1.25, 4, -1
415 -> 375, -2, 1.25, 2, -1
415 -> 375, -4, 1.25, 3, -1
415 -> 375, -3, 1.25, 2, -1
415 -> 375, -2, 0.75, 2, -1.5
418 -> 375, -1, 0.25, 3, -1.5
418 -> 375, -1, 0.75, 4, -2
418 -> 375, -1, 0.75, 5, -2
418 -> 375, -3, 1.25, 4, -2
419 -> 375, -1, 0.25, 2, -1.5
419 -> 375, -1, 1.75, 4, -0.5
419 -> 375, -1, 0.25, 2, -0.5
419 -> 375, -1, 1.75, 3, -0.5
419 -> 375, -3, 1.75, 1, -1.5
419 -> 375, -2, 1.25, 3, -1.5
421 -> 375, -1, 1.25, 1, -0.5
422 -> 375, -2, 1.25, 5, -1.5
423 -> 375, -2, 0.75, 5, -1.5
423 -> 375, -1, 1.25, 2, -2
424 -> 375, -1, 0.75, 1, -1.5
424 -> 375, -1, 1.75, 5, -0.5
425 -> 375, -5, 1.75, 4, -1.5
425 -> 375, -3, 1.25, 5, -1.5
425 -> 375, -3, 1.75, 1, -1
425 -> 375, -5, 1.75, 5, -1.5
425 -> 375, -3, 1.75, 4, -1.5
425 -> 375, -3, 1.75, 5, -1.5
426 -> 375, -3, 1.25, 3, -1
427 -> 375, -1, 0.75, 5, -0.5
427 -> 375, -4, 1.75, 5, -2
427 -> 375, -3, 0.75, 1, -2
427 -> 375, -5, 1.25, 2, -0.5
427 -> 375, -1, 0.75, 4, -0.5
427 -> 375, -4, 0.75, 4, -2
428 -> 375, -1, 1.25, 1, -1
428 -> 375, -1, 1.75, 4, -1.5
428 -> 375, -3, 1.25, 5, -2
428 -> 375, -1, 1.75, 3, -1.5
428 -> 375, -1, 1.75, 2, -1.5
428 -> 375, -3, 1.25, 3, -1.5
429 -> 375, -5, 1.75, 1, -0.5
432 -> 375, -2, 0.25, 2, -1
432 -> 375, -2, 0.25, 4, -1
432 -> 375, -2, 0.25, 3, -1
433 -> 375, -2, 1.75, 3, -2
433 -> 375, -3, 1.75, 2, -1
433 -> 375, -5, 1.75, 1, -1.5
433 -> 375, -2, 1.75, 2, -2
433 -> 375, -3, 1.25, 5, -0.5
434 -> 375, -2, 1.75, 4, -2
434 -> 375, -3, 1.75, 4, -2
434 -> 375, -5, 1.25, 5, -2
434 -> 375, -2, 1.75, 5, -2
435 -> 375, -4, 0.75, 5, -1
436 -> 375, -5, 0.25, 5, -0.5
436 -> 375, -5, 1.75, 4, -2
436 -> 375, -4, 1.25, 5, -0.5
437 -> 375, -3, 0.25, 4, -2
437 -> 375, -3, 1.25, 2, -2
437 -> 375, -4, 1.25, 4, -1
438 -> 375, -1, 1.25, 4, -2
438 -> 375, -4, 1.25, 5, -1
438 -> 375, -1, 1.25, 3, -2
438 -> 375, -1, 1.25, 5, -2
438 -> 375, -1, 1.25, 5, -1
438 -> 375, -4, 0.75, 3, -2
439 -> 375, -5, 1.75, 3, -1
440 -> 375, -4, 0.25, 4, -0.5
440 -> 375, -5, 0.25, 3, -0.5
440 -> 375, -4, 0.25, 3, -0.5
440 -> 375, -4, 1.25, 2, -1
441 -> 375, -2, 1.25, 1, -2
441 -> 375, -3, 0.25, 2, -1
441 -> 375, -3, 1.75, 1, -2
441 -> 375, -3, 1.75, 2, -1.5
442 -> 375, -4, 1.75, 4, -1.5
443 -> 375, -4, 1.75, 3, -1
443 -> 375, -5, 0.75, 2, -1.5
443 -> 375, -5, 0.75, 1, -1.5
443 -> 375, -4, 1.75, 1, -2
443 -> 375, -5, 0.75, 3, -1.5
443 -> 375, -4, 1.75, 4, -1
443 -> 375, -1, 0.75, 5, -1.5
443 -> 375, -2, 1.75, 2, -1
443 -> 375, -1, 0.75, 4, -1.5
443 -> 375, -2, 1.75, 1, -1
444 -> 375, -1, 0.25, 1, -1.5
444 -> 375, -3, 1.75, 3, -1.5
444 -> 375, -5, 1.25, 2, -2
445 -> 375, -2, 0.75, 4, -1.5
445 -> 375, -5, 1.75, 3, -0.5
445 -> 375, -3, 1.25, 1, -1
445 -> 375, -1, 1.75, 5, -1.5
445 -> 375, -4, 1.75, 1, -1.5
446 -> 375, -5, 0.75, 1, -0.5
446 -> 375, -3, 0.75, 1, -1.5
446 -> 375, -5, 0.25, 4, -0.5
446 -> 375, -1, 1.25, 1, -1.5
447 -> 375, -4, 1.25, 1, -1.5
447 -> 375, -2, 0.75, 5, -0.5
448 -> 375, -3, 1.25, 4, -1
449 -> 375, -1, 1.75, 3, -2
449 -> 375, -3, 0.75, 2, -1.5
449 -> 375, -5, 0.75, 5, -1.5
450 -> 375, -5, 1.75, 3, -2
450 -> 375, -2, 1.75, 2, -1.5
450 -> 375, -4, 1.75, 5, -1
450 -> 375, -2, 1.75, 3, -1.5
450 -> 375, -1, 1.25, 5, -1.5
451 -> 375, -5, 0.75, 5, -0.5
451 -> 375, -3, 0.75, 5, -0.5
451 -> 375, -2, 0.75, 4, -1
451 -> 375, -3, 1.25, 2, -0.5
451 -> 375, -2, 0.75, 2, -1
451 -> 375, -2, 0.25, 1, -0.5
451 -> 375, -2, 0.75, 3, -1
451 -> 375, -5, 0.25, 1, -1
452 -> 375, -3, 0.75, 3, -1
452 -> 375, -1, 1.25, 1, -2
453 -> 375, -1, 1.25, 4, -0.5
453 -> 375, -1, 0.25, 4, -0.5
453 -> 375, -4, 0.25, 1, -0.5
453 -> 375, -5, 0.75, 3, -0.5
453 -> 375, -5, 0.75, 4, -0.5
453 -> 375, -3, 0.75, 2, -0.5
453 -> 375, -3, 0.25, 5, -2
453 -> 375, -1, 0.25, 3, -0.5
454 -> 375, -4, 0.25, 3, -1
454 -> 375, -2, 0.25, 1, -1
454 -> 375, -2, 1.75, 5, -1.5
454 -> 375, -4, 0.25, 2, -1
454 -> 375, -2, 1.75, 4, -1.5
454 -> 375, -4, 0.25, 3, -1.5
455 -> 375, -2, 1.25, 1, -1.5
455 -> 375, -3, 0.75, 1, -0.5
456 -> 375, -5, 1.25, 1, -2
456 -> 375, -1, 0.75, 2, -2
456 -> 375, -1, 1.75, 3, -1
457 -> 375, -3, 1.25, 1, -2
458 -> 375, -2, 1.25, 1, -0.5
458 -> 375, -1, 1.25, 2, -1
458 -> 375, -5, 1.75, 1, -1
458 -> 375, -5, 1.75, 2, -1
458 -> 375, -5, 1.25, 2, -1
459 -> 375, -4, 1.75, 2, -1.5
459 -> 375, -1, 0.25, 5, -0.5
459 -> 375, -1, 0.75, 2, -1
459 -> 375, -4, 1.75, 3, -1.5
459 -> 375, -4, 0.75, 5, -0.5
460 -> 375, -1, 0.25, 4, -2
460 -> 375, -1, 0.25, 2, -2
460 -> 375, -1, 0.75, 1, -0.5
460 -> 375, -1, 0.25, 5, -2
460 -> 375, -4, 1.75, 3, -0.5
460 -> 375, -1, 0.25, 3, -2
461 -> 375, -1, 0.75, 1, -2
461 -> 375, -4, 0.25, 5, -2
461 -> 375, -3, 0.25, 3, -1
462 -> 375, -1, 1.25, 2, -0.5
462 -> 375, -2, 0.25, 3, -1.5
463 -> 375, -5, 0.25, 1, -1.5
463 -> 375, -5, 0.25, 3, -1.5
463 -> 375, -5, 0.25, 2, -1.5
463 -> 375, -4, 1.75, 2, -0.5
463 -> 375, -2, 1.75, 3, -1
463 -> 375, -5, 1.25, 3, -2
463 -> 375, -5, 0.25, 4, -1.5
463 -> 375, -5, 0.25, 5, -1.5
463 -> 375, -2, 1.75, 4, -1
463 -> 375, -1, 1.75, 1, -2
464 -> 375, -3, 1.75, 3, -1
464 -> 375, -3, 0.25, 1, -1
464 -> 375, -2, 1.25, 5, -0.5
464 -> 375, -1, 0.25, 5, -1.5
464 -> 375, -1, 0.25, 4, -1.5
464 -> 375, -2, 0.25, 4, -1.5
464 -> 375, -2, 0.25, 5, -0.5
465 -> 375, -3, 0.75, 4, -1
466 -> 375, -3, 0.75, 1, -1
466 -> 375, -3, 0.25, 3, -0.5
467 -> 375, -4, 1.25, 1, -2
467 -> 375, -5, 1.75, 2, -2
467 -> 375, -2, 0.75, 1, -1.5
467 -> 375, -4, 1.25, 2, -2
467 -> 375, -4, 1.25, 3, -2
467 -> 375, -1, 0.25, 1, -2
468 -> 375, -1, 0.75, 3, -2
468 -> 375, -1, 0.75, 3, -1
469 -> 375, -1, 0.75, 4, -1
470 -> 375, -4, 0.75, 5, -2
470 -> 375, -1, 1.75, 2, -2
471 -> 375, -5, 0.75, 3, -1
471 -> 375, -5, 0.75, 5, -2
471 -> 375, -5, 0.75, 2, -1
471 -> 375, -5, 0.75, 1, -1
471 -> 375, -5, 0.75, 5, -1
471 -> 375, -5, 0.75, 4, -1
472 -> 375, -1, 1.25, 3, -0.5
472 -> 375, -4, 1.25, 4, -2
472 -> 375, -4, 1.25, 5, -2
472 -> 375, -2, 1.25, 2, -2
472 -> 375, -3, 0.25, 4, -1
472 -> 375, -2, 1.25, 3, -2
472 -> 375, -3, 1.75, 5, -0.5
472 -> 375, -3, 0.25, 5, -1
472 -> 375, -3, 1.75, 4, -0.5
473 -> 375, -1, 1.25, 3, -1.5
473 -> 375, -4, 0.25, 2, -1.5
473 -> 375, -1, 1.25, 4, -1.5
473 -> 375, -4, 0.25, 1, -1.5
474 -> 375, -2, 0.75, 3, -1.5
474 -> 375, -5, 1.25, 4, -2
474 -> 375, -5, 0.75, 2, -0.5
475 -> 375, -2, 0.25, 1, -1.5
475 -> 375, -5, 1.75, 4, -1
475 -> 375, -2, 0.25, 2, -1.5
476 -> 375, -2, 0.25, 5, -1.5
477 -> 375, -3, 1.75, 3, -0.5
478 -> 375, -4, 1.75, 4, -0.5
478 -> 375, -1, 0.75, 3, -0.5
478 -> 375, -2, 1.75, 5, -1
479 -> 375, -5, 1.25, 5, -1
479 -> 375, -5, 1.25, 4, -1
479 -> 375, -5, 1.25, 3, -1
480 -> 375, -5, 1.75, 4, -0.5
480 -> 375, -2, 1.75, 4, -0.5
480 -> 375, -1, 1.75, 4, -2
480 -> 375, -1, 1.75, 5, -2
480 -> 375, -2, 1.75, 5, -0.5
480 -> 375, -2, 1.75, 3, -0.5
481 -> 375, -3, 0.75, 5, -2
481 -> 375, -3, 0.75, 4, -2
481 -> 375, -1, 1.75, 1, -1
481 -> 375, -2, 0.75, 5, -1
481 -> 375, -1, 1.75, 2, -1
482 -> 375, -2, 0.75, 4, -2
482 -> 375, -2, 0.75, 5, -2
482 -> 375, -4, 0.25, 5, -0.5
482 -> 375, -2, 0.75, 3, -2
482 -> 375, -4, 0.75, 1, -1
482 -> 375, -4, 0.75, 2, -1
482 -> 375, -2, 0.75, 2, -2
482 -> 375, -2, 0.75, 1, -2
483 -> 375, -4, 1.25, 1, -1
484 -> 375, -2, 0.25, 2, -0.5
484 -> 375, -3, 0.75, 5, -1
484 -> 375, -4, 1.25, 1, -0.5
485 -> 375, -3, 0.25, 4, -0.5
486 -> 375, -5, 1.25, 4, -1.5
486 -> 375, -3, 0.25, 5, -0.5
486 -> 375, -5, 1.25, 3, -1.5
486 -> 375, -5, 1.25, 2, -1.5
488 -> 375, -3, 0.75, 2, -1
488 -> 375, -4, 1.75, 5, -0.5
489 -> 375, -5, 0.25, 4, -1
489 -> 375, -5, 0.25, 3, -1
489 -> 375, -5, 0.25, 5, -1
489 -> 375, -5, 0.25, 2, -1
490 -> 375, -3, 0.25, 2, -0.5
491 -> 375, -5, 1.75, 2, -0.5
491 -> 375, -4, 1.75, 1, -0.5
492 -> 375, -5, 0.75, 3, -2
492 -> 375, -5, 0.75, 2, -2
492 -> 375, -5, 0.75, 4, -2
492 -> 375, -5, 0.75, 1, -2
493 -> 375, -1, 0.75, 5, -1
493 -> 375, -1, 0.75, 2, -0.5
494 -> 375, -5, 1.75, 5, -2
494 -> 375, -4, 1.25, 3, -1.5
494 -> 375, -4, 1.25, 2, -1.5
495 -> 375, -2, 0.75, 1, -1
495 -> 375, -4, 0.75, 1, -1.5
495 -> 375, -1, 0.25, 5, -1
495 -> 375, -4, 0.75, 2, -1.5
495 -> 375, -1, 0.25, 3, -1
495 -> 375, -1, 0.25, 2, -1
495 -> 375, -1, 0.25, 1, -1
495 -> 375, -1, 0.25, 4, -1
496 -> 375, -2, 0.25, 5, -1
496 -> 375, -2, 0.25, 4, -0.5
497 -> 375, -2, 0.75, 3, -0.5
497 -> 375, -2, 0.75, 2, -0.5
497 -> 375, -4, 1.75, 5, -1.5
497 -> 375, -2, 0.75, 1, -0.5
497 -> 375, -3, 0.25, 1, -0.5
497 -> 375, -2, 0.25, 5, -2
497 -> 375, -2, 0.25, 4, -2
497 -> 375, -2, 0.25, 2, -2
497 -> 375, -2, 0.25, 3, -2
497 -> 375, -2, 0.25, 1, -2
501 -> 375, -4, 0.75, 3, -1.5
505 -> 375, -4, 0.25, 4, -1.5
505 -> 375, -4, 0.25, 5, -1.5
506 -> 375, -3, 0.25, 4, -1.5
506 -> 375, -3, 0.25, 5, -1.5
508 -> 375, -2, 1.25, 4, -0.5
508 -> 375, -2, 1.25, 3, -0.5
508 -> 375, -2, 1.25, 2, -0.5
508 -> 375, -4, 0.25, 3, -2
508 -> 375, -4, 0.25, 4, -2
508 -> 375, -4, 0.25, 2, -2
508 -> 375, -4, 0.25, 1, -2
508 -> 375, -2, 1.75, 1, -2
511 -> 375, -4, 0.75, 2, -2
511 -> 375, -4, 0.75, 1, -2
513 -> 375, -3, 0.25, 3, -2
513 -> 375, -3, 0.25, 1, -2
513 -> 375, -3, 0.25, 2, -2
514 -> 375, -4, 0.25, 1, -1
521 -> 375, -3, 1.25, 1, -0.5
522 -> 375, -3, 0.25, 2, -1.5
522 -> 375, -3, 0.25, 3, -1.5
522 -> 375, -4, 0.75, 4, -1.5
522 -> 375, -4, 0.75, 5, -1.5
524 -> 375, -5, 1.75, 2, -1.5
540 -> 375, -5, 1.25, 5, -1.5
541 -> 375, -4, 1.25, 5, -1.5
541 -> 375, -4, 1.25, 4, -1.5
541 -> 375, -4, 0.25, 2, -0.5
544 -> 375, -3, 0.25, 1, -1.5
550 -> 375, -3, 1.75, 2, -0.5
550 -> 375, -3, 1.75, 1, -0.5
551 -> 375, -4, 0.25, 5, -1
551 -> 375, -4, 0.25, 4, -1
565 -> 375, -5, 1.75, 5, -1
581 -> 375, -5, 0.25, 3, -2
581 -> 375, -5, 0.25, 1, -2
581 -> 375, -5, 0.25, 5, -2
581 -> 375, -5, 0.25, 2, -2
581 -> 375, -5, 0.25, 4, -2
693 -> 375, -5, 1.25, 1, -0.5
