343 -> 255, -2, 1.25, 3, -0.5
346 -> 255, -1, 1.75, 1, -0.5
355 -> 255, -1, 1.25, 3, -1.5
370 -> 255, -3, 1.75, 4, -0.5
372 -> 255, -1, 1.75, 3, -0.5
373 -> 255, -1, 1.25, 5, -1.5
373 -> 255, -4, 1.25, 2, -1
374 -> 255, -2, 1.25, 4, -0.5
374 -> 255, -1, 1.25, 4, -1.5
374 -> 255, -2, 1.25, 5, -0.5
378 -> 255, -2, 1.75, 1, -0.5
378 -> 255, -1, 1.25, 1, -0.5
378 -> 255, -3, 1.75, 5, -0.5
378 -> 255, -5, 0.75, 2, -0.5
381 -> 255, -4, 1.75, 1, -0.5
383 -> 255, -2, 1.25, 4, -1
384 -> 255, -4, 0.75, 5, -0.5
385 -> 255, -1, 1.75, 2, -0.5
386 -> 255, -1, 1.25, 5, -0.5
388 -> 255, -1, 1.25, 4, -0.5
392 -> 255, -2, 0.25, 4, -2
392 -> 255, -5, 0.75, 2, -2
392 -> 255, -2, 0.25, 5, -2
392 -> 255, -1, 1.75, 2, -1
392 -> 255, -5, 0.75, 3, -2
392 -> 255, -5, 0.75, 5, -2
392 -> 255, -5, 0.75, 4, -2
393 -> 255, -2, 1.25, 3, -1
394 -> 255, -5, 0.25, 4, -2
394 -> 255, -5, 0.25, 2, -2
394 -> 255, -5, 0.25, 3, -2
394 -> 255, -5, 0.25, 1, -2
396 -> 255, -5, 0.75, 1, -2
397 -> 255, -1, 0.25, 2, -1
397 -> 255, -1, 1.75, 1, -1
397 -> 255, -1, 1.75, 5, -1
398 -> 255, -1, 1.75, 3, -2
398 -> 255, -1, 1.75, 4, -2
400 -> 255, -4, 0.75, 2, -0.5
400 -> 255, -2, 1.75, 5, -1
401 -> 255, -4, 1.75, 4, -0.5
405 -> 255, -1, 0.75, 2, -0.5
406 -> 255, -2, 1.75, 3, -0.5
406 -> 255, -2, 1.75, 2, -0.5
407 -> 255, -1, 1.75, 1, -1.5
407 -> 255, -2, 1.25, 1, -1
408 -> 255, -1, 1.75, 3, -1
408 -> 255, -1, 1.75, 4, -1
408 -> 255, -2, 1.75, 4, -1
409 -> 255, -2, 1.25, 3, -1.5
411 -> 255, -2, 1.25, 2, -0.5
412 -> 255, -1, 1.25, 3, -1
412 -> 255, -2, 1.25, 4, -1.5
412 -> 255, -2, 1.25, 5, -1.5
412 -> 255, -1, 0.75, 1, -0.5
412 -> 255, -1, 1.25, 2, -1
413 -> 255, -4, 1.75, 1, -2
413 -> 255, -5, 0.25, 5, -2
413 -> 255, -2, 0.75, 2, -0.5
413 -> 255, -1, 1.25, 1, -1.5
413 -> 255, -4, 1.75, 3, -1
413 -> 255, -2, 0.75, 3, -0.5
413 -> 255, -1, 1.25, 2, -1.5
415 -> 255, -5, 1.75, 5, -2
415 -> 255, -1, 1.25, 2, -0.5
415 -> 255, -1, 1.25, 5, -1
417 -> 255, -4, 1.75, 5, -0.5
417 -> 255, -5, 1.75, 4, -2
417 -> 255, -1, 1.25, 4, -1
420 -> 255, -5, 1.25, 1, -2
420 -> 255, -4, 0.75, 4, -0.5
420 -> 255, -3, 1.25, 5, -2
420 -> 255, -5, 1.25, 2, -2
420 -> 255, -5, 1.25, 3, -2
420 -> 255, -4, 1.75, 2, -0.5
422 -> 255, -2, 1.25, 5, -2
422 -> 255, -4, 1.75, 4, -2
422 -> 255, -5, 1.75, 3, -1
422 -> 255, -4, 1.75, 5, -2
423 -> 255, -5, 0.25, 2, -0.5
424 -> 255, -1, 1.25, 1, -1
425 -> 255, -2, 1.75, 5, -0.5
425 -> 255, -2, 1.75, 4, -0.5
426 -> 255, -3, 1.25, 4, -1
427 -> 255, -1, 0.75, 3, -0.5
427 -> 255, -3, 1.75, 4, -2
427 -> 255, -3, 1.75, 3, -2
427 -> 255, -1, 1.75, 4, -0.5
429 -> 255, -1, 1.75, 2, -2
429 -> 255, -3, 1.75, 5, -1
431 -> 255, -2, 1.75, 5, -1.5
431 -> 255, -5, 0.25, 4, -0.5
432 -> 255, -3, 1.75, 2, -2
432 -> 255, -5, 0.75, 1, -0.5
432 -> 255, -2, 1.75, 2, -1.5
433 -> 255, -3, 0.25, 2, -0.5
433 -> 255, -3, 0.25, 1, -0.5
433 -> 255, -1, 0.75, 1, -1
433 -> 255, -1, 0.75, 3, -1
433 -> 255, -1, 0.75, 2, -1
434 -> 255, -1, 0.25, 5, -1
434 -> 255, -1, 0.25, 4, -1
434 -> 255, -4, 0.75, 3, -0.5
434 -> 255, -1, 1.25, 2, -2
434 -> 255, -1, 1.75, 2, -1.5
435 -> 255, -5, 0.75, 1, -1
436 -> 255, -1, 0.75, 2, -1.5
437 -> 255, -5, 1.75, 3, -2
437 -> 255, -5, 1.75, 2, -2
437 -> 255, -5, 1.75, 1, -2
438 -> 255, -1, 0.75, 3, -2
438 -> 255, -1, 0.75, 1, -2
438 -> 255, -1, 0.75, 2, -2
438 -> 255, -3, 1.25, 3, -1
439 -> 255, -2, 0.75, 5, -0.5
439 -> 255, -4, 0.75, 3, -1
439 -> 255, -4, 0.75, 2, -1
440 -> 255, -4, 1.75, 2, -1
440 -> 255, -2, 1.75, 2, -1
440 -> 255, -2, 1.75, 3, -1
440 -> 255, -2, 1.25, 5, -1
440 -> 255, -4, 1.75, 1, -1
440 -> 255, -1, 0.25, 1, -0.5
440 -> 255, -2, 0.25, 2, -2
440 -> 255, -2, 0.25, 3, -2
441 -> 255, -3, 1.25, 1, -2
442 -> 255, -2, 1.75, 4, -1.5
442 -> 255, -2, 1.75, 3, -1.5
442 -> 255, -2, 0.75, 1, -1
443 -> 255, -5, 0.75, 3, -0.5
444 -> 255, -1, 1.75, 5, -0.5
444 -> 255, -3, 1.75, 5, -2
444 -> 255, -2, 1.75, 1, -1.5
444 -> 255, -1, 0.75, 1, -1.5
445 -> 255, -4, 0.75, 2, -2
445 -> 255, -2, 1.75, 2, -2
445 -> 255, -4, 0.75, 1, -2
445 -> 255, -2, 1.75, 3, -2
445 -> 255, -2, 1.25, 1, -0.5
445 -> 255, -2, 0.75, 5, -2
445 -> 255, -2, 1.75, 4, -2
446 -> 255, -1, 0.75, 5, -1.5
447 -> 255, -4, 1.25, 5, -2
447 -> 255, -4, 0.75, 4, -1.5
447 -> 255, -1, 0.25, 3, -1
448 -> 255, -4, 1.75, 4, -1
448 -> 255, -2, 1.25, 2, -1.5
448 -> 255, -2, 1.25, 1, -1.5
448 -> 255, -4, 1.75, 5, -1
450 -> 255, -3, 1.75, 1, -2
450 -> 255, -4, 0.75, 4, -1
450 -> 255, -1, 1.25, 3, -0.5
450 -> 255, -2, 1.75, 1, -2
450 -> 255, -5, 1.75, 4, -1
451 -> 255, -1, 0.75, 5, -2
451 -> 255, -5, 0.75, 5, -1.5
451 -> 255, -1, 0.75, 4, -2
451 -> 255, -3, 1.75, 4, -1.5
451 -> 255, -5, 0.75, 4, -1.5
451 -> 255, -3, 0.75, 1, -2
451 -> 255, -4, 0.75, 5, -1.5
451 -> 255, -3, 1.75, 3, -1.5
452 -> 255, -3, 0.25, 3, -1.5
452 -> 255, -3, 0.25, 4, -1.5
452 -> 255, -3, 0.25, 2, -1.5
453 -> 255, -1, 1.75, 5, -1.5
453 -> 255, -1, 1.75, 3, -1.5
453 -> 255, -1, 1.75, 4, -1.5
454 -> 255, -1, 0.25, 1, -2
455 -> 255, -5, 0.75, 2, -1.5
455 -> 255, -5, 0.75, 1, -1.5
455 -> 255, -5, 0.75, 3, -1.5
456 -> 255, -4, 1.25, 4, -1
456 -> 255, -4, 1.25, 3, -1
457 -> 255, -1, 0.25, 5, -2
457 -> 255, -4, 0.75, 3, -2
457 -> 255, -1, 0.25, 4, -2
457 -> 255, -4, 0.75, 4, -2
457 -> 255, -1, 0.25, 1, -1
458 -> 255, -5, 1.75, 2, -1
458 -> 255, -5, 0.25, 1, -1
459 -> 255, -3, 1.75, 2, -1.5
459 -> 255, -3, 1.75, 1, -1.5
459 -> 255, -5, 1.25, 4, -2
459 -> 255, -5, 1.25, 5, -2
460 -> 255, -4, 1.25, 1, -2
460 -> 255, -2, 1.75, 5, -2
460 -> 255, -3, 0.75, 1, -0.5
461 -> 255, -4, 1.25, 2, -2
461 -> 255, -2, 0.75, 4, -1
461 -> 255, -4, 1.25, 3, -2
461 -> 255, -3, 1.25, 1, -0.5
461 -> 255, -4, 1.25, 4, -2
461 -> 255, -2, 0.75, 5, -1
462 -> 255, -5, 0.25, 3, -1
462 -> 255, -5, 0.25, 4, -1
462 -> 255, -1, 0.25, 4, -0.5
463 -> 255, -1, 0.75, 5, -0.5
463 -> 255, -5, 0.25, 2, -1
463 -> 255, -1, 0.75, 4, -1
463 -> 255, -1, 0.75, 5, -1
463 -> 255, -1, 0.75, 4, -0.5
463 -> 255, -4, 1.25, 1, -1.5
464 -> 255, -2, 0.25, 1, -0.5
464 -> 255, -3, 0.25, 1, -1
464 -> 255, -2, 0.25, 1, -2
465 -> 255, -3, 1.25, 2, -1
465 -> 255, -2, 0.75, 4, -1.5
465 -> 255, -2, 0.75, 3, -1.5
465 -> 255, -2, 0.75, 5, -1.5
467 -> 255, -1, 1.75, 1, -2
467 -> 255, -3, 0.25, 2, -2
467 -> 255, -3, 0.25, 3, -2
467 -> 255, -3, 0.25, 4, -2
467 -> 255, -3, 0.25, 1, -2
467 -> 255, -3, 0.25, 5, -2
468 -> 255, -5, 0.75, 5, -1
468 -> 255, -5, 0.75, 4, -1
468 -> 255, -5, 0.75, 3, -1
468 -> 255, -2, 1.25, 2, -1
468 -> 255, -2, 1.25, 4, -2
469 -> 255, -3, 0.25, 5, -0.5
469 -> 255, -4, 0.75, 5, -2
470 -> 255, -4, 1.25, 2, -1.5
470 -> 255, -2, 0.75, 2, -1.5
470 -> 255, -4, 1.25, 5, -1.5
470 -> 255, -4, 1.25, 4, -1.5
470 -> 255, -4, 1.25, 3, -1.5
470 -> 255, -3, 1.25, 4, -2
470 -> 255, -3, 1.25, 3, -2
470 -> 255, -5, 1.75, 5, -1
471 -> 255, -1, 1.25, 1, -2
471 -> 255, -2, 1.75, 1, -1
472 -> 255, -2, 0.25, 4, -1
472 -> 255, -3, 0.25, 5, -1.5
472 -> 255, -2, 0.25, 5, -1
473 -> 255, -1, 1.25, 4, -2
473 -> 255, -1, 1.25, 5, -2
473 -> 255, -2, 0.75, 2, -1
473 -> 255, -1, 1.25, 3, -2
474 -> 255, -2, 1.25, 1, -2
475 -> 255, -1, 0.25, 2, -0.5
475 -> 255, -5, 0.75, 2, -1
475 -> 255, -2, 0.75, 4, -0.5
477 -> 255, -5, 0.25, 5, -1
477 -> 255, -2, 1.25, 3, -2
477 -> 255, -1, 0.25, 5, -0.5
478 -> 255, -2, 1.25, 2, -2
479 -> 255, -4, 0.75, 3, -1.5
479 -> 255, -4, 0.75, 2, -1.5
479 -> 255, -4, 0.75, 1, -1.5
479 -> 255, -3, 1.25, 5, -1
480 -> 255, -4, 0.25, 1, -2
480 -> 255, -4, 0.25, 2, -2
480 -> 255, -2, 0.25, 1, -1
480 -> 255, -2, 0.75, 1, -0.5
481 -> 255, -1, 0.25, 3, -2
481 -> 255, -1, 0.25, 2, -2
481 -> 255, -3, 1.75, 5, -1.5
482 -> 255, -2, 0.25, 5, -0.5
482 -> 255, -3, 1.25, 2, -2
482 -> 255, -2, 0.25, 4, -0.5
482 -> 255, -2, 0.25, 5, -1.5
483 -> 255, -2, 0.25, 4, -1.5
483 -> 255, -2, 0.25, 3, -1.5
483 -> 255, -2, 0.25, 2, -0.5
484 -> 255, -4, 0.25, 3, -1.5
484 -> 255, -4, 0.25, 2, -1.5
484 -> 255, -2, 0.75, 1, -1.5
484 -> 255, -4, 0.25, 1, -1.5
485 -> 255, -4, 0.25, 4, -1.5
485 -> 255, -4, 0.25, 4, -1
486 -> 255, -1, 0.75, 4, -1.5
486 -> 255, -1, 0.75, 3, -1.5
488 -> 255, -3, 0.75, 5, -2
488 -> 255, -3, 0.75, 3, -2
488 -> 255, -3, 0.75, 2, -2
488 -> 255, -3, 0.75, 4, -2
488 -> 255, -1, 1.75, 5, -2
489 -> 255, -2, 0.75, 3, -2
489 -> 255, -2, 0.75, 1, -2
489 -> 255, -2, 0.75, 2, -2
490 -> 255, -1, 0.25, 5, -1.5
490 -> 255, -3, 0.75, 1, -1
490 -> 255, -1, 0.25, 4, -1.5
491 -> 255, -4, 0.75, 5, -1
492 -> 255, -3, 0.75, 3, -1.5
492 -> 255, -3, 0.75, 2, -1.5
492 -> 255, -3, 0.75, 5, -1.5
492 -> 255, -3, 1.25, 1, -1
492 -> 255, -3, 0.75, 4, -1.5
493 -> 255, -5, 0.25, 3, -0.5
493 -> 255, -2, 0.75, 4, -2
494 -> 255, -1, 0.25, 1, -1.5
494 -> 255, -1, 0.25, 3, -1.5
494 -> 255, -1, 0.25, 2, -1.5
495 -> 255, -3, 1.25, 4, -0.5
495 -> 255, -3, 0.25, 3, -0.5
495 -> 255, -3, 0.25, 4, -0.5
495 -> 255, -3, 0.75, 1, -1.5
495 -> 255, -3, 1.25, 5, -0.5
495 -> 255, -4, 0.25, 5, -1.5
495 -> 255, -3, 1.25, 3, -0.5
496 -> 255, -5, 1.75, 1, -1
496 -> 255, -4, 0.25, 2, -0.5
496 -> 255, -4, 0.25, 1, -0.5
496 -> 255, -4, 0.25, 5, -0.5
496 -> 255, -4, 0.25, 4, -0.5
496 -> 255, -4, 0.25, 3, -0.5
497 -> 255, -3, 0.25, 2, -1
498 -> 255, -3, 1.25, 2, -0.5
499 -> 255, -2, 0.75, 3, -1
499 -> 255, -2, 0.25, 2, -1
499 -> 255, -2, 0.25, 3, -1
500 -> 255, -3, 1.75, 2, -0.5
500 -> 255, -3, 1.75, 1, -0.5
500 -> 255, -3, 1.75, 3, -0.5
500 -> 255, -4, 0.75, 1, -1
502 -> 255, -2, 0.25, 3, -0.5
504 -> 255, -4, 1.25, 5, -1
505 -> 255, -3, 1.75, 2, -1
505 -> 255, -3, 1.75, 3, -1
506 -> 255, -3, 1.75, 4, -1
507 -> 255, -4, 0.25, 5, -2
507 -> 255, -4, 0.25, 4, -2
507 -> 255, -5, 0.25, 5, -0.5
509 -> 255, -4, 0.25, 3, -2
515 -> 255, -3, 0.75, 4, -1
515 -> 255, -3, 0.75, 3, -1
515 -> 255, -3, 0.75, 2, -1
515 -> 255, -3, 0.75, 5, -1
516 -> 255, -4, 1.75, 2, -2
516 -> 255, -4, 1.75, 3, -2
518 -> 255, -4, 1.75, 5, -1.5
518 -> 255, -4, 1.75, 4, -1.5
518 -> 255, -4, 1.75, 1, -1.5
518 -> 255, -4, 1.75, 2, -1.5
518 -> 255, -4, 1.75, 3, -1.5
531 -> 255, -4, 0.25, 5, -1
535 -> 255, -3, 0.25, 1, -1.5
536 -> 255, -5, 1.75, 5, -1.5
536 -> 255, -5, 1.75, 1, -1.5
536 -> 255, -5, 1.75, 4, -1.5
536 -> 255, -5, 1.75, 3, -1.5
536 -> 255, -5, 1.75, 2, -1.5
537 -> 255, -3, 0.25, 4, -1
537 -> 255, -3, 0.25, 3, -1
537 -> 255, -3, 0.25, 5, -1
543 -> 255, -3, 1.25, 1, -1.5
543 -> 255, -3, 1.25, 2, -1.5
543 -> 255, -3, 1.25, 3, -1.5
543 -> 255, -3, 1.25, 4, -1.5
543 -> 255, -3, 1.25, 5, -1.5
546 -> 255, -5, 1.25, 4, -1.5
546 -> 255, -5, 1.25, 2, -1.5
546 -> 255, -5, 1.25, 5, -1.5
546 -> 255, -5, 1.25, 1, -1.5
546 -> 255, -5, 1.25, 3, -1.5
547 -> 255, -4, 1.75, 3, -0.5
548 -> 255, -2, 0.25, 1, -1.5
548 -> 255, -2, 0.25, 2, -1.5
553 -> 255, -5, 0.25, 1, -1.5
553 -> 255, -5, 0.25, 2, -1.5
553 -> 255, -5, 0.25, 3, -1.5
553 -> 255, -5, 0.25, 4, -1.5
553 -> 255, -5, 0.25, 5, -1.5
556 -> 255, -4, 0.75, 1, -0.5
556 -> 255, -3, 0.75, 4, -0.5
556 -> 255, -3, 0.75, 5, -0.5
557 -> 255, -3, 0.75, 3, -0.5
557 -> 255, -3, 0.75, 2, -0.5
559 -> 255, -1, 0.25, 3, -0.5
585 -> 255, -3, 1.75, 1, -1
586 -> 255, -4, 0.25, 1, -1
595 -> 255, -4, 1.25, 1, -1
609 -> 255, -5, 0.25, 1, -0.5
618 -> 255, -4, 0.25, 3, -1
618 -> 255, -4, 0.25, 2, -1
623 -> 255, -5, 1.25, 1, -0.5
623 -> 255, -5, 1.25, 4, -0.5
623 -> 255, -5, 1.25, 2, -0.5
623 -> 255, -5, 1.25, 5, -0.5
623 -> 255, -5, 1.25, 3, -0.5
631 -> 255, -5, 1.25, 1, -1
631 -> 255, -5, 1.25, 3, -1
631 -> 255, -5, 1.25, 5, -1
631 -> 255, -5, 1.25, 2, -1
631 -> 255, -5, 1.25, 4, -1
651 -> 255, -5, 0.75, 5, -0.5
651 -> 255, -5, 0.75, 4, -0.5
681 -> 255, -4, 1.25, 5, -0.5
681 -> 255, -4, 1.25, 4, -0.5
681 -> 255, -4, 1.25, 3, -0.5
681 -> 255, -4, 1.25, 2, -0.5
681 -> 255, -4, 1.25, 1, -0.5
687 -> 255, -5, 1.75, 3, -0.5
687 -> 255, -5, 1.75, 4, -0.5
687 -> 255, -5, 1.75, 5, -0.5
752 -> 255, -5, 1.75, 1, -0.5
752 -> 255, -5, 1.75, 2, -0.5
