322 -> 234, -5, 1.75, 4, -0.5
353 -> 234, -1, 1.75, 1, -1.5
355 -> 234, -1, 0.75, 1, -0.5
356 -> 234, -4, 1.75, 5, -1
357 -> 234, -5, 1.75, 3, -0.5
358 -> 234, -4, 1.75, 2, -1
365 -> 234, -3, 1.75, 4, -1
370 -> 234, -5, 1.75, 4, -2
372 -> 234, -4, 1.25, 5, -2
375 -> 234, -3, 1.75, 1, -1.5
379 -> 234, -4, 1.75, 1, -0.5
379 -> 234, -4, 1.25, 1, -2
381 -> 234, -3, 1.25, 4, -0.5
381 -> 234, -3, 1.25, 5, -0.5
381 -> 234, -5, 1.25, 1, -1
382 -> 234, -4, 1.25, 4, -2
383 -> 234, -5, 1.75, 5, -2
384 -> 234, -5, 1.75, 3, -1
385 -> 234, -1, 0.75, 2, -0.5
387 -> 234, -3, 1.25, 3, -0.5
387 -> 234, -1, 1.25, 3, -1.5
388 -> 234, -1, 1.25, 1, -0.5
388 -> 234, -4, 1.25, 5, -0.5
388 -> 234, -1, 1.75, 2, -2
389 -> 234, -2, 1.75, 1, -2
390 -> 234, -5, 1.25, 2, -0.5
391 -> 234, -4, 1.25, 3, -2
393 -> 234, -5, 0.75, 1, -0.5
393 -> 234, -2, 1.75, 5, -0.5
393 -> 234, -3, 1.75, 3, -1
393 -> 234, -3, 1.75, 2, -1
395 -> 234, -1, 0.75, 5, -1.5
396 -> 234, -1, 0.75, 3, -1.5
396 -> 234, -1, 0.75, 4, -1.5
398 -> 234, -1, 1.25, 2, -0.5
398 -> 234, -4, 1.75, 5, -2
399 -> 234, -2, 1.75, 3, -0.5
399 -> 234, -5, 1.25, 3, -1.5
400 -> 234, -1, 1.25, 3, -0.5
400 -> 234, -4, 0.75, 2, -1.5
401 -> 234, -1, 1.75, 5, -1.5
401 -> 234, -1, 1.75, 3, -1.5
401 -> 234, -1, 1.75, 4, -1.5
401 -> 234, -5, 1.75, 5, -1.5
402 -> 234, -2, 0.75, 2, -0.5
402 -> 234, -1, 0.75, 2, -1.5
402 -> 234, -1, 1.75, 3, -2
403 -> 234, -1, 1.25, 4, -0.5
403 -> 234, -1, 1.75, 2, -1.5
403 -> 234, -4, 1.75, 2, -1.5
404 -> 234, -1, 1.75, 5, -0.5
404 -> 234, -5, 1.25, 5, -1.5
404 -> 234, -3, 1.25, 4, -1
405 -> 234, -2, 1.25, 1, -1
405 -> 234, -5, 1.75, 1, -2
406 -> 234, -4, 1.75, 1, -1.5
406 -> 234, -1, 1.25, 4, -2
407 -> 234, -3, 1.25, 2, -2
408 -> 234, -2, 1.25, 2, -0.5
408 -> 234, -4, 1.25, 3, -1
410 -> 234, -5, 0.75, 5, -1.5
410 -> 234, -5, 0.75, 4, -1.5
410 -> 234, -4, 0.75, 2, -1
410 -> 234, -1, 1.75, 1, -0.5
412 -> 234, -3, 1.75, 5, -1
412 -> 234, -2, 0.75, 1, -0.5
413 -> 234, -2, 1.75, 3, -1
413 -> 234, -2, 1.75, 4, -1
413 -> 234, -2, 1.75, 5, -1
413 -> 234, -3, 1.75, 2, -1.5
413 -> 234, -4, 1.25, 4, -0.5
416 -> 234, -2, 1.75, 5, -2
416 -> 234, -2, 1.25, 1, -0.5
416 -> 234, -3, 1.25, 3, -2
416 -> 234, -3, 1.25, 4, -2
417 -> 234, -1, 1.75, 1, -1
417 -> 234, -3, 0.25, 4, -1
417 -> 234, -3, 0.25, 3, -1
418 -> 234, -1, 0.75, 1, -1.5
418 -> 234, -2, 1.25, 3, -0.5
419 -> 234, -3, 1.25, 5, -2
420 -> 234, -5, 1.75, 1, -1
420 -> 234, -5, 1.75, 2, -1
421 -> 234, -3, 1.25, 2, -1
421 -> 234, -5, 0.75, 5, -2
421 -> 234, -5, 0.75, 3, -2
421 -> 234, -3, 1.75, 2, -0.5
421 -> 234, -2, 0.75, 3, -0.5
421 -> 234, -2, 0.75, 4, -0.5
421 -> 234, -5, 0.75, 4, -2
422 -> 234, -2, 0.75, 5, -0.5
422 -> 234, -5, 0.75, 1, -1
423 -> 234, -4, 1.25, 3, -1.5
423 -> 234, -4, 1.25, 5, -1.5
423 -> 234, -4, 1.25, 4, -1.5
423 -> 234, -3, 0.75, 3, -1.5
423 -> 234, -3, 1.75, 1, -1
423 -> 234, -3, 0.75, 2, -1.5
423 -> 234, -2, 1.75, 4, -0.5
423 -> 234, -4, 1.25, 2, -1.5
423 -> 234, -3, 0.75, 4, -1.5
423 -> 234, -4, 1.25, 1, -1.5
424 -> 234, -4, 1.25, 2, -1
424 -> 234, -4, 1.25, 1, -1
424 -> 234, -1, 1.25, 3, -1
424 -> 234, -4, 1.75, 5, -1.5
424 -> 234, -4, 0.75, 1, -2
424 -> 234, -1, 0.75, 3, -0.5
424 -> 234, -1, 1.25, 4, -1
425 -> 234, -2, 0.25, 2, -0.5
425 -> 234, -4, 1.75, 1, -2
426 -> 234, -2, 1.75, 1, -1
426 -> 234, -2, 1.75, 2, -1.5
426 -> 234, -2, 1.75, 1, -1.5
427 -> 234, -3, 0.75, 5, -1.5
427 -> 234, -4, 1.75, 3, -2
427 -> 234, -4, 1.75, 2, -2
429 -> 234, -2, 1.25, 5, -0.5
429 -> 234, -2, 1.75, 4, -2
429 -> 234, -2, 1.75, 3, -2
429 -> 234, -5, 1.75, 2, -2
430 -> 234, -4, 0.75, 1, -1.5
431 -> 234, -1, 0.75, 5, -0.5
431 -> 234, -4, 0.25, 4, -1
431 -> 234, -3, 0.75, 2, -2
431 -> 234, -3, 0.75, 1, -2
431 -> 234, -5, 1.75, 3, -2
431 -> 234, -1, 1.25, 5, -2
431 -> 234, -5, 1.25, 4, -1.5
431 -> 234, -4, 1.75, 4, -2
431 -> 234, -1, 0.75, 4, -0.5
431 -> 234, -1, 1.25, 2, -1
431 -> 234, -1, 1.75, 4, -0.5
432 -> 234, -4, 1.75, 1, -1
433 -> 234, -3, 1.75, 2, -2
433 -> 234, -5, 0.75, 2, -0.5
433 -> 234, -3, 1.75, 1, -0.5
434 -> 234, -5, 0.75, 3, -1
435 -> 234, -4, 0.75, 3, -1
436 -> 234, -3, 0.25, 2, -2
436 -> 234, -3, 0.25, 3, -2
436 -> 234, -1, 1.25, 1, -1
436 -> 234, -1, 1.75, 5, -1
437 -> 234, -3, 0.25, 5, -1
437 -> 234, -4, 0.75, 4, -1.5
437 -> 234, -5, 0.75, 2, -1
437 -> 234, -2, 0.25, 3, -0.5
438 -> 234, -4, 1.75, 2, -0.5
438 -> 234, -1, 0.25, 1, -0.5
439 -> 234, -2, 1.75, 2, -0.5
439 -> 234, -1, 1.25, 1, -2
439 -> 234, -5, 0.25, 3, -0.5
439 -> 234, -5, 1.25, 2, -1.5
440 -> 234, -4, 1.25, 3, -0.5
440 -> 234, -2, 0.25, 3, -2
440 -> 234, -4, 0.25, 5, -1
440 -> 234, -3, 1.25, 1, -2
440 -> 234, -2, 0.25, 4, -2
441 -> 234, -2, 1.25, 2, -2
441 -> 234, -2, 1.25, 3, -2
441 -> 234, -1, 0.25, 2, -0.5
441 -> 234, -2, 1.25, 1, -2
441 -> 234, -1, 1.25, 4, -1.5
441 -> 234, -1, 1.75, 1, -2
443 -> 234, -2, 0.25, 1, -0.5
443 -> 234, -4, 0.75, 5, -2
443 -> 234, -4, 0.75, 2, -2
443 -> 234, -4, 0.75, 5, -1.5
443 -> 234, -4, 1.75, 3, -1.5
443 -> 234, -2, 1.25, 5, -1
443 -> 234, -5, 1.75, 1, -1.5
443 -> 234, -1, 0.25, 3, -0.5
443 -> 234, -4, 0.75, 4, -2
443 -> 234, -4, 0.75, 3, -2
444 -> 234, -2, 1.25, 4, -0.5
445 -> 234, -2, 0.25, 5, -2
445 -> 234, -2, 0.25, 2, -2
445 -> 234, -3, 1.75, 1, -2
445 -> 234, -2, 1.75, 2, -1
445 -> 234, -5, 0.75, 5, -0.5
445 -> 234, -5, 1.25, 1, -1.5
446 -> 234, -1, 1.75, 4, -1
446 -> 234, -3, 0.25, 2, -1
446 -> 234, -1, 0.25, 1, -2
447 -> 234, -4, 0.75, 1, -1
447 -> 234, -5, 1.75, 4, -1
447 -> 234, -4, 1.25, 2, -2
448 -> 234, -5, 0.25, 1, -0.5
448 -> 234, -5, 0.25, 2, -0.5
448 -> 234, -3, 1.75, 5, -2
448 -> 234, -3, 1.75, 5, -1.5
448 -> 234, -3, 1.75, 4, -1.5
448 -> 234, -3, 1.75, 3, -1.5
448 -> 234, -3, 1.25, 3, -1
448 -> 234, -3, 0.75, 4, -2
448 -> 234, -3, 0.75, 5, -2
448 -> 234, -3, 0.75, 3, -2
449 -> 234, -1, 1.75, 5, -2
451 -> 234, -1, 0.75, 4, -1
451 -> 234, -5, 0.75, 4, -1
451 -> 234, -1, 0.75, 5, -1
451 -> 234, -1, 0.75, 2, -1
451 -> 234, -5, 1.75, 2, -1.5
451 -> 234, -1, 1.75, 3, -1
451 -> 234, -1, 0.75, 3, -1
451 -> 234, -1, 1.75, 4, -2
452 -> 234, -3, 1.25, 1, -1
453 -> 234, -1, 1.25, 2, -2
453 -> 234, -3, 0.25, 1, -2
453 -> 234, -1, 1.25, 3, -2
454 -> 234, -1, 0.25, 2, -1.5
454 -> 234, -1, 0.25, 3, -1.5
454 -> 234, -3, 0.25, 2, -0.5
454 -> 234, -1, 0.25, 5, -1.5
454 -> 234, -1, 0.25, 4, -1.5
454 -> 234, -1, 1.25, 5, -0.5
455 -> 234, -5, 0.25, 1, -1.5
455 -> 234, -5, 0.25, 4, -1.5
455 -> 234, -5, 0.25, 2, -1.5
455 -> 234, -4, 0.25, 5, -2
455 -> 234, -5, 0.25, 3, -1.5
455 -> 234, -5, 1.75, 4, -1.5
455 -> 234, -5, 0.25, 5, -1.5
455 -> 234, -4, 0.25, 4, -2
455 -> 234, -3, 0.25, 1, -1
455 -> 234, -5, 1.75, 3, -1.5
456 -> 234, -4, 0.25, 1, -1.5
456 -> 234, -5, 0.75, 2, -2
456 -> 234, -1, 1.75, 3, -0.5
456 -> 234, -1, 1.75, 2, -1
456 -> 234, -1, 1.25, 2, -1.5
456 -> 234, -5, 0.75, 5, -1
456 -> 234, -2, 0.25, 2, -1
457 -> 234, -2, 1.25, 4, -1
457 -> 234, -4, 1.75, 5, -0.5
457 -> 234, -3, 0.25, 1, -1.5
458 -> 234, -3, 0.75, 5, -0.5
458 -> 234, -3, 0.75, 4, -0.5
459 -> 234, -3, 1.75, 4, -2
459 -> 234, -1, 0.75, 5, -2
459 -> 234, -1, 0.75, 4, -2
459 -> 234, -4, 0.75, 3, -1.5
459 -> 234, -3, 1.75, 3, -2
460 -> 234, -2, 1.75, 1, -0.5
461 -> 234, -3, 1.75, 4, -0.5
461 -> 234, -1, 0.25, 5, -2
461 -> 234, -1, 0.25, 2, -2
461 -> 234, -1, 0.25, 3, -2
461 -> 234, -1, 0.25, 4, -2
462 -> 234, -5, 1.75, 5, -0.5
462 -> 234, -3, 1.25, 5, -1
462 -> 234, -2, 1.25, 1, -1.5
463 -> 234, -5, 1.25, 5, -1
463 -> 234, -2, 1.25, 2, -1
463 -> 234, -2, 1.25, 3, -1
463 -> 234, -3, 0.25, 3, -0.5
464 -> 234, -2, 0.75, 1, -1.5
464 -> 234, -2, 0.75, 2, -1.5
464 -> 234, -4, 1.75, 3, -0.5
465 -> 234, -4, 1.75, 3, -1
465 -> 234, -1, 1.25, 5, -1.5
465 -> 234, -4, 1.75, 4, -1
466 -> 234, -4, 1.25, 2, -0.5
467 -> 234, -2, 0.25, 1, -1.5
468 -> 234, -3, 0.25, 4, -2
468 -> 234, -3, 0.25, 2, -1.5
468 -> 234, -3, 0.25, 3, -1.5
468 -> 234, -2, 1.75, 2, -2
468 -> 234, -3, 0.25, 4, -1.5
468 -> 234, -4, 0.25, 2, -2
468 -> 234, -4, 0.25, 1, -2
469 -> 234, -2, 1.75, 5, -1.5
470 -> 234, -2, 0.75, 3, -1.5
471 -> 234, -4, 0.75, 4, -1
471 -> 234, -2, 1.75, 4, -1.5
471 -> 234, -4, 0.75, 5, -1
471 -> 234, -2, 1.75, 3, -1.5
472 -> 234, -5, 0.25, 4, -1
473 -> 234, -5, 0.25, 3, -1
473 -> 234, -3, 0.25, 1, -0.5
473 -> 234, -4, 0.25, 3, -0.5
473 -> 234, -2, 0.25, 1, -1
474 -> 234, -5, 1.25, 2, -2
474 -> 234, -5, 0.25, 1, -2
474 -> 234, -2, 0.25, 5, -0.5
474 -> 234, -5, 1.25, 1, -2
474 -> 234, -5, 0.25, 3, -2
474 -> 234, -5, 1.25, 5, -2
474 -> 234, -5, 1.25, 4, -2
474 -> 234, -2, 0.25, 4, -0.5
474 -> 234, -5, 1.25, 3, -2
474 -> 234, -5, 0.25, 2, -2
475 -> 234, -2, 0.25, 1, -2
475 -> 234, -2, 0.75, 4, -1.5
475 -> 234, -2, 0.75, 5, -1.5
475 -> 234, -5, 0.25, 2, -1
476 -> 234, -1, 0.75, 2, -2
476 -> 234, -5, 0.25, 1, -1
476 -> 234, -1, 0.75, 1, -2
478 -> 234, -2, 1.25, 4, -2
478 -> 234, -2, 1.25, 5, -2
479 -> 234, -3, 0.25, 4, -0.5
479 -> 234, -3, 0.25, 5, -0.5
479 -> 234, -1, 1.25, 1, -1.5
479 -> 234, -3, 0.75, 1, -0.5
480 -> 234, -5, 0.25, 5, -2
480 -> 234, -5, 0.25, 4, -2
480 -> 234, -2, 0.25, 5, -1
480 -> 234, -2, 0.25, 3, -1
480 -> 234, -2, 0.25, 4, -1
481 -> 234, -3, 0.25, 5, -2
482 -> 234, -2, 0.75, 1, -1
483 -> 234, -2, 0.75, 1, -2
483 -> 234, -3, 1.25, 2, -0.5
483 -> 234, -3, 1.75, 3, -0.5
484 -> 234, -4, 0.25, 3, -2
485 -> 234, -5, 0.25, 5, -1
489 -> 234, -3, 1.75, 5, -0.5
489 -> 234, -2, 0.75, 2, -2
489 -> 234, -4, 0.25, 2, -1.5
489 -> 234, -2, 0.75, 4, -2
489 -> 234, -4, 0.25, 3, -1.5
489 -> 234, -4, 0.25, 4, -1.5
489 -> 234, -4, 0.25, 5, -1.5
489 -> 234, -4, 1.25, 1, -0.5
489 -> 234, -2, 0.75, 3, -2
490 -> 234, -3, 0.75, 3, -0.5
490 -> 234, -2, 0.75, 5, -2
490 -> 234, -5, 1.75, 5, -1
490 -> 234, -1, 0.75, 3, -2
492 -> 234, -2, 1.25, 5, -1.5
492 -> 234, -2, 1.25, 4, -1.5
494 -> 234, -2, 0.75, 4, -1
494 -> 234, -2, 0.75, 5, -1
494 -> 234, -1, 1.25, 5, -1
494 -> 234, -2, 0.75, 2, -1
494 -> 234, -2, 0.75, 3, -1
495 -> 234, -2, 1.25, 2, -1.5
495 -> 234, -1, 0.75, 1, -1
496 -> 234, -2, 0.25, 5, -1.5
496 -> 234, -2, 0.25, 4, -1.5
497 -> 234, -1, 0.25, 2, -1
497 -> 234, -1, 0.25, 1, -1
497 -> 234, -3, 1.25, 1, -0.5
498 -> 234, -5, 0.25, 5, -0.5
498 -> 234, -3, 0.75, 1, -1.5
498 -> 234, -3, 0.25, 5, -1.5
499 -> 234, -1, 0.25, 3, -1
499 -> 234, -1, 0.25, 5, -1
499 -> 234, -1, 0.25, 4, -1
500 -> 234, -4, 1.25, 5, -1
501 -> 234, -2, 1.25, 3, -1.5
503 -> 234, -5, 0.25, 4, -0.5
505 -> 234, -5, 0.75, 1, -2
505 -> 234, -4, 0.25, 4, -0.5
505 -> 234, -4, 0.25, 5, -0.5
510 -> 234, -4, 0.25, 3, -1
510 -> 234, -4, 0.25, 1, -1
510 -> 234, -4, 0.25, 2, -1
511 -> 234, -1, 0.25, 4, -0.5
511 -> 234, -1, 0.25, 5, -0.5
514 -> 234, -1, 0.25, 1, -1.5
517 -> 234, -1, 1.75, 2, -0.5
518 -> 234, -5, 1.25, 4, -1
518 -> 234, -2, 0.25, 3, -1.5
518 -> 234, -5, 1.25, 3, -1
518 -> 234, -5, 1.25, 2, -1
519 -> 234, -2, 0.25, 2, -1.5
526 -> 234, -5, 1.25, 1, -0.5
539 -> 234, -3, 0.75, 3, -1
539 -> 234, -4, 1.75, 4, -1.5
539 -> 234, -3, 0.75, 4, -1
539 -> 234, -3, 0.75, 5, -1
539 -> 234, -3, 0.75, 2, -1
541 -> 234, -3, 0.75, 1, -1
542 -> 234, -4, 1.75, 4, -0.5
550 -> 234, -3, 1.25, 3, -1.5
550 -> 234, -3, 1.25, 4, -1.5
550 -> 234, -3, 1.25, 5, -1.5
552 -> 234, -3, 1.25, 1, -1.5
552 -> 234, -3, 1.25, 2, -1.5
566 -> 234, -5, 0.75, 3, -1.5
566 -> 234, -5, 0.75, 2, -1.5
566 -> 234, -5, 0.75, 1, -1.5
571 -> 234, -3, 0.75, 2, -0.5
572 -> 234, -4, 1.25, 4, -1
590 -> 234, -5, 1.25, 3, -0.5
590 -> 234, -5, 1.25, 4, -0.5
590 -> 234, -5, 1.25, 5, -0.5
605 -> 234, -5, 0.75, 3, -0.5
635 -> 234, -4, 0.75, 5, -0.5
635 -> 234, -4, 0.75, 4, -0.5
670 -> 234, -4, 0.25, 1, -0.5
670 -> 234, -4, 0.25, 2, -0.5
688 -> 234, -4, 0.75, 2, -0.5
688 -> 234, -4, 0.75, 3, -0.5
688 -> 234, -4, 0.75, 1, -0.5
727 -> 234, -5, 0.75, 4, -0.5
830 -> 234, -5, 1.75, 1, -0.5
830 -> 234, -5, 1.75, 2, -0.5
