363 -> 314, -1, 1.75, 2, -2
363 -> 314, -1, 1.75, 1, -2
368 -> 314, -4, 1.25, 4, -0.5
374 -> 314, -3, 1.75, 5, -1
374 -> 314, -3, 1.75, 2, -1
376 -> 314, -2, 1.75, 2, -1
383 -> 314, -3, 1.25, 5, -1
389 -> 314, -1, 1.25, 1, -0.5
391 -> 314, -1, 1.25, 5, -0.5
391 -> 314, -2, 1.75, 5, -1
391 -> 314, -2, 1.75, 4, -1
391 -> 314, -2, 1.75, 3, -1
392 -> 314, -3, 1.25, 3, -1
392 -> 314, -4, 1.75, 1, -1
392 -> 314, -3, 1.25, 4, -1
395 -> 314, -2, 0.75, 2, -2
395 -> 314, -2, 0.75, 2, -0.5
395 -> 314, -2, 0.75, 3, -2
395 -> 314, -2, 0.75, 4, -2
397 -> 314, -2, 1.25, 1, -0.5
402 -> 314, -1, 1.75, 3, -2
403 -> 314, -1, 1.25, 4, -0.5
406 -> 314, -2, 1.25, 4, -2
406 -> 314, -2, 1.25, 5, -2
406 -> 314, -3, 1.75, 4, -1.5
407 -> 314, -5, 1.25, 2, -2
407 -> 314, -2, 1.25, 3, -2
407 -> 314, -1, 0.25, 1, -1.5
408 -> 314, -1, 1.25, 1, -1
408 -> 314, -4, 1.75, 5, -1
408 -> 314, -2, 1.25, 2, -0.5
409 -> 314, -3, 1.75, 3, -1.5
409 -> 314, -3, 1.75, 2, -1.5
410 -> 314, -3, 0.25, 3, -0.5
412 -> 314, -4, 0.25, 2, -1
413 -> 314, -4, 1.75, 4, -1
413 -> 314, -1, 1.25, 2, -0.5
414 -> 314, -3, 1.75, 3, -1
414 -> 314, -3, 1.75, 4, -1
415 -> 314, -5, 0.75, 1, -2
416 -> 314, -5, 1.75, 1, -2
416 -> 314, -5, 1.25, 3, -2
418 -> 314, -3, 0.75, 2, -0.5
419 -> 314, -2, 0.25, 4, -1
419 -> 314, -5, 0.75, 5, -0.5
419 -> 314, -2, 0.25, 3, -1
419 -> 314, -2, 0.25, 2, -1
419 -> 314, -4, 1.25, 2, -0.5
419 -> 314, -5, 0.75, 4, -0.5
420 -> 314, -4, 0.25, 2, -0.5
420 -> 314, -1, 1.25, 2, -1
420 -> 314, -4, 1.75, 3, -1
420 -> 314, -3, 1.75, 5, -1.5
421 -> 314, -4, 1.25, 4, -1.5
421 -> 314, -4, 1.25, 5, -1.5
421 -> 314, -4, 1.25, 3, -1.5
422 -> 314, -5, 0.25, 3, -1.5
422 -> 314, -2, 1.25, 3, -0.5
423 -> 314, -1, 0.75, 2, -0.5
425 -> 314, -3, 1.75, 2, -2
425 -> 314, -3, 0.75, 2, -1.5
426 -> 314, -5, 1.75, 5, -2
426 -> 314, -3, 0.25, 2, -0.5
426 -> 314, -1, 0.75, 5, -1
426 -> 314, -5, 1.75, 4, -2
427 -> 314, -1, 1.25, 5, -2
427 -> 314, -1, 1.75, 5, -1
428 -> 314, -3, 1.25, 1, -2
428 -> 314, -2, 1.25, 5, -1.5
428 -> 314, -3, 0.75, 1, -2
429 -> 314, -1, 1.25, 3, -1
429 -> 314, -1, 1.25, 4, -1
429 -> 314, -3, 1.25, 2, -1
429 -> 314, -4, 1.75, 2, -1
429 -> 314, -1, 1.25, 5, -1
430 -> 314, -3, 1.75, 4, -0.5
430 -> 314, -3, 1.75, 3, -0.5
431 -> 314, -2, 0.25, 3, -0.5
431 -> 314, -1, 1.75, 5, -2
431 -> 314, -4, 1.25, 3, -0.5
431 -> 314, -1, 0.25, 3, -0.5
431 -> 314, -1, 1.75, 4, -2
433 -> 314, -5, 1.25, 5, -2
433 -> 314, -5, 1.25, 4, -2
433 -> 314, -3, 0.75, 3, -2
433 -> 314, -3, 0.75, 2, -2
434 -> 314, -5, 1.75, 1, -1
434 -> 314, -1, 1.25, 3, -0.5
435 -> 314, -3, 1.25, 1, -1
436 -> 314, -3, 1.75, 1, -2
437 -> 314, -2, 0.75, 5, -0.5
437 -> 314, -3, 0.25, 1, -0.5
437 -> 314, -2, 0.75, 1, -2
438 -> 314, -4, 1.25, 5, -2
438 -> 314, -4, 0.25, 5, -1
439 -> 314, -5, 0.25, 5, -1
439 -> 314, -3, 1.75, 5, -2
439 -> 314, -2, 1.25, 2, -2
439 -> 314, -5, 0.25, 4, -1
439 -> 314, -4, 0.25, 4, -1
439 -> 314, -2, 1.25, 5, -0.5
439 -> 314, -5, 0.25, 3, -1
439 -> 314, -2, 1.25, 4, -0.5
439 -> 314, -1, 0.25, 3, -2
440 -> 314, -2, 0.25, 5, -0.5
440 -> 314, -4, 0.25, 4, -0.5
440 -> 314, -2, 1.75, 5, -0.5
440 -> 314, -2, 1.75, 4, -0.5
440 -> 314, -2, 1.75, 3, -0.5
440 -> 314, -4, 0.25, 5, -0.5
441 -> 314, -1, 0.75, 1, -0.5
442 -> 314, -1, 0.25, 2, -2
442 -> 314, -1, 0.25, 1, -2
443 -> 314, -1, 1.25, 3, -2
443 -> 314, -1, 1.25, 4, -2
443 -> 314, -1, 1.25, 2, -2
443 -> 314, -4, 0.25, 3, -0.5
443 -> 314, -3, 1.75, 1, -0.5
444 -> 314, -3, 1.25, 4, -2
444 -> 314, -3, 1.25, 2, -2
444 -> 314, -3, 1.25, 3, -2
445 -> 314, -4, 0.75, 1, -2
445 -> 314, -1, 1.75, 2, -1.5
445 -> 314, -1, 0.25, 4, -2
445 -> 314, -1, 1.75, 1, -1.5
445 -> 314, -2, 1.75, 1, -1
446 -> 314, -1, 0.75, 5, -0.5
446 -> 314, -5, 0.25, 5, -2
446 -> 314, -3, 1.75, 2, -0.5
446 -> 314, -3, 0.75, 4, -1.5
446 -> 314, -1, 0.75, 4, -0.5
447 -> 314, -2, 1.75, 1, -0.5
447 -> 314, -4, 0.75, 3, -1
447 -> 314, -2, 1.75, 2, -0.5
447 -> 314, -2, 0.75, 5, -2
449 -> 314, -2, 0.25, 4, -0.5
450 -> 314, -1, 0.75, 5, -1.5
450 -> 314, -3, 1.75, 5, -0.5
450 -> 314, -3, 1.75, 1, -1.5
451 -> 314, -4, 0.75, 4, -1
451 -> 314, -4, 0.25, 3, -1
452 -> 314, -1, 0.75, 3, -1.5
452 -> 314, -1, 0.75, 4, -1.5
453 -> 314, -3, 0.75, 3, -0.5
454 -> 314, -4, 1.75, 4, -1.5
454 -> 314, -5, 0.25, 3, -0.5
454 -> 314, -4, 1.75, 5, -1.5
454 -> 314, -5, 0.25, 2, -1
454 -> 314, -1, 0.25, 2, -0.5
454 -> 314, -5, 0.25, 4, -0.5
454 -> 314, -5, 0.25, 2, -0.5
455 -> 314, -4, 0.25, 1, -1.5
455 -> 314, -4, 0.25, 2, -1.5
455 -> 314, -2, 1.75, 1, -2
456 -> 314, -1, 1.75, 3, -1.5
456 -> 314, -4, 0.75, 1, -0.5
457 -> 314, -5, 1.75, 4, -1
457 -> 314, -5, 1.75, 2, -1
457 -> 314, -2, 1.25, 1, -2
457 -> 314, -5, 1.75, 5, -1
457 -> 314, -5, 1.75, 3, -1
457 -> 314, -4, 1.25, 1, -0.5
458 -> 314, -3, 0.75, 4, -0.5
458 -> 314, -3, 0.75, 5, -0.5
458 -> 314, -1, 0.25, 1, -0.5
458 -> 314, -1, 0.25, 2, -1.5
458 -> 314, -1, 1.25, 1, -2
458 -> 314, -1, 0.25, 5, -1.5
458 -> 314, -1, 0.25, 3, -1.5
458 -> 314, -1, 0.25, 4, -1.5
458 -> 314, -2, 0.25, 1, -1
459 -> 314, -4, 1.75, 2, -2
459 -> 314, -3, 1.25, 5, -2
459 -> 314, -4, 0.75, 4, -0.5
460 -> 314, -5, 0.25, 1, -2
460 -> 314, -1, 1.25, 5, -1.5
460 -> 314, -5, 0.25, 2, -2
460 -> 314, -2, 0.75, 1, -1
460 -> 314, -3, 0.75, 1, -1.5
460 -> 314, -5, 0.25, 4, -2
460 -> 314, -5, 0.25, 3, -2
461 -> 314, -4, 0.75, 3, -0.5
461 -> 314, -4, 0.75, 2, -0.5
462 -> 314, -4, 0.25, 1, -1
462 -> 314, -2, 0.25, 5, -2
462 -> 314, -2, 0.25, 4, -2
462 -> 314, -2, 0.25, 2, -2
462 -> 314, -2, 0.25, 1, -2
462 -> 314, -2, 0.25, 3, -2
463 -> 314, -2, 1.75, 2, -2
463 -> 314, -1, 0.75, 1, -2
463 -> 314, -4, 1.75, 3, -2
463 -> 314, -4, 1.75, 1, -2
463 -> 314, -5, 0.75, 4, -2
463 -> 314, -5, 0.75, 5, -2
463 -> 314, -5, 1.75, 2, -2
463 -> 314, -5, 1.75, 3, -2
463 -> 314, -2, 1.75, 3, -2
463 -> 314, -2, 1.25, 4, -1.5
465 -> 314, -5, 0.75, 1, -1.5
465 -> 314, -2, 0.25, 2, -0.5
465 -> 314, -4, 1.75, 4, -2
465 -> 314, -4, 1.75, 5, -2
466 -> 314, -4, 0.75, 4, -1.5
466 -> 314, -4, 0.75, 3, -1.5
466 -> 314, -4, 0.75, 2, -1.5
466 -> 314, -1, 0.25, 4, -0.5
466 -> 314, -2, 1.75, 5, -1.5
466 -> 314, -1, 0.25, 5, -0.5
466 -> 314, -2, 1.75, 4, -1.5
466 -> 314, -2, 1.75, 2, -1.5
466 -> 314, -2, 1.75, 3, -1.5
467 -> 314, -3, 1.75, 4, -2
467 -> 314, -2, 0.75, 4, -0.5
467 -> 314, -2, 1.75, 4, -2
467 -> 314, -2, 1.75, 5, -2
467 -> 314, -5, 0.75, 3, -2
467 -> 314, -5, 0.75, 2, -2
467 -> 314, -1, 1.75, 4, -1.5
467 -> 314, -2, 1.75, 1, -1.5
467 -> 314, -4, 0.25, 5, -2
467 -> 314, -3, 1.75, 3, -2
467 -> 314, -2, 0.75, 3, -0.5
468 -> 314, -4, 0.25, 3, -1.5
468 -> 314, -4, 0.25, 4, -1.5
468 -> 314, -3, 0.25, 1, -2
468 -> 314, -2, 0.25, 5, -1
468 -> 314, -4, 0.25, 5, -1.5
468 -> 314, -1, 1.75, 3, -1
468 -> 314, -1, 1.75, 2, -1
468 -> 314, -1, 0.75, 3, -2
468 -> 314, -1, 0.75, 2, -2
468 -> 314, -1, 1.25, 1, -1.5
468 -> 314, -2, 1.25, 3, -1
468 -> 314, -2, 0.75, 5, -1
469 -> 314, -3, 1.75, 1, -1
470 -> 314, -3, 0.75, 5, -1.5
471 -> 314, -3, 0.75, 1, -0.5
472 -> 314, -2, 0.25, 5, -1.5
473 -> 314, -3, 0.75, 4, -1
473 -> 314, -4, 0.75, 5, -0.5
473 -> 314, -3, 0.75, 3, -1
473 -> 314, -4, 1.25, 5, -0.5
473 -> 314, -3, 0.25, 2, -1
473 -> 314, -3, 0.75, 2, -1
473 -> 314, -5, 1.25, 1, -2
473 -> 314, -3, 0.75, 5, -1
474 -> 314, -4, 0.25, 1, -0.5
475 -> 314, -2, 0.25, 3, -1.5
475 -> 314, -4, 0.75, 5, -1.5
475 -> 314, -2, 0.75, 5, -1.5
475 -> 314, -2, 0.75, 4, -1.5
475 -> 314, -2, 0.75, 3, -1.5
476 -> 314, -2, 0.75, 2, -1.5
478 -> 314, -2, 0.25, 4, -1.5
479 -> 314, -1, 0.75, 1, -1
480 -> 314, -2, 0.75, 4, -1
480 -> 314, -2, 0.75, 2, -1
480 -> 314, -1, 1.75, 5, -1.5
480 -> 314, -1, 0.25, 5, -2
480 -> 314, -2, 0.75, 3, -1
481 -> 314, -2, 0.25, 1, -0.5
481 -> 314, -3, 0.25, 1, -1.5
482 -> 314, -1, 0.75, 3, -1
482 -> 314, -5, 1.75, 1, -0.5
482 -> 314, -1, 0.75, 4, -1
482 -> 314, -3, 0.75, 5, -2
482 -> 314, -3, 0.25, 5, -1.5
482 -> 314, -3, 0.75, 4, -2
483 -> 314, -2, 1.25, 1, -1
484 -> 314, -1, 1.25, 2, -1.5
484 -> 314, -1, 0.75, 2, -1
484 -> 314, -3, 0.25, 5, -0.5
484 -> 314, -1, 1.25, 3, -1.5
484 -> 314, -4, 0.75, 1, -1.5
485 -> 314, -2, 0.75, 1, -1.5
486 -> 314, -1, 0.75, 2, -1.5
486 -> 314, -2, 1.25, 2, -1
486 -> 314, -1, 1.75, 4, -1
486 -> 314, -1, 0.75, 1, -1.5
488 -> 314, -2, 1.25, 2, -1.5
488 -> 314, -2, 1.25, 3, -1.5
488 -> 314, -3, 0.75, 1, -1
488 -> 314, -2, 1.25, 1, -1.5
488 -> 314, -3, 0.75, 3, -1.5
488 -> 314, -4, 0.25, 1, -2
489 -> 314, -4, 0.75, 2, -1
489 -> 314, -2, 0.75, 1, -0.5
489 -> 314, -4, 0.75, 1, -1
491 -> 314, -1, 1.75, 1, -1
492 -> 314, -1, 0.25, 3, -1
492 -> 314, -1, 0.25, 4, -1
492 -> 314, -2, 1.25, 4, -1
492 -> 314, -1, 0.25, 1, -1
492 -> 314, -2, 1.25, 5, -1
492 -> 314, -4, 0.25, 3, -2
492 -> 314, -1, 0.25, 2, -1
492 -> 314, -1, 0.25, 5, -1
492 -> 314, -4, 0.25, 4, -2
493 -> 314, -3, 0.25, 4, -1.5
493 -> 314, -3, 0.25, 3, -1.5
495 -> 314, -3, 0.25, 3, -2
495 -> 314, -3, 0.25, 5, -2
495 -> 314, -3, 0.25, 2, -2
495 -> 314, -3, 0.25, 4, -2
495 -> 314, -4, 1.25, 1, -1.5
495 -> 314, -4, 1.25, 2, -1.5
495 -> 314, -4, 0.25, 2, -2
496 -> 314, -5, 1.25, 3, -1
496 -> 314, -5, 1.25, 4, -1
496 -> 314, -1, 0.75, 3, -0.5
497 -> 314, -1, 1.25, 4, -1.5
498 -> 314, -3, 0.25, 1, -1
500 -> 314, -5, 0.75, 5, -1.5
500 -> 314, -5, 0.75, 4, -1.5
500 -> 314, -5, 0.75, 3, -1.5
500 -> 314, -5, 0.75, 2, -1.5
501 -> 314, -1, 0.75, 5, -2
501 -> 314, -1, 0.75, 4, -2
503 -> 314, -5, 1.75, 5, -1.5
503 -> 314, -5, 1.75, 2, -1.5
503 -> 314, -5, 1.75, 1, -1.5
503 -> 314, -5, 1.75, 3, -1.5
503 -> 314, -5, 1.75, 4, -1.5
504 -> 314, -4, 0.75, 3, -2
504 -> 314, -5, 1.25, 1, -1.5
504 -> 314, -4, 1.25, 3, -1
504 -> 314, -5, 1.25, 2, -1.5
504 -> 314, -5, 1.25, 3, -1.5
504 -> 314, -5, 1.25, 4, -1.5
504 -> 314, -4, 0.75, 5, -2
504 -> 314, -5, 1.25, 5, -1.5
504 -> 314, -4, 0.75, 4, -2
504 -> 314, -4, 0.75, 2, -2
504 -> 314, -4, 1.25, 2, -1
506 -> 314, -3, 0.25, 2, -1.5
508 -> 314, -5, 0.25, 1, -1
509 -> 314, -1, 1.75, 5, -0.5
509 -> 314, -3, 1.25, 3, -0.5
509 -> 314, -3, 1.25, 4, -0.5
509 -> 314, -3, 1.25, 2, -0.5
509 -> 314, -3, 1.25, 5, -0.5
509 -> 314, -4, 1.25, 1, -1
509 -> 314, -1, 1.75, 4, -0.5
511 -> 314, -1, 1.75, 3, -0.5
512 -> 314, -2, 0.25, 1, -1.5
512 -> 314, -2, 0.25, 2, -1.5
518 -> 314, -1, 1.75, 2, -0.5
519 -> 314, -1, 1.75, 1, -0.5
520 -> 314, -5, 0.25, 1, -0.5
524 -> 314, -3, 0.25, 5, -1
524 -> 314, -3, 0.25, 4, -1
536 -> 314, -3, 1.25, 1, -1.5
536 -> 314, -3, 1.25, 5, -1.5
536 -> 314, -3, 1.25, 2, -1.5
536 -> 314, -3, 1.25, 4, -1.5
536 -> 314, -3, 1.25, 3, -1.5
536 -> 314, -3, 0.25, 3, -1
537 -> 314, -4, 1.25, 2, -2
537 -> 314, -4, 1.25, 4, -2
537 -> 314, -4, 1.25, 3, -2
546 -> 314, -5, 0.25, 1, -1.5
546 -> 314, -5, 0.25, 2, -1.5
547 -> 314, -3, 0.25, 4, -0.5
549 -> 314, -4, 1.25, 4, -1
550 -> 314, -4, 0.75, 5, -1
550 -> 314, -5, 0.25, 4, -1.5
550 -> 314, -5, 0.25, 5, -1.5
553 -> 314, -3, 1.25, 1, -0.5
559 -> 314, -4, 1.75, 3, -1.5
559 -> 314, -4, 1.75, 1, -1.5
559 -> 314, -4, 1.75, 2, -1.5
560 -> 314, -5, 1.25, 5, -1
568 -> 314, -5, 1.75, 5, -0.5
568 -> 314, -5, 1.75, 4, -0.5
571 -> 314, -5, 1.75, 3, -0.5
571 -> 314, -5, 1.75, 2, -0.5
584 -> 314, -5, 0.25, 5, -0.5
591 -> 314, -4, 1.25, 1, -2
599 -> 314, -5, 1.25, 4, -0.5
599 -> 314, -5, 1.25, 3, -0.5
599 -> 314, -5, 1.25, 5, -0.5
606 -> 314, -5, 1.25, 2, -0.5
609 -> 314, -5, 0.75, 3, -1
609 -> 314, -5, 0.75, 4, -1
610 -> 314, -4, 1.75, 5, -0.5
610 -> 314, -4, 1.75, 4, -0.5
610 -> 314, -4, 1.75, 2, -0.5
610 -> 314, -4, 1.75, 3, -0.5
611 -> 314, -5, 0.75, 1, -1
611 -> 314, -5, 0.75, 2, -1
613 -> 314, -5, 1.25, 1, -1
613 -> 314, -5, 1.25, 2, -1
617 -> 314, -5, 1.25, 1, -0.5
617 -> 314, -4, 1.25, 5, -1
632 -> 314, -5, 0.75, 5, -1
642 -> 314, -4, 1.75, 1, -0.5
898 -> 314, -5, 0.75, 3, -0.5
898 -> 314, -5, 0.75, 2, -0.5
898 -> 314, -5, 0.75, 1, -0.5
