351 -> 310, -3, 1.25, 3, -0.5
351 -> 310, -3, 1.25, 2, -0.5
355 -> 310, -2, 1.75, 3, -1.5
355 -> 310, -2, 1.75, 2, -1.5
359 -> 310, -1, 1.75, 1, -0.5
365 -> 310, -2, 1.25, 2, -0.5
372 -> 310, -5, 1.75, 2, -2
374 -> 310, -3, 1.25, 1, -0.5
374 -> 310, -1, 1.25, 5, -1.5
374 -> 310, -1, 1.25, 4, -1.5
374 -> 310, -3, 0.25, 3, -0.5
374 -> 310, -2, 1.25, 1, -0.5
375 -> 310, -3, 0.75, 1, -0.5
378 -> 310, -1, 1.75, 2, -0.5
379 -> 310, -4, 1.75, 4, -1
381 -> 310, -1, 1.75, 4, -1
381 -> 310, -1, 1.75, 3, -1
381 -> 310, -2, 1.75, 1, -1.5
382 -> 310, -1, 1.75, 5, -1
383 -> 310, -4, 0.25, 2, -1.5
383 -> 310, -4, 0.25, 3, -1.5
384 -> 310, -4, 1.25, 1, -0.5
385 -> 310, -4, 0.25, 1, -1.5
388 -> 310, -4, 1.75, 4, -0.5
388 -> 310, -4, 1.75, 5, -0.5
389 -> 310, -2, 1.75, 2, -2
389 -> 310, -5, 0.25, 4, -2
390 -> 310, -5, 1.75, 4, -1.5
390 -> 310, -3, 1.75, 4, -0.5
391 -> 310, -5, 1.25, 4, -1.5
392 -> 310, -4, 1.25, 4, -2
392 -> 310, -4, 1.25, 3, -2
392 -> 310, -1, 1.25, 3, -2
392 -> 310, -1, 1.25, 4, -2
392 -> 310, -4, 1.25, 2, -2
393 -> 310, -3, 0.75, 2, -0.5
393 -> 310, -4, 1.25, 3, -0.5
393 -> 310, -2, 0.75, 5, -0.5
394 -> 310, -4, 0.75, 5, -1
394 -> 310, -4, 0.75, 4, -1
394 -> 310, -4, 0.75, 3, -1
395 -> 310, -3, 1.75, 3, -2
395 -> 310, -3, 1.75, 2, -2
395 -> 310, -3, 0.75, 2, -1
397 -> 310, -4, 1.75, 1, -1.5
398 -> 310, -3, 0.25, 1, -0.5
398 -> 310, -3, 0.25, 2, -0.5
399 -> 310, -3, 1.25, 4, -0.5
399 -> 310, -3, 0.75, 5, -0.5
399 -> 310, -3, 1.25, 1, -1
400 -> 310, -1, 1.75, 5, -2
401 -> 310, -4, 1.25, 5, -0.5
402 -> 310, -1, 1.25, 5, -0.5
402 -> 310, -1, 1.25, 1, -0.5
408 -> 310, -5, 1.25, 3, -1
408 -> 310, -2, 1.25, 4, -1.5
408 -> 310, -4, 1.75, 2, -1
408 -> 310, -2, 1.25, 3, -1.5
408 -> 310, -5, 1.25, 4, -1
408 -> 310, -4, 1.75, 1, -1
409 -> 310, -2, 0.25, 3, -0.5
409 -> 310, -2, 0.25, 4, -0.5
410 -> 310, -5, 0.75, 5, -1.5
410 -> 310, -5, 0.75, 1, -2
410 -> 310, -1, 1.75, 4, -0.5
410 -> 310, -5, 1.75, 3, -1
410 -> 310, -1, 1.75, 5, -0.5
410 -> 310, -1, 1.75, 3, -0.5
410 -> 310, -5, 1.75, 5, -1.5
410 -> 310, -5, 1.75, 2, -1.5
410 -> 310, -1, 0.75, 2, -0.5
410 -> 310, -5, 1.75, 4, -1
410 -> 310, -5, 1.75, 1, -1.5
410 -> 310, -2, 1.25, 5, -0.5
411 -> 310, -3, 0.75, 2, -1.5
411 -> 310, -4, 0.75, 5, -0.5
411 -> 310, -5, 0.25, 5, -2
412 -> 310, -2, 0.75, 3, -2
412 -> 310, -2, 0.75, 4, -2
412 -> 310, -2, 0.75, 5, -1
412 -> 310, -2, 0.75, 5, -2
413 -> 310, -1, 1.75, 4, -1.5
413 -> 310, -4, 1.25, 1, -2
414 -> 310, -1, 1.75, 2, -2
414 -> 310, -1, 1.25, 4, -0.5
414 -> 310, -1, 1.75, 4, -2
414 -> 310, -1, 1.75, 1, -2
414 -> 310, -1, 1.75, 3, -2
415 -> 310, -1, 0.75, 1, -0.5
416 -> 310, -2, 0.25, 1, -0.5
416 -> 310, -4, 1.75, 3, -1
417 -> 310, -1, 0.25, 5, -0.5
417 -> 310, -1, 0.75, 2, -1.5
418 -> 310, -1, 0.25, 3, -2
418 -> 310, -1, 1.25, 5, -2
418 -> 310, -3, 1.25, 4, -1.5
418 -> 310, -1, 0.25, 2, -2
418 -> 310, -1, 0.25, 4, -0.5
418 -> 310, -5, 1.75, 3, -1.5
419 -> 310, -4, 1.25, 5, -1.5
419 -> 310, -2, 0.75, 1, -0.5
419 -> 310, -4, 1.75, 3, -2
419 -> 310, -1, 1.25, 5, -1
419 -> 310, -1, 1.25, 3, -1
419 -> 310, -1, 1.25, 4, -1
419 -> 310, -4, 0.75, 2, -1
419 -> 310, -4, 1.75, 2, -2
419 -> 310, -1, 1.25, 1, -1
419 -> 310, -5, 0.75, 4, -1.5
419 -> 310, -4, 1.75, 4, -2
419 -> 310, -1, 1.25, 2, -1
420 -> 310, -4, 1.25, 2, -0.5
420 -> 310, -3, 1.75, 3, -0.5
420 -> 310, -2, 0.75, 2, -2
420 -> 310, -2, 0.75, 1, -2
420 -> 310, -2, 1.25, 2, -1.5
420 -> 310, -2, 0.25, 3, -1
421 -> 310, -1, 1.75, 5, -1.5
421 -> 310, -2, 1.75, 3, -2
422 -> 310, -4, 0.25, 4, -0.5
422 -> 310, -1, 0.75, 3, -1.5
422 -> 310, -2, 1.75, 4, -2
423 -> 310, -2, 1.75, 4, -1.5
423 -> 310, -5, 0.75, 3, -1.5
423 -> 310, -3, 0.75, 3, -1
424 -> 310, -1, 0.25, 5, -2
424 -> 310, -1, 0.25, 4, -2
424 -> 310, -3, 0.75, 4, -1
425 -> 310, -5, 1.75, 5, -1
425 -> 310, -1, 0.75, 1, -1.5
425 -> 310, -5, 0.75, 4, -2
425 -> 310, -5, 0.75, 3, -2
426 -> 310, -5, 1.25, 3, -2
427 -> 310, -1, 1.25, 1, -2
427 -> 310, -4, 0.25, 3, -2
428 -> 310, -1, 1.25, 2, -2
429 -> 310, -5, 0.25, 2, -0.5
429 -> 310, -1, 0.25, 3, -1
429 -> 310, -2, 0.25, 1, -1
429 -> 310, -2, 1.75, 1, -2
429 -> 310, -4, 1.25, 3, -1.5
429 -> 310, -4, 1.25, 4, -1.5
430 -> 310, -1, 1.75, 3, -1.5
431 -> 310, -2, 1.75, 1, -0.5
431 -> 310, -1, 0.75, 5, -1.5
431 -> 310, -1, 0.25, 4, -1
431 -> 310, -1, 0.25, 5, -1
431 -> 310, -1, 0.75, 4, -1.5
431 -> 310, -2, 1.25, 2, -1
431 -> 310, -1, 0.75, 1, -1
431 -> 310, -2, 1.75, 5, -0.5
431 -> 310, -3, 1.75, 1, -2
432 -> 310, -4, 0.25, 1, -0.5
432 -> 310, -5, 0.75, 1, -1.5
432 -> 310, -5, 0.75, 2, -1.5
434 -> 310, -4, 0.25, 4, -1.5
434 -> 310, -5, 1.75, 5, -2
434 -> 310, -5, 0.25, 3, -2
434 -> 310, -2, 0.75, 1, -1
434 -> 310, -5, 1.25, 5, -1.5
434 -> 310, -2, 1.25, 3, -1
434 -> 310, -5, 1.75, 4, -2
434 -> 310, -1, 1.75, 1, -1
434 -> 310, -5, 1.25, 3, -1.5
434 -> 310, -5, 1.75, 3, -2
436 -> 310, -2, 1.25, 5, -1
436 -> 310, -2, 1.25, 4, -1
436 -> 310, -1, 0.25, 1, -2
437 -> 310, -4, 0.75, 2, -1.5
437 -> 310, -5, 1.75, 1, -2
437 -> 310, -4, 0.75, 1, -1.5
437 -> 310, -3, 0.75, 5, -1
438 -> 310, -3, 1.25, 1, -2
438 -> 310, -1, 0.75, 5, -0.5
438 -> 310, -1, 0.75, 4, -0.5
438 -> 310, -2, 0.75, 4, -1
438 -> 310, -1, 0.75, 3, -0.5
439 -> 310, -2, 0.75, 3, -1
439 -> 310, -5, 0.75, 2, -2
439 -> 310, -1, 0.75, 3, -1
439 -> 310, -2, 0.25, 4, -1
439 -> 310, -1, 0.75, 4, -1
439 -> 310, -1, 0.75, 5, -1
440 -> 310, -5, 1.75, 2, -1
440 -> 310, -5, 1.75, 1, -1
440 -> 310, -4, 1.25, 5, -1
441 -> 310, -3, 1.25, 2, -1.5
441 -> 310, -3, 1.25, 1, -1.5
441 -> 310, -3, 1.25, 3, -1.5
441 -> 310, -4, 0.75, 3, -1.5
441 -> 310, -4, 0.75, 4, -1.5
442 -> 310, -3, 1.25, 2, -1
442 -> 310, -5, 1.25, 4, -2
442 -> 310, -4, 1.25, 4, -0.5
442 -> 310, -5, 1.25, 5, -2
442 -> 310, -3, 1.25, 5, -1.5
443 -> 310, -2, 1.75, 5, -1.5
443 -> 310, -4, 0.25, 1, -1
443 -> 310, -4, 0.25, 3, -1
443 -> 310, -5, 0.75, 5, -2
443 -> 310, -3, 0.75, 1, -1
443 -> 310, -4, 0.25, 2, -1
445 -> 310, -5, 0.25, 4, -1.5
445 -> 310, -2, 1.25, 4, -0.5
445 -> 310, -5, 1.25, 2, -2
445 -> 310, -5, 0.25, 5, -1.5
445 -> 310, -2, 0.75, 4, -0.5
445 -> 310, -2, 0.75, 3, -0.5
445 -> 310, -5, 1.25, 2, -1.5
445 -> 310, -5, 1.25, 1, -2
446 -> 310, -4, 0.25, 5, -2
446 -> 310, -5, 0.25, 3, -1.5
446 -> 310, -4, 0.75, 5, -1.5
446 -> 310, -5, 0.25, 2, -1.5
446 -> 310, -3, 1.75, 2, -0.5
447 -> 310, -5, 1.25, 1, -1.5
447 -> 310, -4, 0.25, 2, -0.5
448 -> 310, -5, 0.25, 1, -0.5
448 -> 310, -2, 0.75, 2, -0.5
448 -> 310, -4, 1.25, 2, -1.5
449 -> 310, -2, 1.75, 5, -1
449 -> 310, -2, 1.25, 1, -2
449 -> 310, -2, 1.75, 5, -2
449 -> 310, -2, 0.25, 2, -0.5
449 -> 310, -2, 1.25, 2, -2
451 -> 310, -5, 0.25, 1, -1.5
452 -> 310, -2, 0.25, 5, -1
452 -> 310, -2, 1.75, 3, -0.5
452 -> 310, -2, 1.75, 2, -0.5
455 -> 310, -4, 0.75, 1, -1
455 -> 310, -4, 1.75, 5, -2
455 -> 310, -2, 1.25, 5, -1.5
456 -> 310, -4, 0.25, 1, -2
456 -> 310, -3, 0.25, 1, -1.5
456 -> 310, -4, 0.25, 2, -2
456 -> 310, -3, 0.25, 2, -1.5
456 -> 310, -1, 1.75, 1, -1.5
456 -> 310, -1, 1.75, 2, -1.5
457 -> 310, -1, 0.75, 2, -1
457 -> 310, -5, 1.25, 5, -1
457 -> 310, -2, 1.25, 3, -2
457 -> 310, -5, 1.25, 1, -1
458 -> 310, -2, 1.25, 4, -2
458 -> 310, -2, 1.25, 5, -2
460 -> 310, -4, 1.25, 1, -1.5
460 -> 310, -4, 0.25, 4, -2
461 -> 310, -4, 1.75, 1, -2
461 -> 310, -1, 0.25, 1, -0.5
461 -> 310, -3, 0.75, 5, -1.5
461 -> 310, -3, 0.75, 4, -1.5
461 -> 310, -3, 0.75, 3, -1.5
462 -> 310, -2, 1.25, 1, -1
463 -> 310, -1, 0.25, 3, -0.5
463 -> 310, -3, 0.25, 2, -2
463 -> 310, -3, 1.25, 2, -2
463 -> 310, -1, 1.25, 1, -1.5
463 -> 310, -3, 1.25, 5, -2
463 -> 310, -3, 1.25, 3, -2
463 -> 310, -1, 1.25, 2, -1.5
463 -> 310, -3, 1.25, 4, -2
463 -> 310, -5, 0.75, 5, -1
463 -> 310, -5, 0.75, 4, -1
464 -> 310, -1, 0.75, 3, -2
466 -> 310, -1, 0.25, 2, -1
466 -> 310, -1, 0.25, 1, -1
467 -> 310, -3, 1.25, 5, -0.5
468 -> 310, -3, 0.25, 5, -1.5
468 -> 310, -3, 0.25, 3, -2
468 -> 310, -2, 0.75, 1, -1.5
468 -> 310, -1, 1.25, 3, -0.5
468 -> 310, -1, 1.25, 2, -0.5
468 -> 310, -3, 0.25, 5, -0.5
469 -> 310, -2, 0.75, 3, -1.5
469 -> 310, -5, 1.25, 2, -0.5
469 -> 310, -2, 0.75, 4, -1.5
470 -> 310, -4, 1.75, 3, -0.5
471 -> 310, -3, 0.75, 3, -2
471 -> 310, -2, 0.75, 2, -1.5
471 -> 310, -3, 0.75, 4, -2
471 -> 310, -2, 1.25, 3, -0.5
471 -> 310, -3, 0.75, 5, -2
471 -> 310, -4, 0.25, 4, -1
472 -> 310, -4, 1.25, 1, -1
472 -> 310, -3, 1.75, 4, -2
472 -> 310, -1, 1.25, 3, -1.5
472 -> 310, -4, 1.25, 2, -1
472 -> 310, -1, 0.75, 5, -2
472 -> 310, -3, 1.75, 5, -2
472 -> 310, -3, 0.25, 1, -2
472 -> 310, -3, 0.25, 4, -1.5
473 -> 310, -3, 0.75, 1, -1.5
475 -> 310, -3, 1.75, 1, -1.5
475 -> 310, -4, 1.25, 5, -2
476 -> 310, -5, 1.25, 3, -0.5
477 -> 310, -1, 0.75, 4, -2
478 -> 310, -3, 0.75, 3, -0.5
479 -> 310, -4, 1.75, 2, -1.5
479 -> 310, -3, 0.25, 5, -2
479 -> 310, -3, 1.75, 1, -1
479 -> 310, -3, 1.75, 2, -1
479 -> 310, -3, 0.25, 4, -2
479 -> 310, -3, 0.25, 4, -0.5
480 -> 310, -1, 0.25, 4, -1.5
480 -> 310, -1, 0.25, 3, -1.5
480 -> 310, -1, 0.25, 5, -1.5
483 -> 310, -1, 0.25, 2, -1.5
483 -> 310, -4, 1.75, 1, -0.5
483 -> 310, -1, 0.25, 1, -1.5
484 -> 310, -2, 1.75, 3, -1
484 -> 310, -2, 1.75, 2, -1
484 -> 310, -2, 1.75, 1, -1
484 -> 310, -2, 1.75, 4, -1
485 -> 310, -3, 1.75, 1, -0.5
486 -> 310, -1, 0.25, 2, -0.5
487 -> 310, -2, 0.25, 5, -0.5
489 -> 310, -1, 0.75, 1, -2
490 -> 310, -4, 0.75, 3, -2
490 -> 310, -4, 0.75, 4, -2
490 -> 310, -4, 0.75, 5, -2
490 -> 310, -4, 0.75, 1, -2
490 -> 310, -2, 1.75, 4, -0.5
490 -> 310, -4, 0.75, 2, -2
491 -> 310, -2, 0.25, 2, -1.5
491 -> 310, -2, 0.25, 1, -1.5
491 -> 310, -2, 0.75, 5, -1.5
492 -> 310, -3, 0.25, 5, -1
492 -> 310, -3, 0.25, 4, -1
493 -> 310, -1, 0.75, 2, -2
494 -> 310, -4, 0.25, 5, -0.5
494 -> 310, -2, 0.75, 2, -1
495 -> 310, -3, 0.75, 1, -2
495 -> 310, -3, 0.75, 2, -2
496 -> 310, -3, 0.75, 4, -0.5
499 -> 310, -4, 0.25, 5, -1.5
499 -> 310, -3, 1.75, 4, -1.5
499 -> 310, -3, 1.75, 5, -1.5
499 -> 310, -3, 1.75, 3, -1.5
499 -> 310, -1, 1.75, 2, -1
499 -> 310, -3, 1.75, 2, -1.5
500 -> 310, -5, 0.25, 4, -1
500 -> 310, -5, 0.25, 5, -1
501 -> 310, -5, 1.75, 4, -0.5
501 -> 310, -5, 1.75, 2, -0.5
501 -> 310, -5, 1.75, 3, -0.5
502 -> 310, -5, 0.25, 3, -1
502 -> 310, -5, 0.25, 2, -1
505 -> 310, -3, 0.25, 3, -1.5
506 -> 310, -2, 0.25, 5, -2
506 -> 310, -2, 0.25, 2, -2
506 -> 310, -2, 0.25, 3, -2
506 -> 310, -2, 0.25, 1, -2
506 -> 310, -2, 0.25, 4, -2
507 -> 310, -5, 1.25, 2, -1
508 -> 310, -5, 0.25, 1, -1
511 -> 310, -2, 0.25, 5, -1.5
511 -> 310, -2, 0.25, 4, -1.5
511 -> 310, -2, 0.25, 3, -1.5
513 -> 310, -5, 1.25, 4, -0.5
513 -> 310, -5, 1.25, 5, -0.5
513 -> 310, -2, 1.25, 1, -1.5
514 -> 310, -5, 1.75, 5, -0.5
515 -> 310, -2, 0.25, 2, -1
516 -> 310, -3, 0.25, 3, -1
519 -> 310, -3, 0.25, 1, -1
519 -> 310, -3, 0.25, 2, -1
522 -> 310, -4, 1.25, 4, -1
522 -> 310, -3, 1.75, 5, -0.5
522 -> 310, -4, 1.25, 3, -1
524 -> 310, -4, 1.75, 2, -0.5
549 -> 310, -5, 0.25, 1, -2
549 -> 310, -5, 0.75, 3, -1
549 -> 310, -5, 0.75, 2, -1
549 -> 310, -5, 0.75, 1, -1
549 -> 310, -5, 0.25, 2, -2
562 -> 310, -4, 0.25, 5, -1
562 -> 310, -5, 1.75, 1, -0.5
562 -> 310, -4, 1.75, 3, -1.5
562 -> 310, -4, 1.75, 5, -1.5
562 -> 310, -4, 1.75, 4, -1.5
569 -> 310, -5, 0.25, 5, -0.5
570 -> 310, -5, 1.25, 1, -0.5
588 -> 310, -3, 1.25, 5, -1
588 -> 310, -3, 1.25, 4, -1
588 -> 310, -3, 1.25, 3, -1
595 -> 310, -5, 0.25, 4, -0.5
603 -> 310, -5, 0.25, 3, -0.5
615 -> 310, -3, 1.75, 3, -1
615 -> 310, -3, 1.75, 4, -1
615 -> 310, -3, 1.75, 5, -1
619 -> 310, -4, 0.75, 1, -0.5
619 -> 310, -4, 0.75, 4, -0.5
619 -> 310, -4, 0.75, 3, -0.5
619 -> 310, -4, 0.75, 2, -0.5
619 -> 310, -4, 1.75, 5, -1
633 -> 310, -4, 0.25, 3, -0.5
674 -> 310, -5, 0.75, 2, -0.5
674 -> 310, -5, 0.75, 3, -0.5
674 -> 310, -5, 0.75, 4, -0.5
674 -> 310, -5, 0.75, 5, -0.5
676 -> 310, -5, 0.75, 1, -0.5
