97 -> 334, -1, 1.75, 2, -1
97 -> 334, -1, 1.75, 1, -1
343 -> 334, -4, 1.25, 3, -0.5
351 -> 334, -5, 1.25, 2, -1
357 -> 334, -4, 1.25, 4, -0.5
366 -> 334, -2, 1.75, 1, -1
370 -> 334, -4, 1.25, 5, -0.5
374 -> 334, -3, 1.75, 3, -1
374 -> 334, -3, 1.75, 2, -1
378 -> 334, -5, 1.25, 5, -1
379 -> 334, -1, 1.25, 1, -0.5
386 -> 334, -2, 1.75, 4, -1
386 -> 334, -3, 1.75, 3, -1.5
386 -> 334, -2, 1.75, 5, -1
389 -> 334, -3, 1.25, 5, -0.5
390 -> 334, -5, 1.25, 3, -1
390 -> 334, -5, 1.75, 4, -1
390 -> 334, -2, 0.25, 1, -0.5
390 -> 334, -5, 1.25, 4, -1
393 -> 334, -1, 0.75, 4, -1
394 -> 334, -2, 0.75, 2, -0.5
395 -> 334, -2, 1.75, 3, -0.5
396 -> 334, -2, 1.25, 4, -0.5
396 -> 334, -1, 1.75, 5, -1
396 -> 334, -5, 1.25, 1, -1
396 -> 334, -5, 0.75, 1, -0.5
396 -> 334, -2, 1.25, 5, -0.5
397 -> 334, -2, 1.75, 1, -1.5
397 -> 334, -2, 1.75, 2, -1.5
398 -> 334, -3, 1.25, 3, -2
398 -> 334, -3, 1.25, 4, -2
398 -> 334, -3, 1.25, 5, -2
399 -> 334, -1, 1.75, 2, -1.5
400 -> 334, -5, 1.25, 4, -2
401 -> 334, -5, 1.75, 3, -1
402 -> 334, -1, 1.75, 4, -1
403 -> 334, -3, 0.75, 2, -0.5
403 -> 334, -4, 0.75, 4, -0.5
403 -> 334, -4, 0.25, 5, -0.5
404 -> 334, -1, 0.75, 2, -1
404 -> 334, -2, 1.75, 2, -2
405 -> 334, -1, 0.75, 1, -1
406 -> 334, -3, 0.25, 3, -0.5
406 -> 334, -1, 0.75, 3, -1
408 -> 334, -2, 0.25, 2, -2
408 -> 334, -2, 0.25, 1, -2
408 -> 334, -3, 1.25, 2, -2
409 -> 334, -1, 1.25, 1, -1
409 -> 334, -2, 1.25, 5, -1.5
409 -> 334, -2, 1.75, 5, -2
410 -> 334, -1, 1.75, 1, -1.5
410 -> 334, -4, 0.75, 5, -1.5
411 -> 334, -1, 1.75, 3, -1
413 -> 334, -3, 1.75, 4, -1.5
413 -> 334, -3, 1.75, 5, -1.5
413 -> 334, -2, 0.25, 3, -1.5
413 -> 334, -2, 1.75, 2, -1
414 -> 334, -2, 1.75, 2, -0.5
414 -> 334, -5, 0.75, 5, -1.5
414 -> 334, -5, 1.25, 2, -2
415 -> 334, -3, 0.75, 1, -2
416 -> 334, -3, 0.75, 1, -1
416 -> 334, -3, 0.75, 2, -1
417 -> 334, -2, 0.75, 2, -2
417 -> 334, -4, 0.75, 4, -1.5
418 -> 334, -2, 1.25, 3, -1
419 -> 334, -2, 0.75, 5, -0.5
420 -> 334, -2, 1.75, 4, -2
420 -> 334, -4, 0.75, 5, -0.5
420 -> 334, -2, 1.75, 3, -2
420 -> 334, -2, 1.75, 5, -0.5
420 -> 334, -2, 1.75, 3, -1
421 -> 334, -2, 0.75, 1, -1
421 -> 334, -4, 1.25, 1, -1.5
421 -> 334, -4, 0.25, 1, -0.5
422 -> 334, -2, 0.75, 3, -2
422 -> 334, -2, 0.75, 4, -2
422 -> 334, -2, 1.75, 1, -0.5
422 -> 334, -2, 0.25, 4, -1
423 -> 334, -2, 1.25, 1, -2
423 -> 334, -2, 0.25, 5, -0.5
423 -> 334, -2, 1.25, 2, -2
423 -> 334, -3, 0.25, 2, -0.5
423 -> 334, -5, 0.25, 1, -0.5
424 -> 334, -3, 0.75, 5, -0.5
424 -> 334, -4, 0.75, 5, -1
424 -> 334, -5, 1.75, 5, -2
425 -> 334, -2, 1.25, 5, -2
425 -> 334, -2, 1.25, 4, -2
425 -> 334, -2, 1.25, 3, -2
425 -> 334, -5, 1.25, 1, -2
426 -> 334, -3, 1.75, 1, -1
427 -> 334, -4, 1.75, 5, -1
427 -> 334, -2, 1.75, 5, -1.5
427 -> 334, -5, 1.75, 5, -1
428 -> 334, -3, 1.25, 4, -0.5
428 -> 334, -4, 0.25, 4, -0.5
428 -> 334, -2, 1.75, 1, -2
429 -> 334, -1, 1.75, 5, -0.5
429 -> 334, -2, 0.75, 2, -1.5
430 -> 334, -1, 1.25, 1, -2
430 -> 334, -1, 1.25, 3, -2
430 -> 334, -1, 1.25, 2, -2
430 -> 334, -1, 0.75, 1, -2
431 -> 334, -4, 1.75, 2, -1.5
431 -> 334, -5, 0.75, 3, -0.5
431 -> 334, -5, 0.75, 4, -0.5
431 -> 334, -5, 0.75, 5, -0.5
431 -> 334, -1, 1.25, 5, -2
432 -> 334, -2, 0.75, 4, -1
432 -> 334, -2, 0.75, 3, -1
432 -> 334, -2, 0.75, 5, -1
433 -> 334, -4, 1.75, 5, -1.5
433 -> 334, -5, 1.75, 4, -2
433 -> 334, -4, 1.75, 4, -1.5
433 -> 334, -3, 0.75, 3, -0.5
434 -> 334, -3, 0.75, 4, -0.5
434 -> 334, -4, 1.25, 5, -1
435 -> 334, -4, 1.75, 1, -1.5
435 -> 334, -1, 1.75, 3, -1.5
435 -> 334, -1, 1.25, 3, -1
435 -> 334, -1, 1.75, 4, -1.5
435 -> 334, -5, 0.25, 2, -0.5
436 -> 334, -1, 1.25, 1, -1.5
436 -> 334, -1, 1.25, 2, -1.5
436 -> 334, -4, 0.25, 2, -0.5
436 -> 334, -5, 1.75, 1, -2
437 -> 334, -4, 0.75, 4, -1
437 -> 334, -3, 1.25, 2, -1
438 -> 334, -3, 0.75, 1, -0.5
438 -> 334, -4, 1.75, 1, -1
438 -> 334, -3, 0.75, 3, -1
438 -> 334, -3, 0.25, 1, -0.5
439 -> 334, -2, 0.75, 4, -0.5
439 -> 334, -2, 0.75, 1, -1.5
439 -> 334, -3, 1.75, 4, -1
440 -> 334, -3, 1.25, 5, -1.5
440 -> 334, -4, 1.25, 3, -1
440 -> 334, -4, 1.25, 3, -1.5
440 -> 334, -5, 0.75, 4, -1.5
440 -> 334, -4, 1.25, 4, -1.5
440 -> 334, -4, 1.25, 4, -1
440 -> 334, -3, 1.25, 4, -1.5
440 -> 334, -1, 1.25, 2, -0.5
441 -> 334, -4, 1.25, 1, -1
441 -> 334, -5, 1.25, 3, -2
441 -> 334, -4, 1.25, 2, -1
441 -> 334, -4, 0.75, 3, -1
441 -> 334, -3, 1.75, 5, -1
442 -> 334, -4, 1.75, 3, -1.5
442 -> 334, -1, 0.25, 4, -1.5
442 -> 334, -2, 0.25, 3, -1
442 -> 334, -1, 0.25, 3, -1.5
442 -> 334, -4, 0.25, 3, -0.5
443 -> 334, -4, 0.75, 1, -1.5
443 -> 334, -4, 0.75, 2, -1.5
443 -> 334, -4, 0.75, 3, -1.5
444 -> 334, -2, 0.75, 5, -1.5
445 -> 334, -3, 0.75, 1, -1.5
445 -> 334, -5, 1.25, 4, -1.5
445 -> 334, -5, 1.25, 5, -1.5
446 -> 334, -2, 0.75, 1, -2
446 -> 334, -1, 1.75, 5, -1.5
446 -> 334, -3, 1.25, 1, -2
446 -> 334, -2, 1.75, 4, -0.5
447 -> 334, -2, 0.25, 3, -0.5
447 -> 334, -2, 0.25, 2, -0.5
447 -> 334, -4, 1.25, 4, -2
447 -> 334, -4, 1.25, 3, -2
447 -> 334, -4, 1.75, 4, -1
447 -> 334, -4, 1.75, 3, -1
447 -> 334, -4, 1.25, 2, -2
447 -> 334, -4, 1.25, 1, -2
447 -> 334, -4, 1.25, 5, -2
447 -> 334, -4, 1.75, 2, -1
448 -> 334, -5, 1.75, 2, -2
448 -> 334, -4, 0.75, 2, -1
448 -> 334, -1, 1.75, 1, -2
448 -> 334, -5, 1.75, 3, -2
448 -> 334, -1, 1.75, 4, -2
448 -> 334, -1, 1.75, 2, -2
448 -> 334, -1, 1.75, 3, -2
448 -> 334, -2, 0.25, 5, -1
448 -> 334, -1, 1.75, 5, -2
449 -> 334, -5, 1.25, 1, -1.5
450 -> 334, -5, 0.75, 1, -1.5
450 -> 334, -3, 0.75, 3, -1.5
450 -> 334, -1, 0.25, 1, -0.5
450 -> 334, -3, 0.75, 2, -1.5
450 -> 334, -2, 1.25, 4, -1
451 -> 334, -2, 0.25, 1, -1
451 -> 334, -2, 0.75, 4, -1.5
451 -> 334, -2, 0.75, 3, -1.5
451 -> 334, -1, 0.25, 3, -2
451 -> 334, -2, 1.25, 2, -1.5
451 -> 334, -2, 1.25, 1, -1.5
451 -> 334, -1, 0.25, 1, -2
451 -> 334, -1, 0.25, 2, -2
452 -> 334, -5, 1.25, 5, -2
452 -> 334, -1, 1.25, 5, -1
452 -> 334, -3, 1.25, 1, -1
452 -> 334, -2, 0.75, 2, -1
453 -> 334, -1, 1.25, 3, -1.5
453 -> 334, -2, 1.75, 4, -1.5
453 -> 334, -1, 1.75, 3, -0.5
453 -> 334, -2, 1.75, 3, -1.5
454 -> 334, -3, 1.25, 1, -1.5
454 -> 334, -3, 1.25, 2, -1.5
454 -> 334, -3, 1.25, 3, -1.5
456 -> 334, -5, 0.75, 2, -0.5
456 -> 334, -4, 0.75, 2, -0.5
456 -> 334, -5, 0.25, 5, -0.5
456 -> 334, -4, 1.25, 2, -1.5
457 -> 334, -5, 1.25, 5, -0.5
457 -> 334, -2, 0.25, 4, -0.5
458 -> 334, -2, 0.25, 5, -1.5
458 -> 334, -1, 0.25, 2, -1.5
458 -> 334, -1, 1.25, 2, -1
458 -> 334, -4, 0.75, 3, -0.5
458 -> 334, -1, 1.75, 4, -0.5
459 -> 334, -5, 0.75, 4, -1
459 -> 334, -4, 1.25, 2, -0.5
459 -> 334, -5, 0.75, 3, -1
460 -> 334, -2, 0.75, 5, -2
460 -> 334, -4, 0.75, 1, -1
461 -> 334, -2, 1.25, 3, -0.5
461 -> 334, -2, 1.25, 2, -0.5
461 -> 334, -5, 0.25, 1, -1.5
461 -> 334, -2, 1.25, 1, -0.5
461 -> 334, -5, 1.75, 4, -1.5
461 -> 334, -1, 0.25, 4, -2
461 -> 334, -5, 1.75, 3, -1.5
461 -> 334, -3, 0.25, 5, -0.5
461 -> 334, -5, 1.75, 5, -1.5
461 -> 334, -3, 0.25, 4, -0.5
462 -> 334, -4, 0.25, 4, -1.5
462 -> 334, -4, 1.75, 3, -0.5
462 -> 334, -4, 0.25, 5, -1.5
462 -> 334, -4, 0.75, 1, -2
462 -> 334, -4, 1.75, 5, -0.5
462 -> 334, -4, 1.75, 2, -0.5
462 -> 334, -3, 1.75, 2, -2
462 -> 334, -4, 0.25, 3, -1.5
462 -> 334, -5, 1.25, 4, -0.5
462 -> 334, -1, 1.25, 4, -1.5
462 -> 334, -4, 1.75, 1, -0.5
462 -> 334, -1, 1.25, 5, -1.5
462 -> 334, -3, 1.75, 1, -2
462 -> 334, -4, 1.75, 4, -0.5
463 -> 334, -1, 1.25, 4, -1
463 -> 334, -3, 1.75, 5, -2
463 -> 334, -3, 1.75, 4, -2
463 -> 334, -1, 0.75, 5, -1
463 -> 334, -3, 1.75, 2, -1.5
463 -> 334, -3, 1.75, 3, -2
463 -> 334, -1, 0.25, 1, -1.5
463 -> 334, -3, 1.75, 1, -1.5
464 -> 334, -2, 0.75, 3, -0.5
464 -> 334, -4, 0.25, 2, -1
465 -> 334, -3, 1.25, 4, -1
465 -> 334, -3, 1.25, 3, -1
465 -> 334, -1, 1.25, 4, -0.5
465 -> 334, -5, 0.25, 2, -1.5
465 -> 334, -1, 0.75, 1, -1.5
465 -> 334, -5, 0.25, 3, -1.5
465 -> 334, -1, 0.25, 2, -0.5
465 -> 334, -3, 1.25, 5, -1
465 -> 334, -1, 0.75, 5, -1.5
465 -> 334, -1, 0.75, 4, -1.5
465 -> 334, -1, 0.75, 2, -1.5
465 -> 334, -1, 0.75, 3, -1.5
465 -> 334, -1, 1.25, 5, -0.5
466 -> 334, -1, 0.25, 5, -0.5
466 -> 334, -1, 0.75, 4, -2
466 -> 334, -1, 0.25, 3, -0.5
466 -> 334, -1, 0.75, 5, -2
466 -> 334, -2, 0.25, 2, -1.5
466 -> 334, -1, 0.25, 4, -0.5
467 -> 334, -2, 1.25, 5, -1
467 -> 334, -4, 1.75, 3, -2
467 -> 334, -4, 1.75, 1, -2
467 -> 334, -1, 0.75, 2, -2
467 -> 334, -3, 0.25, 3, -2
467 -> 334, -4, 0.75, 1, -0.5
467 -> 334, -4, 1.75, 2, -2
467 -> 334, -2, 0.75, 1, -0.5
467 -> 334, -3, 0.25, 2, -2
468 -> 334, -2, 1.25, 2, -1
471 -> 334, -1, 0.25, 5, -2
471 -> 334, -1, 0.75, 4, -0.5
471 -> 334, -1, 1.75, 2, -0.5
471 -> 334, -2, 0.25, 5, -2
471 -> 334, -2, 0.25, 4, -2
471 -> 334, -3, 0.75, 4, -1.5
471 -> 334, -3, 0.75, 5, -1.5
472 -> 334, -1, 0.75, 3, -2
472 -> 334, -1, 1.25, 3, -0.5
472 -> 334, -1, 1.75, 1, -0.5
473 -> 334, -3, 0.25, 1, -2
473 -> 334, -1, 0.75, 3, -0.5
473 -> 334, -1, 0.75, 2, -0.5
473 -> 334, -2, 0.25, 2, -1
474 -> 334, -1, 0.25, 5, -1.5
474 -> 334, -2, 0.25, 1, -1.5
474 -> 334, -2, 1.25, 3, -1.5
475 -> 334, -1, 0.25, 5, -1
475 -> 334, -2, 0.25, 3, -2
476 -> 334, -4, 0.25, 3, -1
479 -> 334, -5, 1.75, 3, -0.5
481 -> 334, -3, 1.25, 1, -0.5
481 -> 334, -4, 1.25, 5, -1.5
482 -> 334, -3, 0.75, 4, -2
482 -> 334, -3, 0.75, 3, -2
482 -> 334, -3, 0.75, 5, -2
482 -> 334, -3, 0.75, 2, -2
482 -> 334, -2, 0.25, 4, -1.5
483 -> 334, -5, 0.25, 4, -1
483 -> 334, -5, 0.25, 3, -1
483 -> 334, -5, 0.25, 1, -1
483 -> 334, -5, 0.25, 2, -1
484 -> 334, -1, 1.25, 4, -2
485 -> 334, -3, 0.25, 1, -1
485 -> 334, -4, 0.25, 1, -1
486 -> 334, -4, 0.25, 5, -1
486 -> 334, -4, 0.25, 4, -1
486 -> 334, -3, 1.25, 3, -0.5
486 -> 334, -3, 1.25, 2, -0.5
487 -> 334, -4, 0.75, 2, -2
489 -> 334, -5, 1.25, 2, -0.5
489 -> 334, -5, 1.25, 3, -0.5
489 -> 334, -5, 0.75, 2, -1.5
489 -> 334, -3, 0.25, 4, -2
489 -> 334, -3, 0.25, 5, -2
489 -> 334, -3, 0.25, 1, -1.5
490 -> 334, -3, 0.25, 5, -1.5
490 -> 334, -3, 0.25, 4, -1.5
490 -> 334, -3, 0.25, 3, -1.5
490 -> 334, -3, 0.25, 2, -1.5
492 -> 334, -3, 0.25, 5, -1
495 -> 334, -5, 1.75, 5, -0.5
495 -> 334, -5, 1.75, 4, -0.5
497 -> 334, -4, 0.25, 4, -2
497 -> 334, -4, 1.75, 5, -2
497 -> 334, -2, 1.25, 4, -1.5
497 -> 334, -4, 0.25, 3, -2
498 -> 334, -4, 1.75, 4, -2
498 -> 334, -4, 0.25, 1, -2
498 -> 334, -5, 0.25, 3, -2
498 -> 334, -5, 0.25, 2, -2
498 -> 334, -1, 0.75, 5, -0.5
498 -> 334, -5, 0.25, 1, -2
498 -> 334, -4, 0.25, 2, -2
499 -> 334, -3, 1.75, 3, -0.5
499 -> 334, -3, 1.75, 4, -0.5
499 -> 334, -3, 1.75, 2, -0.5
499 -> 334, -3, 1.75, 5, -0.5
499 -> 334, -3, 1.75, 1, -0.5
501 -> 334, -2, 1.25, 1, -1
502 -> 334, -5, 1.25, 2, -1.5
502 -> 334, -5, 1.25, 3, -1.5
502 -> 334, -1, 0.75, 1, -0.5
504 -> 334, -5, 1.75, 1, -1
504 -> 334, -5, 1.75, 2, -1
510 -> 334, -5, 0.25, 5, -1
511 -> 334, -4, 0.75, 3, -2
511 -> 334, -4, 0.75, 5, -2
511 -> 334, -4, 0.75, 4, -2
513 -> 334, -5, 0.75, 5, -1
515 -> 334, -1, 0.25, 2, -1
515 -> 334, -1, 0.25, 1, -1
515 -> 334, -1, 0.25, 3, -1
515 -> 334, -1, 0.25, 4, -1
516 -> 334, -5, 0.75, 3, -2
516 -> 334, -5, 0.75, 2, -2
516 -> 334, -5, 0.75, 1, -2
517 -> 334, -3, 0.75, 5, -1
517 -> 334, -3, 0.75, 4, -1
517 -> 334, -4, 0.25, 2, -1.5
517 -> 334, -4, 0.25, 1, -1.5
520 -> 334, -3, 0.25, 3, -1
520 -> 334, -3, 0.25, 4, -1
521 -> 334, -4, 0.25, 5, -2
529 -> 334, -5, 1.75, 2, -0.5
531 -> 334, -5, 1.75, 1, -1.5
531 -> 334, -5, 1.75, 2, -1.5
536 -> 334, -3, 0.25, 2, -1
546 -> 334, -5, 0.75, 1, -1
546 -> 334, -5, 0.75, 2, -1
548 -> 334, -5, 0.25, 5, -2
548 -> 334, -5, 0.25, 4, -2
549 -> 334, -5, 0.25, 4, -0.5
549 -> 334, -5, 0.25, 3, -0.5
560 -> 334, -5, 0.75, 5, -2
560 -> 334, -5, 0.75, 4, -2
563 -> 334, -4, 1.25, 1, -0.5
566 -> 334, -5, 1.25, 1, -0.5
590 -> 334, -5, 0.75, 3, -1.5
596 -> 334, -5, 1.75, 1, -0.5
630 -> 334, -5, 0.25, 5, -1.5
630 -> 334, -5, 0.25, 4, -1.5
