367 -> 455, -4, 1.25, 4, -0.5
367 -> 455, -4, 1.25, 3, -0.5
368 -> 455, -4, 1.25, 5, -0.5
375 -> 455, -4, 1.25, 3, -1
375 -> 455, -2, 1.25, 2, -1
375 -> 455, -1, 1.25, 1, -0.5
376 -> 455, -2, 1.25, 2, -2
377 -> 455, -2, 1.25, 1, -0.5
380 -> 455, -1, 0.75, 3, -1
386 -> 455, -1, 1.75, 5, -2
388 -> 455, -3, 1.25, 2, -1
388 -> 455, -3, 1.25, 3, -1
388 -> 455, -1, 1.75, 4, -0.5
390 -> 455, -2, 1.25, 2, -0.5
394 -> 455, -2, 1.75, 5, -1
394 -> 455, -1, 0.75, 5, -0.5
400 -> 455, -4, 0.75, 3, -0.5
400 -> 455, -4, 0.75, 2, -0.5
403 -> 455, -2, 1.25, 3, -2
403 -> 455, -2, 1.25, 4, -2
403 -> 455, -1, 1.75, 5, -0.5
406 -> 455, -3, 1.75, 2, -1.5
406 -> 455, -1, 1.25, 3, -1.5
407 -> 455, -2, 1.75, 5, -2
408 -> 455, -4, 1.25, 1, -0.5
409 -> 455, -1, 0.75, 4, -1
410 -> 455, -1, 0.75, 3, -1.5
411 -> 455, -2, 0.75, 5, -0.5
414 -> 455, -2, 1.75, 1, -0.5
414 -> 455, -4, 1.25, 2, -1
415 -> 455, -4, 0.25, 5, -0.5
416 -> 455, -1, 0.75, 4, -1.5
416 -> 455, -2, 0.75, 5, -1
416 -> 455, -2, 1.75, 5, -0.5
417 -> 455, -2, 1.25, 1, -2
417 -> 455, -2, 0.75, 2, -0.5
417 -> 455, -2, 0.75, 3, -0.5
417 -> 455, -2, 0.75, 4, -0.5
417 -> 455, -3, 1.25, 1, -1.5
418 -> 455, -1, 0.75, 2, -1
418 -> 455, -4, 1.25, 2, -0.5
419 -> 455, -5, 1.25, 1, -1.5
421 -> 455, -5, 1.75, 3, -1
421 -> 455, -5, 1.75, 4, -1
422 -> 455, -1, 1.75, 3, -0.5
422 -> 455, -1, 1.75, 2, -0.5
422 -> 455, -2, 1.25, 1, -1
422 -> 455, -2, 0.25, 2, -1
423 -> 455, -2, 0.75, 2, -1
423 -> 455, -4, 1.75, 4, -1
425 -> 455, -4, 0.75, 4, -0.5
426 -> 455, -3, 1.25, 1, -1
426 -> 455, -2, 1.75, 2, -0.5
427 -> 455, -1, 0.75, 1, -0.5
427 -> 455, -2, 1.75, 3, -1
427 -> 455, -2, 1.75, 4, -1
427 -> 455, -2, 1.75, 4, -2
427 -> 455, -4, 0.75, 4, -2
427 -> 455, -1, 0.75, 2, -0.5
427 -> 455, -4, 0.75, 3, -2
429 -> 455, -5, 1.25, 4, -0.5
429 -> 455, -1, 0.75, 5, -2
429 -> 455, -5, 1.25, 2, -1
430 -> 455, -5, 1.75, 5, -1.5
430 -> 455, -2, 0.25, 4, -0.5
430 -> 455, -2, 0.75, 1, -1
430 -> 455, -5, 1.75, 4, -1.5
430 -> 455, -1, 1.75, 4, -1.5
431 -> 455, -2, 0.25, 5, -0.5
431 -> 455, -1, 1.25, 5, -2
432 -> 455, -3, 1.25, 2, -1.5
432 -> 455, -1, 1.25, 2, -0.5
433 -> 455, -1, 0.25, 5, -0.5
434 -> 455, -2, 1.75, 1, -2
434 -> 455, -1, 0.75, 1, -2
434 -> 455, -1, 0.75, 1, -1
434 -> 455, -1, 1.25, 5, -1.5
435 -> 455, -5, 0.75, 2, -1
435 -> 455, -1, 1.25, 2, -2
435 -> 455, -3, 1.25, 1, -2
435 -> 455, -5, 0.25, 5, -1.5
435 -> 455, -3, 1.25, 2, -2
436 -> 455, -3, 1.75, 5, -2
436 -> 455, -2, 0.75, 1, -0.5
437 -> 455, -1, 1.75, 1, -0.5
437 -> 455, -1, 1.25, 1, -2
438 -> 455, -1, 1.25, 4, -1.5
438 -> 455, -4, 1.75, 5, -2
438 -> 455, -4, 1.75, 4, -2
438 -> 455, -3, 1.75, 1, -2
438 -> 455, -5, 0.75, 2, -1.5
438 -> 455, -4, 1.25, 4, -1
438 -> 455, -3, 1.75, 1, -1.5
439 -> 455, -3, 1.25, 5, -1
439 -> 455, -1, 0.75, 1, -1.5
439 -> 455, -2, 0.75, 3, -1
439 -> 455, -2, 1.75, 3, -2
439 -> 455, -4, 1.75, 2, -1
439 -> 455, -1, 0.75, 2, -1.5
439 -> 455, -5, 0.75, 4, -1
439 -> 455, -3, 1.25, 4, -1
439 -> 455, -5, 0.75, 5, -1
439 -> 455, -2, 1.75, 2, -2
439 -> 455, -3, 0.25, 5, -2
439 -> 455, -1, 1.25, 1, -1
440 -> 455, -2, 1.25, 5, -2
441 -> 455, -4, 0.25, 3, -1.5
441 -> 455, -4, 0.25, 2, -1.5
441 -> 455, -4, 0.75, 4, -1.5
441 -> 455, -3, 0.75, 3, -0.5
441 -> 455, -1, 1.75, 3, -1.5
441 -> 455, -2, 1.25, 3, -1
441 -> 455, -2, 0.75, 4, -1.5
441 -> 455, -2, 1.25, 4, -1
441 -> 455, -1, 1.25, 4, -0.5
441 -> 455, -4, 0.75, 5, -1.5
441 -> 455, -1, 1.25, 5, -0.5
442 -> 455, -1, 1.75, 1, -2
443 -> 455, -1, 0.75, 4, -2
443 -> 455, -1, 0.75, 3, -2
443 -> 455, -1, 0.75, 2, -2
444 -> 455, -5, 1.25, 3, -1.5
444 -> 455, -3, 1.25, 5, -1.5
444 -> 455, -5, 1.25, 4, -1.5
444 -> 455, -5, 1.25, 5, -1.5
444 -> 455, -4, 1.75, 3, -1
445 -> 455, -3, 1.25, 3, -1.5
445 -> 455, -2, 1.25, 2, -1.5
445 -> 455, -5, 0.25, 3, -1.5
445 -> 455, -3, 0.25, 5, -0.5
445 -> 455, -3, 0.25, 4, -0.5
445 -> 455, -2, 1.25, 3, -1.5
445 -> 455, -3, 1.75, 1, -1
445 -> 455, -2, 1.25, 1, -1.5
445 -> 455, -5, 0.25, 4, -1.5
445 -> 455, -3, 0.25, 2, -0.5
445 -> 455, -3, 0.25, 3, -0.5
445 -> 455, -5, 1.75, 5, -1
446 -> 455, -4, 1.25, 5, -2
446 -> 455, -1, 1.75, 2, -1
446 -> 455, -4, 1.25, 4, -2
446 -> 455, -5, 0.75, 1, -1
446 -> 455, -4, 0.75, 2, -1
447 -> 455, -4, 1.25, 1, -1
447 -> 455, -4, 0.75, 5, -1
447 -> 455, -4, 0.25, 4, -0.5
448 -> 455, -2, 0.75, 4, -1
448 -> 455, -4, 0.75, 4, -1
448 -> 455, -5, 0.25, 1, -1.5
448 -> 455, -3, 1.75, 4, -1.5
448 -> 455, -3, 1.75, 3, -1.5
448 -> 455, -3, 1.75, 5, -1.5
448 -> 455, -1, 1.75, 1, -1
448 -> 455, -5, 0.25, 2, -1.5
449 -> 455, -2, 1.75, 3, -0.5
449 -> 455, -4, 1.75, 1, -1
451 -> 455, -3, 1.25, 4, -1.5
451 -> 455, -3, 1.25, 3, -2
451 -> 455, -4, 0.75, 3, -1
451 -> 455, -3, 1.25, 5, -2
451 -> 455, -3, 1.25, 4, -2
451 -> 455, -1, 0.25, 4, -0.5
452 -> 455, -4, 0.75, 1, -0.5
452 -> 455, -5, 1.75, 1, -1
452 -> 455, -5, 1.75, 2, -1
452 -> 455, -5, 0.25, 4, -0.5
452 -> 455, -5, 0.25, 3, -0.5
452 -> 455, -4, 0.25, 1, -0.5
452 -> 455, -2, 0.75, 3, -1.5
453 -> 455, -5, 1.25, 3, -1
453 -> 455, -1, 1.25, 4, -1
453 -> 455, -1, 1.25, 3, -1
453 -> 455, -1, 1.25, 2, -1.5
454 -> 455, -5, 1.75, 2, -2
454 -> 455, -5, 1.25, 2, -1.5
454 -> 455, -4, 0.75, 1, -2
454 -> 455, -4, 0.25, 2, -0.5
454 -> 455, -4, 0.25, 3, -0.5
456 -> 455, -1, 1.25, 5, -1
457 -> 455, -4, 1.25, 5, -1
457 -> 455, -3, 0.25, 5, -1.5
457 -> 455, -2, 0.25, 4, -2
457 -> 455, -3, 0.25, 4, -1.5
457 -> 455, -2, 0.25, 3, -2
457 -> 455, -3, 0.25, 3, -1.5
459 -> 455, -5, 1.75, 3, -1.5
459 -> 455, -5, 1.75, 2, -1.5
459 -> 455, -1, 1.25, 3, -0.5
459 -> 455, -5, 1.75, 1, -1.5
460 -> 455, -1, 0.75, 5, -1.5
460 -> 455, -1, 0.25, 1, -2
460 -> 455, -1, 1.25, 2, -1
460 -> 455, -3, 0.75, 1, -1
460 -> 455, -5, 1.75, 4, -2
461 -> 455, -5, 1.25, 2, -0.5
461 -> 455, -1, 1.75, 3, -2
461 -> 455, -1, 1.75, 2, -2
461 -> 455, -2, 1.75, 1, -1
461 -> 455, -1, 1.75, 4, -2
461 -> 455, -2, 1.75, 2, -1
462 -> 455, -2, 1.75, 5, -1.5
463 -> 455, -3, 1.75, 3, -1
463 -> 455, -2, 0.75, 2, -1.5
463 -> 455, -3, 1.75, 2, -1
463 -> 455, -4, 0.25, 5, -1
463 -> 455, -2, 0.75, 1, -1.5
463 -> 455, -4, 0.25, 2, -1
463 -> 455, -4, 0.25, 1, -1
463 -> 455, -4, 0.25, 4, -1
463 -> 455, -4, 0.25, 3, -1
464 -> 455, -4, 1.25, 2, -1.5
464 -> 455, -4, 1.25, 1, -1.5
465 -> 455, -2, 0.25, 3, -1
465 -> 455, -5, 1.25, 1, -0.5
465 -> 455, -1, 1.25, 1, -1.5
465 -> 455, -2, 0.25, 5, -1
465 -> 455, -2, 0.25, 4, -1
466 -> 455, -2, 0.25, 2, -2
467 -> 455, -1, 1.75, 3, -1
467 -> 455, -1, 1.75, 4, -1
467 -> 455, -4, 0.75, 3, -1.5
467 -> 455, -4, 0.75, 2, -1.5
467 -> 455, -2, 0.25, 1, -2
468 -> 455, -5, 0.75, 5, -1.5
468 -> 455, -1, 0.25, 1, -1.5
468 -> 455, -1, 0.75, 4, -0.5
468 -> 455, -2, 0.25, 5, -2
468 -> 455, -5, 0.75, 4, -1.5
468 -> 455, -1, 0.75, 3, -0.5
468 -> 455, -5, 0.75, 3, -1.5
469 -> 455, -3, 1.75, 5, -1
469 -> 455, -3, 1.75, 4, -1
469 -> 455, -2, 0.75, 5, -2
469 -> 455, -3, 0.25, 2, -2
469 -> 455, -2, 0.75, 2, -2
469 -> 455, -2, 0.75, 3, -2
469 -> 455, -2, 0.75, 4, -2
469 -> 455, -3, 0.25, 1, -2
469 -> 455, -2, 0.75, 1, -2
469 -> 455, -5, 1.75, 1, -2
470 -> 455, -5, 1.25, 4, -2
470 -> 455, -5, 0.75, 3, -1
470 -> 455, -5, 1.25, 1, -2
470 -> 455, -5, 1.25, 2, -2
470 -> 455, -5, 1.25, 3, -2
470 -> 455, -4, 0.75, 1, -1.5
470 -> 455, -5, 1.25, 5, -2
470 -> 455, -3, 0.25, 1, -0.5
471 -> 455, -1, 0.75, 5, -1
472 -> 455, -2, 1.75, 1, -1.5
472 -> 455, -2, 1.75, 2, -1.5
473 -> 455, -3, 0.25, 2, -1.5
473 -> 455, -5, 1.25, 4, -1
473 -> 455, -3, 0.25, 1, -1.5
473 -> 455, -2, 0.75, 5, -1.5
473 -> 455, -3, 0.25, 4, -2
476 -> 455, -3, 0.75, 4, -2
476 -> 455, -4, 1.75, 1, -2
476 -> 455, -4, 1.25, 2, -2
476 -> 455, -4, 1.25, 3, -2
476 -> 455, -1, 1.75, 5, -1.5
476 -> 455, -4, 1.25, 1, -2
478 -> 455, -1, 1.75, 5, -1
479 -> 455, -3, 1.75, 3, -2
479 -> 455, -3, 1.75, 4, -2
479 -> 455, -3, 1.75, 2, -2
480 -> 455, -3, 0.75, 5, -2
480 -> 455, -3, 0.75, 5, -0.5
481 -> 455, -1, 0.25, 3, -2
481 -> 455, -4, 0.75, 5, -0.5
482 -> 455, -4, 0.75, 2, -2
482 -> 455, -2, 0.25, 1, -0.5
482 -> 455, -2, 0.25, 2, -0.5
482 -> 455, -2, 0.25, 3, -0.5
482 -> 455, -2, 0.25, 3, -1.5
482 -> 455, -2, 0.25, 4, -1.5
482 -> 455, -2, 0.25, 5, -1.5
483 -> 455, -2, 0.25, 1, -1.5
483 -> 455, -2, 0.25, 2, -1.5
484 -> 455, -5, 1.25, 3, -0.5
484 -> 455, -3, 0.25, 1, -1
484 -> 455, -1, 0.25, 3, -0.5
486 -> 455, -2, 1.75, 4, -0.5
486 -> 455, -3, 0.75, 5, -1
486 -> 455, -3, 0.75, 3, -1
486 -> 455, -3, 0.75, 4, -1
488 -> 455, -1, 0.25, 2, -0.5
489 -> 455, -3, 0.75, 2, -2
489 -> 455, -4, 1.25, 3, -1.5
489 -> 455, -2, 1.75, 3, -1.5
489 -> 455, -2, 1.75, 4, -1.5
489 -> 455, -3, 0.75, 3, -2
489 -> 455, -3, 0.75, 1, -2
490 -> 455, -2, 1.25, 4, -1.5
490 -> 455, -2, 1.25, 5, -1.5
490 -> 455, -4, 1.75, 5, -1
490 -> 455, -1, 1.75, 2, -1.5
490 -> 455, -1, 1.75, 1, -1.5
491 -> 455, -4, 0.25, 5, -1.5
491 -> 455, -5, 1.25, 1, -1
491 -> 455, -1, 0.25, 5, -2
491 -> 455, -1, 0.25, 4, -2
491 -> 455, -4, 0.25, 4, -1.5
492 -> 455, -1, 0.25, 2, -2
496 -> 455, -3, 0.25, 5, -1
497 -> 455, -5, 1.75, 5, -2
498 -> 455, -5, 0.25, 5, -0.5
499 -> 455, -4, 1.75, 4, -1.5
500 -> 455, -4, 1.75, 5, -1.5
501 -> 455, -5, 0.75, 1, -1.5
502 -> 455, -4, 0.75, 5, -2
504 -> 455, -3, 0.25, 3, -2
505 -> 455, -4, 0.25, 2, -2
505 -> 455, -4, 0.25, 1, -2
505 -> 455, -1, 1.25, 3, -2
505 -> 455, -4, 0.25, 5, -2
505 -> 455, -4, 0.25, 3, -2
505 -> 455, -1, 0.25, 2, -1.5
505 -> 455, -1, 1.25, 4, -2
505 -> 455, -2, 1.25, 5, -1
505 -> 455, -4, 0.25, 4, -2
506 -> 455, -4, 1.25, 4, -1.5
506 -> 455, -5, 1.25, 5, -1
506 -> 455, -4, 1.25, 5, -1.5
508 -> 455, -3, 0.75, 4, -0.5
509 -> 455, -3, 0.25, 4, -1
509 -> 455, -3, 0.25, 3, -1
509 -> 455, -3, 0.25, 2, -1
510 -> 455, -5, 1.75, 3, -2
512 -> 455, -4, 1.75, 2, -1.5
512 -> 455, -4, 1.75, 1, -1.5
512 -> 455, -4, 1.75, 3, -1.5
512 -> 455, -5, 0.25, 1, -0.5
512 -> 455, -5, 0.25, 2, -0.5
514 -> 455, -3, 0.75, 2, -1
515 -> 455, -4, 1.75, 2, -2
517 -> 455, -1, 0.25, 3, -1.5
517 -> 455, -1, 0.25, 5, -1.5
517 -> 455, -1, 0.25, 4, -1.5
518 -> 455, -5, 1.75, 5, -0.5
518 -> 455, -5, 1.75, 4, -0.5
518 -> 455, -1, 0.25, 5, -1
518 -> 455, -4, 0.75, 1, -1
518 -> 455, -1, 0.25, 1, -1
518 -> 455, -1, 0.25, 4, -1
518 -> 455, -1, 0.25, 2, -1
518 -> 455, -1, 0.25, 3, -1
520 -> 455, -1, 0.25, 1, -0.5
524 -> 455, -3, 0.75, 2, -1.5
524 -> 455, -3, 0.75, 3, -1.5
524 -> 455, -3, 0.75, 4, -1.5
524 -> 455, -3, 0.75, 5, -1.5
524 -> 455, -3, 0.75, 1, -1.5
526 -> 455, -3, 0.75, 2, -0.5
526 -> 455, -3, 0.75, 1, -0.5
530 -> 455, -2, 1.25, 5, -0.5
530 -> 455, -2, 1.25, 4, -0.5
530 -> 455, -2, 1.25, 3, -0.5
532 -> 455, -4, 1.75, 3, -2
532 -> 455, -5, 0.75, 5, -0.5
538 -> 455, -2, 0.25, 1, -1
545 -> 455, -5, 0.25, 5, -2
550 -> 455, -5, 0.25, 4, -2
550 -> 455, -5, 0.25, 3, -2
550 -> 455, -5, 0.25, 2, -2
550 -> 455, -5, 0.25, 1, -2
551 -> 455, -5, 0.75, 2, -0.5
551 -> 455, -5, 0.75, 3, -0.5
551 -> 455, -5, 0.75, 1, -0.5
551 -> 455, -5, 0.75, 4, -0.5
553 -> 455, -4, 0.25, 1, -1.5
557 -> 455, -5, 0.75, 3, -2
557 -> 455, -5, 0.75, 5, -2
557 -> 455, -5, 0.75, 4, -2
558 -> 455, -5, 0.75, 2, -2
577 -> 455, -5, 1.75, 3, -0.5
577 -> 455, -5, 1.75, 1, -0.5
577 -> 455, -5, 1.75, 2, -0.5
581 -> 455, -5, 0.25, 1, -1
581 -> 455, -5, 0.25, 2, -1
581 -> 455, -5, 0.25, 5, -1
581 -> 455, -5, 0.25, 3, -1
581 -> 455, -5, 0.25, 4, -1
586 -> 455, -5, 0.75, 1, -2
588 -> 455, -3, 1.25, 1, -0.5
588 -> 455, -3, 1.25, 3, -0.5
588 -> 455, -3, 1.25, 5, -0.5
588 -> 455, -3, 1.25, 4, -0.5
588 -> 455, -3, 1.25, 2, -0.5
633 -> 455, -5, 1.25, 5, -0.5
696 -> 455, -4, 1.75, 2, -0.5
696 -> 455, -4, 1.75, 5, -0.5
696 -> 455, -4, 1.75, 1, -0.5
696 -> 455, -4, 1.75, 4, -0.5
696 -> 455, -4, 1.75, 3, -0.5
780 -> 455, -3, 1.75, 5, -0.5
780 -> 455, -3, 1.75, 1, -0.5
780 -> 455, -3, 1.75, 2, -0.5
780 -> 455, -3, 1.75, 4, -0.5
780 -> 455, -3, 1.75, 3, -0.5
