344 -> 212, -5, 1.25, 3, -0.5
352 -> 212, -5, 1.75, 2, -0.5
363 -> 212, -4, 1.25, 1, -1
365 -> 212, -5, 0.75, 1, -0.5
372 -> 212, -4, 1.75, 5, -0.5
373 -> 212, -1, 1.75, 3, -1.5
374 -> 212, -1, 1.25, 4, -1
375 -> 212, -1, 1.75, 2, -1.5
381 -> 212, -1, 1.25, 5, -1
387 -> 212, -1, 1.75, 2, -0.5
387 -> 212, -1, 1.75, 1, -0.5
388 -> 212, -1, 1.75, 1, -2
389 -> 212, -4, 0.75, 4, -0.5
391 -> 212, -1, 1.25, 2, -0.5
391 -> 212, -1, 0.75, 2, -0.5
391 -> 212, -1, 1.75, 5, -1
391 -> 212, -5, 1.75, 2, -1
392 -> 212, -1, 1.25, 3, -1
394 -> 212, -5, 1.75, 3, -1.5
396 -> 212, -3, 0.75, 5, -1
397 -> 212, -1, 1.25, 1, -0.5
398 -> 212, -3, 1.75, 5, -1
400 -> 212, -5, 1.75, 1, -2
401 -> 212, -1, 1.75, 5, -0.5
402 -> 212, -4, 1.75, 3, -0.5
402 -> 212, -3, 1.75, 5, -0.5
403 -> 212, -2, 1.75, 2, -2
403 -> 212, -1, 1.25, 2, -1.5
404 -> 212, -1, 1.25, 5, -0.5
404 -> 212, -1, 1.25, 4, -0.5
404 -> 212, -1, 1.25, 3, -0.5
406 -> 212, -1, 1.25, 1, -1.5
407 -> 212, -4, 1.25, 1, -1.5
407 -> 212, -4, 1.25, 5, -0.5
408 -> 212, -3, 1.25, 2, -2
410 -> 212, -5, 1.75, 1, -1.5
411 -> 212, -1, 1.25, 1, -2
412 -> 212, -1, 1.25, 3, -1.5
412 -> 212, -2, 0.75, 4, -1.5
412 -> 212, -5, 0.75, 4, -0.5
413 -> 212, -4, 1.75, 1, -0.5
414 -> 212, -1, 0.25, 2, -2
414 -> 212, -2, 1.25, 1, -0.5
414 -> 212, -1, 1.75, 5, -1.5
414 -> 212, -5, 1.75, 5, -1.5
414 -> 212, -2, 1.25, 4, -0.5
415 -> 212, -4, 1.25, 4, -0.5
415 -> 212, -1, 1.75, 3, -1
415 -> 212, -1, 1.75, 4, -1
416 -> 212, -5, 1.75, 4, -1.5
417 -> 212, -5, 0.25, 5, -1
418 -> 212, -1, 1.75, 4, -0.5
419 -> 212, -2, 1.25, 5, -1.5
419 -> 212, -4, 0.75, 1, -2
419 -> 212, -3, 0.25, 4, -0.5
419 -> 212, -5, 1.75, 1, -1
419 -> 212, -2, 1.25, 4, -1.5
419 -> 212, -3, 0.25, 3, -0.5
419 -> 212, -3, 0.25, 2, -0.5
419 -> 212, -1, 0.25, 5, -2
420 -> 212, -2, 1.25, 2, -1.5
420 -> 212, -2, 1.25, 3, -1.5
421 -> 212, -4, 1.75, 2, -0.5
421 -> 212, -2, 1.75, 5, -0.5
423 -> 212, -5, 1.25, 4, -0.5
424 -> 212, -2, 0.25, 4, -1
424 -> 212, -2, 0.75, 3, -2
424 -> 212, -2, 0.75, 4, -2
424 -> 212, -1, 0.75, 3, -2
424 -> 212, -1, 1.75, 2, -1
425 -> 212, -3, 1.75, 4, -0.5
425 -> 212, -2, 1.75, 2, -1
425 -> 212, -1, 0.75, 4, -1.5
425 -> 212, -1, 0.75, 5, -1.5
426 -> 212, -4, 0.75, 1, -1.5
426 -> 212, -3, 1.25, 5, -1
426 -> 212, -2, 1.25, 4, -1
426 -> 212, -2, 1.25, 3, -1
426 -> 212, -2, 0.75, 5, -2
427 -> 212, -2, 0.75, 1, -2
427 -> 212, -2, 0.75, 2, -2
427 -> 212, -1, 0.75, 5, -1
427 -> 212, -4, 0.75, 2, -2
427 -> 212, -4, 0.75, 3, -2
427 -> 212, -2, 0.75, 5, -0.5
427 -> 212, -1, 1.75, 3, -0.5
428 -> 212, -3, 0.25, 5, -0.5
428 -> 212, -4, 0.75, 3, -0.5
429 -> 212, -2, 1.25, 5, -0.5
429 -> 212, -2, 1.75, 1, -2
430 -> 212, -3, 1.25, 1, -1.5
430 -> 212, -3, 1.25, 2, -1.5
430 -> 212, -2, 0.75, 2, -0.5
431 -> 212, -3, 1.25, 5, -1.5
431 -> 212, -1, 0.25, 1, -2
431 -> 212, -3, 1.25, 4, -1.5
431 -> 212, -3, 1.25, 3, -1.5
432 -> 212, -4, 1.75, 2, -2
432 -> 212, -4, 1.75, 3, -2
432 -> 212, -4, 1.75, 3, -1
432 -> 212, -2, 0.75, 1, -1.5
432 -> 212, -1, 0.75, 3, -1
433 -> 212, -2, 1.75, 4, -2
433 -> 212, -2, 1.25, 4, -2
433 -> 212, -4, 1.25, 4, -2
433 -> 212, -5, 1.25, 1, -1
433 -> 212, -1, 0.75, 1, -0.5
433 -> 212, -5, 1.25, 1, -1.5
433 -> 212, -5, 1.25, 2, -1.5
433 -> 212, -2, 1.75, 5, -2
433 -> 212, -4, 1.25, 5, -2
433 -> 212, -4, 1.25, 3, -2
433 -> 212, -2, 1.25, 3, -2
433 -> 212, -2, 1.75, 3, -2
434 -> 212, -2, 0.25, 1, -2
434 -> 212, -2, 0.25, 2, -2
434 -> 212, -4, 1.75, 4, -1
435 -> 212, -5, 1.25, 1, -0.5
435 -> 212, -4, 0.75, 3, -1.5
435 -> 212, -4, 0.75, 2, -1.5
435 -> 212, -2, 1.25, 5, -2
435 -> 212, -3, 1.25, 1, -2
436 -> 212, -2, 0.75, 3, -1.5
437 -> 212, -2, 0.75, 5, -1
437 -> 212, -3, 1.75, 1, -0.5
438 -> 212, -3, 1.25, 3, -2
438 -> 212, -3, 1.25, 4, -2
438 -> 212, -3, 1.25, 5, -2
439 -> 212, -3, 1.75, 2, -1
439 -> 212, -3, 1.75, 3, -1
439 -> 212, -2, 0.75, 2, -1.5
439 -> 212, -3, 1.75, 4, -1
439 -> 212, -1, 0.75, 5, -0.5
439 -> 212, -5, 0.75, 4, -1.5
439 -> 212, -5, 0.75, 3, -1.5
441 -> 212, -3, 0.25, 2, -1.5
441 -> 212, -3, 0.25, 1, -1.5
441 -> 212, -1, 1.25, 2, -1
441 -> 212, -1, 1.75, 5, -2
441 -> 212, -1, 1.25, 4, -2
442 -> 212, -5, 1.25, 1, -2
442 -> 212, -4, 1.25, 2, -1.5
442 -> 212, -5, 1.25, 2, -2
442 -> 212, -5, 1.25, 3, -2
442 -> 212, -5, 1.25, 5, -2
442 -> 212, -5, 1.25, 4, -2
443 -> 212, -4, 1.75, 1, -1
443 -> 212, -5, 0.25, 3, -0.5
443 -> 212, -4, 1.75, 2, -1.5
444 -> 212, -5, 1.25, 2, -0.5
444 -> 212, -3, 0.25, 1, -0.5
445 -> 212, -4, 1.25, 4, -1
445 -> 212, -4, 1.25, 3, -1
445 -> 212, -3, 1.75, 2, -0.5
445 -> 212, -2, 0.75, 5, -1.5
446 -> 212, -5, 1.75, 2, -1.5
446 -> 212, -4, 0.75, 4, -2
446 -> 212, -4, 0.75, 5, -2
446 -> 212, -2, 1.25, 3, -0.5
446 -> 212, -2, 1.25, 2, -0.5
447 -> 212, -5, 1.75, 3, -2
447 -> 212, -5, 1.75, 2, -2
447 -> 212, -4, 1.25, 2, -2
448 -> 212, -2, 1.25, 5, -1
448 -> 212, -5, 1.75, 4, -2
448 -> 212, -2, 1.75, 1, -1
448 -> 212, -3, 1.25, 5, -0.5
448 -> 212, -5, 0.25, 1, -2
448 -> 212, -2, 1.25, 2, -2
448 -> 212, -2, 1.25, 1, -2
449 -> 212, -4, 1.75, 5, -2
450 -> 212, -1, 0.25, 4, -1.5
450 -> 212, -5, 1.75, 5, -0.5
450 -> 212, -1, 0.25, 5, -1.5
451 -> 212, -4, 1.25, 5, -1.5
451 -> 212, -1, 1.75, 4, -2
451 -> 212, -4, 1.75, 4, -0.5
451 -> 212, -2, 1.25, 2, -1
452 -> 212, -1, 1.25, 1, -1
452 -> 212, -3, 0.75, 1, -2
452 -> 212, -3, 1.75, 1, -1
452 -> 212, -5, 0.25, 2, -2
453 -> 212, -1, 0.25, 4, -2
453 -> 212, -3, 1.75, 3, -0.5
453 -> 212, -2, 1.25, 1, -1
453 -> 212, -2, 0.75, 4, -0.5
454 -> 212, -1, 1.75, 1, -1
454 -> 212, -1, 0.25, 3, -2
455 -> 212, -2, 1.75, 4, -0.5
456 -> 212, -5, 1.75, 5, -2
456 -> 212, -1, 0.25, 3, -1
457 -> 212, -4, 1.75, 5, -1
457 -> 212, -2, 0.25, 3, -2
457 -> 212, -2, 0.25, 4, -2
458 -> 212, -2, 1.75, 1, -0.5
458 -> 212, -2, 1.75, 2, -0.5
458 -> 212, -2, 1.75, 3, -0.5
458 -> 212, -3, 1.25, 4, -1
459 -> 212, -2, 0.75, 1, -0.5
459 -> 212, -1, 1.75, 4, -1.5
459 -> 212, -1, 0.25, 5, -0.5
460 -> 212, -4, 0.25, 1, -1.5
461 -> 212, -4, 1.25, 1, -2
462 -> 212, -3, 0.25, 3, -2
462 -> 212, -3, 0.25, 4, -2
462 -> 212, -3, 0.25, 5, -2
462 -> 212, -1, 1.25, 4, -1.5
463 -> 212, -4, 1.25, 3, -1.5
463 -> 212, -3, 1.75, 4, -2
463 -> 212, -4, 1.25, 4, -1.5
463 -> 212, -3, 1.75, 2, -2
463 -> 212, -3, 1.75, 5, -2
463 -> 212, -3, 1.75, 3, -2
463 -> 212, -1, 0.25, 1, -0.5
463 -> 212, -2, 0.25, 3, -1
463 -> 212, -2, 0.25, 2, -1
464 -> 212, -1, 0.75, 3, -0.5
464 -> 212, -4, 1.75, 4, -2
465 -> 212, -1, 0.25, 2, -1.5
465 -> 212, -4, 0.75, 5, -0.5
465 -> 212, -1, 1.25, 5, -1.5
465 -> 212, -3, 0.75, 4, -0.5
466 -> 212, -4, 0.25, 4, -1.5
466 -> 212, -4, 0.25, 5, -1.5
466 -> 212, -4, 0.25, 3, -1.5
466 -> 212, -4, 0.25, 2, -1.5
467 -> 212, -2, 1.75, 3, -1
467 -> 212, -2, 0.75, 3, -0.5
468 -> 212, -1, 1.25, 2, -2
468 -> 212, -1, 1.25, 3, -2
468 -> 212, -2, 1.75, 4, -1
469 -> 212, -3, 0.25, 5, -1.5
469 -> 212, -3, 0.25, 4, -1.5
469 -> 212, -3, 0.25, 3, -1.5
469 -> 212, -2, 0.25, 1, -1
470 -> 212, -1, 0.25, 3, -1.5
470 -> 212, -5, 0.75, 3, -0.5
470 -> 212, -3, 0.75, 3, -0.5
470 -> 212, -4, 1.75, 1, -2
470 -> 212, -3, 1.25, 3, -1
472 -> 212, -1, 1.25, 5, -2
473 -> 212, -1, 1.75, 1, -1.5
473 -> 212, -4, 1.25, 5, -1
474 -> 212, -3, 1.75, 1, -2
475 -> 212, -4, 1.75, 1, -1.5
475 -> 212, -3, 0.75, 5, -2
476 -> 212, -1, 0.25, 4, -1
476 -> 212, -1, 0.25, 5, -1
476 -> 212, -5, 0.75, 2, -2
477 -> 212, -1, 1.75, 3, -2
477 -> 212, -1, 1.75, 2, -2
478 -> 212, -1, 0.75, 2, -2
478 -> 212, -1, 0.75, 1, -2
479 -> 212, -4, 1.75, 3, -1.5
479 -> 212, -4, 1.75, 4, -1.5
479 -> 212, -4, 1.75, 5, -1.5
480 -> 212, -3, 0.75, 3, -1.5
480 -> 212, -4, 1.75, 2, -1
480 -> 212, -3, 0.75, 2, -1.5
480 -> 212, -3, 0.75, 4, -1.5
480 -> 212, -5, 0.25, 4, -0.5
480 -> 212, -3, 0.75, 1, -1.5
480 -> 212, -3, 0.75, 5, -1.5
481 -> 212, -4, 0.25, 5, -2
481 -> 212, -4, 0.25, 4, -2
481 -> 212, -4, 0.25, 3, -2
481 -> 212, -4, 0.25, 1, -2
481 -> 212, -4, 0.25, 2, -2
482 -> 212, -5, 1.25, 3, -1.5
482 -> 212, -3, 1.75, 1, -1.5
482 -> 212, -5, 1.25, 4, -1.5
482 -> 212, -5, 1.25, 5, -1.5
483 -> 212, -1, 0.25, 4, -0.5
483 -> 212, -1, 0.25, 3, -0.5
483 -> 212, -1, 0.25, 2, -0.5
483 -> 212, -5, 0.75, 2, -0.5
483 -> 212, -3, 1.75, 2, -1.5
484 -> 212, -3, 1.75, 3, -1.5
484 -> 212, -3, 1.75, 4, -1.5
484 -> 212, -3, 1.75, 5, -1.5
485 -> 212, -1, 0.75, 2, -1.5
485 -> 212, -1, 0.75, 3, -1.5
485 -> 212, -3, 1.25, 2, -1
486 -> 212, -1, 0.75, 1, -1.5
487 -> 212, -5, 0.25, 5, -2
487 -> 212, -3, 0.25, 2, -2
487 -> 212, -3, 0.25, 1, -2
488 -> 212, -3, 0.75, 4, -2
488 -> 212, -5, 0.25, 4, -2
488 -> 212, -3, 0.75, 3, -2
488 -> 212, -3, 0.75, 2, -2
488 -> 212, -5, 0.25, 3, -2
489 -> 212, -2, 0.25, 5, -0.5
490 -> 212, -3, 0.75, 3, -1
490 -> 212, -3, 0.75, 4, -1
491 -> 212, -5, 0.25, 5, -0.5
491 -> 212, -2, 0.25, 5, -1
491 -> 212, -4, 0.25, 3, -1
491 -> 212, -4, 0.25, 4, -1
491 -> 212, -4, 0.25, 5, -1
492 -> 212, -3, 0.75, 1, -1
492 -> 212, -3, 0.75, 2, -1
493 -> 212, -1, 0.25, 2, -1
493 -> 212, -5, 1.25, 5, -1
494 -> 212, -1, 0.75, 4, -2
494 -> 212, -1, 0.75, 5, -2
494 -> 212, -2, 1.75, 1, -1.5
494 -> 212, -2, 1.75, 2, -1.5
494 -> 212, -2, 1.75, 3, -1.5
496 -> 212, -2, 0.75, 3, -1
496 -> 212, -2, 0.75, 4, -1
496 -> 212, -2, 0.75, 2, -1
496 -> 212, -2, 0.75, 1, -1
498 -> 212, -1, 0.75, 2, -1
498 -> 212, -1, 0.75, 1, -1
499 -> 212, -5, 1.75, 4, -0.5
499 -> 212, -5, 1.75, 3, -0.5
500 -> 212, -2, 0.25, 3, -1.5
500 -> 212, -5, 1.75, 1, -0.5
500 -> 212, -2, 0.25, 2, -1.5
500 -> 212, -2, 0.25, 1, -1.5
501 -> 212, -1, 0.75, 4, -0.5
501 -> 212, -5, 1.25, 4, -1
502 -> 212, -5, 0.75, 3, -2
502 -> 212, -5, 0.75, 4, -2
502 -> 212, -5, 0.75, 5, -2
502 -> 212, -5, 0.25, 1, -0.5
504 -> 212, -5, 1.75, 3, -1
504 -> 212, -5, 1.75, 5, -1
504 -> 212, -5, 1.75, 4, -1
505 -> 212, -2, 1.25, 1, -1.5
506 -> 212, -5, 1.25, 3, -1
506 -> 212, -4, 0.75, 2, -0.5
507 -> 212, -5, 0.25, 1, -1
507 -> 212, -2, 1.75, 4, -1.5
507 -> 212, -2, 1.75, 5, -1.5
509 -> 212, -5, 0.25, 5, -1.5
512 -> 212, -5, 0.75, 2, -1.5
512 -> 212, -5, 0.75, 1, -1.5
513 -> 212, -5, 0.25, 2, -1
514 -> 212, -4, 0.25, 1, -1
514 -> 212, -1, 0.25, 1, -1
514 -> 212, -4, 0.25, 2, -1
516 -> 212, -5, 0.75, 1, -2
519 -> 212, -5, 0.25, 2, -0.5
520 -> 212, -5, 1.25, 2, -1
520 -> 212, -1, 0.25, 1, -1.5
521 -> 212, -2, 0.25, 5, -1.5
521 -> 212, -2, 0.25, 4, -1.5
523 -> 212, -2, 0.25, 5, -2
524 -> 212, -5, 0.75, 1, -1
525 -> 212, -4, 1.25, 2, -0.5
528 -> 212, -2, 1.75, 5, -1
528 -> 212, -1, 0.75, 4, -1
529 -> 212, -3, 1.25, 1, -1
530 -> 212, -2, 0.25, 3, -0.5
530 -> 212, -2, 0.25, 4, -0.5
530 -> 212, -2, 0.25, 2, -0.5
530 -> 212, -2, 0.25, 1, -0.5
531 -> 212, -5, 0.25, 3, -1
531 -> 212, -5, 0.25, 4, -1
535 -> 212, -4, 0.75, 4, -1.5
535 -> 212, -4, 0.75, 5, -1.5
536 -> 212, -3, 0.75, 2, -0.5
546 -> 212, -4, 0.75, 1, -0.5
551 -> 212, -4, 0.75, 1, -1
553 -> 212, -5, 0.75, 5, -1.5
555 -> 212, -3, 0.25, 3, -1
555 -> 212, -3, 0.25, 4, -1
555 -> 212, -3, 0.25, 2, -1
555 -> 212, -3, 0.25, 5, -1
555 -> 212, -3, 0.25, 1, -1
556 -> 212, -5, 0.25, 1, -1.5
556 -> 212, -5, 0.25, 4, -1.5
556 -> 212, -5, 0.25, 3, -1.5
556 -> 212, -5, 0.25, 2, -1.5
557 -> 212, -4, 1.25, 1, -0.5
570 -> 212, -5, 0.75, 5, -1
570 -> 212, -5, 0.75, 4, -1
570 -> 212, -5, 0.75, 3, -1
570 -> 212, -5, 0.75, 2, -1
578 -> 212, -4, 1.25, 2, -1
581 -> 212, -3, 0.75, 1, -0.5
587 -> 212, -3, 0.75, 5, -0.5
593 -> 212, -4, 0.25, 1, -0.5
593 -> 212, -3, 1.25, 3, -0.5
593 -> 212, -3, 1.25, 1, -0.5
593 -> 212, -3, 1.25, 4, -0.5
593 -> 212, -3, 1.25, 2, -0.5
595 -> 212, -4, 0.25, 2, -0.5
599 -> 212, -5, 0.75, 5, -0.5
602 -> 212, -4, 0.75, 5, -1
602 -> 212, -4, 0.75, 4, -1
602 -> 212, -4, 0.75, 3, -1
602 -> 212, -4, 0.75, 2, -1
648 -> 212, -4, 0.25, 5, -0.5
648 -> 212, -4, 0.25, 4, -0.5
648 -> 212, -4, 0.25, 3, -0.5
682 -> 212, -4, 1.25, 3, -0.5
686 -> 212, -5, 1.25, 5, -0.5
