349 -> 468, -2, 1.75, 5, -0.5
352 -> 468, -5, 1.75, 5, -2
360 -> 468, -1, 0.75, 1, -0.5
363 -> 468, -3, 1.25, 1, -1.5
369 -> 468, -3, 1.25, 3, -0.5
370 -> 468, -2, 1.75, 4, -0.5
370 -> 468, -1, 1.25, 1, -0.5
373 -> 468, -1, 1.75, 3, -1
374 -> 468, -4, 1.75, 2, -2
374 -> 468, -4, 1.75, 3, -2
375 -> 468, -4, 1.25, 1, -1
376 -> 468, -3, 0.75, 4, -1.5
380 -> 468, -3, 0.75, 4, -1
380 -> 468, -4, 1.75, 1, -1
380 -> 468, -1, 1.75, 4, -0.5
382 -> 468, -1, 1.75, 3, -1.5
382 -> 468, -1, 1.75, 4, -1.5
383 -> 468, -3, 1.75, 5, -1
383 -> 468, -5, 0.75, 4, -0.5
386 -> 468, -1, 0.75, 5, -1
387 -> 468, -2, 0.75, 4, -0.5
387 -> 468, -2, 0.75, 3, -0.5
391 -> 468, -2, 1.75, 2, -1
391 -> 468, -4, 1.25, 1, -1.5
393 -> 468, -5, 1.75, 4, -1
393 -> 468, -2, 0.75, 5, -2
393 -> 468, -2, 0.75, 4, -2
395 -> 468, -3, 1.25, 2, -1.5
395 -> 468, -1, 1.75, 1, -1
396 -> 468, -1, 1.25, 5, -0.5
396 -> 468, -2, 0.75, 1, -2
398 -> 468, -2, 1.75, 2, -2
398 -> 468, -2, 1.75, 3, -2
398 -> 468, -4, 1.75, 5, -1
399 -> 468, -3, 1.25, 5, -0.5
401 -> 468, -5, 1.25, 1, -0.5
402 -> 468, -5, 0.75, 1, -1.5
402 -> 468, -3, 1.25, 4, -0.5
402 -> 468, -1, 1.25, 5, -2
403 -> 468, -3, 1.75, 5, -0.5
403 -> 468, -2, 1.75, 1, -1
404 -> 468, -4, 0.75, 1, -1.5
404 -> 468, -4, 0.75, 2, -1.5
406 -> 468, -1, 1.75, 2, -2
407 -> 468, -1, 0.25, 5, -1
408 -> 468, -1, 1.25, 2, -0.5
408 -> 468, -3, 1.75, 4, -0.5
408 -> 468, -1, 1.25, 5, -1.5
409 -> 468, -2, 1.75, 2, -0.5
409 -> 468, -5, 1.25, 4, -1.5
409 -> 468, -5, 1.25, 3, -1.5
410 -> 468, -3, 0.75, 1, -1
410 -> 468, -3, 0.75, 2, -1
410 -> 468, -3, 0.75, 3, -1
410 -> 468, -3, 1.25, 5, -1.5
410 -> 468, -5, 0.75, 5, -0.5
411 -> 468, -2, 0.75, 3, -2
411 -> 468, -3, 1.75, 1, -2
411 -> 468, -1, 1.75, 4, -1
411 -> 468, -2, 0.75, 5, -0.5
411 -> 468, -1, 1.75, 1, -2
411 -> 468, -2, 0.75, 2, -2
412 -> 468, -2, 1.75, 3, -0.5
412 -> 468, -3, 1.25, 3, -1
412 -> 468, -1, 1.25, 1, -1
413 -> 468, -2, 1.75, 1, -2
414 -> 468, -5, 0.25, 3, -0.5
414 -> 468, -5, 1.75, 2, -2
414 -> 468, -4, 0.75, 5, -1
414 -> 468, -1, 1.75, 3, -0.5
414 -> 468, -1, 1.75, 3, -2
415 -> 468, -2, 1.75, 4, -2
415 -> 468, -2, 1.75, 5, -2
415 -> 468, -5, 1.75, 2, -1.5
416 -> 468, -1, 0.25, 2, -0.5
416 -> 468, -3, 0.25, 3, -0.5
416 -> 468, -3, 0.75, 5, -1.5
418 -> 468, -2, 1.75, 1, -0.5
418 -> 468, -2, 1.25, 4, -1.5
418 -> 468, -2, 1.25, 5, -1.5
419 -> 468, -5, 1.25, 5, -1.5
419 -> 468, -2, 0.25, 1, -2
420 -> 468, -1, 1.25, 5, -1
420 -> 468, -1, 1.25, 4, -1
421 -> 468, -5, 1.75, 4, -2
422 -> 468, -2, 0.25, 2, -2
422 -> 468, -2, 0.25, 5, -2
422 -> 468, -1, 0.75, 2, -2
422 -> 468, -3, 0.75, 2, -0.5
422 -> 468, -1, 0.75, 3, -2
422 -> 468, -1, 0.75, 4, -2
423 -> 468, -5, 1.25, 1, -1
423 -> 468, -1, 1.25, 4, -2
424 -> 468, -1, 1.75, 2, -0.5
424 -> 468, -3, 0.75, 5, -1
424 -> 468, -2, 0.75, 2, -0.5
425 -> 468, -4, 0.75, 2, -1
425 -> 468, -2, 0.75, 1, -1
425 -> 468, -3, 1.25, 4, -2
425 -> 468, -3, 1.25, 2, -2
425 -> 468, -3, 1.25, 3, -2
425 -> 468, -4, 1.75, 4, -0.5
425 -> 468, -3, 1.25, 1, -2
425 -> 468, -5, 1.75, 3, -1
426 -> 468, -1, 1.25, 1, -2
426 -> 468, -4, 1.75, 2, -1.5
427 -> 468, -3, 0.75, 5, -0.5
427 -> 468, -5, 1.75, 5, -1
428 -> 468, -2, 1.25, 5, -1
428 -> 468, -2, 1.25, 4, -1
428 -> 468, -3, 1.75, 5, -1.5
428 -> 468, -2, 1.25, 3, -1
428 -> 468, -3, 1.75, 4, -1.5
429 -> 468, -3, 0.75, 2, -1.5
429 -> 468, -3, 0.75, 1, -1.5
430 -> 468, -1, 0.75, 3, -1.5
430 -> 468, -3, 1.75, 3, -1.5
431 -> 468, -2, 0.75, 5, -1.5
431 -> 468, -3, 0.25, 2, -0.5
431 -> 468, -2, 0.75, 3, -1.5
431 -> 468, -2, 0.75, 2, -1.5
431 -> 468, -2, 0.75, 4, -1.5
431 -> 468, -3, 1.75, 5, -2
432 -> 468, -1, 0.75, 4, -1
433 -> 468, -1, 0.75, 1, -1.5
433 -> 468, -1, 1.25, 4, -0.5
434 -> 468, -1, 0.75, 5, -0.5
434 -> 468, -5, 1.25, 2, -1.5
435 -> 468, -1, 0.25, 1, -2
435 -> 468, -1, 0.25, 2, -2
437 -> 468, -1, 1.75, 1, -0.5
437 -> 468, -4, 1.75, 1, -2
438 -> 468, -1, 1.75, 5, -0.5
438 -> 468, -1, 0.75, 2, -1
438 -> 468, -1, 0.75, 3, -1
439 -> 468, -3, 0.75, 3, -1.5
439 -> 468, -1, 0.25, 1, -0.5
440 -> 468, -2, 0.75, 2, -1
440 -> 468, -2, 0.75, 4, -1
440 -> 468, -4, 0.75, 3, -1
440 -> 468, -4, 0.75, 4, -1
440 -> 468, -2, 0.75, 3, -1
441 -> 468, -2, 0.75, 5, -1
441 -> 468, -2, 0.25, 4, -2
441 -> 468, -4, 1.25, 3, -1.5
441 -> 468, -2, 0.25, 3, -2
441 -> 468, -4, 1.25, 2, -1.5
441 -> 468, -4, 1.25, 5, -1.5
441 -> 468, -1, 1.75, 5, -1
441 -> 468, -4, 1.25, 4, -1.5
442 -> 468, -5, 1.25, 1, -2
442 -> 468, -5, 1.25, 2, -2
442 -> 468, -1, 1.75, 1, -1.5
443 -> 468, -2, 1.25, 2, -1
444 -> 468, -4, 1.75, 1, -1.5
444 -> 468, -4, 1.75, 4, -1.5
444 -> 468, -4, 1.75, 5, -1.5
444 -> 468, -2, 1.25, 4, -2
444 -> 468, -1, 1.25, 2, -1
444 -> 468, -4, 1.75, 3, -1.5
444 -> 468, -2, 1.25, 5, -2
444 -> 468, -2, 1.25, 2, -2
444 -> 468, -2, 1.25, 1, -1
444 -> 468, -2, 1.25, 3, -2
445 -> 468, -4, 0.75, 3, -1.5
445 -> 468, -3, 0.75, 4, -0.5
445 -> 468, -1, 0.75, 1, -1
445 -> 468, -3, 1.25, 5, -2
445 -> 468, -4, 1.75, 4, -2
445 -> 468, -3, 1.25, 4, -1.5
445 -> 468, -4, 1.75, 5, -2
445 -> 468, -3, 0.75, 3, -0.5
445 -> 468, -4, 0.75, 4, -1.5
445 -> 468, -3, 1.25, 3, -1.5
445 -> 468, -5, 0.25, 2, -0.5
446 -> 468, -5, 1.75, 1, -2
446 -> 468, -1, 1.25, 3, -2
447 -> 468, -1, 1.25, 3, -1
448 -> 468, -2, 1.25, 3, -1.5
448 -> 468, -2, 0.25, 3, -1
448 -> 468, -2, 0.25, 4, -1
448 -> 468, -3, 1.75, 3, -0.5
448 -> 468, -2, 0.25, 5, -1
449 -> 468, -5, 0.25, 4, -1
449 -> 468, -3, 1.75, 4, -2
449 -> 468, -1, 1.75, 2, -1
449 -> 468, -5, 0.25, 5, -1
449 -> 468, -3, 1.75, 2, -2
449 -> 468, -5, 0.25, 3, -1
449 -> 468, -3, 1.75, 3, -2
449 -> 468, -5, 0.25, 2, -1
449 -> 468, -2, 1.75, 5, -1
450 -> 468, -2, 1.75, 2, -1.5
450 -> 468, -3, 1.25, 4, -1
450 -> 468, -3, 1.25, 2, -1
450 -> 468, -5, 1.25, 3, -1
450 -> 468, -1, 0.25, 1, -1
451 -> 468, -4, 0.75, 1, -1
451 -> 468, -2, 1.75, 5, -1.5
451 -> 468, -2, 1.75, 4, -1.5
452 -> 468, -2, 0.75, 1, -1.5
452 -> 468, -2, 1.75, 3, -1.5
453 -> 468, -5, 1.25, 4, -1
453 -> 468, -1, 1.75, 2, -1.5
454 -> 468, -2, 1.75, 1, -1.5
454 -> 468, -4, 1.25, 4, -2
454 -> 468, -2, 1.25, 2, -1.5
454 -> 468, -1, 1.25, 2, -1.5
455 -> 468, -1, 0.25, 2, -1
455 -> 468, -1, 0.25, 4, -1
455 -> 468, -4, 1.25, 5, -2
455 -> 468, -1, 0.25, 3, -1
456 -> 468, -3, 1.25, 5, -1
456 -> 468, -2, 1.25, 1, -2
456 -> 468, -1, 1.25, 2, -2
457 -> 468, -4, 0.25, 2, -1.5
457 -> 468, -4, 0.25, 3, -0.5
457 -> 468, -4, 0.25, 3, -1.5
457 -> 468, -4, 0.25, 5, -0.5
457 -> 468, -4, 1.75, 2, -1
457 -> 468, -4, 0.25, 4, -0.5
457 -> 468, -3, 1.75, 1, -1.5
460 -> 468, -1, 0.75, 5, -2
460 -> 468, -5, 0.25, 4, -0.5
460 -> 468, -3, 0.75, 1, -0.5
461 -> 468, -5, 0.75, 3, -2
461 -> 468, -4, 0.25, 1, -0.5
461 -> 468, -5, 0.75, 4, -2
461 -> 468, -5, 0.75, 5, -2
462 -> 468, -4, 0.75, 2, -2
462 -> 468, -4, 0.75, 3, -2
462 -> 468, -4, 0.75, 1, -2
462 -> 468, -4, 0.75, 4, -2
462 -> 468, -4, 1.25, 3, -1
462 -> 468, -4, 0.75, 5, -2
463 -> 468, -2, 0.25, 3, -1.5
463 -> 468, -2, 0.25, 2, -1.5
463 -> 468, -1, 1.75, 5, -1.5
464 -> 468, -5, 1.75, 4, -1.5
464 -> 468, -5, 1.75, 5, -1.5
465 -> 468, -1, 0.25, 4, -1.5
465 -> 468, -1, 0.25, 3, -0.5
465 -> 468, -3, 0.25, 4, -0.5
465 -> 468, -1, 0.25, 4, -0.5
465 -> 468, -5, 0.25, 1, -0.5
465 -> 468, -1, 0.25, 5, -1.5
465 -> 468, -3, 0.25, 3, -1
465 -> 468, -1, 0.25, 5, -0.5
466 -> 468, -5, 0.25, 1, -1
466 -> 468, -2, 0.25, 4, -1.5
466 -> 468, -2, 0.25, 5, -1.5
467 -> 468, -5, 1.25, 2, -1
468 -> 468, -1, 0.75, 2, -1.5
468 -> 468, -2, 0.25, 1, -1.5
469 -> 468, -1, 0.75, 1, -2
474 -> 468, -3, 1.75, 2, -1.5
474 -> 468, -2, 1.25, 1, -1.5
475 -> 468, -5, 1.75, 1, -1.5
475 -> 468, -1, 0.75, 4, -0.5
476 -> 468, -1, 1.25, 3, -0.5
477 -> 468, -5, 0.75, 1, -2
477 -> 468, -2, 0.25, 1, -0.5
477 -> 468, -5, 1.25, 5, -1
477 -> 468, -5, 0.75, 2, -2
478 -> 468, -4, 0.75, 5, -1.5
478 -> 468, -1, 1.25, 4, -1.5
479 -> 468, -2, 1.25, 2, -0.5
479 -> 468, -2, 1.25, 1, -0.5
479 -> 468, -1, 1.25, 3, -1.5
480 -> 468, -3, 1.75, 4, -1
480 -> 468, -3, 1.75, 3, -1
483 -> 468, -5, 0.25, 5, -2
483 -> 468, -3, 0.25, 1, -1
483 -> 468, -2, 0.25, 1, -1
483 -> 468, -2, 0.25, 2, -1
484 -> 468, -2, 0.25, 3, -0.5
484 -> 468, -2, 0.25, 5, -0.5
484 -> 468, -2, 0.25, 4, -0.5
484 -> 468, -2, 0.25, 2, -0.5
485 -> 468, -1, 0.75, 5, -1.5
485 -> 468, -1, 0.75, 4, -1.5
486 -> 468, -1, 1.75, 4, -2
486 -> 468, -5, 0.25, 2, -1.5
486 -> 468, -5, 0.25, 3, -1.5
486 -> 468, -1, 1.75, 5, -2
486 -> 468, -5, 0.25, 1, -1.5
486 -> 468, -5, 0.25, 4, -1.5
487 -> 468, -5, 0.75, 3, -1.5
487 -> 468, -4, 1.25, 1, -2
487 -> 468, -5, 0.75, 2, -1.5
488 -> 468, -5, 0.25, 4, -2
490 -> 468, -5, 1.75, 2, -1
491 -> 468, -4, 0.25, 4, -1.5
491 -> 468, -4, 0.25, 5, -1.5
492 -> 468, -3, 1.25, 1, -1
492 -> 468, -4, 0.25, 1, -2
492 -> 468, -4, 1.25, 2, -1
492 -> 468, -4, 1.25, 3, -2
492 -> 468, -4, 0.25, 2, -2
492 -> 468, -4, 0.25, 3, -2
492 -> 468, -4, 0.25, 4, -2
492 -> 468, -4, 0.25, 5, -2
493 -> 468, -4, 1.25, 5, -1
495 -> 468, -5, 1.75, 3, -2
495 -> 468, -3, 0.75, 5, -2
495 -> 468, -3, 0.75, 2, -2
495 -> 468, -3, 0.75, 3, -2
495 -> 468, -3, 0.75, 1, -2
495 -> 468, -3, 0.25, 5, -1
495 -> 468, -3, 0.75, 4, -2
495 -> 468, -1, 1.25, 1, -1.5
495 -> 468, -3, 0.25, 2, -1
496 -> 468, -3, 0.25, 5, -2
496 -> 468, -3, 0.25, 3, -2
496 -> 468, -3, 0.25, 2, -2
496 -> 468, -3, 0.25, 4, -2
496 -> 468, -3, 0.25, 1, -2
496 -> 468, -4, 1.25, 4, -1
497 -> 468, -1, 0.25, 5, -2
497 -> 468, -2, 1.25, 4, -0.5
497 -> 468, -1, 0.75, 3, -0.5
497 -> 468, -1, 0.25, 4, -2
497 -> 468, -2, 1.25, 3, -0.5
498 -> 468, -2, 0.75, 1, -0.5
498 -> 468, -4, 1.75, 5, -0.5
498 -> 468, -1, 0.75, 2, -0.5
499 -> 468, -4, 0.25, 5, -1
499 -> 468, -5, 0.25, 2, -2
499 -> 468, -4, 0.25, 3, -1
499 -> 468, -4, 0.25, 2, -1
499 -> 468, -5, 0.25, 3, -2
499 -> 468, -4, 0.25, 2, -0.5
499 -> 468, -4, 0.25, 1, -1
499 -> 468, -5, 1.75, 1, -0.5
499 -> 468, -5, 0.25, 1, -2
499 -> 468, -4, 0.25, 4, -1
500 -> 468, -1, 0.25, 2, -1.5
500 -> 468, -1, 0.25, 1, -1.5
500 -> 468, -1, 0.25, 3, -1.5
500 -> 468, -3, 0.25, 1, -0.5
500 -> 468, -5, 0.25, 5, -1.5
501 -> 468, -4, 0.75, 3, -0.5
501 -> 468, -4, 0.75, 4, -0.5
501 -> 468, -4, 0.75, 5, -0.5
510 -> 468, -4, 1.75, 3, -1
510 -> 468, -5, 1.75, 3, -1.5
510 -> 468, -4, 1.75, 4, -1
513 -> 468, -5, 1.75, 2, -0.5
515 -> 468, -4, 1.75, 3, -0.5
515 -> 468, -4, 1.25, 2, -0.5
515 -> 468, -4, 1.25, 1, -0.5
515 -> 468, -4, 1.75, 2, -0.5
516 -> 468, -1, 0.25, 3, -2
517 -> 468, -2, 1.75, 3, -1
517 -> 468, -2, 1.75, 4, -1
517 -> 468, -5, 0.75, 1, -1
517 -> 468, -4, 1.75, 1, -0.5
518 -> 468, -3, 0.25, 5, -0.5
519 -> 468, -5, 1.25, 1, -1.5
523 -> 468, -3, 1.75, 2, -0.5
524 -> 468, -3, 1.75, 1, -1
524 -> 468, -3, 1.75, 2, -1
526 -> 468, -5, 0.25, 5, -0.5
527 -> 468, -3, 0.25, 4, -1
529 -> 468, -3, 0.25, 2, -1.5
529 -> 468, -3, 0.25, 3, -1.5
529 -> 468, -3, 0.25, 4, -1.5
529 -> 468, -3, 0.25, 1, -1.5
529 -> 468, -3, 0.25, 5, -1.5
530 -> 468, -3, 1.25, 1, -0.5
530 -> 468, -3, 1.25, 2, -0.5
532 -> 468, -5, 1.25, 3, -2
532 -> 468, -5, 1.25, 4, -2
532 -> 468, -5, 1.25, 5, -2
534 -> 468, -5, 1.75, 4, -0.5
534 -> 468, -5, 1.75, 5, -0.5
535 -> 468, -4, 0.25, 1, -1.5
536 -> 468, -2, 1.25, 5, -0.5
542 -> 468, -5, 1.75, 3, -0.5
545 -> 468, -3, 1.75, 1, -0.5
555 -> 468, -5, 1.25, 5, -0.5
555 -> 468, -5, 1.25, 4, -0.5
555 -> 468, -5, 1.25, 3, -0.5
567 -> 468, -4, 1.25, 2, -2
568 -> 468, -5, 0.75, 5, -1.5
568 -> 468, -5, 0.75, 4, -1.5
574 -> 468, -5, 0.75, 5, -1
574 -> 468, -5, 0.75, 4, -1
584 -> 468, -5, 1.25, 2, -0.5
586 -> 468, -5, 0.75, 1, -0.5
591 -> 468, -5, 0.75, 3, -0.5
591 -> 468, -5, 0.75, 2, -0.5
617 -> 468, -5, 1.75, 1, -1
641 -> 468, -5, 0.75, 3, -1
641 -> 468, -5, 0.75, 2, -1
642 -> 468, -4, 1.25, 4, -0.5
642 -> 468, -4, 1.25, 5, -0.5
642 -> 468, -4, 1.25, 3, -0.5
661 -> 468, -4, 0.75, 2, -0.5
782 -> 468, -4, 0.75, 1, -0.5
