346 -> 218, -2, 1.75, 3, -0.5
360 -> 218, -2, 1.75, 2, -0.5
370 -> 218, -1, 0.75, 1, -0.5
372 -> 218, -2, 0.75, 3, -2
372 -> 218, -2, 0.75, 5, -2
372 -> 218, -2, 0.75, 4, -2
377 -> 218, -5, 0.75, 1, -2
379 -> 218, -2, 1.75, 4, -1.5
382 -> 218, -4, 1.25, 1, -1
383 -> 218, -1, 0.75, 1, -1
385 -> 218, -5, 1.25, 5, -1.5
388 -> 218, -5, 0.75, 2, -2
388 -> 218, -5, 0.75, 3, -2
394 -> 218, -1, 1.75, 2, -1.5
394 -> 218, -4, 0.75, 3, -2
394 -> 218, -4, 0.75, 4, -2
395 -> 218, -1, 1.25, 2, -1
397 -> 218, -5, 1.75, 3, -2
397 -> 218, -5, 1.75, 4, -0.5
398 -> 218, -2, 1.75, 1, -0.5
400 -> 218, -1, 1.75, 3, -1.5
401 -> 218, -2, 1.75, 3, -2
401 -> 218, -4, 1.25, 2, -2
401 -> 218, -2, 1.75, 2, -2
403 -> 218, -5, 1.75, 2, -2
403 -> 218, -4, 0.75, 5, -2
404 -> 218, -5, 0.25, 1, -2
406 -> 218, -1, 1.75, 1, -1.5
406 -> 218, -3, 0.75, 4, -2
406 -> 218, -3, 0.75, 5, -2
407 -> 218, -4, 0.75, 4, -1
407 -> 218, -4, 0.75, 3, -1
409 -> 218, -2, 0.25, 5, -1
410 -> 218, -1, 1.75, 2, -1
410 -> 218, -1, 1.75, 3, -0.5
410 -> 218, -1, 1.75, 4, -0.5
411 -> 218, -1, 1.25, 3, -1
412 -> 218, -2, 1.25, 3, -1
412 -> 218, -1, 1.75, 5, -1
412 -> 218, -1, 1.25, 1, -1.5
413 -> 218, -1, 1.75, 1, -1
415 -> 218, -1, 0.75, 5, -1
416 -> 218, -1, 1.75, 3, -1
417 -> 218, -5, 0.25, 2, -2
417 -> 218, -3, 1.25, 3, -0.5
417 -> 218, -3, 1.25, 2, -0.5
417 -> 218, -3, 1.25, 1, -0.5
417 -> 218, -3, 1.25, 4, -0.5
417 -> 218, -1, 0.75, 1, -2
418 -> 218, -3, 0.25, 2, -1
419 -> 218, -2, 1.75, 1, -2
419 -> 218, -1, 0.75, 4, -0.5
419 -> 218, -1, 0.75, 5, -0.5
420 -> 218, -1, 1.25, 4, -1
420 -> 218, -3, 0.75, 1, -0.5
420 -> 218, -4, 0.25, 3, -1.5
420 -> 218, -4, 0.25, 4, -1.5
420 -> 218, -2, 1.25, 2, -1
422 -> 218, -4, 1.25, 1, -2
422 -> 218, -3, 1.25, 5, -2
422 -> 218, -4, 1.25, 5, -2
423 -> 218, -2, 0.75, 5, -0.5
423 -> 218, -4, 0.75, 2, -1
423 -> 218, -4, 1.25, 4, -2
423 -> 218, -5, 1.75, 4, -2
423 -> 218, -4, 1.25, 3, -2
423 -> 218, -5, 0.25, 5, -2
424 -> 218, -3, 0.75, 3, -2
425 -> 218, -3, 0.75, 5, -1.5
425 -> 218, -3, 0.75, 4, -1.5
425 -> 218, -4, 0.25, 2, -1
425 -> 218, -4, 0.25, 3, -1
425 -> 218, -1, 0.75, 2, -0.5
425 -> 218, -1, 0.75, 3, -0.5
426 -> 218, -5, 1.25, 2, -1
426 -> 218, -5, 0.25, 3, -2
427 -> 218, -4, 0.75, 1, -1
427 -> 218, -2, 1.75, 1, -1
428 -> 218, -2, 1.75, 5, -1.5
429 -> 218, -2, 1.75, 5, -2
429 -> 218, -5, 0.25, 4, -2
429 -> 218, -2, 1.75, 4, -2
432 -> 218, -4, 0.25, 1, -1.5
434 -> 218, -2, 0.75, 5, -1
435 -> 218, -1, 0.25, 5, -1.5
435 -> 218, -1, 0.25, 3, -1.5
435 -> 218, -1, 0.25, 2, -1.5
435 -> 218, -1, 0.25, 4, -1.5
436 -> 218, -1, 1.25, 3, -2
436 -> 218, -1, 1.25, 2, -2
437 -> 218, -2, 0.25, 4, -0.5
437 -> 218, -1, 1.75, 5, -2
438 -> 218, -2, 1.25, 1, -1
438 -> 218, -2, 0.75, 1, -2
440 -> 218, -4, 1.75, 3, -1
440 -> 218, -5, 1.25, 2, -2
440 -> 218, -4, 1.75, 2, -1
440 -> 218, -4, 1.75, 4, -1
441 -> 218, -1, 0.75, 2, -2
441 -> 218, -3, 0.75, 2, -2
441 -> 218, -4, 0.75, 3, -0.5
441 -> 218, -4, 0.75, 2, -1.5
442 -> 218, -3, 0.75, 1, -2
443 -> 218, -4, 1.75, 5, -2
443 -> 218, -3, 0.25, 2, -1.5
443 -> 218, -4, 1.75, 2, -2
443 -> 218, -4, 1.75, 4, -2
443 -> 218, -3, 1.75, 4, -2
443 -> 218, -4, 1.75, 3, -2
443 -> 218, -4, 1.75, 1, -2
444 -> 218, -3, 1.75, 2, -2
444 -> 218, -5, 1.25, 4, -1.5
444 -> 218, -3, 0.25, 1, -1.5
444 -> 218, -3, 1.75, 3, -2
445 -> 218, -5, 1.25, 5, -2
445 -> 218, -4, 1.75, 5, -1
445 -> 218, -5, 1.75, 1, -0.5
445 -> 218, -3, 0.25, 4, -2
445 -> 218, -3, 0.25, 5, -2
446 -> 218, -2, 0.75, 2, -2
446 -> 218, -2, 0.75, 4, -1
446 -> 218, -1, 1.75, 1, -0.5
447 -> 218, -1, 1.75, 4, -1
448 -> 218, -5, 0.75, 1, -1.5
448 -> 218, -5, 1.75, 1, -1.5
448 -> 218, -5, 0.25, 5, -1.5
448 -> 218, -4, 0.25, 1, -2
448 -> 218, -5, 1.75, 5, -2
449 -> 218, -2, 1.75, 5, -0.5
449 -> 218, -4, 0.75, 1, -1.5
449 -> 218, -2, 1.75, 4, -0.5
450 -> 218, -1, 0.25, 5, -2
450 -> 218, -1, 0.25, 4, -2
450 -> 218, -2, 1.25, 2, -0.5
450 -> 218, -2, 1.25, 3, -0.5
451 -> 218, -2, 1.75, 3, -1.5
452 -> 218, -1, 1.75, 4, -2
452 -> 218, -5, 1.75, 3, -1.5
452 -> 218, -5, 1.75, 2, -1.5
453 -> 218, -5, 1.25, 3, -2
453 -> 218, -1, 1.25, 2, -1.5
453 -> 218, -5, 1.25, 4, -1
453 -> 218, -5, 1.25, 3, -1
453 -> 218, -5, 1.25, 5, -1
454 -> 218, -5, 1.25, 1, -1
454 -> 218, -2, 1.75, 5, -1
455 -> 218, -1, 1.25, 1, -1
455 -> 218, -4, 0.75, 2, -2
455 -> 218, -5, 1.25, 1, -1.5
455 -> 218, -4, 0.25, 5, -0.5
455 -> 218, -5, 1.25, 2, -1.5
455 -> 218, -4, 0.25, 4, -0.5
455 -> 218, -3, 0.25, 4, -0.5
455 -> 218, -5, 1.25, 3, -1.5
455 -> 218, -4, 0.75, 1, -2
456 -> 218, -2, 0.25, 1, -0.5
456 -> 218, -5, 1.25, 4, -2
456 -> 218, -5, 0.25, 4, -1
456 -> 218, -5, 0.25, 5, -1
457 -> 218, -4, 0.25, 5, -1.5
459 -> 218, -2, 0.25, 3, -0.5
459 -> 218, -2, 0.25, 2, -0.5
460 -> 218, -4, 0.75, 5, -1
460 -> 218, -1, 1.75, 5, -0.5
460 -> 218, -1, 1.75, 2, -0.5
460 -> 218, -1, 1.25, 1, -0.5
460 -> 218, -1, 1.25, 2, -0.5
461 -> 218, -2, 0.75, 4, -0.5
462 -> 218, -2, 1.25, 5, -1.5
462 -> 218, -2, 1.25, 2, -1.5
462 -> 218, -1, 1.25, 4, -0.5
462 -> 218, -1, 1.25, 3, -0.5
462 -> 218, -2, 1.25, 3, -1.5
462 -> 218, -2, 1.25, 1, -1.5
462 -> 218, -2, 0.75, 3, -0.5
462 -> 218, -2, 1.25, 4, -1.5
462 -> 218, -1, 0.25, 1, -2
462 -> 218, -1, 1.25, 1, -2
463 -> 218, -3, 1.25, 1, -2
463 -> 218, -3, 1.25, 5, -0.5
463 -> 218, -4, 0.25, 4, -1
463 -> 218, -1, 0.25, 5, -0.5
463 -> 218, -4, 0.25, 5, -1
464 -> 218, -2, 1.75, 2, -1.5
464 -> 218, -1, 1.75, 2, -2
464 -> 218, -2, 1.25, 4, -0.5
464 -> 218, -1, 1.75, 1, -2
464 -> 218, -2, 1.75, 1, -1.5
464 -> 218, -5, 0.25, 1, -1
464 -> 218, -5, 0.25, 2, -1
464 -> 218, -5, 0.25, 3, -1
464 -> 218, -1, 1.75, 3, -2
465 -> 218, -3, 1.75, 5, -1
465 -> 218, -2, 0.25, 2, -2
465 -> 218, -2, 0.25, 3, -2
465 -> 218, -2, 0.75, 3, -1
465 -> 218, -2, 0.25, 4, -2
465 -> 218, -2, 0.25, 5, -2
466 -> 218, -5, 1.75, 1, -1
466 -> 218, -3, 1.25, 2, -2
466 -> 218, -5, 1.75, 2, -1
466 -> 218, -3, 1.25, 3, -2
466 -> 218, -3, 1.25, 4, -2
466 -> 218, -5, 1.75, 3, -1
466 -> 218, -5, 1.25, 1, -2
466 -> 218, -5, 1.75, 4, -1
467 -> 218, -2, 0.75, 3, -1.5
467 -> 218, -5, 0.25, 3, -1.5
467 -> 218, -1, 1.25, 3, -1.5
467 -> 218, -5, 0.25, 4, -1.5
467 -> 218, -5, 0.25, 2, -1.5
467 -> 218, -2, 1.25, 1, -2
468 -> 218, -1, 0.75, 4, -1
468 -> 218, -5, 0.75, 2, -1
468 -> 218, -1, 1.25, 5, -1
468 -> 218, -1, 0.25, 1, -1
468 -> 218, -2, 0.75, 1, -0.5
469 -> 218, -3, 0.75, 3, -0.5
469 -> 218, -1, 0.75, 2, -1
469 -> 218, -3, 0.75, 2, -0.5
469 -> 218, -1, 0.75, 4, -2
469 -> 218, -2, 0.25, 5, -0.5
469 -> 218, -1, 0.75, 3, -1
469 -> 218, -1, 0.25, 3, -0.5
470 -> 218, -5, 0.75, 3, -1
470 -> 218, -5, 0.75, 5, -1
470 -> 218, -5, 0.75, 4, -1
470 -> 218, -5, 1.75, 1, -2
471 -> 218, -1, 0.25, 3, -2
471 -> 218, -1, 0.25, 2, -2
471 -> 218, -4, 0.25, 2, -1.5
471 -> 218, -1, 0.25, 4, -0.5
471 -> 218, -2, 1.25, 1, -0.5
472 -> 218, -3, 0.25, 3, -0.5
472 -> 218, -5, 0.25, 4, -0.5
472 -> 218, -3, 0.25, 1, -1
473 -> 218, -3, 0.75, 1, -1
473 -> 218, -3, 0.75, 2, -1
473 -> 218, -3, 0.25, 3, -1.5
473 -> 218, -3, 0.75, 3, -1
474 -> 218, -3, 0.25, 3, -1
474 -> 218, -5, 1.75, 5, -1
474 -> 218, -4, 0.75, 4, -1.5
474 -> 218, -2, 0.25, 1, -1
474 -> 218, -2, 1.25, 5, -1
474 -> 218, -2, 0.25, 2, -1
474 -> 218, -2, 1.25, 4, -1
475 -> 218, -3, 1.75, 5, -2
476 -> 218, -4, 1.75, 1, -1
476 -> 218, -1, 1.25, 5, -1.5
476 -> 218, -1, 1.25, 4, -1.5
476 -> 218, -2, 0.75, 5, -1.5
476 -> 218, -2, 0.75, 4, -1.5
477 -> 218, -1, 0.25, 1, -0.5
479 -> 218, -4, 0.75, 3, -1.5
479 -> 218, -1, 0.75, 5, -2
481 -> 218, -3, 0.75, 5, -1
481 -> 218, -4, 1.25, 1, -1.5
481 -> 218, -3, 0.75, 4, -1
481 -> 218, -4, 1.25, 2, -1.5
482 -> 218, -2, 1.25, 3, -2
482 -> 218, -2, 1.25, 2, -2
482 -> 218, -2, 1.25, 5, -2
482 -> 218, -5, 0.75, 5, -1.5
482 -> 218, -2, 1.25, 4, -2
484 -> 218, -5, 0.75, 4, -1.5
484 -> 218, -5, 0.75, 3, -1.5
485 -> 218, -5, 0.75, 2, -1.5
485 -> 218, -5, 1.75, 5, -1.5
485 -> 218, -5, 1.75, 4, -1.5
488 -> 218, -1, 1.25, 4, -2
488 -> 218, -1, 0.75, 3, -2
488 -> 218, -1, 1.25, 5, -2
489 -> 218, -3, 0.25, 5, -1.5
490 -> 218, -5, 0.25, 1, -1.5
490 -> 218, -1, 1.25, 5, -0.5
492 -> 218, -2, 0.75, 2, -0.5
492 -> 218, -2, 1.25, 5, -0.5
493 -> 218, -4, 1.75, 3, -1.5
493 -> 218, -4, 1.75, 5, -1.5
493 -> 218, -4, 1.75, 4, -1.5
494 -> 218, -1, 0.25, 2, -0.5
494 -> 218, -4, 1.25, 5, -1.5
494 -> 218, -4, 1.25, 4, -1.5
494 -> 218, -4, 1.25, 3, -1.5
495 -> 218, -3, 0.25, 4, -1
495 -> 218, -3, 0.25, 5, -1
495 -> 218, -3, 0.75, 5, -0.5
495 -> 218, -3, 1.75, 3, -1
495 -> 218, -3, 1.75, 1, -1
495 -> 218, -3, 1.75, 4, -1
495 -> 218, -3, 1.75, 2, -1
495 -> 218, -4, 0.25, 2, -2
496 -> 218, -4, 0.25, 3, -2
496 -> 218, -4, 0.25, 4, -2
496 -> 218, -4, 0.25, 1, -0.5
496 -> 218, -4, 0.25, 5, -2
497 -> 218, -1, 0.25, 1, -1.5
497 -> 218, -4, 0.75, 5, -1.5
497 -> 218, -3, 0.75, 3, -1.5
497 -> 218, -3, 0.75, 1, -1.5
497 -> 218, -3, 0.75, 2, -1.5
498 -> 218, -4, 1.75, 1, -1.5
498 -> 218, -4, 1.75, 2, -1.5
500 -> 218, -1, 0.25, 4, -1
500 -> 218, -4, 1.75, 5, -0.5
500 -> 218, -4, 1.75, 4, -0.5
500 -> 218, -4, 0.25, 1, -1
500 -> 218, -1, 0.25, 3, -1
500 -> 218, -4, 1.75, 3, -0.5
500 -> 218, -4, 1.75, 2, -0.5
500 -> 218, -1, 0.25, 2, -1
500 -> 218, -4, 1.75, 1, -0.5
502 -> 218, -2, 0.25, 1, -2
502 -> 218, -5, 0.75, 4, -2
502 -> 218, -5, 0.75, 5, -2
504 -> 218, -1, 0.75, 1, -1.5
504 -> 218, -1, 0.75, 2, -1.5
506 -> 218, -2, 0.75, 1, -1.5
506 -> 218, -3, 1.75, 1, -2
506 -> 218, -2, 0.75, 2, -1.5
508 -> 218, -3, 1.25, 1, -1
508 -> 218, -3, 1.25, 3, -1
508 -> 218, -3, 1.25, 4, -1
508 -> 218, -3, 1.25, 2, -1
508 -> 218, -3, 1.25, 5, -1
509 -> 218, -3, 0.25, 2, -0.5
509 -> 218, -5, 0.75, 5, -0.5
509 -> 218, -2, 0.75, 2, -1
509 -> 218, -5, 0.75, 4, -0.5
509 -> 218, -2, 0.75, 1, -1
510 -> 218, -1, 0.75, 4, -1.5
510 -> 218, -1, 0.75, 5, -1.5
510 -> 218, -1, 0.75, 3, -1.5
513 -> 218, -5, 0.75, 1, -1
514 -> 218, -1, 1.75, 5, -1.5
514 -> 218, -1, 1.75, 4, -1.5
514 -> 218, -3, 0.75, 4, -0.5
515 -> 218, -3, 0.25, 2, -2
515 -> 218, -3, 0.25, 3, -2
516 -> 218, -3, 0.25, 1, -2
517 -> 218, -2, 0.25, 4, -1.5
517 -> 218, -2, 0.25, 5, -1.5
517 -> 218, -2, 0.25, 2, -1.5
517 -> 218, -2, 0.25, 3, -1.5
519 -> 218, -2, 0.25, 4, -1
527 -> 218, -4, 0.25, 2, -0.5
527 -> 218, -4, 0.25, 3, -0.5
533 -> 218, -2, 1.75, 4, -1
533 -> 218, -3, 1.25, 1, -1.5
533 -> 218, -2, 1.75, 2, -1
533 -> 218, -2, 1.75, 3, -1
533 -> 218, -1, 0.25, 5, -1
535 -> 218, -4, 1.25, 5, -1
535 -> 218, -4, 1.25, 4, -1
535 -> 218, -4, 1.25, 3, -1
535 -> 218, -4, 1.25, 2, -1
537 -> 218, -3, 0.25, 1, -0.5
538 -> 218, -3, 0.25, 4, -1.5
539 -> 218, -3, 1.75, 4, -0.5
539 -> 218, -3, 1.75, 2, -0.5
539 -> 218, -3, 1.75, 5, -0.5
539 -> 218, -3, 1.75, 3, -0.5
539 -> 218, -3, 1.75, 1, -0.5
541 -> 218, -3, 1.25, 5, -1.5
542 -> 218, -3, 1.25, 2, -1.5
542 -> 218, -3, 1.25, 3, -1.5
542 -> 218, -3, 1.25, 4, -1.5
546 -> 218, -2, 0.25, 3, -1
550 -> 218, -2, 0.25, 1, -1.5
554 -> 218, -3, 1.75, 2, -1.5
554 -> 218, -3, 1.75, 3, -1.5
554 -> 218, -3, 1.75, 4, -1.5
554 -> 218, -3, 1.75, 1, -1.5
554 -> 218, -3, 1.75, 5, -1.5
558 -> 218, -5, 0.25, 3, -0.5
558 -> 218, -5, 0.25, 2, -0.5
558 -> 218, -5, 0.25, 1, -0.5
562 -> 218, -4, 0.75, 5, -0.5
562 -> 218, -4, 0.75, 4, -0.5
586 -> 218, -5, 0.75, 3, -0.5
597 -> 218, -3, 0.25, 5, -0.5
601 -> 218, -5, 0.25, 5, -0.5
615 -> 218, -5, 0.75, 1, -0.5
615 -> 218, -5, 0.75, 2, -0.5
619 -> 218, -5, 1.25, 2, -0.5
619 -> 218, -5, 1.25, 4, -0.5
619 -> 218, -5, 1.25, 3, -0.5
638 -> 218, -5, 1.75, 2, -0.5
638 -> 218, -5, 1.75, 3, -0.5
654 -> 218, -4, 0.75, 2, -0.5
673 -> 218, -4, 1.25, 2, -0.5
673 -> 218, -4, 1.25, 1, -0.5
673 -> 218, -4, 1.25, 3, -0.5
673 -> 218, -4, 1.25, 5, -0.5
673 -> 218, -4, 1.25, 4, -0.5
678 -> 218, -4, 0.75, 1, -0.5
705 -> 218, -5, 1.25, 1, -0.5
731 -> 218, -5, 1.75, 5, -0.5
957 -> 218, -5, 1.25, 5, -0.5
