329 -> 149, -1, 1.25, 5, -0.5
359 -> 149, -5, 1.75, 1, -2
360 -> 149, -1, 1.75, 2, -0.5
360 -> 149, -4, 1.25, 4, -1.5
361 -> 149, -4, 1.75, 4, -0.5
362 -> 149, -5, 1.75, 5, -1
363 -> 149, -1, 1.75, 3, -0.5
363 -> 149, -2, 1.75, 4, -1
364 -> 149, -3, 0.75, 3, -0.5
374 -> 149, -3, 0.75, 3, -2
374 -> 149, -1, 1.75, 4, -0.5
374 -> 149, -3, 0.75, 4, -2
379 -> 149, -4, 1.25, 3, -2
379 -> 149, -4, 1.25, 2, -2
379 -> 149, -4, 1.25, 1, -2
382 -> 149, -4, 1.75, 2, -1
383 -> 149, -1, 1.25, 4, -0.5
383 -> 149, -5, 1.25, 5, -1.5
385 -> 149, -1, 1.75, 2, -2
385 -> 149, -1, 1.25, 1, -1.5
385 -> 149, -1, 1.75, 3, -2
385 -> 149, -2, 1.25, 5, -1.5
386 -> 149, -1, 1.25, 5, -2
386 -> 149, -1, 1.25, 1, -1
389 -> 149, -1, 1.75, 5, -0.5
390 -> 149, -1, 1.75, 1, -0.5
391 -> 149, -4, 1.25, 3, -1.5
391 -> 149, -2, 1.75, 4, -0.5
391 -> 149, -2, 1.25, 4, -2
391 -> 149, -2, 1.75, 5, -0.5
392 -> 149, -2, 1.25, 3, -2
392 -> 149, -2, 1.25, 2, -2
395 -> 149, -4, 1.75, 3, -1
395 -> 149, -4, 1.75, 4, -1
395 -> 149, -4, 1.75, 5, -1
396 -> 149, -4, 1.25, 3, -0.5
396 -> 149, -1, 1.75, 4, -2
396 -> 149, -1, 1.75, 5, -2
397 -> 149, -5, 1.75, 5, -2
397 -> 149, -5, 1.25, 4, -1.5
397 -> 149, -1, 0.75, 4, -1
400 -> 149, -1, 0.25, 3, -1
402 -> 149, -4, 1.75, 4, -2
402 -> 149, -4, 0.25, 2, -1
406 -> 149, -4, 1.25, 4, -2
406 -> 149, -1, 1.25, 1, -0.5
406 -> 149, -4, 1.25, 5, -1
406 -> 149, -4, 1.25, 2, -0.5
407 -> 149, -1, 1.25, 2, -0.5
408 -> 149, -2, 1.25, 5, -0.5
409 -> 149, -3, 0.75, 2, -0.5
409 -> 149, -4, 1.25, 2, -1.5
409 -> 149, -5, 1.75, 5, -1.5
409 -> 149, -5, 1.75, 2, -1.5
409 -> 149, -5, 1.75, 3, -1.5
410 -> 149, -1, 0.75, 3, -1
411 -> 149, -4, 0.75, 5, -2
411 -> 149, -3, 1.75, 2, -1
411 -> 149, -4, 0.75, 4, -2
411 -> 149, -4, 0.75, 2, -2
411 -> 149, -4, 0.75, 3, -2
411 -> 149, -4, 0.75, 1, -2
411 -> 149, -3, 1.75, 1, -1
412 -> 149, -2, 1.75, 3, -0.5
412 -> 149, -2, 1.25, 4, -0.5
412 -> 149, -4, 0.25, 1, -0.5
412 -> 149, -4, 1.25, 1, -0.5
412 -> 149, -1, 1.25, 3, -0.5
412 -> 149, -1, 1.25, 4, -2
413 -> 149, -1, 0.25, 5, -0.5
413 -> 149, -1, 0.75, 5, -1
413 -> 149, -1, 0.25, 4, -0.5
414 -> 149, -5, 1.75, 3, -0.5
414 -> 149, -2, 0.75, 1, -2
414 -> 149, -3, 0.75, 1, -1.5
414 -> 149, -2, 1.75, 1, -1.5
415 -> 149, -1, 0.25, 3, -0.5
415 -> 149, -5, 1.75, 2, -2
415 -> 149, -1, 0.25, 2, -0.5
415 -> 149, -4, 0.75, 2, -1.5
415 -> 149, -5, 1.75, 3, -2
415 -> 149, -4, 0.75, 3, -1.5
416 -> 149, -1, 0.75, 1, -0.5
417 -> 149, -3, 1.75, 5, -2
417 -> 149, -3, 0.75, 5, -2
418 -> 149, -3, 1.75, 5, -1.5
418 -> 149, -2, 1.25, 2, -1.5
418 -> 149, -2, 1.25, 3, -1.5
418 -> 149, -1, 0.75, 1, -1.5
418 -> 149, -3, 1.75, 4, -1.5
418 -> 149, -3, 1.75, 3, -2
418 -> 149, -3, 1.75, 3, -1.5
420 -> 149, -4, 1.75, 3, -2
420 -> 149, -4, 1.75, 2, -2
420 -> 149, -4, 1.75, 1, -2
420 -> 149, -3, 1.75, 4, -2
420 -> 149, -3, 1.25, 1, -1
420 -> 149, -5, 1.25, 4, -2
421 -> 149, -2, 0.25, 4, -1
421 -> 149, -2, 1.75, 5, -1
422 -> 149, -3, 1.75, 1, -2
422 -> 149, -2, 0.75, 1, -0.5
422 -> 149, -5, 1.75, 4, -1.5
422 -> 149, -3, 1.75, 2, -2
423 -> 149, -1, 1.25, 5, -1
423 -> 149, -1, 0.25, 1, -2
423 -> 149, -1, 0.25, 2, -2
423 -> 149, -4, 1.25, 5, -2
423 -> 149, -1, 1.25, 4, -1
423 -> 149, -2, 1.75, 3, -1.5
423 -> 149, -1, 1.25, 3, -1
424 -> 149, -2, 0.75, 3, -2
424 -> 149, -2, 0.75, 5, -1.5
424 -> 149, -2, 0.75, 2, -2
424 -> 149, -2, 0.75, 4, -1.5
426 -> 149, -1, 0.75, 2, -2
427 -> 149, -2, 1.75, 2, -1.5
427 -> 149, -1, 1.75, 1, -2
427 -> 149, -4, 1.75, 5, -2
427 -> 149, -3, 0.75, 1, -0.5
427 -> 149, -1, 1.25, 2, -1
428 -> 149, -1, 0.25, 5, -1
428 -> 149, -1, 0.25, 4, -1
428 -> 149, -5, 1.25, 3, -2
428 -> 149, -5, 0.25, 1, -2
428 -> 149, -4, 0.75, 3, -1
428 -> 149, -5, 0.25, 3, -2
428 -> 149, -5, 0.25, 2, -2
429 -> 149, -4, 1.25, 1, -1.5
429 -> 149, -2, 1.25, 1, -2
429 -> 149, -4, 1.75, 1, -0.5
430 -> 149, -2, 1.25, 5, -1
430 -> 149, -2, 1.25, 4, -1
431 -> 149, -4, 0.75, 2, -1
431 -> 149, -4, 0.75, 1, -1
431 -> 149, -5, 0.25, 5, -2
432 -> 149, -4, 1.25, 3, -1
432 -> 149, -4, 0.25, 2, -1.5
432 -> 149, -4, 0.25, 3, -1.5
432 -> 149, -4, 1.25, 2, -1
432 -> 149, -4, 1.25, 4, -1
432 -> 149, -2, 1.25, 3, -1
432 -> 149, -2, 1.25, 2, -1
433 -> 149, -2, 0.75, 5, -2
433 -> 149, -5, 0.25, 4, -2
433 -> 149, -5, 1.25, 1, -2
433 -> 149, -2, 0.75, 4, -2
433 -> 149, -5, 1.25, 2, -2
433 -> 149, -4, 1.75, 2, -0.5
434 -> 149, -2, 1.75, 4, -2
435 -> 149, -5, 1.75, 4, -2
435 -> 149, -2, 0.75, 2, -1
435 -> 149, -4, 0.75, 2, -0.5
435 -> 149, -2, 0.75, 4, -1
435 -> 149, -1, 1.75, 2, -1.5
435 -> 149, -2, 0.75, 5, -1
437 -> 149, -3, 1.75, 5, -1
437 -> 149, -2, 0.25, 5, -0.5
437 -> 149, -2, 1.75, 5, -1.5
439 -> 149, -2, 1.75, 5, -2
439 -> 149, -2, 1.25, 5, -2
439 -> 149, -4, 0.25, 2, -2
441 -> 149, -2, 1.25, 4, -1.5
441 -> 149, -2, 1.75, 1, -0.5
441 -> 149, -3, 0.25, 2, -1.5
441 -> 149, -1, 1.25, 2, -1.5
441 -> 149, -3, 0.25, 3, -1.5
442 -> 149, -3, 0.75, 5, -1
442 -> 149, -2, 1.75, 2, -1
442 -> 149, -4, 0.25, 1, -1.5
442 -> 149, -4, 0.75, 1, -1.5
442 -> 149, -3, 0.25, 2, -1
442 -> 149, -3, 0.25, 1, -1
442 -> 149, -2, 1.75, 3, -1
443 -> 149, -2, 1.75, 4, -1.5
443 -> 149, -2, 0.75, 1, -1
443 -> 149, -3, 0.25, 1, -1.5
444 -> 149, -2, 1.25, 1, -1
445 -> 149, -3, 1.75, 4, -1
445 -> 149, -3, 0.25, 5, -1.5
445 -> 149, -3, 0.25, 4, -1.5
446 -> 149, -3, 1.25, 2, -2
446 -> 149, -3, 1.25, 5, -2
446 -> 149, -3, 1.25, 3, -2
446 -> 149, -3, 1.25, 4, -2
447 -> 149, -5, 0.25, 2, -1.5
447 -> 149, -3, 1.25, 5, -1
447 -> 149, -5, 0.25, 1, -1.5
447 -> 149, -2, 1.75, 3, -2
447 -> 149, -2, 1.75, 2, -2
447 -> 149, -5, 1.25, 2, -1.5
447 -> 149, -2, 1.75, 1, -2
447 -> 149, -5, 1.25, 3, -1.5
448 -> 149, -1, 1.75, 1, -1.5
448 -> 149, -1, 1.75, 4, -1.5
448 -> 149, -5, 0.25, 5, -1.5
449 -> 149, -1, 0.75, 1, -1
449 -> 149, -1, 1.25, 3, -1.5
449 -> 149, -1, 0.75, 5, -1.5
449 -> 149, -1, 1.25, 5, -1.5
449 -> 149, -1, 1.25, 4, -1.5
450 -> 149, -1, 0.25, 1, -0.5
451 -> 149, -4, 0.75, 4, -1.5
451 -> 149, -4, 0.75, 5, -1.5
452 -> 149, -2, 0.25, 2, -1
452 -> 149, -2, 0.25, 3, -1
453 -> 149, -4, 0.25, 5, -1
453 -> 149, -1, 1.25, 2, -2
453 -> 149, -4, 0.25, 4, -1
453 -> 149, -1, 1.25, 3, -2
453 -> 149, -4, 0.25, 3, -1
454 -> 149, -1, 0.75, 4, -0.5
454 -> 149, -1, 1.75, 5, -1
454 -> 149, -1, 0.75, 1, -2
455 -> 149, -2, 0.75, 3, -1
456 -> 149, -4, 0.75, 1, -0.5
456 -> 149, -1, 1.25, 1, -2
456 -> 149, -3, 0.25, 5, -0.5
456 -> 149, -1, 0.25, 3, -1.5
456 -> 149, -1, 0.25, 4, -1.5
456 -> 149, -1, 0.25, 5, -1.5
457 -> 149, -3, 1.75, 3, -1
458 -> 149, -3, 1.75, 1, -1.5
458 -> 149, -3, 0.75, 3, -1
458 -> 149, -3, 0.75, 4, -1
458 -> 149, -1, 0.75, 5, -0.5
458 -> 149, -2, 1.75, 2, -0.5
460 -> 149, -1, 0.25, 5, -2
460 -> 149, -1, 0.25, 3, -2
460 -> 149, -1, 0.25, 2, -1.5
460 -> 149, -1, 0.25, 4, -2
461 -> 149, -3, 0.25, 1, -0.5
461 -> 149, -1, 1.75, 4, -1
462 -> 149, -5, 1.25, 1, -1.5
463 -> 149, -5, 1.25, 5, -2
463 -> 149, -4, 0.75, 5, -1
464 -> 149, -5, 1.75, 1, -1.5
464 -> 149, -2, 1.75, 1, -1
464 -> 149, -3, 0.75, 2, -2
464 -> 149, -3, 1.75, 2, -1.5
466 -> 149, -1, 0.25, 1, -1.5
468 -> 149, -4, 1.25, 1, -1
469 -> 149, -5, 0.25, 4, -1.5
469 -> 149, -5, 1.75, 3, -1
469 -> 149, -5, 0.25, 3, -1.5
469 -> 149, -5, 1.75, 2, -1
469 -> 149, -5, 1.75, 4, -1
470 -> 149, -1, 0.75, 3, -2
470 -> 149, -5, 0.75, 1, -1.5
471 -> 149, -2, 0.25, 1, -1
472 -> 149, -1, 0.75, 3, -0.5
473 -> 149, -3, 0.75, 1, -1
474 -> 149, -4, 1.75, 3, -0.5
474 -> 149, -1, 0.75, 2, -1
475 -> 149, -4, 0.25, 4, -2
475 -> 149, -4, 0.25, 5, -2
475 -> 149, -4, 0.25, 3, -2
477 -> 149, -4, 0.25, 5, -0.5
477 -> 149, -4, 1.25, 5, -1.5
478 -> 149, -1, 1.75, 3, -1
478 -> 149, -1, 1.75, 3, -1.5
478 -> 149, -1, 1.75, 1, -1
478 -> 149, -1, 1.75, 2, -1
479 -> 149, -4, 0.25, 5, -1.5
479 -> 149, -4, 0.25, 1, -2
480 -> 149, -1, 1.75, 5, -1.5
480 -> 149, -2, 1.25, 1, -1.5
481 -> 149, -3, 1.25, 1, -2
481 -> 149, -2, 0.75, 2, -0.5
483 -> 149, -5, 1.75, 1, -1
483 -> 149, -1, 0.75, 4, -1.5
483 -> 149, -1, 0.75, 2, -1.5
483 -> 149, -1, 0.75, 3, -1.5
484 -> 149, -2, 0.25, 3, -1.5
484 -> 149, -2, 0.25, 5, -1.5
484 -> 149, -2, 0.25, 4, -1.5
484 -> 149, -2, 0.25, 2, -1.5
484 -> 149, -2, 0.25, 1, -1.5
485 -> 149, -3, 1.25, 4, -1
485 -> 149, -3, 1.25, 3, -1
486 -> 149, -1, 0.25, 1, -1
486 -> 149, -1, 0.25, 2, -1
486 -> 149, -4, 0.25, 4, -0.5
487 -> 149, -3, 0.25, 1, -2
487 -> 149, -3, 0.25, 5, -2
487 -> 149, -3, 0.25, 2, -2
487 -> 149, -3, 0.25, 4, -2
487 -> 149, -3, 0.25, 3, -2
488 -> 149, -4, 1.75, 1, -1
488 -> 149, -1, 0.75, 4, -2
488 -> 149, -1, 0.75, 5, -2
489 -> 149, -4, 1.75, 3, -1.5
489 -> 149, -4, 1.75, 2, -1.5
489 -> 149, -4, 1.75, 4, -1.5
489 -> 149, -5, 0.75, 5, -1
489 -> 149, -4, 1.75, 1, -1.5
490 -> 149, -3, 0.25, 5, -1
491 -> 149, -4, 0.75, 4, -1
491 -> 149, -3, 0.25, 3, -0.5
492 -> 149, -3, 0.75, 2, -1
496 -> 149, -3, 0.25, 4, -1
496 -> 149, -2, 0.25, 5, -1
496 -> 149, -3, 0.25, 3, -1
497 -> 149, -4, 1.75, 5, -1.5
497 -> 149, -4, 0.25, 4, -1.5
499 -> 149, -2, 1.25, 3, -0.5
499 -> 149, -2, 1.25, 2, -0.5
499 -> 149, -2, 1.25, 1, -0.5
500 -> 149, -2, 0.75, 2, -1.5
500 -> 149, -2, 0.75, 3, -1.5
500 -> 149, -2, 0.75, 1, -1.5
502 -> 149, -1, 0.75, 2, -0.5
502 -> 149, -5, 0.75, 1, -2
502 -> 149, -5, 0.75, 2, -2
502 -> 149, -5, 0.75, 3, -2
502 -> 149, -5, 0.75, 4, -2
502 -> 149, -5, 0.75, 5, -2
508 -> 149, -2, 0.25, 1, -2
508 -> 149, -2, 0.25, 5, -2
508 -> 149, -2, 0.25, 3, -2
508 -> 149, -2, 0.25, 2, -2
508 -> 149, -2, 0.25, 4, -2
508 -> 149, -3, 0.75, 1, -2
511 -> 149, -2, 0.25, 1, -0.5
513 -> 149, -3, 1.75, 2, -0.5
513 -> 149, -3, 1.75, 5, -0.5
513 -> 149, -3, 1.75, 4, -0.5
513 -> 149, -3, 1.75, 1, -0.5
513 -> 149, -3, 1.75, 3, -0.5
515 -> 149, -3, 0.25, 2, -0.5
523 -> 149, -3, 1.25, 2, -1
524 -> 149, -4, 1.25, 4, -0.5
524 -> 149, -4, 1.25, 5, -0.5
525 -> 149, -2, 0.25, 2, -0.5
525 -> 149, -2, 0.25, 4, -0.5
525 -> 149, -2, 0.25, 3, -0.5
526 -> 149, -5, 0.75, 1, -1
527 -> 149, -5, 0.25, 4, -0.5
527 -> 149, -5, 0.25, 5, -0.5
529 -> 149, -5, 0.25, 2, -0.5
529 -> 149, -5, 0.25, 3, -0.5
543 -> 149, -5, 0.25, 1, -1
544 -> 149, -5, 0.25, 5, -1
544 -> 149, -5, 0.25, 4, -1
544 -> 149, -5, 0.25, 2, -1
544 -> 149, -5, 0.25, 3, -1
547 -> 149, -5, 1.25, 1, -0.5
547 -> 149, -5, 0.75, 5, -1.5
547 -> 149, -5, 0.75, 3, -1.5
547 -> 149, -5, 0.75, 4, -1.5
547 -> 149, -5, 0.75, 2, -1.5
553 -> 149, -3, 1.25, 5, -0.5
554 -> 149, -5, 0.75, 4, -1
554 -> 149, -5, 0.75, 2, -1
554 -> 149, -5, 0.75, 3, -1
555 -> 149, -3, 1.25, 2, -0.5
555 -> 149, -3, 1.25, 1, -0.5
557 -> 149, -4, 0.25, 2, -0.5
560 -> 149, -5, 0.25, 1, -0.5
564 -> 149, -3, 0.25, 4, -0.5
569 -> 149, -3, 0.75, 4, -1.5
569 -> 149, -3, 0.75, 3, -1.5
569 -> 149, -3, 0.75, 5, -1.5
569 -> 149, -3, 0.75, 2, -1.5
572 -> 149, -3, 0.75, 5, -0.5
572 -> 149, -3, 0.75, 4, -0.5
573 -> 149, -4, 0.75, 3, -0.5
575 -> 149, -3, 1.25, 3, -1.5
575 -> 149, -3, 1.25, 2, -1.5
575 -> 149, -3, 1.25, 1, -1.5
575 -> 149, -3, 1.25, 4, -1.5
575 -> 149, -3, 1.25, 5, -1.5
584 -> 149, -2, 0.75, 4, -0.5
584 -> 149, -2, 0.75, 5, -0.5
584 -> 149, -2, 0.75, 3, -0.5
585 -> 149, -5, 0.75, 4, -0.5
590 -> 149, -4, 0.75, 5, -0.5
591 -> 149, -4, 1.75, 5, -0.5
593 -> 149, -4, 0.75, 4, -0.5
601 -> 149, -4, 0.25, 3, -0.5
603 -> 149, -5, 1.75, 5, -0.5
603 -> 149, -5, 1.75, 4, -0.5
603 -> 149, -4, 0.25, 1, -1
609 -> 149, -3, 1.25, 4, -0.5
609 -> 149, -3, 1.25, 3, -0.5
627 -> 149, -5, 1.25, 5, -0.5
627 -> 149, -5, 1.25, 2, -0.5
627 -> 149, -5, 1.25, 4, -0.5
627 -> 149, -5, 1.25, 3, -0.5
644 -> 149, -5, 0.75, 3, -0.5
644 -> 149, -5, 0.75, 2, -0.5
650 -> 149, -5, 1.25, 3, -1
650 -> 149, -5, 1.25, 5, -1
650 -> 149, -5, 1.25, 4, -1
650 -> 149, -5, 1.25, 2, -1
650 -> 149, -5, 1.25, 1, -1
668 -> 149, -5, 0.75, 5, -0.5
694 -> 149, -5, 0.75, 1, -0.5
700 -> 149, -5, 1.75, 1, -0.5
700 -> 149, -5, 1.75, 2, -0.5
