361 -> 399, -3, 1.75, 3, -2
363 -> 399, -2, 1.75, 5, -0.5
367 -> 399, -1, 1.25, 2, -1.5
367 -> 399, -1, 1.25, 3, -1.5
370 -> 399, -4, 1.75, 5, -1.5
371 -> 399, -3, 1.75, 3, -1
371 -> 399, -3, 1.75, 4, -1
372 -> 399, -3, 1.75, 4, -2
374 -> 399, -5, 1.25, 1, -1
375 -> 399, -4, 1.25, 3, -1
377 -> 399, -3, 1.75, 4, -0.5
378 -> 399, -2, 0.75, 1, -1
378 -> 399, -3, 1.75, 2, -2
381 -> 399, -2, 1.75, 4, -0.5
382 -> 399, -3, 0.75, 4, -2
385 -> 399, -2, 0.75, 4, -1
385 -> 399, -2, 0.75, 3, -1
386 -> 399, -2, 1.75, 5, -1
387 -> 399, -4, 1.25, 4, -1
388 -> 399, -2, 1.25, 4, -1
390 -> 399, -4, 1.75, 1, -1
391 -> 399, -3, 1.75, 1, -1
392 -> 399, -1, 1.75, 5, -0.5
392 -> 399, -1, 1.75, 4, -0.5
394 -> 399, -2, 0.75, 4, -1.5
395 -> 399, -2, 0.25, 1, -0.5
395 -> 399, -4, 1.25, 2, -0.5
396 -> 399, -4, 1.75, 3, -1.5
398 -> 399, -2, 1.25, 5, -1
398 -> 399, -3, 1.75, 3, -0.5
398 -> 399, -2, 1.75, 1, -1
398 -> 399, -2, 0.25, 2, -0.5
398 -> 399, -3, 0.75, 1, -0.5
398 -> 399, -3, 1.75, 2, -1
398 -> 399, -4, 1.75, 5, -2
402 -> 399, -3, 0.75, 2, -0.5
402 -> 399, -3, 1.25, 5, -1.5
403 -> 399, -4, 0.25, 5, -0.5
403 -> 399, -1, 1.75, 4, -1.5
403 -> 399, -3, 1.25, 3, -0.5
403 -> 399, -1, 1.75, 3, -1.5
404 -> 399, -3, 1.25, 2, -1
404 -> 399, -3, 0.75, 3, -1.5
404 -> 399, -1, 0.25, 1, -0.5
404 -> 399, -5, 1.25, 5, -1.5
405 -> 399, -2, 1.25, 2, -1.5
405 -> 399, -4, 1.75, 4, -1.5
406 -> 399, -1, 1.75, 4, -2
406 -> 399, -5, 1.25, 2, -1
406 -> 399, -2, 1.75, 2, -2
407 -> 399, -3, 1.75, 2, -1.5
407 -> 399, -5, 1.75, 2, -1
408 -> 399, -2, 1.25, 2, -2
408 -> 399, -1, 1.75, 4, -1
408 -> 399, -3, 0.75, 4, -0.5
408 -> 399, -4, 1.75, 5, -0.5
408 -> 399, -4, 1.25, 1, -1
408 -> 399, -4, 1.75, 5, -1
408 -> 399, -3, 0.75, 5, -0.5
409 -> 399, -3, 0.25, 2, -0.5
409 -> 399, -1, 1.75, 3, -1
410 -> 399, -3, 0.75, 2, -2
411 -> 399, -2, 0.75, 5, -1
411 -> 399, -3, 1.25, 5, -1
412 -> 399, -2, 1.25, 4, -2
412 -> 399, -2, 1.25, 3, -2
413 -> 399, -2, 1.25, 3, -0.5
413 -> 399, -3, 1.25, 3, -1.5
413 -> 399, -1, 0.25, 1, -1.5
413 -> 399, -4, 0.75, 5, -2
413 -> 399, -3, 1.75, 2, -0.5
413 -> 399, -2, 0.75, 1, -0.5
413 -> 399, -4, 1.25, 2, -1.5
413 -> 399, -1, 0.25, 2, -1.5
413 -> 399, -3, 1.25, 1, -1
413 -> 399, -3, 1.25, 2, -1.5
414 -> 399, -3, 1.75, 5, -1
414 -> 399, -4, 1.25, 3, -1.5
414 -> 399, -4, 1.25, 4, -1.5
415 -> 399, -3, 0.75, 1, -1
415 -> 399, -5, 1.75, 1, -1.5
416 -> 399, -2, 1.25, 3, -1
416 -> 399, -1, 0.75, 3, -2
416 -> 399, -1, 1.25, 5, -2
416 -> 399, -3, 0.75, 1, -2
417 -> 399, -5, 1.75, 1, -2
417 -> 399, -1, 0.25, 5, -0.5
417 -> 399, -3, 0.75, 3, -2
417 -> 399, -4, 0.75, 5, -0.5
417 -> 399, -1, 0.25, 4, -0.5
418 -> 399, -4, 1.75, 4, -1
418 -> 399, -1, 0.75, 3, -1
418 -> 399, -4, 1.75, 4, -0.5
418 -> 399, -4, 1.75, 3, -1
419 -> 399, -4, 1.25, 5, -1.5
419 -> 399, -2, 1.25, 1, -2
420 -> 399, -5, 1.75, 5, -0.5
420 -> 399, -3, 0.25, 1, -2
421 -> 399, -3, 0.75, 4, -1.5
421 -> 399, -3, 0.75, 5, -1.5
422 -> 399, -2, 1.25, 4, -1.5
422 -> 399, -4, 1.25, 1, -1.5
422 -> 399, -1, 1.75, 5, -1
422 -> 399, -2, 1.25, 5, -1.5
423 -> 399, -4, 0.25, 1, -1.5
423 -> 399, -3, 0.75, 5, -2
423 -> 399, -1, 1.75, 2, -1
423 -> 399, -1, 0.75, 1, -2
423 -> 399, -1, 0.75, 2, -2
424 -> 399, -5, 1.75, 5, -2
424 -> 399, -5, 1.25, 5, -0.5
424 -> 399, -5, 1.75, 2, -2
424 -> 399, -5, 1.75, 5, -1.5
424 -> 399, -5, 1.75, 3, -2
424 -> 399, -5, 1.75, 3, -1.5
424 -> 399, -5, 1.75, 4, -1.5
424 -> 399, -5, 1.75, 5, -1
424 -> 399, -5, 1.75, 4, -2
425 -> 399, -2, 1.75, 4, -1.5
425 -> 399, -2, 1.75, 2, -1
425 -> 399, -3, 0.25, 1, -0.5
425 -> 399, -1, 1.75, 5, -2
425 -> 399, -1, 0.75, 2, -1
426 -> 399, -1, 1.25, 2, -2
426 -> 399, -5, 0.25, 2, -0.5
426 -> 399, -2, 1.25, 2, -0.5
426 -> 399, -5, 1.25, 4, -0.5
427 -> 399, -2, 1.75, 1, -0.5
427 -> 399, -5, 1.75, 1, -1
428 -> 399, -1, 0.75, 4, -1.5
428 -> 399, -3, 1.75, 1, -1.5
429 -> 399, -1, 1.25, 5, -0.5
429 -> 399, -2, 1.75, 5, -1.5
429 -> 399, -1, 0.25, 2, -0.5
430 -> 399, -4, 1.75, 1, -0.5
430 -> 399, -4, 0.75, 2, -0.5
430 -> 399, -4, 0.75, 3, -0.5
430 -> 399, -4, 0.75, 4, -0.5
431 -> 399, -3, 1.75, 5, -1.5
431 -> 399, -1, 1.25, 4, -2
431 -> 399, -2, 1.25, 1, -0.5
432 -> 399, -2, 0.25, 3, -0.5
432 -> 399, -2, 0.25, 5, -0.5
432 -> 399, -1, 0.25, 3, -1
432 -> 399, -2, 1.75, 4, -2
432 -> 399, -2, 0.25, 4, -0.5
432 -> 399, -2, 1.75, 3, -2
433 -> 399, -5, 1.75, 3, -1
434 -> 399, -1, 1.75, 1, -2
434 -> 399, -4, 0.75, 1, -1
434 -> 399, -4, 0.75, 2, -1
434 -> 399, -2, 0.75, 2, -1
434 -> 399, -5, 1.75, 4, -1
435 -> 399, -4, 1.25, 5, -1
436 -> 399, -3, 1.25, 4, -1.5
436 -> 399, -3, 0.75, 2, -1
436 -> 399, -1, 1.75, 1, -1
436 -> 399, -3, 1.25, 5, -0.5
437 -> 399, -1, 1.25, 1, -0.5
437 -> 399, -3, 0.75, 1, -1.5
437 -> 399, -4, 1.25, 2, -2
437 -> 399, -4, 1.25, 1, -2
438 -> 399, -2, 0.75, 4, -2
438 -> 399, -2, 0.75, 5, -2
439 -> 399, -3, 0.75, 3, -0.5
439 -> 399, -2, 0.25, 5, -1
439 -> 399, -2, 0.25, 4, -1
439 -> 399, -5, 0.75, 4, -1.5
439 -> 399, -5, 0.75, 5, -1.5
440 -> 399, -1, 1.25, 3, -2
440 -> 399, -5, 0.25, 3, -1.5
440 -> 399, -2, 1.75, 4, -1
440 -> 399, -1, 0.75, 4, -2
440 -> 399, -1, 1.25, 3, -1
440 -> 399, -5, 1.25, 1, -1.5
440 -> 399, -2, 1.25, 3, -1.5
441 -> 399, -1, 0.75, 1, -1.5
441 -> 399, -4, 1.75, 1, -2
441 -> 399, -1, 1.25, 1, -1.5
442 -> 399, -5, 0.75, 2, -0.5
442 -> 399, -1, 0.75, 4, -1
442 -> 399, -3, 1.25, 4, -0.5
443 -> 399, -2, 1.25, 1, -1.5
444 -> 399, -5, 0.25, 1, -2
444 -> 399, -4, 1.75, 3, -0.5
444 -> 399, -2, 1.75, 5, -2
444 -> 399, -4, 0.75, 4, -1
444 -> 399, -5, 0.25, 2, -2
445 -> 399, -1, 0.75, 5, -1.5
445 -> 399, -1, 0.75, 2, -0.5
445 -> 399, -1, 1.25, 2, -1
445 -> 399, -4, 1.25, 4, -0.5
446 -> 399, -5, 1.25, 2, -0.5
446 -> 399, -1, 0.25, 2, -1
446 -> 399, -2, 0.75, 1, -2
446 -> 399, -4, 0.25, 5, -1.5
446 -> 399, -2, 0.75, 2, -0.5
446 -> 399, -2, 0.75, 2, -2
446 -> 399, -3, 1.25, 2, -0.5
447 -> 399, -5, 1.25, 3, -0.5
448 -> 399, -5, 1.25, 4, -1
448 -> 399, -4, 1.75, 2, -1.5
448 -> 399, -5, 1.25, 3, -1
449 -> 399, -2, 0.75, 3, -2
449 -> 399, -2, 1.75, 2, -0.5
449 -> 399, -1, 1.25, 4, -1.5
449 -> 399, -4, 0.25, 1, -0.5
449 -> 399, -1, 1.25, 5, -1.5
450 -> 399, -4, 0.75, 1, -2
450 -> 399, -3, 0.75, 3, -1
450 -> 399, -4, 0.75, 3, -2
450 -> 399, -4, 0.75, 4, -2
450 -> 399, -1, 0.75, 5, -0.5
450 -> 399, -4, 0.75, 2, -2
450 -> 399, -1, 1.75, 3, -0.5
451 -> 399, -4, 0.25, 5, -1
451 -> 399, -5, 0.75, 3, -1.5
451 -> 399, -2, 0.75, 5, -1.5
451 -> 399, -4, 0.25, 4, -1
452 -> 399, -5, 1.25, 2, -2
452 -> 399, -2, 0.75, 3, -1.5
452 -> 399, -2, 1.25, 2, -1
452 -> 399, -5, 1.25, 3, -2
452 -> 399, -1, 1.25, 2, -0.5
453 -> 399, -4, 0.75, 3, -1.5
453 -> 399, -4, 0.75, 1, -1.5
453 -> 399, -1, 1.25, 1, -2
453 -> 399, -4, 0.75, 2, -1.5
453 -> 399, -4, 0.75, 4, -1.5
453 -> 399, -5, 1.25, 4, -2
453 -> 399, -1, 0.75, 1, -1
453 -> 399, -3, 1.25, 1, -1.5
453 -> 399, -2, 1.25, 1, -1
453 -> 399, -3, 0.25, 5, -0.5
453 -> 399, -5, 1.25, 5, -2
453 -> 399, -1, 0.75, 3, -1.5
453 -> 399, -1, 1.25, 4, -1
453 -> 399, -4, 1.25, 1, -0.5
454 -> 399, -5, 0.25, 2, -1.5
454 -> 399, -3, 0.25, 1, -1.5
454 -> 399, -3, 0.25, 3, -1.5
454 -> 399, -5, 0.75, 2, -1.5
454 -> 399, -5, 1.25, 1, -2
454 -> 399, -5, 0.25, 1, -1.5
454 -> 399, -3, 0.25, 2, -1.5
454 -> 399, -1, 0.75, 1, -0.5
454 -> 399, -4, 1.75, 2, -1
454 -> 399, -2, 0.25, 5, -2
454 -> 399, -2, 0.25, 3, -1
455 -> 399, -5, 0.25, 4, -1
455 -> 399, -2, 0.75, 2, -1.5
455 -> 399, -1, 1.75, 2, -1.5
455 -> 399, -3, 1.25, 1, -0.5
456 -> 399, -4, 0.25, 3, -2
456 -> 399, -4, 0.25, 2, -0.5
456 -> 399, -4, 0.25, 2, -2
456 -> 399, -4, 0.25, 4, -0.5
456 -> 399, -4, 0.25, 3, -0.5
457 -> 399, -1, 1.75, 3, -2
457 -> 399, -1, 0.75, 2, -1.5
457 -> 399, -1, 1.75, 2, -2
457 -> 399, -3, 1.75, 5, -2
457 -> 399, -3, 0.75, 5, -1
458 -> 399, -4, 1.75, 2, -0.5
458 -> 399, -1, 0.75, 5, -2
459 -> 399, -2, 1.75, 3, -1
459 -> 399, -4, 0.25, 4, -2
459 -> 399, -5, 0.75, 3, -2
459 -> 399, -4, 1.25, 3, -2
459 -> 399, -4, 1.25, 4, -2
459 -> 399, -1, 1.75, 1, -1.5
459 -> 399, -5, 0.75, 4, -2
459 -> 399, -4, 1.25, 5, -2
459 -> 399, -4, 0.25, 5, -2
460 -> 399, -2, 0.25, 2, -1
460 -> 399, -2, 0.25, 1, -1
461 -> 399, -3, 1.75, 4, -1.5
461 -> 399, -3, 1.75, 5, -0.5
461 -> 399, -4, 1.75, 1, -1.5
461 -> 399, -3, 0.75, 2, -1.5
461 -> 399, -3, 1.75, 3, -1.5
462 -> 399, -1, 0.75, 4, -0.5
463 -> 399, -2, 1.25, 4, -0.5
463 -> 399, -2, 1.25, 5, -0.5
464 -> 399, -5, 0.75, 5, -1
465 -> 399, -2, 1.75, 1, -1.5
466 -> 399, -5, 1.25, 3, -1.5
466 -> 399, -1, 1.75, 5, -1.5
466 -> 399, -5, 0.75, 2, -2
466 -> 399, -1, 1.25, 4, -0.5
466 -> 399, -5, 0.75, 1, -2
466 -> 399, -1, 0.25, 4, -1
466 -> 399, -1, 0.25, 1, -2
466 -> 399, -5, 1.25, 4, -1.5
466 -> 399, -1, 1.25, 3, -0.5
467 -> 399, -1, 0.25, 5, -1
467 -> 399, -5, 1.75, 4, -0.5
468 -> 399, -5, 0.25, 5, -0.5
468 -> 399, -2, 1.75, 3, -0.5
468 -> 399, -2, 1.75, 3, -1.5
469 -> 399, -3, 1.25, 4, -1
469 -> 399, -1, 0.75, 3, -0.5
469 -> 399, -2, 0.75, 5, -0.5
469 -> 399, -2, 0.75, 4, -0.5
470 -> 399, -1, 1.25, 1, -1
470 -> 399, -1, 1.75, 1, -0.5
470 -> 399, -2, 0.75, 3, -0.5
470 -> 399, -3, 0.75, 4, -1
471 -> 399, -5, 0.25, 4, -0.5
471 -> 399, -5, 0.25, 3, -0.5
471 -> 399, -2, 0.25, 1, -1.5
471 -> 399, -2, 0.25, 2, -1.5
471 -> 399, -2, 0.25, 3, -1.5
471 -> 399, -2, 0.25, 4, -1.5
471 -> 399, -2, 0.25, 5, -1.5
472 -> 399, -4, 0.75, 5, -1.5
472 -> 399, -1, 0.75, 5, -1
472 -> 399, -3, 0.25, 4, -2
473 -> 399, -5, 1.25, 1, -0.5
474 -> 399, -1, 0.25, 3, -0.5
474 -> 399, -4, 0.75, 5, -1
476 -> 399, -2, 1.25, 5, -2
476 -> 399, -5, 0.25, 5, -2
476 -> 399, -5, 0.25, 4, -2
476 -> 399, -5, 0.25, 3, -1
476 -> 399, -5, 0.25, 2, -1
476 -> 399, -5, 0.25, 1, -1
477 -> 399, -2, 1.75, 2, -1.5
478 -> 399, -4, 1.75, 2, -2
478 -> 399, -4, 1.75, 3, -2
478 -> 399, -4, 1.75, 4, -2
479 -> 399, -3, 1.75, 1, -0.5
479 -> 399, -4, 1.25, 3, -0.5
479 -> 399, -5, 0.75, 3, -1
479 -> 399, -3, 0.25, 4, -1
479 -> 399, -3, 0.25, 2, -1
479 -> 399, -3, 0.25, 3, -1
480 -> 399, -2, 1.75, 1, -2
480 -> 399, -4, 0.25, 3, -1
480 -> 399, -1, 0.25, 3, -2
480 -> 399, -1, 0.25, 5, -2
480 -> 399, -1, 0.25, 4, -2
481 -> 399, -2, 0.75, 1, -1.5
481 -> 399, -1, 1.25, 5, -1
481 -> 399, -3, 0.25, 5, -2
481 -> 399, -1, 0.25, 2, -2
481 -> 399, -1, 1.75, 2, -0.5
481 -> 399, -3, 0.25, 4, -1.5
481 -> 399, -3, 0.25, 5, -1.5
482 -> 399, -5, 0.25, 3, -2
482 -> 399, -4, 0.75, 1, -0.5
482 -> 399, -3, 0.25, 2, -2
482 -> 399, -3, 1.75, 1, -2
483 -> 399, -4, 0.25, 4, -1.5
483 -> 399, -5, 1.25, 2, -1.5
483 -> 399, -4, 0.25, 3, -1.5
483 -> 399, -4, 0.25, 2, -1.5
484 -> 399, -2, 0.25, 1, -2
486 -> 399, -4, 1.25, 5, -0.5
487 -> 399, -4, 0.75, 3, -1
487 -> 399, -1, 0.25, 1, -1
489 -> 399, -3, 1.25, 4, -2
489 -> 399, -3, 1.25, 3, -2
489 -> 399, -3, 1.25, 2, -2
489 -> 399, -3, 1.25, 1, -2
490 -> 399, -5, 0.25, 5, -1
491 -> 399, -5, 0.25, 4, -1.5
491 -> 399, -5, 0.25, 5, -1.5
492 -> 399, -4, 0.25, 1, -1
492 -> 399, -4, 0.25, 2, -1
492 -> 399, -2, 0.25, 3, -2
492 -> 399, -2, 0.25, 4, -2
492 -> 399, -2, 0.25, 2, -2
493 -> 399, -4, 0.25, 1, -2
493 -> 399, -3, 1.25, 3, -1
495 -> 399, -3, 1.25, 5, -2
495 -> 399, -3, 0.25, 5, -1
495 -> 399, -4, 1.25, 2, -1
503 -> 399, -5, 0.25, 1, -0.5
505 -> 399, -3, 0.25, 3, -2
508 -> 399, -5, 0.75, 5, -2
509 -> 399, -1, 0.25, 4, -1.5
509 -> 399, -1, 0.25, 5, -1.5
509 -> 399, -5, 1.75, 2, -1.5
509 -> 399, -1, 0.25, 3, -1.5
526 -> 399, -3, 0.25, 3, -0.5
526 -> 399, -3, 0.25, 4, -0.5
538 -> 399, -5, 0.75, 4, -1
540 -> 399, -5, 1.25, 5, -1
552 -> 399, -5, 0.75, 2, -1
552 -> 399, -5, 0.75, 1, -1
555 -> 399, -5, 0.75, 1, -1.5
587 -> 399, -3, 0.25, 1, -1
588 -> 399, -5, 1.75, 2, -0.5
588 -> 399, -5, 1.75, 1, -0.5
588 -> 399, -5, 1.75, 3, -0.5
671 -> 399, -5, 0.75, 4, -0.5
671 -> 399, -5, 0.75, 5, -0.5
671 -> 399, -5, 0.75, 3, -0.5
744 -> 399, -5, 0.75, 1, -0.5
