345 -> 285, -4, 1.75, 2, -0.5
346 -> 285, -2, 1.25, 2, -2
351 -> 285, -2, 1.75, 2, -0.5
353 -> 285, -2, 1.25, 3, -2
355 -> 285, -3, 1.25, 2, -0.5
355 -> 285, -3, 1.25, 1, -1
356 -> 285, -2, 0.75, 1, -0.5
358 -> 285, -3, 1.75, 4, -1
358 -> 285, -3, 1.75, 5, -1
364 -> 285, -2, 1.75, 3, -0.5
365 -> 285, -5, 1.75, 2, -1.5
366 -> 285, -1, 1.25, 1, -0.5
369 -> 285, -3, 1.75, 3, -1
370 -> 285, -3, 1.25, 1, -0.5
373 -> 285, -4, 1.75, 4, -1.5
373 -> 285, -4, 1.75, 5, -1.5
378 -> 285, -2, 1.75, 4, -2
378 -> 285, -2, 1.75, 5, -2
382 -> 285, -1, 1.25, 3, -1.5
382 -> 285, -1, 1.25, 1, -1
383 -> 285, -2, 1.75, 5, -1.5
383 -> 285, -4, 1.25, 1, -1
383 -> 285, -1, 1.25, 3, -0.5
385 -> 285, -1, 1.25, 4, -1
388 -> 285, -3, 1.25, 3, -0.5
391 -> 285, -5, 1.75, 2, -1
391 -> 285, -1, 0.75, 3, -1.5
394 -> 285, -4, 1.75, 3, -1.5
395 -> 285, -1, 0.75, 5, -2
395 -> 285, -4, 1.25, 4, -1
395 -> 285, -1, 0.75, 4, -2
395 -> 285, -1, 0.75, 2, -2
395 -> 285, -1, 1.25, 4, -2
395 -> 285, -1, 0.75, 3, -2
396 -> 285, -1, 0.75, 2, -1.5
396 -> 285, -1, 0.75, 1, -1.5
396 -> 285, -5, 1.25, 1, -0.5
397 -> 285, -1, 1.25, 3, -1
397 -> 285, -2, 1.25, 4, -2
397 -> 285, -2, 1.25, 5, -1.5
397 -> 285, -4, 1.75, 2, -2
397 -> 285, -2, 1.25, 5, -2
398 -> 285, -4, 1.75, 5, -2
398 -> 285, -4, 0.25, 3, -1
398 -> 285, -4, 0.25, 2, -1
399 -> 285, -1, 1.25, 2, -1.5
400 -> 285, -2, 1.75, 2, -1
400 -> 285, -4, 1.75, 4, -1
400 -> 285, -4, 1.75, 5, -1
401 -> 285, -2, 0.75, 4, -2
401 -> 285, -2, 0.75, 2, -2
401 -> 285, -2, 0.75, 3, -2
403 -> 285, -3, 0.75, 2, -0.5
403 -> 285, -3, 0.75, 3, -0.5
403 -> 285, -3, 0.75, 4, -0.5
406 -> 285, -1, 1.75, 4, -1
406 -> 285, -4, 1.25, 5, -0.5
406 -> 285, -2, 1.75, 1, -1.5
406 -> 285, -5, 1.75, 1, -1.5
407 -> 285, -2, 0.75, 3, -1
407 -> 285, -5, 1.25, 5, -2
408 -> 285, -1, 0.75, 4, -1
408 -> 285, -3, 1.75, 4, -0.5
408 -> 285, -1, 0.75, 5, -1
409 -> 285, -2, 1.75, 4, -0.5
409 -> 285, -1, 0.75, 3, -1
409 -> 285, -4, 1.75, 1, -2
411 -> 285, -3, 1.75, 2, -1
411 -> 285, -3, 1.75, 1, -1
411 -> 285, -3, 0.75, 5, -0.5
411 -> 285, -1, 0.75, 4, -1.5
411 -> 285, -1, 0.75, 5, -1.5
411 -> 285, -1, 1.25, 3, -2
411 -> 285, -4, 1.75, 1, -0.5
412 -> 285, -5, 1.75, 5, -1
412 -> 285, -3, 1.25, 5, -0.5
414 -> 285, -5, 0.25, 4, -1
414 -> 285, -5, 0.25, 5, -1
415 -> 285, -2, 1.75, 4, -1
415 -> 285, -1, 0.75, 2, -1
415 -> 285, -1, 1.25, 1, -1.5
415 -> 285, -4, 0.25, 5, -1
416 -> 285, -2, 0.75, 4, -0.5
417 -> 285, -1, 1.25, 1, -2
417 -> 285, -2, 1.75, 3, -2
417 -> 285, -2, 1.75, 2, -2
418 -> 285, -1, 1.25, 2, -1
419 -> 285, -1, 1.25, 5, -0.5
419 -> 285, -2, 1.25, 1, -2
420 -> 285, -5, 1.75, 3, -1
420 -> 285, -4, 0.25, 1, -1
421 -> 285, -3, 1.75, 2, -1.5
421 -> 285, -3, 0.25, 1, -0.5
422 -> 285, -2, 1.25, 2, -1.5
422 -> 285, -1, 1.75, 1, -2
423 -> 285, -1, 0.75, 1, -0.5
423 -> 285, -5, 0.25, 5, -1.5
424 -> 285, -2, 0.75, 3, -0.5
424 -> 285, -2, 1.75, 1, -2
424 -> 285, -2, 1.75, 1, -1
425 -> 285, -2, 1.75, 3, -1.5
425 -> 285, -2, 1.75, 5, -0.5
425 -> 285, -2, 0.75, 5, -1
425 -> 285, -1, 0.75, 1, -2
425 -> 285, -2, 1.75, 4, -1.5
425 -> 285, -1, 0.75, 3, -0.5
425 -> 285, -1, 0.75, 4, -0.5
425 -> 285, -1, 0.75, 5, -0.5
425 -> 285, -2, 1.75, 2, -1.5
425 -> 285, -1, 1.25, 2, -2
426 -> 285, -2, 0.75, 1, -2
426 -> 285, -1, 1.25, 5, -1
426 -> 285, -1, 0.25, 4, -0.5
427 -> 285, -3, 1.75, 3, -0.5
427 -> 285, -2, 1.25, 1, -1.5
427 -> 285, -3, 1.75, 2, -0.5
427 -> 285, -1, 0.75, 2, -0.5
429 -> 285, -3, 0.25, 2, -0.5
429 -> 285, -3, 0.25, 3, -0.5
429 -> 285, -3, 0.25, 2, -1.5
429 -> 285, -3, 0.25, 1, -1.5
431 -> 285, -1, 1.75, 5, -1
432 -> 285, -5, 0.25, 5, -0.5
432 -> 285, -4, 0.25, 5, -2
432 -> 285, -4, 0.25, 4, -2
432 -> 285, -4, 0.25, 3, -2
434 -> 285, -5, 0.25, 3, -1.5
434 -> 285, -5, 1.75, 4, -0.5
434 -> 285, -5, 0.25, 4, -1.5
434 -> 285, -5, 0.75, 1, -2
434 -> 285, -5, 0.75, 2, -2
434 -> 285, -4, 1.25, 3, -1
434 -> 285, -4, 1.25, 5, -1.5
435 -> 285, -2, 0.25, 5, -1
435 -> 285, -4, 1.25, 2, -0.5
435 -> 285, -1, 1.75, 3, -1
436 -> 285, -3, 1.75, 5, -2
436 -> 285, -3, 1.75, 3, -2
436 -> 285, -2, 0.75, 5, -1.5
436 -> 285, -3, 1.75, 4, -2
437 -> 285, -4, 1.25, 4, -1.5
438 -> 285, -4, 0.25, 1, -2
438 -> 285, -4, 0.75, 5, -2
438 -> 285, -4, 0.75, 4, -2
438 -> 285, -4, 0.25, 2, -2
439 -> 285, -1, 0.25, 5, -0.5
439 -> 285, -3, 0.25, 1, -1
440 -> 285, -5, 0.25, 3, -0.5
440 -> 285, -1, 1.75, 1, -0.5
440 -> 285, -1, 1.25, 5, -2
440 -> 285, -1, 0.25, 2, -0.5
441 -> 285, -2, 1.75, 3, -1
441 -> 285, -5, 1.75, 1, -2
441 -> 285, -5, 1.25, 2, -2
441 -> 285, -2, 1.25, 5, -1
441 -> 285, -5, 1.25, 1, -2
441 -> 285, -5, 1.25, 3, -2
442 -> 285, -2, 1.25, 4, -1
442 -> 285, -2, 1.25, 3, -1
442 -> 285, -2, 1.25, 3, -1.5
442 -> 285, -5, 1.25, 3, -1.5
442 -> 285, -2, 0.75, 1, -1.5
442 -> 285, -2, 1.25, 4, -1.5
442 -> 285, -2, 0.75, 2, -1.5
442 -> 285, -5, 1.25, 2, -1.5
443 -> 285, -5, 1.75, 4, -1.5
443 -> 285, -3, 1.25, 4, -0.5
444 -> 285, -1, 0.75, 1, -1
444 -> 285, -2, 0.75, 5, -0.5
444 -> 285, -1, 1.25, 4, -0.5
445 -> 285, -3, 0.25, 5, -1.5
445 -> 285, -3, 0.25, 4, -1.5
445 -> 285, -2, 0.75, 1, -1
445 -> 285, -1, 1.75, 5, -2
445 -> 285, -3, 0.25, 3, -1.5
445 -> 285, -1, 1.75, 4, -2
445 -> 285, -1, 1.75, 3, -2
446 -> 285, -1, 1.75, 2, -0.5
446 -> 285, -2, 1.75, 5, -1
446 -> 285, -1, 1.75, 5, -0.5
446 -> 285, -3, 0.25, 4, -1
446 -> 285, -1, 1.75, 4, -0.5
446 -> 285, -1, 1.75, 3, -0.5
446 -> 285, -3, 0.25, 5, -1
447 -> 285, -2, 1.75, 1, -0.5
447 -> 285, -4, 0.75, 1, -1
447 -> 285, -4, 1.25, 4, -0.5
447 -> 285, -4, 0.75, 2, -1
448 -> 285, -3, 0.25, 3, -2
448 -> 285, -3, 0.25, 2, -2
448 -> 285, -3, 0.25, 1, -2
449 -> 285, -3, 1.75, 5, -0.5
450 -> 285, -3, 1.25, 4, -1
450 -> 285, -3, 1.25, 3, -1
450 -> 285, -3, 1.25, 2, -1
450 -> 285, -3, 1.25, 5, -1
451 -> 285, -3, 1.25, 4, -2
451 -> 285, -3, 1.25, 5, -2
451 -> 285, -2, 0.25, 4, -1.5
452 -> 285, -2, 0.25, 1, -1
452 -> 285, -2, 0.25, 2, -1
452 -> 285, -2, 0.25, 3, -1
452 -> 285, -3, 0.25, 5, -2
453 -> 285, -5, 0.25, 3, -1
453 -> 285, -5, 0.25, 2, -1
453 -> 285, -1, 0.25, 1, -1.5
453 -> 285, -2, 0.25, 3, -1.5
453 -> 285, -1, 0.25, 4, -1
455 -> 285, -3, 0.75, 1, -0.5
455 -> 285, -5, 1.25, 4, -2
456 -> 285, -3, 1.75, 3, -1.5
456 -> 285, -5, 1.25, 1, -1.5
456 -> 285, -3, 1.75, 4, -1.5
456 -> 285, -1, 1.25, 2, -0.5
456 -> 285, -3, 1.75, 5, -1.5
457 -> 285, -5, 1.75, 5, -2
457 -> 285, -5, 1.75, 4, -2
457 -> 285, -2, 0.75, 3, -1.5
457 -> 285, -5, 1.75, 3, -2
457 -> 285, -5, 1.75, 2, -2
459 -> 285, -4, 1.75, 2, -1.5
459 -> 285, -4, 1.75, 1, -1.5
460 -> 285, -4, 0.75, 3, -2
460 -> 285, -2, 0.25, 5, -1.5
461 -> 285, -2, 0.25, 3, -0.5
461 -> 285, -2, 0.25, 4, -1
461 -> 285, -2, 0.25, 4, -0.5
461 -> 285, -1, 0.25, 3, -1
461 -> 285, -1, 0.25, 1, -2
461 -> 285, -4, 1.75, 4, -2
461 -> 285, -2, 0.25, 2, -0.5
461 -> 285, -4, 1.75, 3, -2
462 -> 285, -3, 1.75, 2, -2
462 -> 285, -3, 1.75, 1, -2
463 -> 285, -5, 0.75, 1, -1
463 -> 285, -4, 0.25, 4, -1.5
463 -> 285, -1, 1.75, 2, -2
463 -> 285, -4, 0.25, 3, -1.5
464 -> 285, -2, 1.25, 5, -0.5
464 -> 285, -4, 0.75, 4, -1
464 -> 285, -4, 1.25, 3, -1.5
465 -> 285, -1, 1.25, 5, -1.5
465 -> 285, -2, 0.75, 5, -2
465 -> 285, -4, 0.25, 4, -1
465 -> 285, -1, 1.25, 4, -1.5
466 -> 285, -3, 1.25, 2, -2
466 -> 285, -3, 1.25, 3, -2
466 -> 285, -3, 1.25, 1, -2
467 -> 285, -3, 0.25, 2, -1
467 -> 285, -2, 0.25, 1, -0.5
467 -> 285, -4, 1.25, 5, -1
467 -> 285, -5, 1.75, 3, -0.5
467 -> 285, -2, 1.25, 4, -0.5
467 -> 285, -2, 1.25, 3, -0.5
468 -> 285, -5, 0.25, 2, -1.5
468 -> 285, -2, 0.75, 4, -1.5
468 -> 285, -3, 1.75, 1, -1.5
469 -> 285, -5, 0.75, 5, -2
469 -> 285, -4, 1.25, 2, -1.5
469 -> 285, -5, 0.25, 1, -1.5
470 -> 285, -2, 0.25, 3, -2
470 -> 285, -4, 1.25, 5, -2
470 -> 285, -1, 0.25, 4, -1.5
470 -> 285, -5, 0.75, 1, -1.5
470 -> 285, -4, 1.25, 3, -2
470 -> 285, -2, 0.25, 4, -2
470 -> 285, -4, 1.25, 4, -2
471 -> 285, -2, 0.75, 4, -1
471 -> 285, -4, 0.75, 1, -2
471 -> 285, -4, 0.75, 2, -2
472 -> 285, -1, 1.75, 1, -1
472 -> 285, -1, 1.75, 2, -1
473 -> 285, -3, 0.25, 3, -1
473 -> 285, -2, 0.25, 5, -0.5
474 -> 285, -2, 1.25, 1, -1
474 -> 285, -5, 0.25, 4, -2
474 -> 285, -2, 1.25, 2, -1
474 -> 285, -5, 0.25, 5, -2
474 -> 285, -1, 1.75, 3, -1.5
474 -> 285, -1, 1.75, 2, -1.5
475 -> 285, -1, 0.25, 5, -2
475 -> 285, -1, 0.25, 4, -2
475 -> 285, -5, 0.25, 1, -1
475 -> 285, -5, 0.75, 4, -2
475 -> 285, -2, 1.25, 2, -0.5
476 -> 285, -1, 1.75, 4, -1.5
476 -> 285, -4, 0.25, 5, -1.5
476 -> 285, -1, 1.75, 5, -1.5
477 -> 285, -2, 0.25, 2, -2
478 -> 285, -2, 0.25, 1, -2
478 -> 285, -2, 0.25, 2, -1.5
478 -> 285, -5, 0.75, 2, -1.5
478 -> 285, -5, 0.75, 3, -1.5
478 -> 285, -5, 0.75, 4, -1.5
478 -> 285, -5, 0.75, 5, -1.5
479 -> 285, -4, 1.25, 1, -0.5
479 -> 285, -1, 0.25, 1, -1
479 -> 285, -1, 0.25, 2, -1
479 -> 285, -4, 1.25, 2, -1
479 -> 285, -2, 1.25, 1, -0.5
479 -> 285, -4, 0.25, 2, -1.5
479 -> 285, -5, 1.75, 2, -0.5
479 -> 285, -4, 0.25, 1, -1.5
480 -> 285, -5, 1.25, 4, -1.5
480 -> 285, -1, 1.75, 1, -1.5
480 -> 285, -4, 1.25, 1, -1.5
480 -> 285, -5, 1.25, 5, -1.5
481 -> 285, -3, 0.75, 1, -1.5
481 -> 285, -3, 0.75, 2, -1.5
482 -> 285, -3, 0.75, 5, -1.5
482 -> 285, -1, 0.25, 5, -1
482 -> 285, -3, 0.75, 1, -2
482 -> 285, -2, 0.75, 2, -0.5
483 -> 285, -3, 1.25, 3, -1.5
483 -> 285, -3, 1.25, 2, -1.5
483 -> 285, -3, 1.25, 1, -1.5
483 -> 285, -3, 1.25, 4, -1.5
484 -> 285, -4, 1.25, 1, -2
484 -> 285, -5, 1.25, 2, -1
484 -> 285, -5, 1.25, 3, -1
484 -> 285, -4, 1.25, 2, -2
485 -> 285, -1, 0.25, 5, -1.5
486 -> 285, -1, 0.25, 2, -1.5
486 -> 285, -1, 0.25, 3, -1.5
487 -> 285, -3, 1.25, 5, -1.5
488 -> 285, -1, 0.25, 1, -0.5
488 -> 285, -3, 0.75, 3, -1.5
488 -> 285, -3, 0.75, 4, -1.5
490 -> 285, -2, 0.75, 2, -1
491 -> 285, -5, 0.25, 1, -2
491 -> 285, -5, 0.25, 2, -2
491 -> 285, -5, 0.25, 3, -2
491 -> 285, -5, 0.75, 3, -2
492 -> 285, -5, 1.75, 4, -1
493 -> 285, -3, 0.75, 5, -2
494 -> 285, -3, 0.75, 3, -2
494 -> 285, -3, 0.75, 2, -2
494 -> 285, -3, 0.75, 4, -2
496 -> 285, -1, 0.25, 3, -0.5
497 -> 285, -1, 0.25, 2, -2
497 -> 285, -1, 0.25, 3, -2
498 -> 285, -4, 1.75, 4, -0.5
498 -> 285, -4, 1.75, 3, -0.5
501 -> 285, -5, 1.75, 3, -1.5
508 -> 285, -5, 1.75, 5, -1.5
510 -> 285, -4, 0.75, 1, -1.5
510 -> 285, -4, 0.75, 2, -1.5
510 -> 285, -4, 0.75, 5, -1.5
510 -> 285, -4, 0.75, 4, -1.5
510 -> 285, -4, 0.75, 3, -1.5
515 -> 285, -4, 0.75, 3, -1
515 -> 285, -5, 1.25, 4, -1
515 -> 285, -5, 1.25, 5, -1
522 -> 285, -3, 0.75, 2, -1
522 -> 285, -3, 0.75, 5, -1
522 -> 285, -3, 0.75, 4, -1
522 -> 285, -3, 0.75, 3, -1
522 -> 285, -3, 0.75, 1, -1
526 -> 285, -5, 0.25, 1, -0.5
526 -> 285, -5, 0.25, 2, -0.5
529 -> 285, -5, 0.75, 4, -1
529 -> 285, -5, 0.75, 3, -1
529 -> 285, -5, 0.75, 2, -1
532 -> 285, -4, 1.25, 3, -0.5
534 -> 285, -4, 0.75, 5, -1
535 -> 285, -3, 0.25, 4, -2
537 -> 285, -3, 0.25, 5, -0.5
537 -> 285, -3, 0.25, 4, -0.5
538 -> 285, -2, 0.25, 5, -2
541 -> 285, -5, 0.25, 4, -0.5
541 -> 285, -5, 1.75, 1, -0.5
545 -> 285, -2, 0.25, 1, -1.5
546 -> 285, -4, 0.25, 5, -0.5
546 -> 285, -4, 0.25, 4, -0.5
547 -> 285, -5, 1.75, 5, -0.5
550 -> 285, -3, 1.75, 1, -0.5
552 -> 285, -4, 1.75, 2, -1
552 -> 285, -4, 1.75, 1, -1
552 -> 285, -4, 1.75, 3, -1
562 -> 285, -4, 0.25, 1, -0.5
562 -> 285, -4, 0.25, 2, -0.5
562 -> 285, -4, 0.25, 3, -0.5
568 -> 285, -4, 1.75, 5, -0.5
598 -> 285, -5, 0.75, 5, -1
609 -> 285, -5, 1.25, 1, -1
673 -> 285, -5, 1.25, 4, -0.5
673 -> 285, -5, 1.25, 5, -0.5
673 -> 285, -5, 1.25, 2, -0.5
673 -> 285, -5, 1.25, 3, -0.5
685 -> 285, -5, 1.75, 1, -1
727 -> 285, -5, 0.75, 4, -0.5
727 -> 285, -5, 0.75, 3, -0.5
727 -> 285, -5, 0.75, 2, -0.5
727 -> 285, -5, 0.75, 1, -0.5
727 -> 285, -5, 0.75, 5, -0.5
970 -> 285, -4, 0.75, 1, -0.5
970 -> 285, -4, 0.75, 3, -0.5
970 -> 285, -4, 0.75, 4, -0.5
970 -> 285, -4, 0.75, 5, -0.5
970 -> 285, -4, 0.75, 2, -0.5
