352 -> 386, -3, 1.25, 4, -0.5
355 -> 386, -3, 1.25, 5, -0.5
356 -> 386, -2, 1.75, 2, -0.5
362 -> 386, -2, 1.25, 3, -0.5
365 -> 386, -4, 0.75, 1, -0.5
366 -> 386, -4, 1.75, 2, -1
368 -> 386, -4, 1.25, 1, -1
371 -> 386, -5, 0.25, 1, -0.5
372 -> 386, -2, 1.25, 5, -0.5
372 -> 386, -2, 1.25, 4, -0.5
376 -> 386, -1, 1.75, 1, -1
377 -> 386, -1, 1.75, 5, -1
377 -> 386, -2, 1.75, 3, -1.5
377 -> 386, -4, 1.75, 1, -1
377 -> 386, -2, 1.75, 2, -1.5
378 -> 386, -3, 1.75, 3, -1
379 -> 386, -3, 1.75, 2, -1
383 -> 386, -1, 1.75, 3, -1.5
384 -> 386, -3, 0.75, 2, -0.5
386 -> 386, -5, 1.75, 5, -1
387 -> 386, -1, 1.75, 2, -1
387 -> 386, -1, 1.25, 4, -0.5
389 -> 386, -2, 1.75, 4, -0.5
391 -> 386, -3, 1.75, 3, -0.5
392 -> 386, -3, 1.25, 3, -0.5
393 -> 386, -3, 1.75, 1, -1
394 -> 386, -3, 0.75, 4, -0.5
396 -> 386, -2, 1.75, 1, -1.5
400 -> 386, -2, 0.75, 4, -0.5
400 -> 386, -3, 1.75, 1, -0.5
401 -> 386, -2, 1.75, 3, -1
403 -> 386, -3, 1.75, 5, -1.5
404 -> 386, -2, 0.75, 5, -2
405 -> 386, -4, 0.75, 3, -0.5
408 -> 386, -3, 0.75, 4, -1
408 -> 386, -3, 0.75, 5, -1
410 -> 386, -1, 1.75, 1, -0.5
411 -> 386, -3, 1.75, 2, -0.5
411 -> 386, -1, 0.75, 1, -1
411 -> 386, -1, 1.25, 1, -2
412 -> 386, -1, 1.75, 3, -2
412 -> 386, -4, 1.75, 3, -1
413 -> 386, -1, 1.25, 3, -0.5
413 -> 386, -5, 1.75, 3, -1
413 -> 386, -3, 0.75, 3, -0.5
413 -> 386, -2, 0.75, 5, -0.5
414 -> 386, -2, 0.75, 3, -0.5
414 -> 386, -5, 0.25, 2, -0.5
415 -> 386, -1, 1.75, 2, -1.5
415 -> 386, -1, 1.75, 1, -2
416 -> 386, -2, 0.75, 1, -0.5
416 -> 386, -1, 1.75, 2, -0.5
416 -> 386, -1, 1.75, 1, -1.5
416 -> 386, -1, 0.75, 2, -1.5
416 -> 386, -4, 1.75, 4, -1
417 -> 386, -2, 1.75, 1, -1
417 -> 386, -5, 1.25, 2, -1
418 -> 386, -3, 1.25, 1, -0.5
419 -> 386, -5, 0.75, 1, -0.5
420 -> 386, -4, 1.75, 1, -1.5
420 -> 386, -5, 1.75, 4, -1.5
420 -> 386, -5, 1.75, 5, -1.5
423 -> 386, -4, 1.25, 3, -1
424 -> 386, -1, 0.25, 5, -1.5
424 -> 386, -1, 0.75, 4, -0.5
425 -> 386, -2, 1.75, 1, -2
425 -> 386, -5, 1.25, 1, -1
425 -> 386, -2, 1.75, 3, -2
425 -> 386, -2, 1.75, 2, -2
426 -> 386, -5, 1.75, 2, -0.5
428 -> 386, -5, 1.75, 5, -2
429 -> 386, -3, 1.75, 5, -0.5
429 -> 386, -2, 1.75, 2, -1
430 -> 386, -5, 1.25, 4, -1.5
430 -> 386, -5, 0.75, 2, -0.5
430 -> 386, -1, 1.75, 5, -1.5
430 -> 386, -2, 0.25, 2, -1
430 -> 386, -3, 1.25, 3, -1.5
431 -> 386, -1, 1.75, 3, -0.5
431 -> 386, -1, 1.75, 4, -0.5
431 -> 386, -3, 1.75, 5, -1
432 -> 386, -2, 0.75, 2, -0.5
432 -> 386, -2, 0.25, 1, -1
432 -> 386, -3, 1.25, 5, -1
432 -> 386, -2, 0.75, 1, -1
432 -> 386, -1, 1.25, 1, -0.5
433 -> 386, -2, 1.25, 5, -1
433 -> 386, -2, 1.25, 4, -1
434 -> 386, -5, 1.75, 3, -0.5
434 -> 386, -5, 0.25, 5, -0.5
434 -> 386, -2, 1.75, 3, -0.5
434 -> 386, -4, 1.25, 4, -1
435 -> 386, -4, 1.25, 3, -1.5
435 -> 386, -2, 1.25, 2, -1
435 -> 386, -3, 0.75, 3, -1
435 -> 386, -4, 1.25, 4, -1.5
435 -> 386, -2, 0.75, 1, -2
436 -> 386, -1, 1.25, 1, -1.5
436 -> 386, -2, 1.25, 5, -2
436 -> 386, -3, 1.75, 4, -1
437 -> 386, -1, 0.75, 1, -1.5
437 -> 386, -3, 1.25, 1, -2
437 -> 386, -3, 0.25, 4, -2
438 -> 386, -2, 1.25, 3, -1
438 -> 386, -4, 1.25, 1, -1.5
438 -> 386, -1, 0.25, 4, -0.5
438 -> 386, -5, 0.25, 3, -0.5
438 -> 386, -4, 1.25, 2, -1.5
439 -> 386, -1, 0.25, 5, -0.5
439 -> 386, -1, 0.75, 1, -0.5
439 -> 386, -3, 0.25, 3, -2
439 -> 386, -3, 0.25, 1, -2
439 -> 386, -3, 0.25, 2, -2
440 -> 386, -1, 0.75, 3, -1.5
440 -> 386, -1, 0.75, 4, -1.5
440 -> 386, -1, 0.75, 5, -1.5
441 -> 386, -1, 1.25, 2, -1.5
441 -> 386, -1, 1.25, 3, -1
443 -> 386, -1, 1.75, 2, -2
443 -> 386, -5, 1.25, 5, -0.5
443 -> 386, -2, 1.75, 5, -1
443 -> 386, -4, 0.25, 2, -1.5
443 -> 386, -1, 1.25, 5, -2
443 -> 386, -4, 0.25, 1, -1.5
443 -> 386, -1, 1.25, 4, -2
443 -> 386, -5, 1.25, 1, -1.5
444 -> 386, -2, 1.75, 4, -1
444 -> 386, -3, 1.75, 5, -2
444 -> 386, -2, 0.75, 4, -2
446 -> 386, -4, 1.25, 1, -0.5
446 -> 386, -3, 0.75, 3, -1.5
446 -> 386, -3, 0.25, 4, -0.5
446 -> 386, -4, 1.25, 2, -0.5
446 -> 386, -4, 1.25, 3, -0.5
446 -> 386, -1, 0.25, 1, -0.5
446 -> 386, -2, 1.25, 3, -2
446 -> 386, -2, 1.25, 2, -2
447 -> 386, -4, 1.25, 5, -1
449 -> 386, -3, 0.75, 5, -2
449 -> 386, -3, 0.75, 3, -2
449 -> 386, -3, 0.75, 4, -2
449 -> 386, -3, 0.75, 2, -2
450 -> 386, -1, 1.75, 5, -2
450 -> 386, -4, 1.25, 2, -1
450 -> 386, -1, 0.75, 5, -1
450 -> 386, -1, 0.75, 4, -1
450 -> 386, -2, 0.75, 1, -1.5
450 -> 386, -4, 1.25, 5, -1.5
450 -> 386, -1, 0.75, 2, -1
450 -> 386, -1, 0.75, 3, -1
451 -> 386, -2, 1.25, 1, -2
451 -> 386, -1, 0.25, 2, -1.5
451 -> 386, -2, 1.75, 5, -2
451 -> 386, -2, 0.75, 2, -2
451 -> 386, -2, 1.75, 4, -2
451 -> 386, -1, 1.75, 4, -2
451 -> 386, -2, 0.75, 3, -2
451 -> 386, -1, 1.25, 3, -1.5
452 -> 386, -5, 0.75, 1, -2
452 -> 386, -5, 1.25, 3, -1.5
453 -> 386, -3, 1.75, 3, -2
453 -> 386, -1, 1.25, 5, -0.5
453 -> 386, -3, 1.75, 1, -2
453 -> 386, -3, 1.25, 3, -1
453 -> 386, -3, 1.75, 2, -2
453 -> 386, -4, 0.25, 4, -0.5
453 -> 386, -2, 1.25, 4, -2
454 -> 386, -1, 0.75, 3, -0.5
454 -> 386, -1, 0.75, 2, -0.5
455 -> 386, -2, 1.25, 5, -1.5
455 -> 386, -2, 1.25, 4, -1.5
455 -> 386, -3, 0.75, 1, -1.5
456 -> 386, -2, 0.25, 1, -0.5
456 -> 386, -5, 0.75, 3, -0.5
456 -> 386, -3, 0.75, 1, -0.5
456 -> 386, -3, 0.25, 5, -2
457 -> 386, -3, 1.25, 2, -1.5
459 -> 386, -2, 0.25, 5, -0.5
459 -> 386, -2, 0.25, 4, -0.5
459 -> 386, -2, 0.25, 3, -0.5
460 -> 386, -1, 1.25, 3, -2
460 -> 386, -2, 1.75, 5, -0.5
460 -> 386, -1, 1.25, 2, -2
460 -> 386, -1, 0.25, 1, -1.5
460 -> 386, -3, 1.25, 2, -0.5
461 -> 386, -4, 0.75, 2, -0.5
461 -> 386, -1, 1.25, 1, -1
462 -> 386, -2, 1.25, 2, -0.5
462 -> 386, -2, 1.25, 1, -0.5
462 -> 386, -1, 1.25, 4, -1
462 -> 386, -3, 0.75, 1, -1
463 -> 386, -1, 1.75, 5, -0.5
464 -> 386, -3, 0.75, 4, -1.5
464 -> 386, -1, 0.25, 3, -0.5
464 -> 386, -3, 1.75, 1, -1.5
464 -> 386, -3, 0.75, 5, -1.5
464 -> 386, -1, 0.25, 2, -0.5
465 -> 386, -4, 0.25, 1, -0.5
465 -> 386, -1, 1.75, 3, -1
465 -> 386, -1, 1.75, 4, -1
465 -> 386, -4, 0.25, 3, -0.5
465 -> 386, -4, 0.25, 2, -0.5
466 -> 386, -5, 0.25, 4, -0.5
466 -> 386, -3, 1.75, 3, -1.5
466 -> 386, -3, 1.75, 2, -1.5
466 -> 386, -3, 1.25, 4, -1
467 -> 386, -4, 1.75, 4, -1.5
467 -> 386, -1, 1.25, 5, -1
467 -> 386, -4, 1.75, 5, -1.5
467 -> 386, -1, 0.25, 4, -1.5
467 -> 386, -1, 0.25, 3, -1.5
468 -> 386, -4, 1.75, 4, -0.5
469 -> 386, -5, 1.25, 2, -1.5
469 -> 386, -2, 0.25, 5, -1.5
471 -> 386, -5, 0.25, 4, -1.5
471 -> 386, -5, 0.25, 2, -1.5
471 -> 386, -5, 0.25, 3, -1.5
471 -> 386, -5, 0.25, 5, -1.5
471 -> 386, -5, 0.25, 1, -1.5
471 -> 386, -3, 0.25, 5, -1
472 -> 386, -3, 1.25, 5, -1.5
472 -> 386, -2, 1.25, 3, -1.5
472 -> 386, -3, 1.75, 4, -1.5
473 -> 386, -1, 1.25, 4, -1.5
473 -> 386, -3, 1.25, 4, -1.5
473 -> 386, -5, 1.75, 4, -2
473 -> 386, -3, 0.25, 4, -1
473 -> 386, -1, 1.25, 5, -1.5
473 -> 386, -3, 0.25, 3, -1
473 -> 386, -3, 0.25, 2, -1
474 -> 386, -2, 1.25, 1, -1
475 -> 386, -3, 1.25, 1, -1.5
475 -> 386, -5, 1.75, 2, -1
476 -> 386, -4, 1.25, 3, -2
476 -> 386, -1, 0.25, 1, -2
476 -> 386, -4, 1.25, 5, -2
476 -> 386, -4, 1.25, 2, -2
476 -> 386, -4, 1.25, 4, -2
477 -> 386, -5, 0.75, 5, -0.5
477 -> 386, -5, 0.75, 4, -0.5
478 -> 386, -5, 1.75, 2, -2
478 -> 386, -5, 1.75, 3, -2
478 -> 386, -4, 1.75, 5, -1
479 -> 386, -5, 1.25, 4, -2
479 -> 386, -1, 1.25, 2, -0.5
479 -> 386, -3, 0.25, 1, -1
479 -> 386, -5, 1.25, 5, -2
480 -> 386, -4, 0.25, 5, -2
480 -> 386, -4, 0.25, 5, -1
480 -> 386, -4, 0.25, 4, -2
480 -> 386, -4, 1.25, 1, -2
480 -> 386, -4, 0.25, 1, -2
480 -> 386, -4, 0.25, 3, -2
480 -> 386, -4, 0.25, 2, -2
480 -> 386, -2, 0.25, 3, -1.5
480 -> 386, -2, 0.25, 2, -1.5
480 -> 386, -2, 0.25, 1, -1.5
481 -> 386, -2, 0.25, 1, -2
481 -> 386, -2, 0.25, 2, -2
481 -> 386, -1, 0.25, 3, -2
481 -> 386, -2, 0.25, 3, -2
481 -> 386, -2, 0.25, 4, -2
481 -> 386, -5, 1.25, 2, -2
481 -> 386, -1, 0.25, 4, -2
481 -> 386, -1, 0.25, 5, -2
481 -> 386, -5, 1.25, 3, -2
481 -> 386, -3, 0.75, 2, -1
481 -> 386, -4, 0.25, 2, -1
481 -> 386, -4, 0.25, 3, -1
481 -> 386, -4, 0.25, 4, -1
482 -> 386, -4, 0.25, 5, -1.5
482 -> 386, -1, 0.75, 5, -0.5
484 -> 386, -1, 0.75, 4, -2
484 -> 386, -1, 0.75, 5, -2
484 -> 386, -1, 0.75, 2, -2
484 -> 386, -1, 0.75, 3, -2
485 -> 386, -5, 1.75, 1, -1
485 -> 386, -2, 0.25, 4, -1.5
485 -> 386, -5, 1.25, 5, -1
485 -> 386, -5, 1.25, 4, -1
485 -> 386, -5, 1.25, 1, -2
486 -> 386, -5, 0.75, 4, -2
486 -> 386, -2, 1.25, 1, -1.5
486 -> 386, -5, 0.75, 5, -2
487 -> 386, -2, 0.75, 2, -1.5
487 -> 386, -3, 1.25, 1, -1
487 -> 386, -2, 0.75, 3, -1.5
487 -> 386, -2, 0.75, 5, -1.5
487 -> 386, -2, 0.75, 4, -1.5
488 -> 386, -3, 1.75, 4, -2
489 -> 386, -2, 1.25, 2, -1.5
489 -> 386, -1, 0.25, 2, -2
490 -> 386, -2, 0.75, 5, -1
490 -> 386, -3, 1.25, 2, -2
490 -> 386, -3, 1.25, 3, -2
490 -> 386, -3, 1.25, 4, -2
490 -> 386, -3, 1.25, 5, -2
491 -> 386, -5, 1.25, 4, -0.5
491 -> 386, -5, 1.75, 1, -0.5
492 -> 386, -2, 0.25, 5, -2
494 -> 386, -3, 0.25, 2, -1.5
494 -> 386, -3, 0.25, 1, -1.5
495 -> 386, -3, 0.75, 5, -0.5
496 -> 386, -5, 1.75, 3, -1.5
496 -> 386, -5, 1.25, 3, -0.5
496 -> 386, -2, 0.75, 3, -1
496 -> 386, -2, 0.75, 4, -1
496 -> 386, -5, 1.75, 1, -2
496 -> 386, -2, 1.75, 1, -0.5
496 -> 386, -2, 0.25, 3, -1
496 -> 386, -5, 1.75, 2, -1.5
497 -> 386, -3, 0.75, 2, -1.5
497 -> 386, -2, 0.25, 5, -1
497 -> 386, -2, 0.25, 4, -1
500 -> 386, -1, 0.25, 3, -1
500 -> 386, -4, 1.75, 3, -0.5
500 -> 386, -4, 1.75, 2, -0.5
500 -> 386, -4, 1.75, 1, -0.5
500 -> 386, -1, 0.25, 5, -1
500 -> 386, -1, 0.25, 4, -1
501 -> 386, -2, 0.75, 2, -1
501 -> 386, -3, 0.25, 5, -0.5
503 -> 386, -1, 1.25, 2, -1
503 -> 386, -1, 0.75, 1, -2
505 -> 386, -4, 0.25, 5, -0.5
506 -> 386, -4, 1.75, 1, -2
506 -> 386, -4, 0.25, 4, -1.5
506 -> 386, -4, 1.75, 3, -2
506 -> 386, -4, 1.75, 2, -2
506 -> 386, -4, 0.25, 3, -1.5
511 -> 386, -5, 1.25, 5, -1.5
514 -> 386, -1, 0.25, 2, -1
514 -> 386, -1, 0.25, 1, -1
514 -> 386, -5, 0.75, 3, -2
516 -> 386, -4, 1.75, 3, -1.5
516 -> 386, -4, 1.75, 2, -1.5
517 -> 386, -4, 0.75, 4, -0.5
517 -> 386, -4, 0.75, 5, -0.5
519 -> 386, -3, 0.25, 3, -1.5
519 -> 386, -3, 0.25, 4, -1.5
519 -> 386, -3, 0.25, 5, -1.5
520 -> 386, -4, 1.75, 4, -2
520 -> 386, -4, 1.75, 5, -2
521 -> 386, -2, 1.75, 5, -1.5
521 -> 386, -2, 1.75, 4, -1.5
521 -> 386, -5, 1.25, 3, -1
522 -> 386, -3, 1.75, 4, -0.5
523 -> 386, -4, 0.75, 3, -2
523 -> 386, -4, 0.75, 2, -2
523 -> 386, -5, 0.75, 2, -2
523 -> 386, -4, 0.75, 5, -2
523 -> 386, -4, 0.75, 1, -2
523 -> 386, -4, 0.75, 4, -2
524 -> 386, -3, 0.25, 2, -0.5
524 -> 386, -2, 0.25, 2, -0.5
524 -> 386, -3, 0.25, 3, -0.5
524 -> 386, -3, 1.25, 2, -1
527 -> 386, -5, 0.75, 5, -1.5
527 -> 386, -5, 0.75, 3, -1.5
527 -> 386, -5, 0.75, 4, -1.5
527 -> 386, -5, 0.75, 2, -1.5
527 -> 386, -5, 0.75, 1, -1.5
531 -> 386, -3, 0.75, 1, -2
532 -> 386, -1, 1.75, 4, -1.5
533 -> 386, -4, 0.75, 1, -1
534 -> 386, -5, 1.75, 1, -1.5
535 -> 386, -5, 0.75, 3, -1
535 -> 386, -5, 0.75, 4, -1
535 -> 386, -5, 0.75, 2, -1
535 -> 386, -5, 0.75, 5, -1
537 -> 386, -4, 1.75, 5, -0.5
537 -> 386, -5, 0.75, 1, -1
541 -> 386, -4, 0.25, 1, -1
543 -> 386, -5, 1.75, 5, -0.5
551 -> 386, -5, 1.75, 4, -0.5
557 -> 386, -5, 1.75, 4, -1
562 -> 386, -4, 0.75, 2, -1
562 -> 386, -4, 0.75, 3, -1
562 -> 386, -4, 0.75, 4, -1
562 -> 386, -4, 0.75, 5, -1
563 -> 386, -5, 1.25, 1, -0.5
563 -> 386, -5, 1.25, 2, -0.5
565 -> 386, -3, 0.25, 1, -0.5
575 -> 386, -5, 0.25, 5, -1
575 -> 386, -5, 0.25, 2, -1
575 -> 386, -5, 0.25, 3, -1
575 -> 386, -5, 0.25, 4, -1
575 -> 386, -5, 0.25, 1, -1
576 -> 386, -4, 0.75, 1, -1.5
576 -> 386, -4, 0.75, 5, -1.5
576 -> 386, -4, 0.75, 4, -1.5
576 -> 386, -4, 0.75, 3, -1.5
576 -> 386, -4, 0.75, 2, -1.5
596 -> 386, -5, 0.25, 5, -2
596 -> 386, -5, 0.25, 4, -2
596 -> 386, -5, 0.25, 3, -2
596 -> 386, -5, 0.25, 2, -2
596 -> 386, -5, 0.25, 1, -2
706 -> 386, -4, 1.25, 5, -0.5
706 -> 386, -4, 1.25, 4, -0.5
