341 -> 438, -1, 1.25, 3, -0.5
354 -> 438, -3, 0.75, 5, -1
359 -> 438, -4, 1.75, 1, -1
362 -> 438, -3, 0.25, 1, -0.5
364 -> 438, -4, 1.75, 2, -1
365 -> 438, -1, 1.75, 1, -1
370 -> 438, -4, 1.75, 4, -0.5
372 -> 438, -1, 0.75, 1, -0.5
377 -> 438, -5, 0.75, 4, -0.5
379 -> 438, -2, 0.75, 5, -2
383 -> 438, -4, 0.75, 3, -0.5
385 -> 438, -5, 0.75, 5, -0.5
387 -> 438, -3, 1.75, 4, -0.5
388 -> 438, -4, 1.75, 5, -0.5
390 -> 438, -1, 1.75, 5, -1.5
390 -> 438, -3, 1.25, 5, -1.5
390 -> 438, -3, 1.25, 4, -1.5
391 -> 438, -2, 1.75, 5, -1
391 -> 438, -4, 1.75, 5, -1
392 -> 438, -4, 1.75, 1, -1.5
393 -> 438, -5, 1.25, 1, -1.5
393 -> 438, -5, 1.25, 2, -1.5
394 -> 438, -3, 0.75, 3, -0.5
395 -> 438, -4, 0.75, 1, -0.5
398 -> 438, -3, 0.75, 1, -1
401 -> 438, -2, 0.75, 1, -1
401 -> 438, -1, 1.75, 2, -1.5
402 -> 438, -1, 1.25, 5, -2
404 -> 438, -5, 0.75, 3, -0.5
406 -> 438, -1, 1.25, 4, -2
406 -> 438, -1, 1.75, 3, -1
406 -> 438, -1, 1.75, 4, -1
406 -> 438, -2, 0.75, 1, -1.5
407 -> 438, -2, 1.75, 4, -1
408 -> 438, -3, 1.25, 3, -1.5
409 -> 438, -3, 1.75, 2, -1
410 -> 438, -4, 1.75, 2, -0.5
410 -> 438, -4, 1.75, 3, -0.5
410 -> 438, -3, 0.75, 5, -0.5
410 -> 438, -4, 1.25, 5, -1.5
411 -> 438, -3, 1.25, 2, -1.5
413 -> 438, -4, 1.25, 4, -1.5
413 -> 438, -1, 1.25, 5, -1.5
413 -> 438, -4, 1.25, 3, -1.5
414 -> 438, -2, 0.75, 3, -2
414 -> 438, -4, 0.25, 1, -0.5
414 -> 438, -3, 1.75, 4, -1
415 -> 438, -3, 0.75, 2, -1
417 -> 438, -3, 0.25, 5, -1.5
417 -> 438, -2, 0.25, 5, -0.5
417 -> 438, -3, 0.25, 4, -0.5
418 -> 438, -5, 1.25, 3, -1.5
418 -> 438, -5, 1.25, 4, -1.5
418 -> 438, -5, 1.25, 5, -1.5
419 -> 438, -3, 1.75, 1, -1
419 -> 438, -1, 0.75, 1, -1
419 -> 438, -2, 0.75, 4, -2
419 -> 438, -3, 0.25, 4, -1.5
420 -> 438, -3, 0.25, 2, -1.5
420 -> 438, -3, 0.25, 3, -1.5
421 -> 438, -3, 1.25, 4, -1
421 -> 438, -3, 0.75, 1, -0.5
422 -> 438, -1, 0.75, 4, -0.5
422 -> 438, -2, 1.25, 4, -0.5
422 -> 438, -1, 1.25, 5, -0.5
424 -> 438, -3, 1.75, 3, -1
425 -> 438, -2, 0.75, 3, -1
425 -> 438, -3, 1.75, 5, -0.5
426 -> 438, -2, 0.25, 1, -1
426 -> 438, -2, 0.25, 2, -1
426 -> 438, -5, 0.75, 5, -1.5
427 -> 438, -1, 1.25, 2, -2
428 -> 438, -1, 1.25, 2, -1.5
429 -> 438, -4, 1.25, 2, -1.5
429 -> 438, -1, 1.25, 1, -0.5
429 -> 438, -4, 1.25, 1, -1.5
429 -> 438, -1, 1.25, 2, -0.5
429 -> 438, -1, 1.25, 1, -1.5
430 -> 438, -1, 1.75, 3, -1.5
430 -> 438, -1, 1.75, 4, -2
430 -> 438, -1, 1.75, 5, -2
430 -> 438, -4, 1.25, 5, -1
430 -> 438, -2, 1.25, 1, -2
430 -> 438, -1, 1.75, 2, -1
433 -> 438, -2, 1.25, 2, -1
433 -> 438, -1, 1.75, 1, -1.5
433 -> 438, -2, 1.25, 1, -1
433 -> 438, -5, 0.75, 3, -1.5
433 -> 438, -2, 0.25, 1, -0.5
433 -> 438, -2, 1.75, 5, -0.5
433 -> 438, -1, 1.25, 4, -1
433 -> 438, -1, 1.25, 4, -0.5
433 -> 438, -2, 0.25, 3, -1
434 -> 438, -3, 0.75, 4, -1
434 -> 438, -2, 1.75, 2, -1.5
434 -> 438, -2, 1.75, 1, -1.5
435 -> 438, -2, 1.25, 4, -1.5
435 -> 438, -3, 1.25, 1, -1
435 -> 438, -2, 0.75, 1, -0.5
435 -> 438, -2, 0.75, 2, -1
435 -> 438, -2, 1.75, 3, -1.5
436 -> 438, -2, 1.25, 5, -1.5
437 -> 438, -3, 1.25, 2, -1
437 -> 438, -3, 1.25, 3, -1
437 -> 438, -1, 1.25, 3, -1.5
438 -> 438, -4, 1.75, 2, -1.5
438 -> 438, -2, 0.75, 4, -1
439 -> 438, -2, 0.75, 5, -0.5
439 -> 438, -4, 0.25, 4, -1
439 -> 438, -1, 0.75, 5, -0.5
439 -> 438, -4, 0.25, 5, -1
439 -> 438, -1, 1.25, 5, -1
439 -> 438, -4, 1.75, 5, -1.5
440 -> 438, -4, 1.25, 5, -2
441 -> 438, -4, 1.25, 4, -1
441 -> 438, -3, 1.75, 5, -1
442 -> 438, -2, 1.75, 4, -1.5
442 -> 438, -2, 1.75, 5, -1.5
443 -> 438, -4, 1.75, 4, -2
443 -> 438, -4, 1.75, 5, -2
444 -> 438, -5, 0.75, 4, -1.5
444 -> 438, -4, 1.75, 3, -1.5
444 -> 438, -5, 0.25, 1, -0.5
444 -> 438, -4, 1.75, 4, -1.5
444 -> 438, -1, 1.25, 3, -2
445 -> 438, -5, 1.75, 4, -1
445 -> 438, -2, 0.25, 2, -0.5
445 -> 438, -5, 1.75, 5, -1
446 -> 438, -5, 0.75, 3, -1
446 -> 438, -5, 0.75, 2, -1
446 -> 438, -3, 1.25, 1, -1.5
446 -> 438, -3, 1.25, 5, -1
447 -> 438, -2, 1.25, 5, -2
447 -> 438, -1, 0.25, 2, -0.5
447 -> 438, -1, 0.75, 1, -2
448 -> 438, -2, 1.75, 3, -1
448 -> 438, -1, 1.25, 4, -1.5
449 -> 438, -1, 1.75, 4, -1.5
450 -> 438, -1, 1.25, 1, -1
451 -> 438, -1, 0.75, 2, -1.5
451 -> 438, -1, 1.75, 3, -0.5
451 -> 438, -2, 1.75, 3, -0.5
452 -> 438, -5, 1.75, 1, -0.5
452 -> 438, -2, 1.25, 3, -1
452 -> 438, -1, 1.25, 1, -2
452 -> 438, -3, 0.75, 2, -1.5
452 -> 438, -2, 1.25, 5, -1
452 -> 438, -2, 1.25, 4, -1
453 -> 438, -5, 1.75, 1, -2
453 -> 438, -2, 1.75, 2, -1
453 -> 438, -3, 1.75, 5, -1.5
453 -> 438, -3, 0.75, 4, -0.5
454 -> 438, -3, 1.25, 2, -2
454 -> 438, -4, 1.75, 2, -2
454 -> 438, -4, 0.25, 3, -1
454 -> 438, -1, 1.75, 5, -1
454 -> 438, -4, 1.75, 1, -2
454 -> 438, -1, 0.75, 1, -1.5
456 -> 438, -3, 0.75, 3, -1
456 -> 438, -2, 1.25, 3, -1.5
456 -> 438, -4, 1.75, 1, -0.5
456 -> 438, -4, 0.75, 1, -1
458 -> 438, -3, 0.75, 4, -2
458 -> 438, -5, 1.75, 4, -1.5
458 -> 438, -5, 1.75, 5, -1.5
458 -> 438, -3, 0.75, 5, -2
458 -> 438, -3, 1.25, 5, -2
458 -> 438, -3, 0.75, 3, -2
458 -> 438, -4, 0.75, 1, -2
459 -> 438, -4, 0.25, 2, -0.5
459 -> 438, -4, 0.25, 3, -0.5
459 -> 438, -4, 0.25, 5, -0.5
459 -> 438, -3, 0.75, 2, -2
459 -> 438, -3, 0.75, 1, -2
459 -> 438, -4, 0.25, 4, -0.5
459 -> 438, -5, 0.25, 4, -2
459 -> 438, -5, 0.25, 3, -2
459 -> 438, -5, 0.25, 5, -2
460 -> 438, -3, 1.25, 1, -0.5
460 -> 438, -3, 1.75, 2, -0.5
460 -> 438, -3, 1.25, 2, -0.5
460 -> 438, -5, 1.75, 4, -2
460 -> 438, -3, 1.75, 1, -0.5
460 -> 438, -5, 1.75, 3, -2
460 -> 438, -5, 1.75, 2, -2
460 -> 438, -3, 1.75, 3, -0.5
460 -> 438, -5, 1.75, 5, -2
460 -> 438, -3, 0.75, 2, -0.5
461 -> 438, -2, 0.25, 3, -2
461 -> 438, -2, 0.25, 2, -2
461 -> 438, -2, 1.25, 5, -0.5
461 -> 438, -2, 0.75, 1, -2
461 -> 438, -3, 0.25, 1, -1.5
461 -> 438, -4, 0.25, 2, -1
461 -> 438, -5, 1.75, 2, -1.5
461 -> 438, -5, 1.75, 3, -1.5
461 -> 438, -2, 0.75, 2, -2
462 -> 438, -3, 1.75, 3, -1.5
462 -> 438, -2, 0.75, 3, -1.5
462 -> 438, -1, 1.75, 4, -0.5
462 -> 438, -3, 1.75, 2, -1.5
463 -> 438, -2, 1.75, 5, -2
463 -> 438, -4, 1.25, 2, -2
463 -> 438, -4, 1.25, 4, -2
463 -> 438, -2, 1.75, 4, -2
463 -> 438, -4, 1.25, 3, -2
463 -> 438, -3, 1.25, 1, -2
463 -> 438, -5, 1.75, 1, -1.5
463 -> 438, -1, 1.75, 3, -2
464 -> 438, -4, 1.25, 1, -2
465 -> 438, -4, 0.75, 3, -2
465 -> 438, -4, 0.75, 2, -2
466 -> 438, -1, 1.25, 2, -1
466 -> 438, -1, 0.75, 2, -1
466 -> 438, -1, 0.75, 5, -1
466 -> 438, -1, 0.75, 4, -1
466 -> 438, -1, 0.75, 3, -1
467 -> 438, -5, 0.25, 5, -1.5
468 -> 438, -1, 0.75, 2, -2
468 -> 438, -2, 1.25, 2, -2
468 -> 438, -2, 1.25, 3, -2
468 -> 438, -2, 0.75, 4, -1.5
468 -> 438, -4, 1.25, 1, -1
468 -> 438, -4, 1.25, 2, -1
468 -> 438, -4, 1.25, 3, -1
468 -> 438, -1, 0.75, 3, -2
469 -> 438, -4, 0.75, 3, -1.5
469 -> 438, -2, 0.25, 5, -2
469 -> 438, -4, 1.75, 4, -1
469 -> 438, -4, 1.75, 3, -1
469 -> 438, -2, 0.25, 4, -2
470 -> 438, -4, 0.25, 5, -2
470 -> 438, -3, 0.25, 3, -0.5
470 -> 438, -4, 0.25, 4, -2
470 -> 438, -4, 0.25, 1, -2
470 -> 438, -4, 0.25, 3, -2
470 -> 438, -1, 0.25, 5, -1.5
470 -> 438, -4, 0.25, 2, -2
471 -> 438, -3, 0.75, 1, -1.5
472 -> 438, -5, 0.25, 3, -1
472 -> 438, -5, 0.25, 4, -1
472 -> 438, -3, 1.25, 3, -0.5
472 -> 438, -5, 0.25, 2, -1
472 -> 438, -5, 0.25, 5, -1
472 -> 438, -3, 1.25, 4, -0.5
473 -> 438, -2, 1.25, 3, -0.5
474 -> 438, -1, 1.75, 2, -2
474 -> 438, -1, 1.75, 1, -2
476 -> 438, -2, 0.75, 5, -1
476 -> 438, -1, 0.25, 1, -1
476 -> 438, -1, 1.75, 2, -0.5
477 -> 438, -2, 1.75, 2, -2
477 -> 438, -2, 1.75, 3, -2
477 -> 438, -2, 1.75, 1, -2
477 -> 438, -3, 0.25, 5, -0.5
478 -> 438, -4, 0.75, 4, -0.5
479 -> 438, -2, 0.25, 3, -1.5
479 -> 438, -2, 0.25, 4, -1.5
479 -> 438, -2, 0.25, 5, -1.5
479 -> 438, -2, 0.75, 5, -1.5
480 -> 438, -1, 1.75, 5, -0.5
480 -> 438, -1, 0.75, 3, -1.5
480 -> 438, -5, 0.75, 5, -2
480 -> 438, -5, 0.75, 4, -2
481 -> 438, -1, 0.25, 5, -2
481 -> 438, -4, 1.75, 3, -2
481 -> 438, -1, 0.25, 1, -0.5
481 -> 438, -1, 0.25, 3, -1.5
481 -> 438, -1, 0.25, 4, -1.5
481 -> 438, -3, 0.75, 3, -1.5
481 -> 438, -1, 0.25, 4, -2
482 -> 438, -2, 1.25, 2, -0.5
482 -> 438, -3, 0.25, 4, -2
483 -> 438, -2, 1.25, 1, -0.5
483 -> 438, -1, 0.25, 3, -2
483 -> 438, -1, 0.75, 2, -0.5
483 -> 438, -4, 0.25, 1, -1
483 -> 438, -1, 0.75, 3, -0.5
484 -> 438, -3, 0.25, 1, -1
484 -> 438, -2, 1.25, 4, -2
485 -> 438, -4, 0.75, 2, -1.5
485 -> 438, -4, 0.75, 1, -1.5
485 -> 438, -2, 1.25, 1, -1.5
486 -> 438, -1, 0.25, 3, -1
486 -> 438, -1, 0.25, 5, -1
486 -> 438, -1, 0.25, 4, -1
486 -> 438, -3, 1.25, 5, -0.5
487 -> 438, -1, 0.25, 3, -0.5
487 -> 438, -1, 0.25, 5, -0.5
487 -> 438, -1, 0.25, 4, -0.5
488 -> 438, -4, 0.25, 4, -1.5
488 -> 438, -2, 0.25, 4, -1
488 -> 438, -4, 0.25, 3, -1.5
488 -> 438, -4, 0.75, 5, -2
488 -> 438, -4, 0.25, 5, -1.5
488 -> 438, -4, 0.25, 2, -1.5
488 -> 438, -4, 0.75, 4, -2
488 -> 438, -2, 0.25, 5, -1
490 -> 438, -3, 0.75, 4, -1.5
490 -> 438, -3, 0.75, 5, -1.5
490 -> 438, -4, 0.25, 1, -1.5
491 -> 438, -5, 0.75, 1, -2
491 -> 438, -5, 0.75, 2, -2
491 -> 438, -5, 0.75, 3, -2
491 -> 438, -5, 0.25, 1, -1
491 -> 438, -1, 0.75, 4, -2
491 -> 438, -1, 1.75, 1, -0.5
491 -> 438, -1, 0.75, 5, -2
492 -> 438, -2, 0.75, 2, -0.5
494 -> 438, -4, 0.75, 2, -0.5
494 -> 438, -2, 0.25, 1, -2
495 -> 438, -1, 0.75, 4, -1.5
495 -> 438, -1, 0.25, 1, -2
497 -> 438, -3, 0.25, 5, -2
498 -> 438, -5, 0.75, 2, -0.5
498 -> 438, -4, 0.75, 4, -1
498 -> 438, -4, 0.75, 3, -1
498 -> 438, -4, 0.75, 2, -1
499 -> 438, -1, 0.75, 5, -1.5
499 -> 438, -3, 1.75, 4, -1.5
500 -> 438, -4, 0.75, 5, -1
500 -> 438, -1, 0.25, 1, -1.5
500 -> 438, -3, 0.25, 2, -0.5
503 -> 438, -5, 0.25, 3, -1.5
503 -> 438, -5, 0.25, 4, -1.5
505 -> 438, -4, 0.75, 5, -0.5
506 -> 438, -5, 0.25, 2, -1.5
509 -> 438, -2, 0.75, 4, -0.5
510 -> 438, -1, 0.25, 2, -2
510 -> 438, -2, 0.25, 3, -0.5
511 -> 438, -1, 1.25, 3, -1
512 -> 438, -1, 0.25, 2, -1
512 -> 438, -2, 1.75, 2, -0.5
513 -> 438, -2, 0.25, 1, -1.5
513 -> 438, -2, 1.25, 2, -1.5
513 -> 438, -2, 0.25, 2, -1.5
515 -> 438, -2, 0.25, 4, -0.5
516 -> 438, -5, 0.25, 1, -1.5
517 -> 438, -2, 1.75, 4, -0.5
522 -> 438, -2, 0.75, 2, -1.5
522 -> 438, -2, 1.75, 1, -1
524 -> 438, -1, 0.25, 2, -1.5
525 -> 438, -5, 0.75, 1, -1.5
525 -> 438, -5, 0.75, 2, -1.5
527 -> 438, -5, 1.25, 1, -2
527 -> 438, -5, 1.25, 5, -2
527 -> 438, -5, 1.25, 3, -2
527 -> 438, -5, 1.25, 4, -2
527 -> 438, -5, 1.25, 2, -2
531 -> 438, -3, 1.25, 4, -2
531 -> 438, -3, 1.25, 3, -2
532 -> 438, -4, 0.75, 4, -1.5
532 -> 438, -4, 0.75, 5, -1.5
534 -> 438, -3, 1.75, 1, -1.5
534 -> 438, -2, 0.75, 3, -0.5
542 -> 438, -4, 1.25, 2, -0.5
542 -> 438, -4, 1.25, 3, -0.5
542 -> 438, -5, 0.75, 1, -0.5
542 -> 438, -4, 1.25, 5, -0.5
542 -> 438, -4, 1.25, 4, -0.5
542 -> 438, -4, 1.25, 1, -0.5
543 -> 438, -3, 1.75, 4, -2
543 -> 438, -3, 1.75, 5, -2
545 -> 438, -3, 0.25, 2, -2
545 -> 438, -3, 0.25, 1, -2
545 -> 438, -3, 0.25, 3, -2
548 -> 438, -5, 1.75, 2, -1
548 -> 438, -5, 1.75, 1, -1
548 -> 438, -5, 1.75, 3, -1
551 -> 438, -3, 1.75, 2, -2
551 -> 438, -3, 1.75, 3, -2
551 -> 438, -3, 1.75, 1, -2
557 -> 438, -2, 1.75, 1, -0.5
610 -> 438, -5, 1.75, 3, -0.5
610 -> 438, -5, 1.75, 2, -0.5
610 -> 438, -5, 1.75, 4, -0.5
610 -> 438, -5, 1.75, 5, -0.5
617 -> 438, -5, 0.75, 1, -1
618 -> 438, -3, 0.25, 4, -1
618 -> 438, -3, 0.25, 3, -1
618 -> 438, -3, 0.25, 2, -1
618 -> 438, -3, 0.25, 5, -1
634 -> 438, -5, 0.75, 4, -1
634 -> 438, -5, 0.75, 5, -1
638 -> 438, -5, 1.25, 5, -0.5
638 -> 438, -5, 1.25, 1, -0.5
638 -> 438, -5, 1.25, 2, -0.5
638 -> 438, -5, 1.25, 3, -0.5
638 -> 438, -5, 1.25, 4, -0.5
666 -> 438, -5, 0.25, 2, -2
666 -> 438, -5, 0.25, 1, -2
713 -> 438, -5, 1.25, 5, -1
713 -> 438, -5, 1.25, 1, -1
713 -> 438, -5, 1.25, 3, -1
713 -> 438, -5, 1.25, 4, -1
713 -> 438, -5, 1.25, 2, -1
764 -> 438, -5, 0.25, 2, -0.5
764 -> 438, -5, 0.25, 3, -0.5
764 -> 438, -5, 0.25, 4, -0.5
782 -> 438, -5, 0.25, 5, -0.5
