290 -> 71, -5, 0.25, 2, -1
296 -> 71, -3, 1.25, 1, -1.5
304 -> 71, -3, 1.75, 5, -2
312 -> 71, -5, 1.25, 1, -1
312 -> 71, -5, 1.25, 2, -1
313 -> 71, -5, 0.25, 1, -1.5
316 -> 71, -5, 0.75, 3, -2
318 -> 71, -5, 1.75, 5, -2
318 -> 71, -3, 1.75, 2, -2
320 -> 71, -5, 1.75, 2, -1
322 -> 71, -5, 1.75, 1, -1
324 -> 71, -4, 1.25, 1, -2
325 -> 71, -1, 1.75, 2, -0.5
327 -> 71, -3, 1.75, 1, -2
327 -> 71, -5, 1.25, 2, -1.5
327 -> 71, -4, 1.75, 3, -2
327 -> 71, -4, 1.75, 4, -2
328 -> 71, -2, 1.75, 3, -2
328 -> 71, -5, 0.75, 4, -1
329 -> 71, -5, 1.25, 5, -1
329 -> 71, -1, 1.25, 1, -1
330 -> 71, -4, 0.25, 1, -1.5
331 -> 71, -5, 1.25, 3, -1.5
331 -> 71, -5, 0.75, 3, -1
332 -> 71, -5, 1.75, 5, -1
333 -> 71, -5, 0.75, 5, -1
335 -> 71, -4, 1.75, 1, -2
335 -> 71, -5, 1.75, 4, -2
335 -> 71, -4, 1.75, 2, -2
335 -> 71, -1, 1.75, 1, -0.5
336 -> 71, -5, 1.25, 5, -1.5
337 -> 71, -5, 1.25, 4, -1
337 -> 71, -5, 1.25, 3, -1
337 -> 71, -2, 0.75, 3, -2
338 -> 71, -3, 1.75, 4, -2
338 -> 71, -3, 1.75, 5, -1.5
339 -> 71, -4, 0.25, 2, -2
339 -> 71, -4, 1.25, 4, -1.5
339 -> 71, -4, 0.25, 2, -1.5
340 -> 71, -5, 1.25, 4, -1.5
341 -> 71, -3, 0.75, 3, -2
341 -> 71, -4, 1.75, 5, -2
341 -> 71, -4, 1.25, 4, -1
341 -> 71, -4, 1.25, 3, -1
342 -> 71, -3, 0.25, 4, -1.5
342 -> 71, -3, 1.75, 3, -2
343 -> 71, -2, 1.25, 5, -2
344 -> 71, -2, 0.75, 4, -2
344 -> 71, -1, 1.75, 3, -2
345 -> 71, -2, 0.75, 2, -2
345 -> 71, -3, 0.25, 2, -2
346 -> 71, -5, 1.25, 1, -1.5
347 -> 71, -2, 1.25, 1, -2
348 -> 71, -2, 1.25, 3, -2
349 -> 71, -2, 1.25, 2, -2
349 -> 71, -3, 1.25, 5, -1.5
349 -> 71, -3, 0.25, 1, -2
351 -> 71, -4, 0.25, 5, -2
351 -> 71, -5, 1.75, 3, -2
352 -> 71, -4, 1.25, 3, -1.5
352 -> 71, -5, 1.75, 2, -2
352 -> 71, -3, 0.25, 3, -1.5
354 -> 71, -4, 1.25, 2, -1
354 -> 71, -4, 1.25, 3, -2
354 -> 71, -4, 1.25, 4, -2
355 -> 71, -3, 0.75, 1, -1
355 -> 71, -1, 1.25, 4, -1
356 -> 71, -1, 1.25, 5, -2
356 -> 71, -1, 1.25, 5, -1
356 -> 71, -1, 1.25, 4, -2
356 -> 71, -2, 0.75, 5, -2
356 -> 71, -2, 0.75, 2, -1.5
356 -> 71, -2, 0.75, 1, -1.5
357 -> 71, -3, 1.75, 3, -1.5
358 -> 71, -3, 0.75, 4, -2
358 -> 71, -3, 1.25, 4, -1.5
359 -> 71, -4, 1.25, 2, -2
359 -> 71, -3, 0.75, 5, -1
360 -> 71, -2, 1.75, 5, -2
360 -> 71, -2, 1.75, 4, -2
360 -> 71, -4, 0.25, 4, -2
360 -> 71, -2, 0.75, 1, -2
360 -> 71, -2, 1.75, 1, -1.5
360 -> 71, -1, 1.75, 5, -2
361 -> 71, -3, 1.75, 4, -1.5
361 -> 71, -5, 1.75, 1, -2
362 -> 71, -2, 1.25, 4, -2
362 -> 71, -4, 1.75, 5, -0.5
362 -> 71, -4, 1.25, 5, -1.5
362 -> 71, -3, 0.25, 3, -2
362 -> 71, -4, 0.25, 3, -2
362 -> 71, -4, 1.25, 2, -1.5
363 -> 71, -2, 1.75, 3, -1.5
364 -> 71, -3, 1.75, 1, -1.5
364 -> 71, -3, 1.25, 1, -2
364 -> 71, -2, 0.25, 4, -2
365 -> 71, -2, 1.75, 5, -1
365 -> 71, -2, 0.75, 5, -1.5
365 -> 71, -2, 1.25, 3, -1.5
366 -> 71, -3, 1.25, 5, -1
367 -> 71, -1, 1.75, 1, -1.5
367 -> 71, -3, 1.25, 3, -1.5
367 -> 71, -3, 1.25, 2, -1.5
368 -> 71, -5, 0.25, 1, -1
368 -> 71, -5, 0.25, 2, -1.5
368 -> 71, -1, 1.75, 1, -2
368 -> 71, -5, 0.25, 3, -1.5
368 -> 71, -5, 0.25, 4, -1.5
368 -> 71, -2, 1.75, 3, -1
368 -> 71, -4, 1.25, 1, -1.5
368 -> 71, -5, 0.25, 5, -1.5
369 -> 71, -4, 1.75, 4, -0.5
369 -> 71, -2, 0.25, 5, -2
369 -> 71, -4, 1.75, 5, -1.5
369 -> 71, -3, 0.75, 4, -1
370 -> 71, -3, 0.25, 5, -2
370 -> 71, -2, 0.75, 5, -1
372 -> 71, -3, 0.25, 3, -1
372 -> 71, -3, 0.25, 5, -1.5
372 -> 71, -1, 1.75, 2, -1.5
372 -> 71, -4, 1.75, 3, -1
373 -> 71, -3, 0.25, 1, -1
373 -> 71, -2, 0.75, 3, -1.5
373 -> 71, -2, 1.75, 4, -1
373 -> 71, -3, 0.25, 2, -1
373 -> 71, -3, 1.75, 2, -1.5
373 -> 71, -2, 0.75, 4, -1
373 -> 71, -2, 1.75, 2, -1.5
373 -> 71, -2, 1.25, 5, -1.5
376 -> 71, -1, 1.75, 4, -2
376 -> 71, -3, 1.75, 3, -1
376 -> 71, -2, 1.25, 4, -1
377 -> 71, -5, 0.75, 1, -1
377 -> 71, -4, 0.75, 1, -2
377 -> 71, -1, 1.75, 3, -1.5
377 -> 71, -3, 0.25, 4, -2
377 -> 71, -5, 1.75, 5, -0.5
379 -> 71, -3, 0.75, 5, -1.5
379 -> 71, -3, 0.75, 2, -1
379 -> 71, -3, 0.75, 1, -1.5
379 -> 71, -3, 0.75, 3, -1
379 -> 71, -1, 1.25, 1, -1.5
379 -> 71, -2, 1.25, 2, -1.5
380 -> 71, -2, 1.25, 1, -1.5
380 -> 71, -1, 1.75, 2, -2
380 -> 71, -1, 1.25, 3, -2
381 -> 71, -1, 1.75, 5, -1.5
381 -> 71, -2, 0.25, 5, -0.5
382 -> 71, -1, 0.75, 2, -1
382 -> 71, -3, 1.75, 5, -1
382 -> 71, -2, 0.75, 3, -1
382 -> 71, -1, 1.25, 2, -1
382 -> 71, -2, 1.75, 2, -0.5
383 -> 71, -3, 0.75, 2, -1.5
383 -> 71, -2, 0.75, 4, -1.5
383 -> 71, -2, 0.25, 2, -1
384 -> 71, -2, 1.75, 1, -0.5
384 -> 71, -3, 1.75, 4, -1
384 -> 71, -3, 0.25, 1, -1.5
384 -> 71, -3, 0.25, 2, -1.5
386 -> 71, -4, 0.25, 4, -1.5
387 -> 71, -2, 1.75, 5, -1.5
388 -> 71, -5, 0.75, 2, -2
388 -> 71, -5, 0.75, 1, -2
388 -> 71, -3, 0.75, 4, -1.5
388 -> 71, -2, 1.25, 4, -1.5
389 -> 71, -3, 0.25, 4, -1
389 -> 71, -1, 1.75, 4, -1.5
389 -> 71, -3, 0.25, 5, -1
389 -> 71, -4, 1.75, 4, -1
389 -> 71, -2, 1.75, 5, -0.5
391 -> 71, -1, 1.25, 2, -2
391 -> 71, -5, 0.75, 2, -1
392 -> 71, -1, 1.75, 3, -1
394 -> 71, -1, 1.25, 2, -1.5
394 -> 71, -1, 1.25, 3, -1.5
395 -> 71, -4, 0.25, 3, -1.5
395 -> 71, -1, 1.25, 3, -1
396 -> 71, -1, 1.25, 4, -1.5
397 -> 71, -1, 0.75, 1, -1.5
397 -> 71, -1, 0.75, 2, -2
397 -> 71, -2, 1.25, 2, -1
397 -> 71, -1, 0.75, 5, -2
398 -> 71, -2, 0.75, 2, -1
398 -> 71, -1, 0.75, 5, -0.5
399 -> 71, -3, 1.25, 3, -2
399 -> 71, -5, 1.25, 5, -2
399 -> 71, -5, 1.25, 4, -2
400 -> 71, -4, 0.75, 2, -2
400 -> 71, -1, 1.75, 5, -0.5
400 -> 71, -4, 0.75, 4, -2
400 -> 71, -4, 0.75, 3, -2
400 -> 71, -4, 0.75, 5, -2
401 -> 71, -1, 0.75, 1, -1
401 -> 71, -3, 1.75, 1, -1
401 -> 71, -2, 1.25, 5, -1
402 -> 71, -5, 1.25, 2, -2
402 -> 71, -4, 0.25, 5, -1.5
402 -> 71, -5, 1.25, 1, -2
402 -> 71, -5, 1.25, 3, -2
402 -> 71, -1, 0.75, 3, -1.5
403 -> 71, -5, 0.75, 1, -1.5
403 -> 71, -5, 0.75, 3, -1.5
403 -> 71, -2, 0.25, 2, -2
403 -> 71, -5, 0.75, 2, -1.5
403 -> 71, -2, 0.25, 3, -2
403 -> 71, -1, 0.75, 1, -2
404 -> 71, -2, 1.25, 1, -1
404 -> 71, -3, 1.75, 1, -0.5
404 -> 71, -2, 1.75, 1, -2
404 -> 71, -2, 1.75, 2, -2
404 -> 71, -5, 0.75, 4, -0.5
405 -> 71, -3, 1.25, 2, -2
406 -> 71, -1, 1.75, 4, -0.5
406 -> 71, -1, 1.75, 3, -0.5
408 -> 71, -3, 1.25, 4, -1
408 -> 71, -2, 1.75, 1, -1
408 -> 71, -1, 0.75, 4, -0.5
408 -> 71, -3, 1.25, 3, -1
408 -> 71, -3, 1.25, 2, -1
408 -> 71, -1, 0.25, 3, -1.5
408 -> 71, -3, 1.25, 1, -1
409 -> 71, -2, 1.75, 3, -0.5
410 -> 71, -2, 0.25, 1, -2
410 -> 71, -3, 1.25, 1, -0.5
410 -> 71, -2, 1.25, 1, -0.5
411 -> 71, -2, 0.25, 3, -1
411 -> 71, -2, 0.25, 4, -1
411 -> 71, -1, 0.25, 1, -1
411 -> 71, -1, 0.75, 3, -1
412 -> 71, -5, 0.75, 5, -1.5
413 -> 71, -1, 1.75, 4, -1
413 -> 71, -1, 1.75, 5, -1
413 -> 71, -2, 1.75, 4, -1.5
414 -> 71, -2, 1.75, 2, -1
414 -> 71, -2, 1.25, 3, -1
415 -> 71, -2, 0.25, 5, -1.5
415 -> 71, -3, 1.25, 4, -0.5
415 -> 71, -3, 1.25, 5, -0.5
415 -> 71, -1, 0.75, 4, -1.5
415 -> 71, -3, 1.25, 2, -0.5
415 -> 71, -3, 1.25, 3, -0.5
415 -> 71, -2, 1.25, 2, -0.5
416 -> 71, -5, 1.75, 4, -1.5
416 -> 71, -5, 1.75, 2, -1.5
416 -> 71, -5, 1.75, 3, -1.5
416 -> 71, -5, 1.75, 1, -1.5
416 -> 71, -3, 0.75, 5, -2
416 -> 71, -5, 1.75, 5, -1.5
416 -> 71, -1, 0.75, 5, -1
416 -> 71, -1, 0.75, 4, -1
417 -> 71, -1, 0.25, 4, -1
417 -> 71, -2, 0.25, 5, -1
417 -> 71, -1, 0.25, 3, -1
417 -> 71, -1, 0.25, 2, -1
418 -> 71, -1, 0.25, 4, -1.5
418 -> 71, -1, 1.25, 5, -1.5
420 -> 71, -1, 0.25, 5, -1.5
420 -> 71, -1, 0.25, 2, -1.5
420 -> 71, -1, 0.25, 1, -1.5
420 -> 71, -1, 0.75, 2, -1.5
422 -> 71, -4, 1.25, 4, -0.5
424 -> 71, -2, 0.25, 2, -1.5
424 -> 71, -5, 0.75, 4, -1.5
424 -> 71, -4, 0.75, 3, -0.5
424 -> 71, -1, 1.25, 1, -2
425 -> 71, -4, 1.25, 3, -0.5
426 -> 71, -4, 0.25, 1, -2
426 -> 71, -2, 1.25, 3, -0.5
426 -> 71, -2, 1.25, 4, -0.5
426 -> 71, -2, 1.25, 5, -0.5
427 -> 71, -3, 0.75, 3, -1.5
428 -> 71, -1, 1.25, 1, -0.5
430 -> 71, -4, 1.75, 4, -1.5
430 -> 71, -4, 1.75, 1, -1.5
430 -> 71, -1, 1.25, 2, -0.5
430 -> 71, -4, 1.75, 3, -1.5
430 -> 71, -4, 1.75, 2, -1.5
431 -> 71, -1, 1.75, 2, -1
431 -> 71, -2, 0.75, 1, -1
432 -> 71, -1, 0.25, 5, -2
433 -> 71, -4, 1.25, 2, -0.5
433 -> 71, -1, 0.75, 3, -2
433 -> 71, -4, 1.25, 1, -0.5
434 -> 71, -1, 1.25, 3, -0.5
435 -> 71, -1, 0.75, 5, -1.5
435 -> 71, -1, 1.25, 4, -0.5
436 -> 71, -4, 1.25, 5, -0.5
439 -> 71, -1, 0.25, 1, -2
439 -> 71, -1, 0.25, 4, -0.5
439 -> 71, -1, 0.25, 3, -2
439 -> 71, -1, 0.25, 2, -2
439 -> 71, -1, 0.25, 5, -0.5
439 -> 71, -1, 0.25, 3, -0.5
439 -> 71, -1, 0.25, 4, -2
443 -> 71, -4, 0.75, 5, -1.5
443 -> 71, -4, 0.75, 2, -1.5
443 -> 71, -4, 0.75, 3, -1.5
443 -> 71, -1, 0.25, 2, -0.5
443 -> 71, -4, 0.75, 4, -1.5
443 -> 71, -1, 0.75, 4, -2
443 -> 71, -4, 0.75, 1, -1.5
445 -> 71, -5, 0.25, 5, -2
445 -> 71, -5, 0.25, 4, -2
445 -> 71, -5, 0.25, 1, -2
445 -> 71, -5, 0.25, 3, -2
445 -> 71, -5, 0.25, 2, -2
446 -> 71, -5, 0.25, 1, -0.5
447 -> 71, -1, 0.25, 5, -1
452 -> 71, -4, 1.25, 5, -2
454 -> 71, -1, 0.75, 1, -0.5
454 -> 71, -1, 1.75, 1, -1
455 -> 71, -3, 0.75, 1, -2
455 -> 71, -3, 0.75, 2, -2
458 -> 71, -2, 0.25, 4, -1.5
458 -> 71, -2, 0.25, 3, -1.5
462 -> 71, -4, 1.25, 5, -1
464 -> 71, -4, 0.75, 4, -0.5
470 -> 71, -3, 1.25, 4, -2
470 -> 71, -3, 1.25, 5, -2
471 -> 71, -5, 1.25, 3, -0.5
471 -> 71, -5, 1.25, 4, -0.5
471 -> 71, -5, 1.25, 5, -0.5
474 -> 71, -1, 1.25, 5, -0.5
475 -> 71, -5, 1.75, 4, -1
475 -> 71, -5, 1.75, 3, -1
477 -> 71, -2, 0.25, 1, -1
477 -> 71, -5, 1.75, 2, -0.5
477 -> 71, -5, 1.75, 3, -0.5
478 -> 71, -4, 1.75, 2, -0.5
478 -> 71, -4, 1.75, 1, -0.5
478 -> 71, -4, 1.75, 3, -0.5
490 -> 71, -2, 0.25, 1, -1.5
490 -> 71, -1, 0.25, 1, -0.5
494 -> 71, -5, 0.75, 5, -0.5
495 -> 71, -4, 1.25, 1, -1
501 -> 71, -3, 1.75, 2, -0.5
503 -> 71, -3, 1.75, 2, -1
506 -> 71, -4, 0.75, 2, -1
506 -> 71, -4, 0.75, 1, -1
506 -> 71, -4, 0.75, 5, -1
506 -> 71, -4, 0.75, 4, -1
506 -> 71, -4, 0.75, 3, -1
508 -> 71, -3, 0.75, 3, -0.5
508 -> 71, -2, 0.75, 1, -0.5
508 -> 71, -3, 0.75, 4, -0.5
509 -> 71, -1, 0.75, 2, -0.5
509 -> 71, -1, 0.75, 3, -0.5
511 -> 71, -5, 1.75, 4, -0.5
513 -> 71, -5, 1.75, 1, -0.5
515 -> 71, -4, 0.25, 1, -1
515 -> 71, -4, 0.25, 4, -1
515 -> 71, -4, 0.25, 5, -1
515 -> 71, -4, 0.25, 2, -1
515 -> 71, -4, 0.25, 3, -1
518 -> 71, -4, 1.75, 5, -1
519 -> 71, -5, 0.25, 4, -1
519 -> 71, -5, 0.25, 3, -1
519 -> 71, -5, 0.25, 5, -1
520 -> 71, -2, 0.75, 3, -0.5
520 -> 71, -2, 0.25, 1, -0.5
520 -> 71, -2, 0.75, 4, -0.5
520 -> 71, -2, 0.75, 2, -0.5
522 -> 71, -2, 0.75, 5, -0.5
528 -> 71, -2, 0.25, 4, -0.5
532 -> 71, -2, 1.75, 4, -0.5
533 -> 71, -5, 0.25, 4, -0.5
533 -> 71, -5, 0.25, 2, -0.5
533 -> 71, -5, 0.25, 3, -0.5
534 -> 71, -4, 1.75, 1, -1
534 -> 71, -4, 1.75, 2, -1
541 -> 71, -5, 0.75, 3, -0.5
545 -> 71, -5, 0.75, 5, -2
545 -> 71, -5, 0.75, 4, -2
556 -> 71, -2, 0.25, 2, -0.5
556 -> 71, -2, 0.25, 3, -0.5
565 -> 71, -3, 1.75, 5, -0.5
565 -> 71, -3, 1.75, 4, -0.5
565 -> 71, -3, 1.75, 3, -0.5
567 -> 71, -4, 0.25, 1, -0.5
567 -> 71, -4, 0.25, 4, -0.5
567 -> 71, -4, 0.25, 2, -0.5
567 -> 71, -4, 0.25, 5, -0.5
567 -> 71, -4, 0.25, 3, -0.5
569 -> 71, -5, 0.75, 1, -0.5
584 -> 71, -4, 0.75, 1, -0.5
584 -> 71, -4, 0.75, 2, -0.5
586 -> 71, -5, 1.25, 2, -0.5
593 -> 71, -4, 0.75, 5, -0.5
619 -> 71, -3, 0.25, 5, -0.5
622 -> 71, -3, 0.25, 4, -0.5
622 -> 71, -3, 0.25, 3, -0.5
625 -> 71, -3, 0.25, 2, -0.5
625 -> 71, -3, 0.25, 1, -0.5
628 -> 71, -3, 0.75, 2, -0.5
628 -> 71, -3, 0.75, 1, -0.5
646 -> 71, -5, 0.75, 2, -0.5
651 -> 71, -5, 1.25, 1, -0.5
692 -> 71, -3, 0.75, 5, -0.5
776 -> 71, -5, 0.25, 5, -0.5
