236 -> 383, -1, 0.25, 1, -1
356 -> 383, -4, 1.25, 5, -1.5
358 -> 383, -5, 1.25, 1, -1.5
361 -> 383, -5, 1.75, 3, -1
367 -> 383, -3, 1.75, 5, -1.5
372 -> 383, -5, 1.75, 1, -1.5
375 -> 383, -3, 1.75, 3, -1.5
377 -> 383, -2, 0.75, 1, -0.5
381 -> 383, -4, 1.75, 1, -2
384 -> 383, -4, 1.25, 5, -2
387 -> 383, -4, 1.75, 5, -2
388 -> 383, -5, 1.75, 2, -1
393 -> 383, -4, 0.75, 3, -0.5
394 -> 383, -3, 0.25, 3, -1
394 -> 383, -3, 1.25, 5, -2
394 -> 383, -3, 0.25, 2, -1
397 -> 383, -5, 0.25, 5, -0.5
397 -> 383, -5, 0.25, 4, -0.5
399 -> 383, -2, 1.75, 4, -0.5
399 -> 383, -2, 1.75, 3, -0.5
400 -> 383, -2, 0.75, 2, -2
400 -> 383, -3, 1.75, 4, -1.5
401 -> 383, -1, 0.75, 5, -0.5
401 -> 383, -1, 0.75, 4, -0.5
402 -> 383, -1, 1.25, 5, -0.5
403 -> 383, -3, 0.75, 2, -1
403 -> 383, -4, 1.25, 4, -1
404 -> 383, -2, 0.75, 1, -2
404 -> 383, -1, 0.75, 5, -1.5
405 -> 383, -3, 0.25, 4, -0.5
405 -> 383, -1, 1.25, 4, -0.5
405 -> 383, -3, 0.25, 3, -0.5
406 -> 383, -4, 0.75, 5, -0.5
406 -> 383, -4, 0.75, 4, -0.5
407 -> 383, -1, 1.25, 3, -1
407 -> 383, -2, 0.75, 3, -0.5
408 -> 383, -5, 1.25, 2, -0.5
408 -> 383, -5, 1.25, 3, -0.5
409 -> 383, -2, 0.75, 4, -2
409 -> 383, -3, 1.25, 4, -1.5
409 -> 383, -3, 1.25, 5, -1.5
410 -> 383, -5, 1.75, 2, -1.5
412 -> 383, -1, 0.25, 2, -1.5
413 -> 383, -4, 1.75, 3, -2
413 -> 383, -2, 1.25, 3, -2
413 -> 383, -2, 1.25, 5, -2
413 -> 383, -2, 1.25, 4, -2
413 -> 383, -4, 1.75, 2, -2
413 -> 383, -4, 0.75, 2, -1
414 -> 383, -2, 1.75, 1, -1.5
414 -> 383, -4, 1.25, 5, -1
415 -> 383, -1, 0.25, 4, -1
415 -> 383, -1, 0.25, 3, -1
415 -> 383, -2, 0.75, 2, -0.5
416 -> 383, -5, 0.75, 2, -0.5
416 -> 383, -2, 1.25, 2, -0.5
417 -> 383, -2, 0.75, 1, -1
419 -> 383, -3, 1.25, 2, -1
420 -> 383, -1, 1.75, 5, -0.5
420 -> 383, -2, 1.75, 2, -0.5
420 -> 383, -3, 0.75, 3, -1
420 -> 383, -3, 0.75, 4, -1
420 -> 383, -1, 1.75, 4, -0.5
421 -> 383, -4, 0.75, 4, -2
421 -> 383, -5, 1.25, 4, -1
421 -> 383, -1, 1.25, 1, -0.5
423 -> 383, -4, 1.75, 1, -1.5
424 -> 383, -4, 1.75, 5, -1
425 -> 383, -3, 0.25, 3, -1.5
425 -> 383, -1, 1.25, 2, -0.5
425 -> 383, -1, 1.75, 2, -0.5
426 -> 383, -3, 1.25, 4, -2
426 -> 383, -4, 1.75, 5, -1.5
426 -> 383, -3, 0.25, 4, -1
428 -> 383, -5, 1.25, 1, -0.5
429 -> 383, -3, 0.75, 5, -0.5
429 -> 383, -2, 1.25, 1, -1.5
429 -> 383, -2, 0.75, 5, -1
430 -> 383, -5, 0.25, 1, -0.5
430 -> 383, -1, 1.75, 5, -1.5
431 -> 383, -2, 1.25, 3, -1
431 -> 383, -4, 0.75, 4, -1.5
431 -> 383, -2, 1.25, 4, -1
431 -> 383, -4, 0.75, 5, -1.5
432 -> 383, -1, 0.75, 3, -0.5
432 -> 383, -2, 0.75, 4, -1
432 -> 383, -5, 1.75, 4, -2
432 -> 383, -5, 1.75, 5, -2
433 -> 383, -2, 0.75, 5, -0.5
433 -> 383, -2, 0.75, 4, -0.5
433 -> 383, -5, 1.25, 5, -0.5
434 -> 383, -1, 1.75, 3, -0.5
435 -> 383, -3, 1.25, 1, -1.5
436 -> 383, -2, 0.75, 3, -1
436 -> 383, -3, 1.25, 3, -1
436 -> 383, -3, 1.25, 4, -1
436 -> 383, -3, 1.25, 5, -1
436 -> 383, -4, 0.75, 2, -1.5
436 -> 383, -4, 0.75, 3, -1.5
436 -> 383, -1, 1.25, 1, -1
436 -> 383, -2, 0.75, 2, -1
437 -> 383, -1, 1.25, 5, -2
437 -> 383, -3, 1.25, 2, -2
437 -> 383, -3, 1.25, 3, -2
438 -> 383, -1, 0.75, 1, -0.5
438 -> 383, -4, 1.75, 4, -2
438 -> 383, -3, 1.75, 1, -1.5
438 -> 383, -3, 1.75, 2, -1.5
439 -> 383, -3, 0.75, 1, -1.5
439 -> 383, -2, 1.25, 2, -1
439 -> 383, -3, 0.75, 3, -1.5
439 -> 383, -3, 0.75, 2, -1.5
439 -> 383, -1, 0.25, 1, -0.5
439 -> 383, -1, 0.75, 2, -0.5
440 -> 383, -2, 1.25, 5, -0.5
441 -> 383, -2, 1.75, 2, -1.5
441 -> 383, -3, 0.25, 4, -1.5
441 -> 383, -2, 0.25, 5, -2
441 -> 383, -2, 1.75, 3, -1.5
441 -> 383, -3, 1.25, 1, -1
441 -> 383, -3, 0.25, 5, -1.5
441 -> 383, -2, 1.25, 1, -1
441 -> 383, -3, 0.25, 1, -1
442 -> 383, -5, 0.25, 2, -0.5
442 -> 383, -2, 0.25, 4, -2
442 -> 383, -2, 1.25, 5, -1.5
442 -> 383, -2, 0.25, 3, -2
442 -> 383, -2, 0.75, 3, -2
442 -> 383, -2, 0.75, 5, -1.5
442 -> 383, -2, 0.25, 2, -2
442 -> 383, -5, 0.25, 3, -0.5
442 -> 383, -2, 1.25, 4, -1.5
443 -> 383, -2, 1.75, 5, -0.5
443 -> 383, -3, 1.25, 3, -1.5
444 -> 383, -1, 1.75, 1, -0.5
444 -> 383, -5, 0.75, 1, -0.5
444 -> 383, -3, 1.25, 2, -1.5
444 -> 383, -1, 1.75, 2, -1
445 -> 383, -5, 1.75, 3, -1.5
445 -> 383, -5, 1.75, 4, -1.5
445 -> 383, -2, 1.25, 4, -0.5
445 -> 383, -2, 1.25, 3, -0.5
446 -> 383, -4, 1.75, 3, -1
446 -> 383, -1, 0.75, 3, -1
446 -> 383, -3, 1.75, 4, -1
446 -> 383, -3, 1.75, 5, -1
447 -> 383, -1, 1.75, 2, -1.5
447 -> 383, -1, 0.25, 1, -1.5
447 -> 383, -1, 0.75, 5, -1
447 -> 383, -1, 0.75, 4, -1
448 -> 383, -1, 0.75, 2, -1.5
448 -> 383, -1, 0.75, 4, -1.5
448 -> 383, -5, 1.25, 4, -0.5
448 -> 383, -1, 0.75, 3, -1.5
449 -> 383, -4, 1.75, 4, -1
449 -> 383, -3, 0.25, 5, -0.5
450 -> 383, -4, 0.75, 1, -1.5
451 -> 383, -5, 1.25, 5, -1.5
451 -> 383, -1, 0.25, 4, -0.5
452 -> 383, -2, 1.25, 2, -2
452 -> 383, -2, 1.25, 1, -2
453 -> 383, -5, 1.25, 2, -1
453 -> 383, -2, 0.25, 2, -0.5
453 -> 383, -1, 1.75, 1, -1.5
454 -> 383, -4, 1.75, 3, -1.5
454 -> 383, -4, 1.75, 4, -1.5
454 -> 383, -4, 1.25, 2, -1.5
454 -> 383, -1, 1.25, 4, -1
454 -> 383, -1, 1.25, 2, -1
454 -> 383, -4, 1.25, 1, -1.5
455 -> 383, -1, 0.25, 3, -0.5
456 -> 383, -1, 1.75, 5, -1
456 -> 383, -1, 1.75, 4, -1
456 -> 383, -2, 0.75, 4, -1.5
457 -> 383, -1, 1.75, 3, -1.5
457 -> 383, -1, 1.75, 5, -2
457 -> 383, -1, 1.25, 5, -1
457 -> 383, -5, 1.25, 5, -1
457 -> 383, -1, 1.75, 4, -1.5
457 -> 383, -5, 1.75, 3, -2
457 -> 383, -5, 1.75, 1, -2
457 -> 383, -1, 1.75, 3, -2
457 -> 383, -5, 0.75, 2, -2
457 -> 383, -5, 1.75, 2, -2
457 -> 383, -5, 0.75, 1, -2
457 -> 383, -1, 1.75, 1, -1
457 -> 383, -1, 1.75, 4, -2
457 -> 383, -2, 1.75, 1, -0.5
458 -> 383, -4, 1.75, 2, -1.5
458 -> 383, -2, 0.25, 3, -1
458 -> 383, -4, 0.75, 4, -1
458 -> 383, -1, 1.75, 2, -2
458 -> 383, -2, 0.25, 4, -1
458 -> 383, -2, 0.25, 5, -1
458 -> 383, -4, 0.75, 3, -1
459 -> 383, -3, 0.75, 1, -1
459 -> 383, -3, 0.25, 5, -1
459 -> 383, -5, 0.75, 5, -0.5
461 -> 383, -2, 0.25, 1, -1
461 -> 383, -2, 0.25, 1, -2
461 -> 383, -2, 0.25, 2, -1
462 -> 383, -1, 0.75, 5, -2
463 -> 383, -3, 0.75, 5, -1.5
463 -> 383, -1, 0.25, 2, -0.5
464 -> 383, -5, 1.25, 3, -1
464 -> 383, -3, 1.75, 1, -1
464 -> 383, -4, 1.25, 4, -2
464 -> 383, -3, 1.75, 3, -1
464 -> 383, -3, 1.25, 1, -2
464 -> 383, -3, 1.75, 2, -1
465 -> 383, -3, 0.25, 2, -1.5
465 -> 383, -1, 0.25, 5, -2
465 -> 383, -3, 0.25, 1, -1.5
465 -> 383, -1, 0.25, 4, -2
465 -> 383, -2, 1.25, 3, -1.5
466 -> 383, -4, 1.25, 2, -1
466 -> 383, -3, 0.75, 5, -1
466 -> 383, -4, 0.75, 5, -2
466 -> 383, -4, 1.25, 3, -1
468 -> 383, -2, 0.25, 1, -1.5
468 -> 383, -5, 1.25, 3, -1.5
468 -> 383, -5, 1.25, 4, -1.5
469 -> 383, -5, 0.75, 3, -0.5
469 -> 383, -5, 0.75, 4, -0.5
469 -> 383, -2, 1.25, 1, -0.5
470 -> 383, -2, 0.75, 1, -1.5
470 -> 383, -2, 0.75, 2, -1.5
470 -> 383, -2, 0.75, 3, -1.5
471 -> 383, -4, 0.75, 1, -1
471 -> 383, -1, 0.25, 5, -1
472 -> 383, -5, 0.75, 5, -1
472 -> 383, -5, 1.25, 2, -1.5
472 -> 383, -3, 0.75, 5, -2
472 -> 383, -3, 0.75, 4, -2
473 -> 383, -1, 0.75, 4, -2
474 -> 383, -1, 1.25, 3, -1.5
474 -> 383, -2, 0.75, 5, -2
474 -> 383, -1, 1.25, 5, -1.5
474 -> 383, -1, 1.25, 4, -1.5
474 -> 383, -1, 1.25, 2, -1.5
475 -> 383, -4, 1.25, 1, -1
475 -> 383, -3, 0.75, 4, -1.5
476 -> 383, -5, 1.75, 5, -1.5
476 -> 383, -2, 0.25, 5, -0.5
476 -> 383, -2, 1.25, 5, -1
477 -> 383, -1, 0.75, 1, -1.5
477 -> 383, -2, 1.25, 2, -1.5
479 -> 383, -1, 0.75, 1, -2
480 -> 383, -4, 1.25, 1, -2
480 -> 383, -4, 1.25, 2, -2
480 -> 383, -4, 1.25, 3, -2
480 -> 383, -1, 0.75, 3, -2
480 -> 383, -1, 0.75, 2, -2
482 -> 383, -3, 1.75, 2, -2
482 -> 383, -3, 1.75, 5, -2
482 -> 383, -3, 1.75, 4, -2
482 -> 383, -3, 1.75, 1, -2
482 -> 383, -3, 1.75, 3, -2
483 -> 383, -1, 0.25, 5, -0.5
485 -> 383, -1, 1.75, 1, -2
486 -> 383, -5, 1.25, 3, -2
486 -> 383, -5, 1.25, 5, -2
486 -> 383, -5, 1.25, 4, -2
486 -> 383, -5, 1.25, 2, -2
486 -> 383, -5, 1.25, 1, -2
487 -> 383, -2, 0.25, 1, -0.5
487 -> 383, -1, 1.75, 3, -1
489 -> 383, -5, 0.75, 3, -2
489 -> 383, -1, 1.25, 3, -0.5
490 -> 383, -2, 0.25, 2, -1.5
491 -> 383, -4, 0.75, 1, -0.5
491 -> 383, -4, 0.75, 2, -0.5
492 -> 383, -1, 0.25, 5, -1.5
493 -> 383, -3, 0.75, 4, -0.5
493 -> 383, -3, 0.75, 3, -0.5
493 -> 383, -3, 0.25, 2, -0.5
493 -> 383, -1, 1.25, 1, -1.5
494 -> 383, -5, 0.25, 5, -1.5
494 -> 383, -5, 0.25, 4, -1.5
494 -> 383, -5, 0.25, 3, -1.5
496 -> 383, -2, 1.75, 5, -1.5
496 -> 383, -2, 1.75, 4, -1.5
497 -> 383, -5, 0.75, 2, -1.5
497 -> 383, -5, 0.75, 1, -1.5
497 -> 383, -5, 0.75, 3, -1.5
499 -> 383, -1, 0.25, 2, -2
499 -> 383, -3, 0.25, 1, -0.5
499 -> 383, -5, 1.25, 1, -1
499 -> 383, -1, 0.25, 3, -2
500 -> 383, -1, 0.25, 2, -1
501 -> 383, -1, 1.25, 1, -2
501 -> 383, -1, 1.25, 4, -2
501 -> 383, -1, 1.25, 3, -2
501 -> 383, -1, 1.25, 2, -2
502 -> 383, -3, 0.75, 3, -2
502 -> 383, -3, 0.75, 2, -2
503 -> 383, -1, 0.75, 2, -1
504 -> 383, -2, 0.25, 4, -0.5
504 -> 383, -2, 0.25, 3, -0.5
505 -> 383, -3, 1.75, 5, -0.5
506 -> 383, -1, 0.25, 1, -2
507 -> 383, -1, 0.25, 3, -1.5
507 -> 383, -1, 0.25, 4, -1.5
510 -> 383, -4, 1.25, 5, -0.5
514 -> 383, -2, 1.75, 3, -2
514 -> 383, -2, 1.75, 2, -2
514 -> 383, -2, 1.75, 1, -2
516 -> 383, -1, 0.75, 1, -1
517 -> 383, -5, 1.75, 4, -0.5
517 -> 383, -5, 1.75, 2, -0.5
517 -> 383, -5, 1.75, 5, -0.5
517 -> 383, -5, 0.25, 2, -1.5
517 -> 383, -5, 1.75, 3, -0.5
520 -> 383, -2, 1.75, 5, -1
520 -> 383, -2, 1.75, 2, -1
520 -> 383, -2, 1.75, 1, -1
520 -> 383, -5, 0.25, 4, -1
520 -> 383, -2, 1.75, 4, -1
520 -> 383, -2, 0.25, 5, -1.5
520 -> 383, -2, 1.75, 3, -1
521 -> 383, -5, 0.25, 3, -1
521 -> 383, -5, 0.25, 1, -1
521 -> 383, -5, 0.25, 2, -1
524 -> 383, -5, 0.75, 4, -1.5
524 -> 383, -5, 0.75, 5, -1.5
526 -> 383, -2, 0.25, 3, -1.5
526 -> 383, -2, 0.25, 4, -1.5
528 -> 383, -5, 0.75, 4, -2
528 -> 383, -5, 0.75, 5, -2
531 -> 383, -3, 0.75, 1, -2
532 -> 383, -3, 1.25, 5, -0.5
532 -> 383, -3, 1.25, 2, -0.5
532 -> 383, -3, 1.25, 3, -0.5
532 -> 383, -3, 1.25, 4, -0.5
532 -> 383, -3, 1.25, 1, -0.5
535 -> 383, -4, 1.25, 4, -1.5
535 -> 383, -4, 1.25, 3, -1.5
538 -> 383, -4, 0.75, 3, -2
538 -> 383, -4, 0.75, 1, -2
538 -> 383, -3, 1.75, 2, -0.5
538 -> 383, -3, 1.75, 1, -0.5
538 -> 383, -3, 1.75, 4, -0.5
538 -> 383, -4, 0.75, 2, -2
538 -> 383, -3, 1.75, 3, -0.5
540 -> 383, -5, 0.25, 5, -1
543 -> 383, -4, 1.25, 2, -0.5
543 -> 383, -4, 1.25, 3, -0.5
543 -> 383, -4, 1.25, 1, -0.5
543 -> 383, -4, 1.25, 4, -0.5
544 -> 383, -3, 0.75, 2, -0.5
548 -> 383, -4, 1.75, 3, -0.5
549 -> 383, -2, 1.75, 4, -2
549 -> 383, -4, 1.75, 5, -0.5
549 -> 383, -4, 0.25, 3, -2
549 -> 383, -4, 0.25, 5, -2
549 -> 383, -4, 0.25, 1, -2
549 -> 383, -2, 1.75, 5, -2
549 -> 383, -4, 0.25, 2, -2
549 -> 383, -4, 0.25, 4, -2
549 -> 383, -4, 1.75, 4, -0.5
550 -> 383, -5, 0.25, 1, -1.5
552 -> 383, -4, 0.25, 4, -0.5
552 -> 383, -4, 0.25, 5, -0.5
552 -> 383, -4, 0.25, 3, -0.5
552 -> 383, -4, 0.25, 2, -0.5
564 -> 383, -4, 1.75, 1, -1
564 -> 383, -4, 1.75, 2, -1
565 -> 383, -4, 0.25, 4, -1.5
565 -> 383, -4, 0.25, 2, -1.5
565 -> 383, -4, 0.25, 1, -1.5
565 -> 383, -4, 0.25, 3, -1.5
565 -> 383, -4, 0.25, 5, -1.5
575 -> 383, -4, 0.25, 4, -1
575 -> 383, -4, 0.25, 2, -1
575 -> 383, -4, 0.25, 5, -1
575 -> 383, -4, 0.25, 3, -1
575 -> 383, -4, 0.25, 1, -1
579 -> 383, -4, 1.75, 1, -0.5
579 -> 383, -4, 1.75, 2, -0.5
584 -> 383, -4, 0.75, 5, -1
585 -> 383, -3, 0.25, 2, -2
585 -> 383, -3, 0.25, 3, -2
585 -> 383, -3, 0.25, 1, -2
585 -> 383, -3, 0.25, 4, -2
585 -> 383, -3, 0.25, 5, -2
593 -> 383, -5, 1.75, 1, -1
596 -> 383, -5, 1.75, 5, -1
596 -> 383, -5, 1.75, 4, -1
597 -> 383, -4, 0.25, 1, -0.5
604 -> 383, -5, 0.75, 3, -1
604 -> 383, -5, 0.75, 1, -1
604 -> 383, -5, 0.75, 2, -1
604 -> 383, -5, 0.75, 4, -1
623 -> 383, -5, 0.25, 4, -2
623 -> 383, -5, 0.25, 3, -2
623 -> 383, -5, 0.25, 2, -2
623 -> 383, -5, 0.25, 1, -2
623 -> 383, -5, 0.25, 5, -2
638 -> 383, -5, 1.75, 1, -0.5
694 -> 383, -3, 0.75, 1, -0.5
