339 -> 268, -5, 1.25, 3, -0.5
345 -> 268, -5, 1.25, 2, -0.5
364 -> 268, -2, 1.25, 1, -0.5
366 -> 268, -5, 1.75, 5, -2
366 -> 268, -3, 1.25, 3, -1.5
368 -> 268, -2, 1.75, 5, -0.5
369 -> 268, -3, 0.75, 5, -0.5
369 -> 268, -5, 1.75, 3, -2
369 -> 268, -5, 1.75, 2, -2
371 -> 268, -1, 1.25, 5, -1
371 -> 268, -1, 0.75, 1, -1
373 -> 268, -4, 0.75, 3, -0.5
375 -> 268, -3, 1.75, 4, -0.5
375 -> 268, -1, 1.25, 1, -0.5
377 -> 268, -4, 1.75, 3, -2
377 -> 268, -4, 1.75, 2, -2
377 -> 268, -4, 1.75, 4, -2
379 -> 268, -2, 1.25, 2, -0.5
381 -> 268, -5, 0.75, 4, -1
382 -> 268, -5, 1.75, 4, -2
386 -> 268, -3, 0.75, 3, -0.5
386 -> 268, -5, 0.75, 2, -1
386 -> 268, -4, 1.25, 5, -2
386 -> 268, -3, 1.75, 1, -0.5
387 -> 268, -3, 1.25, 4, -1.5
387 -> 268, -1, 1.75, 5, -1
387 -> 268, -2, 0.75, 1, -0.5
388 -> 268, -5, 0.25, 2, -0.5
389 -> 268, -3, 0.25, 1, -2
389 -> 268, -3, 0.25, 2, -2
391 -> 268, -4, 1.25, 1, -0.5
391 -> 268, -1, 0.75, 5, -0.5
393 -> 268, -3, 1.25, 2, -0.5
393 -> 268, -3, 1.75, 5, -1
394 -> 268, -1, 1.75, 1, -1
394 -> 268, -5, 1.25, 5, -1.5
394 -> 268, -1, 1.25, 4, -1
395 -> 268, -3, 1.25, 5, -1.5
395 -> 268, -1, 1.75, 1, -0.5
395 -> 268, -2, 1.75, 2, -1.5
395 -> 268, -1, 1.75, 2, -1
397 -> 268, -1, 0.75, 3, -0.5
397 -> 268, -4, 1.75, 5, -2
397 -> 268, -1, 0.75, 2, -0.5
397 -> 268, -1, 0.75, 4, -0.5
397 -> 268, -2, 1.25, 5, -2
398 -> 268, -2, 1.75, 1, -1
398 -> 268, -1, 1.25, 4, -1.5
399 -> 268, -2, 0.75, 3, -1
399 -> 268, -4, 1.25, 5, -1
400 -> 268, -1, 1.75, 5, -1.5
400 -> 268, -2, 0.75, 4, -0.5
401 -> 268, -5, 1.75, 4, -1.5
401 -> 268, -5, 0.75, 3, -1
401 -> 268, -5, 1.75, 5, -1.5
401 -> 268, -2, 0.75, 4, -1
402 -> 268, -4, 0.75, 5, -0.5
403 -> 268, -3, 0.75, 4, -0.5
403 -> 268, -1, 0.75, 1, -0.5
404 -> 268, -2, 1.75, 5, -1
404 -> 268, -2, 1.75, 4, -1
406 -> 268, -1, 1.25, 2, -1.5
406 -> 268, -2, 1.25, 3, -1
408 -> 268, -3, 0.75, 3, -1
409 -> 268, -4, 1.75, 4, -0.5
411 -> 268, -2, 1.25, 4, -1
411 -> 268, -5, 1.25, 4, -1.5
411 -> 268, -4, 1.25, 4, -1.5
411 -> 268, -5, 1.75, 1, -0.5
412 -> 268, -4, 1.25, 3, -1.5
412 -> 268, -5, 1.75, 2, -1.5
412 -> 268, -5, 1.75, 5, -0.5
412 -> 268, -2, 0.75, 2, -1
413 -> 268, -1, 1.25, 2, -1
413 -> 268, -4, 1.75, 5, -1
414 -> 268, -3, 1.25, 1, -1.5
416 -> 268, -4, 1.75, 3, -1
416 -> 268, -4, 1.75, 4, -1
416 -> 268, -4, 1.75, 2, -1
416 -> 268, -4, 1.75, 1, -1
417 -> 268, -3, 1.25, 4, -0.5
417 -> 268, -3, 1.25, 3, -0.5
417 -> 268, -3, 1.75, 5, -0.5
417 -> 268, -1, 1.75, 3, -0.5
417 -> 268, -5, 1.75, 3, -1.5
418 -> 268, -2, 1.75, 5, -2
418 -> 268, -2, 1.75, 4, -2
418 -> 268, -2, 1.75, 4, -0.5
418 -> 268, -2, 1.75, 3, -2
418 -> 268, -5, 1.75, 5, -1
419 -> 268, -5, 1.75, 3, -1
419 -> 268, -5, 1.75, 4, -1
419 -> 268, -1, 0.75, 5, -1
420 -> 268, -4, 0.75, 2, -0.5
420 -> 268, -2, 1.75, 1, -0.5
420 -> 268, -1, 1.75, 2, -0.5
420 -> 268, -5, 0.75, 4, -2
421 -> 268, -5, 0.75, 3, -2
422 -> 268, -3, 0.25, 4, -2
422 -> 268, -3, 0.25, 3, -2
424 -> 268, -2, 0.75, 5, -1
424 -> 268, -1, 1.25, 3, -1
425 -> 268, -1, 1.75, 4, -1.5
425 -> 268, -2, 1.25, 2, -1.5
426 -> 268, -1, 1.75, 4, -2
426 -> 268, -4, 1.25, 3, -0.5
426 -> 268, -1, 1.75, 5, -2
426 -> 268, -1, 1.75, 3, -2
426 -> 268, -3, 1.75, 3, -0.5
426 -> 268, -3, 1.75, 2, -0.5
426 -> 268, -5, 1.75, 2, -1
427 -> 268, -5, 0.75, 3, -1.5
427 -> 268, -5, 0.75, 2, -1.5
427 -> 268, -5, 0.75, 5, -1.5
427 -> 268, -5, 0.75, 4, -1.5
428 -> 268, -1, 0.75, 3, -1
428 -> 268, -2, 0.25, 5, -1
428 -> 268, -2, 0.25, 4, -1
428 -> 268, -1, 0.75, 4, -1
429 -> 268, -3, 1.75, 5, -1.5
429 -> 268, -4, 1.75, 5, -0.5
430 -> 268, -3, 0.25, 2, -0.5
430 -> 268, -3, 1.75, 4, -1
431 -> 268, -2, 1.75, 3, -1
431 -> 268, -3, 0.25, 5, -2
431 -> 268, -4, 1.25, 2, -1
431 -> 268, -3, 1.25, 1, -0.5
432 -> 268, -1, 1.75, 5, -0.5
432 -> 268, -2, 0.75, 3, -0.5
432 -> 268, -2, 0.75, 2, -0.5
432 -> 268, -2, 1.75, 2, -1
432 -> 268, -2, 1.75, 1, -1.5
433 -> 268, -3, 1.25, 2, -1
433 -> 268, -5, 1.75, 1, -2
433 -> 268, -3, 1.25, 1, -1
434 -> 268, -4, 0.75, 4, -1
434 -> 268, -1, 1.25, 3, -1.5
434 -> 268, -2, 0.25, 1, -1
434 -> 268, -2, 0.25, 2, -1
434 -> 268, -2, 0.25, 3, -1
435 -> 268, -1, 1.25, 5, -1.5
435 -> 268, -5, 1.75, 1, -1.5
436 -> 268, -2, 0.25, 1, -1.5
436 -> 268, -2, 1.25, 1, -1
436 -> 268, -2, 1.25, 2, -1
438 -> 268, -2, 0.25, 4, -1.5
438 -> 268, -5, 1.25, 3, -1.5
438 -> 268, -2, 0.25, 3, -1.5
438 -> 268, -2, 1.25, 5, -1
438 -> 268, -1, 0.75, 1, -1.5
438 -> 268, -5, 1.75, 3, -0.5
438 -> 268, -5, 1.25, 2, -1.5
438 -> 268, -1, 1.25, 1, -1.5
439 -> 268, -3, 0.75, 2, -0.5
439 -> 268, -3, 0.75, 1, -0.5
439 -> 268, -1, 1.25, 5, -0.5
439 -> 268, -1, 1.75, 1, -2
439 -> 268, -5, 0.25, 1, -0.5
439 -> 268, -5, 0.25, 3, -0.5
439 -> 268, -1, 1.75, 2, -2
440 -> 268, -1, 1.25, 1, -1
441 -> 268, -2, 1.25, 5, -1.5
441 -> 268, -4, 0.25, 1, -1.5
441 -> 268, -3, 1.75, 3, -1.5
441 -> 268, -4, 0.25, 2, -1.5
441 -> 268, -4, 0.25, 3, -1.5
441 -> 268, -3, 1.75, 4, -1.5
441 -> 268, -3, 1.25, 2, -1.5
442 -> 268, -2, 1.25, 3, -1.5
442 -> 268, -2, 1.25, 4, -1.5
444 -> 268, -1, 1.75, 3, -1.5
444 -> 268, -1, 0.75, 2, -1
444 -> 268, -1, 1.25, 3, -2
444 -> 268, -2, 0.25, 2, -1.5
444 -> 268, -3, 0.25, 3, -0.5
444 -> 268, -1, 1.25, 3, -0.5
444 -> 268, -1, 1.25, 4, -0.5
444 -> 268, -1, 1.25, 2, -0.5
444 -> 268, -1, 1.75, 2, -1.5
445 -> 268, -2, 1.25, 1, -1.5
446 -> 268, -2, 0.75, 5, -0.5
446 -> 268, -2, 0.75, 2, -2
446 -> 268, -2, 0.75, 3, -2
447 -> 268, -3, 1.75, 3, -1
447 -> 268, -5, 0.25, 5, -2
447 -> 268, -3, 1.75, 2, -1
448 -> 268, -4, 1.25, 2, -0.5
448 -> 268, -2, 1.75, 1, -2
448 -> 268, -2, 1.75, 2, -2
449 -> 268, -5, 0.75, 2, -2
450 -> 268, -4, 1.25, 4, -1
450 -> 268, -4, 0.75, 3, -1
451 -> 268, -2, 0.75, 1, -1
452 -> 268, -2, 0.75, 4, -2
452 -> 268, -2, 0.25, 5, -2
452 -> 268, -2, 0.25, 4, -2
452 -> 268, -2, 0.25, 3, -2
452 -> 268, -4, 0.25, 4, -1.5
452 -> 268, -4, 0.75, 4, -0.5
453 -> 268, -1, 1.75, 3, -1
453 -> 268, -1, 1.75, 1, -1.5
453 -> 268, -5, 1.75, 1, -1
453 -> 268, -1, 1.75, 4, -1
454 -> 268, -4, 1.75, 1, -2
455 -> 268, -4, 1.25, 5, -1.5
455 -> 268, -3, 0.75, 1, -1.5
455 -> 268, -3, 1.75, 1, -1
456 -> 268, -4, 0.75, 5, -1
457 -> 268, -4, 0.75, 2, -1
458 -> 268, -1, 1.25, 4, -2
458 -> 268, -5, 0.75, 1, -2
459 -> 268, -1, 1.25, 5, -2
460 -> 268, -4, 0.75, 4, -2
460 -> 268, -2, 0.75, 5, -2
461 -> 268, -1, 1.75, 4, -0.5
462 -> 268, -2, 1.25, 4, -0.5
462 -> 268, -2, 1.25, 3, -0.5
462 -> 268, -2, 0.25, 5, -1.5
462 -> 268, -2, 1.25, 5, -0.5
463 -> 268, -2, 0.25, 1, -2
463 -> 268, -2, 0.25, 2, -2
463 -> 268, -5, 1.25, 5, -1
464 -> 268, -2, 0.25, 4, -0.5
465 -> 268, -5, 0.75, 5, -2
465 -> 268, -4, 0.25, 2, -0.5
465 -> 268, -2, 1.75, 2, -0.5
465 -> 268, -2, 1.75, 5, -1.5
465 -> 268, -4, 0.25, 1, -2
465 -> 268, -2, 1.75, 4, -1.5
465 -> 268, -4, 0.25, 1, -0.5
465 -> 268, -2, 1.75, 3, -1.5
466 -> 268, -2, 1.75, 3, -0.5
466 -> 268, -3, 1.75, 4, -2
466 -> 268, -3, 1.75, 5, -2
466 -> 268, -3, 1.75, 2, -2
466 -> 268, -3, 1.75, 3, -2
467 -> 268, -5, 0.25, 3, -2
467 -> 268, -1, 0.75, 5, -1.5
467 -> 268, -5, 0.25, 4, -2
467 -> 268, -5, 0.25, 1, -2
467 -> 268, -5, 0.25, 2, -2
468 -> 268, -1, 0.75, 2, -2
468 -> 268, -1, 0.75, 5, -2
468 -> 268, -1, 0.75, 1, -2
468 -> 268, -1, 0.75, 4, -2
468 -> 268, -1, 0.75, 3, -2
469 -> 268, -4, 1.25, 1, -1
469 -> 268, -4, 1.25, 3, -2
469 -> 268, -4, 1.25, 2, -2
469 -> 268, -4, 1.25, 4, -2
470 -> 268, -4, 0.25, 2, -2
470 -> 268, -4, 1.25, 4, -0.5
470 -> 268, -3, 1.75, 1, -2
470 -> 268, -4, 1.75, 3, -0.5
470 -> 268, -4, 1.25, 5, -0.5
471 -> 268, -4, 1.25, 1, -2
472 -> 268, -2, 0.75, 2, -1.5
472 -> 268, -1, 0.25, 4, -1.5
472 -> 268, -2, 0.75, 1, -1.5
472 -> 268, -3, 0.75, 5, -1
472 -> 268, -2, 0.75, 3, -1.5
472 -> 268, -2, 0.25, 5, -0.5
473 -> 268, -1, 0.25, 5, -1.5
474 -> 268, -4, 0.25, 5, -2
474 -> 268, -3, 0.25, 1, -1
474 -> 268, -4, 0.25, 3, -2
474 -> 268, -2, 0.75, 1, -2
474 -> 268, -4, 0.25, 4, -2
474 -> 268, -3, 0.25, 4, -0.5
475 -> 268, -4, 0.25, 4, -0.5
475 -> 268, -4, 0.25, 3, -0.5
475 -> 268, -4, 0.25, 5, -0.5
476 -> 268, -2, 1.25, 4, -2
476 -> 268, -1, 0.25, 2, -1.5
476 -> 268, -2, 1.25, 3, -2
476 -> 268, -2, 1.25, 2, -2
476 -> 268, -2, 1.25, 1, -2
477 -> 268, -1, 0.25, 1, -1
477 -> 268, -1, 0.75, 2, -1.5
479 -> 268, -4, 0.25, 5, -1
479 -> 268, -3, 1.25, 5, -0.5
479 -> 268, -5, 0.75, 1, -1
479 -> 268, -1, 0.25, 3, -1.5
479 -> 268, -4, 0.25, 4, -1
480 -> 268, -2, 0.25, 2, -0.5
481 -> 268, -3, 0.75, 4, -1
481 -> 268, -5, 1.75, 2, -0.5
481 -> 268, -1, 0.25, 5, -2
482 -> 268, -4, 0.75, 5, -1.5
482 -> 268, -4, 0.75, 4, -1.5
482 -> 268, -4, 0.75, 2, -1.5
482 -> 268, -4, 0.75, 3, -1.5
482 -> 268, -4, 0.75, 1, -1.5
483 -> 268, -4, 0.25, 5, -1.5
483 -> 268, -5, 1.25, 4, -1
483 -> 268, -4, 0.25, 1, -1
483 -> 268, -5, 1.25, 3, -1
483 -> 268, -2, 0.75, 4, -1.5
483 -> 268, -5, 0.75, 1, -1.5
484 -> 268, -2, 0.25, 3, -0.5
484 -> 268, -4, 0.25, 3, -1
484 -> 268, -4, 1.25, 3, -1
484 -> 268, -2, 0.75, 5, -1.5
485 -> 268, -2, 0.25, 1, -0.5
486 -> 268, -3, 1.75, 2, -1.5
486 -> 268, -3, 0.75, 2, -1
486 -> 268, -5, 0.25, 1, -1
486 -> 268, -3, 1.75, 1, -1.5
487 -> 268, -4, 1.25, 2, -1.5
487 -> 268, -4, 1.25, 1, -1.5
488 -> 268, -4, 1.75, 1, -1.5
488 -> 268, -4, 1.75, 2, -1.5
488 -> 268, -1, 0.25, 2, -1
488 -> 268, -1, 0.25, 4, -1
488 -> 268, -1, 0.25, 5, -1
489 -> 268, -1, 0.25, 1, -0.5
489 -> 268, -1, 0.25, 3, -0.5
489 -> 268, -1, 0.25, 5, -0.5
489 -> 268, -3, 0.75, 1, -2
489 -> 268, -1, 0.25, 4, -0.5
489 -> 268, -1, 0.25, 2, -0.5
491 -> 268, -1, 1.25, 1, -2
491 -> 268, -1, 1.25, 2, -2
492 -> 268, -3, 0.25, 3, -1
492 -> 268, -3, 0.25, 4, -1
492 -> 268, -3, 0.25, 2, -1
492 -> 268, -3, 0.25, 5, -1
492 -> 268, -3, 0.25, 5, -1.5
493 -> 268, -1, 0.25, 3, -1
494 -> 268, -1, 0.75, 3, -1.5
494 -> 268, -1, 0.75, 4, -1.5
497 -> 268, -3, 0.25, 1, -0.5
499 -> 268, -1, 0.25, 1, -1.5
502 -> 268, -4, 0.75, 3, -2
503 -> 268, -5, 1.25, 1, -1.5
503 -> 268, -4, 1.75, 1, -0.5
504 -> 268, -5, 1.25, 5, -2
504 -> 268, -5, 1.25, 4, -2
504 -> 268, -5, 1.25, 3, -2
504 -> 268, -5, 1.25, 2, -2
504 -> 268, -5, 1.25, 1, -2
506 -> 268, -5, 0.25, 5, -0.5
506 -> 268, -5, 0.25, 4, -0.5
508 -> 268, -5, 0.25, 5, -1
509 -> 268, -1, 0.25, 3, -2
509 -> 268, -1, 0.25, 2, -2
509 -> 268, -4, 0.75, 5, -2
509 -> 268, -1, 0.25, 1, -2
510 -> 268, -1, 0.25, 4, -2
511 -> 268, -4, 0.75, 1, -1
513 -> 268, -3, 0.75, 5, -2
513 -> 268, -3, 0.75, 3, -2
513 -> 268, -3, 0.75, 4, -2
513 -> 268, -3, 0.75, 2, -2
517 -> 268, -4, 1.75, 4, -1.5
517 -> 268, -4, 1.75, 3, -1.5
517 -> 268, -4, 1.75, 5, -1.5
518 -> 268, -5, 0.25, 2, -1.5
518 -> 268, -5, 0.25, 3, -1.5
518 -> 268, -5, 0.25, 5, -1.5
518 -> 268, -5, 0.25, 4, -1.5
519 -> 268, -4, 0.75, 2, -2
519 -> 268, -4, 0.75, 1, -2
521 -> 268, -5, 0.25, 1, -1.5
522 -> 268, -3, 1.25, 4, -1
522 -> 268, -3, 1.25, 5, -1
522 -> 268, -3, 1.25, 3, -1
523 -> 268, -5, 0.25, 4, -1
524 -> 268, -4, 1.75, 2, -0.5
528 -> 268, -3, 0.75, 1, -1
529 -> 268, -3, 1.25, 1, -2
529 -> 268, -3, 1.25, 3, -2
529 -> 268, -3, 1.25, 5, -2
529 -> 268, -3, 1.25, 2, -2
529 -> 268, -3, 1.25, 4, -2
541 -> 268, -5, 0.75, 5, -1
543 -> 268, -3, 0.25, 2, -1.5
543 -> 268, -3, 0.25, 3, -1.5
543 -> 268, -3, 0.25, 1, -1.5
543 -> 268, -3, 0.25, 4, -1.5
550 -> 268, -4, 0.25, 2, -1
553 -> 268, -5, 1.25, 1, -1
553 -> 268, -5, 0.25, 3, -1
553 -> 268, -5, 0.25, 2, -1
553 -> 268, -5, 1.25, 2, -1
555 -> 268, -3, 0.25, 5, -0.5
558 -> 268, -5, 1.75, 4, -0.5
568 -> 268, -3, 0.75, 2, -1.5
568 -> 268, -3, 0.75, 3, -1.5
568 -> 268, -3, 0.75, 5, -1.5
568 -> 268, -3, 0.75, 4, -1.5
586 -> 268, -5, 0.75, 5, -0.5
598 -> 268, -5, 0.75, 4, -0.5
645 -> 268, -5, 0.75, 3, -0.5
645 -> 268, -5, 0.75, 2, -0.5
645 -> 268, -5, 0.75, 1, -0.5
666 -> 268, -5, 1.25, 4, -0.5
666 -> 268, -5, 1.25, 5, -0.5
695 -> 268, -5, 1.25, 1, -0.5
725 -> 268, -4, 0.75, 1, -0.5
