351 -> 194, -3, 0.75, 3, -0.5
362 -> 194, -3, 1.75, 1, -2
370 -> 194, -4, 1.75, 4, -2
376 -> 194, -5, 1.75, 3, -1
380 -> 194, -5, 0.25, 2, -0.5
381 -> 194, -5, 1.75, 3, -1.5
382 -> 194, -1, 1.75, 4, -0.5
387 -> 194, -1, 1.75, 2, -0.5
388 -> 194, -3, 0.75, 5, -0.5
388 -> 194, -5, 0.75, 5, -1.5
391 -> 194, -1, 0.25, 5, -2
392 -> 194, -5, 0.75, 4, -2
393 -> 194, -1, 1.25, 3, -0.5
393 -> 194, -4, 1.75, 2, -1
393 -> 194, -5, 0.25, 1, -2
393 -> 194, -1, 1.25, 2, -0.5
394 -> 194, -5, 0.25, 5, -2
394 -> 194, -5, 0.25, 2, -2
394 -> 194, -5, 0.25, 3, -2
394 -> 194, -5, 0.25, 4, -2
394 -> 194, -4, 1.75, 1, -1
395 -> 194, -2, 0.25, 5, -0.5
396 -> 194, -3, 1.75, 5, -1.5
396 -> 194, -2, 1.75, 2, -1
397 -> 194, -4, 0.75, 5, -1
398 -> 194, -3, 1.25, 3, -0.5
398 -> 194, -1, 1.25, 4, -0.5
402 -> 194, -3, 1.25, 5, -2
402 -> 194, -3, 1.25, 4, -2
403 -> 194, -4, 1.75, 2, -2
404 -> 194, -5, 0.75, 3, -2
404 -> 194, -5, 0.75, 2, -2
405 -> 194, -2, 1.75, 1, -1.5
407 -> 194, -2, 1.25, 1, -0.5
407 -> 194, -5, 0.75, 5, -2
408 -> 194, -4, 0.75, 5, -1.5
408 -> 194, -1, 1.75, 5, -0.5
408 -> 194, -1, 1.25, 2, -2
409 -> 194, -4, 1.75, 3, -1
409 -> 194, -3, 1.75, 1, -0.5
409 -> 194, -3, 1.75, 2, -0.5
409 -> 194, -1, 0.75, 3, -0.5
410 -> 194, -1, 1.25, 1, -0.5
410 -> 194, -3, 1.75, 2, -1
410 -> 194, -4, 1.25, 4, -2
410 -> 194, -4, 1.25, 5, -2
412 -> 194, -4, 0.75, 5, -0.5
412 -> 194, -5, 0.75, 3, -0.5
413 -> 194, -3, 0.75, 4, -2
417 -> 194, -3, 1.25, 4, -1
417 -> 194, -3, 1.25, 5, -1
417 -> 194, -1, 0.75, 4, -0.5
418 -> 194, -1, 1.75, 1, -0.5
418 -> 194, -5, 0.75, 2, -1.5
419 -> 194, -3, 1.25, 2, -0.5
419 -> 194, -1, 1.25, 5, -0.5
419 -> 194, -5, 1.25, 2, -1.5
419 -> 194, -5, 1.25, 1, -2
420 -> 194, -1, 0.75, 5, -0.5
421 -> 194, -2, 1.75, 5, -0.5
421 -> 194, -5, 0.75, 1, -2
422 -> 194, -1, 0.75, 3, -1
422 -> 194, -1, 0.75, 2, -1
422 -> 194, -5, 0.75, 4, -0.5
422 -> 194, -2, 1.25, 1, -1.5
423 -> 194, -4, 0.75, 3, -1.5
423 -> 194, -4, 0.75, 2, -1.5
423 -> 194, -3, 1.25, 1, -0.5
425 -> 194, -2, 1.75, 2, -2
425 -> 194, -2, 1.75, 3, -2
425 -> 194, -3, 1.75, 4, -1.5
425 -> 194, -2, 1.75, 4, -2
425 -> 194, -2, 1.75, 1, -2
426 -> 194, -3, 1.25, 5, -1.5
426 -> 194, -3, 1.25, 4, -1.5
427 -> 194, -1, 1.25, 4, -2
427 -> 194, -1, 1.25, 5, -2
427 -> 194, -3, 1.75, 3, -1
427 -> 194, -3, 1.75, 4, -1
427 -> 194, -3, 0.25, 3, -0.5
428 -> 194, -5, 0.75, 1, -1.5
428 -> 194, -3, 1.25, 2, -1.5
428 -> 194, -4, 1.25, 1, -2
429 -> 194, -5, 1.25, 4, -1.5
429 -> 194, -1, 1.75, 2, -2
429 -> 194, -1, 1.75, 3, -0.5
429 -> 194, -1, 0.75, 4, -1
429 -> 194, -1, 1.75, 3, -2
430 -> 194, -1, 1.75, 5, -1
430 -> 194, -4, 0.25, 3, -1
431 -> 194, -2, 1.25, 5, -2
431 -> 194, -4, 0.75, 4, -1
431 -> 194, -2, 1.25, 4, -2
431 -> 194, -1, 0.25, 5, -0.5
431 -> 194, -2, 1.25, 3, -2
431 -> 194, -1, 1.25, 1, -2
431 -> 194, -1, 1.25, 3, -2
431 -> 194, -3, 0.75, 4, -0.5
432 -> 194, -5, 1.75, 2, -1.5
432 -> 194, -1, 1.75, 1, -1.5
432 -> 194, -4, 0.25, 2, -1
433 -> 194, -4, 1.75, 1, -1.5
433 -> 194, -1, 0.25, 1, -2
433 -> 194, -4, 0.75, 1, -1.5
435 -> 194, -2, 0.25, 2, -1
435 -> 194, -5, 1.75, 3, -2
435 -> 194, -2, 0.25, 3, -1
436 -> 194, -3, 0.75, 4, -1.5
436 -> 194, -3, 0.75, 5, -1.5
436 -> 194, -3, 0.25, 2, -1.5
436 -> 194, -4, 1.75, 1, -2
437 -> 194, -3, 1.75, 4, -2
437 -> 194, -2, 1.25, 4, -1
437 -> 194, -3, 1.75, 3, -2
437 -> 194, -1, 1.25, 4, -1
437 -> 194, -3, 1.75, 2, -2
437 -> 194, -3, 0.75, 3, -1.5
438 -> 194, -1, 1.75, 3, -1
438 -> 194, -1, 1.75, 1, -1
438 -> 194, -1, 1.25, 4, -1.5
438 -> 194, -1, 0.75, 5, -1
438 -> 194, -1, 1.75, 2, -1
438 -> 194, -3, 0.25, 2, -0.5
438 -> 194, -2, 0.25, 5, -1
439 -> 194, -4, 0.25, 4, -1
439 -> 194, -3, 0.25, 1, -0.5
439 -> 194, -5, 0.75, 1, -0.5
439 -> 194, -3, 1.75, 5, -0.5
440 -> 194, -5, 1.75, 2, -2
440 -> 194, -3, 0.75, 2, -1.5
441 -> 194, -1, 0.75, 3, -1.5
441 -> 194, -2, 1.75, 5, -2
441 -> 194, -1, 0.75, 4, -1.5
443 -> 194, -1, 1.75, 4, -1
444 -> 194, -1, 1.75, 2, -1.5
444 -> 194, -5, 1.25, 3, -1.5
444 -> 194, -2, 1.25, 5, -1
444 -> 194, -2, 0.25, 3, -2
444 -> 194, -2, 0.25, 5, -2
444 -> 194, -3, 1.75, 3, -0.5
444 -> 194, -2, 0.25, 4, -2
444 -> 194, -2, 0.25, 2, -2
444 -> 194, -3, 1.75, 1, -1
445 -> 194, -4, 1.25, 1, -1.5
446 -> 194, -2, 1.25, 3, -1
446 -> 194, -2, 1.25, 2, -1
446 -> 194, -1, 1.25, 3, -1.5
446 -> 194, -4, 1.75, 5, -1.5
446 -> 194, -2, 1.25, 1, -1
447 -> 194, -4, 0.75, 2, -1
447 -> 194, -1, 1.75, 4, -2
447 -> 194, -4, 1.25, 3, -2
447 -> 194, -4, 1.25, 2, -2
450 -> 194, -1, 0.75, 2, -1.5
450 -> 194, -1, 0.75, 1, -1.5
450 -> 194, -1, 1.75, 1, -2
450 -> 194, -3, 0.25, 5, -2
450 -> 194, -3, 0.25, 4, -2
450 -> 194, -3, 0.75, 5, -2
451 -> 194, -1, 1.75, 4, -1.5
451 -> 194, -1, 1.75, 5, -2
451 -> 194, -1, 1.75, 5, -1.5
451 -> 194, -1, 1.75, 3, -1.5
452 -> 194, -2, 1.75, 3, -0.5
453 -> 194, -4, 0.25, 5, -1
454 -> 194, -5, 1.75, 4, -2
454 -> 194, -5, 1.75, 5, -2
455 -> 194, -4, 0.25, 3, -0.5
455 -> 194, -4, 0.25, 5, -0.5
455 -> 194, -4, 0.25, 4, -0.5
455 -> 194, -1, 0.25, 2, -2
455 -> 194, -4, 0.25, 2, -0.5
456 -> 194, -2, 0.25, 1, -1
457 -> 194, -2, 0.75, 2, -1.5
457 -> 194, -5, 1.25, 5, -1.5
457 -> 194, -5, 1.75, 5, -1
457 -> 194, -2, 0.75, 1, -1.5
457 -> 194, -1, 1.25, 3, -1
458 -> 194, -5, 1.25, 2, -1
458 -> 194, -5, 1.25, 3, -1
459 -> 194, -3, 1.25, 3, -1
459 -> 194, -5, 1.75, 1, -2
459 -> 194, -1, 1.25, 5, -1.5
460 -> 194, -5, 0.25, 5, -0.5
460 -> 194, -5, 0.25, 4, -0.5
461 -> 194, -4, 1.75, 3, -1.5
461 -> 194, -4, 1.75, 4, -1.5
461 -> 194, -1, 0.75, 1, -0.5
461 -> 194, -4, 1.75, 2, -1.5
461 -> 194, -1, 0.75, 2, -0.5
462 -> 194, -2, 0.75, 1, -2
462 -> 194, -3, 1.75, 5, -2
463 -> 194, -5, 1.75, 1, -0.5
463 -> 194, -5, 1.25, 1, -1.5
463 -> 194, -3, 0.25, 5, -1
464 -> 194, -2, 0.25, 4, -0.5
464 -> 194, -2, 0.75, 3, -1
465 -> 194, -3, 1.25, 1, -2
466 -> 194, -4, 0.75, 5, -2
466 -> 194, -1, 0.75, 5, -1.5
466 -> 194, -3, 0.25, 4, -1
466 -> 194, -5, 1.75, 1, -1
466 -> 194, -5, 1.75, 2, -1
467 -> 194, -3, 0.25, 4, -0.5
467 -> 194, -4, 0.75, 2, -2
467 -> 194, -1, 0.25, 4, -2
467 -> 194, -3, 1.25, 3, -1.5
467 -> 194, -3, 0.25, 5, -0.5
468 -> 194, -2, 0.25, 1, -0.5
469 -> 194, -2, 0.75, 5, -2
469 -> 194, -2, 0.75, 4, -2
469 -> 194, -4, 0.75, 3, -0.5
469 -> 194, -3, 0.25, 3, -1.5
469 -> 194, -2, 0.75, 3, -2
469 -> 194, -3, 0.25, 4, -1.5
469 -> 194, -2, 0.75, 2, -2
469 -> 194, -2, 1.75, 1, -1
470 -> 194, -1, 0.25, 2, -1.5
470 -> 194, -1, 0.75, 3, -2
470 -> 194, -1, 0.25, 4, -1.5
470 -> 194, -1, 0.25, 1, -1.5
470 -> 194, -1, 0.25, 3, -1.5
470 -> 194, -1, 0.25, 5, -1.5
471 -> 194, -3, 1.75, 3, -1.5
471 -> 194, -4, 0.75, 4, -0.5
471 -> 194, -3, 1.75, 1, -1.5
471 -> 194, -3, 1.75, 2, -1.5
471 -> 194, -1, 0.75, 2, -2
472 -> 194, -5, 0.25, 3, -0.5
473 -> 194, -4, 0.25, 1, -1
473 -> 194, -1, 0.25, 4, -0.5
473 -> 194, -1, 0.25, 3, -2
474 -> 194, -3, 1.25, 3, -2
474 -> 194, -3, 1.25, 2, -2
474 -> 194, -1, 0.25, 3, -0.5
475 -> 194, -4, 1.25, 4, -1
475 -> 194, -4, 1.25, 3, -1
475 -> 194, -3, 1.75, 5, -1
475 -> 194, -3, 0.25, 5, -1.5
475 -> 194, -2, 1.25, 2, -0.5
475 -> 194, -4, 1.25, 5, -1
476 -> 194, -2, 0.25, 5, -1.5
477 -> 194, -4, 0.75, 3, -1
477 -> 194, -2, 0.75, 4, -1
478 -> 194, -3, 0.25, 3, -1
478 -> 194, -5, 1.75, 4, -1
478 -> 194, -3, 0.25, 1, -1
478 -> 194, -3, 0.25, 2, -1
479 -> 194, -3, 0.75, 3, -1
479 -> 194, -3, 0.75, 4, -1
480 -> 194, -4, 0.75, 4, -1.5
480 -> 194, -3, 1.25, 1, -1.5
480 -> 194, -4, 0.75, 1, -2
481 -> 194, -5, 0.75, 4, -1.5
481 -> 194, -2, 1.75, 2, -0.5
481 -> 194, -5, 0.75, 3, -1.5
482 -> 194, -2, 1.25, 5, -0.5
482 -> 194, -2, 1.25, 4, -0.5
483 -> 194, -2, 0.75, 1, -1
483 -> 194, -2, 0.25, 4, -1.5
483 -> 194, -4, 1.25, 4, -0.5
483 -> 194, -2, 0.25, 2, -1.5
483 -> 194, -2, 0.25, 3, -1.5
483 -> 194, -1, 1.25, 5, -1
483 -> 194, -1, 0.25, 5, -1
483 -> 194, -1, 0.25, 4, -1
483 -> 194, -2, 1.75, 1, -0.5
483 -> 194, -2, 0.25, 1, -1.5
483 -> 194, -1, 0.25, 3, -1
483 -> 194, -1, 0.25, 2, -1
484 -> 194, -5, 1.75, 5, -0.5
484 -> 194, -5, 1.75, 4, -0.5
484 -> 194, -1, 0.75, 4, -2
484 -> 194, -2, 1.25, 2, -1.5
485 -> 194, -5, 1.25, 5, -2
485 -> 194, -5, 1.25, 2, -2
485 -> 194, -5, 1.25, 3, -2
485 -> 194, -1, 1.25, 1, -1.5
485 -> 194, -1, 1.25, 2, -1.5
485 -> 194, -5, 1.25, 4, -2
485 -> 194, -4, 1.25, 1, -1
485 -> 194, -3, 0.25, 2, -2
485 -> 194, -2, 0.75, 3, -0.5
485 -> 194, -3, 0.75, 3, -2
485 -> 194, -2, 0.75, 5, -0.5
485 -> 194, -3, 0.75, 2, -2
485 -> 194, -3, 1.75, 4, -0.5
485 -> 194, -3, 0.25, 3, -2
485 -> 194, -3, 0.75, 1, -2
485 -> 194, -3, 0.25, 1, -2
485 -> 194, -2, 0.75, 4, -0.5
486 -> 194, -3, 0.75, 5, -1
486 -> 194, -2, 1.25, 1, -2
486 -> 194, -2, 1.25, 2, -2
486 -> 194, -4, 1.75, 4, -0.5
487 -> 194, -3, 0.75, 1, -1
487 -> 194, -4, 1.25, 2, -1.5
487 -> 194, -2, 1.25, 3, -0.5
487 -> 194, -4, 0.25, 5, -2
488 -> 194, -4, 0.75, 3, -2
488 -> 194, -4, 0.75, 4, -2
490 -> 194, -2, 0.75, 2, -1
490 -> 194, -2, 1.75, 3, -1
490 -> 194, -2, 1.75, 4, -1
490 -> 194, -2, 1.75, 5, -1
491 -> 194, -5, 1.25, 1, -1
491 -> 194, -1, 0.75, 1, -2
492 -> 194, -4, 0.25, 2, -1.5
492 -> 194, -4, 0.25, 1, -1.5
493 -> 194, -1, 0.75, 1, -1
494 -> 194, -1, 0.25, 2, -0.5
495 -> 194, -2, 0.25, 4, -1
496 -> 194, -1, 0.75, 5, -2
496 -> 194, -2, 1.75, 4, -0.5
496 -> 194, -5, 1.25, 5, -0.5
497 -> 194, -4, 1.25, 2, -1
498 -> 194, -4, 1.75, 5, -0.5
498 -> 194, -4, 1.25, 5, -0.5
499 -> 194, -4, 0.75, 1, -1
499 -> 194, -4, 1.75, 3, -2
500 -> 194, -2, 0.75, 5, -1
501 -> 194, -1, 1.25, 1, -1
501 -> 194, -2, 1.25, 5, -1.5
501 -> 194, -1, 1.25, 2, -1
501 -> 194, -2, 1.25, 4, -1.5
501 -> 194, -2, 0.25, 2, -0.5
501 -> 194, -3, 0.75, 2, -1
501 -> 194, -2, 0.25, 3, -0.5
503 -> 194, -2, 1.25, 3, -1.5
503 -> 194, -3, 1.25, 5, -0.5
503 -> 194, -3, 1.25, 4, -0.5
505 -> 194, -2, 0.75, 5, -1.5
505 -> 194, -2, 0.75, 3, -1.5
505 -> 194, -2, 0.75, 4, -1.5
505 -> 194, -2, 0.75, 2, -0.5
510 -> 194, -4, 1.75, 5, -2
513 -> 194, -1, 0.25, 1, -1
513 -> 194, -3, 1.25, 2, -1
514 -> 194, -4, 0.25, 2, -2
514 -> 194, -4, 0.25, 1, -2
514 -> 194, -4, 0.25, 4, -2
514 -> 194, -4, 0.25, 3, -2
517 -> 194, -5, 1.75, 1, -1.5
524 -> 194, -3, 0.25, 1, -1.5
524 -> 194, -2, 0.25, 1, -2
524 -> 194, -4, 0.75, 2, -0.5
524 -> 194, -4, 0.75, 1, -0.5
525 -> 194, -2, 1.75, 2, -1.5
525 -> 194, -2, 1.75, 4, -1.5
525 -> 194, -2, 1.75, 5, -1.5
525 -> 194, -2, 1.75, 3, -1.5
531 -> 194, -4, 0.25, 4, -1.5
531 -> 194, -2, 0.75, 1, -0.5
531 -> 194, -4, 0.25, 3, -1.5
531 -> 194, -4, 0.25, 5, -1.5
534 -> 194, -3, 0.75, 1, -0.5
537 -> 194, -3, 0.75, 1, -1.5
538 -> 194, -5, 1.25, 4, -1
538 -> 194, -1, 0.25, 1, -0.5
538 -> 194, -5, 1.25, 5, -1
539 -> 194, -5, 0.75, 2, -0.5
542 -> 194, -3, 1.25, 1, -1
545 -> 194, -4, 1.25, 4, -1.5
545 -> 194, -4, 1.25, 3, -1.5
545 -> 194, -4, 1.25, 5, -1.5
546 -> 194, -5, 0.25, 1, -1
546 -> 194, -5, 0.25, 2, -1
551 -> 194, -5, 1.25, 4, -0.5
555 -> 194, -5, 0.25, 4, -1.5
555 -> 194, -5, 0.25, 3, -1.5
555 -> 194, -5, 0.25, 5, -1.5
555 -> 194, -5, 0.25, 2, -1.5
555 -> 194, -5, 0.25, 1, -1.5
556 -> 194, -4, 1.25, 1, -0.5
559 -> 194, -4, 0.25, 1, -0.5
568 -> 194, -5, 0.75, 1, -1
572 -> 194, -5, 0.25, 5, -1
573 -> 194, -5, 0.25, 4, -1
578 -> 194, -4, 1.25, 2, -0.5
578 -> 194, -4, 1.25, 3, -0.5
578 -> 194, -5, 0.25, 3, -1
583 -> 194, -5, 1.75, 3, -0.5
583 -> 194, -5, 1.75, 2, -0.5
593 -> 194, -5, 0.75, 2, -1
593 -> 194, -5, 0.75, 5, -1
593 -> 194, -5, 0.75, 3, -1
593 -> 194, -5, 0.75, 4, -1
599 -> 194, -4, 1.75, 5, -1
601 -> 194, -4, 1.75, 4, -1
609 -> 194, -5, 1.75, 4, -1.5
609 -> 194, -5, 1.75, 5, -1.5
611 -> 194, -5, 1.25, 3, -0.5
632 -> 194, -3, 0.75, 2, -0.5
673 -> 194, -5, 1.25, 1, -0.5
681 -> 194, -5, 1.25, 2, -0.5
681 -> 194, -5, 0.75, 5, -0.5
696 -> 194, -5, 0.25, 1, -0.5
707 -> 194, -4, 1.75, 3, -0.5
707 -> 194, -4, 1.75, 2, -0.5
707 -> 194, -4, 1.75, 1, -0.5
