25 -> 114, -1, 1.75, 1, -1
25 -> 114, -1, 1.75, 2, -1
324 -> 114, -5, 1.25, 2, -1
340 -> 114, -5, 1.25, 3, -2
344 -> 114, -4, 1.75, 1, -0.5
349 -> 114, -5, 0.75, 5, -2
351 -> 114, -3, 1.25, 2, -1.5
352 -> 114, -5, 1.75, 3, -2
352 -> 114, -5, 1.75, 2, -2
354 -> 114, -3, 1.75, 5, -2
354 -> 114, -4, 1.75, 2, -2
355 -> 114, -3, 1.75, 2, -2
358 -> 114, -2, 1.25, 1, -2
359 -> 114, -4, 1.75, 3, -2
360 -> 114, -5, 1.25, 5, -1.5
363 -> 114, -3, 1.25, 3, -2
363 -> 114, -4, 0.25, 5, -2
363 -> 114, -4, 0.25, 4, -2
364 -> 114, -4, 1.75, 5, -2
364 -> 114, -4, 1.75, 4, -2
365 -> 114, -2, 0.75, 4, -2
365 -> 114, -3, 1.75, 2, -1
367 -> 114, -2, 0.25, 2, -1
367 -> 114, -4, 1.25, 5, -2
368 -> 114, -5, 1.75, 3, -1.5
368 -> 114, -5, 1.75, 4, -1.5
369 -> 114, -4, 1.25, 5, -1.5
372 -> 114, -3, 1.75, 3, -1.5
374 -> 114, -4, 0.25, 3, -2
374 -> 114, -5, 1.75, 1, -2
375 -> 114, -3, 0.25, 5, -2
376 -> 114, -3, 0.75, 2, -0.5
376 -> 114, -3, 1.25, 2, -0.5
378 -> 114, -3, 0.75, 3, -1.5
378 -> 114, -3, 0.75, 5, -1.5
378 -> 114, -3, 0.75, 4, -1.5
381 -> 114, -4, 0.25, 1, -2
381 -> 114, -3, 1.25, 5, -2
381 -> 114, -3, 1.75, 1, -1
382 -> 114, -5, 1.25, 4, -2
382 -> 114, -4, 0.25, 2, -2
382 -> 114, -5, 1.25, 5, -2
383 -> 114, -4, 1.75, 2, -0.5
383 -> 114, -2, 1.25, 4, -1.5
384 -> 114, -5, 0.25, 3, -2
384 -> 114, -1, 1.75, 2, -2
384 -> 114, -5, 0.25, 2, -2
385 -> 114, -2, 1.25, 5, -0.5
385 -> 114, -5, 1.75, 5, -2
385 -> 114, -5, 1.75, 4, -2
386 -> 114, -4, 1.75, 5, -1.5
386 -> 114, -3, 1.25, 4, -2
388 -> 114, -4, 0.25, 2, -1.5
390 -> 114, -1, 1.25, 4, -0.5
390 -> 114, -1, 1.25, 5, -0.5
391 -> 114, -2, 1.75, 2, -2
392 -> 114, -2, 1.75, 3, -2
393 -> 114, -3, 1.75, 5, -0.5
393 -> 114, -5, 0.25, 5, -0.5
393 -> 114, -3, 0.25, 1, -2
393 -> 114, -5, 0.25, 4, -0.5
393 -> 114, -2, 0.25, 4, -0.5
395 -> 114, -2, 1.25, 3, -1.5
395 -> 114, -4, 1.25, 1, -2
396 -> 114, -4, 0.75, 1, -2
396 -> 114, -4, 1.25, 2, -2
396 -> 114, -2, 1.75, 4, -2
397 -> 114, -4, 0.75, 5, -2
397 -> 114, -3, 1.75, 1, -2
398 -> 114, -2, 1.75, 5, -1.5
398 -> 114, -5, 1.25, 5, -1
398 -> 114, -3, 0.75, 2, -1.5
398 -> 114, -2, 1.75, 4, -1.5
398 -> 114, -4, 1.75, 4, -1.5
398 -> 114, -1, 1.75, 3, -0.5
399 -> 114, -2, 1.25, 3, -2
399 -> 114, -5, 1.25, 1, -1
400 -> 114, -5, 1.75, 1, -1
400 -> 114, -5, 0.75, 3, -1.5
400 -> 114, -1, 1.75, 3, -1
400 -> 114, -5, 0.75, 5, -1.5
400 -> 114, -5, 0.75, 4, -1.5
400 -> 114, -5, 1.75, 2, -1
401 -> 114, -5, 0.75, 2, -1.5
402 -> 114, -5, 1.75, 2, -1.5
402 -> 114, -5, 1.75, 1, -1.5
402 -> 114, -4, 1.25, 3, -2
403 -> 114, -3, 1.25, 5, -1.5
404 -> 114, -4, 0.75, 1, -1.5
404 -> 114, -2, 1.25, 5, -2
404 -> 114, -4, 1.25, 1, -1.5
404 -> 114, -1, 0.75, 4, -2
404 -> 114, -2, 0.75, 4, -0.5
404 -> 114, -1, 0.75, 3, -2
404 -> 114, -3, 1.25, 1, -1.5
404 -> 114, -1, 0.75, 1, -1
404 -> 114, -2, 1.25, 4, -2
405 -> 114, -2, 0.75, 3, -2
405 -> 114, -3, 1.25, 2, -2
405 -> 114, -2, 1.75, 1, -0.5
406 -> 114, -3, 0.75, 2, -2
406 -> 114, -3, 1.25, 1, -0.5
406 -> 114, -1, 1.75, 5, -0.5
406 -> 114, -4, 1.25, 5, -1
408 -> 114, -3, 1.25, 1, -2
408 -> 114, -2, 1.75, 5, -2
408 -> 114, -3, 0.25, 3, -2
409 -> 114, -1, 0.75, 5, -2
409 -> 114, -3, 0.75, 3, -0.5
409 -> 114, -1, 1.75, 2, -1.5
410 -> 114, -4, 0.25, 5, -1.5
410 -> 114, -4, 0.25, 3, -1.5
410 -> 114, -4, 0.25, 4, -1.5
411 -> 114, -5, 0.25, 4, -1
411 -> 114, -2, 1.75, 5, -0.5
411 -> 114, -5, 0.25, 5, -1
411 -> 114, -4, 1.25, 4, -2
411 -> 114, -5, 0.25, 4, -2
411 -> 114, -5, 0.25, 3, -1
411 -> 114, -5, 0.25, 2, -1
411 -> 114, -5, 0.25, 5, -2
412 -> 114, -3, 1.25, 5, -1
412 -> 114, -1, 1.25, 5, -1
412 -> 114, -4, 0.75, 4, -2
412 -> 114, -2, 0.75, 1, -2
412 -> 114, -2, 1.75, 4, -1
413 -> 114, -3, 0.75, 4, -0.5
413 -> 114, -3, 0.25, 4, -2
414 -> 114, -2, 1.25, 2, -2
414 -> 114, -4, 1.75, 3, -1
414 -> 114, -1, 1.75, 3, -1.5
414 -> 114, -3, 0.75, 5, -0.5
414 -> 114, -2, 0.25, 3, -1.5
414 -> 114, -2, 0.25, 4, -1.5
414 -> 114, -1, 1.75, 4, -1.5
414 -> 114, -2, 0.25, 5, -1.5
416 -> 114, -1, 1.25, 3, -1
416 -> 114, -1, 1.75, 4, -2
416 -> 114, -2, 0.75, 5, -1
416 -> 114, -1, 1.25, 4, -1
416 -> 114, -2, 1.25, 4, -1
416 -> 114, -1, 1.75, 5, -2
416 -> 114, -1, 1.25, 1, -2
416 -> 114, -1, 1.75, 3, -2
416 -> 114, -4, 1.75, 1, -2
417 -> 114, -3, 0.25, 2, -2
417 -> 114, -3, 1.75, 3, -1
417 -> 114, -2, 1.25, 5, -1
417 -> 114, -2, 1.25, 4, -0.5
417 -> 114, -2, 1.25, 3, -0.5
418 -> 114, -3, 1.75, 1, -1.5
418 -> 114, -3, 0.75, 3, -1
418 -> 114, -2, 1.75, 5, -1
419 -> 114, -2, 1.25, 2, -1.5
419 -> 114, -3, 1.75, 5, -1.5
419 -> 114, -2, 1.25, 1, -1.5
420 -> 114, -2, 0.75, 2, -1
420 -> 114, -1, 1.25, 2, -1
420 -> 114, -1, 1.75, 5, -1.5
420 -> 114, -2, 0.75, 3, -1
420 -> 114, -2, 0.75, 1, -1
421 -> 114, -4, 0.75, 3, -2
421 -> 114, -5, 0.75, 3, -2
421 -> 114, -5, 0.75, 1, -1.5
421 -> 114, -3, 0.75, 1, -2
421 -> 114, -4, 0.75, 2, -1
421 -> 114, -4, 0.75, 2, -2
421 -> 114, -5, 0.75, 4, -2
421 -> 114, -2, 1.75, 3, -1.5
422 -> 114, -4, 0.25, 1, -1.5
422 -> 114, -5, 1.25, 1, -2
422 -> 114, -3, 1.75, 4, -2
422 -> 114, -3, 1.75, 3, -2
423 -> 114, -3, 0.75, 3, -2
423 -> 114, -5, 1.25, 4, -1.5
424 -> 114, -3, 1.75, 4, -1.5
424 -> 114, -1, 0.75, 2, -1
424 -> 114, -4, 1.25, 2, -1.5
424 -> 114, -2, 1.75, 4, -0.5
425 -> 114, -1, 1.75, 1, -2
426 -> 114, -2, 1.25, 2, -0.5
427 -> 114, -2, 1.25, 5, -1.5
427 -> 114, -2, 0.75, 1, -1.5
428 -> 114, -4, 1.75, 4, -0.5
428 -> 114, -2, 0.25, 1, -1.5
428 -> 114, -4, 1.75, 3, -0.5
429 -> 114, -1, 1.25, 4, -2
429 -> 114, -5, 0.25, 1, -2
429 -> 114, -2, 0.75, 3, -1.5
429 -> 114, -1, 1.25, 3, -2
429 -> 114, -2, 0.75, 4, -1.5
429 -> 114, -1, 1.25, 5, -2
429 -> 114, -2, 0.75, 2, -1.5
430 -> 114, -3, 0.75, 4, -2
430 -> 114, -3, 0.75, 5, -2
430 -> 114, -2, 1.75, 2, -1
431 -> 114, -3, 1.75, 5, -1
431 -> 114, -1, 1.25, 3, -0.5
432 -> 114, -5, 1.75, 3, -1
432 -> 114, -4, 0.75, 3, -1.5
433 -> 114, -3, 1.25, 4, -1.5
433 -> 114, -3, 1.25, 3, -1.5
433 -> 114, -2, 1.75, 1, -1.5
433 -> 114, -1, 0.75, 1, -2
433 -> 114, -1, 0.75, 3, -0.5
434 -> 114, -4, 0.75, 1, -1
434 -> 114, -2, 0.75, 5, -1.5
435 -> 114, -2, 0.75, 5, -2
435 -> 114, -3, 0.25, 5, -1.5
436 -> 114, -2, 1.75, 2, -1.5
436 -> 114, -1, 0.75, 4, -1.5
436 -> 114, -5, 0.75, 1, -2
436 -> 114, -1, 0.75, 3, -1.5
436 -> 114, -3, 1.75, 4, -1
436 -> 114, -1, 0.75, 5, -1.5
437 -> 114, -1, 0.25, 4, -0.5
437 -> 114, -1, 0.25, 3, -0.5
437 -> 114, -1, 1.25, 1, -1
437 -> 114, -2, 0.25, 2, -0.5
438 -> 114, -2, 0.25, 5, -2
438 -> 114, -5, 0.75, 2, -2
438 -> 114, -2, 0.25, 1, -0.5
438 -> 114, -2, 0.25, 2, -1.5
439 -> 114, -1, 0.75, 2, -2
439 -> 114, -5, 1.25, 3, -1.5
439 -> 114, -1, 1.25, 5, -1.5
439 -> 114, -1, 1.25, 4, -1.5
440 -> 114, -4, 1.25, 4, -1
440 -> 114, -5, 1.25, 2, -2
441 -> 114, -1, 0.75, 4, -0.5
441 -> 114, -1, 0.75, 5, -0.5
442 -> 114, -2, 0.75, 4, -1
444 -> 114, -1, 1.25, 2, -1.5
444 -> 114, -2, 1.25, 1, -0.5
444 -> 114, -1, 1.25, 1, -0.5
444 -> 114, -1, 1.25, 3, -1.5
444 -> 114, -1, 1.25, 2, -0.5
445 -> 114, -4, 0.75, 5, -1.5
445 -> 114, -1, 1.75, 2, -0.5
445 -> 114, -2, 1.25, 1, -1
445 -> 114, -4, 0.75, 4, -1.5
446 -> 114, -3, 0.25, 5, -1
446 -> 114, -3, 0.25, 4, -1
446 -> 114, -3, 0.25, 3, -1
447 -> 114, -2, 1.75, 2, -0.5
447 -> 114, -5, 1.75, 5, -1.5
447 -> 114, -2, 0.25, 3, -2
447 -> 114, -2, 0.25, 2, -2
447 -> 114, -2, 0.25, 1, -2
447 -> 114, -2, 0.25, 4, -2
448 -> 114, -3, 0.25, 2, -1.5
448 -> 114, -3, 0.25, 1, -1.5
448 -> 114, -3, 0.25, 3, -1.5
448 -> 114, -1, 0.75, 3, -1
448 -> 114, -3, 0.25, 4, -1.5
448 -> 114, -3, 1.75, 2, -1.5
448 -> 114, -3, 1.25, 3, -0.5
449 -> 114, -1, 1.75, 4, -0.5
450 -> 114, -1, 0.75, 4, -1
450 -> 114, -1, 1.75, 1, -1.5
450 -> 114, -1, 0.75, 5, -1
450 -> 114, -5, 0.75, 4, -1
451 -> 114, -1, 0.75, 2, -1.5
451 -> 114, -3, 1.25, 4, -0.5
451 -> 114, -3, 1.25, 2, -1
451 -> 114, -1, 0.75, 1, -1.5
452 -> 114, -5, 1.25, 4, -1
452 -> 114, -1, 0.25, 3, -2
452 -> 114, -2, 0.75, 2, -2
453 -> 114, -5, 1.25, 3, -1
453 -> 114, -4, 1.75, 1, -1
454 -> 114, -4, 1.75, 5, -1
454 -> 114, -4, 1.75, 4, -1
454 -> 114, -1, 0.25, 1, -0.5
455 -> 114, -5, 0.75, 1, -1
455 -> 114, -1, 1.25, 2, -2
455 -> 114, -4, 1.75, 2, -1.5
455 -> 114, -4, 1.75, 1, -1.5
456 -> 114, -3, 0.25, 2, -1
456 -> 114, -1, 1.75, 4, -1
456 -> 114, -4, 0.25, 4, -1
456 -> 114, -4, 0.25, 5, -1
457 -> 114, -3, 0.25, 1, -1
457 -> 114, -1, 0.25, 2, -0.5
457 -> 114, -2, 1.75, 1, -1
457 -> 114, -2, 1.75, 3, -0.5
458 -> 114, -2, 0.25, 4, -1
458 -> 114, -3, 1.25, 1, -1
458 -> 114, -2, 1.75, 3, -1
458 -> 114, -2, 0.25, 5, -1
458 -> 114, -2, 0.75, 3, -0.5
460 -> 114, -3, 0.75, 4, -1
460 -> 114, -4, 1.25, 5, -0.5
460 -> 114, -4, 1.25, 4, -0.5
460 -> 114, -4, 1.25, 3, -0.5
460 -> 114, -3, 0.75, 5, -1
462 -> 114, -4, 1.25, 4, -1.5
462 -> 114, -4, 1.25, 3, -1.5
463 -> 114, -4, 0.25, 2, -0.5
463 -> 114, -4, 0.75, 2, -1.5
465 -> 114, -5, 0.25, 1, -1
466 -> 114, -1, 1.75, 1, -0.5
466 -> 114, -4, 0.25, 5, -0.5
466 -> 114, -4, 0.25, 4, -0.5
466 -> 114, -2, 0.75, 5, -0.5
466 -> 114, -3, 1.25, 3, -1
467 -> 114, -3, 1.25, 5, -0.5
468 -> 114, -1, 0.25, 5, -2
468 -> 114, -1, 0.25, 4, -2
470 -> 114, -5, 0.75, 3, -1
470 -> 114, -1, 1.25, 1, -1.5
470 -> 114, -5, 0.75, 2, -1
470 -> 114, -3, 0.75, 2, -1
471 -> 114, -2, 1.25, 3, -1
471 -> 114, -2, 1.25, 2, -1
473 -> 114, -2, 0.75, 2, -0.5
474 -> 114, -1, 0.25, 2, -2
474 -> 114, -1, 0.25, 1, -2
475 -> 114, -1, 0.25, 5, -1.5
475 -> 114, -1, 0.25, 4, -1.5
476 -> 114, -2, 1.75, 1, -2
476 -> 114, -3, 1.25, 4, -1
480 -> 114, -4, 1.75, 3, -1.5
480 -> 114, -5, 0.25, 4, -1.5
481 -> 114, -3, 0.75, 1, -1
482 -> 114, -1, 1.75, 5, -1
482 -> 114, -2, 0.75, 1, -0.5
484 -> 114, -1, 0.25, 5, -1
484 -> 114, -1, 0.25, 3, -1
484 -> 114, -1, 0.25, 4, -1
485 -> 114, -2, 0.25, 1, -1
488 -> 114, -1, 0.25, 2, -1.5
489 -> 114, -3, 0.75, 1, -1.5
490 -> 114, -4, 0.25, 1, -1
490 -> 114, -4, 0.75, 4, -1
490 -> 114, -4, 0.25, 3, -1
490 -> 114, -4, 0.75, 5, -1
490 -> 114, -4, 0.75, 3, -1
490 -> 114, -4, 0.25, 2, -1
498 -> 114, -1, 0.25, 2, -1
498 -> 114, -1, 0.25, 1, -1
499 -> 114, -5, 1.75, 5, -0.5
499 -> 114, -5, 1.75, 4, -1
500 -> 114, -1, 0.75, 2, -0.5
501 -> 114, -5, 1.75, 5, -1
502 -> 114, -3, 0.25, 5, -0.5
502 -> 114, -3, 0.25, 4, -0.5
504 -> 114, -1, 0.25, 5, -0.5
505 -> 114, -5, 0.25, 3, -0.5
506 -> 114, -2, 0.25, 3, -0.5
507 -> 114, -5, 0.25, 1, -0.5
508 -> 114, -2, 0.25, 3, -1
509 -> 114, -5, 0.25, 2, -1.5
509 -> 114, -5, 0.25, 3, -1.5
511 -> 114, -1, 0.25, 3, -1.5
512 -> 114, -4, 1.75, 2, -1
517 -> 114, -4, 0.25, 3, -0.5
517 -> 114, -1, 0.25, 1, -1.5
519 -> 114, -4, 1.75, 5, -0.5
519 -> 114, -3, 1.75, 4, -0.5
519 -> 114, -3, 1.75, 2, -0.5
519 -> 114, -3, 1.75, 3, -0.5
520 -> 114, -5, 0.25, 1, -1.5
522 -> 114, -5, 0.25, 5, -1.5
527 -> 114, -4, 1.25, 1, -1
528 -> 114, -5, 1.25, 2, -1.5
528 -> 114, -5, 1.25, 1, -1.5
532 -> 114, -2, 0.25, 5, -0.5
535 -> 114, -3, 1.75, 1, -0.5
538 -> 114, -3, 0.75, 1, -0.5
543 -> 114, -5, 1.25, 2, -0.5
549 -> 114, -1, 0.75, 1, -0.5
574 -> 114, -3, 0.25, 3, -0.5
574 -> 114, -3, 0.25, 1, -0.5
574 -> 114, -3, 0.25, 2, -0.5
580 -> 114, -4, 1.25, 2, -1
580 -> 114, -4, 1.25, 3, -1
585 -> 114, -5, 1.25, 4, -0.5
585 -> 114, -5, 1.25, 3, -0.5
585 -> 114, -5, 1.25, 5, -0.5
630 -> 114, -5, 0.75, 5, -1
638 -> 114, -5, 0.25, 2, -0.5
642 -> 114, -4, 0.25, 1, -0.5
648 -> 114, -4, 1.25, 1, -0.5
648 -> 114, -4, 1.25, 2, -0.5
674 -> 114, -5, 1.25, 1, -0.5
685 -> 114, -5, 1.75, 1, -0.5
702 -> 114, -5, 1.75, 2, -0.5
702 -> 114, -5, 1.75, 3, -0.5
702 -> 114, -5, 1.75, 4, -0.5
714 -> 114, -4, 0.75, 4, -0.5
714 -> 114, -4, 0.75, 3, -0.5
714 -> 114, -4, 0.75, 5, -0.5
716 -> 114, -4, 0.75, 2, -0.5
716 -> 114, -4, 0.75, 1, -0.5
817 -> 114, -5, 0.75, 4, -0.5
817 -> 114, -5, 0.75, 3, -0.5
817 -> 114, -5, 0.75, 2, -0.5
817 -> 114, -5, 0.75, 1, -0.5
817 -> 114, -5, 0.75, 5, -0.5
