97 -> 331, -1, 1.75, 1, -1
97 -> 331, -1, 1.75, 2, -1
343 -> 331, -4, 1.25, 3, -0.5
351 -> 331, -5, 1.25, 2, -1
357 -> 331, -4, 1.25, 4, -0.5
366 -> 331, -2, 1.75, 1, -1
370 -> 331, -4, 1.25, 5, -0.5
374 -> 331, -3, 1.75, 2, -1
374 -> 331, -3, 1.75, 3, -1
379 -> 331, -1, 1.25, 1, -0.5
386 -> 331, -2, 1.75, 5, -1
386 -> 331, -3, 1.75, 3, -1.5
386 -> 331, -2, 1.75, 4, -1
389 -> 331, -3, 1.25, 5, -0.5
390 -> 331, -5, 1.25, 4, -1
390 -> 331, -5, 1.25, 3, -1
390 -> 331, -2, 0.25, 1, -0.5
390 -> 331, -5, 1.75, 4, -1
393 -> 331, -1, 0.75, 4, -1
394 -> 331, -2, 0.75, 2, -0.5
395 -> 331, -2, 1.75, 3, -0.5
396 -> 331, -2, 1.25, 4, -0.5
396 -> 331, -5, 1.25, 1, -1
396 -> 331, -2, 1.25, 5, -0.5
396 -> 331, -1, 1.75, 5, -1
396 -> 331, -5, 0.75, 1, -0.5
397 -> 331, -2, 1.75, 2, -1.5
397 -> 331, -2, 1.75, 1, -1.5
398 -> 331, -3, 1.25, 5, -2
398 -> 331, -3, 1.25, 4, -2
398 -> 331, -3, 1.25, 3, -2
399 -> 331, -5, 0.75, 5, -1
399 -> 331, -1, 1.75, 2, -1.5
400 -> 331, -5, 1.25, 4, -2
401 -> 331, -5, 1.75, 3, -1
402 -> 331, -1, 1.75, 4, -1
403 -> 331, -4, 0.75, 4, -0.5
403 -> 331, -3, 0.75, 2, -0.5
403 -> 331, -4, 0.25, 5, -0.5
404 -> 331, -1, 0.75, 2, -1
404 -> 331, -2, 1.75, 2, -2
405 -> 331, -1, 0.75, 1, -1
406 -> 331, -1, 0.75, 3, -1
406 -> 331, -3, 0.25, 3, -0.5
408 -> 331, -2, 0.25, 2, -2
408 -> 331, -3, 1.25, 2, -2
408 -> 331, -2, 0.25, 1, -2
409 -> 331, -1, 1.25, 1, -1
409 -> 331, -2, 1.75, 5, -2
409 -> 331, -2, 1.25, 5, -1.5
410 -> 331, -1, 1.75, 1, -1.5
410 -> 331, -4, 0.75, 5, -1.5
411 -> 331, -1, 1.75, 3, -1
413 -> 331, -2, 1.75, 2, -1
413 -> 331, -2, 0.25, 3, -1.5
413 -> 331, -3, 1.75, 4, -1.5
413 -> 331, -3, 1.75, 5, -1.5
414 -> 331, -2, 1.75, 2, -0.5
414 -> 331, -5, 0.75, 5, -1.5
414 -> 331, -5, 1.25, 2, -2
415 -> 331, -3, 0.75, 1, -2
416 -> 331, -3, 0.75, 2, -1
416 -> 331, -3, 0.75, 1, -1
417 -> 331, -2, 0.75, 2, -2
417 -> 331, -4, 0.75, 4, -1.5
419 -> 331, -2, 0.75, 5, -0.5
420 -> 331, -2, 1.75, 5, -0.5
420 -> 331, -2, 1.75, 3, -2
420 -> 331, -2, 1.75, 3, -1
420 -> 331, -4, 0.75, 5, -0.5
420 -> 331, -2, 1.75, 4, -2
421 -> 331, -4, 1.25, 1, -1.5
421 -> 331, -4, 0.25, 1, -0.5
421 -> 331, -2, 0.75, 1, -1
422 -> 331, -2, 0.75, 3, -2
422 -> 331, -2, 0.75, 4, -2
422 -> 331, -2, 0.25, 4, -1
422 -> 331, -2, 1.75, 1, -0.5
423 -> 331, -3, 0.25, 2, -0.5
423 -> 331, -2, 0.25, 5, -0.5
423 -> 331, -2, 1.25, 1, -2
423 -> 331, -2, 1.25, 2, -2
423 -> 331, -5, 0.25, 1, -0.5
424 -> 331, -4, 0.75, 5, -1
424 -> 331, -3, 0.75, 5, -0.5
424 -> 331, -5, 1.75, 5, -2
425 -> 331, -2, 1.25, 5, -2
425 -> 331, -2, 1.25, 3, -2
425 -> 331, -2, 1.25, 4, -2
425 -> 331, -5, 1.25, 1, -2
426 -> 331, -3, 1.75, 1, -1
427 -> 331, -4, 1.75, 5, -1
427 -> 331, -2, 1.75, 5, -1.5
427 -> 331, -5, 1.75, 5, -1
428 -> 331, -2, 1.75, 1, -2
428 -> 331, -3, 1.25, 4, -0.5
428 -> 331, -4, 0.25, 4, -0.5
429 -> 331, -1, 1.75, 5, -0.5
429 -> 331, -2, 0.75, 2, -1.5
430 -> 331, -1, 1.25, 1, -2
430 -> 331, -1, 1.25, 2, -2
430 -> 331, -1, 0.75, 1, -2
430 -> 331, -1, 1.25, 3, -2
431 -> 331, -4, 1.75, 2, -1.5
431 -> 331, -5, 0.75, 4, -0.5
431 -> 331, -1, 1.25, 5, -2
431 -> 331, -5, 0.75, 3, -0.5
431 -> 331, -5, 0.75, 5, -0.5
432 -> 331, -2, 0.75, 3, -1
432 -> 331, -2, 0.75, 4, -1
432 -> 331, -2, 0.75, 5, -1
433 -> 331, -4, 1.75, 5, -1.5
433 -> 331, -3, 1.25, 1, -1
433 -> 331, -4, 1.75, 4, -1.5
433 -> 331, -5, 1.75, 4, -2
433 -> 331, -3, 0.75, 3, -0.5
434 -> 331, -3, 0.75, 4, -0.5
435 -> 331, -1, 1.75, 4, -1.5
435 -> 331, -5, 0.25, 2, -0.5
435 -> 331, -4, 1.75, 1, -1.5
435 -> 331, -1, 1.25, 3, -1
435 -> 331, -1, 1.75, 3, -1.5
436 -> 331, -5, 1.75, 1, -2
436 -> 331, -1, 1.25, 2, -1.5
436 -> 331, -4, 0.25, 2, -0.5
436 -> 331, -1, 1.25, 1, -1.5
437 -> 331, -4, 0.75, 4, -1
437 -> 331, -3, 1.25, 2, -1
438 -> 331, -3, 0.25, 1, -0.5
438 -> 331, -3, 0.75, 1, -0.5
438 -> 331, -4, 1.75, 1, -1
438 -> 331, -3, 0.75, 3, -1
439 -> 331, -3, 1.75, 4, -1
439 -> 331, -2, 0.75, 1, -1.5
439 -> 331, -2, 0.75, 4, -0.5
440 -> 331, -3, 1.25, 4, -1.5
440 -> 331, -4, 1.25, 4, -1.5
440 -> 331, -4, 1.25, 3, -1
440 -> 331, -4, 1.25, 4, -1
440 -> 331, -4, 1.25, 3, -1.5
440 -> 331, -1, 1.25, 2, -0.5
440 -> 331, -3, 1.25, 5, -1.5
441 -> 331, -4, 1.25, 1, -1
441 -> 331, -4, 0.75, 3, -1
441 -> 331, -4, 1.25, 2, -1
441 -> 331, -3, 1.75, 5, -1
441 -> 331, -5, 1.25, 3, -2
442 -> 331, -1, 0.25, 4, -1.5
442 -> 331, -1, 0.25, 3, -1.5
442 -> 331, -2, 0.25, 3, -1
442 -> 331, -4, 1.75, 3, -1.5
442 -> 331, -4, 0.25, 3, -0.5
444 -> 331, -2, 0.75, 5, -1.5
445 -> 331, -5, 1.25, 5, -1.5
445 -> 331, -5, 1.25, 4, -1.5
445 -> 331, -3, 0.75, 1, -1.5
446 -> 331, -3, 1.25, 1, -2
446 -> 331, -1, 1.75, 5, -1.5
446 -> 331, -2, 1.75, 4, -0.5
446 -> 331, -2, 0.75, 1, -2
447 -> 331, -2, 0.25, 2, -0.5
447 -> 331, -2, 0.25, 3, -0.5
447 -> 331, -4, 1.25, 2, -2
447 -> 331, -4, 1.25, 3, -2
447 -> 331, -4, 1.25, 1, -2
447 -> 331, -4, 1.25, 4, -2
447 -> 331, -4, 1.25, 5, -2
447 -> 331, -4, 1.75, 2, -1
447 -> 331, -4, 1.75, 4, -1
447 -> 331, -4, 1.75, 3, -1
448 -> 331, -1, 1.75, 1, -2
448 -> 331, -1, 1.75, 2, -2
448 -> 331, -1, 1.75, 3, -2
448 -> 331, -2, 0.25, 5, -1
448 -> 331, -5, 1.75, 2, -2
448 -> 331, -1, 1.75, 4, -2
448 -> 331, -4, 0.75, 2, -1
448 -> 331, -1, 1.75, 5, -2
448 -> 331, -5, 1.75, 3, -2
449 -> 331, -5, 1.25, 1, -1.5
450 -> 331, -5, 0.75, 1, -1.5
450 -> 331, -3, 0.75, 2, -1.5
450 -> 331, -3, 0.75, 3, -1.5
450 -> 331, -1, 0.25, 1, -0.5
451 -> 331, -1, 0.25, 2, -2
451 -> 331, -1, 0.25, 3, -2
451 -> 331, -2, 0.25, 1, -1
451 -> 331, -1, 0.25, 1, -2
451 -> 331, -2, 1.25, 2, -1.5
451 -> 331, -2, 1.25, 1, -1.5
451 -> 331, -2, 0.75, 3, -1.5
451 -> 331, -2, 0.75, 4, -1.5
452 -> 331, -2, 0.75, 2, -1
452 -> 331, -5, 1.25, 5, -2
452 -> 331, -1, 1.25, 5, -1
453 -> 331, -1, 1.75, 3, -0.5
453 -> 331, -2, 1.75, 3, -1.5
453 -> 331, -2, 1.75, 4, -1.5
453 -> 331, -1, 1.25, 3, -1.5
454 -> 331, -3, 1.25, 3, -1.5
454 -> 331, -3, 1.25, 1, -1.5
454 -> 331, -3, 1.25, 2, -1.5
456 -> 331, -4, 0.75, 2, -0.5
456 -> 331, -4, 1.25, 2, -1.5
456 -> 331, -5, 0.75, 2, -0.5
456 -> 331, -5, 0.25, 5, -0.5
457 -> 331, -5, 1.25, 5, -0.5
457 -> 331, -2, 0.25, 4, -0.5
458 -> 331, -1, 1.25, 2, -1
458 -> 331, -1, 0.25, 2, -1.5
458 -> 331, -4, 0.75, 3, -0.5
458 -> 331, -1, 1.75, 4, -0.5
458 -> 331, -2, 0.25, 5, -1.5
459 -> 331, -2, 1.25, 3, -1
459 -> 331, -5, 0.75, 3, -1
459 -> 331, -4, 1.25, 2, -0.5
459 -> 331, -5, 0.75, 4, -1
460 -> 331, -5, 0.25, 5, -1
460 -> 331, -4, 0.75, 1, -1
461 -> 331, -5, 0.25, 1, -1.5
461 -> 331, -2, 1.25, 2, -0.5
461 -> 331, -2, 1.25, 1, -0.5
461 -> 331, -2, 1.25, 3, -0.5
461 -> 331, -5, 1.75, 5, -1.5
461 -> 331, -3, 0.25, 5, -0.5
461 -> 331, -3, 0.25, 4, -0.5
461 -> 331, -1, 0.25, 4, -2
461 -> 331, -5, 1.75, 4, -1.5
461 -> 331, -5, 1.75, 3, -1.5
462 -> 331, -3, 1.75, 1, -2
462 -> 331, -4, 0.25, 3, -1.5
462 -> 331, -4, 0.75, 1, -2
462 -> 331, -5, 1.25, 4, -0.5
462 -> 331, -4, 1.75, 2, -0.5
462 -> 331, -4, 1.75, 3, -0.5
462 -> 331, -1, 1.25, 5, -1.5
462 -> 331, -4, 1.75, 5, -0.5
462 -> 331, -4, 0.25, 4, -1.5
462 -> 331, -4, 0.25, 5, -1.5
462 -> 331, -4, 1.75, 4, -0.5
462 -> 331, -4, 1.75, 1, -0.5
462 -> 331, -3, 1.75, 2, -2
462 -> 331, -1, 1.25, 4, -1.5
463 -> 331, -3, 1.75, 1, -1.5
463 -> 331, -1, 0.25, 1, -1.5
463 -> 331, -3, 1.75, 2, -1.5
463 -> 331, -1, 0.75, 5, -1
463 -> 331, -3, 1.75, 5, -2
463 -> 331, -3, 1.75, 4, -2
463 -> 331, -1, 1.25, 4, -1
463 -> 331, -3, 1.75, 3, -2
464 -> 331, -2, 0.75, 3, -0.5
464 -> 331, -4, 1.25, 5, -1
465 -> 331, -1, 0.75, 5, -1.5
465 -> 331, -1, 0.75, 4, -1.5
465 -> 331, -1, 0.25, 2, -0.5
465 -> 331, -5, 0.25, 2, -1.5
465 -> 331, -1, 0.75, 2, -1.5
465 -> 331, -5, 0.25, 3, -1.5
465 -> 331, -1, 0.75, 1, -1.5
465 -> 331, -3, 1.25, 3, -1
465 -> 331, -3, 1.25, 5, -1
465 -> 331, -1, 0.75, 3, -1.5
465 -> 331, -1, 1.25, 4, -0.5
465 -> 331, -1, 1.25, 5, -0.5
465 -> 331, -3, 1.25, 4, -1
466 -> 331, -2, 0.25, 2, -1.5
466 -> 331, -1, 0.25, 4, -0.5
466 -> 331, -1, 0.75, 5, -2
466 -> 331, -1, 0.25, 5, -0.5
466 -> 331, -1, 0.75, 4, -2
466 -> 331, -1, 0.25, 3, -0.5
467 -> 331, -1, 0.75, 2, -2
467 -> 331, -4, 1.75, 1, -2
467 -> 331, -4, 1.75, 2, -2
467 -> 331, -3, 0.25, 3, -2
467 -> 331, -4, 1.75, 3, -2
467 -> 331, -4, 0.75, 1, -0.5
467 -> 331, -3, 0.25, 2, -2
467 -> 331, -2, 0.75, 1, -0.5
468 -> 331, -2, 1.25, 2, -1
469 -> 331, -4, 0.75, 2, -1.5
469 -> 331, -4, 0.75, 1, -1.5
469 -> 331, -4, 0.75, 3, -1.5
471 -> 331, -1, 1.75, 2, -0.5
471 -> 331, -3, 0.75, 4, -1.5
471 -> 331, -2, 0.25, 4, -2
471 -> 331, -2, 0.25, 5, -2
471 -> 331, -1, 0.75, 4, -0.5
471 -> 331, -3, 0.75, 5, -1.5
471 -> 331, -1, 0.25, 5, -2
472 -> 331, -1, 0.75, 3, -2
472 -> 331, -1, 1.25, 3, -0.5
472 -> 331, -1, 1.75, 1, -0.5
472 -> 331, -4, 0.25, 2, -1
472 -> 331, -4, 0.25, 1, -1
473 -> 331, -3, 0.25, 1, -2
473 -> 331, -1, 0.75, 2, -0.5
473 -> 331, -1, 0.75, 3, -0.5
473 -> 331, -2, 0.25, 2, -1
474 -> 331, -2, 1.25, 3, -1.5
474 -> 331, -1, 0.25, 5, -1.5
474 -> 331, -2, 0.25, 1, -1.5
475 -> 331, -1, 0.25, 5, -1
475 -> 331, -2, 0.25, 3, -2
476 -> 331, -4, 0.25, 3, -1
476 -> 331, -4, 1.25, 1, -0.5
479 -> 331, -4, 1.25, 5, -1.5
479 -> 331, -5, 1.75, 3, -0.5
481 -> 331, -3, 1.25, 1, -0.5
482 -> 331, -3, 0.75, 5, -2
482 -> 331, -3, 0.75, 2, -2
482 -> 331, -2, 0.25, 4, -1.5
482 -> 331, -3, 0.75, 3, -2
482 -> 331, -3, 0.75, 4, -2
483 -> 331, -5, 0.25, 3, -1
483 -> 331, -5, 0.25, 4, -1
483 -> 331, -5, 0.25, 2, -1
483 -> 331, -5, 0.25, 1, -1
484 -> 331, -1, 1.25, 4, -2
485 -> 331, -3, 0.25, 1, -1
486 -> 331, -4, 0.25, 4, -1
486 -> 331, -3, 1.25, 2, -0.5
486 -> 331, -3, 1.25, 3, -0.5
486 -> 331, -4, 0.25, 5, -1
487 -> 331, -4, 0.75, 2, -2
488 -> 331, -5, 0.75, 4, -1.5
489 -> 331, -3, 0.25, 1, -1.5
489 -> 331, -5, 1.25, 2, -0.5
489 -> 331, -3, 0.25, 5, -2
489 -> 331, -5, 1.25, 5, -1
489 -> 331, -3, 0.25, 4, -2
489 -> 331, -5, 1.25, 3, -0.5
489 -> 331, -5, 0.75, 2, -1.5
490 -> 331, -3, 0.25, 2, -1.5
490 -> 331, -3, 0.25, 3, -1.5
490 -> 331, -3, 0.25, 4, -1.5
490 -> 331, -3, 0.25, 5, -1.5
492 -> 331, -3, 0.25, 5, -1
495 -> 331, -5, 1.75, 4, -0.5
495 -> 331, -5, 1.75, 5, -0.5
496 -> 331, -4, 0.25, 5, -2
497 -> 331, -4, 1.75, 5, -2
497 -> 331, -4, 0.25, 4, -2
497 -> 331, -4, 0.25, 3, -2
497 -> 331, -2, 0.75, 5, -2
497 -> 331, -2, 1.25, 4, -1.5
498 -> 331, -1, 0.75, 5, -0.5
498 -> 331, -5, 0.25, 1, -2
498 -> 331, -5, 0.25, 2, -2
498 -> 331, -4, 0.25, 2, -2
498 -> 331, -4, 1.75, 4, -2
498 -> 331, -5, 0.25, 3, -2
498 -> 331, -4, 0.25, 1, -2
499 -> 331, -3, 1.75, 4, -0.5
499 -> 331, -3, 1.75, 1, -0.5
499 -> 331, -3, 1.75, 5, -0.5
499 -> 331, -3, 1.75, 3, -0.5
499 -> 331, -3, 1.75, 2, -0.5
501 -> 331, -2, 1.25, 1, -1
502 -> 331, -1, 0.75, 1, -0.5
502 -> 331, -5, 1.25, 2, -1.5
502 -> 331, -5, 1.25, 3, -1.5
504 -> 331, -5, 1.75, 2, -1
504 -> 331, -5, 1.75, 1, -1
511 -> 331, -4, 0.75, 5, -2
511 -> 331, -4, 0.75, 3, -2
511 -> 331, -4, 0.75, 4, -2
515 -> 331, -1, 0.25, 1, -1
515 -> 331, -1, 0.25, 2, -1
515 -> 331, -1, 0.25, 4, -1
515 -> 331, -1, 0.25, 3, -1
516 -> 331, -5, 0.75, 1, -2
516 -> 331, -5, 0.75, 2, -2
516 -> 331, -5, 0.75, 3, -2
517 -> 331, -4, 0.25, 2, -1.5
517 -> 331, -3, 0.75, 5, -1
517 -> 331, -4, 0.25, 1, -1.5
517 -> 331, -3, 0.75, 4, -1
520 -> 331, -3, 0.25, 4, -1
520 -> 331, -3, 0.25, 3, -1
527 -> 331, -2, 1.25, 4, -1
527 -> 331, -2, 1.25, 5, -1
529 -> 331, -5, 1.75, 2, -0.5
531 -> 331, -5, 1.75, 1, -1.5
531 -> 331, -5, 1.75, 2, -1.5
536 -> 331, -3, 0.25, 2, -1
545 -> 331, -5, 0.25, 4, -2
545 -> 331, -5, 0.25, 5, -2
546 -> 331, -5, 0.75, 1, -1
546 -> 331, -5, 0.75, 2, -1
549 -> 331, -5, 0.25, 4, -0.5
549 -> 331, -5, 0.25, 3, -0.5
560 -> 331, -5, 0.75, 4, -2
560 -> 331, -5, 0.75, 5, -2
566 -> 331, -5, 1.25, 1, -0.5
590 -> 331, -5, 0.75, 3, -1.5
596 -> 331, -5, 1.75, 1, -0.5
601 -> 331, -5, 0.25, 5, -1.5
603 -> 331, -5, 0.25, 4, -1.5
