196 -> 43, -5, 1.75, 3, -2
201 -> 43, -5, 1.75, 5, -1
204 -> 43, -5, 1.75, 2, -2
217 -> 43, -4, 1.75, 5, -2
217 -> 43, -5, 0.75, 5, -1.5
218 -> 43, -5, 1.25, 2, -2
220 -> 43, -5, 0.75, 2, -2
220 -> 43, -5, 0.75, 3, -2
222 -> 43, -5, 0.25, 5, -2
223 -> 43, -4, 1.25, 4, -2
226 -> 43, -4, 1.25, 5, -2
228 -> 43, -1, 1.25, 5, -2
228 -> 43, -1, 1.25, 4, -2
229 -> 43, -4, 0.75, 4, -1.5
240 -> 43, -5, 1.75, 1, -1.5
242 -> 43, -5, 1.75, 4, -2
243 -> 43, -4, 1.25, 3, -1.5
243 -> 43, -3, 1.75, 5, -2
243 -> 43, -5, 0.25, 3, -1.5
244 -> 43, -4, 0.75, 2, -2
245 -> 43, -3, 1.75, 4, -2
245 -> 43, -5, 1.75, 2, -1.5
245 -> 43, -4, 0.75, 3, -2
248 -> 43, -5, 1.75, 1, -2
249 -> 43, -3, 1.75, 4, -1.5
249 -> 43, -3, 1.25, 3, -2
251 -> 43, -5, 1.75, 3, -1.5
251 -> 43, -3, 1.25, 2, -2
252 -> 43, -4, 1.75, 4, -2
252 -> 43, -2, 1.25, 2, -2
253 -> 43, -4, 1.25, 4, -1.5
253 -> 43, -4, 1.25, 5, -1.5
255 -> 43, -5, 0.75, 4, -1
255 -> 43, -4, 0.25, 4, -1.5
257 -> 43, -3, 1.25, 4, -1.5
257 -> 43, -5, 0.25, 4, -2
257 -> 43, -4, 1.25, 3, -2
258 -> 43, -4, 1.25, 1, -2
260 -> 43, -5, 1.75, 4, -1.5
264 -> 43, -4, 1.25, 1, -1
265 -> 43, -2, 1.75, 1, -2
265 -> 43, -5, 0.25, 3, -2
265 -> 43, -3, 1.75, 2, -2
266 -> 43, -3, 1.25, 4, -2
267 -> 43, -4, 1.25, 3, -1
268 -> 43, -5, 0.75, 5, -0.5
268 -> 43, -4, 0.75, 1, -2
268 -> 43, -5, 0.75, 4, -0.5
269 -> 43, -5, 0.75, 5, -1
270 -> 43, -5, 1.75, 5, -2
270 -> 43, -4, 1.75, 2, -2
270 -> 43, -2, 1.25, 4, -2
271 -> 43, -5, 0.75, 1, -2
274 -> 43, -4, 1.25, 5, -1
274 -> 43, -4, 1.75, 2, -1.5
275 -> 43, -3, 0.75, 1, -2
275 -> 43, -2, 1.75, 2, -2
275 -> 43, -4, 1.75, 3, -1
275 -> 43, -4, 0.75, 4, -2
275 -> 43, -2, 1.25, 4, -1.5
275 -> 43, -5, 1.75, 4, -1
276 -> 43, -4, 1.75, 4, -1.5
277 -> 43, -3, 0.25, 4, -1.5
278 -> 43, -4, 1.75, 1, -2
278 -> 43, -3, 1.75, 3, -2
279 -> 43, -3, 0.75, 3, -2
279 -> 43, -4, 1.75, 3, -2
279 -> 43, -3, 1.75, 5, -1
279 -> 43, -5, 0.25, 4, -1.5
280 -> 43, -4, 1.75, 3, -1.5
282 -> 43, -5, 0.25, 1, -1.5
282 -> 43, -5, 0.25, 3, -0.5
282 -> 43, -4, 0.75, 5, -1.5
283 -> 43, -5, 1.75, 3, -1
283 -> 43, -3, 0.75, 4, -2
284 -> 43, -2, 1.75, 5, -2
284 -> 43, -3, 1.25, 1, -1
284 -> 43, -2, 1.75, 2, -1.5
284 -> 43, -4, 1.25, 2, -2
285 -> 43, -3, 1.75, 3, -1.5
286 -> 43, -5, 1.25, 1, -2
287 -> 43, -5, 1.25, 1, -1
287 -> 43, -2, 1.25, 3, -1.5
288 -> 43, -3, 0.25, 5, -2
288 -> 43, -3, 1.25, 1, -2
289 -> 43, -2, 0.75, 2, -2
290 -> 43, -3, 0.25, 5, -1.5
290 -> 43, -4, 1.25, 4, -1
290 -> 43, -2, 1.25, 3, -2
291 -> 43, -4, 1.75, 5, -1
291 -> 43, -4, 1.25, 1, -1.5
292 -> 43, -3, 1.75, 2, -1
292 -> 43, -4, 0.75, 2, -1.5
292 -> 43, -3, 1.25, 5, -2
293 -> 43, -4, 0.25, 5, -1
293 -> 43, -3, 1.25, 5, -1.5
294 -> 43, -3, 1.75, 5, -1.5
298 -> 43, -1, 0.75, 5, -2
298 -> 43, -3, 1.25, 3, -1.5
298 -> 43, -1, 1.75, 5, -2
298 -> 43, -4, 0.25, 1, -1.5
299 -> 43, -4, 1.25, 3, -0.5
299 -> 43, -3, 1.25, 2, -1
299 -> 43, -4, 0.75, 5, -1
299 -> 43, -3, 1.75, 3, -0.5
300 -> 43, -3, 0.75, 5, -1
300 -> 43, -3, 1.25, 4, -1
301 -> 43, -3, 1.25, 2, -1.5
302 -> 43, -4, 0.75, 2, -1
302 -> 43, -3, 0.25, 1, -1
302 -> 43, -5, 1.25, 1, -1.5
303 -> 43, -4, 0.75, 5, -2
303 -> 43, -3, 0.75, 5, -2
303 -> 43, -2, 0.75, 3, -2
304 -> 43, -4, 0.75, 1, -1
305 -> 43, -2, 1.25, 5, -1.5
306 -> 43, -2, 1.75, 3, -1.5
306 -> 43, -1, 1.75, 4, -2
307 -> 43, -1, 1.75, 1, -2
307 -> 43, -4, 0.25, 3, -1.5
308 -> 43, -3, 1.25, 3, -1
308 -> 43, -2, 1.75, 1, -1.5
308 -> 43, -5, 0.25, 2, -1.5
309 -> 43, -2, 1.75, 5, -1
309 -> 43, -2, 0.25, 1, -2
311 -> 43, -5, 0.75, 1, -1
311 -> 43, -2, 0.75, 5, -1
311 -> 43, -3, 0.75, 2, -2
311 -> 43, -5, 1.75, 1, -1
312 -> 43, -3, 1.25, 1, -0.5
312 -> 43, -2, 1.25, 1, -2
313 -> 43, -3, 1.75, 4, -1
314 -> 43, -2, 1.75, 3, -2
314 -> 43, -4, 1.75, 5, -1.5
315 -> 43, -1, 1.75, 5, -1.5
315 -> 43, -2, 0.75, 5, -2
315 -> 43, -2, 0.75, 4, -2
315 -> 43, -3, 0.25, 3, -2
316 -> 43, -3, 0.25, 1, -2
317 -> 43, -2, 1.25, 5, -2
317 -> 43, -3, 0.75, 1, -1
318 -> 43, -1, 1.75, 2, -1.5
318 -> 43, -1, 1.75, 3, -1
319 -> 43, -4, 1.75, 1, -1.5
320 -> 43, -2, 1.25, 3, -1
320 -> 43, -3, 0.75, 3, -0.5
320 -> 43, -3, 1.75, 4, -0.5
321 -> 43, -4, 1.25, 2, -1
322 -> 43, -1, 1.25, 1, -1
322 -> 43, -4, 0.75, 1, -1.5
322 -> 43, -4, 0.25, 3, -1
323 -> 43, -2, 1.25, 2, -1.5
323 -> 43, -5, 1.25, 2, -1.5
323 -> 43, -1, 1.75, 4, -1.5
324 -> 43, -1, 1.75, 2, -1
324 -> 43, -1, 1.75, 3, -1.5
324 -> 43, -2, 1.75, 1, -1
325 -> 43, -2, 1.75, 5, -0.5
325 -> 43, -4, 0.75, 3, -1
325 -> 43, -3, 1.75, 1, -2
326 -> 43, -2, 1.75, 4, -1.5
327 -> 43, -4, 0.75, 4, -1
327 -> 43, -3, 0.75, 4, -1
327 -> 43, -3, 0.75, 3, -1
327 -> 43, -2, 0.75, 2, -1.5
327 -> 43, -1, 1.25, 4, -0.5
328 -> 43, -3, 1.75, 1, -1.5
328 -> 43, -2, 0.25, 1, -1.5
329 -> 43, -3, 1.25, 1, -1.5
329 -> 43, -2, 0.25, 4, -2
329 -> 43, -2, 0.25, 3, -2
330 -> 43, -1, 1.25, 5, -1
330 -> 43, -3, 0.25, 3, -1.5
331 -> 43, -1, 1.75, 4, -1
331 -> 43, -2, 0.75, 3, -1
331 -> 43, -2, 0.75, 5, -1.5
333 -> 43, -4, 1.75, 1, -1
333 -> 43, -3, 1.75, 1, -0.5
333 -> 43, -3, 1.25, 4, -0.5
334 -> 43, -2, 0.25, 2, -2
334 -> 43, -5, 0.25, 2, -1
335 -> 43, -4, 0.25, 2, -1.5
335 -> 43, -1, 1.75, 1, -1
335 -> 43, -4, 0.25, 5, -1.5
335 -> 43, -5, 1.25, 3, -2
335 -> 43, -5, 1.25, 2, -1
335 -> 43, -2, 0.25, 5, -1
335 -> 43, -5, 1.25, 4, -2
336 -> 43, -2, 1.75, 5, -1.5
337 -> 43, -3, 0.25, 4, -2
337 -> 43, -1, 0.75, 1, -1
338 -> 43, -2, 1.25, 2, -0.5
338 -> 43, -2, 1.75, 4, -1
338 -> 43, -1, 1.25, 3, -1.5
338 -> 43, -3, 1.75, 2, -0.5
338 -> 43, -2, 1.25, 5, -1
339 -> 43, -2, 1.25, 5, -0.5
339 -> 43, -5, 0.75, 5, -2
339 -> 43, -2, 0.25, 3, -1.5
339 -> 43, -2, 0.75, 1, -2
339 -> 43, -2, 1.75, 4, -0.5
340 -> 43, -4, 0.25, 4, -1
340 -> 43, -1, 1.25, 3, -2
340 -> 43, -2, 0.25, 5, -2
340 -> 43, -3, 0.75, 5, -0.5
341 -> 43, -3, 0.25, 2, -2
341 -> 43, -4, 0.25, 2, -1
342 -> 43, -2, 0.25, 2, -1.5
342 -> 43, -2, 0.75, 2, -1
342 -> 43, -3, 0.75, 2, -1
343 -> 43, -3, 0.25, 4, -0.5
343 -> 43, -3, 0.25, 3, -0.5
343 -> 43, -3, 0.25, 5, -0.5
343 -> 43, -2, 0.25, 4, -1.5
343 -> 43, -4, 0.75, 3, -1.5
344 -> 43, -3, 1.75, 2, -1.5
345 -> 43, -1, 1.25, 5, -1.5
345 -> 43, -2, 1.25, 3, -0.5
345 -> 43, -3, 0.75, 2, -1.5
346 -> 43, -1, 1.25, 1, -1.5
346 -> 43, -5, 1.75, 5, -1.5
346 -> 43, -2, 1.25, 4, -1
347 -> 43, -4, 1.75, 2, -1
347 -> 43, -2, 1.25, 1, -1
348 -> 43, -2, 0.75, 1, -1
349 -> 43, -3, 1.75, 1, -1
349 -> 43, -1, 0.75, 2, -2
349 -> 43, -2, 1.75, 3, -1
349 -> 43, -5, 0.75, 4, -2
350 -> 43, -3, 0.75, 2, -0.5
351 -> 43, -1, 0.75, 3, -0.5
351 -> 43, -2, 1.25, 2, -1
351 -> 43, -1, 0.75, 4, -1.5
351 -> 43, -1, 0.75, 2, -0.5
352 -> 43, -1, 1.25, 4, -1
352 -> 43, -2, 1.75, 3, -0.5
353 -> 43, -3, 1.25, 3, -0.5
353 -> 43, -1, 1.25, 2, -2
353 -> 43, -2, 1.75, 4, -2
354 -> 43, -5, 0.75, 3, -1
354 -> 43, -1, 1.75, 3, -2
354 -> 43, -2, 0.25, 4, -1
355 -> 43, -1, 1.75, 1, -1.5
355 -> 43, -2, 0.75, 4, -1
355 -> 43, -2, 1.75, 2, -1
355 -> 43, -2, 1.25, 1, -1.5
355 -> 43, -2, 1.75, 2, -0.5
356 -> 43, -2, 0.75, 1, -1.5
356 -> 43, -1, 1.25, 4, -1.5
357 -> 43, -3, 0.25, 2, -0.5
357 -> 43, -2, 0.75, 3, -1.5
359 -> 43, -1, 0.75, 4, -2
359 -> 43, -1, 1.25, 1, -2
360 -> 43, -3, 1.75, 5, -0.5
360 -> 43, -1, 1.25, 2, -1.5
361 -> 43, -1, 1.75, 5, -1
361 -> 43, -1, 1.25, 5, -0.5
361 -> 43, -3, 0.75, 3, -1.5
361 -> 43, -3, 0.75, 4, -1.5
362 -> 43, -3, 0.25, 1, -1.5
362 -> 43, -2, 0.75, 4, -1.5
363 -> 43, -3, 0.75, 5, -1.5
363 -> 43, -2, 1.75, 1, -0.5
363 -> 43, -2, 0.25, 1, -1
365 -> 43, -5, 0.75, 2, -1
366 -> 43, -3, 1.75, 3, -1
366 -> 43, -4, 0.25, 4, -2
366 -> 43, -2, 0.25, 5, -1.5
366 -> 43, -4, 0.25, 5, -2
367 -> 43, -1, 1.75, 3, -0.5
367 -> 43, -2, 1.25, 1, -0.5
368 -> 43, -1, 0.75, 3, -2
369 -> 43, -4, 1.75, 4, -1
370 -> 43, -1, 1.25, 3, -1
370 -> 43, -5, 0.25, 4, -0.5
370 -> 43, -4, 0.25, 2, -0.5
371 -> 43, -4, 0.25, 2, -2
371 -> 43, -4, 0.25, 3, -2
371 -> 43, -4, 0.25, 1, -2
372 -> 43, -1, 0.25, 2, -1.5
372 -> 43, -1, 0.75, 3, -1.5
373 -> 43, -1, 1.25, 2, -1
374 -> 43, -1, 1.75, 2, -2
374 -> 43, -4, 1.25, 2, -0.5
374 -> 43, -1, 1.75, 5, -0.5
375 -> 43, -3, 0.25, 3, -1
377 -> 43, -5, 1.25, 5, -2
378 -> 43, -1, 0.75, 5, -1.5
379 -> 43, -1, 1.75, 2, -0.5
380 -> 43, -5, 1.75, 4, -0.5
380 -> 43, -5, 0.75, 3, -1.5
380 -> 43, -5, 0.75, 2, -1.5
380 -> 43, -1, 0.75, 2, -1.5
380 -> 43, -5, 0.75, 1, -1.5
380 -> 43, -5, 0.75, 4, -1.5
381 -> 43, -1, 0.25, 3, -2
381 -> 43, -5, 0.25, 1, -1
382 -> 43, -2, 0.25, 3, -1
382 -> 43, -2, 0.25, 2, -1
383 -> 43, -1, 0.75, 1, -2
383 -> 43, -1, 0.75, 1, -1.5
384 -> 43, -1, 0.25, 5, -2
385 -> 43, -1, 0.25, 2, -0.5
388 -> 43, -5, 1.75, 2, -1
389 -> 43, -1, 0.25, 4, -2
389 -> 43, -1, 0.75, 4, -1
391 -> 43, -2, 0.75, 2, -0.5
391 -> 43, -1, 1.25, 1, -0.5
391 -> 43, -1, 0.25, 1, -1.5
392 -> 43, -1, 0.75, 2, -1
392 -> 43, -1, 0.25, 4, -1.5
394 -> 43, -3, 0.25, 2, -1.5
394 -> 43, -1, 0.25, 2, -1
396 -> 43, -4, 0.25, 1, -1
398 -> 43, -3, 0.25, 2, -1
398 -> 43, -1, 0.25, 3, -1.5
398 -> 43, -4, 0.75, 3, -0.5
401 -> 43, -3, 1.25, 2, -0.5
401 -> 43, -1, 0.25, 5, -1
402 -> 43, -1, 0.25, 3, -1
403 -> 43, -2, 0.75, 5, -0.5
403 -> 43, -5, 1.75, 3, -0.5
403 -> 43, -1, 0.25, 3, -0.5
403 -> 43, -2, 0.75, 4, -0.5
404 -> 43, -1, 1.25, 3, -0.5
404 -> 43, -1, 1.25, 2, -0.5
404 -> 43, -2, 1.25, 4, -0.5
404 -> 43, -1, 0.25, 5, -1.5
406 -> 43, -5, 0.25, 4, -1
406 -> 43, -5, 0.25, 5, -1
407 -> 43, -1, 1.75, 1, -0.5
407 -> 43, -1, 0.75, 5, -1
408 -> 43, -1, 0.75, 3, -1
409 -> 43, -1, 0.75, 4, -0.5
409 -> 43, -1, 0.25, 1, -1
411 -> 43, -2, 0.25, 1, -0.5
413 -> 43, -2, 0.75, 3, -0.5
414 -> 43, -5, 1.25, 3, -0.5
421 -> 43, -1, 0.75, 1, -0.5
423 -> 43, -1, 0.75, 5, -0.5
423 -> 43, -1, 0.25, 1, -2
423 -> 43, -1, 0.25, 2, -2
424 -> 43, -1, 1.75, 4, -0.5
427 -> 43, -5, 0.25, 3, -1
434 -> 43, -5, 1.25, 2, -0.5
434 -> 43, -5, 0.25, 5, -1.5
436 -> 43, -1, 0.25, 4, -1
440 -> 43, -1, 0.25, 4, -0.5
441 -> 43, -5, 0.25, 5, -0.5
441 -> 43, -1, 0.25, 5, -0.5
442 -> 43, -4, 1.25, 2, -1.5
443 -> 43, -4, 0.25, 3, -0.5
443 -> 43, -4, 0.25, 4, -0.5
444 -> 43, -4, 0.25, 5, -0.5
444 -> 43, -5, 0.25, 2, -2
445 -> 43, -5, 0.25, 1, -2
446 -> 43, -5, 1.25, 1, -0.5
449 -> 43, -4, 1.75, 2, -0.5
449 -> 43, -4, 1.75, 1, -0.5
450 -> 43, -5, 1.75, 2, -0.5
450 -> 43, -5, 1.75, 1, -0.5
451 -> 43, -3, 1.25, 5, -0.5
458 -> 43, -4, 1.25, 4, -0.5
458 -> 43, -4, 1.25, 5, -0.5
461 -> 43, -3, 0.75, 4, -0.5
463 -> 43, -5, 0.25, 1, -0.5
468 -> 43, -1, 0.25, 1, -0.5
468 -> 43, -3, 0.75, 1, -1.5
469 -> 43, -3, 0.25, 5, -1
469 -> 43, -3, 0.25, 4, -1
469 -> 43, -5, 0.75, 3, -0.5
470 -> 43, -5, 0.75, 2, -0.5
478 -> 43, -5, 1.25, 4, -1.5
478 -> 43, -5, 1.25, 3, -1.5
478 -> 43, -5, 1.25, 5, -1.5
481 -> 43, -3, 0.75, 1, -0.5
483 -> 43, -3, 0.25, 1, -0.5
484 -> 43, -4, 0.75, 1, -0.5
488 -> 43, -3, 1.25, 5, -1
490 -> 43, -4, 1.75, 4, -0.5
490 -> 43, -4, 1.75, 3, -0.5
496 -> 43, -5, 1.25, 5, -1
496 -> 43, -5, 1.25, 4, -1
496 -> 43, -5, 1.25, 3, -1
503 -> 43, -4, 0.75, 5, -0.5
503 -> 43, -4, 0.75, 4, -0.5
505 -> 43, -2, 0.25, 2, -0.5
511 -> 43, -4, 0.75, 2, -0.5
513 -> 43, -2, 0.25, 3, -0.5
513 -> 43, -2, 0.25, 4, -0.5
513 -> 43, -2, 0.25, 5, -0.5
515 -> 43, -2, 0.75, 1, -0.5
516 -> 43, -5, 0.25, 2, -0.5
583 -> 43, -5, 0.75, 1, -0.5
608 -> 43, -4, 1.25, 1, -0.5
665 -> 43, -4, 0.25, 1, -0.5
696 -> 43, -4, 1.75, 5, -0.5
701 -> 43, -5, 1.25, 4, -0.5
701 -> 43, -5, 1.25, 5, -0.5
710 -> 43, -5, 1.75, 5, -0.5
