338 -> 178, -2, 1.25, 2, -0.5
349 -> 178, -5, 1.25, 5, -1
353 -> 178, -2, 1.25, 1, -0.5
353 -> 178, -5, 1.75, 2, -2
354 -> 178, -5, 0.75, 5, -0.5
356 -> 178, -2, 1.75, 3, -1.5
364 -> 178, -5, 1.75, 3, -1
365 -> 178, -3, 1.25, 4, -1
369 -> 178, -5, 1.25, 5, -2
369 -> 178, -5, 1.25, 4, -2
371 -> 178, -4, 0.25, 2, -0.5
373 -> 178, -5, 1.25, 1, -2
375 -> 178, -2, 1.25, 2, -2
379 -> 178, -1, 1.25, 2, -0.5
380 -> 178, -3, 1.25, 5, -1
381 -> 178, -4, 1.75, 5, -1.5
382 -> 178, -2, 0.75, 4, -1.5
383 -> 178, -1, 0.75, 5, -1
383 -> 178, -1, 0.75, 3, -1
383 -> 178, -3, 0.75, 4, -2
383 -> 178, -3, 0.75, 5, -2
384 -> 178, -3, 0.75, 5, -1.5
384 -> 178, -1, 0.75, 1, -1
385 -> 178, -1, 0.75, 4, -1
386 -> 178, -3, 1.25, 5, -1.5
386 -> 178, -3, 1.25, 4, -1.5
389 -> 178, -1, 0.75, 2, -1
389 -> 178, -4, 0.75, 2, -1.5
390 -> 178, -4, 0.75, 3, -1.5
390 -> 178, -4, 0.75, 4, -1.5
390 -> 178, -4, 0.75, 5, -1.5
390 -> 178, -2, 1.25, 1, -2
391 -> 178, -3, 1.75, 3, -2
391 -> 178, -5, 0.75, 4, -2
391 -> 178, -5, 0.75, 5, -2
392 -> 178, -4, 0.75, 1, -1.5
392 -> 178, -3, 1.25, 2, -1
392 -> 178, -1, 1.75, 4, -1.5
394 -> 178, -2, 1.75, 5, -1
394 -> 178, -2, 1.75, 4, -1
394 -> 178, -2, 0.75, 3, -0.5
395 -> 178, -4, 0.25, 5, -2
396 -> 178, -1, 0.25, 2, -0.5
397 -> 178, -3, 1.25, 4, -0.5
397 -> 178, -4, 0.25, 3, -2
397 -> 178, -4, 0.25, 4, -2
398 -> 178, -5, 1.75, 5, -2
400 -> 178, -4, 0.75, 5, -2
400 -> 178, -4, 0.75, 4, -2
400 -> 178, -4, 0.75, 3, -2
400 -> 178, -2, 0.75, 5, -1.5
401 -> 178, -4, 1.75, 5, -2
401 -> 178, -5, 1.25, 2, -2
402 -> 178, -4, 1.75, 1, -1.5
402 -> 178, -2, 1.75, 5, -2
402 -> 178, -2, 1.75, 4, -2
404 -> 178, -3, 0.75, 3, -2
404 -> 178, -3, 1.75, 4, -2
405 -> 178, -1, 1.75, 5, -1.5
405 -> 178, -2, 1.75, 4, -1.5
406 -> 178, -4, 1.25, 5, -2
406 -> 178, -2, 1.25, 3, -1
406 -> 178, -2, 1.25, 4, -1
407 -> 178, -4, 0.75, 1, -2
407 -> 178, -5, 1.75, 5, -1
408 -> 178, -1, 1.25, 5, -0.5
408 -> 178, -5, 1.25, 1, -1.5
410 -> 178, -4, 1.25, 1, -2
411 -> 178, -3, 0.75, 1, -1
411 -> 178, -3, 0.75, 2, -2
411 -> 178, -3, 0.75, 1, -2
412 -> 178, -1, 1.25, 1, -1
412 -> 178, -2, 1.75, 3, -2
412 -> 178, -5, 1.75, 3, -2
413 -> 178, -2, 1.75, 1, -1
413 -> 178, -2, 1.75, 2, -1
414 -> 178, -2, 1.75, 5, -0.5
414 -> 178, -1, 0.25, 4, -0.5
414 -> 178, -5, 0.25, 4, -0.5
414 -> 178, -3, 1.75, 1, -2
414 -> 178, -5, 1.75, 1, -2
416 -> 178, -5, 0.25, 5, -2
416 -> 178, -1, 1.25, 4, -1
416 -> 178, -5, 0.25, 4, -2
416 -> 178, -3, 1.25, 2, -2
416 -> 178, -2, 0.25, 3, -0.5
416 -> 178, -2, 0.25, 4, -0.5
417 -> 178, -3, 1.75, 5, -1.5
417 -> 178, -2, 0.75, 3, -2
417 -> 178, -4, 1.25, 3, -1.5
417 -> 178, -4, 1.75, 2, -1.5
418 -> 178, -2, 1.25, 4, -2
418 -> 178, -1, 0.25, 3, -0.5
418 -> 178, -5, 1.75, 4, -2
418 -> 178, -5, 0.75, 2, -1.5
418 -> 178, -2, 1.25, 5, -2
418 -> 178, -2, 1.25, 3, -2
418 -> 178, -3, 1.75, 2, -2
418 -> 178, -3, 1.75, 3, -1.5
418 -> 178, -5, 0.75, 1, -1.5
418 -> 178, -3, 1.75, 4, -1.5
418 -> 178, -5, 0.75, 1, -1
419 -> 178, -4, 0.75, 5, -1
419 -> 178, -5, 1.75, 5, -1.5
419 -> 178, -5, 1.75, 4, -1.5
419 -> 178, -5, 0.25, 3, -2
419 -> 178, -5, 1.75, 3, -1.5
420 -> 178, -1, 1.75, 1, -0.5
420 -> 178, -3, 1.25, 1, -2
420 -> 178, -1, 1.75, 1, -1
420 -> 178, -1, 1.75, 2, -0.5
421 -> 178, -4, 1.75, 2, -2
422 -> 178, -4, 1.75, 4, -1
422 -> 178, -1, 1.25, 5, -1
422 -> 178, -4, 1.75, 5, -1
422 -> 178, -2, 1.25, 4, -0.5
423 -> 178, -1, 0.75, 5, -2
423 -> 178, -2, 1.25, 5, -1.5
423 -> 178, -2, 1.25, 3, -1.5
423 -> 178, -1, 0.75, 4, -2
423 -> 178, -2, 1.25, 4, -1.5
423 -> 178, -4, 1.75, 2, -1
423 -> 178, -4, 1.75, 3, -1
424 -> 178, -2, 0.75, 3, -1.5
424 -> 178, -2, 0.75, 1, -1.5
424 -> 178, -1, 1.75, 5, -0.5
424 -> 178, -1, 1.25, 3, -0.5
424 -> 178, -2, 0.75, 2, -1.5
425 -> 178, -1, 0.25, 1, -1
425 -> 178, -2, 0.75, 2, -0.5
425 -> 178, -3, 1.75, 5, -2
425 -> 178, -1, 0.25, 2, -1
426 -> 178, -1, 0.25, 5, -0.5
426 -> 178, -2, 1.25, 3, -0.5
426 -> 178, -2, 1.75, 1, -0.5
427 -> 178, -2, 1.75, 5, -1.5
427 -> 178, -4, 0.25, 2, -1.5
427 -> 178, -5, 1.25, 5, -0.5
428 -> 178, -2, 0.75, 4, -0.5
428 -> 178, -3, 0.75, 4, -0.5
428 -> 178, -3, 0.75, 5, -0.5
428 -> 178, -4, 1.25, 5, -1
428 -> 178, -2, 0.75, 5, -0.5
428 -> 178, -4, 0.75, 2, -2
428 -> 178, -5, 1.25, 3, -2
428 -> 178, -1, 0.75, 2, -0.5
428 -> 178, -5, 1.25, 4, -0.5
429 -> 178, -5, 1.25, 4, -1
429 -> 178, -5, 1.25, 3, -1
429 -> 178, -3, 1.75, 1, -1
430 -> 178, -2, 1.25, 2, -1.5
430 -> 178, -4, 0.25, 1, -0.5
430 -> 178, -1, 0.75, 1, -2
430 -> 178, -1, 1.75, 2, -1
430 -> 178, -2, 0.75, 5, -2
430 -> 178, -2, 1.25, 1, -1.5
430 -> 178, -1, 0.75, 2, -2
430 -> 178, -5, 0.75, 1, -0.5
431 -> 178, -1, 1.25, 5, -1.5
431 -> 178, -5, 0.75, 5, -1.5
431 -> 178, -4, 1.25, 4, -1.5
431 -> 178, -4, 1.25, 5, -1.5
431 -> 178, -5, 0.75, 4, -1.5
431 -> 178, -2, 0.25, 5, -0.5
432 -> 178, -1, 0.75, 4, -0.5
433 -> 178, -4, 1.25, 1, -1.5
434 -> 178, -5, 0.25, 5, -0.5
434 -> 178, -1, 0.25, 1, -0.5
434 -> 178, -1, 1.75, 2, -2
434 -> 178, -1, 1.75, 1, -2
435 -> 178, -2, 1.75, 3, -1
435 -> 178, -5, 1.75, 4, -1
435 -> 178, -1, 1.25, 1, -0.5
437 -> 178, -2, 0.75, 2, -2
437 -> 178, -3, 1.75, 2, -1
437 -> 178, -1, 0.25, 1, -2
437 -> 178, -5, 1.75, 2, -1.5
437 -> 178, -5, 1.75, 1, -1.5
439 -> 178, -2, 1.75, 2, -1.5
439 -> 178, -4, 1.75, 3, -2
440 -> 178, -4, 1.75, 4, -1.5
440 -> 178, -4, 0.25, 1, -1.5
440 -> 178, -2, 1.75, 1, -1.5
440 -> 178, -4, 1.25, 1, -1
440 -> 178, -2, 0.75, 4, -2
440 -> 178, -4, 1.75, 3, -1.5
441 -> 178, -4, 0.75, 1, -1
441 -> 178, -1, 0.75, 5, -0.5
442 -> 178, -2, 1.75, 3, -0.5
442 -> 178, -1, 1.75, 5, -1
442 -> 178, -3, 1.25, 2, -1.5
443 -> 178, -1, 0.75, 1, -0.5
443 -> 178, -1, 1.25, 3, -1
444 -> 178, -3, 1.25, 5, -2
444 -> 178, -3, 1.25, 3, -2
444 -> 178, -1, 0.75, 3, -2
444 -> 178, -3, 1.25, 4, -2
444 -> 178, -3, 0.75, 4, -1.5
444 -> 178, -3, 0.75, 3, -1.5
444 -> 178, -4, 1.25, 2, -1.5
444 -> 178, -1, 1.75, 3, -0.5
444 -> 178, -1, 1.75, 4, -0.5
445 -> 178, -2, 1.75, 4, -0.5
446 -> 178, -2, 1.25, 5, -1
446 -> 178, -4, 0.75, 1, -0.5
447 -> 178, -2, 1.75, 2, -2
447 -> 178, -2, 0.75, 1, -2
447 -> 178, -4, 1.75, 1, -2
448 -> 178, -1, 1.75, 3, -2
448 -> 178, -2, 1.25, 5, -0.5
448 -> 178, -1, 1.25, 5, -2
448 -> 178, -1, 1.25, 1, -2
448 -> 178, -1, 1.25, 4, -2
448 -> 178, -1, 1.25, 3, -2
448 -> 178, -1, 1.75, 4, -2
448 -> 178, -1, 1.25, 2, -2
449 -> 178, -4, 1.25, 2, -2
449 -> 178, -4, 1.25, 3, -2
450 -> 178, -3, 1.25, 1, -1.5
450 -> 178, -5, 0.25, 1, -2
450 -> 178, -1, 1.75, 3, -1.5
451 -> 178, -4, 1.75, 4, -2
451 -> 178, -4, 0.25, 1, -2
451 -> 178, -5, 0.25, 2, -2
451 -> 178, -4, 0.25, 2, -2
451 -> 178, -2, 1.75, 2, -0.5
451 -> 178, -5, 1.25, 5, -1.5
452 -> 178, -3, 1.25, 3, -1
452 -> 178, -3, 0.25, 2, -1
452 -> 178, -3, 0.25, 3, -1
452 -> 178, -2, 0.75, 5, -1
452 -> 178, -1, 0.25, 3, -1.5
452 -> 178, -2, 0.75, 4, -1
452 -> 178, -1, 0.25, 4, -1.5
452 -> 178, -1, 0.25, 1, -1.5
452 -> 178, -1, 0.25, 2, -1.5
453 -> 178, -1, 1.25, 4, -0.5
453 -> 178, -5, 0.75, 3, -1.5
453 -> 178, -1, 1.75, 5, -2
454 -> 178, -5, 0.75, 3, -2
454 -> 178, -5, 1.25, 2, -1.5
454 -> 178, -5, 0.75, 2, -2
454 -> 178, -5, 0.75, 1, -2
454 -> 178, -5, 1.25, 3, -1.5
454 -> 178, -3, 1.25, 3, -1.5
454 -> 178, -5, 1.25, 4, -1.5
454 -> 178, -4, 1.25, 4, -2
457 -> 178, -3, 0.75, 5, -1
457 -> 178, -3, 0.75, 2, -1
457 -> 178, -3, 0.75, 3, -1
457 -> 178, -3, 1.75, 1, -1.5
457 -> 178, -3, 0.75, 4, -1
457 -> 178, -3, 1.75, 2, -1.5
458 -> 178, -3, 1.75, 5, -1
458 -> 178, -3, 1.75, 3, -1
458 -> 178, -3, 1.75, 4, -1
459 -> 178, -1, 0.25, 5, -1.5
459 -> 178, -5, 1.75, 2, -1
459 -> 178, -5, 1.25, 3, -0.5
459 -> 178, -5, 1.25, 2, -0.5
460 -> 178, -3, 0.25, 1, -1.5
460 -> 178, -3, 0.25, 2, -1.5
461 -> 178, -2, 0.75, 1, -0.5
461 -> 178, -1, 1.75, 2, -1.5
462 -> 178, -4, 1.25, 3, -1
462 -> 178, -4, 1.25, 4, -1
462 -> 178, -4, 1.25, 2, -1
463 -> 178, -2, 1.25, 1, -1
463 -> 178, -2, 1.25, 2, -1
465 -> 178, -1, 0.25, 3, -2
465 -> 178, -2, 0.25, 2, -2
465 -> 178, -1, 0.25, 5, -2
465 -> 178, -1, 0.25, 4, -2
465 -> 178, -4, 1.25, 4, -0.5
465 -> 178, -2, 0.25, 1, -2
465 -> 178, -1, 0.25, 2, -2
466 -> 178, -4, 0.25, 1, -1
466 -> 178, -1, 0.25, 4, -1
466 -> 178, -3, 0.75, 2, -1.5
466 -> 178, -3, 0.75, 1, -1.5
466 -> 178, -1, 0.25, 5, -1
468 -> 178, -3, 0.25, 5, -1
468 -> 178, -3, 0.25, 4, -1
469 -> 178, -1, 1.25, 2, -1
470 -> 178, -2, 0.25, 4, -2
470 -> 178, -3, 0.25, 5, -0.5
470 -> 178, -3, 0.25, 4, -0.5
470 -> 178, -2, 0.25, 5, -2
470 -> 178, -2, 0.25, 3, -2
470 -> 178, -3, 0.25, 3, -0.5
471 -> 178, -2, 1.75, 1, -2
472 -> 178, -5, 0.25, 1, -0.5
476 -> 178, -5, 0.25, 1, -1.5
477 -> 178, -1, 0.75, 5, -1.5
477 -> 178, -2, 0.25, 2, -1
477 -> 178, -4, 0.25, 5, -1
477 -> 178, -4, 0.25, 4, -1
477 -> 178, -1, 1.75, 3, -1
477 -> 178, -4, 0.25, 3, -1
477 -> 178, -4, 0.25, 2, -1
477 -> 178, -1, 0.75, 4, -1.5
478 -> 178, -4, 1.25, 5, -0.5
478 -> 178, -5, 0.75, 4, -1
478 -> 178, -5, 0.25, 5, -1.5
478 -> 178, -5, 0.25, 4, -1.5
478 -> 178, -5, 0.25, 3, -1.5
478 -> 178, -1, 0.75, 3, -0.5
481 -> 178, -5, 1.75, 1, -1
481 -> 178, -5, 0.75, 4, -0.5
481 -> 178, -5, 0.75, 3, -0.5
483 -> 178, -2, 0.75, 1, -1
483 -> 178, -2, 0.75, 3, -1
483 -> 178, -2, 0.75, 2, -1
484 -> 178, -1, 0.75, 2, -1.5
484 -> 178, -5, 0.75, 2, -1
484 -> 178, -5, 0.75, 3, -1
484 -> 178, -1, 0.75, 1, -1.5
485 -> 178, -2, 0.25, 1, -1.5
485 -> 178, -2, 0.25, 2, -1.5
485 -> 178, -2, 0.25, 3, -1.5
485 -> 178, -2, 0.25, 4, -1.5
487 -> 178, -4, 1.25, 3, -0.5
487 -> 178, -2, 0.25, 5, -1.5
488 -> 178, -2, 0.25, 4, -1
488 -> 178, -2, 0.25, 5, -1
488 -> 178, -2, 0.25, 3, -1
489 -> 178, -1, 1.75, 1, -1.5
489 -> 178, -1, 0.75, 3, -1.5
491 -> 178, -4, 1.75, 1, -1
492 -> 178, -5, 1.25, 2, -1
494 -> 178, -1, 1.25, 1, -1.5
494 -> 178, -1, 1.25, 2, -1.5
494 -> 178, -1, 1.25, 4, -1.5
494 -> 178, -4, 0.25, 3, -0.5
494 -> 178, -1, 1.25, 3, -1.5
498 -> 178, -4, 0.25, 5, -1.5
498 -> 178, -4, 0.25, 4, -1.5
498 -> 178, -5, 0.25, 2, -1
498 -> 178, -5, 0.25, 4, -1
498 -> 178, -4, 0.25, 3, -1.5
498 -> 178, -5, 0.25, 1, -1
498 -> 178, -5, 0.25, 2, -1.5
498 -> 178, -5, 0.25, 5, -1
498 -> 178, -5, 0.25, 3, -1
499 -> 178, -1, 0.25, 3, -1
501 -> 178, -3, 0.25, 4, -1.5
501 -> 178, -3, 0.25, 5, -1.5
501 -> 178, -3, 0.25, 3, -1.5
503 -> 178, -1, 1.75, 4, -1
504 -> 178, -2, 0.25, 1, -0.5
504 -> 178, -2, 0.25, 2, -0.5
505 -> 178, -4, 0.75, 4, -1
506 -> 178, -5, 1.25, 1, -1
509 -> 178, -2, 0.25, 1, -1
510 -> 178, -3, 1.25, 1, -1
510 -> 178, -4, 0.75, 3, -1
510 -> 178, -4, 0.75, 2, -1
518 -> 178, -3, 0.25, 2, -2
518 -> 178, -3, 0.25, 5, -2
518 -> 178, -3, 0.25, 4, -2
518 -> 178, -3, 1.25, 3, -0.5
518 -> 178, -3, 0.25, 3, -2
518 -> 178, -3, 0.25, 1, -2
521 -> 178, -4, 1.25, 2, -0.5
523 -> 178, -5, 0.25, 3, -0.5
523 -> 178, -5, 0.25, 2, -0.5
535 -> 178, -3, 1.75, 3, -0.5
539 -> 178, -3, 1.25, 2, -0.5
541 -> 178, -3, 1.75, 1, -0.5
541 -> 178, -3, 1.75, 2, -0.5
541 -> 178, -3, 1.25, 5, -0.5
542 -> 178, -5, 0.75, 2, -0.5
542 -> 178, -5, 0.75, 5, -1
552 -> 178, -5, 1.75, 1, -0.5
557 -> 178, -4, 0.25, 5, -0.5
557 -> 178, -4, 0.25, 4, -0.5
560 -> 178, -3, 0.25, 1, -1
561 -> 178, -3, 0.75, 1, -0.5
564 -> 178, -3, 0.25, 2, -0.5
564 -> 178, -3, 1.25, 1, -0.5
575 -> 178, -5, 1.75, 3, -0.5
575 -> 178, -5, 1.75, 5, -0.5
575 -> 178, -4, 1.25, 1, -0.5
575 -> 178, -5, 1.75, 2, -0.5
575 -> 178, -5, 1.75, 4, -0.5
579 -> 178, -5, 1.25, 1, -0.5
597 -> 178, -3, 0.75, 3, -0.5
597 -> 178, -3, 0.75, 2, -0.5
611 -> 178, -3, 0.25, 1, -0.5
651 -> 178, -3, 1.75, 5, -0.5
651 -> 178, -3, 1.75, 4, -0.5
660 -> 178, -4, 1.75, 3, -0.5
660 -> 178, -4, 1.75, 2, -0.5
660 -> 178, -4, 1.75, 4, -0.5
660 -> 178, -4, 1.75, 5, -0.5
660 -> 178, -4, 1.75, 1, -0.5
725 -> 178, -4, 0.75, 5, -0.5
725 -> 178, -4, 0.75, 3, -0.5
725 -> 178, -4, 0.75, 2, -0.5
725 -> 178, -4, 0.75, 4, -0.5
