352 -> 390, -3, 1.25, 4, -0.5
355 -> 390, -3, 1.25, 5, -0.5
356 -> 390, -2, 1.75, 2, -0.5
362 -> 390, -2, 1.25, 3, -0.5
365 -> 390, -4, 0.75, 1, -0.5
366 -> 390, -4, 1.75, 2, -1
368 -> 390, -4, 1.25, 1, -1
371 -> 390, -5, 0.25, 1, -0.5
372 -> 390, -2, 1.25, 4, -0.5
372 -> 390, -2, 1.25, 5, -0.5
376 -> 390, -1, 1.75, 1, -1
377 -> 390, -2, 1.75, 3, -1.5
377 -> 390, -4, 1.75, 1, -1
377 -> 390, -2, 1.75, 2, -1.5
377 -> 390, -1, 1.75, 5, -1
378 -> 390, -3, 1.75, 3, -1
379 -> 390, -3, 1.75, 2, -1
383 -> 390, -1, 1.75, 3, -1.5
384 -> 390, -3, 0.75, 2, -0.5
386 -> 390, -5, 1.75, 5, -1
387 -> 390, -1, 1.25, 4, -0.5
387 -> 390, -1, 1.75, 2, -1
389 -> 390, -2, 1.75, 4, -0.5
391 -> 390, -3, 1.75, 3, -0.5
392 -> 390, -3, 1.25, 3, -0.5
393 -> 390, -3, 1.75, 1, -1
394 -> 390, -3, 0.75, 4, -0.5
396 -> 390, -2, 1.75, 1, -1.5
400 -> 390, -3, 1.75, 1, -0.5
400 -> 390, -2, 0.75, 4, -0.5
401 -> 390, -2, 1.75, 3, -1
403 -> 390, -3, 1.75, 5, -1.5
404 -> 390, -2, 0.75, 5, -2
405 -> 390, -4, 0.75, 3, -0.5
408 -> 390, -3, 0.75, 4, -1
408 -> 390, -3, 0.75, 5, -1
410 -> 390, -1, 1.75, 1, -0.5
411 -> 390, -3, 1.75, 2, -0.5
411 -> 390, -1, 0.75, 1, -1
411 -> 390, -1, 1.25, 1, -2
412 -> 390, -1, 1.75, 3, -2
412 -> 390, -4, 1.75, 3, -1
413 -> 390, -5, 1.75, 3, -1
413 -> 390, -2, 0.75, 5, -0.5
413 -> 390, -3, 0.75, 3, -0.5
413 -> 390, -1, 1.25, 3, -0.5
414 -> 390, -2, 0.75, 3, -0.5
414 -> 390, -5, 0.25, 2, -0.5
415 -> 390, -1, 1.75, 2, -1.5
415 -> 390, -1, 1.75, 1, -2
416 -> 390, -2, 0.75, 1, -0.5
416 -> 390, -4, 1.75, 4, -1
416 -> 390, -1, 1.75, 2, -0.5
416 -> 390, -1, 0.75, 2, -1.5
416 -> 390, -1, 1.75, 1, -1.5
417 -> 390, -5, 1.25, 2, -1
417 -> 390, -2, 1.75, 1, -1
418 -> 390, -3, 1.25, 1, -0.5
419 -> 390, -5, 0.75, 1, -0.5
420 -> 390, -5, 1.75, 5, -1.5
420 -> 390, -4, 1.75, 1, -1.5
420 -> 390, -5, 1.75, 4, -1.5
423 -> 390, -4, 1.25, 3, -1
424 -> 390, -1, 0.25, 5, -1.5
424 -> 390, -1, 0.75, 4, -0.5
425 -> 390, -2, 1.75, 2, -2
425 -> 390, -2, 1.75, 3, -2
425 -> 390, -2, 1.75, 1, -2
425 -> 390, -5, 1.25, 1, -1
426 -> 390, -5, 1.75, 2, -0.5
428 -> 390, -5, 1.75, 5, -2
429 -> 390, -3, 1.75, 5, -0.5
429 -> 390, -2, 1.75, 2, -1
429 -> 390, -4, 0.25, 2, -0.5
430 -> 390, -5, 0.75, 2, -0.5
430 -> 390, -5, 1.25, 4, -1.5
430 -> 390, -3, 1.25, 3, -1.5
430 -> 390, -2, 0.25, 2, -1
430 -> 390, -1, 1.75, 5, -1.5
431 -> 390, -1, 1.75, 3, -0.5
431 -> 390, -3, 1.75, 5, -1
431 -> 390, -1, 1.75, 4, -0.5
432 -> 390, -2, 0.25, 1, -1
432 -> 390, -2, 0.75, 1, -1
432 -> 390, -2, 0.75, 2, -0.5
432 -> 390, -1, 1.25, 1, -0.5
432 -> 390, -3, 1.25, 5, -1
433 -> 390, -2, 1.25, 5, -1
433 -> 390, -2, 1.25, 4, -1
434 -> 390, -4, 1.25, 4, -1
434 -> 390, -5, 1.75, 3, -0.5
434 -> 390, -2, 1.75, 3, -0.5
434 -> 390, -5, 0.25, 5, -0.5
435 -> 390, -4, 1.25, 4, -1.5
435 -> 390, -4, 1.25, 3, -1.5
435 -> 390, -2, 0.75, 1, -2
435 -> 390, -2, 1.25, 2, -1
435 -> 390, -3, 0.75, 3, -1
436 -> 390, -3, 1.75, 4, -1
436 -> 390, -1, 1.25, 1, -1.5
436 -> 390, -2, 1.25, 5, -2
437 -> 390, -1, 0.75, 1, -1.5
437 -> 390, -3, 0.25, 4, -2
437 -> 390, -3, 1.25, 1, -2
438 -> 390, -5, 0.25, 3, -0.5
438 -> 390, -1, 0.25, 4, -0.5
438 -> 390, -2, 1.25, 3, -1
438 -> 390, -4, 1.25, 1, -1.5
438 -> 390, -4, 1.25, 2, -1.5
439 -> 390, -3, 0.25, 1, -2
439 -> 390, -1, 0.25, 5, -0.5
439 -> 390, -1, 0.75, 1, -0.5
439 -> 390, -3, 0.25, 2, -2
439 -> 390, -3, 0.25, 3, -2
440 -> 390, -1, 0.75, 4, -1.5
440 -> 390, -1, 0.75, 3, -1.5
440 -> 390, -1, 0.75, 5, -1.5
441 -> 390, -1, 1.25, 3, -1
441 -> 390, -1, 1.25, 2, -1.5
443 -> 390, -5, 1.25, 5, -0.5
443 -> 390, -5, 1.25, 1, -1.5
443 -> 390, -1, 1.75, 2, -2
443 -> 390, -2, 1.75, 5, -1
443 -> 390, -4, 0.25, 2, -1.5
443 -> 390, -4, 0.25, 1, -1.5
443 -> 390, -1, 1.25, 4, -2
443 -> 390, -1, 1.25, 5, -2
444 -> 390, -2, 1.75, 4, -1
444 -> 390, -3, 1.75, 5, -2
444 -> 390, -2, 0.75, 4, -2
446 -> 390, -4, 1.25, 3, -0.5
446 -> 390, -3, 0.75, 3, -1.5
446 -> 390, -4, 1.25, 2, -0.5
446 -> 390, -4, 1.25, 1, -0.5
446 -> 390, -3, 0.25, 4, -0.5
446 -> 390, -1, 0.25, 1, -0.5
446 -> 390, -2, 1.25, 3, -2
446 -> 390, -2, 1.25, 2, -2
447 -> 390, -4, 1.25, 5, -1
448 -> 390, -3, 1.75, 1, -1.5
449 -> 390, -3, 0.75, 5, -2
449 -> 390, -3, 0.75, 2, -2
449 -> 390, -3, 0.75, 3, -2
449 -> 390, -3, 0.75, 4, -2
450 -> 390, -1, 0.75, 2, -1
450 -> 390, -1, 1.75, 5, -2
450 -> 390, -4, 1.25, 5, -1.5
450 -> 390, -2, 0.75, 1, -1.5
450 -> 390, -1, 0.75, 3, -1
450 -> 390, -1, 0.75, 4, -1
450 -> 390, -1, 0.75, 5, -1
450 -> 390, -4, 1.25, 2, -1
451 -> 390, -2, 1.75, 5, -2
451 -> 390, -1, 1.75, 4, -2
451 -> 390, -2, 0.75, 2, -2
451 -> 390, -2, 1.75, 4, -2
451 -> 390, -1, 0.25, 2, -1.5
451 -> 390, -2, 0.75, 3, -2
451 -> 390, -2, 1.25, 1, -2
451 -> 390, -1, 1.25, 3, -1.5
452 -> 390, -5, 1.25, 3, -1.5
452 -> 390, -5, 0.75, 1, -2
453 -> 390, -4, 0.25, 4, -0.5
453 -> 390, -3, 1.25, 3, -1
453 -> 390, -3, 1.25, 4, -1.5
453 -> 390, -3, 1.25, 5, -1.5
453 -> 390, -3, 1.75, 1, -2
453 -> 390, -3, 1.75, 2, -2
453 -> 390, -3, 1.75, 3, -2
453 -> 390, -2, 1.25, 4, -2
453 -> 390, -1, 1.25, 5, -0.5
453 -> 390, -4, 0.25, 1, -0.5
454 -> 390, -1, 0.75, 3, -0.5
454 -> 390, -1, 0.75, 2, -0.5
455 -> 390, -3, 0.75, 1, -1.5
455 -> 390, -2, 1.25, 4, -1.5
455 -> 390, -2, 1.25, 5, -1.5
456 -> 390, -3, 0.25, 5, -2
456 -> 390, -3, 0.75, 1, -0.5
456 -> 390, -5, 0.75, 3, -0.5
456 -> 390, -2, 0.25, 1, -0.5
457 -> 390, -3, 1.25, 2, -1.5
459 -> 390, -2, 0.25, 3, -0.5
459 -> 390, -2, 0.25, 4, -0.5
459 -> 390, -2, 0.25, 5, -0.5
460 -> 390, -4, 1.75, 3, -2
460 -> 390, -3, 1.25, 2, -0.5
460 -> 390, -2, 1.75, 5, -0.5
460 -> 390, -1, 0.25, 1, -1.5
460 -> 390, -1, 1.25, 3, -2
460 -> 390, -1, 1.25, 2, -2
461 -> 390, -1, 1.25, 1, -1
461 -> 390, -4, 0.75, 2, -0.5
462 -> 390, -3, 0.75, 1, -1
462 -> 390, -1, 1.25, 4, -1
462 -> 390, -2, 1.25, 2, -0.5
462 -> 390, -2, 1.25, 1, -0.5
463 -> 390, -1, 1.75, 5, -0.5
463 -> 390, -4, 0.25, 3, -0.5
464 -> 390, -3, 0.75, 5, -1.5
464 -> 390, -1, 0.25, 2, -0.5
464 -> 390, -1, 0.25, 3, -0.5
464 -> 390, -3, 0.75, 4, -1.5
465 -> 390, -1, 1.75, 4, -1
465 -> 390, -1, 1.75, 3, -1
466 -> 390, -5, 0.25, 4, -0.5
466 -> 390, -3, 1.75, 3, -1.5
466 -> 390, -3, 1.25, 4, -1
466 -> 390, -3, 1.75, 2, -1.5
467 -> 390, -4, 1.75, 5, -1.5
467 -> 390, -1, 1.25, 5, -1
467 -> 390, -1, 0.25, 4, -1.5
467 -> 390, -1, 0.25, 3, -1.5
467 -> 390, -4, 1.75, 4, -1.5
468 -> 390, -4, 1.75, 4, -0.5
469 -> 390, -2, 0.25, 5, -1.5
469 -> 390, -5, 1.25, 2, -1.5
471 -> 390, -3, 0.25, 5, -1
471 -> 390, -5, 0.25, 1, -1.5
471 -> 390, -5, 0.25, 2, -1.5
471 -> 390, -5, 0.25, 5, -1.5
471 -> 390, -5, 0.25, 3, -1.5
471 -> 390, -5, 0.25, 4, -1.5
472 -> 390, -3, 1.75, 4, -1.5
472 -> 390, -2, 1.25, 3, -1.5
473 -> 390, -3, 0.25, 4, -1
473 -> 390, -3, 0.25, 2, -1
473 -> 390, -1, 1.25, 5, -1.5
473 -> 390, -1, 1.25, 4, -1.5
473 -> 390, -3, 0.25, 3, -1
473 -> 390, -5, 1.75, 4, -2
474 -> 390, -2, 1.25, 1, -1
475 -> 390, -3, 1.25, 1, -1.5
475 -> 390, -5, 1.75, 2, -1
476 -> 390, -4, 1.25, 5, -2
476 -> 390, -4, 1.25, 4, -2
476 -> 390, -4, 1.25, 3, -2
476 -> 390, -4, 1.25, 2, -2
476 -> 390, -1, 0.25, 1, -2
477 -> 390, -5, 0.75, 4, -0.5
477 -> 390, -5, 0.75, 5, -0.5
478 -> 390, -5, 1.75, 3, -2
478 -> 390, -4, 1.75, 5, -1
478 -> 390, -5, 1.75, 2, -2
479 -> 390, -5, 1.25, 5, -2
479 -> 390, -1, 1.25, 2, -0.5
479 -> 390, -3, 0.25, 1, -1
479 -> 390, -5, 1.25, 4, -2
480 -> 390, -2, 0.25, 3, -1.5
480 -> 390, -4, 1.25, 1, -2
480 -> 390, -2, 0.25, 2, -1.5
480 -> 390, -4, 0.25, 5, -2
480 -> 390, -4, 0.25, 5, -1
480 -> 390, -4, 0.25, 4, -2
480 -> 390, -4, 0.25, 2, -2
480 -> 390, -2, 0.25, 1, -1.5
480 -> 390, -4, 0.25, 1, -2
480 -> 390, -4, 0.25, 3, -2
481 -> 390, -4, 0.25, 4, -1
481 -> 390, -4, 0.25, 3, -1
481 -> 390, -1, 0.25, 3, -2
481 -> 390, -1, 0.25, 4, -2
481 -> 390, -2, 0.25, 1, -2
481 -> 390, -2, 0.25, 3, -2
481 -> 390, -2, 0.25, 4, -2
481 -> 390, -3, 0.75, 2, -1
481 -> 390, -2, 0.25, 2, -2
481 -> 390, -1, 0.25, 5, -2
481 -> 390, -4, 0.25, 2, -1
482 -> 390, -1, 0.75, 5, -0.5
484 -> 390, -1, 0.75, 3, -2
484 -> 390, -1, 0.75, 4, -2
484 -> 390, -1, 0.75, 5, -2
484 -> 390, -1, 0.75, 2, -2
485 -> 390, -4, 1.75, 2, -2
485 -> 390, -5, 1.25, 5, -1
485 -> 390, -5, 1.25, 4, -1
485 -> 390, -2, 0.25, 4, -1.5
486 -> 390, -5, 0.75, 5, -2
486 -> 390, -2, 1.25, 1, -1.5
486 -> 390, -5, 0.75, 4, -2
487 -> 390, -2, 0.75, 5, -1.5
487 -> 390, -3, 1.25, 1, -1
487 -> 390, -2, 0.75, 4, -1.5
487 -> 390, -2, 0.75, 3, -1.5
487 -> 390, -2, 0.75, 2, -1.5
488 -> 390, -4, 0.25, 5, -1.5
488 -> 390, -3, 1.75, 4, -2
489 -> 390, -1, 0.25, 2, -2
489 -> 390, -2, 1.25, 2, -1.5
490 -> 390, -2, 0.75, 5, -1
491 -> 390, -5, 1.25, 4, -0.5
492 -> 390, -2, 0.25, 5, -2
492 -> 390, -4, 1.75, 1, -2
494 -> 390, -3, 0.25, 1, -1.5
494 -> 390, -3, 0.25, 2, -1.5
495 -> 390, -3, 0.75, 5, -0.5
496 -> 390, -5, 1.25, 3, -0.5
496 -> 390, -5, 1.75, 2, -1.5
496 -> 390, -5, 1.75, 3, -1.5
496 -> 390, -2, 0.25, 3, -1
496 -> 390, -2, 0.75, 4, -1
496 -> 390, -2, 0.75, 3, -1
496 -> 390, -2, 1.75, 1, -0.5
497 -> 390, -5, 1.75, 1, -0.5
497 -> 390, -2, 0.25, 4, -1
497 -> 390, -3, 0.75, 2, -1.5
497 -> 390, -2, 0.25, 5, -1
499 -> 390, -3, 1.25, 2, -2
499 -> 390, -3, 1.25, 5, -2
499 -> 390, -5, 1.75, 1, -1
499 -> 390, -3, 1.25, 4, -2
499 -> 390, -3, 1.25, 3, -2
500 -> 390, -4, 1.75, 1, -0.5
500 -> 390, -4, 1.75, 3, -0.5
500 -> 390, -1, 0.25, 5, -1
500 -> 390, -4, 1.75, 2, -0.5
500 -> 390, -1, 0.25, 3, -1
500 -> 390, -1, 0.25, 4, -1
501 -> 390, -3, 0.25, 5, -0.5
501 -> 390, -2, 0.75, 2, -1
503 -> 390, -1, 1.25, 2, -1
503 -> 390, -1, 0.75, 1, -2
505 -> 390, -2, 1.75, 5, -1.5
505 -> 390, -4, 0.25, 5, -0.5
505 -> 390, -2, 1.75, 4, -1.5
506 -> 390, -4, 0.25, 3, -1.5
506 -> 390, -4, 0.25, 4, -1.5
509 -> 390, -5, 1.75, 1, -2
511 -> 390, -5, 1.25, 5, -1.5
514 -> 390, -1, 0.25, 1, -1
514 -> 390, -1, 0.25, 2, -1
514 -> 390, -5, 0.75, 3, -2
516 -> 390, -4, 1.75, 2, -1.5
516 -> 390, -4, 1.75, 3, -1.5
517 -> 390, -4, 0.75, 4, -0.5
517 -> 390, -4, 0.75, 5, -0.5
519 -> 390, -3, 0.25, 4, -1.5
519 -> 390, -3, 0.25, 5, -1.5
519 -> 390, -3, 0.25, 3, -1.5
520 -> 390, -4, 1.75, 4, -2
520 -> 390, -4, 1.75, 5, -2
521 -> 390, -5, 1.25, 3, -1
522 -> 390, -3, 1.75, 4, -0.5
523 -> 390, -4, 0.75, 3, -2
523 -> 390, -4, 0.75, 1, -2
523 -> 390, -5, 0.75, 2, -2
523 -> 390, -4, 0.75, 4, -2
523 -> 390, -4, 0.75, 2, -2
523 -> 390, -4, 0.75, 5, -2
524 -> 390, -3, 1.25, 2, -1
524 -> 390, -3, 0.25, 3, -0.5
524 -> 390, -2, 0.25, 2, -0.5
524 -> 390, -3, 0.25, 2, -0.5
527 -> 390, -5, 0.75, 2, -1.5
527 -> 390, -5, 0.75, 5, -1.5
527 -> 390, -5, 0.75, 4, -1.5
527 -> 390, -5, 0.75, 1, -1.5
527 -> 390, -5, 0.75, 3, -1.5
529 -> 390, -5, 1.25, 3, -2
529 -> 390, -5, 1.25, 2, -2
531 -> 390, -3, 0.75, 1, -2
532 -> 390, -1, 1.75, 4, -1.5
533 -> 390, -4, 0.75, 1, -1
533 -> 390, -5, 1.25, 1, -2
534 -> 390, -5, 1.75, 1, -1.5
535 -> 390, -5, 0.75, 5, -1
535 -> 390, -5, 0.75, 4, -1
535 -> 390, -5, 0.75, 3, -1
535 -> 390, -5, 0.75, 2, -1
537 -> 390, -4, 1.75, 5, -0.5
537 -> 390, -5, 0.75, 1, -1
541 -> 390, -4, 0.25, 1, -1
543 -> 390, -5, 1.75, 5, -0.5
551 -> 390, -5, 1.75, 4, -0.5
557 -> 390, -5, 1.75, 4, -1
562 -> 390, -4, 0.75, 5, -1
562 -> 390, -4, 0.75, 2, -1
562 -> 390, -4, 0.75, 3, -1
562 -> 390, -4, 0.75, 4, -1
563 -> 390, -5, 1.25, 1, -0.5
563 -> 390, -5, 1.25, 2, -0.5
565 -> 390, -3, 0.25, 1, -0.5
575 -> 390, -5, 0.25, 4, -1
575 -> 390, -5, 0.25, 2, -1
575 -> 390, -5, 0.25, 1, -1
575 -> 390, -5, 0.25, 5, -1
575 -> 390, -5, 0.25, 3, -1
576 -> 390, -4, 0.75, 3, -1.5
576 -> 390, -4, 0.75, 1, -1.5
576 -> 390, -4, 0.75, 5, -1.5
576 -> 390, -4, 0.75, 4, -1.5
576 -> 390, -4, 0.75, 2, -1.5
596 -> 390, -5, 0.25, 2, -2
596 -> 390, -5, 0.25, 5, -2
596 -> 390, -5, 0.25, 1, -2
596 -> 390, -5, 0.25, 3, -2
596 -> 390, -5, 0.25, 4, -2
706 -> 390, -4, 1.25, 5, -0.5
706 -> 390, -4, 1.25, 4, -0.5
